
[38;2;15;8;7m  [38;2;57;32;28m    [38;2;5;2;2m  [38;2;23;12;10m  [38;2;52;27;22m██[38;2;23;12;10m  [38;2;57;32;28m                            [38;2;15;8;7m  
[38;2;60;34;29m  [38;2;221;126;109m  [38;2;158;90;77m  [38;2;146;77;64m  [38;2;176;92;77m██[38;2;43;22;19m██[38;2;114;64;55m  [38;2;221;126;109m                            [38;2;60;34;29m  
[38;2;60;34;29m  [38;2;165;94;81m  [38;2;111;58;49m██[38;2;199;105;88m██[38;2;106;57;48m  [38;2;221;126;109m  [38;2;220;126;109m  [38;2;221;126;109m  [38;2;220;126;109m  [38;2;221;126;109m  [38;2;220;126;109m        [38;2;221;126;109m          [38;2;220;126;109m  [38;2;221;126;109m  [38;2;60;34;29m  
[38;2;60;34;29m  [38;2;40;22;19m  [38;2;200;105;88m██[38;2;49;26;21m██[38;2;200;114;98m  [38;2;221;126;109m      [38;2;221;125;109m  [38;2;221;126;108m      [38;2;221;126;109m    [38;2;221;126;108m  [38;2;221;126;109m        [38;2;221;125;109m  [38;2;221;126;109m  [38;2;60;34;29m  
[38;2;0;0;0m  [38;2;163;85;72m██[38;2;176;93;78m██[38;2;81;46;39m  [38;2;144;82;71m  [38;2;88;88;88m██████[38;2;123;84;77m  [38;2;158;90;77m  [38;2;220;126;108m    [38;2;221;126;109m  [38;2;221;126;108m  [38;2;221;126;109m    [38;2;221;126;108m  [38;2;220;126;108m  [38;2;221;126;109m  [38;2;221;126;108m  [38;2;207;118;102m  [38;2;39;22;19m  
[38;2;36;14;10m  [38;2;188;95;79m██[38;2;119;61;55m██[38;2;29;19;18m  [38;2;221;221;221m██[38;2;255;255;255m██████[38;2;233;233;233m██[38;2;186;184;184m  [38;2;168;96;83m  [38;2;221;126;108m  [38;2;221;126;109m    [38;2;220;126;109m  [38;2;221;126;109m      [38;2;220;126;109m  [38;2;98;56;48m  [38;2;55;30;25m  [38;2;47;24;20m██
[38;2;43;18;13m██[38;2;161;66;48m██[38;2;126;65;54m██[38;2;197;166;163m██[38;2;195;127;114m██[38;2;255;255;255m██████████[38;2;125;118;128m██[38;2;156;96;89m  [38;2;215;147;151m            [38;2;129;73;63m  [38;2;155;81;68m██[38;2;163;85;72m██[38;2;0;0;0m  
[38;2;43;18;13m██[38;2;161;65;48m██[38;2;133;127;127m██[38;2;166;80;65m██[38;2;181;86;69m██[38;2;255;255;255m████████[38;2;247;243;248m██[38;2;206;184;216m██[38;2;56;49;59m  [38;2;206;181;218m  [38;2;206;180;218m  [38;2;206;181;218m  [38;2;206;180;218m      [38;2;18;9;7m██[38;2;200;105;88m██[38;2;50;28;24m  [38;2;55;31;27m  
[38;2;24;10;7m  [38;2;148;60;45m██[38;2;128;103;102m██[38;2;178;121;126m██[38;2;193;116;103m██[38;2;255;255;255m████[38;2;172;171;172m██[38;2;194;179;200m██[38;2;207;184;217m████[38;2;149;133;157m██[38;2;168;148;178m  [38;2;206;181;218m    [38;2;206;181;217m  [38;2;206;181;218m  [38;2;93;82;99m  [38;2;159;64;47m██[38;2;174;79;62m██[38;2;40;22;19m  [38;2;60;34;29m  
[38;2;0;0;0m  [38;2;131;54;40m██[38;2;103;42;32m██[38;2;50;56;73m██[38;2;204;180;212m██[38;2;73;72;73m██[38;2;81;87;104m██[38;2;112;135;132m██[38;2;134;127;132m██[38;2;206;183;216m██[38;2;207;184;217m██[38;2;166;149;173m██[38;2;18;17;18m  [38;2;80;70;85m  [38;2;206;181;218m  [38;2;206;181;217m  [38;2;206;181;218m  [38;2;93;82;99m  [38;2;161;65;48m████[38;2;40;22;19m  [38;2;60;34;29m  
[38;2;60;34;29m  [38;2;126;72;62m  [38;2;147;84;72m  [38;2;20;11;9m  [38;2;141;73;65m██[38;2;200;105;88m██[38;2;80;115;109m██[38;2;48;122;111m██[38;2;65;69;69m██[38;2;206;183;216m██[38;2;207;184;216m██[38;2;142;132;146m██[38;2;137;137;137m██[38;2;137;120;145m  [38;2;206;181;218m      [38;2;90;60;64m  [38;2;153;63;46m██[38;2;97;50;42m  [38;2;126;72;62m  [38;2;60;34;29m  
[38;2;60;34;29m  [38;2;221;126;109m    [38;2;207;176;208m  [38;2;90;47;39m██[38;2;200;105;88m██[38;2;161;65;48m████[38;2;99;64;59m██[38;2;206;183;216m██[38;2;206;182;216m██[38;2;103;96;106m██[38;2;206;183;216m██[38;2;74;65;79m  [38;2;206;181;218m  [38;2;112;98;118m  [38;2;0;0;0m██[38;2;123;72;62m██[38;2;18;16;19m  [38;2;215;146;148m  [38;2;221;126;109m  [38;2;60;34;29m  
[38;2;60;34;29m  [38;2;221;126;109m    [38;2;207;176;208m  [38;2;101;89;109m  [38;2;108;62;54m██[38;2;110;64;57m██[38;2;131;120;136m██[38;2;154;139;161m██[38;2;132;120;137m██[38;2;136;124;141m██[38;2;206;183;215m██[38;2;150;136;156m██[38;2;132;125;135m██[38;2;133;133;133m██[38;2;188;188;188m██[38;2;250;250;250m██[38;2;78;78;78m██[38;2;206;181;218m  [38;2;215;146;148m  [38;2;221;126;109m  [38;2;60;34;29m  
[38;2;60;34;29m  [38;2;221;126;109m  [38;2;220;126;109m  [38;2;199;169;199m  [38;2;97;87;102m██[38;2;252;251;253m██[38;2;207;184;216m██[38;2;206;183;216m██[38;2;120;110;124m██[38;2;207;185;217m██[38;2;206;183;216m██[38;2;164;148;171m██[38;2;176;158;184m██[38;2;137;136;138m██[38;2;255;255;255m████████[38;2;18;16;19m  [38;2;215;145;148m  [38;2;221;125;109m  [38;2;60;34;29m  
[38;2;60;34;29m  [38;2;221;126;109m    [38;2;20;15;9m  [38;2;225;214;230m██[38;2;234;224;238m██[38;2;231;220;236m██[38;2;234;224;238m████[38;2;251;249;252m██[38;2;215;195;223m██[38;2;103;96;106m██[38;2;155;140;162m██[38;2;214;194;222m██[38;2;228;215;234m██[38;2;255;255;255m██████[38;2;18;16;19m  [38;2;215;146;148m  [38;2;220;126;109m  [38;2;60;34;29m  
[38;2;60;34;29m  [38;2;221;126;109m  [38;2;221;125;109m  [38;2;207;176;208m  [38;2;114;113;114m██[38;2;212;191;221m██[38;2;255;255;255m████████[38;2;208;193;215m██[38;2;112;103;115m██[38;2;195;174;205m██[38;2;149;135;155m██[38;2;72;69;73m██[38;2;146;146;146m██[38;2;255;255;255m██[38;2;252;251;253m██[38;2;189;168;198m██[38;2;140;80;69m  [38;2;221;126;109m  [38;2;60;34;29m  
[38;2;60;34;29m  [38;2;221;126;109m  [38;2;220;126;109m  [38;2;207;176;208m  [38;2;105;93;111m  [38;2;255;255;255m████████[38;2;249;247;250m██[38;2;108;104;110m██[38;2;182;163;190m██[38;2;117;104;123m██[38;2;129;111;136m██[38;2;67;56;71m██[38;2;82;74;86m  [38;2;225;211;231m██[38;2;215;196;223m██[38;2;199;177;209m██[38;2;100;71;74m  [38;2;221;126;109m  [38;2;60;34;29m  
[38;2;60;34;29m  [38;2;221;126;109m  [38;2;221;126;108m  [38;2;207;175;208m  [38;2;206;181;218m  [38;2;0;0;0m██[38;2;217;205;223m██[38;2;249;246;250m██[38;2;250;249;251m██[38;2;170;152;177m██[38;2;172;154;179m██[38;2;169;155;176m██[38;2;32;29;33m  [38;2;138;117;146m██[38;2;31;26;33m██[38;2;191;168;202m  [38;2;26;23;28m  [38;2;112;100;118m██[38;2;210;190;218m██[38;2;83;68;77m  [38;2;221;126;109m  [38;2;60;34;29m  
[38;2;60;34;29m  [38;2;221;126;109m    [38;2;207;176;208m  [38;2;206;181;218m  [38;2;0;0;0m██[38;2;133;121;138m██[38;2;209;187;219m██[38;2;212;192;221m██[38;2;39;37;39m██[38;2;203;194;206m██[38;2;230;230;230m██[38;2;88;81;92m  [38;2;81;72;84m██[38;2;149;126;159m██[38;2;93;82;99m  [38;2;206;181;218m  [38;2;130;125;132m██[38;2;231;231;231m██[38;2;140;80;69m  [38;2;221;126;109m  [38;2;60;34;29m  
[38;2;60;34;29m  [38;2;221;126;109m  [38;2;221;125;109m  [38;2;207;175;208m  [38;2;109;96;115m  [38;2;206;183;216m██[38;2;192;171;201m██[38;2;64;61;63m██[38;2;84;75;89m  [38;2;147;130;155m  [38;2;197;197;197m██[38;2;245;245;245m  [38;2;107;93;91m██[38;2;152;121;148m██[38;2;13;11;14m██[38;2;189;166;200m  [38;2;14;14;14m██[38;2;237;237;237m██[38;2;201;201;201m██[38;2;140;80;69m  [38;2;220;126;108m  [38;2;60;34;29m  
[38;2;60;34;29m  [38;2;221;126;109m    [38;2;77;61;70m  [38;2;110;70;68m██[38;2;206;183;216m██[38;2;59;56;61m██[38;2;130;114;137m  [38;2;39;35;42m  [38;2;167;167;167m██[38;2;122;122;122m██[38;2;203;202;204m██[38;2;89;65;62m██[38;2;48;27;27m██[38;2;134;118;142m  [38;2;97;63;64m  [38;2;118;52;40m██[38;2;116;86;81m██[38;2;71;64;64m██[38;2;93;50;43m  [38;2;221;126;109m  [38;2;60;34;29m  
[38;2;60;34;29m  [38;2;221;126;109m    [38;2;63;36;31m  [38;2;90;40;31m  [38;2;48;27;23m  [38;2;83;38;30m  [38;2;14;5;4m██[38;2;175;93;79m██[38;2;101;84;81m██[38;2;168;88;74m██[38;2;90;64;65m██[38;2;35;18;15m██[38;2;221;126;109m    [38;2;142;81;70m  [38;2;48;27;23m  [38;2;142;81;70m  [38;2;48;27;23m  [38;2;158;90;77m  [38;2;221;126;109m  [38;2;60;34;29m  
[38;2;15;8;7m  [38;2;57;32;28m      [38;2;26;14;12m  [38;2;57;32;28m  [38;2;31;17;15m  [38;2;3;1;1m  [38;2;15;6;4m  [38;2;23;18;18m██[38;2;14;7;6m    [38;2;9;4;4m  [38;2;57;32;28m                [38;2;15;8;7m  [0m
