
[38;2;0;0;0m    [38;2;1;14;11m    [38;2;0;0;0m                                        
[38;2;0;0;0m    [38;2;5;56;44m██[38;2;18;187;149m██[38;2;0;0;0m                                        
[38;2;0;0;0m    [38;2;6;19;13m  [38;2;25;153;125m██[38;2;103;122;126m██[38;2;15;18;19m  [38;2;0;0;0m                            [38;2;1;16;13m  [38;2;6;67;53m██[38;2;22;224;179m██[38;2;5;56;44m██
[38;2;0;0;0m    [38;2;13;23;21m██[38;2;135;152;147m██[38;2;167;149;136m██[38;2;182;180;179m██[38;2;0;0;0m                    [38;2;91;92;92m██  [38;2;44;42;39m  [38;2;19;141;114m  [38;2;19;192;158m██[38;2;22;223;179m██[38;2;17;178;142m██[38;2;0;10;8m  
[38;2;0;0;0m      [38;2;36;88;76m██[38;2;73;99;83m██[38;2;89;87;86m██[38;2;118;113;107m██[38;2;179;133;66m██[38;2;0;0;0m          [38;2;2;1;0m  [38;2;70;57;38m██[38;2;191;166;155m██[38;2;129;107;97m██[38;2;118;100;86m██[38;2;126;146;143m██[38;2;24;199;164m██[38;2;19;187;155m██[38;2;3;37;30m  [38;2;0;0;0m    
[38;2;0;0;0m      [38;2;2;23;18m  [38;2;103;118;98m██[38;2;193;142;70m██[38;2;199;149;78m██[38;2;216;160;81m██[38;2;0;0;0m          [38;2;6;3;0m  [38;2;153;126;85m██[38;2;192;118;85m██[38;2;228;123;77m██[38;2;123;89;79m██[38;2;25;194;170m██[38;2;20;186;146m██[38;2;22;210;174m██[38;2;5;48;39m  [38;2;0;0;0m    
[38;2;0;0;0m        [38;2;24;52;72m██[38;2;43;93;119m██[38;2;75;95;95m██[38;2;40;36;18m██[38;2;0;0;0m          [38;2;118;95;64m  [38;2;245;197;129m██[38;2;144;117;78m██[38;2;130;112;85m██[38;2;191;155;105m██[38;2;117;129;96m██[38;2;25;208;168m██[38;2;23;223;183m██[38;2;22;223;180m██[38;2;13;138;110m██[38;2;3;34;27m  
[38;2;0;0;0m    [38;2;9;41;57m  [38;2;36;166;229m██[38;2;29;157;223m██[38;2;19;133;198m██[38;2;20;129;191m██[38;2;19;121;179m██[38;2;0;0;0m            [38;2;82;66;43m██[38;2;250;200;130m██[38;2;253;201;129m██[38;2;223;157;70m██[38;2;82;139;130m██[38;2;21;180;141m██[38;2;13;128;111m██[38;2;2;24;17m██[38;2;0;0;0m    
[38;2;0;0;0m  [38;2;5;34;50m  [38;2;35;176;248m██[38;2;31;166;234m██[38;2;61;146;190m██[38;2;137;150;157m██[38;2;119;138;148m██[38;2;21;99;142m██[38;2;16;112;165m██[38;2;3;20;18m  [38;2;50;61;45m  [38;2;56;45;27m  [38;2;0;0;0m  [38;2;5;2;0m  [38;2;144;116;74m██[38;2;255;204;134m██[38;2;124;127;100m██[38;2;56;142;127m██[38;2;19;192;151m██[38;2;23;223;183m██[38;2;24;226;186m██[38;2;22;224;180m██[38;2;6;70;56m  [38;2;0;0;0m  
[38;2;0;0;0m  [38;2;17;108;155m██[38;2;19;121;177m██[38;2;18;119;175m██[38;2;198;206;210m██[38;2;208;214;217m██[38;2;211;213;213m██[38;2;187;113;80m██[38;2;170;131;116m██[38;2;78;123;117m██[38;2;89;90;73m██[38;2;229;185;116m██[38;2;151;112;55m  [38;2;124;99;61m  [38;2;198;159;100m██[38;2;255;204;134m██[38;2;172;129;63m██[38;2;37;194;165m██[38;2;22;209;169m██[38;2;19;169;130m██[38;2;13;124;108m██[38;2;1;15;10m██[38;2;0;10;8m  [38;2;0;0;0m  
[38;2;4;31;46m██[38;2;20;137;205m██[38;2;19;132;197m██[38;2;90;113;132m██[38;2;187;162;149m██[38;2;148;143;141m██[38;2;158;133;122m██[38;2;165;107;81m██[38;2;238;139;89m██[38;2;145;107;93m██[38;2;122;117;101m██[38;2;255;204;134m██[38;2;193;146;80m██[38;2;205;152;76m██[38;2;162;126;74m██[38;2;101;88;68m██[38;2;37;126;101m██[38;2;33;132;111m██[38;2;19;194;161m██[38;2;22;216;176m██[38;2;7;77;61m  [38;2;0;0;0m      
[38;2;3;26;39m██[38;2;17;84;116m██[38;2;75;119;142m██[38;2;110;89;76m██[38;2;66;66;66m██[38;2;161;90;78m██[38;2;102;79;65m██[38;2;219;124;68m██[38;2;204;110;62m██[38;2;101;77;64m██[38;2;252;204;138m██[38;2;255;205;138m██[38;2;164;120;57m██[38;2;100;88;70m██[38;2;31;141;110m████[38;2;19;168;127m██[38;2;19;167;126m██[38;2;63;67;66m██[38;2;16;20;19m██[38;2;0;3;2m██[38;2;0;0;0m      
[38;2;0;0;0m  [38;2;3;0;0m  [38;2;11;10;8m  [38;2;101;73;66m██[38;2;169;128;135m██[38;2;130;85;69m██[38;2;73;37;31m  [38;2;82;46;25m  [38;2;134;87;63m██[38;2;153;122;90m██[38;2;241;192;124m██[38;2;202;156;91m██[38;2;195;148;82m██[38;2;150;116;69m██[38;2;36;129;100m██[38;2;35;130;103m██[38;2;48;113;82m██[38;2;13;94;69m██[38;2;7;63;47m██[38;2;0;0;0m          
[38;2;0;0;0m              [38;2;161;119;59m██[38;2;253;204;137m██[38;2;253;203;134m██[38;2;229;179;112m██[38;2;190;143;76m██[38;2;196;144;71m██[38;2;143;110;63m██[38;2;177;134;74m██[38;2;67;66;65m██[38;2;39;116;71m  [38;2;3;1;0m  [38;2;0;0;0m            
[38;2;0;0;0m              [38;2;74;54;27m  [38;2;191;143;74m██[38;2;133;108;71m██[38;2;220;171;101m██[38;2;153;120;73m██[38;2;217;171;107m██[38;2;255;206;139m██[38;2;199;152;88m██[38;2;207;151;74m██[38;2;87;64;31m      [38;2;0;0;0m          
[38;2;0;0;0m            [38;2;5;3;2m  [38;2;69;52;45m██[38;2;63;65;66m██[38;2;27;78;108m██[38;2;79;80;80m██[38;2;187;116;84m██[38;2;111;99;82m██[38;2;106;100;87m██[38;2;107;100;84m██[38;2;164;132;85m██[38;2;215;158;78m██[38;2;214;158;78m██[38;2;9;7;3m  [38;2;0;0;0m          
[38;2;0;0;0m            [38;2;33;28;26m██[38;2;163;149;143m██[38;2;123;87;72m██[38;2;72;72;73m██[38;2;192;135;109m██[38;2;126;108;100m██[38;2;195;169;146m██[38;2;38;120;169m██[38;2;73;102;111m██[38;2;194;147;81m██[38;2;208;153;75m██[38;2;179;130;61m██[38;2;67;50;24m  [38;2;0;0;0m          
[38;2;0;0;0m              [38;2;127;128;127m  [38;2;46;29;20m  [38;2;99;79;62m██[38;2;151;127;112m  [38;2;74;60;53m  [38;2;165;115;91m██[38;2;89;77;71m██[38;2;31;122;174m██[38;2;60;72;69m██[38;2;49;47;28m██[38;2;48;35;17m  [38;2;0;0;0m            
[38;2;0;0;0m                  [38;2;5;47;36m  [38;2;0;0;0m    [38;2;92;53;35m██[38;2;60;91;105m██[38;2;26;109;146m██[38;2;29;71;49m██[38;2;19;184;154m██[38;2;3;35;28m  [38;2;0;0;0m            
[38;2;0;0;0m                      [38;2;21;11;6m  [38;2;204;109;62m██[38;2;125;78;56m██[38;2;59;74;62m██[38;2;17;160;131m██[38;2;2;23;18m██[38;2;0;0;0m              
[38;2;0;0;0m                [38;2;3;27;20m  [38;2;12;111;83m██[38;2;14;10;8m  [38;2;153;94;65m██[38;2;69;37;21m██[38;2;62;38;26m██[38;2;0;3;4m  [38;2;6;60;44m  [38;2;5;57;45m  [38;2;0;0;0m              
[38;2;0;0;0m                [38;2;0;10;8m  [38;2;15;144;108m██[38;2;33;148;115m██[38;2;21;50;45m██[38;2;0;0;0m                        
[38;2;0;0;0m              [38;2;11;117;93m  [38;2;13;134;107m██[38;2;38;100;84m██[38;2;29;181;143m██[38;2;26;173;149m██[38;2;0;0;0m                        
[38;2;0;0;0m                    [38;2;28;180;146m██[38;2;12;12;12m  [38;2;0;0;0m                        
[38;2;0;0;0m                    [38;2;4;43;34m  [38;2;0;0;0m                          [0m
