
[38;2;0;0;0m            [38;2;34;34;34m██[38;2;0;0;0m                    
[38;2;0;0;0m          [38;2;168;168;166m  [38;2;131;131;130m██[38;2;0;0;0m                    
[38;2;0;0;0m    [38;2;76;76;75m██[38;2;51;51;51m██[38;2;55;55;55m  [38;2;221;221;219m██[38;2;132;131;131m██[38;2;71;71;71m██[38;2;200;200;199m██[38;2;21;21;21m  [38;2;65;65;65m        [38;2;21;21;21m  [38;2;0;0;0m    
[38;2;0;0;0m    [38;2;76;76;75m██[38;2;91;90;90m██[38;2;210;210;208m██[38;2;107;107;107m██[38;2;206;206;204m██[38;2;235;235;233m██[38;2;148;148;147m██[38;2;11;11;11m  [38;2;41;41;41m  [38;2;65;65;65m      [38;2;21;21;21m  [38;2;0;0;0m    
[38;2;0;0;0m    [38;2;155;155;153m██[38;2;232;232;230m██[38;2;195;193;187m██[38;2;215;214;210m██[38;2;185;184;180m██[38;2;126;126;125m██[38;2;180;180;179m██[38;2;233;233;231m██[38;2;80;80;80m  [38;2;65;65;65m      [38;2;21;21;21m  [38;2;0;0;0m    
[38;2;0;0;0m    [38;2;75;75;72m██[38;2;177;175;167m██[38;2;173;171;162m██[38;2;170;168;159m██[38;2;194;193;187m██[38;2;179;177;170m██[38;2;162;161;160m██[38;2;31;31;31m  [38;2;62;61;62m  [38;2;65;65;65m      [38;2;21;21;21m  [38;2;0;0;0m    
[38;2;0;0;0m    [38;2;40;39;38m  [38;2;155;153;145m██[38;2;159;157;148m██[38;2;77;76;80m██[38;2;142;140;133m██[38;2;174;156;188m██[38;2;206;200;213m██[38;2;131;130;130m██[38;2;63;62;62m  [38;2;65;65;65m      [38;2;21;21;21m  [38;2;0;0;0m    
[38;2;0;0;0m    [38;2;54;53;50m  [38;2;167;165;156m██[38;2;77;73;69m██[38;2;146;144;138m██[38;2;154;153;144m██[38;2;180;139;233m██[38;2;117;98;117m██[38;2;20;20;20m██[38;2;42;42;42m  [38;2;65;65;65m      [38;2;21;21;21m  [38;2;0;0;0m    
[38;2;44;44;42m  [38;2;117;112;108m██[38;2;167;165;156m██[38;2;131;129;124m██[38;2;152;150;143m██[38;2;102;94;141m██[38;2;129;116;140m██[38;2;126;124;119m██[38;2;32;32;32m  [38;2;65;65;65m          [38;2;21;21;21m  [38;2;0;0;0m    
[38;2;1;1;1m  [38;2;197;194;197m██[38;2;59;59;55m██[38;2;27;27;25m██[38;2;111;88;139m██[38;2;107;74;149m██[38;2;124;122;118m██[38;2;113;110;104m██[38;2;40;41;40m  [38;2;2;2;2m  [38;2;38;37;38m  [38;2;65;65;65m      [38;2;21;21;21m  [38;2;0;0;0m    
[38;2;32;32;32m  [38;2;227;225;227m██[38;2;112;111;112m██[38;2;29;28;29m  [38;2;98;71;133m██[38;2;134;116;156m██[38;2;117;116;111m██[38;2;141;139;131m██[38;2;142;143;141m██[38;2;255;255;255m██[38;2;180;180;180m██[38;2;114;114;114m  [38;2;53;53;53m  [38;2;65;65;65m  [38;2;21;21;21m  [38;2;0;0;0m    
[38;2;0;0;0m  [38;2;202;202;202m██[38;2;21;21;21m  [38;2;9;9;9m  [38;2;145;143;134m██[38;2;71;71;70m██[38;2;155;155;153m██[38;2;65;65;65m██[38;2;145;145;143m██[38;2;255;255;255m██████[38;2;97;97;97m██[38;2;65;65;65m  [38;2;21;21;21m  [38;2;0;0;0m    
[38;2;0;0;0m    [38;2;32;32;32m  [38;2;120;124;126m██[38;2;195;203;205m██[38;2;245;246;246m██[38;2;255;255;255m██[38;2;232;238;240m██[38;2;230;237;239m██[38;2;210;222;225m██[38;2;210;222;226m██[38;2;232;238;240m██[38;2;169;171;171m██[38;2;36;36;36m  [38;2;21;21;21m  [38;2;0;0;0m    
[38;2;0;0;0m  [38;2;5;5;5m  [38;2;170;168;159m██[38;2;170;167;159m██[38;2;119;127;129m██[38;2;205;227;232m██[38;2;143;155;158m██[38;2;70;69;70m██[38;2;203;225;230m██[38;2;161;195;201m██[38;2;113;152;155m██[38;2;201;219;224m██[38;2;210;222;226m██[38;2;9;9;9m  [38;2;21;21;21m  [38;2;0;0;0m    
[38;2;17;17;16m  [38;2;148;146;138m██[38;2;130;128;123m██[38;2;119;118;114m██[38;2;132;155;159m██[38;2;111;120;122m██[38;2;144;142;136m  [38;2;170;168;159m██[38;2;115;118;117m██[38;2;158;199;204m██[38;2;139;173;177m██[38;2;123;160;164m██[38;2;132;160;163m██[38;2;9;9;9m  [38;2;21;21;21m  [38;2;26;35;41m██[38;2;0;0;0m  
[38;2;28;27;25m  [38;2;156;154;146m██[38;2;90;89;87m██[38;2;74;73;72m██[38;2;75;98;100m██[38;2;158;159;151m██[38;2;164;162;154m██[38;2;161;159;151m██[38;2;117;116;112m██[38;2;88;124;126m██[38;2;129;141;150m██[38;2;153;188;194m██[38;2;151;184;190m██[38;2;4;4;4m  [38;2;39;52;62m██[38;2;47;62;74m██[38;2;1;1;1m  
[38;2;0;0;0m  [38;2;52;52;49m  [38;2;40;39;40m  [38;2;5;5;5m  [38;2;156;150;158m██[38;2;160;158;150m██[38;2;111;110;107m██[38;2;69;68;68m██[38;2;117;116;112m██[38;2;212;203;215m██[38;2;161;143;162m██[38;2;112;121;132m██[38;2;50;81;83m██[38;2;27;27;27m  [38;2;55;59;64m██[38;2;70;75;83m██[38;2;30;29;31m██
[38;2;0;0;0m    [38;2;63;62;63m  [38;2;57;56;57m  [38;2;86;78;85m██[38;2;95;92;96m██[38;2;117;117;114m██[38;2;87;87;88m██[38;2;149;143;150m██[38;2;168;151;170m██[38;2;138;123;138m██[38;2;140;123;141m██[38;2;140;123;140m██[38;2;140;123;141m██[38;2;139;122;141m██[38;2;95;84;97m  [38;2;0;0;0m  
[38;2;0;0;0m    [38;2;26;31;34m  [38;2;74;87;95m██[38;2;74;88;99m██[38;2;196;186;200m██[38;2;187;178;188m██[38;2;211;208;216m██[38;2;161;154;163m██[38;2;71;87;99m██[38;2;82;86;95m██[38;2;139;121;141m██[38;2;139;123;141m██[38;2;126;111;127m██[38;2;48;42;49m██[38;2;64;73;79m  [38;2;0;0;0m  
[38;2;0;0;0m    [38;2;169;179;186m██[38;2;61;78;90m██[38;2;72;94;110m██[38;2;15;16;17m  [38;2;75;68;76m  [38;2;156;141;157m██[38;2;122;116;123m██[38;2;87;114;133m██[38;2;85;108;125m██[38;2;50;49;50m  [38;2;11;11;11m  [38;2;19;19;19m  [38;2;105;117;125m  [38;2;99;112;122m  [38;2;0;0;0m  
[38;2;0;0;0m    [38;2;86;98;107m      [38;2;105;116;125m  [38;2;98;109;118m  [38;2;86;98;107m  [38;2;80;85;93m██[38;2;99;127;147m██[38;2;111;138;158m██[38;2;9;10;11m  [38;2;107;118;127m    [38;2;119;134;145m  [38;2;99;112;122m  [38;2;0;0;0m  
[38;2;0;0;0m    [38;2;97;111;120m          [38;2;2;3;3m  [38;2;227;227;227m██[38;2;255;255;255m██[38;2;179;195;206m██[38;2;8;9;10m  [38;2;97;111;120m      [38;2;77;88;95m  [38;2;0;0;0m  
[38;2;0;0;0m                [38;2;33;33;33m  [38;2;66;66;66m██[38;2;29;29;29m  [38;2;0;0;0m            [0m
