
[38;2;16;13;12m  [38;2;65;52;49m          [38;2;0;0;0m  [38;2;49;41;38m  [38;2;66;55;50m████[38;2;0;0;0m  [38;2;49;39;37m  [38;2;65;52;49m      [38;2;16;13;12m  
[38;2;60;48;45m  [38;2;242;194;181m        [38;2;93;74;69m  [38;2;199;166;152m██[38;2;231;194;178m██[38;2;242;204;186m██[38;2;247;204;185m██[38;2;107;76;62m██[38;2;67;50;44m  [38;2;242;194;181m      [38;2;60;48;45m  
[38;2;60;48;45m  [38;2;242;194;181m      [38;2;181;145;135m  [38;2;178;147;132m██[38;2;242;204;186m██[38;2;242;204;187m██[38;2;236;196;177m██[38;2;147;114;98m██[38;2;166;121;100m██[38;2;42;29;23m██[38;2;242;194;181m      [38;2;60;48;45m  
[38;2;60;48;45m  [38;2;242;194;181m      [38;2;68;54;48m  [38;2;221;178;157m██[38;2;228;185;163m████[38;2;197;163;146m██[38;2;151;111;94m██[38;2;170;117;94m██[38;2;158;109;88m██[38;2;76;61;57m  [38;2;242;194;181m    [38;2;60;48;45m  
[38;2;60;48;45m  [38;2;242;194;181m      [38;2;23;24;23m██[38;2;195;160;143m██[38;2;228;182;160m██[38;2;182;153;138m██[38;2;110;105;103m██[38;2;167;121;101m██[38;2;171;117;94m████[38;2;60;48;45m  [38;2;242;194;181m    [38;2;60;48;45m  
[38;2;60;48;45m  [38;2;242;194;181m      [38;2;27;23;21m██[38;2;99;95;93m██[38;2;194;161;144m██[38;2;96;96;96m██[38;2;227;183;161m██[38;2;143;113;97m██[38;2;171;117;94m████[38;2;60;48;45m  [38;2;242;194;181m    [38;2;60;48;45m  
[38;2;60;48;45m  [38;2;242;194;181m      [38;2;54;45;42m██[38;2;179;153;140m██[38;2;113;107;104m██[38;2;212;173;153m██[38;2;140;125;118m██[38;2;156;129;116m██[38;2;153;113;95m██[38;2;202;151;129m██[38;2;141;110;96m██[38;2;181;145;135m  [38;2;242;194;181m  [38;2;60;48;45m  
[38;2;60;48;45m  [38;2;242;194;181m      [38;2;27;23;21m██[38;2;197;160;141m██[38;2;128;117;112m████[38;2;137;123;116m██[38;2;227;182;160m██[38;2;204;161;140m██[38;2;153;110;93m██[38;2;173;131;113m██[38;2;170;136;127m  [38;2;242;194;181m  [38;2;60;48;45m  
[38;2;60;48;45m  [38;2;242;194;181m    [38;2;126;101;94m  [38;2;130;111;104m██[38;2;197;160;142m██[38;2;128;117;112m████[38;2;206;169;150m██[38;2;207;168;149m██[38;2;228;182;160m██[38;2;196;157;138m████[38;2;165;133;117m██[38;2;87;70;65m  [38;2;21;17;16m  
[38;2;60;48;45m  [38;2;209;167;156m  [38;2;174;139;128m  [38;2;180;145;128m██[38;2;128;121;115m██[38;2;221;186;170m██[38;2;152;137;128m██[38;2;132;122;116m██[38;2;192;163;149m██[38;2;185;155;140m██[38;2;227;182;160m██[38;2;229;181;159m██[38;2;229;182;159m██[38;2;227;182;160m██[38;2;206;166;145m██[38;2;51;41;36m██
[38;2;60;48;45m    [38;2;152;111;92m██[38;2;146;116;99m██[38;2;212;181;166m██[38;2;212;180;166m██[38;2;243;204;186m██[38;2;213;181;166m██[38;2;245;205;186m██[38;2;214;182;167m██[38;2;237;193;174m██[38;2;169;133;115m██[38;2;146;115;99m██[38;2;145;110;92m██[38;2;124;90;73m██[38;2;7;6;5m  
[38;2;60;48;45m  [38;2;241;194;180m  [38;2;80;60;54m  [38;2;159;109;87m██[38;2;87;117;117m██[38;2;70;93;88m██[38;2;86;109;105m██[38;2;131;97;80m██[38;2;86;117;119m██[38;2;75;89;87m██[38;2;81;149;166m██[38;2;114;130;115m██[38;2;159;109;87m██[38;2;124;87;69m██[38;2;110;90;82m  [38;2;60;48;45m  
[38;2;60;48;45m  [38;2;242;194;180m  [38;2;230;185;172m  [38;2;72;55;49m  [38;2;26;55;61m██[38;2;96;187;194m██[38;2;103;202;212m██[38;2;82;118;138m██[38;2;108;203;226m██[38;2;98;207;214m██[38;2;103;221;227m██[38;2;73;158;177m██[38;2;72;55;49m  [38;2;197;158;148m  [38;2;242;194;181m  [38;2;60;48;45m  
[38;2;60;48;45m  [38;2;242;194;181m      [38;2;203;163;152m  [38;2;87;70;65m  [38;2;63;81;92m██[38;2;132;98;84m██[38;2;64;98;117m████[38;2;79;71;70m██[38;2;86;67;63m██[38;2;176;141;131m  [38;2;242;194;181m    [38;2;60;48;45m  
[38;2;60;48;45m  [38;2;242;194;181m  [38;2;21;17;16m    [38;2;242;194;181m    [38;2;44;37;33m██[38;2;94;86;83m██[38;2;160;113;92m██[38;2;89;77;72m██[38;2;233;196;175m██[38;2;119;100;90m██[38;2;58;47;42m  [38;2;21;18;18m  [38;2;76;61;57m  [38;2;60;48;45m  
[38;2;22;10;27m  [38;2;61;39;50m██[38;2;184;154;136m██[38;2;170;192;190m██[38;2;104;82;72m██[38;2;56;44;37m██[38;2;135;100;85m██[38;2;137;117;103m██[38;2;113;89;79m██[38;2;159;131;116m██[38;2;93;81;75m██[38;2;102;90;84m██[38;2;124;91;76m██[38;2;146;88;129m██[38;2;157;125;109m██[38;2;25;20;18m  
[38;2;38;12;50m██[38;2;124;75;100m██[38;2;101;106;101m██[38;2;33;134;156m██[38;2;229;182;160m██[38;2;239;182;160m██[38;2;12;9;6m██[38;2;177;155;140m██[38;2;209;156;138m██[38;2;243;195;172m██[38;2;170;136;120m██[38;2;71;158;168m██[38;2;115;88;73m████[38;2;143;111;95m██[38;2;56;45;40m██
[38;2;12;10;8m  [38;2;145;121;76m██[38;2;124;93;78m██[38;2;164;114;92m██[38;2;77;53;43m██[38;2;118;92;84m  [38;2;119;96;89m  [38;2;170;140;127m██[38;2;224;179;157m██[38;2;225;181;161m██[38;2;200;157;139m██[38;2;106;89;81m██[38;2;152;116;86m██[38;2;153;115;87m██[38;2;147;101;81m██[38;2;19;13;10m  
[38;2;60;48;45m  [38;2;76;61;57m  [38;2;21;17;16m    [38;2;242;194;181m  [38;2;225;180;168m  [38;2;42;32;27m██[38;2;190;143;123m██[38;2;212;172;152m██[38;2;212;161;140m██[38;2;221;167;145m██[38;2;229;182;159m██[38;2;82;70;66m██[38;2;33;27;26m  [38;2;76;61;57m  [38;2;60;48;45m  
[38;2;60;48;45m  [38;2;242;194;181m        [38;2;60;48;45m  [38;2;155;110;89m██[38;2;121;94;80m██[38;2;115;90;79m██[38;2;117;90;77m██[38;2;106;88;81m██[38;2;176;132;113m██[38;2;169;125;106m██[38;2;93;72;65m  [38;2;242;194;181m  [38;2;60;48;45m  
[38;2;60;48;45m  [38;2;242;194;181m          [38;2;43;36;34m  [38;2;58;47;42m  [38;2;128;94;79m██[38;2;159;118;101m██[38;2;169;121;100m██[38;2;67;50;49m  [38;2;43;35;32m  [38;2;192;154;143m  [38;2;242;194;181m  [38;2;60;48;45m  
[38;2;16;13;12m  [38;2;66;52;49m            [38;2;16;13;12m  [38;2;15;12;10m  [38;2;61;49;43m██[38;2;46;37;32m  [38;2;49;39;37m  [38;2;66;52;49m      [38;2;16;13;12m  [0m
