
[38;2;10;8;5m  [38;2;40;33;22m              [38;2;0;0;0m  [38;2;38;32;19m██[38;2;39;32;20m██[38;2;4;3;2m  [38;2;40;33;22m  [38;2;33;27;18m  [38;2;33;29;21m  [38;2;12;10;8m  [38;2;11;10;7m  [38;2;40;33;22m                [38;2;18;15;10m  [38;2;40;33;22m    [38;2;0;0;0m        
[38;2;41;34;23m  [38;2;156;129;87m      [38;2;163;138;135m  [38;2;174;153;210m    [38;2;37;30;22m  [38;2;116;96;59m██[38;2;68;53;28m██[38;2;69;57;29m██[38;2;107;89;55m  [38;2;124;108;141m  [38;2;144;127;174m  [38;2;130;115;84m██[38;2;80;72;63m██[38;2;43;38;28m██[38;2;174;153;210m              [38;2;172;151;207m  [38;2;85;72;104m  [38;2;45;38;34m  [38;2;174;153;210m  [38;2;139;124;190m    [38;2;111;99;152m  [38;2;0;0;0m  
[38;2;41;34;23m  [38;2;156;129;87m      [38;2;165;141;149m  [38;2;179;161;246m  [38;2;89;78;105m  [38;2;114;95;57m██[38;2;53;43;20m██[38;2;44;36;15m██[38;2;63;52;25m██[38;2;135;109;67m██[38;2;67;53;32m██[38;2;136;121;186m  [38;2;53;47;73m  [38;2;138;119;85m  [38;2;140;121;89m██[38;2;53;50;73m  [38;2;136;121;186m  [38;2;82;74;88m  [38;2;174;155;238m  [38;2;179;160;246m  [38;2;129;116;177m  [38;2;94;85;108m  [38;2;25;16;47m██[38;2;98;87;123m██[38;2;133;116;198m██[38;2;109;98;149m  [38;2;179;161;246m    [38;2;143;128;196m  [38;2;0;0;0m  
[38;2;41;34;23m  [38;2;156;129;87m      [38;2;165;141;149m  [38;2;179;161;246m  [38;2;68;57;36m██[38;2;46;37;16m██[38;2;42;34;15m██[38;2;99;76;45m██[38;2;123;98;60m██[38;2;142;117;71m██[38;2;126;100;61m██[38;2;107;90;61m  [38;2;46;33;23m  [38;2;89;80;67m██[38;2;86;77;65m██[38;2;88;73;54m  [38;2;49;48;51m  [38;2;145;132;105m██[38;2;36;32;47m  [38;2;121;107;164m  [38;2;56;54;48m  [38;2;65;64;61m██[38;2;119;107;191m██[38;2;140;124;197m██[38;2;149;130;216m██[38;2;73;63;100m  [38;2;54;48;74m  [38;2;179;161;246m  [38;2;143;128;196m  [38;2;0;0;0m  
[38;2;41;34;23m  [38;2;156;129;87m      [38;2;165;141;149m  [38;2;179;161;245m  [38;2;38;32;24m██[38;2;126;106;68m██[38;2;126;105;69m██[38;2;102;79;52m██[38;2;138;113;69m██[38;2;150;124;75m██[38;2;150;125;76m██[38;2;126;100;61m██[38;2;128;101;61m██[38;2;86;80;68m██[38;2;65;64;65m██[38;2;73;70;66m██[38;2;93;84;69m██[38;2;137;126;103m██[38;2;69;68;67m██[38;2;57;52;40m██[38;2;122;106;75m██[38;2;98;85;64m██[38;2;58;57;64m██[38;2;164;142;227m██[38;2;93;126;173m██[38;2;136;128;208m██[38;2;130;116;190m██[38;2;95;85;132m  [38;2;143;128;196m  [38;2;0;0;0m  
[38;2;41;34;23m  [38;2;156;129;87m      [38;2;165;141;149m  [38;2;179;161;246m  [38;2;88;79;117m  [38;2;101;77;48m██[38;2;104;80;50m██[38;2;71;67;57m██[38;2;150;125;76m██████[38;2;148;123;75m██[38;2;124;98;60m██[38;2;148;125;78m██[38;2;82;76;67m██[38;2;120;104;73m██[38;2;78;73;67m██[38;2;112;104;90m██[38;2;79;76;72m██[38;2;103;92;71m██[38;2;68;66;65m██[38;2;105;92;70m██[38;2;147;128;201m██[38;2;152;134;216m██[38;2;106;164;189m██[38;2;145;192;199m██[38;2;115;102;196m██[38;2;52;45;73m██[38;2;143;128;196m  [38;2;0;0;0m  
[38;2;41;34;23m  [38;2;156;129;87m  [38;2;137;113;76m  [38;2;148;122;82m  [38;2;165;141;149m  [38;2;179;161;246m  [38;2;127;114;174m  [38;2;70;53;33m  [38;2;110;83;51m██[38;2;107;82;51m██[38;2;115;101;73m██[38;2;150;125;75m██[38;2;149;125;76m██[38;2;150;125;76m██[38;2;129;111;75m██[38;2;115;105;82m██[38;2;76;72;65m██[38;2;135;115;76m██[38;2;70;67;65m██[38;2;125;110;84m██[38;2;102;92;74m██[38;2;108;94;68m██[38;2;106;88;59m██[38;2;107;95;71m██[38;2;68;65;62m██[38;2;127;111;166m██[38;2;162;142;226m██[38;2;133;146;209m██[38;2;115;176;181m██[38;2;126;112;201m██[38;2;31;24;52m  [38;2;0;0;0m  
[38;2;41;34;23m  [38;2;156;129;87m  [38;2;62;53;36m  [38;2;37;31;21m  [38;2;165;141;149m  [38;2;179;161;246m  [38;2;108;96;147m  [38;2;56;55;56m  [38;2;110;83;51m██[38;2;109;82;51m██[38;2;87;75;60m██[38;2;150;125;76m██[38;2;151;126;77m██[38;2;138;118;76m██[38;2;68;66;65m██[38;2;154;132;91m██[38;2;103;90;72m██[38;2;89;74;56m██[38;2;130;110;70m██[38;2;139;117;74m██[38;2;91;78;54m██[38;2;94;76;51m██[38;2;114;87;53m██[38;2;109;84;53m██[38;2;139;118;75m██[38;2;124;101;65m██[38;2;68;68;82m██[38;2;77;73;84m██[38;2;162;141;225m██[38;2;155;136;220m██[38;2;124;108;177m██[38;2;0;0;0m  
[38;2;41;34;23m  [38;2;156;129;87m  [38;2;81;66;44m  [38;2;119;105;79m██[38;2;83;73;82m  [38;2;108;97;148m  [38;2;73;55;34m██[38;2;83;71;59m██[38;2;101;79;53m██[38;2;110;83;50m██[38;2;94;76;55m██[38;2;120;103;72m██[38;2;151;127;78m██[38;2;84;79;73m██[38;2;156;133;95m██[38;2;90;84;75m██[38;2;163;141;99m██[38;2;80;73;63m██[38;2;109;92;62m██[38;2;80;68;53m██[38;2;106;80;49m██[38;2;109;82;50m██[38;2;93;75;56m██[38;2;98;82;59m██[38;2;116;99;69m██[38;2;127;101;60m██[38;2;144;121;77m██[38;2;121;113;99m██[38;2;101;94;137m██[38;2;106;94;187m██[38;2;123;108;174m██[38;2;0;0;0m  
[38;2;41;34;23m  [38;2;156;129;87m  [38;2;99;82;55m  [38;2;115;94;61m██[38;2;93;82;66m██[38;2;57;56;55m██[38;2;83;69;53m██[38;2;110;83;51m██[38;2;88;73;57m██[38;2;110;83;51m████[38;2;74;70;66m██[38;2;152;128;79m██[38;2;131;113;75m██[38;2;159;145;114m██[38;2;158;144;114m██[38;2;168;152;119m██[38;2;126;110;82m██[38;2;71;68;65m██[38;2;116;100;72m██[38;2;105;81;52m██[38;2;73;69;67m██[38;2;105;81;53m██[38;2;146;122;74m██[38;2;141;118;74m██[38;2;86;72;54m██[38;2;113;86;51m██[38;2;81;70;60m██[38;2;138;67;68m██[38;2;134;122;201m██[38;2;9;11;14m  [38;2;0;0;0m  
[38;2;41;34;23m  [38;2;156;129;87m  [38;2;155;129;87m  [38;2;79;65;44m  [38;2;85;72;51m██[38;2;88;72;55m██[38;2;103;92;77m██[38;2;65;64;65m██[38;2;128;119;98m██[38;2;90;74;57m████[38;2;87;73;57m██[38;2;96;87;70m██[38;2;65;64;65m██[38;2;83;71;59m██[38;2;180;157;115m██[38;2;85;79;70m██[38;2;161;139;96m██[38;2;77;72;66m██[38;2;124;104;66m██[38;2;102;90;69m██[38;2;108;88;59m██[38;2;148;123;76m██[38;2;150;125;76m██[38;2;93;74;48m██[38;2;128;109;80m██[38;2;87;80;62m██[38;2;104;91;68m██[38;2;98;44;34m  [38;2;77;69;106m  [38;2;143;128;196m  [38;2;0;0;0m  
[38;2;41;34;23m  [38;2;156;129;87m      [38;2;92;76;51m  [38;2;60;59;60m██[38;2;126;116;96m██[38;2;67;65;66m██[38;2;166;146;104m██[38;2;67;65;64m██[38;2;118;91;58m██[38;2;112;88;59m██[38;2;99;81;60m██[38;2;65;64;65m██[38;2;113;96;69m██[38;2;86;79;68m██[38;2;139;114;73m██[38;2;125;102;66m██[38;2;135;113;71m██[38;2;92;74;49m██[38;2;145;120;74m██[38;2;119;100;65m██[38;2;146;122;74m██[38;2;118;99;65m██[38;2;92;81;62m██[38;2;147;129;102m██[38;2;140;118;75m██[38;2;68;66;65m██[38;2;25;22;34m  [38;2;179;161;246m  [38;2;143;128;196m  [38;2;0;0;0m  
[38;2;41;34;23m  [38;2;156;129;87m    [38;2;93;77;52m  [38;2;42;42;40m██[38;2;101;89;70m██[38;2;81;73;65m██[38;2;195;176;133m██[38;2;119;107;86m██[38;2;123;114;96m██[38;2;65;64;65m██[38;2;112;86;53m██[38;2;75;70;63m██[38;2;116;90;58m██[38;2;88;75;59m██[38;2;103;89;68m██[38;2;96;81;62m██[38;2;106;96;71m██[38;2;96;78;53m██[38;2;110;82;51m██[38;2;110;83;51m██[38;2;115;92;58m██[38;2;109;95;69m██[38;2;102;79;51m██[38;2;206;186;146m██[38;2;109;92;64m██[38;2;91;76;58m██[38;2;147;136;115m██[38;2;66;64;70m██[38;2;89;79;123m  [38;2;143;128;196m  [38;2;0;0;0m  
[38;2;41;34;23m  [38;2;156;129;87m    [38;2;21;18;12m  [38;2;148;123;76m██[38;2;68;65;64m██[38;2;88;74;57m██[38;2;138;115;73m██[38;2;128;118;98m██[38;2;194;174;131m██[38;2;94;83;67m██[38;2;72;68;64m██[38;2;86;77;62m██[38;2;76;70;63m██[38;2;124;100;58m██[38;2;150;126;78m████[38;2;79;70;61m██[38;2;109;82;51m██[38;2;110;83;51m████[38;2;95;79;60m██[38;2;108;83;52m██[38;2;87;73;58m██[38;2;123;95;61m██[38;2;129;120;100m██[38;2;77;74;71m██[38;2;217;196;157m██[38;2;79;75;88m██[38;2;54;47;75m██[38;2;143;128;196m  [38;2;0;0;0m  
[38;2;41;34;23m  [38;2;156;129;87m    [38;2;21;18;12m  [38;2;89;76;59m██[38;2;59;57;57m██[38;2;89;74;57m██[38;2;101;89;68m██[38;2;133;116;85m██[38;2;136;111;70m██[38;2;104;83;58m██[38;2;108;96;72m██[38;2;95;81;63m██[38;2;68;65;63m██[38;2;87;73;58m██████[38;2;94;76;55m██[38;2;110;83;51m██████[38;2;87;73;57m██[38;2;109;83;50m██[38;2;90;76;60m██[38;2;87;73;57m██[38;2;96;77;55m██[38;2;109;99;78m██[38;2;82;76;70m██[38;2;152;134;216m██[38;2;142;124;214m██[38;2;0;0;0m    
[38;2;41;34;23m  [38;2;155;129;87m  [38;2;156;129;86m  [38;2;21;18;12m  [38;2;110;83;51m██[38;2;68;65;63m██[38;2;100;88;69m██[38;2;67;62;57m██[38;2;83;69;51m██[38;2;80;67;50m██[38;2;115;100;73m██[38;2;70;66;63m██[38;2;110;83;51m██[38;2;73;67;62m██[38;2;109;82;51m██[38;2;109;83;51m████[38;2;78;69;60m██[38;2;109;82;51m████[38;2;70;66;63m██[38;2;98;77;50m██[38;2;82;68;49m██[38;2;150;133;104m██[38;2;66;64;64m██[38;2;85;73;59m██[38;2;153;133;89m██[38;2;107;99;148m██[38;2;135;123;202m██[38;2;108;98;189m██[38;2;131;113;181m██[38;2;0;0;0m  
[38;2;41;34;23m  [38;2;156;129;87m    [38;2;93;77;52m  [38;2;67;54;38m██[38;2;67;65;64m██[38;2;98;77;52m██[38;2;104;92;70m██████[38;2;82;76;67m██[38;2;110;83;51m████[38;2;102;79;53m██[38;2;79;70;62m██[38;2;85;72;58m██[38;2;85;72;59m██[38;2;104;80;52m██[38;2;106;82;52m██[38;2;102;79;53m██[38;2;94;75;52m██[38;2;158;141;114m██[38;2;145;129;99m██[38;2;154;137;107m██[38;2;85;72;58m██[38;2;117;105;79m██[38;2;109;98;82m██[38;2;124;113;178m██[38;2;113;103;192m██[38;2;138;123;207m██[38;2;138;121;188m██[38;2;9;9;8m  
[38;2;41;34;23m  [38;2;156;129;87m  [38;2;155;129;87m  [38;2;156;129;87m  [38;2;42;32;19m██[38;2;110;83;51m██[38;2;85;72;58m██[38;2;110;83;50m██████[38;2;85;72;58m██[38;2;107;82;51m██[38;2;110;83;50m██[38;2;72;67;62m██[38;2;138;112;68m██[38;2;152;128;79m██[38;2;150;125;77m██[38;2;125;108;75m██[38;2;69;66;65m██[38;2;108;82;51m██[38;2;85;71;52m██[38;2;153;130;90m██[38;2;110;83;51m██[38;2;77;74;67m██[38;2;74;72;70m██[38;2;156;135;90m██[38;2;69;63;70m██[38;2;32;23;64m  [38;2;128;117;192m██[38;2;130;119;194m██[38;2;95;94;100m██[38;2;50;49;48m██
[38;2;41;34;23m  [38;2;156;129;87m  [38;2;156;129;86m  [38;2;79;65;44m  [38;2;52;47;42m██[38;2;107;82;51m██[38;2;89;76;61m██[38;2;110;83;51m████████[38;2;69;66;63m██[38;2;93;76;56m██[38;2;93;76;55m██[38;2;138;112;69m██[38;2;140;119;77m██[38;2;101;90;71m██[38;2;96;77;55m██[38;2;110;82;51m██[38;2;81;70;59m██[38;2;108;81;49m██[38;2;128;113;85m██[38;2;114;87;54m██[38;2;113;97;82m██[38;2;133;123;107m██[38;2;88;80;70m██[38;2;165;66;39m██[38;2;109;98;149m  [38;2;102;91;139m  [38;2;52;48;64m  [38;2;73;72;70m██[38;2;7;7;7m  
[38;2;37;31;21m  [38;2;142;117;79m  [38;2;13;11;6m██[38;2;60;59;52m██[38;2;131;106;67m██[38;2;68;65;63m██[38;2;91;75;56m██[38;2;68;65;63m██[38;2;107;82;52m██[38;2;106;81;52m████[38;2;103;80;51m██[38;2;91;75;53m██[38;2;106;81;52m██[38;2;80;70;60m██[38;2;76;68;55m██[38;2;95;78;56m██[38;2;87;74;54m██[38;2;100;77;48m██[38;2;93;76;56m██[38;2;105;80;52m██[38;2;98;77;51m██[38;2;79;68;53m██[38;2;118;107;82m██[38;2;153;130;88m██[38;2;130;68;54m██[38;2;14;16;26m  [38;2;179;161;246m  [38;2;180;160;246m  [38;2;180;161;246m  [38;2;143;128;196m  [38;2;0;0;0m  
[38;2;35;31;25m  [38;2;58;55;49m██[38;2;126;100;62m██[38;2;74;70;62m██[38;2;153;136;105m██[38;2;91;75;56m██[38;2;110;83;51m████[38;2;94;77;58m██[38;2;92;75;56m████[38;2;96;76;51m██[38;2;87;72;53m██[38;2;94;77;57m██[38;2;92;81;61m██[38;2;164;147;116m██[38;2;142;125;98m██[38;2;143;127;99m██[38;2;97;86;66m██[38;2;103;80;52m██[38;2;114;87;56m██[38;2;83;70;59m██[38;2;155;142;115m██[38;2;170;159;135m██[38;2;118;98;144m██[38;2;51;33;58m██[38;2;114;103;158m  [38;2;179;161;246m      [38;2;143;128;196m  [38;2;0;0;0m  
[38;2;5;4;2m  [38;2;18;15;10m  [38;2;96;72;44m██[38;2;62;58;55m██[38;2;135;125;102m██[38;2;101;79;53m██[38;2;107;82;51m██[38;2;77;73;68m██[38;2;80;76;72m██[38;2;104;80;52m██[38;2;108;82;52m██[38;2;110;83;51m██[38;2;81;70;59m██[38;2;103;81;53m██[38;2;156;143;111m██[38;2;80;66;48m██[38;2;92;78;58m██[38;2;82;70;52m██[38;2;197;178;142m██[38;2;88;72;50m██[38;2;86;77;73m██[38;2;215;194;154m██[38;2;201;183;147m██[38;2;106;98;151m██[38;2;136;123;200m██[38;2;97;84;129m  [38;2;180;160;245m      [38;2;179;160;245m  [38;2;143;128;196m  [38;2;0;0;0m  
[38;2;41;34;23m  [38;2;156;129;87m  [38;2;99;82;55m    [38;2;63;57;46m██[38;2;69;67;66m██[38;2;102;89;70m██[38;2;160;138;91m██[38;2;209;188;147m██[38;2;163;149;124m██[38;2;118;103;88m██[38;2;110;83;51m██[38;2;99;78;54m██[38;2;85;73;60m██[38;2;112;103;80m██[38;2;138;121;91m██[38;2;119;103;79m██[38;2;78;67;53m██[38;2;119;110;95m██[38;2;105;99;88m██[38;2;214;193;155m██[38;2;147;131;98m██[38;2;117;109;155m██[38;2;101;91;186m██[38;2;153;135;218m██[38;2;61;55;91m██[38;2;179;161;246m  [38;2;179;161;245m  [38;2;179;161;246m  [38;2;179;161;245m  [38;2;143;128;196m  [38;2;0;0;0m  
[38;2;41;34;23m  [38;2;156;129;87m      [38;2;105;88;67m  [38;2;127;109;74m  [38;2;146;127;87m██[38;2;76;74;86m██[38;2;75;73;86m██[38;2;81;78;88m██[38;2;209;190;152m██[38;2;88;84;79m██[38;2;75;70;65m██[38;2;71;66;62m██[38;2;83;75;66m██[38;2;154;139;110m██[38;2;71;69;67m██[38;2;164;151;125m██[38;2;197;179;145m██[38;2;195;178;144m██[38;2;88;84;92m██[38;2;100;93;135m██[38;2;105;94;190m██[38;2;164;143;227m██[38;2;100;89;184m██[38;2;71;65;102m  [38;2;179;161;246m  [38;2;179;161;245m  [38;2;179;161;246m  [38;2;179;161;245m  [38;2;143;128;196m  [38;2;0;0;0m  
[38;2;41;34;23m  [38;2;156;129;87m  [38;2;156;129;86m  [38;2;156;129;87m  [38;2;165;141;149m  [38;2;125;112;171m  [38;2;67;70;94m██[38;2;182;207;236m██[38;2;149;159;207m██[38;2;153;181;203m██[38;2;114;106;121m██[38;2;120;115;106m██[38;2;188;166;128m██[38;2;162;147;120m██[38;2;129;114;83m██[38;2;132;115;83m██[38;2;162;147;118m██[38;2;154;142;119m██[38;2;115;108;95m██[38;2;112;103;157m██[38;2;107;98;185m██[38;2;113;102;191m██[38;2;161;140;225m██[38;2;165;143;227m██[38;2;137;125;202m██[38;2;98;88;134m  [38;2;179;161;245m        [38;2;143;128;196m  [38;2;0;0;0m  
[38;2;33;27;18m  [38;2;126;104;70m      [38;2;89;74;59m  [38;2;30;26;42m██[38;2;163;193;227m██[38;2;198;229;249m██[38;2;137;132;214m██[38;2;158;194;205m██[38;2;127;116;187m██[38;2;112;103;159m  [38;2;48;48;50m  [38;2;178;161;128m████████[38;2;66;63;82m  [38;2;105;95;184m██[38;2;104;104;184m██[38;2;131;120;199m██[38;2;135;123;202m██[38;2;148;145;211m██[38;2;150;139;215m██[38;2;2;2;3m  [38;2;179;161;246m          [38;2;143;128;196m  [38;2;0;0;0m  
[38;2;0;0;0m        [38;2;18;16;25m  [38;2;47;41;66m██[38;2;165;143;227m████[38;2;113;104;155m██[38;2;85;81;105m██[38;2;87;81;131m██[38;2;113;99;152m  [38;2;190;190;190m  [38;2;180;180;180m        [38;2;232;232;232m  [38;2;63;60;80m  [38;2;139;142;200m██[38;2;153;182;204m██[38;2;147;161;204m██[38;2;203;244;252m██[38;2;124;127;207m██[38;2;137;135;132m  [38;2;122;109;167m  [38;2;179;161;246m        [38;2;143;128;196m  [38;2;0;0;0m  
[38;2;0;0;0m        [38;2;70;62;96m  [38;2;179;161;246m  [38;2;40;36;55m  [38;2;50;49;50m  [38;2;73;80;84m██[38;2;64;72;83m██[38;2;54;49;92m  [38;2;61;57;76m  [38;2;238;233;252m          [38;2;226;223;236m  [38;2;70;70;69m  [38;2;117;109;183m██[38;2;113;115;202m██[38;2;146;165;208m██[38;2;138;125;204m██[38;2;104;95;156m██[38;2;152;150;146m██[38;2;91;87;96m  [38;2;179;161;246m        [38;2;143;128;196m  [38;2;0;0;0m  
[38;2;0;0;0m        [38;2;18;16;24m  [38;2;46;41;63m    [38;2;0;0;0m  [38;2;0;0;1m    [38;2;26;24;36m  [38;2;46;41;63m            [38;2;32;29;44m  [38;2;42;41;40m  [38;2;46;46;43m██[38;2;25;23;46m██[38;2;35;32;52m████[38;2;0;0;0m    [38;2;25;22;34m  [38;2;46;41;63m        [38;2;37;33;50m  [38;2;0;0;0m  [0m
