
[38;2;0;0;0m                  [38;2;9;3;2m  [38;2;14;5;3m██[38;2;0;0;0m                      
[38;2;0;0;0m    [38;2;49;17;16m  [38;2;12;4;4m  [38;2;0;0;0m          [38;2;139;54;32m██[38;2;9;3;2m  [38;2;0;0;0m                      
[38;2;0;0;0m    [38;2;59;21;20m██[38;2;14;5;5m██[38;2;60;60;60m  [38;2;88;88;88m██[38;2;173;173;173m██[38;2;230;230;230m██[38;2;135;106;100m██[38;2;137;74;58m██[38;2;119;119;119m  [38;2;152;152;152m  [38;2;208;208;208m                  [38;2;56;56;56m  
[38;2;0;0;0m    [38;2;5;1;1m  [38;2;138;52;48m██[38;2;96;102;104m  [38;2;234;234;234m████[38;2;90;75;78m██[38;2;144;83;71m██[38;2;97;87;88m██[38;2;217;217;217m██[38;2;159;159;159m  [38;2;18;18;18m  [38;2;87;87;87m  [38;2;208;208;208m              [38;2;56;56;56m  
[38;2;0;0;0m      [38;2;150;55;52m██[38;2;129;97;94m██[38;2;234;234;234m██[38;2;123;122;123m██[38;2;159;71;53m██[38;2;131;66;53m██[38;2;126;125;126m██[38;2;129;129;129m██[38;2;210;210;210m  [38;2;228;228;228m██[38;2;186;186;186m██[38;2;105;105;105m██[38;2;109;109;109m  [38;2;113;113;113m  [38;2;208;208;208m        [38;2;56;56;56m  
[38;2;0;0;0m        [38;2;119;61;60m██[38;2;179;179;179m██[38;2;137;71;54m██[38;2;185;75;47m██[38;2;65;64;65m██[38;2;198;77;46m██[38;2;101;67;59m██[38;2;182;182;182m██[38;2;183;183;183m██[38;2;184;184;184m██[38;2;228;228;228m██[38;2;233;233;233m████[38;2;0;0;0m██[38;2;208;208;208m      [38;2;56;56;56m  
[38;2;0;0;0m        [38;2;153;65;59m██[38;2;144;73;62m██[38;2;139;54;32m██[38;2;97;126;135m██[38;2;168;119;86m██[38;2;169;80;55m  [38;2;115;103;99m██[38;2;167;166;167m██[38;2;119;119;119m██[38;2;185;185;185m██[38;2;173;173;173m██[38;2;180;180;180m██[38;2;191;191;191m██[38;2;233;233;233m██[38;2;127;127;127m██[38;2;106;106;106m  [38;2;115;115;115m  [38;2;56;56;56m  
[38;2;0;0;0m        [38;2;89;34;20m██[38;2;195;75;46m██[38;2;197;131;74m██[38;2;236;185;90m██[38;2;152;54;59m██[38;2;66;62;66m██[38;2;155;154;155m██[38;2;182;182;182m██[38;2;90;71;65m██[38;2;42;35;30m  [38;2;130;130;130m  [38;2;168;168;168m██[38;2;182;182;182m██[38;2;171;171;171m██[38;2;165;165;165m██[38;2;226;226;226m██[38;2;194;194;194m██[38;2;5;5;5m  
[38;2;0;0;0m        [38;2;82;31;28m██[38;2;136;50;53m██[38;2;165;61;59m██[38;2;143;61;65m██[38;2;108;61;65m██[38;2;149;147;149m██[38;2;183;183;183m██[38;2;113;92;96m██[38;2;160;62;61m██[38;2;95;56;55m  [38;2;6;6;6m  [38;2;132;132;132m  [38;2;57;57;57m██[38;2;67;67;67m██[38;2;167;167;167m██[38;2;174;174;174m██[38;2;183;183;183m██[38;2;50;50;50m██
[38;2;0;0;0m        [38;2;13;4;8m  [38;2;152;65;69m██[38;2;108;60;61m██[38;2;66;65;66m██[38;2;148;148;148m██[38;2;193;193;193m██[38;2;185;185;185m██[38;2;95;76;80m██[38;2;143;59;58m██[38;2;162;63;37m██[38;2;194;75;45m██[38;2;35;13;8m██[38;2;170;170;170m  [38;2;208;208;208m  [38;2;37;37;37m      [38;2;10;10;10m  
[38;2;0;0;0m        [38;2;110;49;55m██[38;2;112;59;65m██[38;2;27;17;22m██[38;2;155;154;155m██[38;2;205;205;205m██[38;2;138;134;138m██[38;2;223;223;223m██[38;2;176;175;176m██[38;2;42;41;42m██[38;2;151;151;151m  [38;2;62;32;25m  [38;2;163;83;62m██[38;2;0;0;0m██[38;2;208;208;208m        [38;2;56;56;56m  
[38;2;0;0;0m      [38;2;66;65;65m██[38;2;98;74;76m██[38;2;0;4;8m██[38;2;177;177;177m  [38;2;59;59;64m██[38;2;128;114;89m██[38;2;220;160;33m██[38;2;167;162;152m██[38;2;193;193;193m  [38;2;184;184;184m██[38;2;87;87;87m  [38;2;65;65;65m  [38;2;121;113;104m██[38;2;186;176;149m██[38;2;113;115;117m  [38;2;208;208;208m      [38;2;56;56;56m  
[38;2;0;0;0m    [38;2;48;46;45m  [38;2;136;137;128m██[38;2;61;61;59m██[38;2;170;170;171m  [38;2;187;187;187m  [38;2;36;36;36m██[38;2;106;71;49m██[38;2;219;148;29m██[38;2;141;66;54m██[38;2;118;111;110m██[38;2;101;101;101m██[38;2;83;83;83m  [38;2;204;204;204m  [38;2;106;105;104m  [38;2;185;167;139m██[38;2;93;86;75m  [38;2;53;53;53m  [38;2;208;208;208m    [38;2;56;56;56m  
[38;2;41;41;39m██[38;2;128;130;123m██[38;2;80;80;78m██[38;2;108;110;105m██[38;2;70;71;66m██[38;2;246;218;105m    [38;2;147;128;63m  [38;2;127;56;43m██[38;2;133;56;50m██[38;2;166;59;56m██[38;2;153;60;55m██[38;2;21;11;9m██[38;2;245;218;105m  [38;2;245;217;105m  [38;2;109;100;59m  [38;2;128;130;122m██[38;2;162;150;134m██[38;2;177;157;135m██[38;2;0;0;0m      
[38;2;5;5;5m  [38;2;181;184;181m██[38;2;82;82;82m██[38;2;154;155;146m██[38;2;106;94;48m  [38;2;246;218;105m  [38;2;124;109;53m  [38;2;151;54;52m██[38;2;165;59;56m██[38;2;96;65;61m██[38;2;175;63;53m██[38;2;196;75;46m██[38;2;183;71;42m██[38;2;103;91;44m  [38;2;246;218;105m  [38;2;67;67;63m██[38;2;95;97;93m██[38;2;139;131;119m██[38;2;168;158;145m██[38;2;84;84;84m  [38;2;0;0;0m    
[38;2;0;0;0m        [38;2;111;99;48m  [38;2;134;118;57m  [38;2;110;44;38m██[38;2;168;58;56m██[38;2;102;62;61m██[38;2;148;72;53m██[38;2;175;70;52m██[38;2;197;77;48m████[38;2;158;61;38m██[38;2;130;111;54m  [38;2;185;163;79m  [38;2;36;31;27m██[38;2;157;150;143m██[38;2;40;39;38m  [38;2;0;0;0m      
[38;2;0;0;0m        [38;2;111;99;48m  [38;2;0;0;0m██[38;2;146;103;37m██[38;2;103;62;44m██[38;2;145;67;59m██[38;2;74;49;43m██[38;2;35;16;18m██[38;2;198;77;46m████[38;2;198;77;48m██[38;2;18;7;12m██[38;2;246;218;105m    [38;2;0;0;0m          
[38;2;0;0;0m          [38;2;147;103;39m██[38;2;181;136;32m██[38;2;148;105;37m██[38;2;83;63;23m██[38;2;134;126;66m  [38;2;215;190;92m  [38;2;44;23;13m██[38;2;183;120;52m██[38;2;160;67;58m██[38;2;187;120;43m██[38;2;111;99;48m  [38;2;246;218;105m  [38;2;0;0;0m          
[38;2;0;0;0m        [38;2;7;5;1m  [38;2;181;137;34m██[38;2;181;136;33m████[38;2;76;57;13m██[38;2;227;201;98m  [38;2;245;218;105m  [38;2;78;55;18m  [38;2;232;179;43m██[38;2;201;144;51m██[38;2;228;175;45m██[38;2;131;104;26m██[38;2;223;198;96m  [38;2;0;0;0m          
[38;2;0;0;0m        [38;2;29;22;5m██[38;2;181;137;34m██[38;2;128;97;24m██[38;2;170;129;32m██[38;2;65;49;12m██[38;2;172;153;74m  [38;2;246;218;105m  [38;2;178;158;77m  [38;2;193;152;35m██[38;2;237;185;44m██[38;2;237;186;44m██[38;2;208;165;47m██[38;2;150;118;28m██[38;2;0;0;0m          
[38;2;0;0;0m        [38;2;111;99;48m  [38;2;44;39;19m  [38;2;136;120;58m  [38;2;63;55;27m  [38;2;246;218;105m      [38;2;85;70;23m  [38;2;200;155;36m██[38;2;185;143;33m██[38;2;233;182;43m██[38;2;101;79;23m  [38;2;44;39;19m  [38;2;0;0;0m          
[38;2;0;0;0m        [38;2;30;27;13m  [38;2;67;59;28m            [38;2;48;43;21m  [38;2;1;0;0m  [38;2;42;32;7m  [38;2;58;46;10m  [38;2;30;27;13m  [38;2;67;59;28m  [38;2;0;0;0m          [0m
