
[38;2;0;0;0m            [38;2;65;46;43m██[38;2;54;35;31m██[38;2;0;0;0m                            
[38;2;0;0;0m        [38;2;47;36;36m  [38;2;190;153;153m██[38;2;254;195;194m██[38;2;238;167;163m██[38;2;165;107;92m██[38;2;47;34;33m  [38;2;0;0;0m                        
[38;2;0;0;0m        [38;2;111;82;80m██[38;2;254;197;197m██[38;2;253;182;177m██[38;2;245;169;162m██[38;2;237;164;152m██[38;2;218;147;130m██[38;2;62;50;49m██[38;2;55;35;30m██[38;2;2;0;0m  [38;2;40;24;19m  [38;2;111;90;91m██[38;2;254;206;206m██[38;2;207;153;149m██[38;2;31;22;22m██[38;2;0;0;0m        
[38;2;0;0;0m        [38;2;229;153;136m██[38;2;254;179;176m██[38;2;245;169;162m██[38;2;238;178;171m██[38;2;246;191;186m██[38;2;254;206;207m██[38;2;253;205;207m██[38;2;238;177;169m██[38;2;177;123;116m██[38;2;208;149;139m██[38;2;246;192;190m██[38;2;254;207;208m██[38;2;254;183;181m██[38;2;217;158;155m██[38;2;0;0;0m        
[38;2;0;0;0m      [38;2;47;34;33m  [38;2;252;181;173m██[38;2;251;176;171m██[38;2;254;177;175m████[38;2;254;199;198m████[38;2;254;193;192m██[38;2;254;177;175m████████████[38;2;254;183;177m██[38;2;182;136;133m██[38;2;0;0;0m      
[38;2;0;0;0m      [38;2;191;138;133m██[38;2;251;176;171m██[38;2;225;147;131m██[38;2;254;190;186m██[38;2;254;211;214m██[38;2;254;178;176m██████████[38;2;254;181;177m██[38;2;254;183;177m██[38;2;228;151;136m██[38;2;248;180;181m██[38;2;225;175;178m██[38;2;167;138;144m██[38;2;12;13;12m  [38;2;0;0;0m    
[38;2;0;0;0m        [38;2;202;141;139m██[38;2;223;146;132m██[38;2;239;177;173m██[38;2;64;56;56m██[38;2;254;177;175m██[38;2;206;188;187m██[38;2;249;177;176m██[38;2;254;177;175m██[38;2;251;176;171m██[38;2;225;147;131m██[38;2;225;148;131m██[38;2;242;178;173m██[38;2;201;133;123m██[38;2;211;167;171m██[38;2;126;111;115m██[38;2;51;45;46m██[38;2;0;0;0m    
[38;2;0;0;0m    [38;2;143;143;143m  [38;2;0;0;0m  [38;2;64;43;38m██[38;2;249;174;170m██[38;2;254;179;176m██[38;2;219;162;156m██[38;2;254;178;176m██[38;2;106;78;77m██[38;2;236;175;177m██[38;2;254;178;176m██[38;2;243;171;159m██[38;2;242;165;158m██[38;2;241;173;172m██[38;2;205;166;174m██[38;2;103;78;78m██[38;2;103;89;90m██[38;2;166;138;143m██[38;2;12;10;11m  [38;2;0;0;0m    
[38;2;0;0;0m    [38;2;242;242;242m██[38;2;111;111;111m██[38;2;219;162;156m██[38;2;254;179;176m████[38;2;229;153;136m██[38;2;243;171;159m████[38;2;254;183;177m██[38;2;254;177;175m██[38;2;246;174;164m██[38;2;169;117;112m██[38;2;185;135;136m██[38;2;117;103;106m██[38;2;208;169;177m██[38;2;205;169;177m██[38;2;0;0;0m        
[38;2;0;0;0m    [38;2;108;108;108m██[38;2;255;255;255m██[38;2;106;95;94m██[38;2;242;179;178m██[38;2;254;178;176m██[38;2;254;179;176m██[38;2;242;165;158m████[38;2;254;179;176m██[38;2;254;178;176m██[38;2;255;185;178m██[38;2;221;161;155m██[38;2;173;131;127m██[38;2;91;83;85m██[38;2;124;110;115m██[38;2;204;172;179m██[38;2;117;95;100m  [38;2;0;0;0m      
[38;2;0;0;0m    [38;2;134;132;131m██[38;2;224;225;224m██[38;2;189;178;182m██[38;2;208;151;148m██[38;2;254;179;176m██[38;2;254;177;175m██████[38;2;254;178;176m██[38;2;254;179;176m██[38;2;183;144;140m██[38;2;112;111;112m██[38;2;148;147;148m██[38;2;255;255;255m██[38;2;207;199;204m██[38;2;172;141;149m██[38;2;168;137;144m██[38;2;12;10;11m  [38;2;0;0;0m    
[38;2;0;0;0m    [38;2;81;81;81m██[38;2;199;185;181m██[38;2;216;164;167m██[38;2;134;108;109m██[38;2;254;183;177m██[38;2;254;178;176m██████[38;2;254;179;176m██[38;2;148;116;114m██[38;2;219;219;219m██[38;2;255;255;255m██████[38;2;124;118;122m██[38;2;195;165;172m██[38;2;207;169;177m██[38;2;51;42;44m██[38;2;0;0;0m    
[38;2;0;0;0m    [38;2;14;12;12m  [38;2;163;140;136m██[38;2;254;177;175m██[38;2;112;93;99m██[38;2;162;160;165m██[38;2;189;180;187m██[38;2;232;176;172m██[38;2;219;162;156m██[38;2;183;139;135m██[38;2;112;94;93m██[38;2;175;168;176m██[38;2;247;243;245m██[38;2;225;226;224m██[38;2;118;118;118m██[38;2;178;150;155m██[38;2;207;169;177m██[38;2;211;185;193m██[38;2;47;45;46m██[38;2;0;0;0m    
[38;2;0;0;0m    [38;2;163;163;160m██[38;2;179;176;177m██[38;2;112;92;92m██[38;2;183;178;180m██[38;2;255;253;254m██[38;2;233;231;233m██[38;2;125;122;128m██[38;2;183;139;137m██[38;2;219;161;156m██[38;2;254;179;176m██[38;2;216;175;176m██[38;2;209;205;205m██[38;2;224;225;224m██[38;2;136;136;136m██[38;2;189;165;171m██[38;2;243;233;235m██[38;2;247;246;247m██[38;2;199;199;199m██[38;2;0;0;0m    
[38;2;41;41;41m  [38;2;164;166;161m██[38;2;138;138;136m██[38;2;193;194;193m██[38;2;118;111;109m██[38;2;255;254;254m██[38;2;255;255;255m████[38;2;211;211;212m██[38;2;157;110;97m██[38;2;209;152;147m██[38;2;206;149;148m██[38;2;97;97;100m██[38;2;111;112;113m██[38;2;112;111;112m██[38;2;209;209;209m██[38;2;255;255;255m██[38;2;187;190;194m██[38;2;181;184;189m██[38;2;216;216;216m██[38;2;191;191;191m██[38;2;47;47;47m  
[38;2;0;0;0m    [38;2;55;55;54m██[38;2;27;27;26m██[38;2;166;143;139m██[38;2;255;253;254m██[38;2;255;255;255m████[38;2;218;204;200m██[38;2;158;132;125m██[38;2;209;196;194m██[38;2;207;207;207m██[38;2;246;238;240m██[38;2;187;190;194m██[38;2;255;255;255m██[38;2;187;190;194m██[38;2;165;169;174m██[38;2;232;233;234m██[38;2;245;245;247m██[38;2;69;69;71m██[38;2;0;0;0m    
[38;2;0;0;0m        [38;2;54;35;31m██[38;2;230;201;194m██[38;2;240;222;217m██[38;2;228;197;189m██[38;2;205;145;137m██[38;2;210;158;144m██[38;2;243;243;243m██[38;2;226;229;224m██[38;2;175;177;181m██[38;2;226;226;228m██[38;2;174;177;181m██[38;2;225;226;228m██[38;2;172;175;181m██[38;2;137;138;135m██[38;2;41;41;39m  [38;2;0;0;0m      
[38;2;0;0;0m        [38;2;17;11;10m  [38;2;188;133;129m██[38;2;224;161;158m██[38;2;207;158;159m██[38;2;192;161;160m██[38;2;209;198;194m██[38;2;223;221;216m██[38;2;220;223;218m██[38;2;214;216;214m██[38;2;200;202;201m██[38;2;214;216;214m██[38;2;199;202;201m██[38;2;222;222;222m██[38;2;96;97;95m██[38;2;0;0;0m        
[38;2;0;0;0m            [38;2;176;133;136m██[38;2;172;142;149m██[38;2;161;136;130m██[38;2;225;222;219m██[38;2;221;223;219m████[38;2;221;222;219m████[38;2;211;212;209m██[38;2;169;171;168m██[38;2;0;0;0m            
[38;2;0;0;0m            [38;2;130;83;73m██[38;2;170;143;148m██[38;2;55;55;55m██[38;2;179;181;178m██[38;2;221;223;219m████[38;2;192;192;192m██[38;2;104;103;104m██[38;2;82;81;82m██[38;2;4;4;4m  [38;2;0;0;0m            
[38;2;0;0;0m          [38;2;115;95;99m  [38;2;153;127;132m██████[38;2;38;31;33m  [38;2;0;0;0m    [38;2;79;55;56m██[38;2;204;158;162m██[38;2;201;156;159m██[38;2;42;28;25m██[38;2;0;0;0m            
[38;2;0;0;0m                        [38;2;13;9;9m  [38;2;61;44;42m██[38;2;62;44;43m██[38;2;15;10;10m  [38;2;0;0;0m            [0m
