
[38;2;0;0;0m    [38;2;16;32;53m  [38;2;3;6;9m  [38;2;14;27;38m  [38;2;2;3;2m  [38;2;16;32;53m                                      [38;2;0;0;0m    
[38;2;0;0;0m    [38;2;63;126;205m  [38;2;11;26;37m  [38;2;54;96;149m██[38;2;42;84;136m██[38;2;32;66;104m  [38;2;63;126;205m                                    [38;2;0;0;0m    
[38;2;0;0;0m    [38;2;63;126;205m  [38;2;11;26;37m  [38;2;48;112;190m██[38;2;63;71;84m██[38;2;38;78;127m██[38;2;16;35;53m██[38;2;60;103;156m  [38;2;83;117;168m      [38;2;84;117;168m  [38;2;83;117;168m    [38;2;84;117;168m  [38;2;83;117;168m    [38;2;84;117;168m  [38;2;83;117;168m    [38;2;78;113;164m  [38;2;44;89;143m  [38;2;38;82;137m  [38;2;15;36;57m██[38;2;32;25;17m██[38;2;9;7;5m  
[38;2;0;0;0m    [38;2;63;126;205m  [38;2;11;26;37m  [38;2;49;112;191m██[38;2;63;71;84m██[38;2;55;94;144m██[38;2;53;109;179m██[38;2;12;43;79m  [38;2;124;93;77m  [38;2;133;99;83m                    [38;2;64;49;40m  [38;2;26;31;35m  [38;2;40;92;156m██[38;2;38;95;166m██[38;2;73;80;104m██[38;2;109;75;59m██[38;2;30;24;17m██
[38;2;0;0;0m    [38;2;63;126;205m    [38;2;16;40;63m██[38;2;48;112;191m██[38;2;53;100;160m██[38;2;50;108;181m██[38;2;59;84;116m██[38;2;3;11;14m██[38;2;133;98;82m  [38;2;133;99;83m  [38;2;133;99;82m  [38;2;133;99;83m  [38;2;133;99;82m    [38;2;133;99;83m  [38;2;132;99;83m  [38;2;106;79;66m  [38;2;16;40;64m██[38;2;37;85;144m██[38;2;67;97;144m██[38;2;95;82;87m██[38;2;108;74;58m██[38;2;104;78;66m██[38;2;86;66;56m██[38;2;10;8;5m  
[38;2;0;0;0m    [38;2;63;126;205m    [38;2;38;78;126m  [38;2;42;98;166m██[38;2;48;112;191m████[38;2;49;106;179m██[38;2;55;56;66m██[38;2;69;53;43m  [38;2;133;99;83m  [38;2;133;98;83m  [38;2;133;99;83m  [38;2;133;98;83m  [38;2;133;99;83m  [38;2;133;98;83m  [38;2;124;92;77m  [38;2;32;64;102m  [38;2;54;108;178m██[38;2;96;76;73m██[38;2;115;81;65m████[38;2;73;67;66m██[38;2;98;76;66m██[38;2;110;79;65m██[38;2;29;23;16m██
[38;2;0;0;0m    [38;2;63;126;205m      [38;2;29;61;96m  [38;2;37;87;147m██[38;2;49;112;191m██[38;2;46;99;166m██[38;2;46;68;103m██[38;2;8;47;89m██[38;2;128;95;80m  [38;2;133;99;83m      [38;2;133;98;83m  [38;2;133;99;83m  [38;2;3;12;14m██[38;2;60;102;159m██[38;2;111;77;61m██[38;2;114;80;64m██[38;2;111;80;66m██[38;2;85;71;65m██[38;2;117;83;67m██[38;2;102;77;66m██[38;2;67;49;38m  [38;2;13;10;8m  
[38;2;0;0;0m    [38;2;63;126;205m    [38;2;44;89;143m  [38;2;54;109;177m  [38;2;2;30;60m██[38;2;44;107;186m██[38;2;19;80;156m██[38;2;16;78;157m██[38;2;8;66;140m██[38;2;13;15;13m  [38;2;133;98;83m  [38;2;133;99;83m  [38;2;133;98;83m  [38;2;133;99;83m  [38;2;66;51;41m  [38;2;44;102;173m██[38;2;80;85;108m██[38;2;116;81;65m████████[38;2;71;66;66m██[38;2;25;26;24m██[38;2;122;91;76m  [38;2;34;25;21m  
[38;2;0;0;0m    [38;2;44;89;144m  [38;2;41;84;134m  [38;2;156;156;156m██[38;2;68;66;68m██[38;2;176;158;133m██[38;2;113;142;162m██[38;2;23;75;141m██[38;2;17;78;155m██[38;2;9;61;123m██[38;2;54;44;37m  [38;2;133;99;83m    [38;2;133;99;82m  [38;2;133;99;83m  [38;2;59;46;36m  [38;2;52;108;180m██[38;2;110;76;60m██[38;2;116;81;65m████[38;2;111;80;66m██[38;2;87;72;66m██[38;2;116;81;65m██[38;2;108;74;58m██[38;2;29;25;18m  [38;2;34;25;21m  
[38;2;0;0;0m  [38;2;0;2;0m  [38;2;172;173;174m  [38;2;74;75;76m  [38;2;255;254;255m██[38;2;94;94;94m██[38;2;227;222;178m██[38;2;99;94;84m██[38;2;198;198;180m██[38;2;74;77;79m██[38;2;9;50;92m██[38;2;128;95;80m  [38;2;133;99;83m        [38;2;59;46;36m  [38;2;52;108;180m██[38;2;110;76;60m██[38;2;116;81;65m████[38;2;116;82;66m██[38;2;116;83;67m██[38;2;56;57;69m██[38;2;20;21;22m██[38;2;126;94;79m  [38;2;34;25;21m  
[38;2;0;0;0m  [38;2;91;93;91m  [38;2;206;206;206m██[38;2;224;224;224m██[38;2;255;255;255m██[38;2;192;192;192m██[38;2;106;106;106m██[38;2;243;243;236m██[38;2;137;133;112m██[38;2;148;146;123m██[38;2;12;73;151m██[38;2;2;34;70m██[38;2;101;79;65m  [38;2;133;99;83m  [38;2;101;76;63m  [38;2;69;55;46m  [38;2;37;86;145m██[38;2;78;93;124m██[38;2;113;79;63m██[38;2;116;81;65m████[38;2;112;80;66m  [38;2;89;73;66m██[38;2;68;52;40m  [38;2;114;85;69m  [38;2;133;99;83m  [38;2;34;25;21m  
[38;2;0;1;0m  [38;2;198;199;198m██[38;2;207;207;207m██[38;2;34;84;147m██[38;2;255;255;255m██[38;2;118;118;118m██[38;2;252;252;252m██[38;2;97;92;90m██[38;2;171;160;154m██[38;2;141;117;112m██[38;2;118;136;147m██[38;2;27;90;169m██[38;2;3;37;75m  [38;2;2;5;1m  [38;2;26;59;97m  [38;2;48;109;187m██[38;2;81;91;118m██[38;2;108;74;58m██[38;2;116;81;65m██████[38;2;105;77;66m██[38;2;21;26;24m██[38;2;130;97;81m  [38;2;133;98;83m  [38;2;133;99;83m  [38;2;34;25;21m  
[38;2;0;0;0m  [38;2;99;101;99m  [38;2;44;87;144m██[38;2;52;102;167m██[38;2;43;85;138m██[38;2;227;226;227m██[38;2;220;219;220m██[38;2;138;129;109m██[38;2;136;125;103m████[38;2;52;77;115m██[38;2;48;111;190m██[38;2;52;98;159m██[38;2;46;74;117m██[38;2;55;93;148m██[38;2;109;75;59m██[38;2;113;79;63m██[38;2;116;81;65m██████[38;2;100;76;66m██[38;2;86;69;61m██[38;2;63;48;38m  [38;2;133;99;83m  [38;2;133;98;83m  [38;2;133;99;83m  [38;2;34;25;21m  
[38;2;0;0;0m  [38;2;0;3;0m  [38;2;49;111;190m████[38;2;49;69;96m██[38;2;16;79;158m██[38;2;15;77;156m██[38;2;63;69;79m██[38;2;218;217;218m██[38;2;255;255;255m██[38;2;161;164;173m██[38;2;50;109;184m██[38;2;57;89;130m██[38;2;16;79;158m██[38;2;109;75;59m██[38;2;116;81;65m██[38;2;116;82;66m██[38;2;115;82;66m██[38;2;116;82;66m██[38;2;54;56;69m██[38;2;21;24;26m  [38;2;21;19;13m  [38;2;133;99;83m        [38;2;34;25;21m  
[38;2;0;0;0m  [38;2;0;1;0m  [38;2;68;59;81m██[38;2;114;72;98m██[38;2;63;92;133m██[38;2;77;95;132m██[38;2;132;139;155m██[38;2;252;250;247m██[38;2;168;170;168m██[38;2;149;151;149m██[38;2;112;95;92m██[38;2;125;92;76m██[38;2;93;81;86m██[38;2;62;73;100m██[38;2;113;79;63m██[38;2;115;82;66m██[38;2;104;78;66m██[38;2;93;74;66m  [38;2;69;53;44m██[38;2;60;46;36m  [38;2;113;84;68m  [38;2;133;98;83m  [38;2;133;99;83m        [38;2;34;25;21m  
[38;2;0;0;0m  [38;2;5;7;2m  [38;2;210;108;95m██[38;2;158;57;46m██[38;2;40;72;123m██[38;2;219;210;211m██[38;2;128;96;82m██[38;2;186;181;176m██[38;2;195;193;188m██[38;2;190;187;181m██[38;2;98;81;74m██[38;2;134;100;84m██[38;2;133;99;83m██[38;2;118;84;68m██[38;2;92;74;66m██[38;2;113;81;66m██[38;2;85;72;69m██[38;2;61;60;61m██[38;2;74;58;50m  [38;2;125;93;78m  [38;2;133;99;83m      [38;2;133;98;83m    [38;2;133;99;83m  [38;2;34;25;21m  
[38;2;0;1;2m  [38;2;141;128;58m██[38;2;237;202;68m██[38;2;191;165;73m██[38;2;136;123;79m██[38;2;154;157;173m██[38;2;102;103;119m██[38;2;151;151;149m██[38;2;108;107;106m██[38;2;30;31;30m██[38;2;100;77;66m██[38;2;122;88;72m██[38;2;128;94;78m██[38;2;135;101;85m██[38;2;124;90;74m██[38;2;95;75;66m██[38;2;51;77;117m██[38;2;62;66;72m██[38;2;12;61;119m██[38;2;13;46;84m  [38;2;55;43;34m  [38;2;133;99;83m        [38;2;133;99;82m  [38;2;34;25;21m  
[38;2;63;57;17m██[38;2;243;211;65m██[38;2;220;194;69m██[38;2;222;196;73m██[38;2;34;74;118m██[38;2;156;135;70m██[38;2;13;13;8m  [38;2;159;157;152m  [38;2;111;109;104m  [38;2;124;92;77m  [38;2;51;38;29m██[38;2;112;81;66m██[38;2;116;82;66m██[38;2;116;81;65m██[38;2;124;90;74m██[38;2;131;97;81m██[38;2;92;64;65m██[38;2;119;89;68m██[38;2;78;74;67m██[38;2;119;87;68m██[38;2;197;114;86m██[38;2;35;24;19m  [38;2;128;95;80m  [38;2;133;99;83m    [38;2;133;99;82m  [38;2;34;25;21m  
[38;2;24;22;6m  [38;2;211;182;56m██[38;2;21;20;11m  [38;2;8;23;49m  [38;2;126;105;87m  [38;2;27;28;17m██[38;2;133;99;82m  [38;2;88;66;54m  [38;2;69;54;45m  [38;2;50;42;36m  [38;2;80;54;41m██[38;2;98;76;66m██[38;2;58;48;48m██[38;2;115;81;65m██[38;2;119;85;69m██[38;2;115;82;66m██[38;2;46;40;44m██[38;2;83;63;31m██[38;2;170;93;57m██[38;2;144;69;72m██[38;2;102;51;49m██[38;2;78;43;38m  [38;2;116;86;72m  [38;2;133;99;83m      [38;2;34;25;21m  
[38;2;0;0;0m  [38;2;0;2;0m  [38;2;0;1;0m  [38;2;101;55;34m  [38;2;122;68;42m  [38;2;0;0;0m  [38;2;133;99;83m  [38;2;116;87;72m  [38;2;34;34;21m██[38;2;163;141;80m██[38;2;154;124;68m██[38;2;117;83;67m██[38;2;67;53;39m  [38;2;0;4;0m██[38;2;87;82;66m██[38;2;109;80;64m██[38;2;71;56;43m  [38;2;125;92;77m  [38;2;25;17;11m  [38;2;18;17;11m  [38;2;90;68;56m  [38;2;133;99;83m          [38;2;34;25;21m  
[38;2;0;0;0m      [38;2;0;1;0m  [38;2;0;0;0m    [38;2;45;33;28m  [38;2;5;7;3m  [38;2;68;68;66m██[38;2;132;117;76m██[38;2;189;162;79m██[38;2;44;35;24m██[38;2;21;18;13m  [38;2;62;65;62m██[38;2;128;117;77m██[38;2;178;163;79m██[38;2;11;14;23m  [38;2;45;33;28m                  [38;2;11;8;7m  
[38;2;0;0;0m              [38;2;0;2;0m  [38;2;0;1;0m  [38;2;0;3;0m  [38;2;201;174;73m██[38;2;6;9;2m██[38;2;0;1;0m  [38;2;77;80;77m██[38;2;94;87;75m██[38;2;92;85;68m██[38;2;85;74;33m██[38;2;0;0;0m                    
[38;2;0;0;0m                [38;2;0;1;0m  [38;2;60;64;60m  [38;2;72;71;58m██[38;2;2;3;0m  [38;2;0;0;0m  [38;2;0;1;0m  [38;2;106;95;58m██[38;2;184;157;78m██[38;2;25;23;10m  [38;2;0;0;0m                    
[38;2;0;0;0m                  [38;2;0;2;0m  [38;2;0;1;0m  [38;2;0;0;0m      [38;2;46;48;37m██[38;2;141;122;61m  [38;2;0;1;0m  [38;2;0;0;0m                    
[38;2;0;0;0m                          [38;2;0;1;0m  [38;2;24;28;24m██[38;2;0;1;0m  [38;2;0;0;0m                      [0m
