
[38;2;0;0;0m    [38;2;30;59;53m██[38;2;4;7;7m  [38;2;0;0;0m                                                    
[38;2;0;0;0m    [38;2;116;224;193m██[38;2;97;186;159m██[38;2;27;87;71m  [38;2;0;0;0m                                                  
[38;2;0;0;0m    [38;2;63;154;129m██[38;2;157;233;210m██[38;2;116;224;194m██[38;2;44;85;75m██[38;2;0;0;0m                                  [38;2;51;77;61m██[38;2;115;223;196m████[38;2;110;219;192m██[38;2;52;116;98m██[38;2;31;60;53m  [38;2;0;0;0m  
[38;2;0;0;0m    [38;2;4;9;8m  [38;2;118;201;178m██[38;2;142;228;184m██[38;2;121;224;195m██[38;2;0;0;0m                              [38;2;151;203;150m██[38;2;136;202;158m██[38;2;155;229;180m██[38;2;125;226;198m██[38;2;165;234;215m██[38;2;116;224;194m████[38;2;91;178;158m██[38;2;0;0;0m  
[38;2;0;0;0m      [38;2;75;93;88m  [38;2;219;246;229m██[38;2;118;204;159m██[38;2;74;153;131m██[38;2;0;0;0m                      [38;2;40;79;70m  [38;2;110;211;171m██[38;2;190;236;161m██[38;2;218;244;199m██[38;2;255;255;255m██[38;2;211;245;236m██[38;2;119;224;195m██[38;2;133;227;188m██[38;2;184;239;224m██[38;2;238;250;228m██[38;2;109;219;186m██[38;2;21;53;44m██
[38;2;0;0;0m        [38;2;150;229;187m██[38;2;192;235;165m██[38;2;88;195;159m██[38;2;0;0;0m██                [38;2;0;9;0m  [38;2;123;180;168m██[38;2;229;247;242m██[38;2;225;246;214m██[38;2;247;252;243m██[38;2;255;255;247m██[38;2;171;234;202m██[38;2;210;243;220m██[38;2;115;223;197m██[38;2;116;223;195m██[38;2;124;225;197m██[38;2;122;225;193m██[38;2;115;223;197m██[38;2;30;59;52m██
[38;2;0;0;0m        [38;2;50;89;75m██[38;2;127;224;189m██[38;2;144;217;184m██[38;2;115;226;198m██[38;2;0;1;1m  [38;2;0;0;0m            [38;2;56;108;94m██[38;2;166;192;187m██[38;2;238;255;255m██[38;2;197;242;229m██[38;2;192;236;160m  [38;2;222;245;205m██[38;2;175;233;165m██[38;2;119;223;189m██[38;2;186;238;216m██[38;2;222;245;207m██[38;2;160;232;195m██[38;2;146;229;199m██[38;2;141;228;197m██[38;2;88;184;161m██[38;2;0;0;0m  
[38;2;0;0;0m  [38;2;1;3;2m  [38;2;1;3;3m██[38;2;0;0;0m    [38;2;130;211;169m██[38;2;254;254;254m██[38;2;78;157;134m██[38;2;53;107;91m██[38;2;0;0;0m          [38;2;84;164;145m██[38;2;155;233;211m██[38;2;253;254;253m██[38;2;117;225;195m██[38;2;119;225;196m██[38;2;192;236;161m██[38;2;250;253;248m██[38;2;225;246;212m██[38;2;192;236;163m██[38;2;191;241;226m██[38;2;254;254;254m██[38;2;175;235;210m██[38;2;241;251;233m██[38;2;137;226;187m██[38;2;55;126;107m  [38;2;0;1;0m  
[38;2;16;32;29m  [38;2;104;203;180m██[38;2;76;192;162m██[38;2;35;111;90m██[38;2;14;16;14m  [38;2;79;133;119m██[38;2;184;188;175m██[38;2;189;235;165m██[38;2;26;84;69m██[38;2;0;0;0m        [38;2;17;39;32m██[38;2;145;216;195m██[38;2;234;250;246m██[38;2;153;230;197m██[38;2;215;245;227m██[38;2;255;255;255m██[38;2;238;250;229m██[38;2;255;255;255m██[38;2;207;240;183m██[38;2;192;236;161m██[38;2;242;251;235m██[38;2;218;244;199m██[38;2;147;229;180m██[38;2;116;223;194m██[38;2;72;140;124m██[38;2;0;0;0m    
[38;2;29;60;51m██[38;2;54;102;86m██[38;2;17;55;44m  [38;2;78;163;139m██[38;2;82;136;125m██[38;2;110;209;186m██[38;2;94;155;141m██[38;2;168;228;157m██[38;2;85;175;138m██[38;2;0;0;0m      [38;2;15;15;15m  [38;2;255;255;255m██[38;2;252;252;252m██[38;2;206;208;207m██[38;2;246;247;246m██[38;2;255;255;255m████[38;2;218;236;219m██[38;2;191;236;162m██[38;2;198;238;168m████[38;2;195;237;163m██[38;2;180;234;168m  [38;2;158;234;186m██[38;2;115;212;173m██[38;2;34;67;60m  [38;2;0;0;0m    
[38;2;17;45;37m██[38;2;15;34;28m██[38;2;0;0;0m  [38;2;18;21;21m  [38;2;82;168;146m██[38;2;25;28;28m██[38;2;120;223;198m██[38;2;56;69;72m██[38;2;119;205;160m██[38;2;0;0;0m    [38;2;18;18;18m  [38;2;197;199;200m██[38;2;238;239;240m██[38;2;200;202;203m██[38;2;218;220;222m██[38;2;255;255;254m██[38;2;245;245;245m██[38;2;227;226;227m██[38;2;227;245;234m██[38;2;230;247;219m██[38;2;255;255;255m████[38;2;221;245;204m██[38;2;151;231;186m██[38;2;160;228;164m██[38;2;18;61;53m  [38;2;0;0;0m      
[38;2;12;40;33m  [38;2;16;53;43m██[38;2;3;3;3m  [38;2;98;192;170m██[38;2;0;0;0m    [38;2;21;28;25m  [38;2;176;219;175m██[38;2;135;205;171m██[38;2;8;27;22m  [38;2;13;13;13m  [38;2;221;225;221m██[38;2;231;233;233m██[38;2;153;158;164m██[38;2;239;240;235m██[38;2;222;222;222m██[38;2;204;206;210m██[38;2;168;172;178m██[38;2;250;249;250m██[38;2;255;255;255m██[38;2;255;255;253m██[38;2;250;253;247m██[38;2;244;251;239m██[38;2;192;236;160m██[38;2;235;250;225m██[38;2;68;94;72m██[38;2;0;0;0m    [38;2;19;37;33m  [38;2;25;49;44m  
[38;2;0;0;0m  [38;2;45;145;118m██[38;2;52;51;52m██[38;2;94;191;165m██[38;2;0;0;0m      [38;2;65;178;147m██[38;2;224;224;228m██[38;2;56;173;141m██[38;2;129;130;135m██[38;2;231;232;234m██[38;2;177;181;184m██[38;2;238;238;233m██[38;2;214;213;214m██[38;2;168;175;179m██[38;2;209;211;215m██[38;2;255;255;255m██[38;2;171;236;218m██[38;2;158;234;213m██[38;2;168;235;196m██[38;2;195;239;188m██[38;2;192;236;161m██[38;2;166;231;175m██[38;2;157;220;164m██[38;2;20;28;21m  [38;2;0;0;0m        
[38;2;0;0;0m    [38;2;51;127;106m██[38;2;74;157;135m██[38;2;49;116;98m██[38;2;0;0;0m    ██[38;2;122;179;164m██[38;2;75;74;75m██[38;2;211;211;211m██[38;2;187;187;192m██[38;2;212;213;212m██[38;2;181;185;187m██[38;2;150;159;164m██[38;2;238;238;238m██[38;2;213;212;213m██[38;2;221;220;221m██[38;2;250;250;250m██[38;2;255;255;255m██[38;2;124;225;201m██[38;2;199;238;172m██[38;2;193;237;160m██[38;2;165;205;144m██[38;2;0;0;0m            
[38;2;0;0;0m    [38;2;7;13;11m  [38;2;59;61;61m██[38;2;75;105;105m██[38;2;5;7;8m  [38;2;0;0;0m  [38;2;99;98;99m██[38;2;142;155;152m██[38;2;203;203;203m██[38;2;128;127;128m██[38;2;193;195;197m██[38;2;166;171;174m██[38;2;201;203;204m██[38;2;227;227;227m██[38;2;238;238;238m██[38;2;240;239;240m██[38;2;255;255;255m████[38;2;214;245;224m██[38;2;172;232;173m██[38;2;166;232;188m██[38;2;189;235;163m██[38;2;20;25;17m  [38;2;0;0;0m            
[38;2;0;0;0m    [38;2;13;11;21m  [38;2;107;94;142m██[38;2;111;105;155m██[38;2;115;141;170m██[38;2;112;100;148m██[38;2;87;81;102m██[38;2;228;228;228m██[38;2;255;255;255m██[38;2;151;152;155m██[38;2;166;167;166m██[38;2;195;197;196m██[38;2;209;211;212m██[38;2;213;216;218m██[38;2;212;212;213m██[38;2;211;212;212m██[38;2;189;220;214m██[38;2;121;222;194m██[38;2;133;226;190m██[38;2;138;229;193m██[38;2;179;232;165m██[38;2;0;0;0m██        [38;2;76;148;132m██[38;2;64;124;110m  [38;2;0;0;0m  
[38;2;0;0;0m    [38;2;155;165;126m██[38;2;126;112;172m██[38;2;111;100;145m██[38;2;77;73;85m██[38;2;105;94;132m██[38;2;137;119;186m██[38;2;147;146;147m██[38;2;252;252;252m██[38;2;227;228;230m██[38;2;217;218;217m██[38;2;116;116;117m██[38;2;145;149;151m██[38;2;208;211;214m██[38;2;217;218;216m██[38;2;215;217;214m██[38;2;237;239;236m██[38;2;235;245;245m██[38;2;186;240;225m██[38;2;132;220;175m██[38;2;50;121;101m██[38;2;0;0;0m          [38;2;12;23;21m  [38;2;0;0;0m    
[38;2;0;0;0m    [38;2;73;163;65m██[38;2;104;93;131m██[38;2;100;138;90m██[38;2;96;236;85m██[38;2;71;135;65m██[38;2;134;119;186m██[38;2;97;90;121m██[38;2;158;156;158m██[38;2;191;189;191m██[38;2;206;208;207m██[38;2;103;104;105m██[38;2;213;211;213m██[38;2;182;186;188m██[38;2;235;235;235m██[38;2;236;235;236m██[38;2;236;236;236m██[38;2;210;245;235m██[38;2;117;224;194m██[38;2;95;210;181m██[38;2;0;2;0m  [38;2;0;0;0m    [38;2;40;78;69m  [38;2;0;0;0m          
[38;2;0;0;0m    [38;2;87;71;66m██[38;2;235;182;187m██[38;2;74;110;65m██[38;2;79;233;67m██[38;2;79;94;68m██[38;2;136;119;186m██[38;2;99;90;121m██[38;2;129;112;172m██[38;2;89;81;101m██[38;2;201;202;202m██[38;2;214;213;215m██[38;2;105;104;105m██[38;2;213;213;213m██[38;2;241;241;241m██[38;2;141;220;202m██[38;2;128;226;201m██[38;2;118;224;194m██[38;2;192;241;227m██[38;2;13;28;24m██[38;2;0;0;0m      [38;2;9;18;16m  [38;2;0;0;0m          
[38;2;0;0;0m    [38;2;15;9;8m  [38;2;77;67;80m██[38;2;159;111;144m██[38;2;95;85;117m██[38;2;108;94;139m██[38;2;105;94;132m██[38;2;111;99;144m██[38;2;134;117;183m██[38;2;113;97;149m██[38;2;88;87;88m██[38;2;166;164;166m██[38;2;148;146;148m██[38;2;230;228;230m██[38;2;231;231;231m██[38;2;230;231;232m██[38;2;136;228;204m██[38;2;125;226;198m██[38;2;116;224;196m██[38;2;7;14;13m██[38;2;0;0;0m                  
[38;2;0;0;0m    [38;2;83;26;10m  [38;2;41;22;6m  [38;2;59;54;66m██[38;2;107;95;137m██[38;2;107;89;140m██[38;2;106;90;138m██[38;2;107;90;140m██[38;2;107;89;140m██[38;2;105;91;139m██[38;2;85;84;85m██[38;2;212;209;212m██[38;2;80;80;83m██[38;2;127;133;143m██[38;2;223;222;223m██[38;2;146;231;207m██[38;2;117;225;195m████[38;2;69;135;120m██[38;2;0;0;0m                    
[38;2;0;0;0m    [38;2;85;27;10m  [38;2;255;81;32m  [38;2;132;42;16m  [38;2;120;50;52m  [38;2;171;64;71m██[38;2;226;81;90m██[38;2;87;78;104m██[38;2;106;91;139m██[38;2;94;82;117m██[38;2;152;149;152m██[38;2;162;160;162m██[38;2;160;159;160m██[38;2;217;216;217m██[38;2;167;192;193m██[38;2;99;178;159m██[38;2;69;149;127m██[38;2;3;11;9m  [38;2;0;0;0m                      
[38;2;0;0;0m  [38;2;92;178;158m██[38;2;84;33;17m  [38;2;253;81;31m  [38;2;255;81;32m    [38;2;135;43;17m  [38;2;208;59;66m██[38;2;150;85;90m██[38;2;75;67;69m██[38;2;125;149;151m██[38;2;174;175;174m  [38;2;182;182;182m  [38;2;233;233;233m██[38;2;243;243;243m██[38;2;179;215;209m██[38;2;116;224;195m██[38;2;121;225;198m██[38;2;15;29;26m██[38;2;0;0;0m                      
[38;2;0;0;0m  [38;2;37;73;65m  [38;2;81;77;60m  [38;2;241;77;30m  [38;2;255;81;32m    [38;2;135;43;17m  [38;2;248;106;116m██[38;2;76;54;57m██[38;2;250;156;163m██[38;2;99;47;51m██[38;2;0;0;0m    [38;2;99;99;99m██[38;2;154;201;190m██[38;2;197;241;231m  [38;2;133;227;201m██[38;2;154;233;212m██[38;2;15;34;30m██[38;2;0;0;0m                      
[38;2;0;0;0m    [38;2;74;23;9m  [38;2;223;71;28m        [38;2;0;0;0m  [38;2;111;33;13m  [38;2;207;160;163m  [38;2;7;7;7m  [38;2;0;0;0m        [38;2;65;171;137m██[38;2;103;193;167m██[38;2;95;185;160m██[38;2;110;221;190m██[38;2;0;0;0m                      
[38;2;0;0;0m                                  [38;2;13;25;22m  [38;2;39;75;67m██[38;2;0;0;0m                      
[38;2;0;0;0m                              [38;2;6;11;10m  [38;2;4;8;7m  [38;2;0;0;0m                          
[38;2;0;0;0m                              [38;2;8;15;14m  [38;2;6;11;10m  [38;2;0;0;0m        [38;2;39;76;67m  [38;2;0;0;0m                [0m
