
[38;2;0;0;0m                            [38;2;5;12;8m    [38;2;0;0;0m                        
[38;2;0;0;0m                            [38;2;48;54;51m████[38;2;0;0;0m                        
[38;2;0;0;0m                            [38;2;58;56;58m██[38;2;58;57;60m██[38;2;0;0;0m                        
[38;2;0;0;0m                            [38;2;44;45;46m██[38;2;44;48;52m██[38;2;0;0;0m                        
[38;2;0;0;0m        [38;2;53;63;58m  [38;2;213;253;234m      [38;2;199;237;219m  [38;2;83;95;89m  [38;2;182;219;200m██[38;2;22;30;21m██[38;2;0;0;0m    [38;2;97;95;97m██[38;2;99;104;103m██[38;2;0;0;0m        [38;2;14;15;15m    [38;2;0;0;0m            
[38;2;0;0;0m        [38;2;53;63;58m  [38;2;213;253;234m  [38;2;213;253;233m  [38;2;213;253;234m  [38;2;159;189;175m  [38;2;150;183;168m██[38;2;129;208;152m██[38;2;90;95;60m██[38;2;0;0;0m    [38;2;151;159;157m██[38;2;152;159;152m██[38;2;0;0;0m        [38;2;58;63;61m████[38;2;0;0;0m            
[38;2;0;0;0m        [38;2;53;63;58m  [38;2;213;253;234m      [38;2;58;63;61m██[38;2;119;211;166m██[38;2;208;201;122m██[38;2;41;41;29m  [38;2;120;123;123m██[38;2;162;203;180m██[38;2;185;226;205m██[38;2;187;223;194m██[38;2;185;204;193m██[38;2;9;14;9m  [38;2;0;0;0m    [38;2;232;254;246m████[38;2;0;0;0m            
[38;2;0;0;0m        [38;2;53;63;58m  [38;2;213;253;234m  [38;2;213;253;233m  [38;2;93;110;102m  [38;2;188;206;199m██[38;2;156;230;193m██[38;2;88;157;104m██[38;2;0;0;0m  [38;2;9;14;8m  [38;2;123;203;163m██[38;2;231;254;246m██[38;2;232;254;245m██[38;2;186;237;183m██[38;2;198;205;198m██[38;2;0;0;0m    [38;2;231;254;246m██[38;2;232;254;245m██[38;2;0;0;0m            
[38;2;0;0;0m        [38;2;53;63;58m  [38;2;220;253;237m  [38;2;207;237;223m  [38;2;87;95;91m  [38;2;206;253;238m██[38;2;225;253;244m██[38;2;0;0;0m    [38;2;5;12;8m  [38;2;117;164;138m██[38;2;203;254;235m██[38;2;206;253;235m██[38;2;169;182;178m██[38;2;26;27;27m██[38;2;0;0;0m    [38;2;232;254;246m████[38;2;43;47;46m  [38;2;0;0;0m          
[38;2;0;0;0m        [38;2;53;63;58m  [38;2;244;254;249m  [38;2;191;192;192m  [38;2;120;189;169m██[38;2;221;253;242m██[38;2;98;111;106m██[38;2;119;142;131m  [38;2;0;0;0m  [38;2;22;51;34m██[38;2;145;173;162m██[38;2;100;111;108m██[38;2;101;111;108m██[38;2;149;215;199m██[38;2;29;60;48m██[38;2;0;0;0m    [38;2;101;111;107m██[38;2;232;254;245m██[38;2;174;190;184m██[38;2;0;0;0m          
[38;2;0;0;0m        [38;2;53;63;58m  [38;2;244;254;249m  [38;2;58;63;61m██[38;2;232;254;246m██[38;2;141;235;207m██[38;2;64;94;84m  [38;2;159;189;175m  [38;2;0;0;0m  [38;2;37;81;56m██[38;2;70;101;89m██[38;2;164;162;170m██[38;2;91;90;91m██[38;2;122;248;211m██[38;2;176;247;223m██[38;2;0;0;0m    [38;2;56;63;59m██[38;2;211;252;238m██[38;2;120;188;168m██[38;2;0;0;0m          
[38;2;0;0;0m        [38;2;53;63;58m  [38;2;101;111;106m  [38;2;199;206;203m██[38;2;232;254;245m██[38;2;174;190;184m██[38;2;159;189;175m    [38;2;0;0;0m  [38;2;83;170;120m██[38;2;69;106;108m██[38;2;96;94;95m██[38;2;103;100;95m██[38;2;90;158;132m██[38;2;156;250;231m██[38;2;54;133;108m  [38;2;0;0;0m  [38;2;60;63;60m██[38;2;226;253;243m██[38;2;164;236;216m██[38;2;43;47;46m  [38;2;0;0;0m        
[38;2;0;0;0m        [38;2;39;47;43m  [38;2;64;94;84m  [38;2;153;250;221m██[38;2;221;253;242m██[38;2;63;63;63m  [38;2;223;253;239m  [38;2;128;155;141m  [38;2;66;141;98m██[38;2;67;88;90m██[38;2;68;89;88m██[38;2;170;175;185m██[38;2;185;179;185m██[38;2;77;109;98m██[38;2;166;241;222m██[38;2;128;244;197m██[38;2;46;62;58m██[38;2;0;0;0m  [38;2;117;188;167m██[38;2;227;253;243m██[38;2;53;65;58m██[38;2;0;0;0m        
[38;2;0;0;0m          [38;2;166;190;182m██[38;2;135;246;206m██[38;2;62;108;85m██[38;2;137;204;184m  [38;2;223;253;239m  [38;2;20;50;36m██[38;2;65;97;82m██[38;2;71;121;123m██[38;2;79;91;90m██[38;2;171;169;176m██[38;2;171;162;168m██[38;2;66;76;72m██[38;2;113;204;177m██[38;2;182;249;232m██[38;2;152;201;183m██[38;2;15;11;11m  [38;2;128;200;180m██[38;2;174;251;228m██[38;2;57;68;64m██[38;2;0;0;0m        
[38;2;0;0;0m        [38;2;58;63;61m██[38;2;175;251;228m██[38;2;213;238;229m██[38;2;95;97;95m  [38;2;185;252;232m  [38;2;63;63;63m  [38;2;83;169;120m██[38;2;70;100;88m██[38;2;69;104;102m██[38;2;72;91;82m██[38;2;136;135;135m██[38;2;144;139;142m██[38;2;67;75;76m██[38;2;57;86;76m██[38;2;155;252;218m██[38;2;118;237;196m██[38;2;179;206;199m██[38;2;169;171;169m██[38;2;218;253;238m██[38;2;191;250;219m██[38;2;0;0;0m        
[38;2;0;0;0m    [38;2;19;34;26m  [38;2;79;136;104m██[38;2;134;177;158m██[38;2;218;246;235m██[38;2;155;189;178m██[38;2;167;190;179m  [38;2;223;253;239m  [38;2;55;63;59m  [38;2;83;170;120m██[38;2;74;71;66m██[38;2;85;179;125m██[38;2;94;167;142m██[38;2;130;170;164m██[38;2;140;158;168m██[38;2;97;102;99m██[38;2;93;99;96m██[38;2;154;253;208m██[38;2;117;237;196m██[38;2;170;242;229m██[38;2;86;99;97m██[38;2;135;250;218m██[38;2;205;253;238m██[38;2;0;0;0m        
[38;2;5;12;8m  [38;2;68;166;112m██[38;2;80;173;133m██[38;2;76;142;127m██[38;2;91;162;136m██[38;2;134;201;166m██[38;2;0;0;0m        [38;2;94;153;134m██[38;2;182;252;226m██[38;2;97;123;112m██[38;2;154;192;140m██[38;2;149;184;134m██[38;2;96;111;105m██[38;2;161;252;221m██[38;2;207;252;232m██[38;2;79;111;97m██[38;2;165;253;229m██[38;2;106;239;196m██[38;2;88;114;109m██[38;2;234;253;242m██[38;2;173;251;229m██[38;2;43;47;46m  [38;2;0;0;0m      
[38;2;22;51;34m██[38;2;79;158;130m██[38;2;82;189;136m██[38;2;78;157;130m██[38;2;81;183;135m██[38;2;81;147;129m██[38;2;47;115;78m  [38;2;0;0;0m    [38;2;73;141;120m  [38;2;182;252;226m████[38;2;109;133;121m██[38;2;92;101;90m██[38;2;172;219;194m██[38;2;161;252;221m██[38;2;207;252;232m██[38;2;161;252;221m██[38;2;79;111;97m██[38;2;165;253;229m██[38;2;113;240;193m██[38;2;91;112;109m██[38;2;124;145;135m██[38;2;227;253;244m██[38;2;127;190;173m██[38;2;0;0;0m      
[38;2;4;7;7m  [38;2;58;87;89m██[38;2;77;158;120m██[38;2;81;184;135m██[38;2;79;168;132m██[38;2;78;133;126m██[38;2;65;150;104m██[38;2;0;0;0m  [38;2;13;15;14m  [38;2;157;205;186m██[38;2;156;240;212m██[38;2;118;135;117m██[38;2;163;203;154m██[38;2;163;203;168m██[38;2;119;135;121m██[38;2;203;241;223m██[38;2;151;252;219m████[38;2;75;99;89m██[38;2;161;241;221m██[38;2;93;167;147m██[38;2;13;14;14m  [38;2;74;99;88m██[38;2;135;240;194m██[38;2;102;173;157m██[38;2;4;7;7m  [38;2;0;0;0m    
[38;2;18;30;30m██[38;2;67;78;79m██[38;2;68;99;100m██[38;2;68;91;83m██[38;2;79;168;132m██[38;2;91;172;135m██[38;2;18;35;26m  [38;2;0;0;0m  [38;2;23;27;26m██[38;2;182;218;207m██[38;2;123;137;122m██[38;2;136;169;128m██[38;2;196;199;203m██[38;2;104;140;143m██[38;2;170;207;145m██[38;2;176;205;191m██[38;2;182;252;226m████[38;2;102;169;148m██[38;2;86;99;97m██[38;2;140;154;150m██[38;2;0;0;0m  [38;2;27;38;38m██[38;2;94;140;141m██[38;2;75;136;126m██[38;2;54;120;92m██[38;2;50;111;87m  [38;2;0;0;0m  
[38;2;13;22;23m  [38;2;62;70;71m██[38;2;69;106;108m████[38;2;65;67;68m██[38;2;53;55;56m██[38;2;0;0;0m    [38;2;16;38;26m  [38;2;74;110;88m██[38;2;107;133;111m██[38;2;123;160;147m██[38;2;211;204;213m██[38;2;208;203;212m██[38;2;106;154;135m██[38;2;100;111;91m██[38;2;192;252;228m████[38;2;142;240;208m██[38;2;196;206;203m██[38;2;74;117;92m██[38;2;37;80;62m██[38;2;80;169;132m██[38;2;79;168;132m██[38;2;77;152;129m████[38;2;83;189;136m██[38;2;22;51;34m██
[38;2;0;0;0m  [38;2;12;12;12m  [38;2;27;40;41m██[38;2;73;104;106m██[38;2;30;42;42m██[38;2;18;30;30m██[38;2;0;0;0m      [38;2;140;179;122m██[38;2;167;219;158m██[38;2;90;110;107m██[38;2;130;132;135m██[38;2;206;208;220m██[38;2;121;148;130m██[38;2;110;191;133m██[38;2;96;111;106m████[38;2;81;125;106m██[38;2;81;170;120m██[38;2;118;166;92m██[38;2;77;169;117m██[38;2;73;139;121m██[38;2;75;136;125m██[38;2;81;184;135m██[38;2;80;182;140m██[38;2;61;109;91m██[38;2;5;12;8m  
[38;2;0;0;0m                    [38;2;116;143;96m  [38;2;33;40;42m  [38;2;91;105;106m██[38;2;60;76;75m██[38;2;95;113;91m██[38;2;137;227;153m██[38;2;118;218;143m██[38;2;108;207;130m██[38;2;110;194;116m██[38;2;116;152;71m██[38;2;0;0;6m  [38;2;47;115;79m  [38;2;71;124;113m██[38;2;73;122;111m██[38;2;77;154;117m██[38;2;66;72;75m██[38;2;49;56;59m██[38;2;0;0;0m  
[38;2;0;0;0m                        [38;2;69;106;108m████[38;2;100;111;91m██[38;2;208;254;172m██[38;2;152;183;118m██[38;2;89;101;73m██[38;2;68;77;57m██[38;2;4;4;4m  [38;2;0;0;0m    [38;2;72;93;95m██[38;2;68;96;97m██[38;2;66;74;75m████[38;2;53;90;92m██[38;2;0;0;0m  
[38;2;0;0;0m                        [38;2;64;128;95m██[38;2;65;119;105m██[38;2;73;122;111m██[38;2;69;90;78m████[38;2;66;131;94m██[38;2;50;115;78m  [38;2;0;0;0m      [38;2;41;68;69m    [38;2;13;22;23m  [38;2;50;58;59m██[38;2;0;0;0m    
[38;2;0;0;0m                        [38;2;2;0;2m  [38;2;16;38;26m  [38;2;19;42;30m██[38;2;20;42;30m████[38;2;4;4;4m  [38;2;0;0;0m                    [0m
