
[38;2;0;0;0m                                                  [38;2;12;4;2m  [38;2;18;7;4m  [38;2;0;0;0m    
[38;2;0;0;0m                                                  [38;2;48;18;10m██[38;2;209;80;46m██[38;2;0;0;0m    
[38;2;0;0;0m                                                [38;2;42;16;9m  [38;2;255;97;56m██[38;2;209;80;46m██[38;2;0;0;0m    
[38;2;0;0;0m                                                [38;2;171;65;38m██[38;2;255;138;72m██[38;2;74;28;16m██[38;2;0;0;0m    
[38;2;7;7;7m  [38;2;30;30;28m      [38;2;20;20;19m  [38;2;19;19;17m  [38;2;11;11;10m  [38;2;30;30;28m  [38;2;18;18;17m  [38;2;14;14;12m  [38;2;9;9;7m  [38;2;0;0;0m  [38;2;30;30;28m                      [38;2;39;15;8m██[38;2;255;121;58m██[38;2;255;196;66m██[38;2;255;97;56m██[38;2;106;59;28m██[38;2;65;47;20m██
[38;2;31;31;29m  [38;2;123;123;115m      [38;2;82;82;77m  [38;2;77;77;70m██[38;2;44;44;41m  [38;2;123;123;115m  [38;2;110;110;103m  [38;2;22;22;20m  [38;2;57;57;49m██[38;2;48;48;42m██[38;2;73;73;68m  [38;2;122;122;115m  [38;2;76;76;71m  [38;2;30;30;28m  [38;2;80;80;74m  [38;2;123;123;115m  [38;2;122;122;115m  [38;2;123;123;115m  [38;2;122;122;115m  [38;2;123;123;115m  [38;2;122;122;115m  [38;2;39;22;11m██[38;2;255;208;68m██[38;2;255;151;77m██[38;2;255;97;56m██[38;2;255;167;73m██[38;2;65;61;16m██
[38;2;31;31;29m  [38;2;123;123;115m      [38;2;30;30;27m██[38;2;72;72;66m██[38;2;64;64;59m  [38;2;123;123;115m  [38;2;68;68;63m  [38;2;119;119;112m██[38;2;64;64;61m██[38;2;64;64;56m██[38;2;41;41;36m██[38;2;90;90;85m  [38;2;63;63;59m  [38;2;127;127;119m██[38;2;64;64;59m██[38;2;93;93;87m  [38;2;122;122;115m  [38;2;123;123;115m      [38;2;122;122;115m  [38;2;55;53;31m  [38;2;234;218;59m██[38;2;255;227;67m██[38;2;255;221;68m██[38;2;197;184;50m██[38;2;0;0;0m  
[38;2;31;31;29m  [38;2;123;123;115m    [38;2;48;48;45m  [38;2;76;76;69m██[38;2;14;14;13m██[38;2;64;64;59m  [38;2;41;41;39m  [38;2;108;108;101m██[38;2;84;84;82m██[38;2;36;36;33m██[38;2;64;64;56m████[38;2;1;1;0m██[38;2;107;107;100m  [38;2;32;32;30m██[38;2;105;105;97m██[38;2;92;92;86m  [38;2;30;30;28m    [38;2;86;86;80m  [38;2;123;123;115m  [38;2;122;122;115m  [38;2;103;103;97m  [38;2;171;160;43m██[38;2;255;237;65m██[38;2;255;238;65m██[38;2;70;66;31m  [38;2;23;23;22m  
[38;2;31;31;29m  [38;2;123;123;115m  [38;2;113;113;106m  [38;2;43;43;40m  [38;2;109;109;101m██[38;2;128;128;119m██[38;2;93;93;87m██[38;2;116;116;109m██[38;2;104;104;97m██[38;2;34;34;31m  [38;2;83;83;77m  [38;2;47;47;41m  [38;2;64;64;56m████[38;2;54;54;50m  [38;2;120;120;113m  [38;2;49;49;44m██[38;2;112;112;106m██[38;2;105;105;98m██[38;2;102;102;94m██[38;2;66;66;62m██[38;2;32;32;30m██[38;2;70;70;65m  [38;2;123;123;115m  [38;2;60;60;57m  [38;2;203;141;62m██[38;2;209;151;63m██[38;2;51;51;48m  [38;2;31;31;29m  
[38;2;31;31;29m  [38;2;123;123;115m  [38;2;49;49;46m  [38;2;121;121;114m██[38;2;128;128;120m██[38;2;128;128;119m██[38;2;128;128;120m██[38;2;128;128;119m██[38;2;115;115;108m██[38;2;36;36;34m  [38;2;79;32;31m  [38;2;7;1;1m  [38;2;64;64;56m████[38;2;32;32;28m██[38;2;31;31;29m  [38;2;81;81;74m██[38;2;68;62;62m██[38;2;102;55;54m██[38;2;84;84;81m██[38;2;108;108;100m██[38;2;128;128;120m██[38;2;107;107;100m██[38;2;45;45;42m  [38;2;122;122;115m  [38;2;25;20;15m██[38;2;38;32;24m██[38;2;123;123;115m  [38;2;31;31;29m  
[38;2;31;31;29m  [38;2;27;27;25m  [38;2;128;128;120m██[38;2;128;128;119m██[38;2;128;128;120m██[38;2;128;128;119m██[38;2;119;119;110m██[38;2;126;126;118m██[38;2;128;128;119m██[38;2;95;95;87m██[38;2;62;62;56m██[38;2;69;69;67m██[38;2;64;64;57m██[38;2;1;1;0m██[38;2;75;2;3m  [38;2;91;91;83m██[38;2;86;66;64m██[38;2;153;7;9m██[38;2;163;17;19m██[38;2;169;33;35m██[38;2;104;90;86m██[38;2;95;95;87m██[38;2;124;124;116m██[38;2;108;108;101m██[38;2;82;82;77m  [38;2;38;38;35m  [38;2;85;85;77m██[38;2;27;27;25m  [38;2;31;31;29m  
[38;2;31;31;29m  [38;2;99;99;92m  [38;2;60;60;56m██[38;2;128;128;119m██[38;2;128;128;120m██[38;2;87;87;79m██[38;2;179;179;175m██[38;2;126;126;118m██[38;2;117;117;109m██[38;2;92;92;84m████[38;2;91;91;84m██[38;2;75;75;71m██[38;2;48;48;42m██[38;2;53;35;32m  [38;2;91;91;83m██[38;2;112;34;35m██[38;2;152;7;9m██[38;2;153;7;9m██[38;2;149;12;14m██[38;2;27;12;13m██[38;2;34;34;31m██[38;2;107;107;99m██[38;2;123;123;115m██[38;2;52;52;48m  [38;2;99;99;93m  [38;2;65;65;59m██[38;2;27;27;25m  [38;2;31;31;29m  
[38;2;31;31;29m  [38;2;99;99;92m  [38;2;60;60;56m██[38;2;98;98;90m██[38;2;101;101;94m██[38;2;44;13;13m██[38;2;240;240;239m██[38;2;106;106;99m██[38;2;92;92;84m██[38;2;52;52;51m██[38;2;78;78;72m██[38;2;92;92;84m██[38;2;104;104;96m██[38;2;81;81;79m██[38;2;82;82;79m██[38;2;66;64;64m██[38;2;142;13;15m██[38;2;110;5;6m  [38;2;37;1;1m  [38;2;47;1;2m  [38;2;134;76;72m  [38;2;111;111;104m  [38;2;72;72;67m  [38;2;97;97;89m██[38;2;63;63;59m██[38;2;77;77;72m  [38;2;69;69;64m██[38;2;71;71;65m██[38;2;0;0;0m  
[38;2;7;7;7m  [38;2;81;81;76m  [38;2;128;128;119m██[38;2;120;120;112m██[38;2;83;83;76m██[38;2;125;95;89m██[38;2;117;117;111m██[38;2;92;92;84m██[38;2;64;64;59m██[38;2;86;86;80m  [38;2;62;62;58m  [38;2;88;88;80m██[38;2;91;91;84m██[38;2;127;127;119m██[38;2;120;120;113m██[38;2;112;112;106m██[38;2;72;53;50m██[38;2;94;92;86m  [38;2;130;93;88m    [38;2;125;111;104m  [38;2;123;123;115m  [38;2;44;44;41m  [38;2;116;116;108m██[38;2;119;119;111m██[38;2;51;51;51m██[38;2;84;84;78m██[38;2;86;86;79m██[38;2;17;17;16m  
[38;2;33;33;31m██[38;2;128;128;119m██[38;2;116;116;108m██[38;2;128;128;119m██[38;2;125;125;117m██[38;2;90;90;84m██[38;2;89;77;76m██[38;2;68;64;63m██[38;2;81;81;76m██[38;2;20;20;18m██[38;2;36;36;32m██[38;2;64;64;64m██[38;2;92;92;84m████[38;2;128;128;120m██[38;2;112;112;106m██[38;2;128;128;119m██[38;2;31;31;29m██[38;2;59;59;56m  [38;2;123;123;115m      [38;2;122;122;115m  [38;2;40;40;38m  [38;2;99;99;92m██[38;2;74;74;71m██[38;2;90;90;82m██[38;2;92;92;84m██[38;2;23;23;21m██
[38;2;8;8;7m  [38;2;85;85;78m██[38;2;97;97;89m██[38;2;106;106;98m██[38;2;29;29;27m██[38;2;58;58;58m██[38;2;139;60;76m██[38;2;86;82;75m██[38;2;68;68;65m██[38;2;64;64;56m██[38;2;37;37;35m██[38;2;84;84;78m██[38;2;71;71;62m██[38;2;118;118;110m██[38;2;128;128;119m██[38;2;111;111;105m██[38;2;80;80;78m██[38;2;127;127;119m██[38;2;103;103;97m██[38;2;38;38;36m  [38;2;122;122;115m  [38;2;123;123;115m  [38;2;122;122;115m  [38;2;103;103;97m  [38;2;21;21;20m██[38;2;112;112;104m██[38;2;75;75;72m██[38;2;91;91;84m██[38;2;23;23;21m██
[38;2;31;31;29m  [38;2;51;51;48m  [38;2;30;30;28m    [38;2;149;149;149m██[38;2;176;58;85m██[38;2;130;63;74m██[38;2;83;83;77m██[38;2;58;58;54m██[38;2;32;32;29m  [38;2;69;69;65m  [38;2;102;102;83m██[38;2;238;240;186m██[38;2;110;110;90m██[38;2;109;110;96m██[38;2;128;128;120m██[38;2;128;128;119m██[38;2;68;68;67m██[38;2;128;128;119m██[38;2;61;61;61m██[38;2;107;108;82m  [38;2;162;164;122m    [38;2;27;27;24m██[38;2;92;92;84m██[38;2;79;79;76m██[38;2;83;83;80m██[38;2;71;71;65m██[38;2;0;0;0m  
[38;2;31;31;29m  [38;2;123;123;115m      [38;2;36;36;36m██[38;2;117;87;89m██[38;2;140;140;138m██[38;2;59;59;53m██[38;2;98;98;97m██[38;2;112;112;105m  [38;2;69;69;65m  [38;2;226;228;176m██[38;2;238;240;185m██[38;2;239;241;186m██[38;2;217;218;169m██[38;2;80;80;72m██[38;2;80;80;78m██[38;2;113;113;106m██[38;2;101;101;96m██[38;2;85;85;79m██[38;2;78;78;71m██[38;2;48;48;47m██[38;2;48;48;42m██[38;2;65;65;57m██[38;2;85;85;77m██[38;2;73;73;66m██[38;2;90;90;82m██[38;2;38;38;35m  [38;2;23;23;22m  
[38;2;31;31;29m  [38;2;123;123;115m      [38;2;92;92;86m  [38;2;30;30;28m  [38;2;64;64;59m  [38;2;41;41;39m  [38;2;67;67;62m  [38;2;94;94;88m  [38;2;52;52;48m██[38;2;66;66;65m██[38;2;238;240;186m██[38;2;239;240;186m██[38;2;239;241;186m██[38;2;65;65;65m██[38;2;82;82;74m██[38;2;119;119;111m██[38;2;92;92;88m██[38;2;125;125;117m██[38;2;95;95;87m██[38;2;70;70;68m██[38;2;64;64;56m██[38;2;67;67;59m██[38;2;75;75;67m██[38;2;106;106;89m██[38;2;35;35;32m  [38;2;123;123;115m  [38;2;31;31;29m  
[38;2;31;31;29m  [38;2;123;123;115m        [38;2;122;122;115m    [38;2;123;123;115m    [38;2;10;10;9m  [38;2;92;92;84m██[38;2;85;85;79m██[38;2;156;157;124m██[38;2;238;240;185m██[38;2;225;227;172m██[38;2;166;168;127m██[38;2;149;149;147m██[38;2;79;79;77m██[38;2;133;133;132m██[38;2;128;128;120m██[38;2;122;122;114m██[38;2;88;88;81m██[38;2;130;131;104m██[38;2;168;169;126m██[38;2;70;71;55m██[38;2;58;59;46m  [38;2;113;113;106m  [38;2;123;123;115m  [38;2;31;31;29m  
[38;2;31;31;29m  [38;2;123;123;115m      [38;2;122;122;115m  [38;2;123;123;115m        [38;2;38;38;36m  [38;2;78;78;72m██[38;2;92;92;84m██[38;2;82;82;77m██[38;2;166;168;127m██[38;2;185;187;139m██[38;2;203;205;150m██[38;2;129;130;104m██[38;2;125;125;117m██[38;2;107;107;102m██[38;2;128;128;120m██[38;2;106;106;98m██[38;2;86;86;79m██[38;2;52;52;43m  [38;2;54;54;40m  [38;2;163;165;123m  [38;2;199;200;154m  [38;2;123;123;115m    [38;2;31;31;29m  
[38;2;31;31;29m  [38;2;123;123;115m        [38;2;122;122;115m    [38;2;123;123;115m      [38;2;62;62;58m  [38;2;68;68;60m██[38;2;91;91;84m██[38;2;85;85;79m██[38;2;92;92;82m██[38;2;50;51;37m██[38;2;32;32;26m██[38;2;102;102;94m██[38;2;128;128;120m██[38;2;81;81;73m██[38;2;95;95;87m██[38;2;31;31;28m  [38;2;126;127;112m  [38;2;146;147;127m    [38;2;142;142;124m  [38;2;123;123;115m    [38;2;31;31;29m  
[38;2;31;31;29m  [38;2;123;123;115m      [38;2;122;122;115m  [38;2;123;123;115m        [38;2;94;94;88m  [38;2;73;73;70m██[38;2;130;130;124m██[38;2;71;71;63m██[38;2;48;48;42m██[38;2;30;30;28m  [38;2;123;123;115m  [38;2;73;73;68m  [38;2;70;70;64m██[38;2;92;92;84m██████[38;2;31;31;28m  [38;2;111;111;104m  [38;2;123;123;115m  [38;2;122;122;115m  [38;2;123;123;115m      [38;2;31;31;29m  
[38;2;31;31;29m  [38;2;123;123;115m        [38;2;122;122;115m    [38;2;123;123;115m    [38;2;94;94;88m  [38;2;43;43;43m██[38;2;61;61;61m██[38;2;23;23;21m██[38;2;91;91;85m  [38;2;122;122;115m  [38;2;123;123;115m  [38;2;122;122;115m  [38;2;88;88;82m  [38;2;62;62;56m██[38;2;92;92;84m██[38;2;91;91;84m██[38;2;80;80;73m██[38;2;78;78;73m  [38;2;123;123;115m  [38;2;122;122;115m  [38;2;123;123;114m  [38;2;123;123;115m    [38;2;31;31;29m  
[38;2;23;23;22m  [38;2;92;92;86m                                [38;2;9;9;9m  [38;2;118;118;115m██[38;2;109;109;103m██[38;2;113;113;107m██[38;2;11;11;10m  [38;2;92;92;86m            [38;2;23;23;22m  
[38;2;0;0;0m                                    [38;2;9;9;9m  [38;2;59;59;59m██[38;2;44;44;44m██[38;2;0;0;0m                [0m
