
[38;2;11;11;11m  [38;2;44;45;44m      [38;2;33;34;33m  [38;2;33;36;33m  [38;2;11;12;11m  [38;2;44;45;44m        [38;2;11;12;11m  [38;2;44;45;44m  [38;2;11;11;11m  
[38;2;42;44;43m  [38;2;169;176;173m      [38;2;127;132;129m  ██[38;2;42;46;43m  [38;2;169;176;173m      [38;2;136;142;139m  [38;2;108;113;110m  [38;2;70;75;72m  [38;2;42;44;43m  
[38;2;42;44;43m  [38;2;170;176;173m  [38;2;170;176;172m  [38;2;132;137;134m  [38;2;80;85;81m██[38;2;132;137;134m██[38;2;82;63;30m    [38;2;137;134;121m  [38;2;174;172;160m  [38;2;127;132;129m  [38;2;127;133;129m██[38;2;42;46;43m  [38;2;42;44;43m  
[38;2;42;44;43m  [38;2;169;176;173m  [38;2;135;140;137m  [38;2;111;117;113m  [38;2;123;130;127m██[38;2;36;38;31m██[38;2;177;102;0m  ██[38;2;59;36;0m  [38;2;186;165;129m  [38;2;58;62;59m  [38;2;162;168;164m██[38;2;111;117;113m  [38;2;7;8;8m  
[38;2;42;44;43m  [38;2;170;176;173m  [38;2;28;32;29m██[38;2;113;120;117m████[38;2;78;76;72m██[38;2;118;69;0m██[38;2;177;102;0m██[38;2;98;58;0m  [38;2;82;68;43m  [38;2;170;176;173m████[38;2;127;132;129m██[38;2;0;1;0m  
[38;2;42;44;43m  [38;2;61;66;62m  [38;2;102;107;104m██[38;2;135;131;78m██[38;2;104;108;104m██[38;2;179;110;22m██[38;2;237;135;0m██[38;2;59;36;0m██[38;2;177;102;0m  [38;2;127;132;129m██[38;2;170;176;173m████[38;2;127;133;129m██[38;2;0;1;0m  
[38;2;42;44;43m  [38;2;42;47;43m  [38;2;116;122;111m██[38;2;139;133;63m██[38;2;108;82;49m██[38;2;222;115;0m██[38;2;237;135;0m████[38;2;61;64;59m██[38;2;170;176;173m██[38;2;197;183;124m██[38;2;183;179;150m██[38;2;127;133;129m██[38;2;0;1;0m  
[38;2;42;44;43m  [38;2;42;47;43m  [38;2;167;166;118m██[38;2;88;86;69m██[38;2;210;113;5m██[38;2;210;150;52m██[38;2;200;88;0m██[38;2;237;135;0m██[38;2;92;91;89m██[38;2;204;185;112m██[38;2;210;186;102m██[38;2;171;176;170m██[38;2;51;56;52m  [38;2;37;39;38m  
[38;2;11;14;11m  [38;2;87;92;88m  [38;2;49;50;39m██[38;2;75;74;69m██[38;2;211;109;8m██[38;2;186;77;8m██[38;2;213;103;0m██[38;2;184;113;20m██[38;2;123;126;125m██[38;2;209;186;104m██[38;2;193;182;132m██[38;2;118;123;120m██[38;2;94;99;96m  [38;2;42;44;43m  
[38;2;28;33;29m██[38;2;108;113;110m██[38;2;95;87;68m████[38;2;194;97;20m██[38;2;192;96;20m██[38;2;197;118;15m██[38;2;69;66;64m██[38;2;97;98;98m██[38;2;172;176;167m██[38;2;145;150;148m██[38;2;64;63;64m██[38;2;73;73;73m  [38;2;18;18;18m  
[38;2;0;1;0m  [38;2;66;70;67m██[38;2;106;113;108m██[38;2;117;107;75m██[38;2;160;139;75m██[38;2;157;137;75m██[38;2;139;124;73m██[38;2;152;134;74m██[38;2;142;129;84m██[38;2;120;123;122m██[38;2;112;114;113m██[38;2;155;160;158m██[38;2;158;163;161m██[38;2;58;58;58m  
[38;2;27;31;28m  [38;2;112;117;114m██[38;2;113;115;118m██[38;2;216;210;211m██[38;2;144;92;43m██[38;2;119;91;68m██[38;2;142;83;29m██[38;2;228;217;206m██[38;2;125;133;129m██[38;2;167;172;170m██[38;2;144;149;147m██[38;2;69;69;69m██[38;2;93;94;94m  [38;2;41;42;42m  
[38;2;20;21;20m  [38;2;81;86;83m  [38;2;58;61;61m██[38;2;176;175;174m██[38;2;152;129;121m██[38;2;163;135;106m██[38;2;170;167;157m██[38;2;171;166;167m██[38;2;105;108;113m██[38;2;187;187;188m██[38;2;170;176;172m██[38;2;108;113;110m██[38;2;86;91;88m  [38;2;20;21;20m  
[38;2;42;44;43m  [38;2;170;176;173m  [38;2;240;104;31m  [38;2;60;29;13m  [38;2;36;33;33m██[38;2;160;162;156m██[38;2;155;162;159m██[38;2;152;154;171m██[38;2;59;33;12m  [38;2;59;36;0m  [38;2;0;4;0m██[38;2;127;132;129m  [38;2;170;176;173m  [38;2;42;44;43m  
[38;2;42;44;43m  [38;2;170;176;173m  [38;2;240;104;31m  [38;2;146;65;18m  [38;2;117;82;32m  [38;2;201;192;203m██[38;2;90;94;91m██[38;2;110;106;112m██[38;2;114;67;0m  [38;2;208;94;23m  [38;2;170;176;173m      [38;2;42;44;43m  
[38;2;42;44;43m  [38;2;165;171;168m  [38;2;4;8;4m██[38;2;100;103;97m██[38;2;184;189;191m██[38;2;190;193;193m████[38;2;242;237;244m██[38;2;189;177;194m██[38;2;21;21;29m██[38;2;170;176;173m      [38;2;42;44;43m  
[38;2;42;44;43m  [38;2;42;47;43m  [38;2;132;135;128m██[38;2;104;105;102m██[38;2;131;133;135m██[38;2;226;218;229m████[38;2;159;153;166m██[38;2;165;173;173m██[38;2;112;116;118m██[38;2;99;104;100m  [38;2;170;176;173m    [38;2;42;44;43m  
[38;2;42;44;43m  [38;2;51;56;52m  [38;2;125;127;120m██[38;2;128;131;125m██[38;2;97;98;98m██[38;2;170;176;172m██[38;2;166;172;170m██[38;2;52;48;51m  [38;2;157;164;163m██[38;2;170;176;172m██[38;2;127;133;129m██  [38;2;170;176;172m  [38;2;42;44;43m  
[38;2;42;44;43m  [38;2;170;176;173m  [38;2;120;61;26m  [38;2;62;66;74m██[38;2;123;128;132m██[38;2;170;176;173m██[38;2;99;102;115m██[38;2;84;55;17m  [38;2;71;73;72m██[38;2;170;176;173m██[38;2;77;82;78m  [38;2;152;158;155m  [38;2;170;176;173m  [38;2;42;44;43m  
[38;2;42;44;43m  [38;2;170;176;173m  [38;2;45;38;28m  [38;2;84;75;70m██[38;2;151;87;55m██[38;2;241;225;217m██[38;2;200;173;163m██[38;2;94;72;45m██[38;2;161;167;136m██[38;2;56;61;57m██[38;2;155;161;158m  [38;2;170;176;173m    [38;2;42;44;43m  
[38;2;15;16;16m  [38;2;62;65;64m  [38;2;179;79;23m  [38;2;105;38;0m██[38;2;182;70;12m██[38;2;209;117;11m██[38;2;191;100;0m██[38;2;213;142;41m██[38;2;163;145;71m██[38;2;104;106;105m██[38;2;15;19;16m  [38;2;62;65;64m    [38;2;15;16;16m  
[38;2;0;0;0m    [38;2;66;47;17m  [38;2;187;149;63m██[38;2;138;62;10m██[38;2;91;55;44m██[38;2;216;125;7m██[38;2;196;96;10m██[38;2;163;85;25m██[38;2;154;129;64m██[38;2;120;102;42m  [38;2;0;0;0m      
[38;2;0;0;0m    [38;2;220;95;28m  [38;2;87;61;29m  [38;2;94;82;37m██[38;2;134;82;5m  [38;2;72;54;41m██[38;2;236;197;68m██[38;2;216;186;63m██[38;2;52;45;36m██[38;2;0;0;0m        
[38;2;0;0;0m    [38;2;32;21;6m██[38;2;170;144;144m██[38;2;172;161;174m██[38;2;177;102;0m  [38;2;188;108;0m  [38;2;135;126;123m  [38;2;168;163;168m██[38;2;157;76;30m  [38;2;0;0;0m        
[38;2;0;0;0m  [38;2;0;3;0m  [38;2;143;51;1m██[38;2;83;31;0m██[38;2;92;73;51m  [38;2;219;125;0m  [38;2;237;134;0m  [38;2;61;46;21m  [38;2;121;106;113m██[38;2;30;40;54m██[38;2;0;0;0m        
[38;2;0;0;0m    [38;2;53;32;13m  [38;2;193;86;26m  [38;2;237;135;0m    [38;2;177;102;0m  [38;2;150;88;3m██[38;2;180;99;35m██[38;2;125;69;34m██[38;2;0;3;0m  [38;2;0;0;0m      
[38;2;0;0;0m    [38;2;62;26;8m    [38;2;61;35;0m    [38;2;46;26;0m  [38;2;14;17;9m  [38;2;53;37;5m██[38;2;45;25;6m██[38;2;0;0;0m        [0m
