
[38;2;3;7;11m  [38;2;14;27;43m  [38;2;5;9;15m██[38;2;1;2;4m  [38;2;14;27;43m                                      [38;2;3;7;11m  
[38;2;15;29;47m  [38;2;59;110;175m  [38;2;21;37;60m██[38;2;48;82;131m██[38;2;14;27;43m  [38;2;58;108;172m  [38;2;58;110;175m    [38;2;59;110;175m  [38;2;58;110;175m  [38;2;59;110;175m      [38;2;58;110;175m    [38;2;59;110;174m  [38;2;59;110;175m    [38;2;58;110;174m  [38;2;59;110;175m        [38;2;15;29;47m  
[38;2;15;29;47m  [38;2;58;110;175m  [38;2;38;71;113m  [38;2;55;94;152m██[38;2;61;106;170m██[38;2;16;28;45m██[38;2;51;96;154m  [38;2;58;110;175m    [38;2;58;109;174m  [38;2;58;110;174m  [38;2;58;110;175m  [38;2;59;110;175m  [38;2;58;110;174m  [38;2;59;110;174m    [38;2;58;110;175m  [38;2;59;110;175m  [38;2;58;110;174m  [38;2;58;110;175m  [38;2;58;110;174m  [38;2;59;110;175m  [38;2;44;82;131m  [38;2;11;22;35m  
[38;2;15;29;47m  [38;2;59;110;175m  [38;2;53;100;159m  [38;2;18;32;51m  [38;2;61;106;170m██[38;2;61;105;170m██[38;2;30;57;91m  [38;2;58;110;175m  [38;2;59;110;175m  [38;2;58;110;175m  [38;2;59;110;175m      [38;2;58;110;175m    [38;2;59;110;174m  [38;2;59;110;175m    [38;2;58;110;174m  [38;2;59;110;175m  [38;2;54;101;161m  [38;2;14;27;43m  [38;2;95;129;177m██[38;2;25;34;48m  
[38;2;15;29;47m  [38;2;58;110;175m    [38;2;19;36;57m  [38;2;46;79;127m██[38;2;61;105;169m██[38;2;46;68;99m██[38;2;31;43;59m██[38;2;39;66;102m  [38;2;58;109;174m  [38;2;58;110;174m  [38;2;58;110;175m  [38;2;59;110;175m  [38;2;58;110;174m  [38;2;59;110;174m    [38;2;58;110;175m  [38;2;51;96;154m  [38;2;44;82;131m  [38;2;32;54;85m  [38;2;30;44;66m██[38;2;117;161;227m██[38;2;108;150;213m██[38;2;18;27;40m  
[38;2;15;29;47m  [38;2;59;110;175m    [38;2;58;110;175m  [38;2;44;82;131m  [38;2;16;27;44m  [38;2;101;127;165m██[38;2;93;110;138m██[38;2;74;84;102m██[38;2;14;27;43m  [38;2;45;84;133m  [38;2;59;110;175m    [38;2;58;110;175m    [38;2;59;110;174m  [38;2;59;110;175m  [38;2;31;37;46m  [38;2;67;100;150m██[38;2;95;135;193m██[38;2;115;160;225m██[38;2;99;143;209m██[38;2;26;42;65m  [38;2;11;22;35m  
[38;2;15;29;47m  [38;2;58;110;175m    [38;2;59;110;174m  [38;2;32;53;80m  [38;2;124;168;232m██[38;2;81;89;105m████[38;2;79;86;99m██[38;2;82;92;110m██[38;2;46;56;71m██[38;2;44;82;131m    [38;2;26;37;54m██[38;2;40;74;118m  [38;2;59;110;174m  [38;2;58;110;175m  [38;2;43;64;95m██[38;2;99;143;209m██[38;2;117;162;227m██[38;2;89;133;199m██[38;2;29;44;68m██[38;2;58;110;175m  [38;2;15;29;47m  
[38;2;15;29;47m  [38;2;59;110;175m    [38;2;19;36;57m  [38;2;66;84;112m██[38;2;80;91;107m██[38;2;69;71;75m██[38;2;81;88;104m██[38;2;122;123;128m██[38;2;146;147;154m██[38;2;98;104;112m██[38;2;82;86;91m██[38;2;84;110;148m██[38;2;79;123;188m██[38;2;69;104;156m██[38;2;14;27;43m    [38;2;78;116;173m██[38;2;99;143;209m██[38;2;89;134;200m██[38;2;82;122;183m██[38;2;34;62;99m  [38;2;59;110;175m  [38;2;15;29;47m  
[38;2;11;22;35m  [38;2;44;82;131m  [38;2;34;62;99m  [38;2;76;107;153m██[38;2;114;120;132m██[38;2;158;158;164m██[38;2;155;159;167m██[38;2;96;96;97m██[38;2;96;96;98m██[38;2;105;105;107m██[38;2;124;128;139m██[38;2;105;111;119m██[38;2;104;130;168m██[38;2;79;123;188m██[38;2;88;132;198m██[38;2;82;113;159m██[38;2;88;130;193m██[38;2;87;125;183m██[38;2;67;100;150m██[38;2;37;59;90m  [38;2;19;36;57m  [38;2;59;110;175m  [38;2;58;110;175m  [38;2;15;29;47m  
[38;2;18;27;40m  [38;2;67;100;150m██[38;2;65;102;157m██[38;2;64;69;75m██[38;2;105;133;175m██[38;2;77;83;95m██[38;2;88;89;91m██[38;2;101;101;104m██[38;2;189;189;197m██[38;2;134;140;148m██[38;2;99;101;105m██[38;2;146;149;160m██[38;2;71;73;76m██[38;2;106;151;216m██[38;2;85;129;195m██[38;2;89;134;200m████[38;2;44;50;59m██[38;2;44;82;131m  [38;2;52;97;155m  [38;2;59;110;175m      [38;2;15;29;47m  
[38;2;3;7;11m  [38;2;57;86;130m  [38;2;87;127;188m██[38;2;80;94;114m██[38;2;100;124;161m██[38;2;65;65;65m██[38;2;100;107;117m██[38;2;106;111;118m██[38;2;75;71;83m██[38;2;76;75;85m██[38;2;78;80;82m██[38;2;160;160;166m██[38;2;100;134;184m██[38;2;75;119;184m██[38;2;89;134;200m██[38;2;82;127;192m██[38;2;77;122;187m██[38;2;61;105;170m██[38;2;1;2;3m  [38;2;58;110;175m  [38;2;58;110;174m  [38;2;59;110;175m  [38;2;58;110;175m  [38;2;15;29;47m  
[38;2;15;29;47m  [38;2;47;87;139m  [38;2;54;73;101m██[38;2;95;114;144m██[38;2;76;81;92m██[38;2;156;156;162m██[38;2;81;79;96m██[38;2;96;84;121m██[38;2;105;89;139m██[38;2;99;86;131m██[38;2;83;77;108m██[38;2;99;107;120m██[38;2;73;114;175m██[38;2;89;134;200m████[38;2;95;139;205m██[38;2;49;95;157m██[38;2;63;89;128m██[38;2;1;2;3m  [38;2;59;110;175m        [38;2;15;29;47m  
[38;2;15;29;47m  [38;2;11;20;32m  [38;2;92;112;142m██[38;2;81;90;107m██[38;2;124;125;131m██[38;2;79;85;97m██[38;2;100;96;117m██[38;2;102;88;135m██[38;2;105;89;139m██[38;2;100;87;133m██[38;2;89;81;122m██[38;2;112;120;131m██[38;2;123;165;227m██[38;2;70;114;179m██[38;2;62;107;171m██[38;2;70;115;179m██[38;2;57;103;166m██[38;2;66;95;137m██[38;2;44;82;131m  [38;2;52;97;155m  [38;2;58;110;174m  [38;2;59;110;175m  [38;2;58;110;175m  [38;2;15;29;47m  
[38;2;15;29;47m  [38;2;11;20;32m  [38;2;111;142;190m██[38;2;66;67;69m██[38;2;142;145;157m██[38;2;65;65;65m██[38;2;169;164;186m██[38;2;90;82;123m██[38;2;93;83;127m██[38;2;93;87;124m██[38;2;182;182;194m██[38;2;211;211;211m██[38;2;112;147;197m██[38;2;70;114;179m██[38;2;89;134;200m██[38;2;79;123;188m██[38;2;89;133;199m██[38;2;112;157;222m██[38;2;95;129;177m██[38;2;49;71;102m  [38;2;19;36;57m  [38;2;59;110;175m    [38;2;15;29;47m  
[38;2;15;29;47m  [38;2;23;42;68m  [38;2;94;122;163m██[38;2;71;75;81m██[38;2;129;132;142m██[38;2;65;65;66m██[38;2;89;81;122m████[38;2;164;160;182m██[38;2;91;91;91m██[38;2;255;255;255m██[38;2;79;89;104m██[38;2;76;121;185m██[38;2;89;134;200m██████[38;2;83;127;192m██[38;2;82;127;192m██[38;2;68;101;150m██[38;2;95;129;177m██[38;2;19;36;57m  [38;2;59;110;175m  [38;2;58;110;175m  [38;2;15;29;47m  
[38;2;15;29;47m  [38;2;59;110;175m  [38;2;44;60;83m██[38;2;86;98;119m██[38;2;90;93;97m██[38;2;78;84;96m██[38;2;81;75;102m██[38;2;89;81;123m██[38;2;89;81;122m██[38;2;131;125;156m████[38;2;79;89;104m██[38;2;76;121;185m██[38;2;89;134;200m████[38;2;81;125;191m██[38;2;62;106;170m██[38;2;40;51;67m██[38;2;44;82;131m    [38;2;59;110;175m      [38;2;15;29;47m  
[38;2;15;29;47m  [38;2;58;110;175m  [38;2;43;63;91m  [38;2;93;112;142m██[38;2;86;90;95m██[38;2;92;100;114m██[38;2;81;79;96m██[38;2;86;80;111m██[38;2;116;112;144m██[38;2;134;132;159m██[38;2;191;196;198m██[38;2;65;65;65m██[38;2;112;147;197m██[38;2;68;112;177m██[38;2;65;109;173m██[38;2;64;108;172m██[38;2;64;77;96m██[38;2;62;100;156m██[38;2;1;2;3m  [38;2;58;110;175m  [38;2;58;110;174m  [38;2;59;110;175m  [38;2;58;110;175m  [38;2;15;29;47m  
[38;2;15;29;47m  [38;2;59;110;175m  [38;2;53;100;159m  [38;2;33;47;66m  [38;2;99;121;156m██[38;2;79;81;83m██[38;2;120;121;125m██[38;2;79;85;96m██[38;2;97;99;101m██[38;2;108;109;109m██[38;2;80;86;95m██[38;2;136;136;141m██[38;2;112;147;197m██[38;2;62;105;170m██[38;2;61;106;170m██[38;2;85;129;195m██[38;2;83;127;192m██[38;2;63;84;115m██[38;2;1;2;3m  [38;2;59;110;175m        [38;2;15;29;47m  
[38;2;15;29;47m  [38;2;58;110;175m    [38;2;59;110;174m  [38;2;51;71;99m██[38;2;82;91;108m██[38;2;75;80;89m██[38;2;153;154;160m██[38;2;92;99;110m██[38;2;99;106;119m██[38;2;141;141;147m██[38;2;78;85;98m██[38;2;103;140;194m██[38;2;61;105;170m██[38;2;52;97;160m██[38;2;62;107;170m██[38;2;65;68;72m██[38;2;31;54;87m  [38;2;58;110;174m  [38;2;58;110;175m  [38;2;58;110;174m  [38;2;59;110;175m  [38;2;58;110;175m  [38;2;15;29;47m  
[38;2;15;29;47m  [38;2;59;110;175m    [38;2;58;110;175m  [38;2;34;61;95m  [38;2;86;121;173m██[38;2;49;54;64m██[38;2;18;20;23m  [38;2;36;52;72m  [38;2;32;40;48m  [38;2;44;82;131m  [38;2;41;51;66m██[38;2;76;121;185m██[38;2;62;105;170m██[38;2;22;38;61m██[38;2;60;104;168m██[38;2;62;96;145m██[38;2;28;52;83m  [38;2;58;110;174m  [38;2;59;110;175m        [38;2;15;29;47m  
[38;2;15;29;47m  [38;2;58;110;175m    [38;2;59;110;174m  [38;2;58;110;175m  [38;2;15;29;46m  [38;2;37;70;112m  [38;2;58;110;175m    [38;2;58;109;174m  [38;2;18;34;54m  [38;2;112;156;221m██[38;2;50;85;137m██[38;2;14;27;43m  [38;2;52;97;155m  [38;2;27;48;76m  [38;2;87;130;195m██[38;2;46;69;104m██[38;2;58;110;174m  [38;2;58;110;175m  [38;2;58;110;174m  [38;2;59;110;175m  [38;2;58;110;175m  [38;2;15;29;47m  
[38;2;3;7;11m  [38;2;14;27;43m                  [38;2;4;8;13m  [38;2;28;39;55m██[38;2;3;6;9m  [38;2;14;27;43m    [38;2;8;16;26m  [38;2;21;31;46m  [38;2;11;17;26m  [38;2;14;27;43m          [38;2;3;7;11m  [0m
