
[38;2;0;0;0m                            [38;2;21;23;18m██[38;2;5;6;4m  [38;2;0;0;0m                        
[38;2;0;0;0m                      [38;2;0;2;0m    [38;2;0;3;0m  [38;2;81;78;68m██[38;2;20;22;17m██[38;2;0;0;0m                        
[38;2;21;31;35m  [38;2;87;127;143m                  [38;2;65;96;107m  [38;2;48;80;90m██[38;2;52;85;94m██[38;2;66;64;55m██[38;2;81;78;68m████[38;2;21;34;35m  [38;2;87;127;143m                  [38;2;68;100;112m  [38;2;21;31;35m  
[38;2;21;31;35m  [38;2;87;127;143m                  [38;2;65;96;107m  [38;2;48;80;90m██[38;2;68;73;75m██[38;2;80;77;69m██[38;2;81;79;68m████[38;2;21;34;35m  [38;2;87;127;143m                [38;2;34;52;56m  [38;2;68;96;105m  [38;2;4;7;7m  
[38;2;21;31;35m  [38;2;87;127;143m                  [38;2;65;96;107m  [38;2;48;80;89m██[38;2;69;68;66m██[38;2;81;78;68m██[38;2;81;79;68m████[38;2;63;62;56m██[38;2;50;72;78m  [38;2;87;127;143m            [38;2;80;117;131m  [38;2;40;59;63m  [38;2;70;102;111m██[38;2;0;1;0m  
[38;2;21;31;35m  [38;2;87;127;143m                  [38;2;65;96;107m  [38;2;49;54;56m██[38;2;141;73;50m██[38;2;81;78;68m████[38;2;71;70;66m██[38;2;81;78;68m██[38;2;20;22;17m██[38;2;87;127;143m            [38;2;65;96;107m  [38;2;81;113;122m██[38;2;25;42;44m  [38;2;18;26;29m  
[38;2;21;31;35m  [38;2;87;127;143m                  [38;2;65;96;107m  [38;2;55;53;52m██[38;2;81;78;68m██████[38;2;69;68;66m██[38;2;81;79;68m██[38;2;81;77;69m██[38;2;22;28;27m██[38;2;48;72;80m  [38;2;87;127;143m        [38;2;26;40;40m██[38;2;57;88;98m██[38;2;44;66;73m  [38;2;21;31;35m  
[38;2;21;31;35m  [38;2;87;127;143m  [38;2;87;126;143m  [38;2;87;127;143m  [38;2;87;126;143m  [38;2;87;127;143m  [38;2;87;126;143m  [38;2;87;127;143m  [38;2;87;126;143m  [38;2;87;127;143m  [38;2;21;27;26m  [38;2;80;73;66m██[38;2;81;79;68m████[38;2;81;78;68m██[38;2;70;68;66m██[38;2;81;79;68m██[38;2;87;77;72m██[38;2;65;75;79m██[38;2;57;95;107m██[38;2;30;47;50m  [38;2;87;127;143m  [38;2;87;126;143m  [38;2;30;47;50m  [38;2;96;133;143m██[38;2;27;40;40m██[38;2;87;126;143m  [38;2;21;31;35m  
[38;2;6;13;11m██[38;2;46;70;77m  [38;2;62;92;102m  [38;2;87;127;143m          [38;2;78;115;129m  [38;2;32;52;57m  [38;2;73;68;68m██[38;2;88;77;70m██[38;2;119;78;73m██[38;2;115;82;71m██[38;2;82;76;68m██[38;2;87;75;69m██[38;2;136;92;74m██[38;2;168;91;73m██[38;2;89;71;73m██[38;2;67;84;91m██[38;2;43;64;68m  [38;2;78;115;129m  [38;2;65;96;107m  [38;2;59;92;101m██[38;2;78;115;127m██[38;2;34;54;58m  [38;2;87;127;143m  [38;2;21;31;35m  
[38;2;1;4;3m  [38;2;44;75;83m██[38;2;45;75;84m  [38;2;67;99;111m  [38;2;87;127;143m        [38;2;65;96;107m  [38;2;48;79;89m██[38;2;108;63;64m██[38;2;130;70;69m██[38;2;95;73;73m██[38;2;93;75;73m██[38;2;85;78;68m██[38;2;94;74;73m██[38;2;107;79;74m██[38;2;94;74;73m██[38;2;87;72;72m██[38;2;94;121;130m██[38;2;81;113;122m██[38;2;65;96;107m  [38;2;30;45;47m  [38;2;104;144;158m██[38;2;47;80;89m██[38;2;65;96;107m  [38;2;87;127;143m  [38;2;21;31;35m  
[38;2;21;31;35m  [38;2;48;72;79m  [38;2;44;70;77m██[38;2;36;44;44m██[38;2;33;54;59m  [38;2;78;114;128m  [38;2;87;127;143m    [38;2;16;29;30m██[38;2;65;75;79m██[38;2;88;76;76m██[38;2;95;74;73m██[38;2;95;73;73m██[38;2;94;74;73m████[38;2;95;73;73m████[38;2;132;73;59m██[38;2;87;72;71m██[38;2;84;114;124m██[38;2;53;85;95m██[38;2;45;64;70m  [38;2;59;84;90m██[38;2;74;116;132m██[38;2;37;61;67m  [38;2;74;108;121m  [38;2;87;127;143m  [38;2;21;31;35m  
[38;2;21;31;35m  [38;2;87;127;143m  [38;2;61;90;100m  [38;2;50;80;90m██[38;2;64;76;81m██[38;2;20;35;36m  [38;2;26;41;43m  [38;2;87;127;143m  [38;2;16;29;30m██[38;2;65;75;79m██[38;2;94;74;73m██[38;2;95;73;73m████[38;2;94;74;73m██[38;2;154;73;51m██[38;2;95;73;73m████[38;2;74;67;68m██[38;2;87;72;71m██[38;2;64;95;106m██[38;2;64;105;118m██[38;2;64;75;74m██[38;2;97;138;153m██[38;2;64;106;122m██[38;2;21;34;35m  [38;2;87;127;143m  [38;2;6;13;10m  [38;2;1;3;2m  
[38;2;21;31;35m  [38;2;87;127;143m  [38;2;86;127;143m  [38;2;21;34;35m  [38;2;64;95;106m████[38;2;55;78;85m██[38;2;28;48;52m██[38;2;65;65;65m██[38;2;77;69;69m██[38;2;82;78;79m██[38;2;70;74;76m██[38;2;84;71;71m██[38;2;94;74;73m██[38;2;95;74;74m██[38;2;95;73;73m██[38;2;87;72;72m██[38;2;83;113;124m██[38;2;65;69;71m██[38;2;64;100;112m██[38;2;64;95;106m██[38;2;64;95;108m██[38;2;64;105;121m██[38;2;64;92;102m██[38;2;56;75;82m██[38;2;33;52;55m██[38;2;59;84;91m██[38;2;8;16;16m  
[38;2;21;31;35m  [38;2;87;127;143m    [38;2;84;122;138m  [38;2;57;69;72m██[38;2;66;77;82m██[38;2;65;105;119m██[38;2;66;77;82m██[38;2;96;125;134m██[38;2;65;65;65m██[38;2;96;135;148m██[38;2;95;135;149m██[38;2;72;66;70m██[38;2;93;77;76m██[38;2;94;74;73m██[38;2;117;71;56m██[38;2;88;68;61m██[38;2;64;95;106m██[38;2;65;75;79m██[38;2;64;105;120m██[38;2;65;76;80m██[38;2;64;105;120m██[38;2;64;96;108m██[38;2;65;95;105m██[38;2;73;73;68m██[38;2;20;25;21m██[38;2;23;35;36m  [38;2;20;30;34m  
[38;2;21;31;35m  [38;2;87;127;143m  [38;2;87;126;143m  [38;2;87;127;143m  [38;2;66;96;108m  [38;2;49;64;69m██[38;2;64;86;94m██[38;2;95;131;143m██[38;2;104;140;150m██[38;2;87;107;112m██[38;2;107;148;161m██[38;2;89;131;146m██[38;2;85;104;109m██[38;2;67;70;73m██[38;2;90;72;68m██[38;2;110;72;61m██[38;2;100;69;59m██[38;2;64;95;107m████[38;2;65;81;87m██[38;2;66;85;93m██[38;2;70;90;98m██[38;2;64;86;94m██[38;2;46;52;52m██[38;2;40;63;68m  [38;2;76;111;124m  [38;2;87;126;143m  [38;2;21;31;35m  
[38;2;21;31;35m  [38;2;87;127;143m      [38;2;65;96;107m  [38;2;48;80;89m██[38;2;76;85;90m██[38;2;75;116;132m██[38;2;106;147;160m██[38;2;88;96;91m██[38;2;88;97;92m██[38;2;75;116;132m██[38;2;74;83;81m██[38;2;96;136;149m██[38;2;77;70;69m██[38;2;96;73;73m██[38;2;110;70;57m██[38;2;64;95;107m████[38;2;97;127;136m██[38;2;64;105;121m██[38;2;64;106;119m██[38;2;49;81;89m██[38;2;64;95;106m  [38;2;86;125;141m  [38;2;87;127;143m    [38;2;21;31;35m  
[38;2;21;31;35m  [38;2;87;127;143m        [38;2;21;34;35m  [38;2;107;147;160m██[38;2;97;122;126m██[38;2;191;125;71m██[38;2;219;151;76m██[38;2;154;125;91m██[38;2;70;96;99m██[38;2;83;106;114m██[38;2;90;132;146m██[38;2;68;89;95m██[38;2;71;75;77m██[38;2;160;86;61m██[38;2;64;95;104m██[38;2;76;85;89m██[38;2;107;147;161m██[38;2;91;104;102m██[38;2;73;87;87m██[38;2;69;89;94m██[38;2;16;24;23m██[38;2;87;127;143m      [38;2;21;31;35m  
[38;2;21;31;35m  [38;2;87;127;143m      [38;2;65;96;107m  [38;2;80;111;120m██[38;2;107;147;161m██[38;2;88;97;92m██[38;2;62;103;119m██[38;2;66;106;120m██[38;2;82;78;73m██[38;2;100;131;138m██[38;2;67;98;108m██[38;2;67;97;108m██[38;2;64;95;105m██[38;2;66;65;65m██[38;2;111;69;50m██[38;2;64;95;105m██[38;2;76;85;90m██[38;2;82;91;90m██[38;2;64;105;119m██[38;2;65;75;79m████[38;2;16;30;31m  [38;2;87;127;143m      [38;2;21;31;35m  
[38;2;21;31;35m  [38;2;87;126;143m      [38;2;39;57;59m  [38;2;74;89;92m██[38;2;107;147;161m████[38;2;93;114;118m██[38;2;94;114;120m██[38;2;101;136;149m██[38;2;84;120;132m██[38;2;65;75;79m████[38;2;65;81;87m██[38;2;87;67;58m██[38;2;127;73;50m██[38;2;81;68;65m██[38;2;79;85;87m██[38;2;71;70;68m██[38;2;65;84;92m████[38;2;57;72;77m██[38;2;39;55;59m  [38;2;87;126;143m      [38;2;21;31;35m  
[38;2;21;31;35m  [38;2;87;127;143m  [38;2;63;92;103m  [38;2;3;7;3m██[38;2;67;98;109m██[38;2;69;70;69m██[38;2;79;89;91m██[38;2;105;144;156m██[38;2;66;96;109m██[38;2;62;64;68m██[38;2;67;97;109m██[38;2;64;94;105m██[38;2;65;66;68m██[38;2;64;94;105m██[38;2;65;74;78m██[38;2;64;105;119m██[38;2;111;71;53m██[38;2;154;87;62m██[38;2;65;69;74m██[38;2;65;95;105m██[38;2;65;65;66m██[38;2;65;96;107m██[38;2;73;83;87m██[38;2;66;106;121m██[38;2;23;35;36m  [38;2;86;125;141m  [38;2;87;127;143m  [38;2;21;31;35m  
[38;2;21;31;35m  [38;2;50;75;82m  [38;2;48;47;44m██[38;2;81;79;68m██[38;2;70;73;75m██[38;2;65;83;89m██[38;2;64;101;114m██[38;2;65;70;73m██[38;2;65;69;71m██[38;2;64;100;112m██[38;2;64;92;102m████[38;2;65;83;89m██[38;2;91;72;63m██[38;2;66;71;73m██[38;2;71;89;92m██[38;2;81;66;60m████[38;2;65;101;112m██[38;2;69;91;95m██[38;2;67;71;73m██[38;2;65;101;115m██[38;2;65;102;115m██[38;2;69;92;97m██[38;2;61;85;92m██[38;2;39;59;64m  [38;2;87;127;143m  [38;2;21;31;35m  
[38;2;0;1;0m  [38;2;61;60;51m██[38;2;78;75;67m██[38;2;77;74;67m██[38;2;70;68;66m██[38;2;78;75;68m██[38;2;68;76;75m██[38;2;64;74;78m██[38;2;64;96;107m██[38;2;65;65;67m██[38;2;69;65;64m██[38;2;69;65;65m██[38;2;116;73;59m██[38;2;60;83;92m██[38;2;65;76;81m██[38;2;63;101;116m██[38;2;61;73;78m████[38;2;67;96;106m██[38;2;68;68;68m██[38;2;64;105;118m██[38;2;73;81;84m██[38;2;65;94;103m██[38;2;67;65;66m██[38;2;65;94;103m██[38;2;21;23;20m██[38;2;82;120;134m  [38;2;21;31;35m  
[38;2;12;19;21m  [38;2;38;45;41m  [38;2;33;34;27m██[38;2;28;30;27m██[38;2;81;78;68m██[38;2;44;43;37m██[38;2;51;76;84m  [38;2;33;41;41m  [38;2;64;87;96m██[38;2;64;93;103m██[38;2;91;68;60m██[38;2;104;73;66m██[38;2;79;61;66m██[38;2;66;82;90m██[38;2;65;102;114m██[38;2;70;94;99m██[38;2;64;101;115m██[38;2;68;88;94m██[38;2;69;80;83m██[38;2;64;93;103m██[38;2;67;79;82m██[38;2;75;72;67m██[38;2;69;68;66m██[38;2;81;78;68m██[38;2;74;71;67m██[38;2;79;76;68m██[38;2;21;34;35m  [38;2;21;31;35m  
[38;2;21;31;35m  [38;2;87;127;143m    [38;2;28;44;47m  [38;2;9;17;15m  [38;2;67;99;111m  [38;2;84;123;139m  [38;2;24;36;37m  [38;2;64;95;106m████[38;2;70;95;102m██[38;2;72;67;66m██[38;2;214;165;66m██[38;2;113;98;66m██[38;2;80;78;79m██[38;2;65;102;116m████[38;2;71;82;83m██[38;2;207;185;66m██[38;2;64;92;102m██[38;2;69;68;66m██[38;2;81;77;68m██[38;2;65;65;65m██[38;2;77;74;67m██[38;2;76;73;65m██[38;2;69;67;60m██[38;2;28;44;47m  [38;2;21;31;35m  
[38;2;21;31;35m  [38;2;87;127;143m          [38;2;34;55;59m  [38;2;59;66;68m██[38;2;70;88;93m██[38;2;65;83;85m██[38;2;125;89;73m██[38;2;127;85;69m██[38;2;255;132;72m██[38;2;113;96;66m██[38;2;237;129;72m██[38;2;102;102;72m██[38;2;68;93;100m██[38;2;66;72;74m██[38;2;207;101;72m██[38;2;65;84;91m██[38;2;66;85;91m██[38;2;71;69;67m██[38;2;65;71;74m██[38;2;68;74;76m██[38;2;36;44;42m  [38;2;54;80;88m  [38;2;87;127;143m  [38;2;21;31;35m  
[38;2;21;31;35m  [38;2;87;127;143m          [38;2;16;29;30m██[38;2;65;75;79m██[38;2;75;89;85m██[38;2;65;75;79m██[38;2;64;97;108m██[38;2;72;77;78m██[38;2;188;96;71m██[38;2;74;76;72m██[38;2;117;84;69m██[38;2;119;87;73m██[38;2;64;105;121m██[38;2;64;101;114m██[38;2;65;78;83m██[38;2;64;105;118m██[38;2;65;103;114m████[38;2;64;105;120m██[38;2;16;29;30m██[38;2;87;127;143m      [38;2;21;31;35m  
[38;2;21;31;35m  [38;2;87;127;143m          [38;2;16;30;30m██[38;2;67;97;109m██[38;2;65;86;93m██[38;2;63;94;105m██[38;2;71;91;94m██[38;2;65;86;93m██[38;2;71;77;75m██[38;2;64;81;88m██[38;2;69;96;102m██[38;2;70;97;103m██[38;2;64;106;120m██[38;2;65;75;79m██[38;2;68;99;106m██[38;2;67;98;106m██[38;2;75;84;80m██[38;2;68;99;105m██[38;2;72;93;93m██[38;2;16;29;30m██[38;2;87;127;143m      [38;2;21;31;35m  
[38;2;21;31;35m  [38;2;87;127;143m          [38;2;70;102;113m  [38;2;47;51;47m  [38;2;73;71;71m██[38;2;63;94;106m██[38;2;75;84;81m██[38;2;65;75;79m██[38;2;65;98;109m██[38;2;75;76;73m██[38;2;65;105;118m██[38;2;65;78;84m██[38;2;67;77;80m██[38;2;65;80;86m██[38;2;67;94;102m██[38;2;65;98;109m██[38;2;73;86;85m██[38;2;64;105;118m██[38;2;48;76;83m██[38;2;65;96;107m  [38;2;87;127;143m      [38;2;21;31;35m  
[38;2;21;31;35m  [38;2;87;127;143m            [38;2;66;97;108m  [38;2;34;35;32m██[38;2;67;75;78m██[38;2;68;92;99m██[38;2;71;73;74m██[38;2;31;53;58m██[38;2;66;99;110m██[38;2;25;36;35m██[38;2;54;86;98m██[38;2;77;80;74m██[38;2;32;47;48m██[38;2;32;37;36m██[38;2;64;99;110m██[38;2;65;104;115m██[38;2;67;86;89m██[38;2;30;42;40m  [38;2;80;117;131m  [38;2;87;127;143m      [38;2;21;31;35m  
[38;2;21;31;35m  [38;2;87;127;143m          [38;2;56;81;89m  [38;2;14;17;13m██[38;2;64;99;112m████[38;2;65;73;76m██[38;2;16;21;19m██[38;2;69;102;114m  [38;2;17;28;28m  [38;2;69;102;114m  [38;2;53;55;49m    [38;2;69;102;114m  [38;2;59;86;95m  [38;2;47;58;56m██[38;2;65;73;76m██[38;2;25;36;36m██[38;2;74;108;121m  [38;2;87;127;143m        [38;2;21;31;35m  
[38;2;21;31;35m  [38;2;87;127;143m          [38;2;51;74;81m  [38;2;21;23;19m██[38;2;71;72;71m██[38;2;75;76;72m██[38;2;18;33;34m██[38;2;51;77;85m  [38;2;87;127;143m      [38;2;68;100;112m    [38;2;40;61;66m  [38;2;78;110;120m██[38;2;90;131;144m██[38;2;85;127;140m██[38;2;64;106;120m██[38;2;40;67;74m  [38;2;71;105;117m  [38;2;87;127;143m      [38;2;21;31;35m  
[38;2;16;24;27m  [38;2;67;98;110m              [38;2;0;3;0m    [38;2;67;98;110m            [38;2;50;74;82m  [38;2;41;42;38m  [38;2;58;58;54m██[38;2;69;67;66m██[38;2;56;79;88m██[38;2;69;67;66m██[38;2;37;62;69m  [38;2;50;74;82m  [38;2;67;98;110m      [38;2;16;24;27m  
[38;2;0;0;0m                                    [38;2;5;6;4m  [38;2;21;23;17m██[38;2;5;6;4m  [38;2;21;23;18m██[38;2;0;0;0m            [0m
