
[38;2;0;0;0m                    [38;2;29;32;29m██[38;2;20;21;15m  [38;2;0;0;0m                  
[38;2;0;0;0m                [38;2;0;3;0m  [38;2;87;86;87m  [38;2;104;102;98m██[38;2;80;76;63m██[38;2;0;1;0m  [38;2;0;0;0m                
[38;2;0;0;0m              [38;2;0;3;0m  [38;2;79;75;72m██[38;2;90;87;77m██[38;2;87;85;75m██[38;2;117;81;77m██[38;2;62;61;58m██[38;2;0;0;0m                
[38;2;0;0;0m              [38;2;0;3;0m  [38;2;85;84;72m██[38;2;115;117;114m██[38;2;96;95;87m██[38;2;110;70;63m██[38;2;131;75;62m██[38;2;0;3;0m  [38;2;0;0;0m              
[38;2;0;0;0m            [38;2;8;9;6m  [38;2;66;64;62m██[38;2;117;67;59m██[38;2;83;79;66m██[38;2;122;82;63m██[38;2;79;77;67m██[38;2;76;71;66m██[38;2;74;71;64m██[38;2;0;1;0m  [38;2;0;0;0m    [38;2;0;1;0m  [38;2;0;0;0m      
[38;2;0;0;0m  [38;2;51;74;84m  [38;2;65;95;107m        [38;2;33;34;27m██[38;2;81;79;68m████[38;2;202;91;59m██[38;2;119;78;63m██[38;2;74;73;66m██[38;2;154;91;70m██[38;2;68;66;63m██[38;2;38;58;63m  [38;2;65;95;107m  [38;2;23;35;38m  [38;2;65;97;108m██[38;2;20;32;33m  [38;2;65;95;107m  [38;2;17;24;28m  
[38;2;0;0;0m  [38;2;68;99;112m  [38;2;86;127;143m      [38;2;67;99;111m  [38;2;64;35;33m██[38;2;192;63;47m██[38;2;82;58;62m██[38;2;76;71;67m██[38;2;106;58;62m██[38;2;121;52;57m██[38;2;162;90;65m██[38;2;128;43;54m██[38;2;38;30;26m██[38;2;84;123;138m  [38;2;37;56;61m  [38;2;85;126;142m██[38;2;24;40;42m██[38;2;86;127;143m  [38;2;22;33;37m  
[38;2;0;0;0m  [38;2;68;99;112m  [38;2;87;127;143m      [38;2;10;18;17m  [38;2;133;53;56m██[38;2;158;43;50m██[38;2;129;40;53m██[38;2;208;113;72m██[38;2;158;87;67m██[38;2;94;68;66m██[38;2;158;69;60m██[38;2;131;40;56m██[38;2;87;49;53m██[38;2;26;42;44m  [38;2;79;116;131m██[38;2;78;115;128m██[38;2;50;76;83m  [38;2;87;127;143m  [38;2;22;33;37m  
[38;2;0;0;0m  [38;2;68;99;112m  [38;2;86;127;143m    [38;2;55;83;91m  [38;2;97;50;55m██[38;2;118;46;56m██[38;2;154;46;51m██[38;2;145;47;55m██[38;2;129;43;52m██[38;2;230;121;71m██[38;2;107;58;63m██[38;2;140;59;58m██[38;2;225;116;75m██[38;2;140;90;69m██[38;2;80;92;93m██[38;2;83;124;140m██[38;2;45;82;92m██[38;2;60;89;98m  [38;2;86;127;143m  [38;2;22;33;37m  
[38;2;0;0;0m  [38;2;17;27;28m  [38;2;41;63;68m  [38;2;87;127;143m  [38;2;55;83;91m  [38;2;87;95;91m██[38;2;91;60;64m██[38;2;150;43;50m██[38;2;150;76;69m██[38;2;81;53;63m██[38;2;160;38;50m██[38;2;173;43;49m██[38;2;231;115;68m██[38;2;170;41;49m██[38;2;98;55;61m██[38;2;86;127;142m██[38;2;72;114;130m██[38;2;24;40;42m  [38;2;80;117;131m  [38;2;87;127;143m  [38;2;22;33;37m  
[38;2;0;1;0m  [38;2;50;84;95m██[38;2;49;82;93m██[38;2;16;21;18m██[38;2;45;68;74m██[38;2;86;127;143m██[38;2;75;117;133m██[38;2;71;86;88m██[38;2;171;118;103m██[38;2;230;157;89m██[38;2;133;79;70m██[38;2;239;75;57m██[38;2;211;85;60m██[38;2;135;46;53m██[38;2;78;100;112m██[38;2;84;125;141m██[38;2;53;89;100m██[38;2;32;50;53m  [38;2;87;127;143m  [38;2;86;127;143m  [38;2;22;33;37m  
[38;2;0;0;0m  [38;2;12;23;23m  [38;2;65;97;110m██[38;2;78;105;116m██[38;2;84;105;105m██[38;2;86;127;142m██[38;2;83;124;139m██[38;2;72;113;129m██[38;2;82;98;102m██[38;2;88;78;70m██[38;2;187;110;86m██[38;2;111;70;69m██[38;2;186;43;45m██[38;2;95;64;65m██[38;2;85;121;136m██[38;2;69;111;127m██[38;2;22;40;42m██[38;2;87;127;143m      [38;2;22;33;37m  
[38;2;0;1;0m  [38;2;54;87;98m██[38;2;73;85;90m██[38;2;86;127;143m██[38;2;83;113;119m██[38;2;77;115;126m██[38;2;109;122;124m██[38;2;86;127;143m██[38;2;69;104;116m██[38;2;66;108;122m██[38;2;76;72;72m██[38;2;162;77;63m██[38;2;71;80;85m██[38;2;87;128;144m██[38;2;75;117;132m██[38;2;69;111;126m██[38;2;64;105;120m██[38;2;14;24;23m  [38;2;87;127;143m  [38;2;86;127;143m  [38;2;22;33;37m  
[38;2;0;0;0m  [38;2;15;25;25m  [38;2;80;111;123m██[38;2;87;128;144m██[38;2;95;127;137m██[38;2;28;41;42m██[38;2;186;191;205m██[38;2;87;128;144m██[38;2;71;89;91m██[38;2;63;105;120m██[38;2;74;72;72m██[38;2;66;66;67m██[38;2;87;128;144m████[38;2;81;103;105m██[38;2;82;90;83m██[38;2;68;99;105m██[38;2;14;24;23m  [38;2;87;127;143m    [38;2;22;33;37m  
[38;2;0;1;0m  [38;2;68;101;113m██[38;2;86;128;143m██[38;2;82;88;78m██[38;2;50;64;65m██[38;2;186;186;200m██[38;2;85;117;126m██[38;2;78;88;81m██[38;2;70;89;92m██[38;2;64;105;119m██[38;2;65;80;86m██[38;2;64;96;106m██[38;2;73;115;131m██[38;2;83;112;119m██[38;2;69;91;95m██[38;2;64;96;108m██[38;2;65;79;85m██[38;2;53;89;100m██[38;2;60;88;98m  [38;2;86;127;143m  [38;2;22;33;37m  
[38;2;0;1;0m  [38;2;70;103;115m██[38;2;83;124;140m██[38;2;68;101;111m██[38;2;81;89;87m██[38;2;84;93;87m██[38;2;66;98;106m██[38;2;64;105;119m██[38;2;66;85;91m██[38;2;65;75;80m██[38;2;65;80;86m██[38;2;65;65;66m██[38;2;64;92;102m██[38;2;77;75;72m██[38;2;65;87;95m██[38;2;64;93;103m██[38;2;71;73;74m██[38;2;56;92;103m██[38;2;61;89;98m  [38;2;87;127;143m  [38;2;22;33;37m  
[38;2;0;0;0m  [38;2;17;29;28m  [38;2;46;81;93m██[38;2;64;106;121m██[38;2;62;94;106m██[38;2;63;104;118m██[38;2;64;89;98m██[38;2;64;93;103m██[38;2;67;72;73m██[38;2;73;82;85m██[38;2;69;94;103m██[38;2;69;99;105m██[38;2;65;75;79m██[38;2;65;67;68m██[38;2;68;87;94m██[38;2;70;80;84m██[38;2;65;89;96m██[38;2;69;77;77m██[38;2;20;36;38m██[38;2;86;127;143m  [38;2;22;33;37m  
[38;2;0;0;0m  [38;2;17;27;28m  [38;2;53;78;86m██[38;2;65;75;79m██[38;2;65;84;92m██[38;2;65;74;77m██[38;2;71;89;97m██[38;2;55;87;98m██[38;2;80;98;98m██[38;2;80;121;137m██[38;2;64;106;121m██[38;2;68;99;106m██[38;2;69;78;82m██[38;2;81;111;123m██[38;2;84;121;135m██[38;2;86;127;143m██[38;2;69;105;118m██[38;2;68;74;76m██[38;2;20;35;37m██[38;2;87;127;143m  [38;2;22;33;37m  
[38;2;5;6;4m  [38;2;68;66;57m██[38;2;65;77;83m██[38;2;64;106;121m██[38;2;64;102;115m██[38;2;65;68;70m██[38;2;86;127;143m██[38;2;87;128;144m██[38;2;84;103;102m██[38;2;86;127;143m██[38;2;84;120;134m██[38;2;61;92;104m██[38;2;79;105;116m██[38;2;70;112;128m██[38;2;74;116;132m██[38;2;69;110;125m██[38;2;71;88;90m██[38;2;68;67;66m██[38;2;69;97;103m██[38;2;18;30;30m  [38;2;22;33;37m  
[38;2;18;20;17m██[38;2;69;68;66m██[38;2;74;74;71m██[38;2;24;37;38m██[38;2;66;86;90m██[38;2;64;96;107m██[38;2;77;99;108m██[38;2;86;127;143m██[38;2;69;92;98m██[38;2;85;125;141m██[38;2;74;77;76m██[38;2;77;74;67m██[38;2;71;80;85m██[38;2;85;126;142m██[38;2;80;102;107m██[38;2;79;90;89m██[38;2;65;83;89m██[38;2;67;93;99m██[38;2;71;100;106m██[38;2;23;32;30m  [38;2;22;33;37m  
[38;2;0;0;0m  [38;2;48;47;40m  [38;2;49;51;46m  [38;2;57;85;95m  [38;2;33;49;47m██[38;2;67;96;103m██[38;2;67;85;90m██[38;2;71;79;84m██[38;2;67;92;101m██[38;2;71;81;85m██[38;2;74;77;76m██[38;2;66;65;66m██[38;2;79;76;67m██[38;2;69;68;66m██[38;2;65;83;90m██[38;2;63;92;103m██[38;2;67;70;71m██[38;2;64;106;119m██[38;2;68;82;83m██[38;2;52;86;97m██[38;2;0;1;0m  
[38;2;0;0;0m  [38;2;51;75;84m  [38;2;71;105;118m  [38;2;14;24;23m  [38;2;68;99;105m██[38;2;67;96;103m██[38;2;64;95;106m██[38;2;70;81;87m██[38;2;83;124;140m██[38;2;83;93;86m██[38;2;84;119;132m██[38;2;66;65;66m██[38;2;67;66;66m██[38;2;81;79;68m██[38;2;72;70;66m██[38;2;78;110;122m██[38;2;63;98;108m██[38;2;65;80;86m██[38;2;74;85;84m██[38;2;48;82;94m██[38;2;0;1;0m  
[38;2;0;0;0m  [38;2;68;99;112m  [38;2;86;127;143m    [38;2;21;34;35m  [38;2;46;76;86m  [38;2;69;87;94m██[38;2;65;94;104m██[38;2;65;78;84m██[38;2;64;105;119m██[38;2;75;85;82m██[38;2;66;66;67m██[38;2;87;128;144m██[38;2;68;68;68m██[38;2;71;80;80m██[38;2;77;80;74m██[38;2;53;89;100m██[38;2;65;80;86m██[38;2;65;99;111m██[38;2;75;83;79m██[38;2;16;30;31m██
[38;2;0;0;0m  [38;2;68;99;112m  [38;2;87;127;143m    [38;2;63;94;104m  [38;2;46;47;47m  [38;2;64;96;106m██[38;2;64;95;106m██[38;2;65;81;88m██[38;2;17;30;30m██[38;2;16;29;30m██[38;2;16;19;16m██[38;2;57;85;95m██[38;2;76;77;77m██[38;2;64;106;119m██[38;2;70;70;67m██[38;2;47;72;79m  [38;2;16;29;30m██[38;2;51;77;83m██[38;2;56;83;90m██[38;2;4;8;7m  
[38;2;0;0;0m  [38;2;68;99;112m  [38;2;86;127;143m    [38;2;35;43;41m  [38;2;58;57;55m██[38;2;69;68;66m████[38;2;48;80;89m██[38;2;22;35;37m  [38;2;87;127;143m  [38;2;86;127;143m  [38;2;39;59;64m  [38;2;70;80;85m██[38;2;71;80;85m██[38;2;64;74;78m██[38;2;47;72;79m  [38;2;86;127;143m  [38;2;41;63;68m  [38;2;35;54;58m  [38;2;22;33;37m  
[38;2;0;0;0m  [38;2;68;99;112m  [38;2;87;127;143m    [38;2;79;116;130m  [38;2;65;96;107m  [38;2;20;22;17m████[38;2;65;96;107m  [38;2;86;126;142m  [38;2;87;127;143m  [38;2;85;124;140m  [38;2;45;68;75m  [38;2;71;113;129m██[38;2;86;127;143m██[38;2;69;111;127m██[38;2;53;89;100m██[38;2;32;50;53m  [38;2;87;127;143m    [38;2;22;33;37m  
[38;2;0;0;0m  [38;2;51;74;84m  [38;2;65;95;107m                  [38;2;1;4;1m  [38;2;55;54;51m██[38;2;69;68;66m██[38;2;58;77;83m██[38;2;65;70;65m██[38;2;56;79;84m██[38;2;10;18;17m  [38;2;65;95;107m    [38;2;17;24;28m  
[38;2;0;0;0m                        [38;2;0;1;0m  [38;2;20;22;17m██[38;2;8;10;6m  [38;2;16;20;16m██[38;2;5;8;5m  [38;2;0;0;0m        [0m
