
[38;2;0;0;0m              [38;2;63;16;18m  [38;2;0;0;0m                              
[38;2;0;0;0m            [38;2;0;1;0m  [38;2;232;52;69m██[38;2;0;2;0m  [38;2;0;0;0m                    [38;2;0;3;0m  [38;2;0;0;0m      
[38;2;0;0;0m            [38;2;24;8;8m  [38;2;238;54;72m██[38;2;52;14;16m  [38;2;0;0;0m                [38;2;12;4;3m  [38;2;92;24;29m██[38;2;134;31;39m  [38;2;0;0;0m      
[38;2;0;0;0m            [38;2;96;27;32m██[38;2;254;60;81m██[38;2;144;35;45m██[38;2;0;0;0m              [38;2;141;38;48m  [38;2;167;42;55m██[38;2;255;60;81m██[38;2;0;3;0m  [38;2;0;0;0m      
[38;2;0;0;0m            [38;2;54;14;16m  [38;2;244;57;77m██[38;2;194;57;61m  [38;2;5;4;1m  [38;2;0;0;0m        [38;2;0;1;0m  [38;2;128;30;38m██[38;2;230;51;67m██[38;2;255;56;76m██[38;2;88;22;26m██[38;2;0;0;0m        
[38;2;0;0;0m            [38;2;0;1;0m  [38;2;232;60;83m██[38;2;255;167;68m██[38;2;11;10;18m██[38;2;0;0;0m  [38;2;0;4;0m████[38;2;0;3;0m  [38;2;0;2;0m  [38;2;255;60;83m██[38;2;255;58;78m██[38;2;157;35;44m██[38;2;0;1;0m  [38;2;0;0;0m        
[38;2;0;0;0m            [38;2;0;1;0m  [38;2;148;67;53m██[38;2;255;238;68m██[38;2;82;75;51m██[38;2;105;37;65m██[38;2;193;65;120m████[38;2;186;64;116m██[38;2;159;86;57m██[38;2;255;148;77m██[38;2;229;84;79m██[38;2;111;36;44m  [38;2;126;47;77m  [38;2;150;56;92m    [38;2;117;43;71m  [38;2;0;0;0m  
[38;2;0;0;0m            [38;2;58;21;36m  [38;2;13;6;22m  [38;2;245;227;65m██[38;2;200;183;65m██[38;2;126;65;91m██[38;2;181;65;115m██[38;2;74;73;65m██[38;2;85;78;66m██[38;2;255;186;73m██[38;2;223;161;73m██[38;2;84;53;53m██[38;2;171;60;107m██[38;2;95;36;58m  [38;2;149;56;92m  [38;2;150;56;92m  [38;2;117;43;71m  [38;2;0;0;0m  
[38;2;0;0;0m            [38;2;21;8;13m  [38;2;83;47;68m  [38;2;136;113;57m██[38;2;138;126;65m██[38;2;111;63;84m██[38;2;65;65;65m██[38;2;222;208;65m██[38;2;233;210;65m██[38;2;187;176;65m██[38;2;150;65;102m██[38;2;194;67;121m████[38;2;147;51;91m██[38;2;71;28;43m  [38;2;150;56;92m  [38;2;117;43;71m  [38;2;0;0;0m  
[38;2;62;45;33m  [38;2;238;174;129m          [38;2;132;93;72m  [38;2;158;139;124m██[38;2;91;66;59m██[38;2;96;82;75m██[38;2;234;170;124m██[38;2;134;75;87m██[38;2;175;144;81m██[38;2;70;65;29m██[38;2;140;83;94m██[38;2;185;65;117m██[38;2;195;68;121m████[38;2;195;67;121m██[38;2;50;20;31m  [38;2;141;53;86m  [38;2;169;81;100m  [38;2;62;45;33m  
[38;2;62;45;33m  [38;2;238;174;129m      [38;2;238;173;129m  [38;2;238;174;129m  [38;2;57;32;45m██[38;2;170;70;107m██[38;2;223;148;148m██[38;2;223;173;133m██[38;2;166;119;96m██[38;2;217;118;151m██[38;2;121;123;114m██[38;2;11;13;12m██[38;2;225;168;182m██[38;2;142;56;98m██[38;2;195;68;121m██[38;2;194;68;121m██[38;2;195;68;121m██[38;2;159;55;99m██[38;2;104;40;64m  [38;2;169;81;100m  [38;2;62;45;33m  
[38;2;62;45;33m  [38;2;237;174;129m  [38;2;238;174;129m    [38;2;215;157;116m  [38;2;56;31;34m  [38;2;115;53;79m██[38;2;159;84;119m██[38;2;168;77;117m██[38;2;212;136;118m██[38;2;196;119;102m██[38;2;182;62;114m██[38;2;211;136;168m██[38;2;236;197;213m██[38;2;179;60;96m██[38;2;180;64;115m██[38;2;195;68;121m██████[38;2;193;66;120m  [38;2;95;35;59m██[38;2;79;44;46m  [38;2;45;33;24m  
[38;2;62;45;33m  [38;2;238;174;129m    [38;2;237;174;129m  [38;2;68;38;42m  [38;2;137;51;92m██[38;2;114;63;85m██[38;2;182;97;129m██[38;2;227;231;235m██[38;2;165;68;108m██[38;2;164;104;132m██[38;2;170;153;160m██[38;2;177;64;114m██[38;2;192;67;121m██[38;2;148;57;100m██[38;2;185;65;117m██[38;2;195;68;121m██████████[38;2;116;45;78m██[38;2;0;1;0m  
[38;2;62;45;33m  [38;2;238;174;129m  [38;2;151;112;82m  [38;2;68;37;42m  [38;2;141;53;95m██[38;2;141;54;97m██[38;2;74;31;50m  [38;2;124;49;80m  [38;2;213;143;172m██[38;2;224;225;224m██[38;2;240;241;240m██[38;2;200;204;202m██[38;2;190;164;176m██[38;2;181;130;155m██[38;2;159;159;159m██[38;2;119;65;88m██[38;2;193;65;120m██[38;2;153;65;103m██[38;2;195;68;121m██[38;2;174;63;112m  [38;2;151;56;100m██[38;2;89;41;57m  [38;2;22;17;12m  
[38;2;5;5;3m  [38;2;21;19;11m  [38;2;128;49;88m██[38;2;138;53;95m██[38;2;141;53;96m██[38;2;141;53;95m██[38;2;58;24;36m  [38;2;13;8;7m  [38;2;152;63;103m██[38;2;243;240;241m██[38;2;251;251;251m██[38;2;177;182;179m██[38;2;218;220;218m██[38;2;247;247;247m██[38;2;139;73;101m██[38;2;194;67;121m██[38;2;165;60;107m██[38;2;76;63;70m██[38;2;146;56;99m██[38;2;84;62;73m██[38;2;141;53;95m██[38;2;51;40;28m  [38;2;62;45;33m  
[38;2;20;9;13m  [38;2;119;43;75m██[38;2;136;50;90m██[38;2;137;52;95m██[38;2;136;52;91m██[38;2;17;8;10m██[38;2;203;127;114m  [38;2;150;56;92m  [38;2;76;32;49m  [38;2;169;81;90m██[38;2;194;115;142m██[38;2;201;164;182m██[38;2;185;110;145m██[38;2;135;66;96m██[38;2;163;66;108m██[38;2;195;68;121m██[38;2;116;59;84m██[38;2;131;56;93m██[38;2;69;53;61m██[38;2;141;54;97m██[38;2;141;53;96m██[38;2;78;41;49m  [38;2;33;25;18m  
[38;2;44;26;15m██[38;2;130;51;65m██[38;2;135;54;78m██[38;2;126;45;76m██[38;2;134;53;71m██[38;2;126;47;66m██[38;2;58;24;36m  [38;2;150;56;92m  [38;2;84;36;55m  [38;2;65;43;29m██[38;2;132;60;81m██[38;2;138;55;96m██[38;2;160;77;85m██[38;2;71;65;68m██[38;2;195;68;121m████[38;2;116;51;79m██[38;2;19;24;25m  [38;2;52;22;31m  [38;2;141;54;97m████[38;2;110;43;75m██[38;2;0;1;0m  
[38;2;21;14;8m  [38;2;159;90;63m██[38;2;137;87;69m██[38;2;181;102;72m██[38;2;140;89;70m██[38;2;182;103;73m██[38;2;58;24;36m  [38;2;150;56;92m  [38;2;83;42;45m  [38;2;33;28;18m██[38;2;59;41;29m██[38;2;81;32;50m  [38;2;54;29;39m  [38;2;162;63;106m██[38;2;177;63;113m██[38;2;163;60;107m  [38;2;128;46;82m██[38;2;78;31;48m  [38;2;96;37;59m  [38;2;134;97;72m██[38;2;186;122;77m██[38;2;162;113;94m██[38;2;60;47;32m██
[38;2;62;45;33m  [38;2;68;53;37m  [38;2;65;41;28m  [38;2;164;93;65m██[38;2;114;67;46m  [38;2;21;19;11m  [38;2;238;174;128m  [38;2;238;174;129m        [38;2;216;158;117m  [38;2;129;94;67m██[38;2;229;164;122m██[38;2;195;123;112m██[38;2;154;74;100m██[38;2;194;120;87m██[38;2;31;22;16m  [38;2;237;174;129m  [38;2;21;19;11m      [38;2;5;5;3m  
[38;2;62;45;33m  [38;2;238;174;129m  [38;2;211;155;114m  [38;2;151;112;82m  [38;2;181;133;98m  [38;2;237;174;129m  [38;2;238;174;129m        [38;2;237;174;129m  [38;2;0;4;0m██[38;2;206;134;97m██[38;2;233;169;124m██████[38;2;230;166;121m██[38;2;31;24;16m  [38;2;238;174;129m  [38;2;237;174;129m    [38;2;238;174;129m  [38;2;62;45;33m  
[38;2;62;45;33m  [38;2;238;174;129m                      [38;2;98;61;42m  [38;2;190;137;100m  [38;2;210;140;101m██[38;2;163;99;74m██[38;2;100;75;53m  [38;2;238;174;129m    [38;2;238;174;128m  [38;2;238;174;129m    [38;2;62;45;33m  
[38;2;16;12;9m  [38;2;64;47;35m                      [38;2;31;23;16m  [38;2;2;2;0m  [38;2;57;41;27m██[38;2;16;18;16m  [38;2;39;29;21m  [38;2;64;47;35m          [38;2;16;12;9m  [0m
