
[38;2;17;17;16m  [38;2;64;64;62m                            [38;2;38;39;37m  [38;2;0;0;0m  [38;2;33;33;33m  [38;2;67;67;67m  [38;2;36;36;35m  [38;2;64;64;62m      [38;2;17;17;16m  
[38;2;64;64;62m  [38;2;237;238;230m  [38;2;237;239;230m    [38;2;238;238;230m  [38;2;237;238;230m  [38;2;237;239;230m  [38;2;238;239;230m    [38;2;237;239;230m  [38;2;238;239;230m  [38;2;238;238;230m    [38;2;237;239;230m  [38;2;238;239;230m  [38;2;108;109;108m  [38;2;207;207;207m██[38;2;230;230;230m██[38;2;249;249;249m██[38;2;133;134;129m  [38;2;238;238;230m  [38;2;238;239;230m  [38;2;237;239;230m  [38;2;64;64;62m  
[38;2;64;64;62m  [38;2;238;239;229m  [38;2;238;239;230m  [38;2;238;239;229m        [38;2;238;238;230m  [38;2;238;239;229m              [38;2;100;100;100m██[38;2;255;255;255m██[38;2;228;228;224m██[38;2;224;225;221m██[38;2;111;111;111m██[38;2;238;239;230m  [38;2;238;239;229m  [38;2;238;239;230m  [38;2;64;64;62m  
[38;2;64;64;62m  [38;2;238;239;230m  [38;2;238;239;229m  [38;2;238;239;230m                    [38;2;171;172;165m  [38;2;24;24;23m  [38;2;179;180;168m██[38;2;134;134;125m██[38;2;255;255;255m██[38;2;244;244;243m██[38;2;77;77;73m██[38;2;238;239;230m      [38;2;64;64;62m  
[38;2;64;64;62m  [38;2;238;239;229m  [38;2;238;239;230m  [38;2;238;239;229m      [38;2;183;184;177m  [38;2;112;112;112m  [38;2;196;197;190m  [38;2;237;239;229m  [38;2;238;239;229m    [38;2;157;158;152m  [38;2;142;144;134m██[38;2;232;235;220m██[38;2;232;234;220m██[38;2;233;234;220m██[38;2;169;170;158m██[38;2;196;197;192m██[38;2;208;208;202m██[38;2;24;24;23m  [38;2;238;239;229m    [38;2;64;64;62m  
[38;2;64;64;62m  [38;2;237;239;230m  [38;2;238;239;229m  [38;2;237;239;230m  [38;2;238;239;230m    [38;2;132;132;132m  [38;2;239;239;239m██[38;2;143;144;138m  [38;2;238;239;230m  [38;2;238;239;229m    [38;2;54;54;52m  [38;2;233;235;220m██████████[38;2;229;231;216m██[38;2;205;206;193m██[38;2;24;24;23m  [38;2;238;239;229m  [38;2;238;239;230m  [38;2;64;64;62m  
[38;2;64;64;62m  [38;2;238;239;230m  [38;2;238;239;229m  [38;2;238;239;230m  [38;2;114;114;110m  [38;2;121;122;114m  [38;2;199;200;193m██[38;2;233;235;220m██[38;2;112;113;107m██[38;2;132;132;127m  [38;2;238;239;229m  [38;2;238;239;230m    [38;2;120;120;115m  [38;2;186;187;175m██[38;2;145;146;135m████[38;2;158;160;148m██[38;2;175;176;164m██[38;2;233;234;220m██[38;2;120;121;114m  [38;2;194;194;187m  [38;2;238;239;229m  [38;2;64;64;62m  
[38;2;64;64;62m  [38;2;238;239;230m  [38;2;232;233;224m  [38;2;37;37;36m  [38;2;255;255;255m████[38;2;233;235;221m██[38;2;233;234;220m████[38;2;201;202;189m██[38;2;157;158;152m  [38;2;238;239;230m    [38;2;163;164;158m  [38;2;143;144;134m██[38;2;163;164;154m██[38;2;157;158;148m██████[38;2;200;202;189m██[38;2;210;212;198m██[38;2;149;149;144m  [38;2;238;239;230m  [38;2;64;64;62m  
[38;2;64;64;62m  [38;2;238;239;230m  [38;2;153;154;148m  [38;2;216;217;209m██[38;2;255;255;255m████[38;2;237;238;226m██[38;2;233;234;220m██[38;2;232;235;220m██[38;2;233;235;220m██[38;2;72;73;68m██[38;2;238;239;230m    [38;2;208;209;201m  [38;2;77;78;73m  [38;2;97;97;92m  [38;2;143;144;138m    [38;2;142;142;137m  [38;2;112;113;105m██[38;2;233;234;220m██[38;2;173;174;163m██[38;2;121;121;117m  [38;2;64;64;62m  
[38;2;64;64;62m  [38;2;238;239;230m  [38;2;82;83;77m██[38;2;233;235;219m████[38;2;233;235;220m██[38;2;219;221;207m██[38;2;210;211;198m██[38;2;233;235;220m██████[38;2;54;54;52m  [38;2;238;239;230m  [38;2;238;238;230m  [38;2;238;239;230m          [38;2;104;104;100m  [38;2;233;235;219m██[38;2;233;235;220m██[38;2;65;66;62m  [38;2;55;55;53m  
[38;2;64;64;62m  [38;2;238;239;230m  [38;2;82;83;77m██[38;2;233;234;220m████[38;2;233;235;220m██[38;2;153;154;148m██[38;2;26;26;26m██[38;2;187;188;177m██[38;2;233;235;220m████[38;2;140;141;133m  [38;2;200;201;193m  [38;2;238;239;230m  [38;2;238;239;229m  [38;2;238;239;230m  [38;2;238;239;229m  [38;2;238;239;230m  [38;2;234;235;226m  [38;2;122;123;116m  [38;2;233;235;220m████[38;2;189;190;178m██[38;2;0;0;0m  
[38;2;49;49;48m  [38;2;77;78;74m  [38;2;219;221;207m██[38;2;194;196;184m██[38;2;233;235;219m████[38;2;25;22;15m██[38;2;32;28;23m██[38;2;166;167;158m██[38;2;233;235;219m████[38;2;207;208;195m██[38;2;72;72;70m██[38;2;200;201;193m  [38;2;238;239;230m  [38;2;238;238;230m  [38;2;186;187;180m  [38;2;183;184;177m  [38;2;57;57;53m██[38;2;233;235;219m██[38;2;233;235;220m████[38;2;233;235;219m██[38;2;63;63;59m██
[38;2;0;0;0m  [38;2;189;190;178m██[38;2;219;221;207m██[38;2;194;196;184m██[38;2;233;235;220m██[38;2;233;234;220m██[38;2;205;203;185m██[38;2;208;206;189m██[38;2;217;219;205m██[38;2;233;235;220m████[38;2;227;229;214m██[38;2;244;244;241m██[38;2;152;152;151m  [38;2;54;54;52m    [38;2;187;187;187m  [38;2;188;189;183m██[38;2;233;235;220m████████[38;2;232;235;220m██[38;2;63;63;59m██
[38;2;20;20;19m  [38;2;107;108;101m  [38;2;200;201;188m██[38;2;177;179;166m██[38;2;201;203;189m██[38;2;233;235;220m████████████████[38;2;248;248;244m██[38;2;253;254;253m██[38;2;255;255;255m████[38;2;251;252;249m██[38;2;233;235;220m██████████[38;2;63;63;59m██
[38;2;64;64;62m  [38;2;209;210;202m  [38;2;89;89;83m██[38;2;78;78;76m██[38;2;120;121;112m██[38;2;80;82;73m██[38;2;233;235;220m████[38;2;141;142;131m██[38;2;233;235;220m██████████[38;2;235;237;224m██[38;2;236;237;225m████[38;2;234;236;222m██[38;2;233;235;220m████████[38;2;195;197;184m██[38;2;9;9;8m  
[38;2;64;64;62m  [38;2;238;239;229m  [38;2;187;187;180m  [38;2;39;40;36m  [38;2;145;145;137m██[38;2;168;169;158m██[38;2;96;97;91m██[38;2;63;63;59m██[38;2;190;192;179m██[38;2;233;235;220m  [38;2;233;234;220m██[38;2;232;235;220m██[38;2;233;234;220m████[38;2;172;174;162m██[38;2;233;235;220m██[38;2;233;234;220m██[38;2;233;235;220m██████[38;2;232;235;220m██[38;2;233;235;220m██[38;2;132;133;125m  [38;2;25;25;24m  
[38;2;64;64;62m  [38;2;238;239;229m    [38;2;24;24;23m  [38;2;156;157;149m██[38;2;165;166;156m██[38;2;117;117;112m██[38;2;162;163;152m██[38;2;172;173;161m██[38;2;233;235;220m██[38;2;233;234;219m██[38;2;233;235;220m██[38;2;232;235;220m██[38;2;233;234;220m██[38;2;223;225;210m██[38;2;132;133;123m██[38;2;232;235;220m██[38;2;232;234;220m██[38;2;233;235;220m████████[38;2;44;44;43m  [38;2;64;64;62m  
[38;2;64;64;62m  [38;2;238;239;230m  [38;2;119;120;114m  [38;2;171;173;161m██[38;2;130;131;123m██[38;2;118;119;113m██[38;2;168;169;158m██████[38;2;199;201;188m████[38;2;180;182;169m██[38;2;138;140;129m██[38;2;214;216;202m██[38;2;178;179;167m██[38;2;196;198;184m██[38;2;89;90;81m██[38;2;147;149;138m██[38;2;233;235;220m██[38;2;215;217;203m██[38;2;189;191;179m██[38;2;104;105;100m  [38;2;237;239;230m  [38;2;64;64;62m  
[38;2;1;1;1m  [38;2;4;4;4m██[38;2;232;234;219m██[38;2;174;175;164m██[38;2;166;167;156m██[38;2;8;8;7m  [38;2;117;118;112m██[38;2;168;168;158m██[38;2;168;168;157m██[38;2;177;178;166m██[38;2;187;189;176m██[38;2;217;218;204m██[38;2;168;168;157m██[38;2;110;111;102m██[38;2;233;235;220m██[38;2;164;166;154m██[38;2;232;234;219m██[38;2;185;185;180m██[38;2;59;60;53m████[38;2;29;29;28m  [38;2;236;237;228m  [38;2;238;239;229m  [38;2;64;64;62m  
[38;2;63;63;59m██[38;2;232;235;220m██[38;2;128;129;119m██[38;2;71;71;66m██[38;2;99;100;95m  [38;2;235;236;227m  [38;2;102;102;97m  [38;2;168;169;158m████████████[38;2;123;124;114m██[38;2;218;220;205m██[38;2;179;180;168m██[38;2;227;229;214m██[38;2;219;221;207m██[38;2;242;243;235m██[38;2;255;255;255m██[38;2;228;228;228m██[38;2;153;154;148m  [38;2;238;239;230m  [38;2;64;64;62m  
[38;2;6;6;6m  [38;2;24;24;23m  [38;2;100;100;96m  [38;2;238;239;229m        [38;2;32;32;31m  [38;2;150;151;141m██[38;2;168;169;158m████████[38;2;136;137;127m██[38;2;192;194;181m██[38;2;232;234;220m██[38;2;138;139;128m██[38;2;177;178;166m██[38;2;226;228;213m██[38;2;230;231;217m██[38;2;24;24;23m  [38;2;238;239;230m  [38;2;238;239;229m  [38;2;64;64;62m  
[38;2;64;64;62m  [38;2;238;239;230m  [38;2;237;239;230m  [38;2;237;238;230m  [38;2;238;239;230m    [38;2;237;239;230m  [38;2;232;233;224m  [38;2;153;154;148m  [38;2;59;59;55m████[38;2;168;169;157m██[38;2;168;168;158m██[38;2;168;169;158m██[38;2;133;134;125m██[38;2;142;143;134m██[38;2;233;235;219m██[38;2;221;223;209m██[38;2;209;211;198m██[38;2;222;224;210m██[38;2;143;144;135m  [38;2;183;184;177m  [38;2;238;239;229m  [38;2;64;64;62m  
[38;2;64;64;62m  [38;2;238;239;230m  [38;2;237;238;230m  [38;2;237;239;230m    [38;2;238;239;230m            [38;2;44;44;43m        [38;2;161;162;156m  [38;2;44;44;43m  [38;2;189;190;178m██[38;2;233;235;220m██████[38;2;82;83;77m██[38;2;238;239;230m  [38;2;64;64;62m  
[38;2;17;17;16m  [38;2;64;64;62m                                [38;2;0;0;0m  [38;2;63;63;59m██████[38;2;22;22;21m  [38;2;64;64;62m  [38;2;17;17;16m  [0m
