
[38;2;0;0;0m        [38;2;41;41;41m██[38;2;4;4;4m  [38;2;0;0;0m                          
[38;2;0;0;0m        [38;2;139;139;139m██[38;2;17;17;17m██[38;2;0;0;0m    [38;2;90;11;18m  [38;2;0;0;0m                    
[38;2;0;0;0m      [38;2;38;28;30m  [38;2;75;67;71m  [38;2;140;140;140m██[38;2;23;13;16m  [38;2;30;4;6m  [38;2;148;44;56m██[38;2;58;35;39m██[38;2;51;34;38m██[38;2;0;0;0m  [38;2;26;19;20m  [38;2;45;33;36m      [38;2;14;10;11m  [38;2;0;0;0m    
[38;2;0;0;0m      [38;2;153;112;121m  [38;2;116;83;93m  [38;2;150;105;116m██[38;2;136;90;101m██[38;2;190;26;42m██[38;2;154;45;56m██[38;2;123;107;111m██[38;2;163;119;130m██[38;2;154;104;116m██[38;2;91;63;69m  [38;2;167;122;132m  [38;2;45;33;36m  [38;2;181;133;144m  [38;2;57;41;45m  [38;2;0;0;0m    
[38;2;0;0;0m    [38;2;18;2;3m██[38;2;126;85;93m  [38;2;98;69;76m██[38;2;140;118;117m██[38;2;116;66;74m██[38;2;225;33;51m██[38;2;98;87;88m██[38;2;124;124;124m██[38;2;141;141;141m██[38;2;116;113;114m██[38;2;173;123;135m██[38;2;75;9;15m██[38;2;193;23;39m██[38;2;67;49;53m  [38;2;57;41;45m  [38;2;0;0;0m    
[38;2;0;0;0m    [38;2;18;2;3m  [38;2;93;68;68m██[38;2;122;101;105m██[38;2;102;96;97m██[38;2;113;17;26m██[38;2;226;35;53m██[38;2;81;49;54m  [38;2;136;99;108m  [38;2;55;55;60m██[38;2;90;89;90m██[38;2;140;51;60m██[38;2;211;25;43m██[38;2;21;2;4m██[38;2;181;133;144m  [38;2;57;41;45m  [38;2;0;0;0m    
[38;2;0;0;0m    [38;2;11;11;11m  [38;2;164;36;49m██[38;2;191;29;42m██[38;2;20;3;3m██[38;2;105;76;83m  [38;2;197;33;41m██[38;2;80;52;58m  [38;2;182;133;144m  [38;2;86;51;57m  [38;2;214;28;44m██[38;2;229;27;44m██[38;2;211;30;46m██[38;2;127;84;95m██[38;2;28;21;22m  [38;2;57;41;45m  [38;2;0;0;0m    
[38;2;33;33;33m  [38;2;65;65;65m██[38;2;99;99;99m██[38;2;74;64;68m██[38;2;213;55;71m██[38;2;179;22;36m██[38;2;102;32;39m  [38;2;206;29;44m██[38;2;158;24;36m██[38;2;48;36;39m  [38;2;148;29;44m██[38;2;156;44;51m██[38;2;203;43;69m██[38;2;105;59;63m██[38;2;81;69;73m██[38;2;113;68;79m  [38;2;15;10;12m  [38;2;0;0;0m    
[38;2;27;27;27m  [38;2;60;60;60m██[38;2;117;117;117m██[38;2;135;78;92m██[38;2;85;44;51m██[38;2;96;53;56m██[38;2;179;26;41m██[38;2;110;54;60m██[38;2;211;34;50m██[38;2;162;29;42m██[38;2;83;29;36m  [38;2;10;2;2m██[38;2;106;87;78m██[38;2;147;121;125m██[38;2;146;146;146m██[38;2;78;67;68m██[38;2;0;0;2m  [38;2;0;0;0m    
[38;2;0;0;0m    [38;2;63;64;72m██[38;2;101;77;79m██[38;2;72;13;20m██[38;2;209;31;47m██[38;2;158;44;55m██[38;2;230;28;47m██[38;2;123;49;57m██[38;2;159;39;52m██[38;2;47;40;42m  [38;2;85;84;81m██[38;2;228;149;112m██[38;2;250;240;176m██[38;2;149;149;144m██[38;2;129;129;130m██[38;2;11;11;12m  [38;2;0;0;0m    
[38;2;0;0;0m    [38;2;15;15;15m  [38;2;114;108;107m██[38;2;122;51;56m██[38;2;225;28;47m██[38;2;150;43;51m██[38;2;163;35;50m██[38;2;120;48;57m██[38;2;169;34;50m██[38;2;20;4;5m██[38;2;100;100;99m██[38;2;228;130;116m██[38;2;253;253;252m██[38;2;149;149;144m██[38;2;86;74;78m██[38;2;107;86;91m██[38;2;154;154;154m██[38;2;46;43;46m██
[38;2;0;0;0m      [38;2;112;41;43m██[38;2;106;57;59m██[38;2;92;47;52m██[38;2;82;23;29m██[38;2;167;34;50m██[38;2;116;49;58m██[38;2;42;8;12m██[38;2;146;29;43m██[38;2;90;54;54m██[38;2;217;187;155m██[38;2;241;233;185m██[38;2;127;127;124m██[38;2;110;107;109m██[38;2;13;8;11m  [38;2;36;36;36m██[38;2;8;7;8m  
[38;2;0;0;0m  [38;2;84;65;45m██[38;2;0;0;0m  [38;2;5;0;0m  [38;2;115;78;85m██[38;2;52;48;65m██[38;2;6;5;9m  [38;2;87;54;59m██[38;2;88;17;26m██[38;2;0;0;0m  [38;2;66;13;19m  [38;2;88;86;86m██[38;2;103;87;87m██[38;2;90;89;91m██[38;2;112;112;112m██[38;2;47;45;44m██[38;2;12;8;7m  [38;2;0;0;0m    
[38;2;0;0;0m  [38;2;84;65;45m██[38;2;54;42;29m  [38;2;0;0;0m  [38;2;75;46;55m██[38;2;137;131;133m██[38;2;88;87;91m██[38;2;162;34;50m██[38;2;112;40;49m██[38;2;0;0;0m  [38;2;56;56;56m  [38;2;120;120;120m██[38;2;86;85;89m██[38;2;121;75;89m██[38;2;6;5;6m  [38;2;24;17;10m██[38;2;49;35;20m██[38;2;0;0;0m    
[38;2;0;0;0m  [38;2;84;65;45m██[38;2;18;14;9m  [38;2;0;0;0m      [38;2;104;67;78m██[38;2;220;28;44m██[38;2;128;45;53m██[38;2;127;119;118m██[38;2;121;102;115m██[38;2;92;73;78m██[38;2;128;78;91m██[38;2;0;0;0m  [38;2;24;17;10m  [38;2;154;112;64m██[38;2;45;33;19m██[38;2;0;0;0m    
[38;2;0;0;0m  [38;2;21;16;11m  [38;2;98;74;43m██[38;2;0;0;0m      [38;2;8;6;7m  [38;2;217;26;42m██[38;2;153;44;54m██[38;2;87;39;41m██[38;2;40;23;27m██[38;2;80;64;68m██[38;2;53;53;53m██[38;2;0;0;0m  [38;2;24;17;10m  [38;2;95;77;59m██[38;2;32;25;18m██[38;2;0;0;0m    
[38;2;0;0;0m    [38;2;104;69;41m██[38;2;73;20;19m██[38;2;0;0;0m    [38;2;97;12;20m██[38;2;229;27;44m██[38;2;162;38;50m██[38;2;6;0;0m██[38;2;0;0;0m  [38;2;5;6;17m  [38;2;128;128;128m██[38;2;14;14;14m  [38;2;24;18;10m  [38;2;137;101;63m██[38;2;32;25;18m██[38;2;0;0;0m    
[38;2;0;0;0m    [38;2;63;14;19m██[38;2;222;31;49m██[38;2;132;30;31m██[38;2;6;4;2m  [38;2;141;23;35m██[38;2;228;27;44m██[38;2;169;32;48m██[38;2;126;25;37m██[38;2;0;0;0m  [38;2;9;1;1m  [38;2;121;57;64m██[38;2;71;67;64m██[38;2;117;87;49m██[38;2;94;73;50m██[38;2;8;6;4m  [38;2;0;0;0m    
[38;2;0;0;0m    [38;2;155;31;46m██[38;2;97;61;41m██[38;2;176;39;46m██[38;2;139;97;62m██[38;2;220;27;44m██[38;2;172;33;49m██[38;2;169;34;50m████[38;2;162;93;58m██[38;2;229;29;47m██[38;2;221;36;47m██[38;2;198;32;47m██[38;2;91;75;60m██[38;2;67;52;35m  [38;2;0;0;0m      
[38;2;0;0;0m    [38;2;89;66;68m  [38;2;49;44;39m  [38;2;164;41;52m██[38;2;153;40;51m██[38;2;139;46;43m██[38;2;169;33;49m██[38;2;169;34;50m██[38;2;105;54;38m██[38;2;170;41;47m██[38;2;179;34;48m██[38;2;118;59;39m██[38;2;163;64;56m██[38;2;74;29;29m██[38;2;0;0;0m        
[38;2;0;0;0m    [38;2;80;80;80m  [38;2;161;146;129m  [38;2;63;57;49m  [38;2;157;35;47m██[38;2;75;55;32m██[38;2;164;35;49m██[38;2;158;35;50m██[38;2;84;57;39m██[38;2;125;44;44m██[38;2;165;35;49m██[38;2;87;47;31m██[38;2;74;59;60m  [38;2;133;33;44m██[38;2;0;0;0m        
[38;2;0;0;0m    [38;2;80;80;80m  [38;2;255;255;255m  [38;2;231;231;231m  [38;2;57;27;31m  [38;2;119;117;114m  [38;2;161;33;47m██[38;2;144;47;58m██[38;2;27;12;13m██[38;2;103;14;23m  [38;2;162;32;48m██[38;2;128;114;115m  [38;2;246;230;231m  [38;2;90;13;20m  [38;2;0;0;0m        
[38;2;0;0;0m              [38;2;40;8;11m  [38;2;148;29;44m██[38;2;0;0;0m    [38;2;120;24;35m  [38;2;0;0;0m              
[38;2;0;0;0m              [38;2;40;8;11m  [38;2;22;4;6m  [38;2;0;0;0m                    [0m
