
[38;2;16;17;15m  [38;2;62;66;60m          [38;2;18;20;17m  [38;2;5;6;5m  [38;2;62;66;60m        [38;2;32;34;31m  [38;2;0;0;0m  [38;2;62;66;60m                  [38;2;50;54;48m  [38;2;0;0;0m      
[38;2;60;64;58m  [38;2;232;248;224m  [38;2;231;249;224m  [38;2;232;248;224m  [38;2;231;249;224m  [38;2;232;249;224m  [38;2;68;74;65m██[38;2;20;22;19m██[38;2;231;248;224m  [38;2;232;248;224m  [38;2;231;248;224m  [38;2;232;249;224m  [38;2;122;124;121m  [38;2;0;0;0m██[38;2;231;248;224m  [38;2;231;249;224m      [38;2;231;248;224m  [38;2;231;249;224m    [38;2;232;249;224m  [38;2;232;248;224m  [38;2;189;202;182m  [38;2;0;0;0m      
[38;2;60;64;58m  [38;2;232;248;223m    [38;2;232;249;223m  [38;2;205;220;198m  [38;2;76;82;73m  [38;2;116;127;111m██[38;2;206;221;199m  [38;2;232;248;223m  [38;2;159;170;153m  [38;2;97;103;94m  [38;2;79;84;77m██[38;2;132;132;132m██[38;2;232;248;224m    [38;2;232;249;223m  [38;2;232;249;224m  [38;2;232;248;224m  [38;2;232;248;223m  [38;2;232;249;223m  [38;2;232;248;224m  [38;2;232;249;223m  [38;2;231;249;224m  [38;2;189;202;182m  [38;2;0;0;0m      
[38;2;60;64;58m  [38;2;231;248;223m  [38;2;231;249;224m    [38;2;154;165;149m  [38;2;157;172;150m██[38;2;89;96;86m  [38;2;228;245;220m  [38;2;29;31;28m  [38;2;191;205;185m  [38;2;135;134;135m██[38;2;252;254;251m██[38;2;38;51;47m██[38;2;232;249;224m  [38;2;231;248;224m  [38;2;232;249;223m  [38;2;231;249;224m  [38;2;232;249;223m  [38;2;231;249;224m  [38;2;232;249;224m  [38;2;231;249;224m  [38;2;232;249;224m  [38;2;232;248;224m  [38;2;189;202;182m  [38;2;0;0;0m      
[38;2;60;64;58m  [38;2;232;249;224m  [38;2;232;249;223m  [38;2;154;165;149m  [38;2;112;123;107m██[38;2;120;131;115m██[38;2;110;120;109m  [38;2;80;108;73m  [38;2;141;192;134m██[38;2;141;145;141m██[38;2;248;253;245m██[38;2;72;78;75m██[38;2;34;62;54m██[38;2;232;249;224m      [38;2;232;249;223m    [38;2;232;249;224m  [38;2;232;249;223m  [38;2;232;249;224m    [38;2;232;249;223m  [38;2;236;249;217m  [38;2;255;250;190m    [38;2;66;64;49m  
[38;2;60;64;58m  [38;2;231;248;224m  [38;2;232;249;224m  [38;2;42;46;41m  [38;2;186;203;178m██[38;2;79;81;78m██[38;2;70;96;63m  [38;2;103;151;121m██[38;2;125;145;133m██[38;2;253;254;252m██[38;2;175;182;179m██[38;2;65;82;75m██[38;2;107;116;105m  [38;2;232;249;224m  [38;2;231;249;224m  [38;2;232;249;224m  [38;2;231;249;224m  [38;2;232;249;223m  [38;2;232;249;224m  [38;2;232;249;223m  [38;2;231;248;224m  [38;2;232;249;223m  [38;2;231;248;223m  [38;2;236;249;217m  [38;2;255;250;190m    [38;2;66;64;49m  
[38;2;60;64;58m  [38;2;231;249;224m  [38;2;163;175;157m  [38;2;150;164;144m██[38;2;144;155;139m██[38;2;105;148;108m██[38;2;114;185;140m██[38;2;73;167;142m██[38;2;142;141;142m██[38;2;170;177;174m██[38;2;62;101;90m██[38;2;32;67;58m██[38;2;169;182;163m  [38;2;232;249;224m        [38;2;232;249;223m  [38;2;232;249;224m  [38;2;231;249;224m  [38;2;232;249;224m    [38;2;231;249;224m  [38;2;236;249;217m  [38;2;255;250;190m    [38;2;66;64;49m  
[38;2;0;0;0m  [38;2;3;3;3m██[38;2;69;74;67m  [38;2;44;48;43m  [38;2;71;95;87m██[38;2;72;77;75m██[38;2;70;102;94m██[38;2;65;74;73m██[38;2;253;253;253m██[38;2;78;78;79m██[38;2;33;69;60m██[38;2;223;239;215m  [38;2;232;249;223m  [38;2;232;249;224m  [38;2;232;249;223m  [38;2;232;249;224m    [38;2;231;248;223m  [38;2;95;102;92m  [38;2;25;27;24m  [38;2;232;249;224m  [38;2;232;248;224m  [38;2;232;249;224m  [38;2;236;249;217m  [38;2;255;249;190m  [38;2;255;250;190m  [38;2;66;64;49m  
[38;2;21;23;20m  [38;2;166;181;159m██[38;2;124;148;128m██[38;2;117;190;137m██[38;2;103;176;135m██[38;2;137;145;143m██[38;2;223;223;223m██[38;2;170;169;170m██[38;2;177;181;179m██[38;2;58;122;105m██[38;2;71;92;82m  [38;2;228;244;220m  [38;2;232;248;224m    [38;2;232;249;224m  [38;2;227;243;219m  [38;2;174;187;168m  [38;2;106;113;103m  [38;2;124;124;124m██[38;2;139;150;135m  [38;2;232;248;224m  [38;2;232;249;224m  [38;2;232;248;224m  [38;2;236;249;217m  [38;2;255;250;190m  [38;2;255;249;190m  [38;2;66;64;49m  
[38;2;60;64;58m  [38;2;51;68;66m  [38;2;98;136;134m██[38;2;73;161;141m██[38;2;93;144;152m██[38;2;216;224;225m██[38;2;129;128;129m██[38;2;253;253;253m██[38;2;65;80;74m██[38;2;20;22;20m██[38;2;220;236;212m  [38;2;232;249;223m  [38;2;232;249;224m  [38;2;211;226;203m  [38;2;232;249;224m  [38;2;9;9;9m██[38;2;113;113;113m██[38;2;253;253;253m██[38;2;106;107;106m  [38;2;211;226;203m  [38;2;92;98;89m  [38;2;50;52;49m  [38;2;225;241;217m  [38;2;236;249;217m  [38;2;255;249;190m  [38;2;255;250;189m  [38;2;66;64;49m  
[38;2;60;64;58m  [38;2;164;176;158m  [38;2;122;129;130m██[38;2;187;211;214m██[38;2;150;130;129m██[38;2;174;86;65m██[38;2;108;108;108m██[38;2;247;247;247m██[38;2;95;99;93m██[38;2;181;198;173m██[38;2;103;110;99m  [38;2;231;248;224m  [38;2;162;174;156m  [38;2;159;159;159m██[38;2;87;93;84m  [38;2;158;158;158m██[38;2;151;154;150m██[38;2;241;242;241m██[38;2;81;89;77m  [38;2;83;92;78m██[38;2;219;219;219m██[38;2;102;104;102m  [38;2;203;217;196m  [38;2;236;249;217m  [38;2;255;249;190m    [38;2;66;64;49m  
[38;2;50;54;48m  [38;2;72;74;64m  [38;2;108;108;97m██[38;2;81;116;102m██[38;2;118;73;62m██[38;2;88;68;64m██[38;2;154;154;154m██[38;2;227;227;227m██[38;2;98;120;116m██[38;2;45;49;45m  [38;2;194;208;187m  [38;2;230;247;222m  [38;2;120;129;116m  [38;2;255;255;255m██[38;2;129;145;122m██[38;2;229;232;228m██[38;2;191;199;187m██[38;2;125;142;117m██[38;2;177;184;174m██[38;2;250;250;250m██[38;2;102;104;101m  [38;2;226;243;218m  [38;2;194;208;187m  [38;2;205;216;188m  [38;2;255;250;190m    [38;2;66;64;49m  
[38;2;41;44;40m  [38;2;80;87;77m  [38;2;76;79;75m  [38;2;109;131;124m██[38;2;76;98;92m██[38;2;176;179;179m██[38;2;251;255;250m██[38;2;75;91;85m██[38;2;108;152;112m██[38;2;67;74;67m  [38;2;128;140;123m██[38;2;72;77;70m  [38;2;120;129;116m  [38;2;254;255;253m██[38;2;189;197;185m██[38;2;123;139;115m██[38;2;178;188;174m██[38;2;143;159;136m██[38;2;238;240;237m██[38;2;154;166;149m██[38;2;97;103;87m  [38;2;86;90;84m  [38;2;177;177;177m██[38;2;159;158;155m  [38;2;202;198;150m  [38;2;255;250;190m  [38;2;66;64;49m  
[38;2;60;64;58m  [38;2;93;100;90m  [38;2;155;169;148m██[38;2;82;96;89m██[38;2;145;158;138m██[38;2;64;65;63m██[38;2;180;187;184m██[38;2;94;125;114m██[38;2;126;188;138m██[38;2;78;95;83m██[38;2;148;166;147m██[38;2;57;61;55m  [38;2;232;249;224m  [38;2;0;0;0m██[38;2;180;190;175m██[38;2;133;150;125m██[38;2;161;178;153m██[38;2;126;142;118m██[38;2;170;181;164m██[38;2;162;179;155m██[38;2;207;212;205m██[38;2;246;246;246m██[38;2;195;195;195m██[38;2;91;93;77m  [38;2;255;249;190m    [38;2;66;64;49m  
[38;2;60;64;58m  [38;2;232;249;224m  [38;2;138;148;133m  [38;2;20;20;19m██[38;2;178;191;172m    [38;2;59;78;73m██[38;2;60;124;107m██[38;2;72;154;126m██[38;2;149;222;147m██[38;2;66;95;86m██[38;2;53;57;51m  [38;2;139;149;134m  [38;2;178;191;172m  [38;2;108;119;103m██[38;2;187;203;179m██[38;2;239;243;237m██[38;2;169;186;161m██[38;2;178;195;170m██[38;2;157;172;150m██[38;2;59;59;59m██[38;2;76;78;75m  [38;2;178;191;172m  [38;2;236;249;217m  [38;2;255;250;190m    [38;2;66;64;49m  
[38;2;60;64;58m  [38;2;232;249;224m  [38;2;232;249;223m  [38;2;232;249;224m  [38;2;126;136;121m  [38;2;145;156;140m  [38;2;146;156;141m  [38;2;59;91;82m██[38;2;60;126;108m██[38;2;70;133;117m██[38;2;91;130;114m██[38;2;157;169;152m██[38;2;113;126;123m██[38;2;161;173;155m  [38;2;90;96;88m  [38;2;186;199;181m██[38;2;80;107;90m██[38;2;67;92;86m██[38;2;102;109;99m██[38;2;88;94;85m  [38;2;232;249;224m  [38;2;232;249;223m  [38;2;232;249;224m  [38;2;236;249;217m  [38;2;255;250;190m    [38;2;66;64;49m  
[38;2;60;64;58m  [38;2;232;248;224m  [38;2;232;249;224m    [38;2;61;67;59m██[38;2;159;174;152m██[38;2;102;104;101m  [38;2;221;224;223m██[38;2;55;80;56m██[38;2;105;120;99m██[38;2;237;237;237m██[38;2;144;158;137m██[38;2;70;111;100m██[38;2;62;140;119m██[38;2;68;146;126m██[38;2;75;154;132m██[38;2;133;207;148m██[38;2;73;162;140m██[38;2;70;145;126m██[38;2;49;48;41m  [38;2;159;171;154m  [38;2;232;249;224m  [38;2;232;248;224m  [38;2;236;249;217m  [38;2;255;250;190m  [38;2;40;40;30m  [38;2;10;10;7m  
[38;2;60;64;58m  [38;2;232;248;224m  [38;2;232;249;224m  [38;2;232;248;224m  [38;2;183;197;177m  [38;2;111;125;111m  [38;2;163;167;166m██[38;2;147;164;141m██[38;2;198;206;195m██[38;2;197;204;193m██[38;2;176;187;171m██[38;2;67;67;57m██[38;2;65;136;116m██[38;2;73;165;141m██[38;2;70;157;134m██[38;2;68;151;127m██[38;2;122;214;145m██[38;2;145;231;148m██[38;2;62;131;113m██[38;2;46;88;77m██[38;2;38;66;57m██[38;2;145;155;140m    [38;2;122;135;121m  [38;2;54;79;53m██[38;2;165;229;145m██[38;2;29;40;25m  
[38;2;60;64;58m  [38;2;232;249;224m  [38;2;232;248;224m  [38;2;232;249;224m    [38;2;34;47;46m  [38;2;90;132;129m██[38;2;80;179;164m██[38;2;250;250;249m██[38;2;242;244;242m██[38;2;180;197;172m██[38;2;69;69;69m██[38;2;60;126;108m██[38;2;58;129;110m██[38;2;80;170;121m██[38;2;100;206;131m██[38;2;61;131;105m██[38;2;64;137;107m██[38;2;75;160;117m██[38;2;70;149;129m██[38;2;86;159;109m██[38;2;54;114;99m██[38;2;70;115;99m██[38;2;158;229;149m██[38;2;99;165;123m██[38;2;64;67;49m  [38;2;60;59;44m  
[38;2;60;64;58m  [38;2;232;248;224m      [38;2;232;249;223m  [38;2;122;131;118m  [38;2;112;178;147m██[38;2;70;198;152m██[38;2;184;207;203m██[38;2;196;204;192m██[38;2;179;189;175m██[38;2;213;222;208m██[38;2;149;149;149m██[38;2;59;102;92m██[38;2;72;141;108m██[38;2;39;67;57m██[38;2;51;96;83m██[38;2;78;167;141m██[38;2;125;206;149m██[38;2;73;158;136m██[38;2;67;99;91m██[38;2;84;175;120m██[38;2;87;176;122m██[38;2;31;69;57m██[38;2;89;99;77m  [38;2;255;250;190m  [38;2;66;64;49m  
[38;2;60;64;58m  [38;2;232;249;224m  [38;2;232;248;224m    [38;2;232;249;224m  [38;2;37;45;43m  [38;2;86;167;112m██[38;2;109;123;112m██[38;2;147;164;139m██[38;2;186;203;178m██[38;2;93;102;89m██[38;2;68;67;68m██[38;2;60;77;74m██[38;2;59;116;101m██[38;2;18;31;28m██[38;2;228;244;220m  [38;2;102;110;99m  [38;2;73;163;141m██[38;2;136;214;151m██[38;2;167;239;156m██[38;2;56;112;98m██[38;2;1;2;1m████[38;2;232;244;213m  [38;2;253;248;188m  [38;2;255;250;190m  [38;2;66;64;49m  
[38;2;60;64;58m  [38;2;232;249;224m    [38;2;231;249;224m  [38;2;92;117;95m  [38;2;84;165;128m██[38;2;61;117;100m██[38;2;62;73;71m██[38;2;172;189;164m██[38;2;126;134;122m██[38;2;68;123;103m██[38;2;73;163;140m██[38;2;132;199;144m██[38;2;84;152;130m██[38;2;124;134;121m  [38;2;231;249;224m  [38;2;169;182;164m  [38;2;40;85;76m██[38;2;83;152;137m██[38;2;120;197;147m██[38;2;32;59;60m██[38;2;232;249;224m    [38;2;236;249;217m  [38;2;255;249;190m  [38;2;255;250;189m  [38;2;66;64;49m  
[38;2;60;64;58m  [38;2;232;248;224m    [38;2;232;249;224m  [38;2;34;70;44m██[38;2;78;147;136m██[38;2;59;123;106m██[38;2;57;120;104m██[38;2;78;85;75m  [38;2;69;70;69m██[38;2;57;121;104m██[38;2;58;124;106m██[38;2;122;203;149m██[38;2;175;250;157m██[38;2;41;64;55m██[38;2;232;248;223m    [38;2;18;24;24m██[38;2;145;183;181m██[38;2;75;157;137m██[38;2;191;199;202m██[38;2;34;36;33m  [38;2;232;248;224m  [38;2;233;246;215m  [38;2;241;236;179m    [38;2;62;61;46m  
[38;2;60;64;58m  [38;2;231;248;224m  [38;2;231;249;224m    [38;2;21;38;42m██[38;2;167;189;169m██[38;2;139;162;150m██[38;2;16;22;23m██[38;2;193;207;186m  [38;2;136;146;132m  [38;2;90;106;96m  [38;2;173;186;181m██[38;2;75;154;141m██[38;2;142;182;178m██[38;2;82;97;92m██[38;2;232;249;224m  [38;2;231;249;224m  [38;2;18;18;18m██[38;2;150;183;188m██[38;2;76;145;142m██[38;2;187;212;215m██[38;2;34;36;33m  [38;2;231;248;224m  [38;2;189;202;182m  [38;2;0;0;0m      
[38;2;60;64;58m  [38;2;231;249;224m    [38;2;42;46;41m  [38;2;144;172;158m██[38;2;167;188;169m██[38;2;63;118;121m██[38;2;6;14;13m██[38;2;232;249;224m  [38;2;232;248;223m  [38;2;128;138;124m  [38;2;245;245;245m██[38;2;76;146;142m██[38;2;73;139;147m██[38;2;122;122;122m██[38;2;232;249;223m    [38;2;18;21;17m██[38;2;142;182;186m██[38;2;234;241;242m██[38;2;181;205;203m██[38;2;34;36;33m  [38;2;232;248;223m  [38;2;189;202;182m  [38;2;0;0;0m      
[38;2;60;64;58m  [38;2;231;249;224m  [38;2;232;249;224m  [38;2;42;46;41m  [38;2;149;167;152m██[38;2;167;185;164m██[38;2;60;81;83m██[38;2;138;151;136m  [38;2;232;249;223m  [38;2;232;249;224m  [38;2;128;139;124m  [38;2;245;245;245m██[38;2;132;174;180m██[38;2;73;134;142m██[38;2;121;122;121m██[38;2;232;249;223m  [38;2;232;249;224m  [38;2;145;158;140m  [38;2;37;52;50m██[38;2;229;231;231m██[38;2;50;61;56m██[38;2;164;177;159m  [38;2;232;249;224m  [38;2;189;202;182m  [38;2;0;0;0m      
[38;2;60;64;58m  [38;2;232;248;224m  [38;2;232;249;224m    [38;2;45;53;50m    [38;2;114;126;114m  [38;2;232;249;224m      [38;2;149;161;144m  [38;2;126;139;120m  [38;2;153;180;184m██[38;2;59;106;111m██[38;2;98;106;94m  [38;2;232;248;224m  [38;2;232;249;223m  [38;2;232;249;224m    [38;2;66;71;64m  [38;2;232;248;224m    [38;2;232;249;224m  [38;2;189;202;182m  [38;2;0;0;0m      
[38;2;16;17;15m  [38;2;62;66;59m                    [38;2;2;2;2m  [38;2;32;32;32m  [38;2;0;0;0m  [38;2;32;34;31m  [38;2;62;66;59m                [38;2;50;54;48m  [38;2;0;0;0m      [0m
