
[38;2;0;0;0m            [38;2;47;47;47m██[38;2;0;0;0m                                      
[38;2;0;0;0m          [38;2;142;142;142m  [38;2;173;173;173m██[38;2;0;0;0m                                      
[38;2;0;0;0m    [38;2;57;57;57m██[38;2;82;82;86m██[38;2;21;21;21m  [38;2;195;195;195m██[38;2;24;24;28m  [38;2;63;63;63m  [38;2;210;210;210m██[38;2;36;36;36m  [38;2;0;0;0m                                
[38;2;0;0;0m  [38;2;0;2;10m  [38;2;88;88;88m██[38;2;109;108;109m██[38;2;216;216;216m██[38;2;118;118;118m██[38;2;216;216;216m██[38;2;226;226;226m██[38;2;75;74;75m██[38;2;15;14;15m  [38;2;0;0;0m                                
[38;2;0;0;0m  [38;2;0;1;6m  [38;2;179;179;178m██[38;2;224;224;223m██[38;2;195;194;188m██[38;2;216;216;213m██[38;2;210;210;207m██[38;2;164;163;164m██[38;2;232;232;232m██[38;2;175;175;175m██[38;2;94;94;94m  [38;2;0;0;0m  [38;2;12;11;11m  ██[38;2;0;0;0m                        
[38;2;0;0;0m    [38;2;42;42;39m██[38;2;170;168;159m██████[38;2;185;184;177m████[38;2;190;190;190m██[38;2;65;65;65m██[38;2;0;0;0m    [38;2;107;99;100m██[38;2;26;24;25m██[38;2;0;0;0m  ██[38;2;80;74;75m██[38;2;0;0;0m    [38;2;103;97;97m██[38;2;0;0;0m      ██    
[38;2;0;0;0m    [38;2;13;13;12m  [38;2;138;136;128m██[38;2;160;158;149m██[38;2;72;71;73m██[38;2;128;127;121m██[38;2;154;136;170m██[38;2;167;150;187m██[38;2;198;197;197m██[38;2;111;110;110m██[38;2;72;68;68m██[38;2;79;70;69m██[38;2;69;67;67m██[38;2;61;59;59m██[38;2;83;81;81m██[38;2;79;70;69m██[38;2;45;42;43m██[38;2;93;89;90m██[38;2;61;57;57m██[38;2;0;0;0m  [38;2;43;40;40m  [38;2;55;51;52m██[38;2;12;11;11m  [38;2;0;0;0m    
[38;2;3;3;3m  [38;2;11;11;10m██[38;2;53;53;50m██[38;2;170;168;159m██[38;2;92;91;86m██[38;2;121;116;114m██[38;2;154;143;156m██[38;2;126;88;168m██[38;2;151;114;186m██[38;2;98;87;108m██[38;2;72;68;73m██[38;2;59;54;55m██[38;2;60;56;57m██[38;2;118;113;114m██[38;2;118;113;113m██[38;2;58;55;54m████[38;2;119;113;114m██[38;2;126;118;119m██[38;2;83;70;75m██[38;2;61;58;58m██[38;2;66;63;64m██[38;2;62;59;59m██[38;2;26;21;22m██[38;2;0;0;0m    
[38;2;42;42;39m██[38;2;153;152;143m██[38;2;169;167;158m██[38;2;119;117;111m██[38;2;138;135;128m██[38;2;135;97;140m██[38;2;131;107;132m██[38;2;121;120;116m██[38;2;89;80;85m██[38;2;103;91;110m██[38;2;167;136;197m██[38;2;139;118;160m██[38;2;64;62;62m██[38;2;124;121;120m██[38;2;100;97;92m██[38;2;147;146;145m██[38;2;119;117;115m██[38;2;84;80;80m██[38;2;62;57;58m██[38;2;69;60;61m██[38;2;77;65;63m██[38;2;65;55;56m██[38;2;46;37;38m██[38;2;72;58;58m██[38;2;34;28;29m██[38;2;3;2;2m  
[38;2;0;0;0m  [38;2;104;103;97m  [38;2;35;35;33m  [38;2;35;35;48m  [38;2;96;82;98m██[38;2;156;106;165m██[38;2;148;147;141m██[38;2;167;167;162m██[38;2;90;89;87m██[38;2;104;101;97m██[38;2;102;95;106m██[38;2;180;149;208m██[38;2;144;123;162m██[38;2;104;101;95m██[38;2;204;203;202m██[38;2;206;205;205m██[38;2;64;58;55m██[38;2;71;61;61m██[38;2;66;58;58m██[38;2;88;72;70m██[38;2;76;62;59m██[38;2;33;26;25m  [38;2;14;11;11m  [38;2;0;0;0m  [38;2;19;14;14m  [38;2;4;3;3m  
[38;2;0;0;0m        [38;2;147;107;154m██[38;2;165;141;163m██[38;2;115;114;113m██[38;2;156;155;154m██[38;2;116;115;113m██[38;2;167;165;157m██[38;2;155;153;145m██[38;2;131;122;128m██[38;2;195;195;193m██[38;2;222;222;222m██[38;2;197;196;195m██[38;2;85;75;72m██[38;2;65;58;58m██[38;2;92;75;73m██[38;2;78;66;65m██[38;2;63;53;51m██[38;2;0;0;0m            
[38;2;0;0;0m        [38;2;69;69;73m██[38;2;85;84;83m██[38;2;221;221;221m██[38;2;115;115;111m██[38;2;120;119;116m██[38;2;173;172;163m██[38;2;116;114;107m██[38;2;123;122;116m██[38;2;204;204;203m██[38;2;197;196;195m██[38;2;61;56;54m██[38;2;58;53;54m██[38;2;87;72;70m██[38;2;106;91;91m██[38;2;95;86;87m  [38;2;208;208;208m  [38;2;0;0;0m            
[38;2;0;0;0m        [38;2;141;140;137m██[38;2;150;149;141m██[38;2;90;89;90m██[38;2;85;83;80m██[38;2;223;223;221m██[38;2;119;118;117m██[38;2;87;86;85m██[38;2;144;142;134m██[38;2;132;130;127m██[38;2;208;208;207m██[38;2;91;85;81m██[38;2;87;72;70m██[38;2;85;79;79m██[38;2;137;123;123m██[38;2;64;64;64m  [38;2;255;255;255m  [38;2;0;0;0m            
[38;2;0;0;0m    [38;2;8;8;8m  [38;2;136;134;127m██[38;2;141;139;133m████[38;2;71;70;70m██[38;2;103;93;110m██[38;2;154;154;153m██[38;2;153;151;144m██[38;2;152;150;142m██[38;2;122;120;115m██[38;2;168;167;165m██[38;2;231;231;231m██[38;2;203;203;201m██[38;2;101;92;89m██[38;2;107;89;88m██[38;2;25;23;23m██[38;2;255;255;255m    [38;2;0;0;0m            
[38;2;0;0;0m    [38;2;24;24;23m██[38;2;152;150;142m██[38;2;91;90;89m████[38;2;206;198;213m██[38;2;100;90;110m██[38;2;162;160;152m██[38;2;169;168;159m████[38;2;91;90;89m██[38;2;232;232;232m██[38;2;141;139;136m██[38;2;108;107;103m██[38;2;87;76;77m██[38;2;93;76;73m██[38;2;22;18;18m██[38;2;255;255;255m    [38;2;0;0;0m            
[38;2;0;0;0m      [38;2;69;68;65m  [38;2;76;67;88m  [38;2;57;49;50m██[38;2;81;72;82m██[38;2;82;76;86m██[38;2;144;142;135m████[38;2;92;90;89m████[38;2;89;84;81m██[38;2;75;67;65m██[38;2;75;64;64m██[38;2;63;56;57m██[38;2;62;53;52m██[38;2;16;13;12m  [38;2;0;0;0m                
[38;2;0;0;0m        [38;2;148;129;174m  [38;2;36;30;28m██[38;2;65;56;57m██[38;2;191;189;189m██[38;2;65;65;65m██[38;2;163;162;157m██[38;2;65;65;65m████[38;2;85;71;69m██[38;2;59;54;54m██[38;2;67;59;58m██[38;2;94;77;74m██[38;2;70;57;55m██[38;2;0;0;0m                  
[38;2;0;0;0m        [38;2;198;172;232m  [38;2;147;126;165m  [38;2;33;28;27m██[38;2;68;59;58m██[38;2;141;140;140m██[38;2;133;119;145m██[38;2;183;150;215m██[38;2;143;121;164m██[38;2;66;59;59m██[38;2;77;67;65m██[38;2;72;62;62m██[38;2;70;61;61m██[38;2;32;26;25m  [38;2;0;0;0m                  
[38;2;0;0;0m          [38;2;6;6;6m  [38;2;95;89;89m██[38;2;69;67;68m██[38;2;62;51;49m██[38;2;15;12;12m  [38;2;0;0;0m    [38;2;2;1;1m  [38;2;66;54;52m  [38;2;86;70;67m██[38;2;82;66;64m██[38;2;4;3;3m  [38;2;0;0;0m                  
[38;2;0;0;0m          [38;2;27;25;25m  [38;2;31;28;28m██[38;2;38;35;36m██[38;2;0;0;0m          [38;2;43;35;35m  [38;2;53;49;48m██[38;2;67;61;61m██[38;2;54;43;42m██[38;2;0;0;0m                  
[38;2;0;0;0m                        [38;2;28;26;26m██[38;2;86;77;78m██[38;2;134;126;126m██[38;2;89;79;80m██[38;2;56;54;55m██[38;2;0;1;2m  [38;2;0;0;0m                
[38;2;0;0;0m                          [38;2;28;26;26m  [38;2;32;30;30m████[38;2;29;27;28m  [38;2;0;0;0m                  [0m
