
[38;2;17;16;12m    [38;2;0;0;0m                                            
[38;2;63;59;44m████[38;2;0;0;0m                    [38;2;51;48;36m  ██[38;2;0;0;0m                    
[38;2;0;0;0m  [38;2;191;178;134m██[38;2;0;0;0m                    [38;2;191;178;134m██[38;2;0;0;0m                      
[38;2;0;0;0m  [38;2;191;178;134m██[38;2;43;43;43m  [38;2;0;0;0m                [38;2;169;157;119m  [38;2;65;63;58m██[38;2;0;0;0m                      
[38;2;0;0;0m    [38;2;146;137;106m██[38;2;106;99;80m██[38;2;70;65;52m  [38;2;48;65;48m  [38;2;14;22;15m  [38;2;59;88;60m██[38;2;26;25;19m  [38;2;107;100;76m██[38;2;117;109;83m██[38;2;64;62;54m██[38;2;64;86;65m                      [38;2;16;21;16m  
[38;2;0;0;0m    [38;2;112;150;112m  [38;2;8;8;6m██[38;2;106;102;91m██[38;2;57;55;43m  [38;2;136;202;139m██[38;2;86;104;87m██[38;2;201;189;147m██[38;2;25;24;22m██[38;2;43;56;42m  [38;2;146;197;148m  [38;2;152;205;154m                      [38;2;38;51;38m  
[38;2;0;0;0m    [38;2;151;205;153m  [38;2;152;205;154m  [38;2;60;58;52m██[38;2;113;136;106m██[38;2;101;151;105m██[38;2;207;194;151m██[38;2;83;100;84m██[38;2;88;130;89m██[38;2;95;128;96m  [38;2;152;205;154m  [38;2;151;205;153m  [38;2;152;205;154m  [38;2;151;205;153m  [38;2;95;128;96m  [38;2;70;104;72m██[38;2;74;102;75m  [38;2;151;205;153m  [38;2;152;205;154m  [38;2;151;205;153m  [38;2;152;205;154m  [38;2;151;205;153m  [38;2;38;51;38m  
[38;2;0;0;0m    [38;2;152;205;154m  [38;2;147;199;149m  [38;2;39;57;40m██[38;2;141;208;144m██[38;2;122;173;125m██[38;2;67;70;68m██[38;2;141;208;144m████[38;2;105;156;108m██[38;2;113;153;115m  [38;2;152;205;154m  [38;2;185;131;172m  [38;2;197;107;179m  [38;2;49;26;44m  [38;2;146;173;153m██[38;2;146;169;154m██[38;2;51;31;47m  [38;2;161;179;158m  [38;2;152;205;154m      [38;2;38;51;38m  
[38;2;0;0;0m    [38;2;152;205;154m  [38;2;38;51;38m  [38;2;141;208;144m██████[38;2;101;169;104m████[38;2;141;208;144m██[38;2;126;186;128m██[38;2;68;95;69m  [38;2;152;205;154m  [38;2;185;131;172m  [38;2;168;91;153m  [38;2;81;101;81m  [38;2;146;173;153m██[38;2;174;84;178m██[38;2;105;156;108m██[38;2;113;153;115m  [38;2;152;205;154m      [38;2;38;51;38m  
[38;2;0;0;0m    [38;2;113;153;115m  [38;2;105;156;108m██[38;2;141;208;144m████[38;2;162;212;164m██[38;2;56;56;56m██[38;2;203;221;204m██[38;2;118;185;121m██[38;2;141;208;144m██[38;2;35;52;36m██[38;2;151;205;153m  [38;2;185;131;172m  [38;2;133;75;121m  [38;2;109;148;113m██[38;2;163;73;181m██[38;2;185;95;176m██[38;2;179;129;167m██[38;2;35;52;36m██[38;2;151;205;153m      [38;2;37;51;38m  
[38;2;0;0;0m    [38;2;67;90;67m  [38;2;150;205;146m██[38;2;157;219;155m██[38;2;141;208;144m██[38;2;116;166;118m██[38;2;10;10;10m██[38;2;209;226;211m██[38;2;123;191;127m██[38;2;141;208;144m██[38;2;35;52;36m██[38;2;152;205;153m  [38;2;185;131;172m  [38;2;21;38;23m██[38;2;142;91;159m██[38;2;184;95;176m██[38;2;90;44;90m██[38;2;93;61;86m██[38;2;112;136;111m██[38;2;77;104;78m  [38;2;152;205;154m  [38;2;152;205;153m  [38;2;38;51;38m  
[38;2;0;0;0m    [38;2;169;227;163m██[38;2;174;231;167m██[38;2;172;229;165m██[38;2;147;212;148m██[38;2;125;179;128m██[38;2;154;152;120m██[38;2;210;236;211m██[38;2;132;200;136m██[38;2;141;208;144m████[38;2;40;50;40m  [38;2;42;63;44m  [38;2;114;120;128m██[38;2;157;80;151m██[38;2;37;20;34m  [38;2;157;85;142m    [38;2;94;131;95m  [38;2;59;80;60m  [38;2;152;205;154m    [38;2;38;51;38m  
[38;2;0;0;0m    [38;2;143;209;145m██[38;2;149;214;150m██[38;2;147;212;148m██[38;2;141;208;144m██████[38;2;124;191;127m██[38;2;82;150;89m██[38;2;141;208;144m████[38;2;102;139;103m██[38;2;117;81;130m██[38;2;161;71;181m██[38;2;40;17;45m██[38;2;197;106;179m      [38;2;132;139;129m  [38;2;152;205;154m      [38;2;38;51;38m  
[38;2;0;0;0m    [38;2;112;165;114m██[38;2;141;208;144m██[38;2;122;190;125m██[38;2;141;208;144m██████[38;2;114;150;112m██[38;2;130;178;128m██[38;2;141;208;144m██████[38;2;99;129;100m██[38;2;101;52;112m██[38;2;107;58;98m  [38;2;184;133;172m      [38;2;160;187;158m  [38;2;152;205;154m      [38;2;38;51;38m  
[38;2;0;0;0m    [38;2;98;134;100m  [38;2;112;165;114m██[38;2;127;195;130m██[38;2;141;208;144m██[38;2;125;179;128m██[38;2;79;92;80m██[38;2;224;209;161m██[38;2;195;185;142m██[38;2;141;208;144m████████[38;2;123;177;125m██[38;2;113;168;116m██[38;2;29;39;29m  [38;2;121;163;122m  [38;2;152;205;154m        [38;2;29;39;29m  [38;2;7;9;7m  
[38;2;0;0;0m    [38;2;43;77;47m██[38;2;75;109;79m██[38;2;71;95;74m████[38;2;102;115;86m██[38;2;232;212;163m██[38;2;227;206;159m██[38;2;211;189;147m██[38;2;153;196;140m██[38;2;141;208;144m██[38;2;114;158;116m████[38;2;141;208;144m██[38;2;165;225;161m██[38;2;174;231;167m██[38;2;88;117;85m██[38;2;99;134;100m    [38;2;81;113;83m  [38;2;29;52;32m██[38;2;85;152;93m██[38;2;21;38;23m██
[38;2;0;0;0m    [38;2;71;94;74m██[38;2;85;153;93m██[38;2;66;119;72m██[38;2;9;17;10m██[38;2;99;146;83m██[38;2;247;229;174m██[38;2;249;231;175m██[38;2;211;188;147m██[38;2;231;214;163m██[38;2;151;198;141m██[38;2;132;191;134m██[38;2;71;132;74m██[38;2;90;113;91m██[38;2;143;209;145m██[38;2;174;231;166m██[38;2;174;230;166m██[38;2;107;152;109m██[38;2;70;115;76m██[38;2;77;139;84m██[38;2;85;153;93m██[38;2;66;119;72m██[38;2;2;4;2m  
[38;2;0;0;0m    [38;2;64;86;65m    [38;2;86;116;87m  [38;2;152;205;154m  [38;2;54;48;37m██[38;2;216;195;151m████[38;2;245;227;172m██[38;2;248;230;174m██[38;2;198;174;138m██[38;2;156;194;139m██[38;2;141;208;144m██[38;2;100;131;101m██[38;2;132;192;135m██[38;2;135;202;138m██[38;2;117;184;122m██[38;2;133;163;137m██[38;2;80;131;85m██[38;2;85;152;93m██[38;2;85;153;93m██[38;2;52;87;56m  [38;2;16;21;16m  
[38;2;0;0;0m    [38;2;152;205;154m      [38;2;42;57;42m  [38;2;79;128;84m██[38;2;209;196;152m██[38;2;255;238;179m████[38;2;190;166;132m██[38;2;236;217;166m████[38;2;86;133;75m██[38;2;140;206;143m██[38;2;85;103;86m██[38;2;113;115;113m██[38;2;111;114;111m██[38;2;75;91;77m██[38;2;84;152;92m██[38;2;85;153;93m██[38;2;23;42;25m██[38;2;147;199;149m  [38;2;38;51;38m  
[38;2;0;0;0m    [38;2;151;205;153m  [38;2;152;205;154m  [38;2;113;153;115m  [38;2;63;114;69m██[38;2;82;141;89m██[38;2;114;113;93m██[38;2;222;201;155m████[38;2;246;228;173m██[38;2;222;201;155m██[38;2;166;168;123m██[38;2;130;194;129m██[38;2;174;231;167m██[38;2;161;222;158m██[38;2;131;190;134m██[38;2;74;82;74m██[38;2;85;152;93m██[38;2;53;95;58m██[38;2;50;82;54m  [38;2;132;179;134m  [38;2;151;205;153m  [38;2;38;51;38m  
[38;2;0;0;0m    [38;2;151;205;153m    [38;2;115;155;116m  [38;2;62;112;68m  [38;2;85;152;93m████[38;2;95;91;81m██[38;2;184;160;128m██[38;2;190;165;132m██[38;2;214;195;156m██[38;2;72;141;75m██[38;2;164;224;160m██[38;2;174;231;167m██[38;2;173;230;166m██[38;2;141;208;144m████[38;2;48;48;48m  [38;2;115;155;116m  [38;2;151;205;153m      [38;2;38;51;38m  
[38;2;0;0;0m    [38;2;152;205;154m      [38;2;103;139;105m  [38;2;48;86;52m██[38;2;85;153;93m██[38;2;82;143;90m██[38;2;76;115;81m██[38;2;122;114;97m██[38;2;93;86;69m██[38;2;51;89;52m██[38;2;141;208;144m██[38;2;154;217;153m██[38;2;144;210;146m██[38;2;141;208;144m██[38;2;116;184;121m██[38;2;38;51;38m  [38;2;152;205;154m        [38;2;38;51;38m  
[38;2;0;0;0m    [38;2;152;205;154m  [38;2;151;205;154m  [38;2;152;205;154m  [38;2;151;205;154m  [38;2;102;139;103m  [38;2;51;59;52m██[38;2;82;148;90m██[38;2;75;135;82m██[38;2;51;68;51m  [38;2;151;205;154m  [38;2;118;159;119m  [38;2;97;143;99m  [38;2;132;194;135m██[38;2;134;201;138m██[38;2;128;195;132m██[38;2;22;39;24m██[38;2;152;205;154m  [38;2;151;205;154m  [38;2;152;205;154m  [38;2;151;205;154m  [38;2;152;205;154m  [38;2;38;51;38m  
[38;2;0;0;0m    [38;2;152;205;153m  [38;2;152;205;154m  [38;2;152;205;153m  [38;2;152;205;154m  [38;2;39;45;39m██[38;2;102;159;109m██[38;2;46;73;49m  [38;2;99;134;100m  [38;2;152;205;153m  [38;2;152;205;154m  [38;2;152;205;153m  [38;2;112;151;114m  [38;2;47;64;48m██[38;2;121;188;126m██[38;2;131;199;135m██[38;2;26;43;27m██[38;2;152;205;153m  [38;2;152;205;154m  [38;2;152;205;153m  [38;2;152;205;154m  [38;2;152;205;153m  [38;2;38;51;38m  
[38;2;0;0;0m    [38;2;122;165;124m        [38;2;92;124;93m  [38;2;0;0;0m  [38;2;122;165;124m            [38;2;54;54;54m██[38;2;142;184;147m██[38;2;139;180;144m██[38;2;51;51;51m  [38;2;122;165;124m          [38;2;30;41;31m  
[38;2;0;0;0m                            [38;2;4;4;4m  [38;2;55;55;55m██[38;2;51;51;51m  [38;2;0;0;0m              [0m
