
[38;2;0;0;0m                        [38;2;3;20;1m  [38;2;0;0;0m                            
[38;2;0;0;0m                        [38;2;27;143;9m██[38;2;0;0;0m██                          
[38;2;0;0;0m                    [38;2;24;135;9m██[38;2;30;163;11m██[38;2;31;163;11m████[38;2;9;9;9m  [38;2;0;0;0m                        
[38;2;0;0;0m                    [38;2;15;42;7m██[38;2;30;160;11m██[38;2;31;163;11m████[38;2;31;140;14m██[38;2;0;0;0m            [38;2;11;25;4m  [38;2;26;57;9m  [38;2;0;0;0m        
[38;2;0;0;0m              [38;2;54;25;7m  [38;2;0;0;0m    [38;2;32;84;20m██[38;2;32;160;12m██[38;2;31;162;11m██[38;2;31;163;11m██[38;2;32;147;14m██[38;2;20;100;6m  [38;2;0;0;0m        [38;2;21;45;8m  [38;2;97;208;36m████[38;2;13;20;8m  [38;2;2;1;0m  [38;2;0;0;0m    
[38;2;0;0;0m            [38;2;56;28;8m  [38;2;173;82;23m██[38;2;90;42;12m  [38;2;52;51;52m  [38;2;132;114;59m██[38;2;66;78;57m██[38;2;31;161;11m██[38;2;31;163;11m██[38;2;32;89;11m██[38;2;0;0;0m      [38;2;49;108;18m██[38;2;83;182;31m██[38;2;93;197;35m██[38;2;100;207;38m████[38;2;94;190;41m██[38;2;86;183;33m██[38;2;0;0;0m    
[38;2;0;0;0m      [38;2;56;26;7m  [38;2;139;69;23m██[38;2;37;27;16m██[38;2;204;124;61m██[38;2;133;85;57m██[38;2;135;88;58m██[38;2;236;138;60m██[38;2;242;138;60m██[38;2;71;66;64m██[38;2;31;161;11m██[38;2;31;163;11m██[38;2;0;0;0m      [38;2;2;6;1m  [38;2;72;157;27m██[38;2;100;207;38m██[38;2;99;207;38m██[38;2;95;204;36m██[38;2;72;187;27m██████[38;2;69;174;26m██[38;2;15;33;5m  
[38;2;0;0;0m      [38;2;143;67;19m██[38;2;142;77;37m██[38;2;207;124;58m██[38;2;242;138;60m██[38;2;244;139;58m██[38;2;210;117;47m██[38;2;235;134;57m██[38;2;242;138;60m██[38;2;172;97;45m██[38;2;48;108;30m██[38;2;31;160;11m██[38;2;13;71;4m  [38;2;0;0;0m  [38;2;50;105;19m██[38;2;91;190;34m██[38;2;96;210;36m██[38;2;84;194;24m██[38;2;68;76;62m██[38;2;36;163;12m██[38;2;31;162;11m████[38;2;31;160;11m██[38;2;2;10;0m  [38;2;0;0;0m  
[38;2;0;0;0m    [38;2;99;55;24m██[38;2;142;95;60m██[38;2;132;81;48m██[38;2;228;133;60m██[38;2;224;123;51m██[38;2;165;125;36m██[38;2;159;122;96m██[38;2;234;134;57m██[38;2;240;138;60m██[38;2;208;116;51m██[38;2;191;113;52m██[38;2;49;133;38m██[38;2;8;44;2m  [38;2;1;3;0m  [38;2;73;156;27m██[38;2;97;203;37m██[38;2;63;122;44m██[38;2;49;113;39m██[38;2;35;161;15m██[38;2;31;161;10m██[38;2;31;163;11m██[38;2;30;163;11m██[38;2;9;48;3m██[38;2;0;0;0m    
[38;2;0;0;0m    [38;2;155;89;43m██[38;2;211;127;60m██[38;2;238;138;60m██[38;2;241;138;60m██[38;2;115;59;21m██[38;2;68;160;12m██[38;2;222;186;156m██[38;2;234;134;57m██[38;2;212;116;45m██[38;2;239;136;59m██[38;2;164;119;67m██[38;2;27;114;3m██[38;2;0;0;0m  [38;2;3;7;1m██[38;2;96;210;36m██[38;2;63;76;60m██[38;2;32;158;11m██[38;2;31;163;11m██[38;2;30;163;11m██[38;2;31;163;11m██[38;2;30;163;11m██[38;2;1;7;0m██[38;2;0;2;0m██[38;2;0;0;0m    
[38;2;0;0;0m    [38;2;162;94;39m██[38;2;174;111;61m██[38;2;244;140;60m██[38;2;242;138;60m██[38;2;213;128;60m██[38;2;129;79;48m██[38;2;187;108;49m██[38;2;158;104;62m██[38;2;203;123;61m  [38;2;158;104;62m██[38;2;183;113;54m██[38;2;50;105;39m██[38;2;56;88;31m██[38;2;97;204;37m██[38;2;57;142;32m██[38;2;31;160;11m██[38;2;30;163;11m██[38;2;33;154;13m██[38;2;37;144;20m██[38;2;30;163;11m██[38;2;9;54;3m██[38;2;0;0;0m        
[38;2;0;0;0m    [38;2;72;42;17m██[38;2;245;142;60m██[38;2;184;114;61m██[38;2;212;111;47m██[38;2;109;89;80m██[38;2;186;133;105m██[38;2;65;64;65m██[38;2;231;136;60m██[38;2;165;99;55m██[38;2;239;126;52m██[38;2;225;124;43m██[38;2;89;105;103m██[38;2;64;181;23m██[38;2;32;160;11m██[38;2;30;161;11m██[38;2;27;150;10m██[38;2;0;0;0m██[38;2;28;142;9m██[38;2;0;0;0m██[38;2;27;136;9m██[38;2;0;0;0m          
[38;2;0;0;0m        [38;2;28;18;10m  [38;2;76;55;45m██[38;2;134;107;96m██[38;2;154;103;64m██[38;2;138;95;62m██[38;2;158;104;62m██[38;2;157;90;46m██[38;2;133;108;74m██[38;2;70;136;40m██[38;2;59;165;15m██[38;2;137;189;43m██[38;2;155;103;62m██[38;2;36;71;31m██[38;2;0;0;0m                    
[38;2;0;0;0m        [38;2;80;45;20m  [38;2;182;107;51m██[38;2;72;67;64m██[38;2;225;133;60m██[38;2;240;139;59m██[38;2;77;69;64m██[38;2;69;67;66m██[38;2;140;120;86m██[38;2;46;158;15m██[38;2;56;68;55m██[38;2;96;210;36m██[38;2;232;141;59m██[38;2;46;117;34m██[38;2;1;6;0m  [38;2;0;0;0m  [38;2;6;3;1m  [38;2;0;0;0m              
[38;2;0;0;0m          [38;2;90;52;22m  [38;2;143;97;62m██[38;2;145;88;49m██[38;2;60;40;22m  [38;2;26;25;26m  [38;2;105;95;80m████[38;2;130;137;96m██[38;2;39;134;28m██[38;2;78;127;52m██[38;2;95;207;36m██[38;2;64;123;44m██[38;2;48;101;39m██[38;2;25;71;14m██[38;2;161;84;31m██[38;2;80;44;17m██[38;2;0;0;0m            
[38;2;0;0;0m  [38;2;2;10;0m  [38;2;226;225;226m██[38;2;42;55;51m██[38;2;114;73;37m██[38;2;25;140;9m██[38;2;31;163;11m██[38;2;29;147;10m██[38;2;0;0;0m    [38;2;96;95;73m██[38;2;210;191;159m██[38;2;137;153;104m██[38;2;61;115;49m██[38;2;33;155;13m██[38;2;68;81;61m██[38;2;90;201;30m██[38;2;187;110;36m██[38;2;131;93;63m██[38;2;58;82;54m██[38;2;112;118;14m██[38;2;70;72;67m██[38;2;83;58;18m██[38;2;24;132;8m██[38;2;0;0;0m      
[38;2;19;23;16m  [38;2;52;111;31m██[38;2;72;127;63m██[38;2;69;124;44m██[38;2;45;135;18m██[38;2;30;163;11m██[38;2;12;63;4m  [38;2;1;7;0m  [38;2;0;0;0m  [38;2;8;79;0m  [38;2;53;93;38m██[38;2;158;146;125m██[38;2;181;164;137m██[38;2;122;114;96m██[38;2;54;111;45m██[38;2;96;210;36m██[38;2;124;172;40m██[38;2;71;114;43m██[38;2;44;122;32m██[38;2;56;110;50m██[38;2;40;134;26m██[38;2;32;149;10m██[38;2;34;149;17m██[38;2;9;51;3m  [38;2;0;0;0m      
[38;2;55;57;57m  [38;2;199;211;192m██[38;2;51;86;45m██[38;2;62;82;58m██[38;2;18;92;6m  [38;2;0;0;0m      [38;2;16;142;2m██[38;2;15;141;1m██[38;2;22;135;11m██[38;2;85;90;86m██[38;2;70;80;61m██[38;2;141;123;92m██[38;2;76;146;38m██[38;2;95;202;32m██[38;2;202;115;43m██[38;2;210;117;54m██[38;2;43;126;30m██[38;2;166;98;27m██[38;2;42;112;33m██[38;2;22;120;8m  [38;2;0;0;0m          
[38;2;0;0;0m  [38;2;68;68;68m  [38;2;43;62;38m██[38;2;180;188;177m██[38;2;0;0;0m        [38;2;10;86;1m██[38;2;17;141;1m██[38;2;76;94;72m██[38;2;107;170;103m██[38;2;80;174;41m██[38;2;85;159;46m██[38;2;122;162;29m██[38;2;164;145;32m██[38;2;67;124;51m██[38;2;42;129;28m██[38;2;31;163;11m██[38;2;59;30;10m  [38;2;0;0;0m              
[38;2;0;0;0m                [38;2;119;134;112m██[38;2;53;90;47m██[38;2;84;104;73m██[38;2;70;89;60m██[38;2;91;203;34m██[38;2;99;205;38m██[38;2;38;83;14m  [38;2;44;69;30m██[38;2;44;142;28m██[38;2;31;156;11m██[38;2;99;94;13m██[38;2;0;0;0m                
[38;2;0;0;0m                [38;2;22;24;20m  [38;2;31;38;26m██[38;2;22;28;20m  [38;2;72;105;52m██[38;2;74;149;40m██[38;2;48;177;17m██[38;2;0;0;0m  [38;2;9;6;0m  [38;2;35;56;34m██[38;2;43;111;36m██[38;2;44;99;35m██[38;2;0;0;0m                
[38;2;0;0;0m                        [38;2;86;139;76m██[38;2;21;129;6m██[38;2;0;0;0m  [38;2;5;5;5m██[38;2;86;105;83m██[38;2;176;182;167m██[38;2;97;125;90m██[38;2;0;0;0m                
[38;2;0;0;0m                                  [38;2;45;45;43m  [38;2;0;0;0m                  [0m
