
[38;2;0;0;0m                        [38;2;24;18;14m  [38;2;45;34;27m  [38;2;45;34;26m██[38;2;40;30;23m  [38;2;0;0;0m          
[38;2;0;0;0m                      [38;2;134;106;80m██[38;2;150;115;89m██[38;2;167;128;99m██[38;2;166;128;99m██[38;2;163;125;96m██[38;2;134;103;80m██[38;2;0;0;0m        
[38;2;0;0;0m                    [38;2;99;87;78m██[38;2;167;128;100m██[38;2;167;128;99m██████████[38;2;136;105;81m██[38;2;0;0;0m      
[38;2;0;0;0m                    [38;2;116;98;86m██[38;2;163;127;98m██[38;2;201;191;179m██[38;2;167;128;99m██[38;2;167;128;98m██[38;2;167;128;99m██[38;2;167;128;98m██[38;2;164;125;97m██[38;2;46;36;27m  [38;2;0;0;0m    
[38;2;0;0;0m    [38;2;61;71;113m    [38;2;39;46;73m  [38;2;0;0;0m      [38;2;61;71;113m  [38;2;19;1;2m  [38;2;99;86;100m██[38;2;171;115;99m██[38;2;117;89;78m██[38;2;167;128;99m████[38;2;166;128;99m██[38;2;167;128;99m████[38;2;51;39;30m██[38;2;0;0;0m    
[38;2;0;0;0m    [38;2;136;158;249m  [38;2;22;26;41m  [38;2;58;46;35m██[38;2;164;126;98m██[38;2;163;126;97m████[38;2;0;0;0m██[38;2;109;80;80m██[38;2;185;198;252m██[38;2;49;71;163m██[38;2;118;99;129m██[38;2;166;128;99m██[38;2;167;128;99m██[38;2;166;128;99m██[38;2;167;128;99m██[38;2;162;122;99m██[38;2;43;28;27m██[38;2;0;0;0m    
[38;2;0;0;0m    [38;2;93;109;172m  [38;2;136;104;81m██[38;2;167;128;99m████████[38;2;143;114;91m██[38;2;99;107;148m██[38;2;138;160;252m██[38;2;122;144;236m██[38;2;60;82;174m██[38;2;167;128;99m██[38;2;167;128;98m██[38;2;167;128;99m██[38;2;157;115;97m██[38;2;114;78;73m██[38;2;0;0;0m      
[38;2;0;0;0m    [38;2;54;43;35m██[38;2;168;129;103m██[38;2;167;128;99m██████████[38;2;78;65;68m██[38;2;57;74;158m██[38;2;55;71;154m██[38;2;109;97;126m██[38;2;164;124;100m████[38;2;139;93;89m██[38;2;139;95;90m██[38;2;114;78;73m██[38;2;0;0;0m      
[38;2;0;0;0m    [38;2;41;41;41m  [38;2;160;128;105m██[38;2;178;156;139m██[38;2;173;137;110m██[38;2;167;128;99m██████[38;2;175;116;95m██[38;2;102;78;77m██[38;2;139;94;89m██[38;2;143;94;88m██[38;2;139;94;89m██████[38;2;139;95;89m██[38;2;41;28;26m  [38;2;0;0;0m      
[38;2;0;0;0m    [38;2;19;20;25m██[38;2;129;108;105m██[38;2;115;100;100m██[38;2;157;120;93m██[38;2;167;128;99m██[38;2;166;128;99m██[38;2;165;125;98m██[38;2;124;95;84m██[38;2;95;77;75m██[38;2;125;89;85m██[38;2;132;93;87m██[38;2;139;95;89m██[38;2;139;94;89m██[38;2;143;100;91m██[38;2;142;98;91m██[38;2;0;0;0m        
[38;2;0;0;0m    [38;2;163;169;198m██[38;2;113;135;227m██[38;2;59;76;160m██[38;2;154;121;103m██[38;2;167;128;99m████[38;2;90;77;73m██[38;2;136;109;88m██[38;2;137;110;89m██[38;2;137;109;89m██[38;2;111;88;80m██[38;2;90;74;73m██[38;2;151;108;94m██[38;2;148;104;93m██[38;2;151;108;94m██[38;2;0;0;0m        
[38;2;0;0;0m    [38;2;112;129;204m██[38;2;138;159;252m██[38;2;117;139;231m██[38;2;75;78;146m██[38;2;148;107;96m██[38;2;71;67;67m██[38;2;167;128;99m██████████[38;2;158;123;96m██[38;2;107;86;79m██[38;2;160;112;95m██[38;2;92;75;74m██[38;2;72;70;69m██[38;2;10;11;10m  [38;2;0;0;0m    
[38;2;0;0;0m    [38;2;86;98;155m  [38;2;113;100;120m██[38;2;81;83;146m██[38;2;138;94;90m██[38;2;116;84;81m██[38;2;141;112;90m██[38;2;167;128;100m██[38;2;167;128;99m██[38;2;167;128;98m██[38;2;167;128;99m████[38;2;166;127;98m██[38;2;106;89;79m██[38;2;132;92;87m██[38;2;70;66;67m██[38;2;126;117;118m██[38;2;136;136;143m██[38;2;0;0;0m    
[38;2;0;0;0m    [38;2;94;86;91m██[38;2;82;71;74m██[38;2;140;94;88m██[38;2;139;94;89m██[38;2;109;82;80m██[38;2;160;120;96m██[38;2;177;159;147m██[38;2;166;127;99m██[38;2;182;151;125m██[38;2;159;128;104m██[38;2;167;128;99m████[38;2;122;96;84m██[38;2;68;67;68m██[38;2;112;105;106m██[38;2;89;94;104m██[38;2;136;138;146m██[38;2;161;164;174m██[38;2;30;32;35m██
[38;2;0;0;0m  [38;2;82;80;85m  [38;2;112;110;116m██[38;2;113;109;114m██[38;2;72;67;68m████[38;2;110;82;80m██[38;2;134;100;87m██[38;2;110;93;80m██[38;2;166;127;98m██[38;2;135;105;82m██[38;2;145;128;114m██[38;2;167;128;99m████[38;2;150;108;93m██[38;2;73;71;72m██[38;2;126;117;120m██[38;2;117;111;114m██[38;2;107;107;115m██[38;2;15;15;16m██[38;2;4;4;4m  
[38;2;15;13;14m  [38;2;109;102;103m██[38;2;156;154;161m██[38;2;118;117;127m██[38;2;142;147;158m  [38;2;180;178;189m██[38;2;81;80;82m  [38;2;102;77;114m██[38;2;111;128;199m██[38;2;88;110;202m██[38;2;64;73;142m██[38;2;172;121;99m██[38;2;160;119;98m██[38;2;153;110;95m██[38;2;140;94;89m██[38;2;70;69;71m██[38;2;104;103;110m██[38;2;107;105;111m██[38;2;32;32;34m██[38;2;0;0;0m    
[38;2;0;0;0m  ██[38;2;158;159;167m██[38;2;93;97;106m██[38;2;181;178;189m██[38;2;100;103;109m██[38;2;124;128;136m██[38;2;73;73;75m██[38;2;138;160;252m████[38;2;92;114;206m██[38;2;139;94;88m██[38;2;139;95;89m████[38;2;134;100;98m██[38;2;68;68;70m██[38;2;86;91;102m██[38;2;105;97;99m██[38;2;0;0;0m      
[38;2;0;0;0m    [38;2;17;16;16m  [38;2;57;53;53m██[38;2;74;71;76m  [38;2;120;116;120m██[38;2;176;178;190m██[38;2;129;131;138m██[38;2;57;66;109m██[38;2;96;82;121m██[38;2;118;88;105m██[38;2;139;94;89m██[38;2;139;95;89m██[38;2;99;78;76m██[38;2;98;87;87m██[38;2;115;107;114m██[38;2;147;153;165m██[38;2;106;101;103m██[38;2;38;36;37m██[38;2;0;0;0m    
[38;2;0;0;0m          [38;2;98;92;93m  [38;2;142;139;144m██[38;2;175;179;191m██[38;2;172;177;188m██[38;2;73;72;73m██[38;2;71;69;70m██[38;2;68;67;69m██[38;2;71;71;72m██[38;2;126;117;118m████[38;2;93;97;106m██[38;2;150;152;159m██[38;2;93;92;94m  [38;2;0;1;2m  [38;2;0;0;0m    
[38;2;0;0;0m            [38;2;125;116;118m██[38;2;139;136;141m██[38;2;116;117;125m██[38;2;101;101;109m██[38;2;126;117;118m██[38;2;88;94;105m██[38;2;113;115;122m██[38;2;126;117;120m████[38;2;123;115;118m██[38;2;67;68;70m██[38;2;0;0;0m        
[38;2;0;0;0m              [38;2;96;88;90m  [38;2;38;41;46m  [38;2;65;66;68m  [38;2;124;118;121m██[38;2;125;116;119m██[38;2;111;108;112m██[38;2;96;88;90m  [38;2;61;56;57m  [38;2;97;90;92m██[38;2;19;18;19m  [38;2;0;0;0m        
[38;2;0;0;0m                  [38;2;0;1;2m  [38;2;33;32;33m██[38;2;34;31;32m████[38;2;0;0;0m                [0m
