
[38;2;0;0;0m              [38;2;48;52;52m  [38;2;29;30;30m  [38;2;63;63;63m██[38;2;0;0;0m                  
[38;2;38;41;40m  [38;2;147;157;155m            [38;2;48;52;51m  [38;2;214;215;215m██[38;2;104;103;104m██[38;2;59;63;61m  [38;2;147;157;155m              [38;2;38;41;40m  
[38;2;49;52;52m  [38;2;188;200;199m  [38;2;187;200;199m  [38;2;188;201;199m  [38;2;187;200;198m    [38;2;108;116;115m  [38;2;229;230;230m██[38;2;216;217;217m██[38;2;94;97;96m██[38;2;101;108;104m██[38;2;133;143;141m  [38;2;188;200;199m  [38;2;187;200;198m  [38;2;188;200;198m  [38;2;187;201;198m  [38;2;187;200;198m  [38;2;187;201;198m  [38;2;49;52;52m  
[38;2;49;52;52m  [38;2;188;201;199m  [38;2;188;201;198m    [38;2;130;139;138m  [38;2;32;34;34m  [38;2;84;90;89m  [38;2;48;61;61m  [38;2;110;111;112m██[38;2;82;83;83m██[38;2;160;171;165m██[38;2;9;10;10m  [38;2;188;201;198m        [38;2;188;200;198m  [38;2;188;201;199m  [38;2;49;52;52m  
[38;2;49;52;52m  [38;2;188;201;199m      [38;2;73;78;78m██[38;2;121;127;127m██[38;2;126;132;131m██[38;2;67;66;67m██[38;2;135;143;143m██[38;2;210;222;221m██[38;2;103;110;105m██[38;2;127;134;129m██[38;2;108;116;115m  [38;2;188;201;199m          [38;2;49;52;52m  
[38;2;49;52;52m  [38;2;188;201;198m  [38;2;188;201;199m  [38;2;50;53;53m  [38;2;182;196;195m██[38;2;199;214;213m██[38;2;69;68;69m██[38;2;175;188;186m██[38;2;189;203;200m██[38;2;219;227;226m██[38;2;153;164;158m██[38;2;66;66;64m██[38;2;111;119;118m  [38;2;188;201;199m  [38;2;188;201;198m  [38;2;188;201;199m  [38;2;188;201;198m  [38;2;188;201;199m  [38;2;49;52;52m  
[38;2;49;52;52m  [38;2;188;201;199m  [38;2;188;200;199m  [38;2;29;31;31m  [38;2;199;214;213m████[38;2;202;216;215m██[38;2;207;219;217m██[38;2;179;189;184m██[38;2;160;171;165m██[38;2;115;120;118m██[38;2;97;101;99m  [38;2;46;48;47m██[38;2;187;201;199m  [38;2;187;200;199m  [38;2;188;201;198m  [38;2;188;201;199m    [38;2;49;52;52m  
[38;2;49;52;52m  [38;2;188;201;199m  [38;2;133;143;141m  [38;2;155;167;166m  [38;2;199;213;213m██[38;2;199;214;213m██[38;2;219;227;226m██[38;2;168;177;173m██[38;2;160;170;165m██[38;2;74;74;74m██[38;2;115;120;118m██[38;2;79;84;81m██[38;2;80;86;84m██[38;2;188;201;199m          [38;2;49;52;52m  
[38;2;49;52;52m  [38;2;188;200;199m  [38;2;128;137;136m  [38;2;186;191;191m██[38;2;221;227;227m██[38;2;197;205;202m██[38;2;179;188;185m██[38;2;160;170;165m██[38;2;97;91;82m██[38;2;250;168;120m██[38;2;93;96;95m██[38;2;130;134;132m██[38;2;163;175;171m██[38;2;19;21;20m  [38;2;188;201;199m        [38;2;49;52;52m  
[38;2;49;52;52m  [38;2;188;201;198m  [38;2;185;198;196m  [38;2;36;38;38m  [38;2;199;207;205m██[38;2;160;171;165m██[38;2;122;128;125m██[38;2;70;69;70m██[38;2;156;110;87m██[38;2;73;69;59m██[38;2;105;112;109m██[38;2;195;210;208m██[38;2;135;142;137m██[38;2;137;147;142m  [38;2;121;130;128m  [38;2;188;201;199m  [38;2;188;200;198m  [38;2;188;201;199m  [38;2;49;52;52m  
[38;2;49;52;52m  [38;2;188;201;199m    [38;2;29;31;31m  [38;2;162;168;166m██[38;2;163;174;171m██[38;2;86;88;87m██[38;2;108;114;114m██[38;2;71;74;83m  [38;2;103;110;123m██[38;2;149;160;158m██[38;2;136;142;137m██[38;2;135;141;137m██[38;2;140;148;143m██[38;2;88;94;92m  [38;2;188;201;199m  [38;2;188;201;198m  [38;2;188;201;199m  [38;2;49;52;52m  
[38;2;49;52;52m  [38;2;188;201;199m  [38;2;188;200;199m  [38;2;188;201;199m  [38;2;24;23;24m██[38;2;204;210;210m██[38;2;105;109;107m██[38;2;56;65;84m██[38;2;72;78;99m██[38;2;192;208;213m██[38;2;85;89;96m██[38;2;136;142;137m████[38;2;137;143;138m██[38;2;55;58;55m██[38;2;188;201;199m      [38;2;49;52;52m  
[38;2;49;52;52m  [38;2;188;201;199m  [38;2;89;96;95m    [38;2;88;93;91m██[38;2;123;127;124m██[38;2;84;86;85m  [38;2;134;141;141m██[38;2;165;176;175m██[38;2;136;142;137m██[38;2;121;128;125m██[38;2;112;119;118m██[38;2;114;118;113m██[38;2;162;173;167m██[38;2;142;153;151m██[38;2;42;45;48m██[38;2;80;86;86m██[38;2;110;118;117m  [38;2;49;52;52m  
[38;2;1;1;1m  [38;2;6;7;7m██[38;2;159;171;165m██[38;2;160;171;165m██[38;2;122;124;125m██[38;2;219;227;226m██[38;2;199;214;212m████[38;2;201;216;215m██[38;2;138;145;140m██[38;2;109;116;116m██[38;2;89;95;99m██[38;2;134;142;136m██[38;2;68;68;69m██[38;2;155;166;168m██[38;2;174;186;186m██[38;2;158;165;164m██[38;2;123;133;130m██[38;2;1;1;1m  
[38;2;26;28;32m██[38;2;98;108;122m██[38;2;160;171;165m██[38;2;156;168;164m██[38;2;117;123;121m██[38;2;205;220;217m██[38;2;208;220;218m████[38;2;204;218;216m██[38;2;201;216;214m██[38;2;135;141;136m██[38;2;132;140;134m██[38;2;111;119;119m██[38;2;73;73;74m██[38;2;151;158;161m██[38;2;158;170;170m██[38;2;110;113;112m██[38;2;153;163;158m██[38;2;35;37;36m██
[38;2;0;0;0m  [38;2;60;70;107m██[38;2;95;98;96m██[38;2;80;84;81m██[38;2;152;161;159m██[38;2;195;208;204m██[38;2;221;227;227m██[38;2;215;223;221m████[38;2;207;213;212m██[38;2;146;155;150m██[38;2;88;94;100m██[38;2;100;103;101m██[38;2;205;217;215m██[38;2;221;227;227m██[38;2;187;201;200m██[38;2;168;180;176m██[38;2;51;50;51m  [38;2;4;4;4m  
[38;2;30;32;31m  [38;2;42;52;74m  [38;2;48;50;47m██[38;2;71;71;71m██[38;2;182;194;193m██[38;2;205;218;214m██[38;2;183;192;189m██[38;2;161;172;166m██[38;2;132;140;136m██[38;2;123;129;126m██[38;2;146;155;150m██[38;2;83;84;95m██[38;2;110;122;140m██[38;2;212;225;221m██[38;2;161;165;165m██[38;2;63;75;114m██[38;2;130;137;133m██[38;2;39;42;41m  [38;2;49;52;52m  
[38;2;49;52;52m  [38;2;188;201;199m  [38;2;118;126;125m  [38;2;68;72;69m██[38;2;143;153;154m██[38;2;69;75;86m██[38;2;147;157;152m██[38;2;159;170;164m██[38;2;160;171;165m██████[38;2;64;64;67m██[38;2;72;102;161m██[38;2;64;74;95m██[38;2;53;73;132m██[38;2;51;83;141m██[38;2;112;120;120m██[38;2;58;63;62m  [38;2;49;52;52m  
[38;2;49;52;52m  [38;2;188;200;199m  [38;2;50;54;52m██[38;2;157;169;164m██[38;2;80;95;124m██[38;2;96;140;224m██[38;2;52;61;88m██[38;2;96;99;99m██[38;2;97;102;101m██[38;2;160;171;165m██[38;2;127;134;131m██[38;2;123;130;127m██[38;2;56;74;109m██[38;2;66;90;142m██[38;2;48;64;114m██[38;2;49;61;96m██[38;2;19;20;24m██[38;2;187;200;199m  [38;2;49;52;52m  
[38;2;49;52;52m  [38;2;39;42;41m  [38;2;155;165;160m████[38;2;108;114;112m██[38;2;76;92;126m██[38;2;72;104;170m██[38;2;47;63;111m██[38;2;53;64;94m██[38;2;59;65;76m██[38;2;64;65;69m██[38;2;155;166;160m██[38;2;77;80;83m██[38;2;55;66;99m██[38;2;61;80;142m██[38;2;88;90;90m██[38;2;137;145;141m██[38;2;39;42;41m  [38;2;49;52;52m  
[38;2;15;16;15m  [38;2;45;60;100m  [38;2;70;74;71m██[38;2;135;142;137m████[38;2;116;121;117m██[38;2;18;26;48m████[38;2;16;22;40m██[38;2;13;18;30m██[38;2;16;20;25m██[38;2;160;171;164m██[38;2;174;188;183m██[38;2;159;171;168m██[38;2;158;168;168m██[38;2;171;184;179m██[38;2;163;175;169m██[38;2;39;42;41m  [38;2;49;52;52m  
[38;2;10;11;11m  [38;2;40;43;43m          [38;2;188;200;199m  [38;2;188;201;199m  [38;2;188;200;199m    [38;2;188;201;199m  [38;2;45;48;47m  [38;2;116;125;122m██[38;2;205;220;219m██[38;2;157;171;168m██[38;2;72;82;100m██[38;2;108;117;120m██[38;2;71;76;76m  [38;2;49;52;52m  
[38;2;12;13;13m  [38;2;49;52;51m                    [38;2;46;49;49m  [38;2;1;1;1m  [38;2;53;57;57m██[38;2;30;32;31m██[38;2;25;37;58m██[38;2;7;11;18m██[38;2;49;52;51m  [38;2;12;13;13m  [0m
