
[38;2;0;0;0m      [38;2;52;51;47m  [38;2;57;56;51m    [38;2;26;25;23m  [38;2;50;48;38m  [38;2;36;36;32m  [38;2;57;56;51m                    [38;2;21;20;18m  [38;2;0;0;0m    
[38;2;0;0;0m      [38;2;202;199;180m  [38;2;223;218;199m  [38;2;223;218;198m  [38;2;101;94;77m  [38;2;194;186;149m██[38;2;141;139;126m  [38;2;223;219;198m  [38;2;223;218;198m      [38;2;223;219;199m    [38;2;223;219;198m  [38;2;223;218;198m    [38;2;223;218;199m  [38;2;81;79;72m  [38;2;0;0;0m    
[38;2;0;0;0m      [38;2;202;199;180m  [38;2;222;219;198m  [38;2;0;0;0m██[38;2;195;179;146m██[38;2;194;186;149m██[38;2;141;139;126m  [38;2;223;219;198m  [38;2;223;219;199m      [38;2;223;219;198m  [38;2;223;218;198m  [38;2;223;219;198m  [38;2;156;153;139m    [38;2;64;61;49m██[38;2;23;22;17m██[38;2;0;0;0m    
[38;2;0;0;0m      [38;2;202;199;180m  [38;2;139;137;124m  [38;2;153;140;110m██[38;2;180;166;129m██[38;2;194;186;149m██[38;2;141;139;126m  [38;2;222;219;199m  [38;2;223;219;198m    [38;2;223;219;199m  [38;2;223;219;198m  [38;2;56;55;50m  [38;2;40;39;35m  [38;2;175;168;134m████[38;2;211;202;161m██[38;2;69;64;50m██[38;2;0;0;0m    
[38;2;0;0;0m      [38;2;202;199;180m  [38;2;122;119;108m  [38;2;189;172;137m██[38;2;138;130;107m██[38;2;191;182;146m██[38;2;141;139;126m  [38;2;223;219;199m      [38;2;160;158;143m  [38;2;120;117;103m  [38;2;201;192;154m██[38;2;214;205;163m██[38;2;216;207;166m██[38;2;204;193;154m██[38;2;174;158;129m██[38;2;0;0;0m      
[38;2;0;0;0m      [38;2;202;199;180m  [38;2;93;85;70m  [38;2;115;96;73m██[38;2;146;141;119m██[38;2;184;175;140m██[38;2;141;139;126m  [38;2;223;219;199m  [38;2;222;219;198m  [38;2;170;167;152m  [38;2;156;149;120m  [38;2;194;186;149m██[38;2;214;205;163m██[38;2;86;84;79m██[38;2;94;85;80m██[38;2;187;170;136m██[38;2;173;158;128m██[38;2;0;0;0m      
[38;2;0;0;0m      [38;2;202;199;180m  [38;2;88;79;64m██[38;2;90;77;63m██[38;2;169;159;131m██[38;2;113;103;82m  [38;2;172;169;154m  [38;2;223;219;199m  [38;2;223;218;199m  [38;2;122;119;106m  [38;2;189;181;145m██[38;2;133;124;104m██[38;2;89;75;65m██[38;2;129;93;67m██[38;2;65;65;65m██[38;2;187;171;136m██[38;2;20;19;18m  [38;2;81;79;72m  [38;2;0;0;0m    
[38;2;0;0;0m      [38;2;202;199;180m  [38;2;86;78;62m██[38;2;63;62;63m██[38;2;191;175;141m██[38;2;20;19;18m  [38;2;223;219;199m  [38;2;223;218;198m  [38;2;223;219;199m  [38;2;58;55;44m██[38;2;105;101;91m██[38;2;124;91;66m██[38;2;129;93;66m██[38;2;103;81;66m██[38;2;178;163;133m██[38;2;96;88;71m██[38;2;202;199;180m  [38;2;81;79;72m  [38;2;0;0;0m    
[38;2;0;0;0m      [38;2;202;199;180m  [38;2;85;77;62m██[38;2;116;109;94m██[38;2;144;132;104m██[38;2;20;19;18m  [38;2;163;160;145m  [38;2;223;219;199m  [38;2;60;59;54m  [38;2;197;188;152m██[38;2;103;89;76m██[38;2;129;93;66m████[38;2;109;94;79m██[38;2;189;172;138m██[38;2;101;96;82m  [38;2;223;219;199m  [38;2;81;79;72m  [38;2;0;0;0m    
[38;2;0;0;0m      [38;2;202;199;180m  [38;2;119;116;105m  [38;2;187;171;135m██[38;2;120;113;87m██[38;2;119;94;58m  [38;2;132;127;102m  [38;2;13;13;11m  [38;2;149;143;115m  [38;2;173;166;137m██[38;2;117;87;66m██[38;2;107;83;66m██[38;2;69;66;65m██[38;2;184;168;135m██[38;2;187;171;135m██[38;2;121;119;108m  [38;2;223;219;199m  [38;2;81;79;72m  [38;2;0;0;0m    
[38;2;0;0;0m      [38;2;202;199;180m  [38;2;125;119;108m  [38;2;159;141;109m██[38;2;142;132;99m██[38;2;212;203;162m  [38;2;209;199;160m██[38;2;152;132;95m██[38;2;172;162;131m██[38;2;134;126;99m██[38;2;85;82;76m██[38;2;147;135;114m██[38;2;191;174;141m██[38;2;100;92;72m██[38;2;102;100;91m  [38;2;223;219;199m  [38;2;129;127;115m  [38;2;81;79;72m  [38;2;0;0;0m    
[38;2;55;56;57m  [38;2;202;206;209m    [38;2;221;217;199m  [38;2;97;93;75m  [38;2;211;202;162m██[38;2;213;204;163m██[38;2;214;205;163m██[38;2;213;204;164m██[38;2;208;198;158m██[38;2;192;175;143m██[38;2;121;107;81m██[38;2;163;150;119m██[38;2;120;110;86m██[38;2;3;3;2m██[38;2;218;214;195m  [38;2;223;219;199m  [38;2;103;101;92m  [38;2;213;214;215m  [38;2;130;133;134m  [38;2;202;206;209m  [38;2;55;56;57m  
[38;2;56;57;58m  [38;2;207;211;214m    [38;2;123;118;109m  [38;2;109;104;85m██[38;2;213;204;163m██[38;2;214;205;163m██[38;2;214;205;164m██[38;2;213;205;163m████[38;2;197;183;148m██[38;2;164;149;119m██[38;2;108;105;94m  [38;2;152;149;135m  [38;2;223;219;199m  [38;2;223;219;198m  [38;2;223;219;199m  [38;2;104;104;101m  [38;2;239;240;242m██[38;2;162;163;164m██[38;2;122;124;126m  [38;2;56;57;58m  
[38;2;56;57;58m  [38;2;203;207;210m  [38;2;202;206;209m  [38;2;29;22;21m  [38;2;175;170;164m██[38;2;213;204;163m██[38;2;214;205;163m██[38;2;213;204;164m██[38;2;213;203;162m██[38;2;213;204;163m██[38;2;214;204;163m██[38;2;146;134;111m██[38;2;7;6;6m██[38;2;81;79;72m  [38;2;222;218;198m  [38;2;120;118;107m  [38;2;3;4;4m██[38;2;197;202;205m██[38;2;238;240;242m████[38;2;40;40;41m  [38;2;55;56;57m  
[38;2;25;26;26m  [38;2;104;107;108m  [38;2;53;54;58m██[38;2;190;180;146m██[38;2;47;40;35m  [38;2;214;205;163m████[38;2;174;157;126m██[38;2;158;145;123m██[38;2;213;204;163m██[38;2;214;205;163m██[38;2;142;130;104m██[38;2;109;114;119m██[38;2;106;112;117m██[38;2;99;98;90m  [38;2;103;81;51m██[38;2;165;151;130m██[38;2;215;212;201m██[38;2;239;239;241m██[38;2;239;240;242m██[38;2;162;166;168m██[38;2;0;0;0m  
[38;2;53;54;54m  [38;2;101;100;86m  [38;2;148;151;151m██[38;2;192;185;149m██[38;2;209;200;160m██[38;2;205;196;158m██[38;2;214;205;163m██[38;2;147;133;92m██[38;2;19;18;18m██[38;2;213;204;163m██[38;2;197;182;148m██[38;2;133;124;94m██[38;2;110;116;121m██[38;2;104;109;113m██[38;2;181;185;189m██[38;2;104;96;80m  [38;2;174;147;100m██[38;2;207;195;172m██[38;2;238;239;241m██[38;2;211;214;217m██[38;2;164;168;170m██[38;2;3;3;3m  
[38;2;31;32;32m  [38;2;179;184;187m██[38;2;188;193;197m██[38;2;143;145;147m██[38;2;127;122;100m██[38;2;151;146;122m██[38;2;215;205;161m██[38;2;212;203;163m██[38;2;143;136;118m██[38;2;143;132;108m██[38;2;190;173;140m██[38;2;63;63;59m██[38;2;126;133;139m██[38;2;173;178;182m██[38;2;194;199;202m██[38;2;171;174;176m██[38;2;111;99;80m██[38;2;174;148;99m██[38;2;180;165;141m██[38;2;193;193;185m██[38;2;191;193;191m██[38;2;44;40;34m██
[38;2;54;55;56m██[38;2;198;203;206m██[38;2;171;177;180m██[38;2;223;226;228m██[38;2;141;143;144m██[38;2;83;82;83m██[38;2;129;115;93m██[38;2;170;147;101m██[38;2;108;96;75m██[38;2;205;206;208m██[38;2;83;82;83m██[38;2;225;226;228m██[38;2;231;232;234m██[38;2;134;140;146m██[38;2;185;190;194m██[38;2;194;199;203m██[38;2;65;65;65m██[38;2;172;147;98m██[38;2;167;141;94m██[38;2;139;108;68m██[38;2;138;109;69m██[38;2;37;29;18m██
[38;2;22;21;21m  [38;2;137;142;145m██[38;2;181;187;190m██[38;2;215;218;220m██[38;2;181;185;189m██[38;2;239;240;242m██[38;2;203;203;205m██[38;2;90;84;75m██[38;2;183;185;187m██[38;2;165;170;175m██[38;2;212;216;219m██[38;2;239;240;242m████[38;2;223;225;228m██[38;2;134;140;146m██[38;2;129;133;134m██[38;2;110;92;67m██[38;2;145;118;76m██[38;2;159;134;88m██[38;2;143;116;75m██[38;2;122;96;61m██[38;2;14;11;7m  
[38;2;7;8;8m  [38;2;94;98;103m  [38;2;198;203;206m██[38;2;202;206;209m██[38;2;239;240;242m██████[38;2;206;210;213m██[38;2;238;240;241m██[38;2;136;143;150m██[38;2;178;182;187m██[38;2;234;236;238m██[38;2;239;240;242m██[38;2;235;236;238m██[38;2;120;122;123m██[38;2;96;99;101m██[38;2;139;111;71m██[38;2;139;110;71m██[38;2;139;111;70m██[38;2;139;111;71m██[38;2;102;82;52m  [38;2;7;8;8m  
[38;2;56;57;58m  [38;2;37;38;38m  [38;2;182;187;191m██[38;2;230;232;234m██[38;2;239;240;242m████████[38;2;238;240;241m██[38;2;206;210;212m██[38;2;155;161;167m██[38;2;208;212;215m██[38;2;239;240;241m██[38;2;204;208;211m██[38;2;72;68;63m██[38;2;123;101;69m██[38;2;139;111;71m██[38;2;138;110;70m██[38;2;138;109;69m██[38;2;80;63;40m██[38;2;149;152;154m  [38;2;56;57;58m  
[38;2;56;57;58m  [38;2;206;211;214m  [38;2;64;65;65m  [38;2;214;216;218m██[38;2;238;239;241m██[38;2;239;240;242m████[38;2;238;240;242m██[38;2;217;220;222m██[38;2;238;239;241m██[38;2;211;214;216m██[38;2;197;202;205m██[38;2;196;201;204m██[38;2;139;137;135m██[38;2;139;124;91m██[38;2;80;69;55m██[38;2;113;91;58m██[38;2;113;90;57m██[38;2;37;37;38m  [38;2;145;148;150m  [38;2;207;210;213m  [38;2;56;57;58m  
[38;2;56;57;58m  [38;2;207;211;214m  [38;2;184;187;190m  [38;2;58;59;60m  [38;2;133;135;136m██[38;2;239;240;242m██[38;2;225;227;230m██[38;2;239;240;242m████[38;2;233;234;236m██[38;2;122;123;118m██[38;2;105;106;107m██[38;2;103;102;101m██[38;2;128;111;80m██[38;2;50;39;25m██[38;2;144;147;149m      [38;2;207;211;214m      [38;2;56;57;58m  
[38;2;44;44;45m  [38;2;161;164;166m      [38;2;88;89;91m  [38;2;0;0;0m  [38;2;154;158;160m██[38;2;150;153;157m██[38;2;150;153;150m██[38;2;70;63;55m██[38;2;120;102;75m██[38;2;142;116;76m██[38;2;63;59;53m██[38;2;0;0;0m  [38;2;146;149;151m  [38;2;161;164;166m            [38;2;44;44;45m  
[38;2;0;0;0m                [38;2;29;27;20m  [38;2;41;38;29m  [38;2;38;32;22m  [38;2;28;23;15m  [38;2;0;0;0m                    [0m
