
[38;2;0;0;0m                            
[38;2;0;0;0m                            
[38;2;0;0;0m                            
[38;2;0;0;0m              [38;2;40;41;40m  [38;2;0;0;0m            
[38;2;0;0;0m    [38;2;22;22;22m  [38;2;88;88;88m██[38;2;255;255;255m████[38;2;207;207;207m████[38;2;213;213;213m██[38;2;88;88;88m████[38;2;22;22;22m  [38;2;0;0;0m    
[38;2;3;0;2m  [38;2;169;166;168m  [38;2;230;230;230m██[38;2;255;255;255m██████[38;2;248;248;248m████[38;2;255;255;255m██████[38;2;230;230;230m██[38;2;166;166;166m  [38;2;0;0;0m  
[38;2;63;63;63m██[38;2;240;180;220m██[38;2;235;155;209m████[38;2;247;216;236m████[38;2;249;225;241m██[38;2;255;255;255m██████[38;2;251;244;249m██[38;2;246;217;236m██[38;2;212;132;186m██[38;2;53;33;46m██
[38;2;63;63;63m██[38;2;240;179;220m██[38;2;234;156;209m██[38;2;235;156;209m██[38;2;234;156;209m██[38;2;235;156;209m██[38;2;235;158;210m██[38;2;237;163;213m██[38;2;237;163;212m████[38;2;217;153;195m██[38;2;183;99;155m██[38;2;176;97;150m██[38;2;44;24;38m██
[38;2;63;61;63m██[38;2;187;146;174m██[38;2;139;104;128m██[38;2;169;108;148m██[38;2;234;156;209m████████[38;2;248;222;240m██[38;2;255;255;255m██[38;2;220;141;195m██[38;2;177;97;150m██[38;2;178;97;150m██[38;2;44;24;38m██
[38;2;63;63;63m██[38;2;113;112;113m██[38;2;235;156;209m██[38;2;139;75;116m██[38;2;235;156;209m████[38;2;194;134;175m██[38;2;86;61;78m██[38;2;235;157;210m██[38;2;250;231;244m██[38;2;220;141;195m██[38;2;177;97;150m██[38;2;178;97;150m██[38;2;44;24;38m██
[38;2;63;63;63m██[38;2;174;144;164m██[38;2;162;107;144m██[38;2;166;102;144m██[38;2;235;156;209m██[38;2;234;156;209m██[38;2;108;87;101m██[38;2;234;156;210m██[38;2;130;78;112m██[38;2;234;156;209m██[38;2;220;141;195m██[38;2;177;97;150m██[38;2;178;97;150m██[38;2;44;24;38m██
[38;2;63;63;63m██[38;2;240;179;220m██[38;2;235;156;210m██[38;2;139;75;116m████[38;2;235;156;209m██[38;2;108;87;101m██[38;2;235;156;210m██[38;2;139;75;116m██[38;2;235;156;209m██[38;2;176;97;150m██[38;2;177;97;150m██[38;2;178;97;150m██[38;2;44;24;38m██
[38;2;63;63;63m██[38;2;248;219;238m██[38;2;197;130;176m██[38;2;204;165;191m██[38;2;216;172;201m██[38;2;151;98;134m██[38;2;214;145;192m██[38;2;168;106;147m██[38;2;235;156;209m████[38;2;178;97;150m████[38;2;154;84;130m██[38;2;21;11;18m  
[38;2;0;0;0m  [38;2;182;182;182m  [38;2;242;221;235m██[38;2;113;90;106m██[38;2;73;68;72m██[38;2;194;134;175m██[38;2;235;156;209m████████[38;2;176;97;150m██[38;2;162;98;140m██[38;2;176;111;153m  [38;2;0;0;0m  
[38;2;0;0;0m    [38;2;30;16;26m  [38;2;102;67;91m██[38;2;160;96;138m██[38;2;153;100;135m██[38;2;235;156;209m████████[38;2;82;48;71m██[38;2;25;16;22m  [38;2;0;0;0m    
[38;2;0;0;0m        [38;2;34;20;29m██[38;2;217;209;214m██[38;2;119;66;99m████[38;2;109;53;88m██[38;2;41;14;31m██[38;2;4;2;3m    [38;2;0;0;0m    
[38;2;0;0;0m      [38;2;60;11;42m  [38;2;163;83;134m██[38;2;255;255;255m████[38;2;236;187;218m██[38;2;173;82;140m██[38;2;112;22;79m██[38;2;82;22;60m  [38;2;20;10;17m  [38;2;0;0;0m    
[38;2;0;0;0m        [38;2;55;55;55m  [38;2;246;246;246m██[38;2;255;255;255m██[38;2;250;247;249m██[38;2;228;200;219m██[38;2;44;24;38m██[38;2;115;22;81m██[38;2;28;5;20m██[38;2;0;0;0m    
[38;2;0;0;0m          [38;2;167;158;167m██[38;2;223;211;222m██[38;2;211;192;208m██[38;2;196;157;187m██[38;2;49;39;47m██[38;2;0;0;0m        
[38;2;0;0;0m      [38;2;24;18;6m  [38;2;46;37;22m██[38;2;89;76;65m██[38;2;170;156;169m██[38;2;180;164;174m██[38;2;184;167;176m██[38;2;88;80;89m██[38;2;0;0;0m        
[38;2;0;0;0m      [38;2;43;32;11m  [38;2;57;42;14m████[38;2;0;0;0m  [38;2;18;14;22m  [38;2;198;151;68m██[38;2;183;136;57m██[38;2;0;0;0m        
[38;2;0;0;0m              [38;2;149;113;38m  [38;2;163;124;42m██[38;2;166;125;42m██[38;2;149;110;38m  [38;2;0;0;0m      
[38;2;0;0;0m                [38;2;16;12;4m  [38;2;18;13;4m  [38;2;0;0;0m        [0m
