
[38;2;0;0;0m                  [38;2;49;42;35m  [38;2;0;0;0m                        
[38;2;0;0;0m                  [38;2;191;126;67m██[38;2;0;0;0m                        
[38;2;0;0;0m      [38;2;58;37;18m  [38;2;43;26;18m  [38;2;0;0;0m      [38;2;52;42;45m██[38;2;206;130;68m██[38;2;0;0;3m  [38;2;0;0;0m                      
[38;2;0;0;0m      [38;2;137;88;44m██[38;2;141;87;61m██[38;2;0;0;0m    [38;2;157;134;111m  [38;2;135;102;110m██[38;2;205;126;77m██[38;2;39;29;25m  [38;2;0;0;0m        [38;2;157;134;111m  [38;2;157;96;40m  [38;2;0;0;0m          
[38;2;0;0;0m        [38;2;30;18;13m  [38;2;80;49;34m██[38;2;16;16;16m  [38;2;207;132;65m██[38;2;143;106;103m██[38;2;183;122;85m██[38;2;179;119;88m██[38;2;130;79;33m██[38;2;66;40;16m  [38;2;0;0;0m  [38;2;14;9;4m  [38;2;139;89;44m██[38;2;124;76;31m  [38;2;0;0;0m          
[38;2;0;0;0m          [38;2;141;87;61m██[38;2;139;90;71m██[38;2;165;108;72m██[38;2;158;112;94m██[38;2;208;134;80m██[38;2;254;208;164m██[38;2;254;169;89m██[38;2;246;150;62m██[38;2;97;73;56m  [38;2;171;102;44m██[38;2;5;3;1m  [38;2;0;0;0m            
[38;2;0;0;0m          [38;2;2;3;26m  [38;2;118;84;61m██[38;2;225;146;86m██[38;2;219;155;102m██[38;2;254;205;157m██[38;2;191;156;139m██[38;2;239;148;70m██[38;2;225;142;64m██[38;2;225;141;67m██[38;2;89;55;32m  [38;2;0;0;0m              
[38;2;0;0;0m          [38;2;175;116;71m  [38;2;94;83;87m██[38;2;218;156;109m██[38;2;218;170;135m██[38;2;108;96;125m██[38;2;131;101;107m██[38;2;251;154;66m██[38;2;254;156;63m██[38;2;197;122;56m██[38;2;175;109;51m  [38;2;0;0;0m              
[38;2;0;0;0m        [38;2;84;68;72m██[38;2;187;127;82m██[38;2;151;104;101m██[38;2;162;114;100m██[38;2;94;84;123m██[38;2;147;107;105m██[38;2;255;156;65m██[38;2;202;132;84m████[38;2;254;156;63m████[38;2;146;89;37m██[38;2;61;37;26m  [38;2;0;0;0m          
[38;2;0;0;0m        [38;2;164;115;92m██[38;2;217;208;204m██[38;2;32;26;33m██[38;2;95;83;126m██[38;2;133;101;111m██[38;2;253;155;65m██[38;2;216;138;78m██[38;2;96;84;122m██[38;2;248;153;65m██[38;2;254;156;63m██████[38;2;250;153;64m██[38;2;60;37;15m  [38;2;0;0;0m        
[38;2;0;0;0m        [38;2;23;16;19m  [38;2;214;183;159m██[38;2;136;97;70m██[38;2;173;119;96m██[38;2;232;145;65m██[38;2;41;27;22m██[38;2;188;145;108m██[38;2;135;118;142m██[38;2;254;156;63m████[38;2;246;151;65m██[38;2;222;136;72m██[38;2;124;75;35m██[38;2;24;14;10m  [38;2;0;0;0m        
[38;2;0;0;0m          ██[38;2;255;180;114m██[38;2;255;156;65m████[38;2;255;180;114m██[38;2;255;188;131m████[38;2;238;145;68m██[38;2;189;113;79m██[38;2;157;97;68m██[38;2;15;14;21m██[38;2;0;0;0m            
[38;2;0;0;0m        [38;2;96;77;79m██[38;2;136;101;85m██[38;2;134;94;82m██[38;2;95;82;79m██[38;2;171;118;96m██[38;2;140;96;77m██[38;2;127;91;75m██[38;2;130;111;101m██[38;2;184;184;184m██[38;2;110;81;68m██[38;2;145;95;72m██[38;2;154;103;96m██[38;2;36;33;48m  [38;2;0;0;0m          
[38;2;0;0;0m    [38;2;143;88;66m██[38;2;93;67;59m██[38;2;184;114;83m██[38;2;115;91;111m██[38;2;112;86;65m██[38;2;118;90;65m██[38;2;72;67;65m██[38;2;67;65;66m██[38;2;66;64;67m████[38;2;100;77;68m██[38;2;191;114;77m██[38;2;159;101;79m██[38;2;95;82;83m██[38;2;189;114;79m██[38;2;49;31;24m██[38;2;2;1;0m    [38;2;0;0;0m    
[38;2;0;0;0m  [38;2;0;0;6m  [38;2;158;104;79m██[38;2;185;119;88m██[38;2;125;101;109m██[38;2;67;64;69m██[38;2;193;125;63m██[38;2;221;141;74m██[38;2;157;110;101m██[38;2;106;88;117m██[38;2;109;89;116m██[38;2;175;119;92m██[38;2;226;136;68m██[38;2;247;149;62m██[38;2;170;113;89m██[38;2;55;44;53m██[38;2;86;58;56m██[38;2;134;97;104m██[38;2;143;89;54m██[38;2;67;42;48m██[38;2;0;0;0m    
[38;2;0;0;0m  [38;2;129;90;75m██[38;2;161;114;102m██[38;2;102;87;119m██[38;2;82;65;62m  [38;2;44;44;49m  [38;2;205;133;83m██[38;2;97;84;123m██[38;2;94;84;123m██[38;2;150;111;100m██[38;2;244;148;63m██[38;2;255;155;64m██[38;2;246;151;65m██[38;2;188;125;84m██[38;2;100;85;118m██[38;2;25;22;30m██[38;2;0;0;0m  [38;2;181;112;52m██[38;2;172;109;76m██[38;2;104;86;75m██[38;2;0;0;0m    
[38;2;28;17;12m  [38;2;142;95;86m██[38;2;131;97;106m████[38;2;0;0;0m    [38;2;51;45;66m██[38;2;95;84;123m████[38;2;168;116;97m██[38;2;196;129;85m██[38;2;172;116;88m██[38;2;121;94;110m██[38;2;137;99;104m██[38;2;141;96;87m██[38;2;28;21;20m██[38;2;0;0;0m  [38;2;146;94;60m██[38;2;195;127;81m██[38;2;157;112;102m██[38;2;42;38;56m  [38;2;0;0;0m  
[38;2;47;29;20m██[38;2;190;113;77m██[38;2;178;107;74m████[38;2;0;0;0m      [38;2;61;55;80m  [38;2;178;107;74m██[38;2;189;115;80m██[38;2;164;100;71m██[38;2;182;112;79m██[38;2;187;114;80m██[38;2;167;103;74m██[38;2;0;0;0m      [38;2;22;14;33m  [38;2;147;99;61m██[38;2;253;156;62m██[38;2;199;122;50m██[38;2;8;5;2m  
[38;2;16;10;7m  [38;2;158;96;67m██[38;2;136;93;74m██[38;2;44;36;34m██[38;2;0;0;0m        [38;2;156;102;77m██[38;2;96;58;41m██[38;2;0;0;0m  [38;2;49;30;21m  [38;2;133;99;89m██[38;2;111;84;77m██[38;2;0;0;3m  [38;2;0;0;0m    [38;2;169;107;51m██[38;2;254;158;71m██[38;2;254;153;64m██[38;2;244;149;67m██[38;2;52;32;18m██
[38;2;0;0;0m          [38;2;1;0;1m  [38;2;44;28;14m██[38;2;140;89;70m██[38;2;98;86;121m██[38;2;35;28;33m██[38;2;0;0;1m  [38;2;0;0;0m  [38;2;40;31;47m██[38;2;123;95;88m██[38;2;23;15;16m  [38;2;0;0;0m    [38;2;40;39;40m  [38;2;179;114;57m██[38;2;164;108;67m██[38;2;180;109;75m██[38;2;39;23;16m  
[38;2;0;0;0m        [38;2;44;44;44m  [38;2;135;102;79m██[38;2;211;135;69m██[38;2;218;139;78m██[38;2;169;108;89m██[38;2;160;102;74m██[38;2;0;3;6m  [38;2;0;0;0m  [38;2;186;117;64m██[38;2;207;131;73m██[38;2;218;134;60m██[38;2;44;27;11m  [38;2;0;0;0m    [38;2;14;8;6m  [38;2;57;35;24m██[38;2;43;26;18m  [38;2;0;0;0m  
[38;2;0;0;0m            [38;2;186;172;165m██[38;2;147;90;64m██[38;2;110;68;48m  [38;2;0;0;0m      [38;2;198;156;120m██[38;2;146;101;60m██[38;2;183;124;73m██[38;2;176;153;134m██[38;2;0;0;0m            
[38;2;0;0;0m                        [38;2;18;13;10m  [38;2;16;13;10m  [38;2;0;0;0m  [38;2;50;44;38m  [38;2;0;0;0m            [0m
