
[38;2;0;0;0m          [38;2;1;1;1m  [38;2;67;67;67m████[38;2;0;0;0m  [38;2;1;1;1m  [38;2;67;67;67m████[38;2;33;33;33m  [38;2;1;1;1m  [38;2;0;0;0m                  
[38;2;0;0;0m        [38;2;2;2;2m  [38;2;164;164;164m██[38;2;177;177;177m██[38;2;232;232;232m██[38;2;108;108;108m  [38;2;179;179;179m  [38;2;161;161;161m██[38;2;67;67;67m██[38;2;216;216;216m██[38;2;6;6;6m  [38;2;0;0;0m                  
[38;2;0;0;0m        [38;2;87;85;90m██[38;2;194;193;195m██[38;2;3;3;3m  [38;2;59;58;61m  [38;2;104;102;107m  [38;2;172;169;178m  [38;2;34;34;35m  [38;2;0;0;0m  [38;2;96;94;99m  [38;2;235;234;237m██[38;2;3;3;3m  [38;2;0;0;0m                
[38;2;0;0;0m        [38;2;87;85;90m██[38;2;37;36;38m██[38;2;2;2;2m  [38;2;59;58;61m██[38;2;0;0;0m  [38;2;1;1;1m  [38;2;37;36;38m██[38;2;0;0;0m  [38;2;3;3;3m  [38;2;227;224;235m██[38;2;3;3;3m  [38;2;0;0;0m                
[38;2;0;0;0m        [38;2;2;2;2m  [38;2;207;204;214m██[38;2;56;55;55m██[38;2;224;118;100m██[38;2;3;3;3m  [38;2;1;1;1m    [38;2;65;36;31m██[38;2;34;34;35m  [38;2;214;209;218m██[38;2;3;3;3m  [38;2;0;0;0m                
[38;2;0;0;0m          [38;2;56;55;58m  [38;2;162;158;164m██[38;2;224;118;100m██[38;2;105;55;47m  [38;2;172;169;178m  [38;2;122;122;122m██[38;2;240;124;104m██[38;2;126;122;124m██[38;2;48;46;46m  [38;2;0;0;0m                  
[38;2;0;0;0m          [38;2;1;1;1m  [38;2;82;53;48m██[38;2;109;80;75m██[38;2;158;108;101m██[38;2;191;188;197m██[38;2;128;86;79m██[38;2;240;124;104m██[38;2;65;64;66m██[38;2;1;1;1m  [38;2;0;0;0m                  
[38;2;0;0;0m        [38;2;2;2;2m  [38;2;120;115;115m██[38;2;160;97;86m██[38;2;120;84;77m██[38;2;158;128;158m██[38;2;192;109;95m██[38;2;196;109;94m██[38;2;109;80;75m██[38;2;217;213;224m██[38;2;172;169;178m  [38;2;5;5;5m  [38;2;0;0;0m        [38;2;5;5;5m  [38;2;1;1;1m  [38;2;0;0;0m    
[38;2;0;0;0m        [38;2;67;64;64m██[38;2;80;79;79m██[38;2;94;90;77m██[38;2;223;161;223m██[38;2;210;133;195m██[38;2;112;93;111m██[38;2;161;94;101m██[38;2;222;198;221m██[38;2;237;234;246m██[38;2;191;187;196m██[38;2;176;130;173m██[38;2;6;6;6m  [38;2;0;0;0m  [38;2;6;6;6m  [38;2;53;40;45m██[38;2;219;150;176m██[38;2;108;75;87m██[38;2;47;34;38m  [38;2;0;0;0m  
[38;2;0;0;0m        [38;2;67;64;64m██[38;2;80;79;79m██[38;2;181;163;111m██[38;2;223;161;223m██[38;2;203;125;186m██[38;2;72;53;72m██[38;2;235;192;141m██[38;2;223;150;215m██[38;2;170;168;175m██[38;2;195;143;193m██[38;2;195;118;175m██[38;2;6;6;6m  [38;2;3;3;3m  [38;2;186;98;83m██[38;2;180;127;131m██[38;2;218;150;176m██[38;2;218;151;176m██[38;2;165;122;129m██[38;2;51;28;24m  
[38;2;0;0;0m        [38;2;2;2;2m  [38;2;95;81;95m██[38;2;178;160;104m██[38;2;111;94;106m██[38;2;159;128;146m██[38;2;220;215;201m██[38;2;193;172;108m██[38;2;149;83;126m██[38;2;170;160;174m██[38;2;177;90;147m██[38;2;164;96;144m██[38;2;4;4;4m  [38;2;40;22;19m  [38;2;158;85;78m██[38;2;180;127;131m██[38;2;193;140;158m██[38;2;189;137;152m██[38;2;173;128;136m██[38;2;61;37;34m██
[38;2;0;0;0m        [38;2;2;2;2m  [38;2;208;149;207m██[38;2;144;113;144m██[38;2;105;89;105m██[38;2;159;128;146m██[38;2;89;84;70m██[38;2;152;124;137m██[38;2;195;144;195m██[38;2;238;203;242m██[38;2;186;112;166m██[38;2;24;16;22m  [38;2;0;0;0m  [38;2;148;78;66m██[38;2;77;70;73m██[38;2;165;108;128m██[38;2;159;123;127m██[38;2;171;123;123m██[38;2;143;94;112m██[38;2;11;10;11m  
[38;2;0;0;0m          [38;2;44;42;42m  [38;2;197;196;201m██[38;2;202;202;202m██[38;2;167;145;167m██[38;2;238;186;240m██[38;2;216;157;215m██[38;2;239;171;238m██[38;2;187;148;181m██[38;2;5;5;5m  [38;2;0;0;0m  [38;2;20;17;18m██[38;2;161;130;143m██[38;2;183;126;147m██[38;2;21;21;21m  [38;2;135;65;58m██[38;2;44;23;21m  [38;2;4;4;4m  [38;2;0;0;0m  
[38;2;0;0;0m        [38;2;21;21;21m  [38;2;89;87;87m██[38;2;99;97;97m██[38;2;191;188;196m██[38;2;184;182;187m██[38;2;109;108;111m██[38;2;185;122;172m██[38;2;208;135;194m██[38;2;74;65;71m██[38;2;5;5;5m  [38;2;96;67;77m  [38;2;55;54;54m██[38;2;145;101;117m██[38;2;38;26;30m  [38;2;0;0;0m  [38;2;1;1;1m  [38;2;0;0;0m      
[38;2;0;0;0m    [38;2;21;15;20m  [38;2;29;26;29m██[38;2;146;81;77m██[38;2;141;79;74m██[38;2;129;88;102m██[38;2;93;71;69m██[38;2;124;87;104m██[38;2;165;109;151m██[38;2;128;92;116m██[38;2;65;65;65m██[38;2;135;79;77m██[38;2;68;67;67m██[38;2;108;80;90m██[38;2;135;65;58m██[38;2;56;28;26m  [38;2;0;0;0m            
[38;2;0;0;0m    [38;2;77;56;77m██[38;2;96;84;95m██[38;2;159;95;111m██[38;2;177;125;144m██[38;2;88;73;79m██[38;2;155;92;105m██[38;2;165;82;74m██[38;2;134;89;103m██[38;2;76;69;72m██[38;2;133;89;105m██[38;2;158;96;112m██[38;2;71;69;71m██[38;2;110;79;104m██[38;2;1;1;1m  [38;2;0;0;0m              
[38;2;0;0;0m    [38;2;58;43;58m  [38;2;228;163;227m██[38;2;107;77;81m██[38;2;191;136;157m██[38;2;195;123;116m██[38;2;98;84;84m██[38;2;104;87;93m██[38;2;85;80;82m██[38;2;201;123;114m██[38;2;152;104;121m██[38;2;98;77;84m██[38;2;209;137;196m██[38;2;239;164;219m██[38;2;6;6;6m  [38;2;0;0;0m              
[38;2;0;0;0m      [38;2;54;39;53m  [38;2;183;112;153m██[38;2;95;84;91m██[38;2;131;97;94m██[38;2;196;142;161m██[38;2;218;151;176m██[38;2;200;144;165m██[38;2;139;102;101m██[38;2;85;80;82m██[38;2;133;107;133m██[38;2;239;171;238m██[38;2;140;94;121m██[38;2;1;1;1m  [38;2;0;0;0m              
[38;2;0;0;0m    [38;2;2;2;2m  [38;2;137;91;126m██[38;2;142;99;131m██[38;2;98;80;94m██[38;2;159;106;146m██[38;2;94;71;70m██[38;2;98;80;94m████[38;2;146;101;135m██[38;2;65;65;65m██[38;2;214;123;150m██[38;2;219;153;214m██[38;2;10;10;10m  [38;2;1;1;1m  [38;2;0;0;0m              
[38;2;0;0;0m  [38;2;4;4;4m  [38;2;58;57;60m  [38;2;157;151;153m██[38;2;77;71;75m██[38;2;98;80;94m██[38;2;198;123;179m██[38;2;193;115;156m██[38;2;198;123;179m██[38;2;198;124;179m██[38;2;190;108;139m██[38;2;165;109;151m██[38;2;99;80;94m██[38;2;196;123;178m██[38;2;100;76;94m██[38;2;125;120;120m  [38;2;2;2;2m  [38;2;0;0;0m  [38;2;1;1;1m  [38;2;0;0;0m        
[38;2;14;13;13m  [38;2;152;145;145m██[38;2;208;202;207m██[38;2;238;234;246m██[38;2;129;125;127m██[38;2;232;228;238m██[38;2;103;102;103m██[38;2;94;92;92m██[38;2;125;100;118m██[38;2;165;109;151m██[38;2;94;92;92m██[38;2;65;65;65m██[38;2;181;173;173m██[38;2;109;107;110m██[38;2;181;179;187m██[38;2;194;186;189m██[38;2;101;97;97m██[38;2;61;59;59m██[38;2;51;49;49m  [38;2;0;0;0m        
[38;2;52;50;50m██[38;2;181;173;173m██[38;2;238;234;245m██[38;2;237;234;246m██[38;2;228;224;234m██[38;2;237;234;245m██[38;2;232;228;238m██[38;2;184;176;177m██[38;2;168;161;161m██[38;2;152;146;146m██[38;2;181;172;172m██[38;2;195;192;201m██[38;2;223;218;227m██[38;2;197;190;193m██[38;2;238;234;246m██[38;2;233;228;239m██[38;2;128;124;124m██[38;2;44;42;42m  [38;2;0;0;0m          
[38;2;1;1;1m  [38;2;143;136;136m██[38;2;194;186;189m██[38;2;235;231;242m██[38;2;237;234;246m██[38;2;238;234;246m██[38;2;238;234;245m██[38;2;185;178;179m██[38;2;205;199;204m██[38;2;238;234;246m██[38;2;238;234;245m██[38;2;238;234;246m██[38;2;237;234;246m██[38;2;235;231;242m██[38;2;205;198;203m██[38;2;177;169;169m██[38;2;56;54;54m  [38;2;0;0;0m            
[38;2;0;0;0m  [38;2;39;38;38m  [38;2;181;173;173m██[38;2;192;185;188m██[38;2;210;204;210m██[38;2;237;234;245m██[38;2;221;216;224m██[38;2;182;174;174m██[38;2;229;225;235m██[38;2;238;234;245m██[38;2;237;234;245m██[38;2;238;234;246m██[38;2;238;234;245m██[38;2;194;187;190m██[38;2;180;172;172m██[38;2;46;44;44m  [38;2;0;0;0m              
[38;2;0;0;0m    [38;2;45;43;43m  [38;2;137;131;131m██[38;2;180;172;172m██[38;2;143;136;136m██[38;2;137;131;131m██[38;2;177;169;169m██[38;2;162;154;154m██[38;2;178;175;183m██[38;2;201;197;206m██[38;2;181;173;173m████[38;2;131;126;126m  [38;2;5;5;5m  [38;2;0;0;0m                
[38;2;0;0;0m      [38;2;1;1;1m  [38;2;50;48;48m██[38;2;8;7;7m  [38;2;1;1;1m  [38;2;46;44;44m  [38;2;29;28;28m  [38;2;1;1;1m  [38;2;25;24;24m  [38;2;50;48;48m████[38;2;1;1;1m  [38;2;0;0;0m                  [0m
