
[38;2;0;0;0m  [38;2;37;17;6m  [38;2;46;21;8m                    [38;2;59;54;51m  [38;2;19;13;10m  [38;2;9;6;4m██[38;2;46;21;8m                [38;2;12;5;2m  
[38;2;0;0;0m  [38;2;151;69;27m  [38;2;187;85;34m        [38;2;186;85;34m  [38;2;187;85;34m  [38;2;186;85;34m  [38;2;187;85;34m  [38;2;186;85;34m  [38;2;238;212;199m  [38;2;103;97;94m  [38;2;147;101;77m██[38;2;172;119;92m  [38;2;187;85;34m  [38;2;186;85;34m    [38;2;187;85;34m      [38;2;186;85;34m  [38;2;187;85;34m  [38;2;50;23;9m  
[38;2;0;0;0m  [38;2;151;69;27m  [38;2;170;77;30m  [38;2;49;18;3m  [38;2;39;13;0m██[38;2;138;62;24m  [38;2;164;74;29m  [38;2;187;85;34m      [38;2;186;85;34m  [38;2;157;99;69m  [38;2;188;123;90m██[38;2;148;102;78m  [38;2;212;137;100m  [38;2;187;85;34m    [38;2;140;63;25m    [38;2;166;75;30m  [38;2;187;85;34m      [38;2;50;23;9m  
[38;2;0;0;0m  [38;2;151;69;27m  [38;2;170;77;30m  [38;2;49;18;3m  [38;2;90;31;1m██[38;2;118;41;3m██[38;2;80;30;5m  [38;2;187;85;34m  [38;2;186;85;34m  [38;2;187;85;34m  [38;2;186;85;34m  [38;2;83;66;57m  [38;2;190;94;46m██[38;2;79;55;42m  [38;2;196;98;49m  [38;2;131;59;23m  [38;2;46;21;8m  [38;2;186;128;98m████[38;2;107;68;47m  [38;2;187;85;34m  [38;2;186;85;34m  [38;2;187;85;34m  [38;2;50;23;9m  
[38;2;0;0;0m  [38;2;151;69;27m  [38;2;187;85;34m    [38;2;125;57;22m  [38;2;116;40;3m  [38;2;156;54;3m██[38;2;45;16;2m  [38;2;168;76;30m  [38;2;187;85;34m  [38;2;154;70;28m  [38;2;84;41;19m██[38;2;161;79;37m██[38;2;92;42;18m  [38;2;147;66;26m  [38;2;130;83;60m██[38;2;250;172;132m██[38;2;119;76;55m  [38;2;46;21;8m  [38;2;99;45;18m  [38;2;140;63;25m      [38;2;37;17;6m  
[38;2;0;0;0m  [38;2;37;17;6m  [38;2;46;21;8m    [38;2;108;49;19m  [38;2;141;64;25m  [38;2;100;35;2m██[38;2;154;54;3m██[38;2;74;28;6m  [38;2;187;85;34m  [38;2;58;26;10m  [38;2;199;97;46m██[38;2;45;22;10m██[38;2;150;71;32m  [38;2;138;69;34m  [38;2;211;111;61m██[38;2;77;53;40m██[38;2;95;43;17m  [38;2;46;21;8m  [38;2;86;32;4m  [38;2;117;40;2m██████[38;2;31;10;0m  
[38;2;50;34;26m  [38;2;186;128;98m██[38;2;204;136;101m██[38;2;217;117;67m██[38;2;133;65;30m██[38;2;49;24;11m██[38;2;57;44;38m██[38;2;133;55;16m██[38;2;157;55;4m██[38;2;53;20;4m  [38;2;56;32;20m  [38;2;151;51;1m██[38;2;49;26;14m██[38;2;96;46;22m██[38;2;199;97;46m██[38;2;127;81;58m██[38;2;37;15;4m██[38;2;95;32;1m██[38;2;157;55;4m██[38;2;134;46;3m██[38;2;109;38;2m  [38;2;46;21;8m    [38;2;12;5;2m  
[38;2;51;35;27m  [38;2;191;132;102m  [38;2;141;94;70m  [38;2;49;24;11m██[38;2;115;56;27m██[38;2;200;98;47m██[38;2;152;109;87m██[38;2;195;139;110m██[38;2;87;61;48m██[38;2;149;51;2m██[38;2;82;58;46m██[38;2;155;53;2m██[38;2;87;64;52m██[38;2;199;97;46m██[38;2;112;76;57m██[38;2;91;61;46m██[38;2;150;52;2m██[38;2;87;61;48m████[38;2;97;42;15m  [38;2;145;65;26m  [38;2;186;85;34m  [38;2;187;85;34m  [38;2;50;23;9m  
[38;2;0;0;0m  [38;2;151;69;27m  [38;2;189;87;36m  [38;2;194;92;41m  [38;2;125;57;22m  [38;2;48;22;9m  [38;2;117;67;42m██[38;2;103;76;62m██[38;2;223;149;111m██[38;2;107;74;58m██[38;2;101;60;39m██[38;2;133;55;16m██[38;2;167;88;49m██[38;2;171;77;30m██[38;2;74;63;57m██[38;2;123;69;42m██[38;2;110;90;80m██[38;2;243;162;121m██[38;2;202;143;113m██[38;2;107;68;47m  [38;2;187;85;34m      [38;2;50;23;9m  
[38;2;0;0;0m  [38;2;151;69;27m  [38;2;187;85;34m        [38;2;87;37;12m  [38;2;166;66;16m██[38;2;124;79;56m██[38;2;164;69;22m██[38;2;111;69;49m██[38;2;150;53;5m██[38;2;160;63;15m██[38;2;79;62;53m██[38;2;182;132;106m██[38;2;207;134;96m██[38;2;116;91;79m██[38;2;105;82;71m██[38;2;63;63;63m██[38;2;47;32;25m  [38;2;46;21;8m    [38;2;187;85;34m  [38;2;50;23;9m  
[38;2;0;0;0m  [38;2;151;69;27m  [38;2;187;85;34m    [38;2;166;75;30m  [38;2;53;47;33m  [38;2;76;71;59m██[38;2;68;63;61m██[38;2;145;54;8m██[38;2;96;60;41m██[38;2;108;58;33m██[38;2;84;61;49m██[38;2;137;55;13m██[38;2;139;96;74m██[38;2;173;96;57m██[38;2;77;67;62m██[38;2;97;72;59m██[38;2;146;84;53m██[38;2;197;96;45m██[38;2;153;77;39m██[38;2;191;132;102m██[38;2;186;128;98m██[38;2;82;57;44m  [38;2;64;57;54m  
[38;2;0;0;0m  [38;2;151;69;27m  [38;2;187;85;34m  [38;2;61;27;11m  [38;2;93;73;49m  [38;2;204;186;136m██[38;2;205;187;136m██[38;2;163;151;115m██[38;2;77;62;54m██[38;2;155;52;2m██[38;2;155;53;2m██[38;2;121;56;24m██[38;2;146;81;48m██[38;2;142;64;25m██[38;2;153;84;50m██[38;2;179;93;49m██[38;2;200;98;47m██[38;2;50;24;11m██[38;2;52;27;15m  [38;2;162;119;98m  [38;2;140;64;26m  [38;2;140;63;25m  [38;2;187;85;34m  [38;2;50;23;9m  
[38;2;0;0;0m  [38;2;151;69;27m  [38;2;120;54;21m  [38;2;117;117;85m██[38;2;205;187;136m██████[38;2;203;185;135m██[38;2;105;100;85m██[38;2;99;95;82m██[38;2;99;94;82m██[38;2;133;56;18m██[38;2;149;55;7m██[38;2;166;64;13m██[38;2;169;88;48m██[38;2;77;75;70m██[38;2;55;51;38m██[38;2;140;63;25m  [38;2;187;85;34m          [38;2;50;23;9m  
[38;2;0;0;0m  [38;2;151;69;27m  [38;2;120;54;21m  [38;2;45;41;30m██[38;2;206;188;137m████[38;2;205;187;136m██[38;2;103;98;84m██[38;2;169;156;118m██[38;2;206;188;137m██[38;2;205;187;136m██[38;2;170;156;118m██[38;2;105;85;67m██[38;2;133;55;16m██[38;2;157;142;107m██[38;2;184;168;125m██[38;2;206;188;137m██[38;2;153;140;102m██[38;2;49;22;9m  [38;2;187;85;34m    [38;2;186;85;34m  [38;2;187;85;34m  [38;2;50;23;9m  
[38;2;0;0;0m  [38;2;151;69;27m  [38;2;187;85;34m    [38;2;89;81;59m██[38;2;205;187;136m██[38;2;129;121;100m██[38;2;249;254;179m██[38;2;237;239;172m██[38;2;184;174;160m██[38;2;144;148;126m██[38;2;183;169;122m██[38;2;206;188;137m██[38;2;108;102;86m██[38;2;184;171;124m██[38;2;183;177;127m██[38;2;154;158;134m██[38;2;233;230;163m██[38;2;244;245;230m██[38;2;106;63;35m  [38;2;187;85;34m      [38;2;50;23;9m  
[38;2;0;0;0m  [38;2;151;69;27m  [38;2;187;85;34m  [38;2;61;27;11m  [38;2;134;129;94m██[38;2;205;187;136m██[38;2;149;149;117m██[38;2;248;253;178m██[38;2;202;194;154m██[38;2;227;227;227m██[38;2;194;194;194m██[38;2;140;144;105m██[38;2;131;127;102m██[38;2;203;200;146m██[38;2;216;214;201m██[38;2;206;207;203m██[38;2;201;188;152m██[38;2;248;253;178m██[38;2;249;254;183m██[38;2;109;111;80m██[38;2;187;85;34m  [38;2;186;85;34m  [38;2;187;85;34m  [38;2;50;23;9m  
[38;2;0;0;0m  [38;2;151;69;27m  [38;2;187;85;34m  [38;2;61;27;11m  [38;2;176;160;116m██[38;2;65;65;64m██[38;2;181;184;136m██[38;2;248;253;178m██[38;2;213;209;160m██[38;2;236;233;229m██[38;2;242;239;230m██[38;2;207;199;138m██[38;2;106;107;90m██[38;2;249;254;178m██[38;2;221;211;151m██[38;2;211;199;142m██[38;2;203;201;138m██[38;2;217;215;152m██[38;2;155;141;100m██[38;2;178;159;116m██[38;2;19;8;3m  [38;2;187;85;34m    [38;2;50;23;9m  
[38;2;0;0;0m  [38;2;151;69;27m  [38;2;187;85;34m    [38;2;101;56;29m  [38;2;59;59;59m██[38;2;159;145;104m██[38;2;248;253;178m██[38;2;247;253;178m██[38;2;233;233;185m██[38;2;238;239;177m██[38;2;248;254;179m██[38;2;186;176;130m██[38;2;153;156;119m██[38;2;248;253;178m████[38;2;219;218;154m██[38;2;217;216;152m██[38;2;216;204;147m██[38;2;118;108;79m██[38;2;145;65;26m  [38;2;186;85;34m  [38;2;187;85;34m  [38;2;50;23;9m  
[38;2;0;0;0m  [38;2;151;69;27m  [38;2;187;85;34m      [38;2;49;22;9m  [38;2;194;185;160m██[38;2;142;91;78m██[38;2;158;109;91m██[38;2;145;99;84m██[38;2;134;115;88m██[38;2;228;223;158m██[38;2;206;188;137m██[38;2;107;108;90m██[38;2;241;246;173m██[38;2;248;253;178m██[38;2;238;238;169m██[38;2;222;213;153m██[38;2;203;186;135m██[38;2;93;73;49m  [38;2;187;85;34m      [38;2;50;23;9m  
[38;2;0;0;0m  [38;2;151;69;27m  [38;2;187;85;34m        [38;2;92;53;28m  [38;2;210;156;129m██[38;2;255;122;139m██[38;2;236;106;127m██[38;2;196;150;126m██[38;2;206;188;137m██[38;2;123;115;94m██[38;2;107;99;29m██[38;2;62;62;46m██[38;2;122;118;84m██[38;2;205;188;136m██[38;2;131;120;87m██[38;2;53;47;33m  [38;2;166;75;30m  [38;2;187;85;34m  [38;2;186;85;34m  [38;2;187;85;34m  [38;2;50;23;9m  
[38;2;0;0;0m  [38;2;151;69;27m  [38;2;187;85;34m        [38;2;186;85;34m  [38;2;59;54;0m  [38;2;119;109;65m  [38;2;158;144;106m██[38;2;166;153;115m██[38;2;86;83;48m██[38;2;132;122;11m██[38;2;89;83;0m  [38;2;224;224;217m  [38;2;174;170;115m  [38;2;59;54;0m  [38;2;120;69;16m  [38;2;187;85;34m          [38;2;50;23;9m  
[38;2;0;0;0m  [38;2;151;69;27m  [38;2;187;85;34m        [38;2;186;85;34m  [38;2;235;218;1m  [38;2;200;185;0m  [38;2;191;191;191m  [38;2;72;74;72m  [38;2;119;109;1m██[38;2;119;110;1m██[38;2;14;13;0m  [38;2;212;200;55m  [38;2;236;217;1m  [38;2;236;218;1m  [38;2;212;154;16m  [38;2;187;85;34m      [38;2;186;85;34m  [38;2;187;85;34m  [38;2;50;23;9m  
[38;2;0;0;0m  [38;2;151;69;27m  [38;2;187;85;34m        [38;2;186;85;34m  [38;2;235;217;1m    [38;2;238;222;28m  [38;2;78;76;59m  [38;2;187;171;0m██[38;2;161;148;0m██[38;2;18;17;0m  [38;2;210;194;0m  [38;2;236;217;1m  [38;2;235;217;1m  [38;2;212;154;16m  [38;2;187;85;34m          [38;2;50;23;9m  
[38;2;0;0;0m  [38;2;151;69;27m  [38;2;187;85;34m        [38;2;186;85;34m  [38;2;235;218;1m  [38;2;236;217;1m  [38;2;235;218;1m  [38;2;73;68;0m  [38;2;136;125;0m██[38;2;132;122;0m██[38;2;73;68;0m  [38;2;235;218;1m  [38;2;241;228;76m  [38;2;250;245;191m  [38;2;236;215;96m  [38;2;238;212;199m  [38;2;209;140;106m  [38;2;187;85;34m  [38;2;186;85;34m  [38;2;187;85;34m  [38;2;50;23;9m  
[38;2;0;0;0m  [38;2;151;69;27m  [38;2;187;85;34m        [38;2;186;85;34m  [38;2;190;93;31m  [38;2;235;217;1m  [38;2;235;218;1m  [38;2;73;68;0m  [38;2;183;169;1m██[38;2;188;172;1m██[38;2;73;68;0m  [38;2;236;218;1m  [38;2;236;217;1m  [38;2;240;226;60m  [38;2;183;176;92m  [38;2;203;127;89m    [38;2;140;63;25m    [38;2;187;85;34m  [38;2;50;23;9m  
[38;2;0;0;0m  [38;2;37;17;6m  [38;2;46;21;8m        [38;2;119;54;21m  [38;2;190;93;31m  [38;2;236;217;1m  [38;2;210;194;0m  [38;2;113;104;0m  [38;2;137;126;1m██[38;2;133;122;1m██[38;2;115;106;1m  [38;2;210;194;0m  [38;2;250;245;191m  [38;2;75;75;71m  [38;2;117;40;2m██[38;2;67;67;67m  [38;2;147;147;147m  [38;2;165;88;50m████[38;2;46;21;8m  [38;2;12;5;2m  
[38;2;0;0;0m            [38;2;73;33;13m  [38;2;146;73;23m  [38;2;200;185;0m  [38;2;70;65;3m██[38;2;207;192;20m████[38;2;188;173;1m██[38;2;188;172;1m██[38;2;27;25;0m██[38;2;236;217;1m  [38;2;249;244;179m  [38;2;81;31;6m  [38;2;67;67;61m██[38;2;119;79;41m██[38;2;158;81;43m██[38;2;73;29;7m  [38;2;113;51;20m  [38;2;0;0;0m  
[38;2;0;0;0m              [38;2;14;13;0m  [38;2;93;86;0m  [38;2;143;132;3m██[38;2;205;190;18m██[38;2;207;192;20m██[38;2;189;174;2m██[38;2;133;122;1m██[38;2;139;128;0m██[38;2;129;119;0m  [38;2;236;218;1m  [38;2;196;146;121m  [38;2;25;22;21m██[38;2;96;91;37m██[38;2;170;205;139m██[38;2;87;83;51m  [38;2;155;155;155m  [38;2;0;0;0m  
[38;2;0;0;0m              [38;2;55;51;0m  [38;2;109;101;1m██[38;2;180;165;1m██[38;2;131;121;1m████[38;2;133;122;1m██[38;2;188;172;1m██[38;2;170;157;0m██[38;2;91;84;0m  [38;2;190;189;179m  [38;2;124;121;101m  [38;2;190;175;3m██[38;2;120;113;38m██[38;2;160;208;103m██[38;2;204;251;161m██[38;2;0;0;0m    
[38;2;0;0;0m              [38;2;57;53;2m  [38;2;87;82;16m██[38;2;141;130;1m██[38;2;188;173;1m██████[38;2;133;122;1m██[38;2;85;81;42m██[38;2;96;91;30m██[38;2;78;71;0m██[38;2;125;115;2m██[38;2;185;170;1m██[38;2;119;138;74m██[38;2;164;213;106m██[38;2;192;240;145m██[38;2;0;0;0m    
[38;2;0;0;0m              [38;2;138;127;1m██[38;2;101;95;30m██[38;2;123;115;14m██[38;2;119;110;1m██[38;2;119;111;1m████[38;2;117;110;26m██[38;2;145;134;7m██[38;2;111;105;25m██[38;2;139;128;4m██[38;2;93;86;0m██[38;2;47;43;0m  [38;2;89;108;44m  [38;2;122;159;79m██[38;2;67;88;42m  [38;2;160;207;120m  [38;2;0;0;0m  
[38;2;0;0;0m            [38;2;99;99;99m  [38;2;32;29;0m██[38;2;135;125;1m██[38;2;118;111;21m██[38;2;84;81;48m██[38;2;146;134;1m██[38;2;95;91;35m██[38;2;166;154;11m██[38;2;187;172;1m██[38;2;149;137;7m██[38;2;40;37;1m██[38;2;141;129;0m  [38;2;185;170;0m  [38;2;82;102;38m  [38;2;110;147;67m  [38;2;134;179;82m  [38;2;40;51;30m  [38;2;0;0;0m  
[38;2;0;0;0m            [38;2;25;25;25m  [38;2;133;123;3m██[38;2;85;82;48m██[38;2;90;86;42m██[38;2;70;67;33m██[38;2;28;27;15m  [38;2;62;58;3m  [38;2;139;128;1m██[38;2;133;122;1m██[38;2;153;141;1m██[38;2;12;11;0m██[38;2;193;185;92m  [38;2;0;0;0m            
[38;2;0;0;0m            [38;2;25;25;25m  [38;2;38;36;9m██[38;2;144;137;57m██[38;2;127;117;0m██[38;2;44;43;33m  [38;2;64;63;50m  [38;2;62;58;3m  [38;2;125;116;14m██[38;2;93;90;47m██[38;2;92;88;45m██[38;2;139;128;4m██[38;2;113;104;0m  [38;2;0;0;0m            
[38;2;17;17;17m  [38;2;63;63;63m          [38;2;30;30;30m  [38;2;135;125;0m  [38;2;59;54;0m  [38;2;79;73;0m  [38;2;103;95;0m  [38;2;99;91;0m    [38;2;145;136;20m██[38;2;165;152;10m██[38;2;157;146;25m██[38;2;148;137;5m██[38;2;143;132;0m  [38;2;0;0;0m    [38;2;6;6;6m  [38;2;63;63;63m      
[38;2;69;69;69m  [38;2;255;255;255m          [38;2;122;122;122m  [38;2;3;3;0m  [38;2;59;54;0m          [38;2;19;19;19m  [38;2;33;31;9m██[38;2;42;40;24m██[38;2;4;4;4m  [38;2;59;54;0m  [38;2;0;0;0m    [38;2;26;26;26m  [38;2;255;255;255m      [0m
