
[38;2;13;6;2m  [38;2;50;22;9m                        [38;2;21;14;10m  [38;2;9;6;4m██[38;2;50;22;9m                [38;2;13;6;2m  
[38;2;50;23;9m  [38;2;186;84;34m        [38;2;186;85;34m  [38;2;186;84;34m  [38;2;186;85;34m  [38;2;187;84;34m  [38;2;187;85;34m  [38;2;186;84;34m  [38;2;187;84;34m  [38;2;71;32;12m  [38;2;220;147;109m██[38;2;37;24;18m██[38;2;187;84;34m  [38;2;186;84;34m  [38;2;187;84;34m    [38;2;186;84;34m  [38;2;187;84;34m  [38;2;186;84;34m    [38;2;50;23;9m  
[38;2;50;23;9m  [38;2;187;85;34m    [38;2;130;59;23m  [38;2;123;56;22m  [38;2;185;84;33m  [38;2;187;85;34m  [38;2;187;85;33m  [38;2;186;85;34m  [38;2;187;85;34m    [38;2;172;78;31m  [38;2;95;57;38m  [38;2;175;116;87m██[38;2;159;72;29m  [38;2;186;84;34m  [38;2;187;85;34m    [38;2;187;84;34m  [38;2;187;85;34m    [38;2;187;84;34m  [38;2;187;85;34m  [38;2;50;23;9m  
[38;2;50;23;9m  [38;2;186;84;34m  [38;2;129;58;23m  [38;2;124;43;2m  [38;2;136;47;2m██[38;2;25;11;4m  [38;2;108;49;19m  [38;2;187;85;34m  [38;2;187;84;34m  [38;2;187;85;34m  [38;2;187;84;34m  [38;2;144;65;26m  [38;2;166;89;50m██[38;2;73;37;20m  [38;2;183;83;33m  [38;2;187;84;34m    [38;2;23;10;4m    [38;2;115;52;20m  [38;2;187;85;34m  [38;2;187;84;34m  [38;2;186;85;34m  [38;2;50;23;9m  
[38;2;50;23;9m  [38;2;187;85;34m    [38;2;88;40;16m  [38;2;83;33;8m  [38;2;154;53;2m██[38;2;108;37;2m██[38;2;114;52;20m  [38;2;187;85;34m  [38;2;186;85;34m  [38;2;187;85;34m  [38;2;45;22;10m██[38;2;204;102;51m██[38;2;58;26;10m  [38;2;187;85;34m  [38;2;109;60;35m  [38;2;104;70;52m██[38;2;204;136;102m██[38;2;150;100;74m██[38;2;108;63;40m  [38;2;187;85;34m      [38;2;50;23;9m  
[38;2;50;23;9m  [38;2;187;84;34m    [38;2;187;85;34m  [38;2;182;83;33m  [38;2;11;4;0m  [38;2;157;55;4m██[38;2;139;48;2m  [38;2;116;53;21m  [38;2;187;85;34m  [38;2;65;29;11m  [38;2;190;92;44m██[38;2;53;26;12m██[38;2;180;81;32m  [38;2;35;16;6m  [38;2;220;131;86m██[38;2;255;170;127m██[38;2;91;43;18m  [38;2;176;80;32m  [38;2;83;37;15m  [38;2;10;4;1m      [38;2;2;1;0m  
[38;2;33;22;16m  [38;2;122;81;61m████[38;2;103;55;30m██[38;2;99;48;23m  [38;2;96;44;17m  [38;2;71;46;34m██[38;2;157;55;4m██[38;2;107;37;2m██[38;2;109;49;19m  [38;2;58;26;10m  [38;2;179;77;26m██[38;2;64;41;29m██[38;2;96;44;19m  [38;2;183;89;42m██[38;2;177;94;53m██[38;2;38;34;33m██[38;2;86;35;9m  [38;2;75;26;1m██[38;2;120;41;2m██[38;2;148;51;2m██[38;2;80;27;1m████[38;2;21;7;0m  
[38;2;0;0;0m  [38;2;3;1;0m  [38;2;72;35;17m  [38;2;195;95;45m██[38;2;197;96;45m██[38;2;200;97;47m██[38;2;132;83;58m██[38;2;76;69;65m██[38;2;147;50;2m██[38;2;132;45;1m██[38;2;48;48;48m██[38;2;157;55;4m██[38;2;85;61;50m██[38;2;200;97;47m██[38;2;197;97;47m██[38;2;64;63;63m██[38;2;149;53;5m██[38;2;153;53;3m████[38;2;68;24;1m  [38;2;22;10;4m  [38;2;187;85;34m  [38;2;186;85;34m  [38;2;50;23;9m  
[38;2;50;23;9m  [38;2;187;85;33m  [38;2;157;71;28m  [38;2;103;47;18m  [38;2;97;45;19m  [38;2;89;43;20m██[38;2;146;99;75m██[38;2;151;112;93m██[38;2;170;124;100m██[38;2;113;60;33m██[38;2;92;61;46m██[38;2;144;55;10m██[38;2;131;77;50m██[38;2;192;90;39m██[38;2;80;65;57m██[38;2;106;57;33m██[38;2;104;59;36m██[38;2;169;122;98m████[38;2;108;62;39m  [38;2;187;85;34m  [38;2;187;85;33m  [38;2;187;85;34m  [38;2;50;23;9m  
[38;2;50;23;9m  [38;2;186;85;34m  [38;2;187;85;33m  [38;2;186;85;34m  [38;2;187;85;34m  [38;2;186;85;34m  [38;2;81;28;1m  [38;2;192;96;47m██[38;2;148;88;58m██[38;2;184;96;52m██[38;2;124;58;24m██[38;2;136;55;14m██[38;2;167;86;46m██[38;2;122;58;26m██[38;2;78;72;68m██[38;2;150;111;92m██[38;2;238;160;121m██[38;2;215;130;87m██[38;2;61;61;61m██[38;2;98;46;20m  [38;2;170;77;30m    [38;2;186;85;34m  [38;2;50;23;9m  
[38;2;50;23;9m  [38;2;187;85;34m      [38;2;186;85;34m  [38;2;72;32;13m  [38;2;54;36;26m  [38;2;102;59;38m██[38;2;141;62;23m██[38;2;109;61;37m██[38;2;98;66;50m██[38;2;111;58;31m██[38;2;155;52;2m██[38;2;101;84;76m██[38;2;216;127;82m██[38;2;128;93;76m██[38;2;67;64;63m██[38;2;104;74;58m██[38;2;149;85;53m██[38;2;141;77;45m██[38;2;159;106;79m████[38;2;92;41;16m  [38;2;50;23;9m  
[38;2;50;23;9m  [38;2;187;85;34m  [38;2;187;84;33m  [38;2;160;72;29m  [38;2;101;53;24m  [38;2;189;191;122m██[38;2;194;196;126m██[38;2;83;83;73m██[38;2;110;58;32m██[38;2;155;53;2m██[38;2;157;55;4m██[38;2;92;60;44m██[38;2;96;63;47m██[38;2;177;80;31m██[38;2;94;67;54m██[38;2;131;80;55m██[38;2;199;97;46m██[38;2;167;81;38m██[38;2;164;79;37m  [38;2;30;13;5m      [38;2;187;85;34m  [38;2;50;23;9m  
[38;2;50;23;9m  [38;2;187;85;34m  [38;2;140;64;25m  [38;2;80;70;44m  [38;2;160;162;103m██[38;2;193;195;125m██[38;2;194;195;126m██[38;2;190;192;123m██[38;2;99;100;80m██[38;2;91;60;45m██[38;2;92;61;45m██[38;2;148;53;6m██[38;2;159;64;17m██[38;2;157;64;18m██[38;2;192;94;45m██[38;2;105;74;58m██[38;2;63;32;16m██[38;2;130;59;23m  [38;2;131;59;23m  [38;2;187;85;34m      [38;2;187;85;33m  [38;2;50;23;9m  
[38;2;50;23;9m  [38;2;186;85;34m  [38;2;120;54;21m  [38;2;132;134;85m██[38;2;193;195;125m██[38;2;194;195;126m██[38;2;193;195;125m██[38;2;159;161;109m██[38;2;108;107;90m██[38;2;254;250;179m████[38;2;108;107;90m██[38;2;130;69;35m██[38;2;147;54;8m██[38;2;110;98;78m██[38;2;166;164;125m██[38;2;254;250;179m██[38;2;59;58;44m██[38;2;144;65;26m  [38;2;187;85;34m  [38;2;186;85;34m      [38;2;50;23;9m  
[38;2;11;5;2m  [38;2;43;19;7m  [38;2;28;12;5m  [38;2;0;0;0m  [38;2;110;111;71m██[38;2;194;195;126m██[38;2;141;142;100m██[38;2;213;210;154m██[38;2;254;250;179m████████[38;2;221;218;159m██[38;2;124;108;84m██[38;2;248;244;176m██[38;2;254;250;179m██[38;2;157;147;100m██[38;2;255;251;190m██[38;2;186;186;185m  [38;2;43;19;7m        [38;2;11;5;2m  
[38;2;0;0;0m        [38;2;105;104;66m██[38;2;194;195;126m██[38;2;131;126;106m██[38;2;254;250;179m██[38;2;219;213;173m██[38;2;182;180;140m██[38;2;213;207;146m██[38;2;223;217;154m██[38;2;210;207;152m██[38;2;163;161;131m██[38;2;172;165;134m██[38;2;133;129;112m██[38;2;220;221;201m██[38;2;245;241;170m██[38;2;254;250;179m██[38;2;111;109;78m██[38;2;0;0;0m        
[38;2;0;0;0m        [38;2;186;187;120m██[38;2;87;87;75m██[38;2;163;161;125m██[38;2;254;250;179m██[38;2;252;250;222m██[38;2;34;33;32m██[38;2;233;231;225m██[38;2;190;182;121m██[38;2;107;106;90m██[38;2;254;250;180m██[38;2;253;249;188m██[38;2;187;188;130m██[38;2;239;236;166m██[38;2;251;247;176m██[38;2;160;119;98m██[38;2;161;144;102m██[38;2;0;0;0m        
[38;2;0;0;0m        [38;2;52;53;34m  [38;2;65;65;64m██[38;2;213;192;144m██[38;2;254;250;179m██[38;2;254;251;200m██[38;2;253;251;225m██[38;2;222;217;164m██[38;2;255;251;179m██[38;2;145;144;108m██[38;2;205;202;149m██[38;2;254;249;179m██[38;2;254;250;179m██[38;2;188;158;122m██[38;2;184;152;119m██[38;2;227;225;155m██[38;2;152;153;98m██[38;2;0;0;0m        
[38;2;0;0;0m          [38;2;5;5;5m  [38;2;214;211;179m██[38;2;152;108;91m████████[38;2;242;239;168m██[38;2;194;196;126m██[38;2;123;122;99m██[38;2;254;250;179m██[38;2;254;249;179m██[38;2;254;250;179m██[38;2;227;226;155m██[38;2;193;195;125m██[38;2;84;85;54m██[38;2;0;0;0m        
[38;2;0;0;0m            [38;2;71;72;52m██[38;2;228;152;132m██[38;2;254;121;138m██[38;2;220;99;123m██[38;2;182;146;125m██[38;2;194;195;126m  [38;2;152;153;107m██[38;2;108;103;35m██[38;2;153;150;108m██[38;2;191;190;138m██[38;2;195;197;127m██[38;2;152;153;98m██[38;2;104;105;67m  [38;2;0;0;0m          
[38;2;0;0;0m              [38;2;62;62;61m██[38;2;142;141;99m██[38;2;193;193;125m██[38;2;192;194;124m██[38;2;66;66;65m██[38;2;100;94;16m██[38;2;122;112;1m██[38;2;141;130;1m██[38;2;40;40;39m██[38;2;3;3;2m██[38;2;1;1;1m  [38;2;0;0;0m            
[38;2;0;0;0m            [38;2;59;54;0m  [38;2;45;44;36m██[38;2;136;127;19m██[38;2;128;120;31m  ██[38;2;187;172;1m██[38;2;168;155;1m██[38;2;129;119;1m██[38;2;95;89;28m██[38;2;93;86;0m  [38;2;236;218;1m  [38;2;0;0;0m              
[38;2;0;0;0m            [38;2;73;67;0m██[38;2;137;127;4m██[38;2;94;89;27m██[38;2;118;109;1m████[38;2;116;107;1m██[38;2;115;105;1m██[38;2;117;110;22m██[38;2;170;157;9m██[38;2;118;108;0m██[38;2;210;194;0m  [38;2;0;0;0m              
[38;2;0;0;0m            [38;2;24;22;0m  [38;2;130;120;1m██[38;2;121;112;16m██[38;2;113;107;37m██[38;2;147;137;12m██[38;2;144;133;1m██[38;2;108;102;30m██[38;2;122;114;19m██[38;2;188;173;1m████[38;2;74;68;0m██[38;2;0;0;0m              
[38;2;0;0;0m            [38;2;79;75;22m██[38;2;73;72;56m██[38;2;75;73;57m██[38;2;107;99;9m██[38;2;37;36;17m  [38;2;29;27;0m    [38;2;152;140;0m██[38;2;124;114;1m████[38;2;162;149;0m██[38;2;0;0;0m              
[38;2;0;0;0m            [38;2;61;59;41m██[38;2;211;206;158m██[38;2;132;122;1m██[38;2;64;59;0m  [38;2;210;194;0m  [38;2;236;218;1m  [38;2;115;106;0m  [38;2;118;109;13m██[38;2;106;100;42m████[38;2;122;112;3m██[38;2;0;0;0m              
[38;2;0;0;0m            [38;2;122;113;0m  [38;2;47;44;1m  [38;2;46;43;0m  [38;2;236;218;1m      [38;2;89;82;0m  [38;2;147;136;16m██[38;2;166;154;8m██[38;2;159;148;20m██[38;2;149;137;3m██[38;2;0;0;0m              
[38;2;0;0;0m            [38;2;32;30;0m  [38;2;63;58;0m            [38;2;21;21;21m  [38;2;34;32;11m██[38;2;45;43;28m██[38;2;4;4;4m  [38;2;0;0;0m              [0m
