
[38;2;0;0;0m            [38;2;16;11;6m  [38;2;65;55;30m██[38;2;0;0;0m                    
[38;2;0;0;0m            [38;2;63;45;26m██[38;2;255;212;119m██[38;2;0;0;0m    [38;2;49;43;23m  [38;2;197;173;95m██[38;2;148;129;71m  [38;2;0;0;0m          
[38;2;0;0;0m            [38;2;73;47;52m██[38;2;246;214;144m██[38;2;0;0;0m    [38;2;255;194;135m██[38;2;255;196;119m██[38;2;191;167;92m██[38;2;0;0;0m          
[38;2;0;0;0m            [38;2;58;38;20m██[38;2;246;206;113m██[38;2;154;135;74m    [38;2;255;113;139m██[38;2;208;162;123m██[38;2;191;150;97m██[38;2;0;0;0m          
[38;2;0;0;0m            [38;2;2;9;6m  [38;2;138;105;52m██[38;2;194;154;83m██[38;2;194;162;89m██[38;2;255;170;148m██[38;2;192;122;94m██[38;2;12;0;4m  [38;2;0;0;0m          
[38;2;0;0;0m        [38;2;12;36;12m  [38;2;50;146;50m██[38;2;52;144;57m██[38;2;60;112;66m██[38;2;122;102;60m██[38;2;239;177;89m██[38;2;95;89;74m██[38;2;50;108;47m██[38;2;0;0;0m            
[38;2;0;0;0m    [38;2;5;15;5m  [38;2;144;182;83m██[38;2;69;182;77m██[38;2;70;173;77m██[38;2;120;191;76m██[38;2;62;167;59m██[38;2;57;166;57m██[38;2;48;149;50m██[38;2;46;145;49m██[38;2;42;136;46m████[38;2;21;70;23m██[38;2;0;0;0m        
[38;2;0;0;0m    [38;2;15;43;15m██[38;2;78;177;64m██[38;2;59;169;60m██[38;2;186;199;98m██[38;2;81;179;66m██[38;2;61;171;60m██[38;2;60;172;60m██[38;2;60;173;60m██[38;2;64;76;64m██[38;2;57;89;59m██[38;2;52;105;54m██[38;2;42;136;44m██[38;2;0;0;0m        
[38;2;0;0;0m      [38;2;27;78;27m  [38;2;35;102;36m██[38;2;49;117;46m██[38;2;62;130;62m██[38;2;75;100;73m██[38;2;75;73;66m██[38;2;95;105;79m██[38;2;140;166;98m██[38;2;140;166;99m██[38;2;26;40;26m  [38;2;0;0;0m          
[38;2;0;0;0m        [38;2;0;1;0m  [38;2;86;107;58m██[38;2;116;144;71m██[38;2;84;85;62m██[38;2;115;132;95m██[38;2;123;142;91m████[38;2;27;29;23m██[38;2;0;0;0m            
[38;2;0;0;0m        [38;2;39;49;28m██[38;2;141;178;94m██[38;2;74;98;80m██[38;2;81;98;68m██[38;2;110;128;79m██[38;2;140;165;99m██[38;2;61;86;36m██[38;2;0;0;0m              
[38;2;0;0;0m        [38;2;2;2;1m  [38;2;8;10;5m██[38;2;1;2;1m  [38;2;1;2;2m██[38;2;140;165;98m████[38;2;61;86;36m██[38;2;0;0;0m              
[38;2;0;0;0m              [38;2;48;57;34m  [38;2;140;165;98m██[38;2;96;127;61m██[38;2;71;99;42m██[38;2;9;13;5m  [38;2;0;0;0m            
[38;2;0;0;0m            [38;2;54;56;34m  [38;2;159;180;108m██[38;2;140;164;98m██[38;2;96;127;61m██[38;2;81;115;48m██[38;2;80;113;48m██[38;2;0;0;0m            
[38;2;0;0;0m    [38;2;29;20;9m  [38;2;119;84;45m██[38;2;145;127;71m██[38;2;144;147;103m██[38;2;222;231;140m████[38;2;211;222;134m██[38;2;181;198;119m██[38;2;98;140;56m██[38;2;86;121;50m██[38;2;70;98;45m██[38;2;120;91;41m██[38;2;202;134;49m██[38;2;28;19;7m  [38;2;0;0;0m    
[38;2;0;0;0m  [38;2;3;2;1m  [38;2;255;222;123m██[38;2;111;110;74m██[38;2;243;225;126m██[38;2;219;228;138m██[38;2;222;231;139m████[38;2;219;228;138m████[38;2;195;214;121m██[38;2;115;165;63m██[38;2;87;114;57m██[38;2;81;115;49m██[38;2;113;95;72m██[38;2;240;170;77m██[38;2;3;2;0m  [38;2;0;0;0m  
[38;2;0;0;0m  [38;2;188;150;79m██[38;2;255;226;140m██[38;2;233;209;132m██[38;2;165;151;93m██[38;2;160;126;76m██[38;2;138;142;100m██[38;2;137;145;97m██[38;2;140;120;78m██[38;2;158;118;70m██[38;2;126;134;91m██[38;2;87;114;61m██[38;2;142;128;81m██[38;2;166;149;95m██[38;2;244;181;87m██[38;2;248;198;102m██[38;2;179;124;55m██[38;2;0;0;0m  
[38;2;61;45;22m██[38;2;246;180;88m██[38;2;255;230;154m██[38;2;255;253;248m██[38;2;255;222;123m████[38;2;255;223;123m██[38;2;255;223;117m████[38;2;255;223;123m██[38;2;239;168;76m██[38;2;251;209;105m██[38;2;254;222;116m██[38;2;254;219;120m██[38;2;254;222;122m██[38;2;242;179;84m██[38;2;238;165;73m██[38;2;59;41;18m██
[38;2;24;16;6m  [38;2;198;132;48m██[38;2;248;198;102m██[38;2;255;223;123m██[38;2;248;198;102m██[38;2;255;222;123m██[38;2;252;214;116m██[38;2;245;190;95m████[38;2;252;214;116m██[38;2;255;222;123m████[38;2;244;184;89m██[38;2;239;165;73m██[38;2;244;184;89m██[38;2;239;165;73m██[38;2;237;161;69m██[38;2;57;37;14m██
[38;2;4;2;0m  [38;2;171;103;25m██[38;2;117;102;75m██[38;2;241;177;81m██[38;2;239;165;74m██[38;2;237;163;71m██[38;2;227;152;57m██[38;2;222;154;69m██[38;2;239;166;74m██[38;2;237;163;71m██[38;2;227;159;73m██[38;2;239;165;74m████[38;2;227;159;73m██[38;2;103;70;58m██[38;2;220;125;33m██[38;2;166;98;24m██[38;2;0;0;0m  
[38;2;55;34;10m██[38;2;142;105;38m██[38;2;81;102;79m██[38;2;208;149;74m██[38;2;240;163;72m██[38;2;155;110;49m██[38;2;111;102;60m██[38;2;51;107;53m██[38;2;134;105;69m██[38;2;129;95;56m██[38;2;72;107;57m██[38;2;209;143;65m██[38;2;211;147;66m██[38;2;81;115;68m██[38;2;48;127;55m██[38;2;97;102;41m██[38;2;66;41;9m  [38;2;0;0;0m  
[38;2;0;2;7m  [38;2;30;48;33m  [38;2;77;127;95m██[38;2;188;119;42m██[38;2;200;136;65m██[38;2;71;99;70m██[38;2;44;136;45m██[38;2;44;137;45m████[38;2;44;136;45m████[38;2;60;89;59m██[38;2;63;84;66m██[38;2;65;138;70m██[38;2;64;140;52m██[38;2;75;132;62m██[38;2;0;2;0m  [38;2;0;0;0m  
[38;2;0;0;0m    [38;2;113;104;80m██[38;2;230;154;55m██[38;2;222;132;32m██[38;2;105;82;57m██[38;2;64;140;52m██[38;2;82;156;74m██[38;2;105;179;89m██[38;2;50;137;47m██████[38;2;84;143;59m██[38;2;66;140;53m██[38;2;106;147;67m██[38;2;44;74;31m██[38;2;0;0;0m    
[38;2;0;0;0m    [38;2;14;26;21m██[38;2;183;159;79m██[38;2;142;127;71m██[38;2;56;127;59m██[38;2;97;184;78m██[38;2;114;189;86m██[38;2;60;173;60m██[38;2;171;206;114m██[38;2;74;168;63m██[38;2;61;140;52m██[38;2;108;148;68m██[38;2;52;137;48m██[38;2;119;145;73m██[38;2;35;45;21m██[38;2;0;0;0m    
[38;2;0;0;0m    [38;2;6;15;8m  [38;2;125;139;87m██[38;2;133;168;96m██[38;2;59;173;60m██[38;2;170;206;115m██[38;2;172;221;139m██[38;2;99;171;92m██[38;2;153;181;101m██[38;2;92;156;65m██[38;2;88;147;61m██[38;2;122;150;73m██[38;2;119;150;73m██[38;2;44;56;26m██[38;2;75;105;44m██[38;2;0;0;0m    
[38;2;0;0;0m        [38;2;131;139;84m██[38;2;102;177;77m██[38;2;191;205;122m██[38;2;132;188;118m██[38;2;25;37;17m██[38;2;83;98;54m██[38;2;106;123;61m████[38;2;104;122;61m██[38;2;35;46;21m██[38;2;82;114;48m██[38;2;70;98;42m██[38;2;0;0;0m    
[38;2;0;0;0m        [38;2;9;11;5m  [38;2;36;44;22m██[38;2;131;152;76m██[38;2;32;38;19m██[38;2;168;199;105m██[38;2;89;127;51m██[38;2;81;115;46m████[38;2;81;116;46m██[38;2;97;141;56m██[38;2;81;115;48m██[38;2;20;28;12m██[38;2;0;0;0m    
[38;2;0;0;0m                [38;2;43;44;27m  [38;2;172;179;108m██[38;2;201;218;125m██[38;2;138;180;82m██[38;2;142;179;86m██[38;2;117;138;75m██[38;2;81;96;57m  [38;2;0;0;0m      
[38;2;0;0;0m                    [38;2;57;59;36m████[38;2;56;60;35m██[38;2;13;16;8m  [38;2;0;0;0m        [0m
