
[38;2;0;0;0m                            [38;2;11;11;10m  [38;2;44;41;38m██[38;2;7;7;6m  [38;2;29;26;22m██[38;2;0;0;0m                                
[38;2;0;0;0m                          [38;2;0;1;2m  [38;2;141;128;114m██[38;2;170;155;136m██[38;2;100;172;172m██[38;2;112;91;71m██[38;2;67;56;44m  [38;2;0;0;0m                              
[38;2;0;0;0m                          [38;2;0;1;1m  [38;2;123;112;99m██[38;2;172;157;136m██[38;2;132;222;224m██[38;2;129;148;134m██[38;2;56;48;39m  [38;2;0;0;0m        [38;2;0;1;1m  [38;2;0;0;0m  [38;2;0;1;1m  [38;2;0;0;0m                
[38;2;0;0;0m                  [38;2;0;1;2m  [38;2;0;2;3m  [38;2;0;0;0m    [38;2;0;1;2m  [38;2;104;85;69m██[38;2;160;143;122m██[38;2;170;158;140m██[38;2;98;96;87m██[38;2;57;56;53m  [38;2;14;16;17m  [38;2;0;1;2m  [38;2;0;0;0m  [38;2;25;21;18m  [38;2;101;79;63m██[38;2;38;37;33m  [38;2;141;126;119m██[38;2;0;1;2m  [38;2;0;0;0m              
[38;2;0;0;0m                [38;2;6;8;8m  [38;2;110;56;97m██[38;2;148;60;126m██[38;2;120;32;104m██[38;2;80;22;67m  [38;2;0;0;0m  [38;2;23;22;20m  [38;2;121;107;97m██[38;2;67;119;119m██[38;2;71;173;170m██[38;2;73;183;180m██[38;2;76;157;156m██[38;2;60;106;112m██[38;2;35;41;40m██[38;2;152;142;127m██[38;2;120;146;135m██[38;2;156;135;121m██[38;2;245;190;220m██[38;2;148;122;129m██[38;2;0;0;1m  [38;2;0;0;0m            
[38;2;0;0;0m              [38;2;0;2;2m  [38;2;154;63;132m██[38;2;157;65;135m██[38;2;255;65;206m████[38;2;173;67;140m██[38;2;0;0;5m  [38;2;0;0;0m  [38;2;150;111;157m██[38;2;169;161;205m██[38;2;77;188;180m██[38;2;74;117;126m██[38;2;71;171;173m██[38;2;73;189;186m██[38;2;68;98;98m██[38;2;166;163;127m██[38;2;170;159;140m██[38;2;144;212;198m██[38;2;158;154;136m██[38;2;7;7;9m  [38;2;0;0;0m              
[38;2;0;0;1m  [38;2;53;54;49m██[38;2;0;1;1m    [38;2;49;45;41m  [38;2;24;25;24m  [38;2;0;0;0m  [38;2;0;2;3m  [38;2;144;64;124m██[38;2;191;65;159m██[38;2;156;105;120m██[38;2;152;143;100m██[38;2;81;58;72m██[38;2;48;50;62m██[38;2;72;70;93m██[38;2;128;93;137m██[38;2;119;175;165m██[38;2;161;191;189m██[38;2;88;143;145m██[38;2;71;193;190m██[38;2;86;161;160m██[38;2;87;140;134m██[38;2;97;102;100m██[38;2;156;149;123m██[38;2;119;123;97m██[38;2;129;110;101m██[38;2;61;56;51m  [38;2;0;0;0m              
[38;2;0;0;0m  [38;2;0;2;2m  [38;2;103;101;92m██[38;2;130;120;106m██[38;2;132;124;114m██[38;2;132;117;100m██[38;2;3;5;6m  [38;2;0;2;2m  [38;2;185;61;154m██[38;2;141;106;108m██[38;2;136;127;84m██[38;2;107;88;19m██[38;2;150;128;46m██[38;2;80;98;87m██[38;2;108;177;191m██[38;2;151;111;168m██[38;2;61;69;58m██[38;2;51;77;75m██[38;2;198;228;221m██[38;2;72;192;188m██[38;2;99;139;160m██[38;2;206;157;206m██[38;2;81;132;136m██[38;2;82;87;81m██[38;2;65;67;68m██[38;2;15;17;18m  [38;2;0;0;0m                
[38;2;0;0;0m    [38;2;37;34;30m██[38;2;166;151;129m██[38;2;147;133;116m██[38;2;130;119;99m██[38;2;98;98;81m██[38;2;0;0;1m  [38;2;36;35;26m██[38;2;179;158;84m██[38;2;175;158;86m██[38;2;133;122;91m██[38;2;69;88;96m██[38;2;72;142;148m██[38;2;77;181;189m██[38;2;83;177;180m██[38;2;147;147;147m██[38;2;65;65;65m██[38;2;66;97;97m██[38;2;72;158;163m██[38;2;176;128;183m██[38;2;177;128;183m██[38;2;189;131;205m██[38;2;90;162;181m██[38;2;69;169;161m██[38;2;11;28;28m  [38;2;0;0;0m                
[38;2;0;0;0m    [38;2;48;45;40m██[38;2;153;141;124m██[38;2;131;131;104m████[38;2;87;87;70m  [38;2;0;0;0m  [38;2;0;0;1m  [38;2;69;83;93m██[38;2;84;97;120m██[38;2;75;103;109m██[38;2;74;107;106m██[38;2;68;144;139m██[38;2;69;173;167m██[38;2;73;192;188m██[38;2;124;143;145m██[38;2;207;225;223m██[38;2;108;152;152m██[38;2;73;140;148m██[38;2;201;142;211m██[38;2;208;147;214m██[38;2;167;153;204m██[38;2;73;192;188m████[38;2;24;66;65m██[38;2;0;0;0m                
[38;2;32;33;33m  [38;2;133;130;124m██[38;2;135;133;127m██[38;2;46;42;37m██[38;2;131;131;104m██[38;2;114;110;87m██[38;2;3;2;1m  [38;2;0;0;0m  [38;2;0;0;1m  [38;2;57;78;157m██[38;2;68;91;207m██[38;2;75;103;109m██[38;2;50;61;58m██[38;2;130;57;66m██[38;2;132;58;66m██[38;2;30;69;65m██[38;2;166;169;170m██[38;2;83;87;93m██[38;2;49;85;91m██[38;2;71;192;189m██[38;2;112;139;183m██[38;2;158;104;192m██[38;2;89;162;183m██[38;2;70;193;190m██[38;2;68;175;175m██[38;2;73;172;168m██[38;2;53;120;116m██[38;2;15;26;30m  [38;2;0;0;0m            
[38;2;0;0;0m  [38;2;0;2;3m  [38;2;0;1;2m  [38;2;0;0;0m  [38;2;0;2;3m  [38;2;84;82;66m  [38;2;103;100;80m██[38;2;0;0;1m  [38;2;0;0;0m  [38;2;0;5;7m  [38;2;71;78;88m██[38;2;83;88;87m██[38;2;130;131;111m██[38;2;158;58;69m██[38;2;174;88;106m██[38;2;148;55;67m██[38;2;113;112;113m██[38;2;252;255;254m██[38;2;18;51;57m██[38;2;73;192;188m██[38;2;81;180;172m██[38;2;76;185;179m██[38;2;74;190;185m██[38;2;62;129;136m██[38;2;68;171;171m██[38;2;73;106;105m██[38;2;65;77;79m██[38;2;18;22;22m  [38;2;0;0;0m            
[38;2;0;0;0m          [38;2;0;2;3m  [38;2;145;134;120m██[38;2;46;37;44m  [38;2;0;0;0m  [38;2;0;2;3m  [38;2;74;101;108m██[38;2;144;134;119m██[38;2;52;81;68m██[38;2;21;37;36m██[38;2;238;166;186m██[38;2;255;81;101m██[38;2;216;216;216m██[38;2;112;117;119m██[38;2;85;122;122m██[38;2;73;192;188m██[38;2;95;133;129m██[38;2;90;139;140m██[38;2;69;193;191m██[38;2;73;192;188m██[38;2;70;137;138m██[38;2;78;82;80m██[38;2;146;144;115m██[38;2;135;126;110m██[38;2;0;1;2m  [38;2;0;0;0m          
[38;2;0;0;0m          [38;2;0;2;3m  [38;2;117;136;81m██[38;2;59;92;13m██[38;2;186;187;187m  [38;2;216;236;203m  [38;2;42;41;37m████[38;2;186;66;76m██[38;2;211;68;84m██[38;2;248;111;125m██[38;2;234;213;212m██[38;2;209;67;81m██[38;2;60;109;106m██[38;2;74;190;183m██[38;2;67;172;173m██[38;2;109;119;116m██[38;2;114;135;127m██[38;2;91;158;152m██[38;2;73;192;188m██[38;2;91;88;83m██[38;2;171;157;136m██[38;2;209;174;178m██[38;2;156;142;139m██[38;2;0;2;3m  [38;2;0;0;0m          
[38;2;0;0;0m            [38;2;24;31;20m██[38;2;87;165;34m██[38;2;106;107;84m██[38;2;48;67;40m  [38;2;122;127;111m██[38;2;19;32;31m██[38;2;237;78;93m██[38;2;179;64;73m██[38;2;199;69;80m██[38;2;38;21;22m██[38;2;255;81;100m██[38;2;63;22;28m██[38;2;75;189;183m██[38;2;60;114;124m██[38;2;172;157;136m██[38;2;169;158;134m██[38;2;88;123;108m██[38;2;69;193;191m██[38;2;75;145;146m██[38;2;149;136;126m██[38;2;223;176;199m██[38;2;146;141;122m██[38;2;109;102;87m  [38;2;0;1;1m  [38;2;0;0;0m        
[38;2;0;0;0m            [38;2;37;61;20m  [38;2;76;127;43m  [38;2;80;82;68m██[38;2;144;135;118m██[38;2;80;120;112m██[38;2;74;190;184m██[38;2;30;40;43m██[38;2;138;58;65m██[38;2;36;25;22m██[38;2;115;89;71m██[38;2;44;45;38m██[38;2;59;98;96m██[38;2;83;182;174m██[38;2;64;141;146m██[38;2;149;142;136m██[38;2;127;114;94m██[38;2;96;100;83m██[38;2;73;172;172m██[38;2;70;88;93m██[38;2;122;114;107m██[38;2;126;128;96m██[38;2;120;118;94m██[38;2;117;110;93m██[38;2;14;15;13m  [38;2;0;0;0m        
[38;2;0;0;0m            [38;2;37;61;20m  [38;2;149;246;81m  [38;2;39;42;38m██[38;2;169;155;137m██[38;2;76;136;142m██[38;2;61;123;132m██[38;2;214;177;192m██[38;2;132;126;107m██[38;2;90;82;65m██[38;2;38;32;26m██[38;2;53;55;51m██[38;2;158;160;133m██[38;2;74;138;140m██[38;2;73;192;188m██[38;2;106;114;134m██[38;2;236;188;216m██[38;2;145;133;134m██[38;2;76;170;166m██[38;2;72;99;102m██[38;2;126;125;101m██[38;2;73;73;70m██[38;2;70;70;67m██[38;2;130;127;100m██[38;2;26;30;23m██[38;2;0;0;0m        
[38;2;0;0;0m            [38;2;37;61;20m  [38;2;102;169;57m  [38;2;63;60;52m██[38;2;94;123;123m██[38;2;80;171;166m██[38;2;101;117;116m██[38;2;228;183;200m██[38;2;191;167;160m██[38;2;91;87;79m██[38;2;172;173;173m██[38;2;156;141;141m██[38;2;85;85;74m██[38;2;70;120;116m██[38;2;60;114;124m██[38;2;164;139;144m██[38;2;60;72;51m██[38;2;72;104;52m██[38;2;105;103;100m██[38;2;98;101;98m██[38;2;116;117;96m██[38;2;131;131;104m██[38;2;111;110;91m██[38;2;125;117;106m██[38;2;158;146;124m██[38;2;0;3;6m  [38;2;0;0;0m      
[38;2;0;0;0m            [38;2;1;4;2m  [38;2;42;46;40m  [38;2;151;164;108m██[38;2;154;164;109m██[38;2;93;100;98m██[38;2;171;157;135m██[38;2;170;157;137m██[38;2;48;46;41m██[38;2;140;141;141m██[38;2;140;142;143m██[38;2;199;99;21m██[38;2;233;203;183m██[38;2;40;25;20m██[38;2;145;140;119m██[38;2;123;120;101m██[38;2;111;189;56m██[38;2;113;115;117m██[38;2;252;252;252m████[38;2;65;67;70m██[38;2;133;130;111m██[38;2;83;80;76m██[38;2;112;112;84m██[38;2;133;130;106m██[38;2;0;2;3m  [38;2;0;0;0m      
[38;2;0;0;0m          [38;2;0;1;1m  [38;2;78;65;54m██[38;2;150;139;119m██[38;2;117;201;56m██[38;2;125;126;89m██[38;2;110;102;82m██[38;2;121;111;98m██[38;2;119;111;101m██[38;2;56;48;41m██[38;2;186;172;164m██[38;2;181;161;157m██[38;2;222;209;205m██[38;2;168;122;85m██[38;2;139;93;56m██[38;2;85;83;76m██[38;2;110;106;91m██[38;2;112;136;76m██[38;2;120;180;77m██[38;2;168;204;142m██[38;2;141;140;137m██[38;2;110;104;91m██[38;2;110;105;91m██[38;2;150;139;119m██[38;2;135;131;110m██[38;2;41;46;47m██[38;2;9;16;18m  [38;2;38;58;63m████[38;2;9;15;17m  
[38;2;0;0;0m          [38;2;0;2;2m  [38;2;109;86;69m██[38;2;110;89;73m██[38;2;150;118;88m██[38;2;164;152;133m██[38;2;146;134;117m██[38;2;146;134;115m██[38;2;172;156;136m██[38;2;190;149;121m██[38;2;40;24;18m██[38;2;218;203;200m██[38;2;117;119;122m██[38;2;187;190;190m██[38;2;140;143;143m██[38;2;22;24;25m██[38;2;167;151;132m██[38;2;121;117;91m██[38;2;109;125;76m██[38;2;80;95;68m██[38;2;168;156;136m██[38;2;171;156;136m██[38;2;171;156;137m██[38;2;119;116;89m██[38;2;71;73;71m██[38;2;84;99;102m██[38;2;79;101;109m██[38;2;18;29;32m  [38;2;0;2;3m  [38;2;0;0;0m  
[38;2;0;0;0m            [38;2;21;36;13m  [38;2;56;66;37m  [38;2;114;94;77m██[38;2;159;144;124m██[38;2;160;147;129m██[38;2;159;147;129m██[38;2;172;156;136m██[38;2;142;129;108m██[38;2;148;130;109m██[38;2;112;83;72m██[38;2;183;154;148m██[38;2;99;92;92m██[38;2;181;175;174m██[38;2;190;160;141m██[38;2;42;41;37m██[38;2;124;117;106m██[38;2;114;107;98m██[38;2;96;93;86m██[38;2;148;140;115m██[38;2;144;137;112m██[38;2;122;121;92m██[38;2;86;86;70m██[38;2;92;80;68m██[38;2;47;57;57m██[38;2;0;1;1m  [38;2;0;0;0m      
[38;2;0;0;0m            [38;2;37;61;20m  [38;2;150;247;81m  [38;2;17;31;13m  [38;2;80;75;61m  [38;2;119;107;91m  [38;2;119;112;96m  [38;2;143;135;110m██[38;2;112;94;77m██[38;2;128;109;92m██[38;2;167;163;147m██[38;2;80;83;83m██[38;2;198;194;193m██[38;2;130;77;47m██[38;2;190;97;16m██[38;2;28;27;25m██[38;2;139;127;107m██[38;2;112;107;95m██[38;2;95;90;84m██[38;2;79;79;71m██[38;2;85;81;69m██[38;2;88;93;64m██[38;2;99;88;73m██[38;2;112;91;74m██[38;2;127;121;97m██[38;2;0;2;3m  [38;2;0;0;0m      
[38;2;0;0;0m            [38;2;37;61;20m  [38;2;150;247;81m    [38;2;111;183;61m      [38;2;83;132;50m  [38;2;122;110;94m██[38;2;151;164;148m██[38;2;122;238;244m██[38;2;155;180;164m██[38;2;148;136;119m██[38;2;143;122;101m██[38;2;77;75;58m██[38;2;110;92;72m██[38;2;97;86;72m██[38;2;132;126;111m██[38;2;133;127;107m██[38;2;126;126;99m██[38;2;112;111;90m██[38;2;119;168;71m██[38;2;105;173;48m██[38;2;126;120;96m██[38;2;67;68;55m██[38;2;0;0;1m  [38;2;0;0;0m      
[38;2;0;0;0m                          [38;2;0;1;2m  [38;2;34;33;30m  [38;2;138;126;111m██[38;2;34;33;30m  [38;2;137;128;111m██[38;2;0;2;3m    [38;2;98;82;64m██[38;2;138;124;103m██[38;2;168;156;134m██[38;2;147;134;115m██[38;2;0;2;3m  [38;2;79;80;64m    [38;2;0;2;3m    [38;2;0;0;0m          
[38;2;0;0;0m                              [38;2;0;0;1m  [38;2;0;0;0m  [38;2;0;0;1m  [38;2;0;0;0m    [38;2;11;11;10m  [38;2;45;44;40m████[38;2;11;11;10m  [38;2;0;0;0m                    [0m
