
[38;2;0;0;0m                      [38;2;42;40;44m  [38;2;0;0;0m                                    
[38;2;0;0;0m                      [38;2;185;173;190m██[38;2;49;46;50m  [38;2;0;0;0m                                  
[38;2;0;0;0m                      [38;2;186;174;190m██[38;2;129;124;131m██[38;2;15;15;15m  [38;2;50;48;51m  [38;2;0;0;0m  [38;2;56;54;57m  [38;2;70;67;71m██[38;2;214;205;218m██[38;2;100;95;101m  [38;2;0;0;0m                    
[38;2;0;0;0m                      [38;2;174;163;178m██[38;2;180;173;182m██[38;2;187;179;190m██[38;2;201;192;206m██[38;2;171;163;175m██[38;2;224;215;229m██[38;2;237;227;242m██[38;2;116;112;117m██[38;2;115;110;117m  [38;2;0;0;0m      [38;2;83;77;85m  [38;2;145;136;149m██[38;2;0;0;0m          
[38;2;0;0;0m                      [38;2;141;135;143m██[38;2;200;191;204m██[38;2;238;227;243m██████[38;2;225;214;230m██[38;2;206;195;210m██[38;2;228;218;232m██[38;2;202;192;206m██[38;2;85;81;86m██[38;2;153;146;156m██[38;2;222;211;227m██[38;2;191;179;195m██[38;2;118;111;121m  [38;2;0;0;0m          
[38;2;0;0;0m                      [38;2;215;207;220m██[38;2;238;227;243m████[38;2;238;228;243m██[38;2;238;227;243m██[38;2;232;222;237m██[38;2;233;223;238m██[38;2;237;227;242m██[38;2;233;223;238m██[38;2;237;227;242m██[38;2;219;208;224m██[38;2;191;179;195m████[38;2;0;0;0m            
[38;2;0;0;0m                  [38;2;4;4;4m  [38;2;105;99;108m██[38;2;238;227;243m██[38;2;214;204;219m██[38;2;213;202;218m██[38;2;212;202;216m██[38;2;238;227;243m████[38;2;232;221;237m██[38;2;194;183;199m██[38;2;227;217;232m██[38;2;221;211;226m██[38;2;191;179;195m████[38;2;90;85;92m██[38;2;0;0;0m            
[38;2;0;0;0m                  [38;2;12;11;13m██[38;2;90;85;92m██[38;2;201;190;206m██[38;2;174;165;179m██[38;2;220;210;224m██[38;2;207;197;211m██[38;2;226;216;231m██[38;2;196;184;201m██[38;2;194;182;199m██[38;2;191;179;195m██[38;2;193;181;198m██[38;2;191;179;196m██[38;2;191;179;195m██[38;2;147;137;152m██[38;2;91;88;93m██[38;2;96;92;99m  [38;2;0;0;0m          
[38;2;0;0;0m                  [38;2;185;173;189m██[38;2;186;110;166m██[38;2;190;115;176m██[38;2;165;155;170m██[38;2;191;179;195m██[38;2;176;164;181m██[38;2;126;119;129m██[38;2;123;115;125m██[38;2;42;42;42m██[38;2;167;156;171m██[38;2;191;179;195m████████[38;2;101;97;104m██[38;2;44;42;45m  [38;2;0;0;0m          
[38;2;0;0;0m                [38;2;70;66;73m  [38;2;123;116;126m██[38;2;191;76;162m██[38;2;127;78;115m██[38;2;190;178;195m██[38;2;139;131;143m██[38;2;191;67;138m██[38;2;55;24;47m██[38;2;72;72;72m██[38;2;107;103;109m██[38;2;189;177;194m██[38;2;191;179;195m██████[38;2;145;135;150m██[38;2;139;131;144m██[38;2;72;70;71m██[38;2;42;40;44m  [38;2;0;0;0m        
[38;2;0;0;0m              [38;2;255;255;255m  [38;2;74;67;73m██[38;2;41;46;43m██[38;2;173;170;176m██[38;2;158;149;162m██[38;2;157;147;162m██[38;2;197;169;192m██[38;2;222;186;202m██[38;2;186;101;167m  [38;2;128;126;130m██[38;2;168;157;173m██[38;2;191;179;195m██[38;2;190;178;195m██[38;2;171;160;176m██[38;2;156;146;161m██[38;2;142;132;147m██[38;2;143;134;147m██[38;2;101;97;103m██[38;2;74;70;77m██[38;2;0;0;0m    [38;2;12;11;13m  [38;2;16;15;17m██
[38;2;0;0;0m              [38;2;9;9;9m  [38;2;83;83;88m██[38;2;83;55;73m██[38;2;128;128;128m██[38;2;239;237;241m██[38;2;224;214;228m██[38;2;116;110;122m██[38;2;114;109;119m████[38;2;116;110;122m██[38;2;204;197;206m██[38;2;180;169;185m██[38;2;143;133;148m████[38;2;143;134;147m██████[38;2;138;131;142m██[38;2;0;5;0m  [38;2;0;0;0m    [38;2;28;26;29m██[38;2;38;35;39m██
[38;2;0;0;0m              [38;2;68;64;71m██[38;2;84;82;86m██[38;2;97;60;75m██[38;2;49;39;40m██[38;2;46;33;36m██[38;2;26;28;23m██[38;2;116;120;116m██[38;2;120;124;120m██[38;2;135;139;135m██[38;2;137;142;137m██[38;2;85;90;85m██[38;2;128;121;132m██[38;2;143;134;147m████████████[38;2;57;53;59m██[38;2;0;0;0m  [38;2;45;43;47m  [38;2;114;107;118m██[38;2;0;0;0m  
[38;2;0;0;0m    ██        [38;2;143;134;147m██[38;2;67;50;55m██[38;2;90;58;69m██[38;2;37;22;24m██[38;2;53;26;35m██[38;2;41;23;27m██[38;2;62;29;40m██[38;2;61;29;40m████[38;2;62;29;40m██[38;2;52;32;39m██[38;2;103;91;99m██[38;2;143;134;147m████████████[38;2;57;53;59m██[38;2;0;0;1m  [38;2;146;73;104m██[38;2;114;107;118m██[38;2;0;0;0m  
[38;2;26;24;27m  [38;2;99;92;101m██[38;2;142;133;148m  [38;2;85;80;88m██[38;2;0;0;0m    [38;2;34;32;35m  [38;2;143;134;147m██[38;2;67;50;55m██[38;2;90;57;69m██[38;2;37;22;24m██[38;2;53;26;35m██[38;2;41;23;27m██[38;2;61;27;40m██[38;2;37;21;24m██[38;2;10;9;5m██[38;2;55;27;36m██[38;2;30;20;21m██[38;2;32;37;33m██[38;2;143;134;147m██████████████[38;2;59;43;49m██[38;2;195;108;140m██[38;2;0;0;0m    
[38;2;0;0;0m  [38;2;151;141;155m██[38;2;136;130;140m██[38;2;149;139;154m██[38;2;87;82;91m██[38;2;0;0;0m  [38;2;67;63;70m██[38;2;138;130;143m██[38;2;68;50;56m██[38;2;4;13;2m██[38;2;62;28;40m██[38;2;8;14;5m██[38;2;62;29;41m██[38;2;49;25;32m██[38;2;17;8;9m██[38;2;5;3;0m██[38;2;47;25;31m██[38;2;2;7;0m██[38;2;28;33;27m██[38;2;143;134;148m██[38;2;143;133;147m██[38;2;143;134;147m████████[38;2;143;133;147m██[38;2;88;72;78m██[38;2;73;33;47m██[38;2;0;0;0m    
[38;2;0;0;0m  [38;2;50;47;52m  [38;2;156;145;161m██[38;2;142;133;147m██[38;2;145;136;150m██[38;2;39;42;42m██[38;2;115;86;107m██[38;2;32;38;32m██[38;2;97;60;75m██[38;2;4;13;2m██[38;2;61;29;40m██[38;2;8;14;5m██[38;2;39;22;25m██[38;2;22;18;14m██[38;2;5;3;0m██[38;2;7;0;0m██[38;2;4;4;0m██[38;2;7;0;0m██[38;2;28;33;27m██[38;2;143;134;147m██████████████[38;2;167;105;130m██[38;2;9;9;9m  [38;2;0;0;0m    
[38;2;0;0;0m    [38;2;143;134;147m████[38;2;146;132;147m██[38;2;148;131;147m██[38;2;140;82;102m██[38;2;32;38;32m██[38;2;94;59;73m██[38;2;10;16;7m██[38;2;25;19;17m██[38;2;4;13;3m██[38;2;39;22;26m██[38;2;48;24;31m██[38;2;12;11;5m██[38;2;2;14;2m██[38;2;10;11;3m██[38;2;18;7;11m██[38;2;28;33;27m██[38;2;143;134;147m██[38;2;139;131;142m██[38;2;104;100;106m██[38;2;74;72;75m██[38;2;140;131;145m██[38;2;143;134;147m██[38;2;188;116;145m██[38;2;129;114;128m██[38;2;0;0;0m      
[38;2;0;0;0m    [38;2;171;120;145m██[38;2;184;116;144m██[38;2;182;119;146m██[38;2;222;103;144m██[38;2;119;62;81m██[38;2;62;43;52m██[38;2;108;93;103m██[38;2;39;30;30m██[38;2;51;26;34m██[38;2;25;18;16m██[38;2;73;9;33m██[38;2;110;3;47m██[38;2;107;16;54m██[38;2;110;15;55m██[38;2;153;3;59m██[38;2;72;10;34m██[38;2;31;36;30m██[38;2;125;118;128m██[38;2;93;90;96m██[38;2;143;135;147m██[38;2;188;175;193m██[38;2;107;102;109m██[38;2;188;116;145m██[38;2;172;122;146m██[38;2;195;89;124m██[38;2;0;0;0m      
[38;2;0;0;0m    [38;2;64;34;49m  [38;2;199;92;128m██[38;2;199;91;127m██[38;2;13;6;8m  [38;2;0;0;0m  [38;2;174;132;158m██[38;2;164;146;154m██[38;2;161;163;160m██[38;2;51;35;41m██[38;2;165;2;74m██[38;2;149;4;66m██[38;2;45;34;37m██[38;2;132;9;61m██[38;2;149;4;66m██[38;2;58;30;40m██[38;2;44;34;36m██[38;2;36;36;34m██[38;2;112;106;114m██[38;2;189;177;194m██[38;2;153;144;158m██[38;2;191;179;195m██[38;2;125;118;128m██[38;2;141;122;138m██[38;2;210;96;134m██[38;2;0;0;0m        
[38;2;0;0;0m              [38;2;83;52;59m██[38;2;136;42;86m██[38;2;143;23;84m██[38;2;138;24;81m██[38;2;101;29;64m██[38;2;140;21;82m██[38;2;176;6;92m██[38;2;103;17;53m██[38;2;51;32;38m██[38;2;59;29;40m██[38;2;43;34;35m██[38;2;34;37;33m██[38;2;135;92;118m██[38;2;153;143;159m██[38;2;191;179;195m████[38;2;150;140;155m██[38;2;79;46;59m██[38;2;33;24;23m  [38;2;0;0;0m        
[38;2;0;0;0m            [38;2;29;2;16m██[38;2;202;18;111m██[38;2;198;15;106m██[38;2;194;12;101m██[38;2;189;10;96m██[38;2;201;15;108m██[38;2;137;49;92m██[38;2;91;69;79m██[38;2;62;67;62m██[38;2;58;62;58m██[38;2;56;62;56m██[38;2;163;157;167m██[38;2;86;74;95m██[38;2;112;98;111m██[38;2;136;127;142m██[38;2;183;172;188m██[38;2;142;131;147m██[38;2;143;134;147m██[38;2;134;107;125m██[38;2;0;1;3m  [38;2;0;0;0m        
[38;2;0;0;0m        [38;2;53;4;29m  [38;2;134;12;74m██[38;2;201;17;111m██[38;2;176;5;84m██[38;2;183;9;91m██[38;2;189;11;97m██[38;2;193;7;100m██[38;2;161;8;83m██[38;2;152;66;97m██[38;2;131;103;119m██[38;2;120;121;120m██[38;2;111;111;111m██[38;2;108;108;108m██[38;2;171;89;118m██[38;2;188;102;138m██[38;2;162;83;114m██[38;2;137;127;141m██[38;2;171;122;146m██[38;2;197;112;145m██[38;2;172;122;146m██[38;2;148;106;132m██[38;2;0;1;3m  [38;2;0;0;0m        
[38;2;0;0;0m    [38;2;12;0;6m  [38;2;180;14;98m██[38;2;202;17;110m██[38;2;202;18;111m██[38;2;201;18;111m██[38;2;202;16;109m██[38;2;199;15;107m██[38;2;194;13;104m██[38;2;61;1;31m  [38;2;0;6;0m  [38;2;0;13;4m  [38;2;183;87;118m██[38;2;183;83;117m██████[38;2;183;84;117m██[38;2;183;84;118m██[38;2;0;9;0m  [38;2;171;78;109m  [38;2;189;116;145m██[38;2;158;128;147m██[38;2;189;116;145m██[38;2;161;84;125m  [38;2;0;1;2m  [38;2;0;0;0m        
[38;2;0;0;0m    [38;2;67;5;37m██[38;2;201;17;111m██[38;2;201;18;111m██[38;2;202;18;111m██[38;2;201;18;111m██[38;2;202;16;108m██[38;2;176;2;83m██[38;2;48;0;23m  [38;2;0;0;0m                      [38;2;66;30;42m██████[38;2;0;0;0m            
[38;2;0;0;0m    [38;2;42;0;18m  [38;2;184;10;94m██[38;2;193;12;100m████[38;2;158;0;75m██[38;2;127;0;55m██[38;2;0;0;0m                                            
[38;2;0;0;0m      [38;2;36;0;15m  [38;2;42;0;18m████[38;2;24;0;11m  [38;2;0;0;0m                                              [0m
