
[38;2;0;0;0m                    [38;2;17;29;27m  [38;2;0;1;1m  [38;2;0;0;0m                          
[38;2;0;0;0m                    [38;2;128;220;205m██[38;2;2;5;4m██[38;2;0;0;0m                          
[38;2;0;0;0m                  [38;2;34;59;55m  [38;2;98;220;207m██[38;2;56;253;237m██[38;2;0;0;0m                          
[38;2;0;0;0m                  [38;2;139;239;223m██[38;2;61;223;206m██[38;2;59;254;236m██[38;2;0;0;0m      [38;2;42;187;175m██[38;2;13;53;49m  [38;2;0;0;0m                
[38;2;0;0;0m                [38;2;5;26;25m  [38;2;39;185;171m██[38;2;66;239;221m██[38;2;60;255;236m██[38;2;0;0;0m      [38;2;59;253;237m██[38;2;25;99;92m██[38;2;0;0;0m                
[38;2;0;0;0m                [38;2;23;107;100m██[38;2;41;185;176m██[38;2;58;255;237m██[38;2;60;255;236m██[38;2;0;0;0m      [38;2;48;190;176m██[38;2;17;76;72m██[38;2;0;0;0m                
[38;2;0;0;0m                [38;2;17;76;72m██[38;2;58;250;232m██[38;2;60;255;235m██[38;2;60;255;236m██[38;2;8;8;8m  [38;2;0;0;0m  [38;2;23;97;92m██[38;2;42;181;171m██[38;2;23;102;97m██[38;2;0;0;0m                
[38;2;0;0;0m                [38;2;41;186;176m██[38;2;56;250;234m██[38;2;66;252;232m██[38;2;58;121;122m██[38;2;86;86;113m██[38;2;1;8;7m  [38;2;64;99;92m██[38;2;50;184;173m██[38;2;42;181;171m██[38;2;0;0;0m                
[38;2;0;0;0m            [38;2;30;118;115m██[38;2;72;70;65m██[38;2;61;229;214m██[38;2;41;185;176m██[38;2;58;170;164m██[38;2;78;108;111m██[38;2;99;101;140m██[38;2;84;123;123m██[38;2;52;166;155m██[38;2;64;71;72m██[38;2;43;180;171m██[38;2;0;0;0m                
[38;2;0;0;0m            [38;2;47;136;138m██[38;2;199;168;81m██[38;2;73;152;139m██[38;2;41;185;176m██[38;2;61;167;159m██[38;2;73;82;139m██[38;2;76;80;135m██[38;2;65;73;124m██[38;2;61;167;159m██[38;2;64;71;72m██[38;2;42;181;171m██[38;2;0;0;0m                
[38;2;0;0;0m          [38;2;36;155;147m██[38;2;48;136;137m██[38;2;199;168;81m██[38;2;90;142;135m██[38;2;59;206;195m██[38;2;57;114;122m██[38;2;61;70;106m██[38;2;186;139;91m██[38;2;65;68;69m██[38;2;58;255;237m██[38;2;60;243;225m██[38;2;53;132;126m██[38;2;43;81;76m██[38;2;6;20;21m  [38;2;0;0;0m            
[38;2;0;0;0m          [38;2;9;38;36m  [38;2;43;169;163m██[38;2;76;84;77m██[38;2;101;103;96m██[38;2;65;210;205m██[38;2;132;117;74m██[38;2;193;157;50m██[38;2;180;151;97m██[38;2;65;68;69m██[38;2;51;249;232m██[38;2;54;195;183m██[38;2;55;136;135m██[38;2;59;80;79m██[38;2;18;67;63m██[38;2;0;0;0m            
[38;2;0;0;0m    [38;2;2;13;12m  [38;2;13;60;56m██[38;2;0;0;0m    [38;2;34;142;135m██[38;2;63;104;105m██[38;2;74;155;155m██[38;2;67;198;197m██[38;2;69;91;113m██[38;2;69;126;169m██[38;2;73;82;133m██[38;2;75;76;86m██[38;2;51;170;161m██[38;2;73;64;68m██[38;2;75;77;92m██[38;2;44;181;171m██[38;2;23;81;77m██[38;2;0;3;5m  [38;2;0;0;0m          
[38;2;0;0;0m    [38;2;15;70;66m██[38;2;45;206;194m██[38;2;28;126;118m  [38;2;0;0;0m  [38;2;3;9;11m  [38;2;60;184;188m██[38;2;72;92;86m██[38;2;66;98;98m██[38;2;69;144;141m██[38;2;57;251;235m██[38;2;67;143;145m██[38;2;103;104;141m██[38;2;71;98;129m██[38;2;67;77;117m██[38;2;83;88;132m██[38;2;58;102;100m██[38;2;45;121;113m██[38;2;43;113;107m  [38;2;0;0;0m  [38;2;5;24;23m  [38;2;9;40;38m  [38;2;0;0;0m    
[38;2;0;0;0m    [38;2;12;57;53m  [38;2;42;191;178m██[38;2;57;239;229m██[38;2;31;51;59m██[38;2;0;0;0m  [38;2;12;57;53m  [38;2;68;113;111m██[38;2;66;67;68m██[38;2;70;126;131m██[38;2;75;74;85m██[38;2;69;144;138m██[38;2;104;105;140m██[38;2;88;92;132m██[38;2;93;96;135m██[38;2;93;96;141m██[38;2;65;69;70m██[38;2;56;189;179m██[38;2;47;180;171m██[38;2;33;32;33m██[38;2;43;180;171m██[38;2;12;54;51m██[38;2;0;0;0m    
[38;2;0;0;0m      [38;2;46;209;195m██[38;2;74;111;146m██[38;2;78;83;130m██[38;2;51;51;74m██[38;2;97;189;182m██[38;2;57;203;192m██[38;2;59;207;192m██[38;2;83;81;97m██[38;2;104;105;142m██[38;2;95;102;128m██[38;2;101;103;143m██[38;2;89;93;133m██[38;2;70;77;120m██[38;2;73;76;100m██[38;2;59;212;200m██[38;2;54;243;228m██[38;2;58;229;221m██[38;2;65;71;111m██[38;2;73;100;100m██[38;2;20;51;47m██[38;2;0;0;0m    
[38;2;0;0;0m  [38;2;11;49;46m  [38;2;0;0;0m    [38;2;100;102;137m██[38;2;69;75;114m██[38;2;108;135;131m██[38;2;96;93;88m██[38;2;54;183;175m██[38;2;57;195;185m██[38;2;58;157;148m██[38;2;95;97;135m██[38;2;81;86;131m██[38;2;75;76;97m██[38;2;80;80;85m██[38;2;71;79;124m██[38;2;83;85;114m██[38;2;57;206;195m██[38;2;52;233;219m██[38;2;67;69;82m██[38;2;65;73;120m██[38;2;68;52;73m██[38;2;4;9;18m  [38;2;0;0;0m    
[38;2;0;0;0m  [38;2;44;198;186m██[38;2;19;89;82m  [38;2;65;64;86m  [38;2;91;94;133m██[38;2;65;66;73m██[38;2;106;104;99m██[38;2;99;103;137m██[38;2;65;124;124m██[38;2;63;206;207m██[38;2;64;144;166m██[38;2;73;83;140m██[38;2;76;85;141m██[38;2;67;66;67m██[38;2;182;180;174m██[38;2;159;156;152m██[38;2;88;88;110m██[38;2;65;84;83m██[38;2;64;174;181m██[38;2;72;78;108m██[38;2;65;70;105m██[38;2;65;68;89m██[38;2;54;61;104m██[38;2;6;29;28m  [38;2;7;35;33m  
[38;2;3;16;15m  [38;2;49;212;197m██[38;2;62;209;198m██[38;2;74;82;93m██[38;2;64;99;107m██[38;2;65;73;119m██[38;2;59;64;96m██[38;2;4;4;4m  [38;2;52;57;85m██[38;2;64;163;169m██[38;2;67;69;104m██[38;2;74;83;138m██[38;2;66;75;124m██[38;2;54;62;108m  [38;2;76;75;80m  [38;2;80;79;85m██[38;2;104;105;140m██[38;2;100;101;137m██[38;2;71;78;123m██[38;2;76;85;136m██[38;2;64;103;114m██[38;2;58;220;207m██[38;2;52;87;110m██[38;2;51;159;156m██[38;2;10;47;44m██
[38;2;14;66;62m██[38;2;57;255;238m██[38;2;53;230;215m██[38;2;50;151;144m██[38;2;60;190;181m██[38;2;65;71;118m██[38;2;40;44;78m██[38;2;0;0;0m    [38;2;15;15;20m  [38;2;16;17;26m██[38;2;16;18;30m██[38;2;9;10;17m  [38;2;0;0;0m    [38;2;111;109;138m██[38;2;104;105;140m██[38;2;73;93;135m██[38;2;53;173;169m██[38;2;65;82;94m██[38;2;53;220;209m██[38;2;58;220;207m██[38;2;52;146;139m██[38;2;49;129;127m██[38;2;2;11;11m██
[38;2;0;0;0m      [38;2;40;157;145m  [38;2;42;191;179m██[38;2;5;26;25m  [38;2;0;0;0m                  [38;2;4;4;6m  [38;2;78;78;105m██[38;2;63;132;160m██[38;2;50;220;207m██[38;2;34;143;135m██[38;2;52;233;218m██[38;2;57;255;239m██[38;2;33;123;116m██[38;2;0;7;9m  [38;2;0;0;0m  
[38;2;0;0;0m                                  [38;2;14;63;59m████[38;2;0;0;0m  [38;2;9;42;39m  [38;2;14;63;59m██[38;2;4;19;17m  [38;2;0;0;0m    [0m
