
[38;2;0;0;0m    [38;2;13;14;14m  [38;2;53;56;58m      [38;2;40;42;43m  [38;2;42;43;47m  [38;2;14;14;18m  [38;2;51;45;30m  [38;2;56;53;38m██[38;2;46;47;47m██[38;2;0;0;0m    [38;2;53;56;58m          [38;2;26;27;27m    [38;2;53;56;58m      [38;2;0;0;0m        
[38;2;0;0;0m    [38;2;49;51;53m  [38;2;196;206;214m  [38;2;156;163;172m  [38;2;35;37;45m  [38;2;68;70;72m  [38;2;109;110;111m██[38;2;101;93;80m██[38;2;242;209;146m██[38;2;208;186;132m██[38;2;171;174;176m██[38;2;138;140;142m████[38;2;35;37;39m  [38;2;156;163;171m  [38;2;197;206;215m  [38;2;196;206;214m  [38;2;197;206;215m  [38;2;97;99;102m  [38;2;88;90;89m  [38;2;88;89;92m  [38;2;197;206;215m  [38;2;196;206;214m  [38;2;0;0;0m        
[38;2;0;0;0m    [38;2;31;32;34m  [38;2;86;89;91m  [38;2;94;96;97m██[38;2;128;129;129m██[38;2;191;194;196m██[38;2;138;129;112m██[38;2;253;220;151m██[38;2;253;220;152m██[38;2;169;154;120m██[38;2;183;187;188m██[38;2;181;185;186m██[38;2;143;145;147m██[38;2;204;208;210m██[38;2;106;108;109m██[38;2;86;89;92m  [38;2;125;131;139m  [38;2;197;206;215m    [38;2;105;107;110m  [38;2;91;93;91m██[38;2;72;72;72m██[38;2;164;170;177m  [38;2;0;0;0m        
[38;2;0;0;0m    [38;2;31;32;33m  [38;2;141;145;149m██[38;2;169;171;173m██████[38;2;206;180;131m██[38;2;211;183;133m██[38;2;82;78;72m██[38;2;194;198;200m██[38;2;204;208;210m████[38;2;99;100;101m██[38;2;204;208;210m████[38;2;200;203;206m██[38;2;96;96;95m██[38;2;62;65;68m  [38;2;197;206;215m  [38;2;164;170;177m  [38;2;86;88;86m██[38;2;93;96;93m██[38;2;80;81;81m  [38;2;44;43;44m  [38;2;0;0;0m      
[38;2;0;0;0m    [38;2;30;29;30m  [38;2;72;73;75m██[38;2;136;140;142m██[38;2;131;133;134m██[38;2;204;208;210m██[38;2;147;149;150m████[38;2;204;208;210m████[38;2;156;158;160m██[38;2;137;139;140m██[38;2;185;188;190m██[38;2;175;179;182m██[38;2;179;183;185m██[38;2;143;147;149m██[38;2;94;96;98m██[38;2;116;121;127m  [38;2;197;206;215m  [38;2;164;170;177m  [38;2;86;88;86m██[38;2;95;97;95m██[38;2;94;97;94m██[38;2;78;78;78m██[38;2;41;41;41m  [38;2;0;0;0m    
[38;2;0;0;0m  [38;2;48;48;48m  [38;2;95;97;95m██[38;2;94;97;94m██[38;2;14;14;14m██[38;2;59;58;56m██[38;2;169;173;174m██[38;2;204;208;210m████[38;2;173;176;178m██[38;2;65;64;65m████[38;2;204;208;210m██[38;2;156;160;164m██[38;2;152;156;158m████[38;2;113;117;118m██[38;2;147;154;161m  [38;2;197;206;215m  [38;2;97;99;102m  [38;2;72;72;72m██[38;2;95;97;95m██████[38;2;94;97;94m██[38;2;72;72;72m██[38;2;0;0;0m    
[38;2;0;0;0m  [38;2;48;48;48m  [38;2;90;92;90m██[38;2;78;79;78m██[38;2;84;86;87m██[38;2;67;69;71m██[38;2;110;110;114m██[38;2;141;144;146m██[38;2;103;105;108m██[38;2;85;117;128m██[38;2;66;125;140m██[38;2;107;119;123m██[38;2;203;207;208m██[38;2;161;165;167m██[38;2;95;97;98m██[38;2;140;140;139m  [38;2;168;169;173m  [38;2;255;255;255m  [38;2;207;207;207m  [38;2;87;88;87m██[38;2;94;97;94m████[38;2;43;44;43m██[38;2;83;85;83m██[38;2;77;78;77m██[38;2;94;97;94m██[38;2;48;48;48m  [38;2;0;0;0m  
[38;2;21;21;21m  [38;2;85;87;85m██[38;2;89;90;93m  [38;2;47;56;61m  [38;2;24;31;33m██[38;2;28;28;28m██[38;2;122;125;127m██[38;2;93;92;91m██[38;2;94;92;93m████[38;2;92;93;94m██[38;2;84;82;88m██[38;2;189;193;194m██[38;2;146;149;152m██[38;2;62;62;62m  [38;2;249;249;249m  [38;2;194;194;194m  [38;2;67;66;67m██[38;2;74;74;74m██[38;2;94;97;94m██[38;2;86;89;87m██[38;2;24;27;27m██[38;2;95;202;235m██[38;2;29;53;64m██[38;2;14;14;14m  [38;2;83;85;83m  [38;2;52;51;52m  [38;2;1;1;1m  
[38;2;72;72;72m████[38;2;0;0;0m  [38;2;32;107;134m████[38;2;57;56;57m██[38;2;23;26;29m██[38;2;115;117;120m██[38;2;83;82;89m██[38;2;123;126;129m██[38;2;138;142;144m██[38;2;137;138;141m██[38;2;153;156;160m██[38;2;141;116;87m██[38;2;85;85;85m██[38;2;105;104;107m  [38;2;84;86;84m██[38;2;95;97;95m██[38;2;34;35;34m██[38;2;34;37;38m██[38;2;68;123;139m██[38;2;55;88;97m██[38;2;49;106;122m██[38;2;23;50;58m██[38;2;0;0;0m  [38;2;48;48;48m  [38;2;86;88;86m██[38;2;16;16;16m  
[38;2;53;52;53m  [38;2;13;13;13m  [38;2;8;9;9m  [38;2;34;95;120m  [38;2;67;70;73m  [38;2;68;70;72m  [38;2;149;152;154m██[38;2;83;83;84m██[38;2;175;142;90m██[38;2;61;78;85m██[38;2;56;94;109m██[38;2;62;93;106m██[38;2;105;98;84m██[38;2;193;150;88m██[38;2;118;119;121m██[38;2;199;203;204m██[38;2;22;22;22m████[38;2;97;203;235m██[38;2;60;105;114m██[38;2;91;181;206m██[38;2;23;50;58m██[38;2;83;167;193m  [38;2;71;77;77m  [38;2;48;48;48m  [38;2;0;0;0m  [38;2;53;52;53m  [38;2;13;13;13m  
[38;2;0;0;0m    [38;2;49;51;53m  [38;2;156;163;171m  [38;2;183;191;200m  [38;2;77;80;82m  [38;2;184;187;189m██[38;2;90;90;91m██[38;2;203;186;138m██[38;2;85;112;121m████[38;2;97;113;119m██[38;2;74;81;86m██[38;2;149;146;144m██[38;2;196;200;201m██[38;2;103;104;104m██[38;2;50;55;63m  [38;2;189;189;189m  [38;2;43;92;106m██[38;2;33;65;73m██[38;2;63;133;153m  [38;2;41;48;51m██[38;2;214;242;251m  [38;2;174;186;193m  [38;2;13;13;13m  [38;2;0;0;0m      
[38;2;0;0;0m    [38;2;49;51;53m  [38;2;197;205;214m  [38;2;183;191;200m  [38;2;66;69;71m  [38;2;108;109;111m██[38;2;160;168;171m██[38;2;96;111;117m██[38;2;99;128;136m████[38;2;75;103;114m██[38;2;162;164;167m██[38;2;138;141;143m██[38;2;120;121;124m██[38;2;121;123;125m██[38;2;62;59;54m██[38;2;61;48;28m██[38;2;56;50;35m██[38;2;61;119;136m  [38;2;227;247;252m  [38;2;145;223;246m  [38;2;255;255;255m  [38;2;211;218;225m  [38;2;0;0;0m        
[38;2;0;0;0m    [38;2;49;51;53m  [38;2;197;206;215m  [38;2;188;196;205m  [38;2;61;63;65m  [38;2;162;166;168m██[38;2;86;106;107m██[38;2;120;172;187m██[38;2;97;203;235m████[38;2;77;111;128m██[38;2;178;180;183m██[38;2;178;181;183m██[38;2;122;125;126m████[38;2;112;103;86m██[38;2;247;214;141m██[38;2;216;175;108m██[38;2;209;184;125m██[38;2;46;46;46m  [38;2;202;202;202m  [38;2;255;255;255m  [38;2;211;218;225m  [38;2;0;0;0m        
[38;2;0;0;0m    [38;2;49;51;53m  [38;2;197;206;215m  [38;2;165;173;180m  [38;2;90;93;94m  [38;2;96;97;99m██[38;2;160;146;110m██[38;2;102;102;101m██[38;2;101;101;99m██[38;2;101;101;100m██[38;2;89;90;90m██[38;2;97;99;103m██[38;2;96;97;99m██[38;2;102;104;105m██[38;2;117;106;86m██[38;2;253;222;150m██[38;2;242;206;133m██[38;2;228;185;112m██[38;2;236;196;124m██[38;2;235;196;125m██[38;2;125;110;74m██[38;2;185;185;185m  [38;2;211;218;225m  [38;2;0;0;0m        
[38;2;0;0;0m    [38;2;49;51;53m  [38;2;196;206;214m  [38;2;197;206;214m  [38;2;183;191;200m  [38;2;36;28;29m██[38;2;193;168;115m██[38;2;91;166;189m██[38;2;96;191;219m████[38;2;94;181;209m██[38;2;74;79;74m██[38;2;77;77;78m██[38;2;113;106;90m██[38;2;245;213;142m██[38;2;217;169;97m██[38;2;241;204;132m██[38;2;253;219;153m██[38;2;250;218;147m██[38;2;219;173;105m██[38;2;254;219;154m██[38;2;178;161;117m  [38;2;153;161;167m  [38;2;0;0;0m        
[38;2;0;0;0m    [38;2;49;51;53m  [38;2;197;206;215m  [38;2;174;182;190m  [38;2;113;103;80m  [38;2;228;202;144m██[38;2;120;129;127m██[38;2;81;141;160m██[38;2;68;122;143m████[38;2;98;137;150m██[38;2;99;121;121m██[38;2;228;199;140m██[38;2;253;220;151m██[38;2;253;221;149m██[38;2;178;146;96m██[38;2;231;204;139m██[38;2;253;220;152m██[38;2;204;183;136m██[38;2;104;96;83m██[38;2;235;194;125m██[38;2;197;171;125m██[38;2;123;118;110m██[38;2;0;2;8m  [38;2;0;0;0m      
[38;2;0;0;0m    [38;2;49;51;53m  [38;2;197;206;215m  [38;2;24;24;24m██[38;2;214;190;136m██[38;2;243;207;134m██[38;2;112;99;80m██[38;2;127;127;126m██[38;2;101;101;100m████[38;2;127;127;126m██[38;2;122;113;96m██[38;2;254;219;154m████[38;2;138;129;112m██[38;2;91;91;90m██[38;2;206;182;128m██[38;2;221;191;129m██[38;2;183;180;174m██[38;2;169;172;173m██[38;2;176;139;85m██[38;2;190;147;84m██[38;2;86;80;70m██[38;2;56;56;54m██[38;2;0;0;0m      
[38;2;0;0;0m    [38;2;49;51;53m  [38;2;129;135;141m  [38;2;84;86;87m██[38;2;120;121;119m██[38;2;200;157;94m██[38;2;135;131;122m██[38;2;111;114;117m██[38;2;85;85;86m████[38;2;86;86;86m██[38;2;150;152;153m██[38;2;174;155;121m██[38;2;214;177;116m██[38;2;160;144;121m██[38;2;151;142;132m██[38;2;108;110;117m██[38;2;177;137;82m██[38;2;183;142;84m██[38;2;146;116;77m██[38;2;140;112;74m██[38;2;214;163;91m██[38;2;102;89;71m██[38;2;99;99;98m██[38;2;65;65;64m██[38;2;53;53;53m██[38;2;13;13;13m  
[38;2;0;0;0m    [38;2;49;51;53m  [38;2;196;206;214m  [38;2;38;39;39m██[38;2;113;114;113m██[38;2;120;121;118m██[38;2;101;102;101m██[38;2;74;73;73m██[38;2;101;101;100m██[38;2;96;96;95m██[38;2;35;36;36m  [38;2;95;94;91m██[38;2;183;146;93m██[38;2;147;118;78m██[38;2;209;159;88m██[38;2;176;139;85m██[38;2;106;87;64m██[38;2;144;141;134m██[38;2;186;143;84m██[38;2;171;135;84m██[38;2;131;133;135m██[38;2;122;97;67m██[38;2;75;69;62m██[38;2;89;89;88m██[38;2;90;90;89m██[38;2;0;0;0m    
[38;2;0;0;0m    [38;2;49;51;53m  [38;2;102;107;112m  [38;2;135;138;139m██[38;2;137;140;141m██[38;2;67;69;69m██[38;2;102;103;103m██[38;2;26;26;26m██[38;2;36;36;36m██[38;2;58;59;60m  [38;2;85;88;96m  [38;2;92;87;79m██[38;2;123;112;97m██[38;2;143;143;142m██[38;2;155;140;119m██[38;2;120;106;85m██[38;2;123;118;110m██[38;2;175;176;175m██[38;2;116;107;94m██[38;2;110;105;98m██[38;2;120;123;124m██[38;2;47;40;32m██[38;2;107;112;116m  [38;2;0;0;0m        
[38;2;0;0;0m    [38;2;49;51;53m  [38;2;197;206;215m  [38;2;35;37;39m    [38;2;156;163;171m  [38;2;35;37;39m  [38;2;197;206;215m      [38;2;76;79;87m  [38;2;101;103;107m  [38;2;97;100;104m  [38;2;185;188;190m██[38;2;57;59;66m  [38;2;97;101;104m  [38;2;35;40;45m  [38;2;140;141;142m  [38;2;37;37;43m  [38;2;76;79;87m  [38;2;76;79;83m  [38;2;197;206;215m    [38;2;0;0;0m        
[38;2;0;0;0m    [38;2;13;14;14m  [38;2;53;56;58m                  [38;2;13;14;14m    [38;2;41;42;42m  [38;2;40;42;43m  [38;2;13;14;14m  [38;2;53;56;58m  [38;2;13;14;14m  [38;2;53;56;58m          [38;2;0;0;0m        [0m
