
[38;2;0;0;0m            [38;2;12;13;17m    [38;2;0;0;0m                            
[38;2;0;0;0m            [38;2;44;48;63m████[38;2;0;0;0m                            
[38;2;0;0;0m          [38;2;0;1;6m  [38;2;159;175;227m██[38;2;44;48;63m██[38;2;0;0;0m                            
[38;2;0;0;0m          [38;2;153;161;173m  [38;2;125;140;176m██[38;2;44;48;63m██[38;2;0;0;0m                            
[38;2;0;0;0m        [38;2;7;12;18m  [38;2;198;203;210m██[38;2;51;87;129m██[38;2;0;0;0m                              
[38;2;0;0;0m        [38;2;62;63;63m██[38;2;144;158;190m██[38;2;117;139;189m██[38;2;0;0;0m    [38;2;0;2;5m  [38;2;154;184;249m██[38;2;43;47;62m██[38;2;0;0;0m                    
[38;2;0;0;0m    [38;2;77;83;106m██[38;2;8;8;9m  [38;2;89;88;89m██[38;2;108;110;115m██[38;2;118;129;164m██[38;2;99;107;138m██[38;2;101;118;149m██[38;2;165;182;215m██[38;2;35;44;62m  [38;2;0;0;0m                      
[38;2;0;0;0m    [38;2;104;113;147m██[38;2;97;103;123m██[38;2;251;251;252m██[38;2;109;109;107m██[38;2;118;127;157m██[38;2;93;96;112m██[38;2;121;155;197m██[38;2;64;65;69m██[38;2;0;0;0m                        
[38;2;0;0;0m    [38;2;43;45;49m██[38;2;169;181;201m██[38;2;155;170;196m██[38;2;138;153;193m██[38;2;151;165;211m██[38;2;144;156;198m██[38;2;133;144;166m██[38;2;96;121;163m██[38;2;67;85;118m██[38;2;26;29;38m██[38;2;0;0;0m                    
[38;2;0;0;0m    [38;2;215;221;232m██[38;2;137;162;217m██[38;2;159;165;193m██[38;2;92;95;104m██[38;2;97;105;126m██[38;2;173;189;247m██[38;2;105;104;105m██[38;2;235;237;245m██[38;2;170;173;179m██[38;2;3;3;3m  [38;2;0;0;0m                    
[38;2;0;0;0m  [38;2;131;131;131m  [38;2;133;162;205m██[38;2;143;163;215m██[38;2;92;98;110m██[38;2;131;138;155m██[38;2;137;150;189m██[38;2;153;167;215m██[38;2;142;154;195m██[38;2;101;115;149m██[38;2;147;159;192m██[38;2;37;40;52m██[38;2;0;0;0m                    
[38;2;63;63;63m██[38;2;229;232;238m██[38;2;183;197;215m██[38;2;156;179;239m██[38;2;151;166;210m██[38;2;171;187;243m██[38;2;113;123;149m██[38;2;152;164;211m██[38;2;86;87;93m██[38;2;166;167;171m██[38;2;61;70;89m  [38;2;0;0;0m          [38;2;14;15;15m  [38;2;53;54;58m██[38;2;1;1;1m  [38;2;0;0;0m      
[38;2;14;14;14m  [38;2;130;146;188m██[38;2;147;165;215m██[38;2;120;130;158m██[38;2;111;115;140m██[38;2;83;85;95m██[38;2;106;109;122m██[38;2;179;185;207m██[38;2;200;209;235m██[38;2;52;53;59m██[38;2;0;0;0m          [38;2;133;136;147m  [38;2;163;168;182m██[38;2;113;119;135m██[38;2;135;138;148m  [38;2;0;0;0m      
[38;2;0;0;0m    [38;2;82;87;98m██[38;2;146;152;171m██[38;2;0;0;0m  [38;2;109;114;128m  [38;2;212;222;249m██[38;2;211;222;246m██[38;2;213;224;245m██[38;2;247;249;253m██[38;2;79;79;79m████[38;2;123;123;123m██[38;2;255;255;255m████[38;2;157;156;157m██[38;2;45;48;55m  [38;2;70;75;92m  [38;2;68;74;91m██[38;2;123;132;164m██[38;2;0;0;0m    
[38;2;0;0;0m            [38;2;212;222;249m██[38;2;211;222;247m██[38;2;191;201;221m██[38;2;228;230;232m██[38;2;255;255;255m████[38;2;227;229;231m████[38;2;255;255;255m████[38;2;0;0;0m    [38;2;6;6;8m  [38;2;129;140;172m██[38;2;0;0;0m    
[38;2;0;0;0m            [38;2;126;129;138m██[38;2;228;235;250m██[38;2;197;202;207m██[38;2;255;255;255m██████[38;2;235;237;238m████[38;2;255;255;255m████[38;2;191;191;191m██[38;2;0;0;0m  [38;2;19;21;27m  [38;2;116;128;166m██[38;2;126;136;173m██[38;2;26;29;38m  
[38;2;0;0;0m            [38;2;238;242;255m██[38;2;255;255;255m████████[38;2;223;231;247m██[38;2;212;224;245m██[38;2;155;164;176m██[38;2;255;255;255m████[38;2;191;191;191m██[38;2;0;0;0m    [38;2;102;110;144m██[38;2;3;3;3m  [38;2;0;0;0m  
[38;2;0;0;0m          [38;2;115;120;136m██[38;2;211;221;247m██[38;2;113;118;128m██[38;2;255;255;255m██[38;2;252;252;255m██[38;2;58;60;68m██[38;2;134;140;151m██[38;2;135;139;153m██[38;2;109;112;119m██[38;2;232;238;245m████[38;2;0;0;0m            
[38;2;0;0;0m        [38;2;1;1;1m  [38;2;105;113;143m██[38;2;85;89;100m██[38;2;152;159;181m██[38;2;120;123;133m██[38;2;60;61;62m██[38;2;0;0;0m    [38;2;153;163;193m██[38;2;205;217;248m██[38;2;84;92;112m██[38;2;113;138;188m██[38;2;159;166;187m██[38;2;0;0;0m          
[38;2;0;0;0m    [38;2;26;30;34m  [38;2;27;30;37m  [38;2;132;138;159m██[38;2;150;160;192m██[38;2;96;102;121m██[38;2;206;211;222m██[38;2;143;154;190m██[38;2;8;8;10m  [38;2;0;0;0m    [38;2;34;37;48m██[38;2;164;174;203m██[38;2;92;103;122m██[38;2;121;145;195m██[38;2;128;153;190m██[38;2;29;31;35m  [38;2;0;0;0m        
[38;2;0;0;0m    [38;2;48;53;61m██[38;2;140;159;187m██[38;2;188;197;230m██[38;2;82;84;96m██[38;2;226;233;246m██[38;2;86;107;137m██[38;2;169;189;248m██[38;2;44;48;63m██[38;2;0;0;0m    [38;2;136;147;193m██[38;2;83;86;99m██[38;2;207;219;236m██[38;2;147;172;230m██[38;2;75;119;175m██[38;2;120;140;188m██[38;2;0;0;0m        
[38;2;0;0;0m    [38;2;52;54;60m██[38;2;136;159;202m██[38;2;127;136;169m██[38;2;163;164;168m██[38;2;209;220;235m██[38;2;77;111;157m██[38;2;164;187;219m██[38;2;93;107;143m██[38;2;0;0;0m    [38;2;48;52;68m██[38;2;32;35;41m██[38;2;129;129;131m██[38;2;115;150;193m██[38;2;114;123;161m██[38;2;48;52;68m██[38;2;0;0;0m        
[38;2;0;0;0m          [38;2;155;155;155m  [38;2;177;187;203m██[38;2;168;189;235m██[38;2;209;212;222m██[38;2;107;115;148m██[38;2;0;0;0m                        
[38;2;0;0;0m            [38;2;12;13;16m  [38;2;62;64;68m██[38;2;50;50;52m  [38;2;0;0;1m  [38;2;0;0;0m                        [0m
