
[38;2;11;11;12m  [38;2;46;45;48m                          [38;2;12;12;13m  ██[38;2;46;45;48m                  [38;2;11;11;12m  
[38;2;44;44;46m  [38;2;179;178;187m                        [38;2;75;74;78m  [38;2;162;161;171m██[38;2;48;48;51m██[38;2;179;178;187m                  [38;2;44;44;46m  
[38;2;44;44;46m  [38;2;179;178;187m                        [38;2;83;83;87m  [38;2;148;147;156m██[38;2;120;118;126m██[38;2;74;74;78m  [38;2;166;165;173m  [38;2;179;178;187m              [38;2;44;44;46m  
[38;2;44;44;46m  [38;2;179;178;187m                        [38;2;70;70;73m  [38;2;96;94;109m██[38;2;194;192;205m██[38;2;147;147;156m██[38;2;134;133;140m  [38;2;179;178;187m              [38;2;44;44;46m  
[38;2;44;44;46m  [38;2;179;178;187m                  [38;2;135;134;141m  [38;2;179;178;187m  [38;2;106;106;111m  [38;2;163;162;172m██[38;2;149;148;157m██[38;2;196;195;208m██[38;2;44;44;46m  [38;2;179;178;187m                [38;2;44;44;46m  
[38;2;44;44;46m  [38;2;179;178;187m                [38;2;66;66;69m  [38;2;109;107;119m  [38;2;141;140;147m  [38;2;49;48;52m██[38;2;73;72;77m██[38;2;120;119;126m  [38;2;155;154;164m██[38;2;44;44;46m  [38;2;179;178;187m                [38;2;44;44;46m  
[38;2;44;44;46m  [38;2;179;178;186m  [38;2;179;178;187m  [38;2;179;178;186m  [38;2;179;178;187m  [38;2;179;178;186m  [38;2;179;178;187m  [38;2;179;178;186m  [38;2;131;130;137m  [38;2;44;44;46m  [38;2;137;135;150m██[38;2;16;16;16m██[38;2;189;188;200m██[38;2;101;100;107m██[38;2;105;104;107m  [38;2;156;154;166m██[38;2;139;138;148m██[38;2;86;86;90m  [38;2;81;80;85m  [38;2;163;162;170m  [38;2;179;178;187m  [38;2;179;178;186m  [38;2;179;178;187m  [38;2;179;178;186m  [38;2;179;178;187m  [38;2;44;44;46m  
[38;2;44;44;46m  [38;2;179;178;187m            [38;2;62;61;64m  [38;2;114;113;124m  [38;2;48;48;49m  [38;2;100;99;105m██[38;2;88;86;104m██[38;2;170;167;182m██[38;2;167;164;181m██[38;2;100;97;114m██[38;2;171;169;185m██[38;2;159;158;174m██[38;2;35;34;38m██[38;2;147;147;156m██[38;2;134;133;140m  [38;2;179;178;187m          [38;2;44;44;46m  
[38;2;44;44;46m  [38;2;179;178;187m            [38;2;44;44;46m  [38;2;138;136;150m██[38;2;82;57;76m██[38;2;120;80;113m██[38;2;109;106;114m██[38;2;115;114;119m██[38;2;108;107;113m██[38;2;127;126;136m██[38;2;130;89;124m██[38;2;91;85;99m██[38;2;150;148;160m██[38;2;164;163;172m██[38;2;73;72;76m██[38;2;127;126;132m  [38;2;179;178;187m        [38;2;44;44;46m  
[38;2;44;44;46m  [38;2;179;178;186m  [38;2;178;178;187m  [38;2;179;178;186m  [38;2;178;178;187m  [38;2;179;178;186m  [38;2;178;178;187m  [38;2;44;44;46m  [38;2;140;139;152m██[38;2;108;45;93m██[38;2;177;87;158m██[38;2;167;161;175m██[38;2;196;195;207m██[38;2;195;193;206m██[38;2;134;113;141m██[38;2;191;88;169m██[38;2;99;96;101m██[38;2;195;193;206m██[38;2;146;144;155m██[38;2;164;163;172m██[38;2;44;44;46m  [38;2;179;178;186m  [38;2;178;178;187m  [38;2;179;178;186m  [38;2;178;178;187m  [38;2;44;44;46m  
[38;2;44;44;46m  [38;2;179;178;187m              [38;2;41;41;45m██[38;2;90;90;94m██[38;2;169;75;149m██[38;2;125;71;113m██[38;2;118;100;109m██[38;2;146;128;139m██[38;2;160;115;142m██[38;2;167;87;135m██[38;2;135;134;142m██[38;2;152;151;160m██[38;2;126;125;134m██[38;2;131;130;139m██[38;2;101;100;105m  [38;2;179;178;187m        [38;2;44;44;46m  
[38;2;44;44;46m  [38;2;179;178;187m          [38;2;137;136;143m  [38;2;11;11;12m  [38;2;87;86;91m██[38;2;161;160;175m██[38;2;146;85;109m██[38;2;216;88;164m██[38;2;189;85;165m██[38;2;102;79;100m██[38;2;123;86;118m██[38;2;69;62;71m██[38;2;170;169;183m██[38;2;161;160;175m██[38;2;142;141;154m██[38;2;18;17;18m██[38;2;179;178;187m          [38;2;44;44;46m  
[38;2;44;44;46m  [38;2;179;178;187m  [38;2;178;178;186m  [38;2;179;178;187m  [38;2;178;178;186m  [38;2;179;178;187m  [38;2;32;32;37m██[38;2;131;129;150m██[38;2;107;106;116m██[38;2;134;133;140m██[38;2;91;115;120m██[38;2;195;156;190m██[38;2;207;172;202m██[38;2;109;105;130m██[38;2;180;178;193m██[38;2;192;190;203m██[38;2;90;89;94m██[38;2;124;123;133m████[38;2;180;178;193m██[38;2;52;51;57m██[38;2;88;88;93m██[38;2;118;117;123m  [38;2;179;178;187m  [38;2;178;178;186m  [38;2;44;44;46m  
[38;2;44;44;46m  [38;2;179;178;186m  [38;2;179;178;187m  [38;2;179;178;186m  [38;2;179;178;187m  [38;2;179;178;186m  [38;2;25;22;24m██[38;2;71;69;76m██[38;2;193;192;204m████[38;2;171;170;184m██[38;2;81;80;86m██[38;2;93;89;96m██[38;2;185;184;197m██[38;2;157;155;172m██[38;2;80;79;86m██[38;2;193;192;204m██[38;2;195;194;206m██[38;2;99;98;103m██[38;2;100;99;103m██[38;2;193;192;205m██[38;2;196;195;207m██[38;2;133;132;143m  [38;2;135;134;141m  [38;2;179;178;187m  [38;2;44;44;46m  
[38;2;44;44;46m  [38;2;179;178;187m        [38;2;44;44;46m  [38;2;135;133;154m██[38;2;83;82;88m██[38;2;132;131;138m██[38;2;128;127;134m██[38;2;187;186;199m██[38;2;146;149;159m██[38;2;201;200;211m██[38;2;184;182;196m██[38;2;133;132;138m██[38;2;133;132;139m██[38;2;181;180;194m██[38;2;168;166;183m██[38;2;115;114;122m██[38;2;79;78;81m██[38;2;146;145;153m██[38;2;159;158;174m██[38;2;100;99;111m██[38;2;135;134;140m  [38;2;179;178;187m  [38;2;44;44;46m  
[38;2;44;44;46m  [38;2;179;178;187m        [38;2;44;44;46m  [38;2;131;130;151m██[38;2;82;81;87m██[38;2;188;187;200m██[38;2;163;160;178m██[38;2;148;169;183m██[38;2;19;154;185m██[38;2;49;117;135m██[38;2;195;195;207m██[38;2;197;195;208m██[38;2;173;172;187m██[38;2;65;65;65m██[38;2;141;140;152m████[38;2;65;65;65m██[38;2;196;195;207m██[38;2;171;168;185m██[38;2;186;183;197m██[38;2;46;45;49m██[38;2;179;178;187m  [38;2;44;44;46m  
[38;2;44;44;46m  [38;2;179;178;187m  [38;2;179;178;186m  [38;2;179;178;187m  [38;2;179;178;186m  [38;2;179;178;187m  [38;2;32;32;37m██[38;2;122;120;141m██[38;2;91;91;101m██[38;2;182;181;194m██[38;2;104;138;150m██[38;2;20;162;195m██[38;2;42;130;152m██[38;2;181;180;190m██[38;2;180;178;192m██[38;2;142;140;149m██[38;2;138;137;146m██[38;2;129;128;139m██[38;2;108;106;121m██[38;2;116;114;129m██[38;2;187;186;199m████[38;2;191;190;203m██[38;2;44;44;48m██[38;2;179;178;186m  [38;2;44;44;46m  
[38;2;43;43;45m  [38;2;177;176;185m    [38;2;48;47;50m    [38;2;44;44;46m  [38;2;141;140;153m██[38;2;77;75;92m██[38;2;111;109;121m  [38;2;143;142;151m  [38;2;192;191;202m██[38;2;101;100;104m██[38;2;194;193;205m██[38;2;99;98;102m██[38;2;193;192;204m██[38;2;195;193;206m██[38;2;145;142;162m██[38;2;146;143;160m██[38;2;49;48;51m    [38;2;162;161;176m██[38;2;94;93;97m██[38;2;97;94;114m██[38;2;45;45;48m  [38;2;179;178;187m  [38;2;44;44;46m  
[38;2;27;27;28m  [38;2;91;89;92m  [38;2;158;157;165m  [38;2;94;95;96m  [38;2;126;124;139m██[38;2;119;117;125m██[38;2;102;101;108m██[38;2;92;93;97m  [38;2;118;119;123m  [38;2;118;117;123m  [38;2;95;95;100m  [38;2;169;168;179m██[38;2;142;140;156m██[38;2;156;155;168m██[38;2;136;134;152m██[38;2;84;82;93m██[38;2;79;78;85m  [38;2;98;97;102m  [38;2;179;178;187m    [38;2;81;80;84m  [38;2;141;140;150m██[38;2;149;148;161m██[38;2;84;83;88m  [38;2;179;178;187m  [38;2;44;44;46m  
[38;2;49;49;52m██[38;2;121;119;138m██[38;2;4;4;4m██[38;2;66;64;80m██[38;2;154;153;164m██[38;2;63;62;63m██[38;2;53;53;55m  [38;2;179;178;187m    [38;2;170;169;177m  [38;2;24;24;25m██[38;2;147;145;157m██[38;2;160;159;169m██[38;2;142;141;154m██[38;2;129;128;137m██[38;2;130;129;134m  [38;2;170;169;177m  [38;2;179;178;187m      [38;2;176;175;183m  [38;2;51;51;53m  [38;2;73;72;74m██[38;2;22;21;23m██[38;2;170;169;177m  [38;2;44;44;46m  
[38;2;19;18;19m  [38;2;103;101;115m██[38;2;80;79;82m██[38;2;170;169;181m██[38;2;144;142;160m██[38;2;34;34;38m██[38;2;179;178;187m    [38;2;153;152;159m  [38;2;91;90;98m  [38;2;117;116;122m██[38;2;171;170;182m██[38;2;146;145;159m██[38;2;107;106;114m██[38;2;166;165;180m██[38;2;132;131;140m██[38;2;104;104;110m  [38;2;153;152;159m  [38;2;179;178;187m    [38;2;84;84;89m  [38;2;176;175;186m██[38;2;147;145;163m██[38;2;103;100;120m██[38;2;100;101;104m  [38;2;18;18;19m  
[38;2;0;0;0m  [38;2;147;147;156m██[38;2;98;97;102m██[38;2;105;104;122m██[38;2;118;116;127m  [38;2;138;137;144m  [38;2;179;178;187m    [38;2;138;137;144m  [38;2;116;116;127m  [38;2;95;94;100m██[38;2;186;185;197m██[38;2;141;138;152m██[38;2;146;144;155m██[38;2;193;192;204m██[38;2;177;175;189m██[38;2;92;91;107m██[38;2;125;124;131m  [38;2;179;178;187m    [38;2;35;34;40m  [38;2;167;166;178m██[38;2;73;72;74m██[38;2;65;65;65m██[38;2;121;120;131m██[38;2;4;3;4m  
[38;2;27;27;28m  [38;2;84;84;89m  [38;2;62;62;65m██[38;2;88;88;92m  [38;2;127;126;132m  [38;2;179;178;187m      [38;2;151;150;158m  [38;2;92;90;99m  [38;2;146;144;161m██[38;2;129;127;144m██[38;2;104;103;117m██[38;2;138;137;148m██[38;2;123;122;128m██[38;2;182;181;192m██[38;2;178;176;191m██[38;2;46;45;49m██[38;2;179;178;187m    [38;2;136;135;140m  [38;2;115;113;124m██[38;2;115;114;121m██[38;2;103;101;113m██[38;2;143;141;152m██[38;2;46;45;49m██
[38;2;44;44;46m  [38;2;179;178;187m              [38;2;134;133;140m  [38;2;122;120;133m██[38;2;135;133;147m██[38;2;129;128;142m██[38;2;49;49;46m  [38;2;62;61;64m  [38;2;85;84;88m██[38;2;189;188;200m██[38;2;173;171;187m██[38;2;67;66;71m██[38;2;161;160;168m  [38;2;179;178;187m  [38;2;46;46;49m██[38;2;118;116;135m██[38;2;94;93;96m██[38;2;190;189;200m██[38;2;178;176;190m██[38;2;49;48;51m██
[38;2;44;44;46m  [38;2;179;178;187m              [38;2;134;133;140m  [38;2;122;120;133m██[38;2;126;124;143m██[38;2;62;61;70m██[38;2;131;130;137m  [38;2;179;178;187m  [38;2;40;40;44m██[38;2;171;169;185m██[38;2;193;191;204m██[38;2;177;174;190m██[38;2;44;44;46m  [38;2;179;178;187m  [38;2;104;103;108m  [38;2;165;164;174m██[38;2;129;128;134m██[38;2;68;68;71m██[38;2;69;69;73m██[38;2;17;17;18m  
[38;2;44;44;46m  [38;2;179;178;186m              [38;2;41;41;45m██[38;2;91;90;94m██[38;2;112;109;125m██[38;2;118;117;124m  [38;2;179;178;186m    [38;2;141;140;147m  [38;2;125;123;131m  [38;2;155;152;169m██[38;2;45;44;47m██[38;2;157;156;164m  [38;2;179;178;186m    [38;2;66;66;69m  [38;2;28;28;30m  [38;2;141;140;147m  [38;2;179;178;186m  [38;2;44;44;46m  
[38;2;44;44;46m  [38;2;179;178;187m              [38;2;24;24;25m██[38;2;123;121;132m██[38;2;133;131;152m██[38;2;33;32;38m██[38;2;179;178;187m    [38;2;148;147;155m  [38;2;99;97;105m  [38;2;153;151;167m██[38;2;143;140;158m██[38;2;44;44;46m  [38;2;179;178;187m            [38;2;44;44;46m  
[38;2;44;44;46m  [38;2;179;178;187m  [38;2;179;177;187m  [38;2;179;178;187m  [38;2;179;177;187m  [38;2;179;178;187m  [38;2;179;177;187m  [38;2;179;178;187m  [38;2;39;38;43m██[38;2;150;148;167m██[38;2;87;86;99m  [38;2;142;142;149m  [38;2;179;177;187m  [38;2;179;178;187m  [38;2;142;142;149m  [38;2;107;105;116m  [38;2;190;189;202m██[38;2;179;176;191m██[38;2;44;44;46m  [38;2;179;178;187m  [38;2;179;177;187m  [38;2;179;178;187m  [38;2;179;177;187m  [38;2;179;178;187m  [38;2;179;177;187m  [38;2;44;44;46m  
[38;2;44;44;46m  [38;2;179;178;187m            [38;2;83;83;87m  [38;2;73;72;77m██[38;2;143;140;160m██[38;2;44;44;46m  [38;2;179;178;187m        [38;2;44;44;46m  [38;2;165;162;180m██[38;2;190;188;201m██[38;2;48;47;48m  [38;2;147;146;153m  [38;2;179;178;187m          [38;2;44;44;46m  
[38;2;44;44;46m  [38;2;179;178;187m          [38;2;144;143;150m  [38;2;104;102;113m  [38;2;120;118;132m██[38;2;55;55;60m  [38;2;179;178;187m            [38;2;63;63;67m  [38;2;144;142;156m██[38;2;145;143;153m██[38;2;110;109;114m  [38;2;148;147;155m  [38;2;179;178;187m        [38;2;44;44;46m  
[38;2;44;44;46m  [38;2;179;178;186m            [38;2;144;143;150m  [38;2;132;132;138m  [38;2;167;166;174m  [38;2;179;178;186m            [38;2;134;134;140m  [38;2;123;122;132m██[38;2;128;126;144m██[38;2;135;134;146m██[38;2;44;44;46m  [38;2;179;178;186m        [38;2;44;44;46m  [0m
