
[38;2;0;0;0m        [38;2;19;19;7m  [38;2;9;9;3m  [38;2;39;38;15m  [38;2;53;52;20m  [38;2;0;0;0m                                              
[38;2;0;0;0m        [38;2;70;73;19m██[38;2;78;78;52m██[38;2;159;164;57m██[38;2;210;206;87m██[38;2;87;98;24m  [38;2;163;163;67m  [38;2;0;0;0m                                          
[38;2;0;0;0m        [38;2;203;206;70m██[38;2;120;123;60m██[38;2;150;155;62m██[38;2;205;206;77m██[38;2;137;145;56m██[38;2;221;219;90m██[38;2;76;74;50m██[38;2;65;66;20m██[38;2;64;65;20m██[38;2;1;1;0m  [38;2;0;0;0m                                  
[38;2;0;0;0m      [38;2;121;131;29m  [38;2;144;154;51m██[38;2;190;200;54m██[38;2;125;122;74m██[38;2;189;202;51m██[38;2;129;127;75m██[38;2;231;229;93m██[38;2;223;217;90m██[38;2;99;99;66m██[38;2;210;215;66m██[38;2;162;166;54m██[38;2;53;52;53m██[38;2;194;190;76m██[38;2;0;0;0m                              
[38;2;0;0;0m    [38;2;18;19;4m  [38;2;140;152;35m██[38;2;123;130;56m██[38;2;114;120;60m██[38;2;178;183;65m██[38;2;127;125;73m██[38;2;236;230;92m██[38;2;182;177;83m██[38;2;129;126;75m██[38;2;103;107;58m██[38;2;160;172;48m██[38;2;183;198;44m██[38;2;104;109;58m██[38;2;65;64;65m██[38;2;189;199;55m██[38;2;65;67;21m  [38;2;0;0;0m                          
[38;2;0;0;0m    [38;2;150;161;38m██[38;2;165;177;41m██[38;2;143;151;38m██[38;2;181;196;44m██[38;2;143;151;41m██[38;2;187;199;50m██[38;2;87;85;68m██[38;2;67;66;65m██[38;2;167;180;47m██[38;2;86;87;61m██[38;2;75;75;70m██[38;2;88;88;77m██[38;2;191;202;202m██[38;2;65;64;65m██[38;2;134;141;54m██[38;2;180;193;47m██[38;2;25;25;25m  [38;2;0;0;0m                        
[38;2;25;29;29m  [38;2;47;55;55m██[38;2;133;143;35m██[38;2;155;166;40m██[38;2;142;150;43m██[38;2;115;121;56m██[38;2;166;179;47m██[38;2;52;54;46m██[38;2;171;171;73m██[38;2;65;64;65m██[38;2;151;159;83m██[38;2;237;247;247m██[38;2;180;182;186m██[38;2;179;177;179m██[38;2;237;242;242m██[38;2;180;180;180m██[38;2;121;122;66m██[38;2;109;114;57m██[38;2;65;64;65m██[38;2;43;45;12m  [38;2;0;0;0m                      
[38;2;0;0;0m    [38;2;57;64;17m██[38;2;132;139;36m██[38;2;144;154;51m██[38;2;163;176;48m██[38;2;98;106;43m██[38;2;198;199;72m██[38;2;79;82;50m██[38;2;206;200;87m██[38;2;128;142;48m██[38;2;247;248;242m██[38;2;131;141;143m██[38;2;121;117;121m██[38;2;77;77;78m██[38;2;221;215;89m██[38;2;232;228;90m██[38;2;182;197;45m██[38;2;113;119;56m██[38;2;110;116;32m██[38;2;0;0;0m                      
[38;2;0;0;0m    [38;2;96;107;20m██[38;2;148;158;37m██[38;2;159;170;41m██[38;2;183;198;44m██[38;2;116;122;56m  [38;2;71;71;63m██[38;2;167;166;74m██[38;2;185;199;47m██[38;2;183;198;44m██[38;2;120;127;55m██[38;2;88;88;88m██[38;2;117;118;117m██[38;2;91;91;91m██[38;2;183;198;44m██[38;2;170;176;62m██[38;2;66;65;64m██[38;2;88;90;61m██[38;2;96;98;48m██[38;2;40;41;20m██[38;2;0;0;0m        [38;2;204;199;80m██[38;2;172;162;70m██[38;2;79;73;33m██[38;2;97;91;40m██[38;2;181;171;73m██[38;2;0;0;0m  
[38;2;0;0;0m    [38;2;229;228;91m██[38;2;189;200;53m██[38;2;158;173;39m██[38;2;105;121;27m██[38;2;70;73;72m██[38;2;159;171;170m██[38;2;172;182;176m██[38;2;70;69;64m██[38;2;183;198;44m████[38;2;78;79;78m██[38;2;95;97;95m██[38;2;94;96;94m██[38;2;70;69;64m██[38;2;122;128;55m██[38;2;174;188;46m██[38;2;67;66;64m██[38;2;241;242;242m██[38;2;112;123;122m██[38;2;0;0;0m        [38;2;167;176;51m██[38;2;150;152;55m██[38;2;97;82;68m██[38;2;108;96;65m██[38;2;182;196;46m██[38;2;45;48;11m  
[38;2;0;0;0m    [38;2;11;16;10m  [38;2;81;83;45m██[38;2;85;85;83m██[38;2;143;158;157m██[38;2;111;111;113m██[38;2;129;134;135m██[38;2;98;100;100m██[38;2;117;116;117m██[38;2;114;120;56m██[38;2;183;197;44m██[38;2;88;87;88m██[38;2;117;117;117m██[38;2;92;91;92m██[38;2;121;128;55m██[38;2;94;97;60m██[38;2;119;126;55m██[38;2;119;118;119m██[38;2;245;253;253m  [38;2;184;187;186m██[38;2;52;53;15m  [38;2;0;0;0m    [38;2;56;61;13m  [38;2;131;127;59m██[38;2;130;126;59m██[38;2;127;125;61m██[38;2;128;126;61m██[38;2;163;176;40m██[38;2;24;26;6m  
[38;2;0;0;0m    [38;2;18;18;18m██[38;2;110;113;40m██[38;2;65;64;65m██[38;2;108;108;108m██[38;2;117;117;117m██████[38;2;11;11;11m██[38;2;114;120;56m██[38;2;183;198;44m██[38;2;88;87;88m██[38;2;66;65;66m██[38;2;215;227;52m██[38;2;183;198;44m██[38;2;125;133;54m██[38;2;183;198;44m██[38;2;118;124;55m██[38;2;65;64;65m████[38;2;58;57;58m██[38;2;0;0;0m  [38;2;8;8;8m██[38;2;141;150;52m██[38;2;93;76;70m██[38;2;110;99;65m██[38;2;73;72;81m██[38;2;151;161;55m██[38;2;141;153;34m██[38;2;0;0;0m  
[38;2;0;0;0m    [38;2;168;168;168m██[38;2;101;100;101m██[38;2;102;105;44m██[38;2;77;78;77m██[38;2;80;81;80m██[38;2;37;37;37m██[38;2;0;0;0m    [38;2;76;83;18m██[38;2;183;198;44m██[38;2;65;64;65m██[38;2;142;156;38m██[38;2;195;205;56m██[38;2;121;128;55m██[38;2;94;97;59m██[38;2;121;128;55m██[38;2;90;92;60m██[38;2;68;68;69m██[38;2;151;163;164m██[38;2;177;188;189m██[38;2;91;91;91m██[38;2;129;137;54m██[38;2;146;156;51m██[38;2;126;133;54m██[38;2;84;86;61m██[38;2;121;128;55m██[38;2;130;140;89m██[38;2;50;50;25m  [38;2;0;0;0m  
[38;2;0;0;0m    [38;2;199;195;212m██[38;2;95;97;99m██[38;2;66;65;66m██[38;2;89;91;89m██[38;2;95;96;95m██[38;2;12;12;12m██[38;2;0;0;0m    [38;2;73;79;18m  [38;2;72;72;63m██[38;2;155;154;155m██[38;2;247;246;247m██[38;2;92;94;50m██[38;2;183;198;44m██[38;2;122;129;55m██[38;2;68;68;64m██[38;2;118;124;55m██[38;2;113;113;113m██[38;2;120;132;133m██[38;2;108;116;117m██[38;2;134;143;52m██[38;2;168;181;47m██[38;2;70;69;64m████[38;2;143;152;51m██[38;2;86;91;92m██[38;2;224;231;231m██[38;2;188;188;189m  [38;2;0;0;0m  
[38;2;0;0;0m    [38;2;53;55;67m██[38;2;94;95;106m██[38;2;82;79;86m██[38;2;94;97;94m██[38;2;75;77;75m██[38;2;5;5;5m  [38;2;0;0;0m    [38;2;12;11;6m  [38;2;90;89;89m██[38;2;145;143;147m██[38;2;84;72;90m██[38;2;119;116;128m██[38;2;111;115;56m██[38;2;123;129;54m██[38;2;66;65;64m██[38;2;104;106;77m██[38;2;99;102;84m██[38;2;69;67;67m██[38;2;69;69;61m██[38;2;104;108;42m██[38;2;143;152;41m██[38;2;116;122;56m████[38;2;119;131;109m██[38;2;202;216;215m██[38;2;126;128;129m██[38;2;0;1;2m  [38;2;0;0;0m  
[38;2;0;0;0m    [38;2;43;50;50m  [38;2;101;103;118m██[38;2;132;145;154m██[38;2;72;73;75m██[38;2;0;0;0m    [38;2;4;4;1m  [38;2;64;63;56m██[38;2;88;85;37m██[38;2;108;108;106m██[38;2;90;87;93m██[38;2;240;236;248m██[38;2;162;157;176m██[38;2;246;243;255m██[38;2;84;81;89m██[38;2;170;183;48m██[38;2;93;92;93m██[38;2;72;67;43m██[38;2;225;228;73m██[38;2;202;212;56m██[38;2;100;102;47m██[38;2;116;119;37m██[38;2;89;90;62m██[38;2;156;177;176m██[38;2;70;68;70m██[38;2;149;156;156m██[38;2;15;16;17m  [38;2;0;0;0m    
[38;2;0;0;0m        [38;2;55;62;64m██[38;2;143;161;172m██[38;2;0;0;0m    [38;2;46;47;13m██[38;2;120;124;35m██[38;2;88;89;52m██[38;2;68;67;63m██[38;2;110;108;110m██[38;2;138;133;138m██[38;2;150;143;152m██[38;2;145;130;144m██[38;2;161;160;167m██[38;2;74;76;74m██[38;2;82;80;82m██[38;2;204;211;65m██[38;2;234;229;93m██[38;2;201;208;61m██[38;2;110;115;57m██[38;2;96;96;96m██[38;2;101;107;108m██[38;2;191;202;203m██[38;2;114;110;114m██[38;2;20;20;20m  [38;2;0;0;0m      
[38;2;0;0;0m                [38;2;41;41;13m  [38;2;60;58;22m██[38;2;116;120;37m██[38;2;121;125;35m██[38;2;90;90;84m██[38;2;104;105;104m██[38;2;95;94;95m██[38;2;71;70;71m██[38;2;95;95;95m██[38;2;115;116;115m██[38;2;129;137;54m██[38;2;71;71;63m██[38;2;167;180;47m██[38;2;157;169;49m██[38;2;137;146;52m██[38;2;71;70;71m██[38;2;108;107;108m██[38;2;86;85;86m  [38;2;0;0;0m          
[38;2;0;0;0m                [38;2;0;2;1m  [38;2;74;75;49m██[38;2;89;92;64m██[38;2;119;123;37m██[38;2;75;77;28m██[38;2;0;2;0m  [38;2;40;40;40m██████[38;2;116;115;116m██[38;2;129;137;54m██[38;2;69;69;64m██[38;2;97;100;59m██[38;2;134;142;53m██[38;2;137;146;52m██[38;2;61;60;61m██[38;2;14;14;14m  [38;2;0;0;0m            
[38;2;0;0;0m                [38;2;73;85;84m██[38;2;84;93;92m██[38;2;133;136;128m██[38;2;116;120;36m██[38;2;98;100;28m██[38;2;3;3;0m  [38;2;0;0;0m      [38;2;1;1;1m  [38;2;114;121;52m██[38;2;91;94;60m██[38;2;113;119;52m██[38;2;163;173;50m██[38;2;132;141;48m██[38;2;28;32;5m  [38;2;0;0;0m              
[38;2;0;0;0m                [38;2;36;42;42m██[38;2;46;54;53m██[38;2;35;41;41m██[38;2;34;35;11m██[38;2;0;0;0m            [38;2;107;109;107m██[38;2;133;143;37m██[38;2;152;156;127m██[38;2;80;81;37m██[38;2;171;176;125m██[38;2;73;84;17m██[38;2;0;4;2m  [38;2;0;0;0m            
[38;2;0;0;0m                                  [38;2;6;6;6m  [38;2;199;199;199m██[38;2;47;55;55m██[38;2;201;210;210m██[38;2;186;186;186m██[38;2;142;145;142m██[38;2;173;173;173m  [38;2;0;0;0m              
[38;2;0;0;0m                                        [38;2;38;38;38m  [38;2;0;0;0m                    [0m
