
[38;2;0;0;0m                      [38;2;67;67;67m  [38;2;0;0;0m                          
[38;2;0;0;0m  [38;2;131;48;64m  [38;2;168;62;83m      [38;2;23;8;11m  [38;2;118;23;51m  [38;2;151;55;74m  [38;2;168;62;83m    [38;2;90;33;44m  [38;2;249;249;249m██[38;2;0;0;0m                          
[38;2;0;0;0m  [38;2;162;60;80m  [38;2;208;77;103m  [38;2;208;77;102m  [38;2;208;77;103m  [38;2;29;10;14m  [38;2;146;29;63m██[38;2;187;69;92m  [38;2;208;77;102m  [38;2;208;77;103m  [38;2;114;67;76m  [38;2;251;251;251m██[38;2;0;0;0m                          
[38;2;0;0;0m  [38;2;162;60;80m  [38;2;208;77;103m    [38;2;145;53;72m  [38;2;182;36;79m  [38;2;146;29;63m██[38;2;187;69;92m  [38;2;130;48;64m  [38;2;196;72;97m  [38;2;117;117;117m██[38;2;255;255;255m██[38;2;32;32;32m  [38;2;0;0;0m                        
[38;2;0;0;0m  [38;2;162;60;80m  [38;2;208;77;103m    [38;2;137;50;67m  [38;2;202;40;87m██[38;2;79;29;39m  [38;2;208;77;103m  [38;2;112;80;87m  [38;2;110;110;110m██[38;2;183;188;188m██[38;2;255;255;255m██[38;2;161;161;161m██[38;2;0;0;0m                        
[38;2;0;0;0m  [38;2;162;60;80m  [38;2;208;77;103m    [38;2;82;17;35m  [38;2;234;46;101m██[38;2;79;29;39m  [38;2;208;77;103m  [38;2;120;44;59m  [38;2;239;239;239m██[38;2;252;252;252m██[38;2;255;255;255m██[38;2;102;102;102m██[38;2;0;0;0m                        
[38;2;23;7;8m  [38;2;182;66;87m  [38;2;208;77;103m    [38;2;80;15;34m██[38;2;236;47;102m██[38;2;62;37;42m  [38;2;104;38;51m  [38;2;208;77;103m  [38;2;12;4;6m  [38;2;255;255;255m██[38;2;174;112;117m██[38;2;86;55;57m██[38;2;89;27;32m  [38;2;41;12;14m  [38;2;104;104;104m██[38;2;82;82;82m██[38;2;89;27;32m        [38;2;73;22;26m  [38;2;0;0;0m      
[38;2;45;13;16m  [38;2;45;14;17m  [38;2;202;74;100m  [38;2;37;13;18m  [38;2;236;47;102m██[38;2;96;70;77m██[38;2;216;65;80m████[38;2;6;2;2m██[38;2;233;233;233m██[38;2;80;72;75m██[38;2;207;66;79m██[38;2;216;65;80m██[38;2;8;2;3m██[38;2;43;41;41m██[38;2;196;196;196m██[38;2;83;80;80m  [38;2;179;55;64m  [38;2;68;20;24m  [38;2;30;13;15m  [38;2;63;22;25m  [38;2;32;10;11m██[38;2;51;13;16m██[38;2;0;0;0m    
[38;2;0;0;0m  [38;2;196;68;106m██[38;2;26;9;13m  [38;2;50;40;42m  [38;2;236;47;102m██[38;2;96;70;77m██[38;2;216;65;80m██[38;2;142;70;76m██[38;2;148;65;82m██[38;2;167;58;90m██[38;2;142;62;85m██[38;2;155;69;77m██[38;2;216;65;80m██[38;2;215;65;80m██[38;2;162;54;63m██[38;2;121;121;121m██[38;2;122;49;55m  [38;2;179;55;64m  [38;2;68;20;24m  [38;2;185;185;185m  [38;2;168;168;168m██[38;2;197;103;111m██[38;2;222;185;188m██[38;2;87;91;91m██[38;2;38;38;38m  
[38;2;5;1;1m  [38;2;178;62;96m  [38;2;126;73;80m██[38;2;111;70;77m██[38;2;229;48;100m██[38;2;94;70;77m██[38;2;92;70;77m██[38;2;221;49;99m██[38;2;217;50;98m██[38;2;98;71;76m██[38;2;140;70;76m██[38;2;199;66;79m██[38;2;207;66;79m██[38;2;215;66;80m  [38;2;215;65;80m██[38;2;200;66;79m██[38;2;90;27;33m██[38;2;179;55;64m  [38;2;68;20;24m  [38;2;197;197;197m██[38;2;198;187;188m██[38;2;204;61;74m██[38;2;224;191;193m██[38;2;248;248;248m██[38;2;58;58;58m  
[38;2;46;14;16m  [38;2;39;12;14m  [38;2;198;83;118m██[38;2;206;51;96m██[38;2;180;56;92m██[38;2;165;58;89m██[38;2;236;47;102m██[38;2;140;62;85m██[38;2;141;52;59m██[38;2;213;66;79m██[38;2;193;67;79m██[38;2;166;68;77m██[38;2;145;69;77m██[38;2;214;66;79m██[38;2;123;71;76m██[38;2;161;66;74m██[38;2;99;30;35m  [38;2;179;55;64m  [38;2;141;43;50m  [38;2;86;86;86m██[38;2;209;110;119m██[38;2;182;73;82m██[38;2;248;248;248m██[38;2;68;68;68m  [38;2;0;0;0m  
[38;2;46;14;16m  [38;2;70;23;29m  [38;2;213;63;108m██[38;2;236;47;102m████[38;2;209;51;97m██[38;2;106;85;85m██[38;2;240;240;240m██[38;2;176;41;52m██[38;2;215;65;80m██[38;2;161;31;41m██[38;2;188;66;78m██[38;2;145;69;77m██[38;2;103;73;75m██[38;2;223;102;113m██[38;2;195;194;194m  [38;2;118;36;42m  [38;2;179;55;64m    [38;2;27;27;27m██[38;2;209;110;119m██[38;2;167;64;72m██[38;2;220;220;220m██[38;2;0;0;0m    
[38;2;46;14;16m  [38;2;201;72;94m  [38;2;125;43;60m  [38;2;204;40;88m██[38;2;195;53;95m██[38;2;33;26;28m██[38;2;252;173;165m██[38;2;184;102;108m██[38;2;205;59;72m██[38;2;216;65;80m██[38;2;141;51;59m██[38;2;176;68;78m██[38;2;211;136;143m██[38;2;242;202;206m██[38;2;93;93;93m██[38;2;134;41;47m  [38;2;179;55;64m      [38;2;120;41;47m  [38;2;160;61;70m██[38;2;197;170;172m██[38;2;20;20;20m  [38;2;0;0;0m    
[38;2;46;14;16m  [38;2;142;43;50m  [38;2;62;23;27m██[38;2;107;69;72m██[38;2;124;55;60m██[38;2;220;54;58m██[38;2;218;102;105m██[38;2;172;50;59m██[38;2;215;65;80m██[38;2;152;25;34m██[38;2;206;146;152m██[38;2;239;239;239m██[38;2;255;255;255m██[38;2;123;121;121m██[38;2;201;88;90m██[38;2;10;3;3m  [38;2;179;55;64m  [38;2;180;55;64m  [38;2;179;55;64m  [38;2;121;37;43m  [38;2;123;37;45m██[38;2;72;22;25m  [38;2;53;16;19m  [38;2;0;0;0m    
[38;2;46;14;16m  [38;2;39;12;14m  [38;2;186;54;64m██[38;2;177;47;57m██[38;2;223;80;93m██[38;2;214;64;78m██[38;2;202;57;70m██[38;2;214;65;79m██[38;2;216;65;80m██[38;2;203;58;71m██[38;2;146;81;87m██[38;2;240;240;240m██[38;2;208;208;208m██[38;2;110;107;108m██[38;2;215;146;120m██[38;2;58;56;56m  [38;2;118;36;42m  [38;2;179;55;64m    [38;2;30;9;11m██[38;2;73;22;27m██[38;2;179;55;64m  [38;2;53;16;19m  [38;2;0;0;0m    
[38;2;0;0;0m  [38;2;154;144;114m██[38;2;177;165;133m██[38;2;130;122;102m██[38;2;162;120;103m██[38;2;196;60;69m██[38;2;215;65;80m████[38;2;216;65;80m██[38;2;169;68;78m██[38;2;150;93;89m██[38;2;130;122;102m██[38;2;192;192;192m██[38;2;132;120;101m██[38;2;189;67;78m██[38;2;129;73;77m  [38;2;93;49;44m██[38;2;179;55;64m  [38;2;141;43;50m  [38;2;65;22;25m██[38;2;155;130;106m██[38;2;32;9;11m  [38;2;53;16;19m  [38;2;0;0;0m    
[38;2;0;0;0m  [38;2;62;62;62m██[38;2;208;210;208m██[38;2;136;140;133m██[38;2;170;165;141m██[38;2;229;194;143m██[38;2;178;42;53m██[38;2;216;65;80m██[38;2;190;50;62m██[38;2;196;64;76m██[38;2;150;77;81m██[38;2;92;90;83m██[38;2;219;196;146m██[38;2;235;210;154m██[38;2;149;69;77m██[38;2;217;74;84m██[38;2;137;127;103m██[38;2;20;6;7m  [38;2;48;42;43m  [38;2;169;44;52m██[38;2;161;46;54m██[38;2;32;9;11m  [38;2;53;16;19m  [38;2;0;0;0m    
[38;2;29;15;16m██[38;2;101;33;38m██[38;2;66;29;31m  [38;2;107;64;79m██[38;2;187;150;164m  [38;2;127;114;91m██[38;2;146;108;79m██[38;2;206;63;76m██[38;2;108;58;62m██[38;2;74;24;28m  [38;2;94;54;58m██[38;2;155;69;77m██[38;2;130;93;82m██[38;2;196;176;123m██[38;2;231;167;132m██[38;2;207;66;79m██[38;2;161;105;96m██[38;2;83;70;71m██[38;2;169;44;52m██[38;2;86;78;74m██[38;2;120;52;47m██[38;2;94;28;33m  [38;2;53;16;19m  [38;2;0;0;0m    
[38;2;43;11;13m██[38;2;37;9;11m██[38;2;177;54;63m  [38;2;33;11;13m  [38;2;188;92;108m██[38;2;248;145;128m██[38;2;109;102;83m██[38;2;87;80;76m██[38;2;74;23;27m  [38;2;179;54;63m  [38;2;106;95;70m██[38;2;231;207;152m██[38;2;145;69;77m██[38;2;83;82;78m██[38;2;238;212;156m██[38;2;87;73;74m██[38;2;226;151;123m██[38;2;74;73;73m██[38;2;134;54;60m██[38;2;153;49;56m██[38;2;26;24;24m██[38;2;179;55;64m  [38;2;53;16;19m  [38;2;0;0;0m    
[38;2;21;5;6m  [38;2;113;50;55m██[38;2;52;34;35m  [38;2;16;4;5m  [38;2;255;147;131m██[38;2;212;112;116m██[38;2;136;126;105m██[38;2;23;21;15m██[38;2;179;55;64m    [38;2;103;63;53m  [38;2;199;179;126m██[38;2;131;90;81m██[38;2;145;71;77m██[38;2;180;163;121m██[38;2;226;135;115m██[38;2;174;68;78m██[38;2;119;105;83m██[38;2;119;91;77m██[38;2;145;37;45m██[38;2;118;36;42m  [38;2;179;55;64m  [38;2;53;16;19m  [38;2;0;0;0m    
[38;2;46;14;16m  [38;2;45;13;16m  [38;2;162;42;50m██[38;2;160;66;94m██[38;2;249;145;129m██[38;2;166;76;101m██[38;2;175;160;124m██[38;2;13;8;9m██[38;2;76;23;27m  [38;2;179;54;63m  [38;2;100;30;35m  [38;2;224;200;147m  [38;2;155;143;115m██[38;2;167;44;53m██[38;2;162;149;118m██[38;2;230;199;148m██[38;2;133;72;76m██[38;2;168;44;53m██[38;2;163;43;52m██[38;2;31;9;11m  [38;2;179;55;64m  [38;2;180;55;64m  [38;2;53;16;19m  [38;2;0;0;0m    
[38;2;46;14;16m  [38;2;179;55;64m  [38;2;72;22;25m  [38;2;201;189;162m██[38;2;164;123;113m██[38;2;175;162;167m██[38;2;159;143;108m██[38;2;67;19;23m██[38;2;82;21;25m██[38;2;77;23;27m  [38;2;179;55;64m  [38;2;3;1;1m  [38;2;108;103;91m██[38;2;114;61;65m██[38;2;136;97;87m██[38;2;125;116;87m██[38;2;148;134;93m██[38;2;152;96;74m██[38;2;76;31;34m  [38;2;179;55;64m      [38;2;53;16;19m  [38;2;0;0;0m    
[38;2;46;14;16m  [38;2;179;55;64m    [38;2;49;15;17m  [38;2;85;68;51m  [38;2;210;188;137m██[38;2;81;24;28m  [38;2;179;55;64m  [38;2;113;34;40m  [38;2;20;6;7m  [38;2;179;55;64m    [38;2;82;68;47m  [38;2;75;73;73m██[38;2;117;60;64m██[38;2;162;146;97m██[38;2;145;130;86m██[38;2;36;11;13m  [38;2;167;51;59m  [38;2;162;49;57m  [38;2;179;55;64m    [38;2;53;16;19m  [38;2;0;0;0m    
[38;2;46;14;16m  [38;2;179;55;64m  [38;2;179;54;64m  [38;2;179;55;64m  [38;2;158;48;56m  [38;2;117;35;41m  [38;2;179;55;64m    [38;2;180;55;64m  [38;2;179;55;64m      [38;2;148;45;52m  [38;2;26;25;25m██[38;2;100;36;40m██[38;2;60;50;34m  [38;2;117;35;41m  [38;2;168;51;59m  [38;2;92;25;29m  [38;2;25;7;8m  [38;2;179;55;64m    [38;2;53;16;19m  [38;2;0;0;0m    
[38;2;46;14;16m  [38;2;179;55;64m    [38;2;180;55;64m    [38;2;179;55;64m      [38;2;180;55;64m  [38;2;179;55;64m      [38;2;180;55;64m  [38;2;177;54;62m  [38;2;48;37;37m  [38;2;130;33;40m██[38;2;32;8;10m██[38;2;42;11;13m██[38;2;73;20;23m  [38;2;179;55;64m  [38;2;180;55;64m    [38;2;53;16;19m  [38;2;0;0;0m    
[38;2;12;3;4m  [38;2;48;14;17m                          [38;2;22;6;7m  [38;2;2;0;0m  [38;2;45;11;14m██[38;2;40;10;12m  [38;2;30;9;10m  [38;2;48;14;17m      [38;2;14;4;5m  [38;2;0;0;0m    [0m
