
[38;2;15;14;15m  [38;2;60;59;61m                  [38;2;45;44;46m  [38;2;43;42;44m  [38;2;15;14;15m  [38;2;60;59;61m        [38;2;15;14;15m  
[38;2;55;54;56m  [38;2;223;218;226m  [38;2;223;218;227m  [38;2;223;218;226m  [38;2;223;218;227m  [38;2;223;218;226m  [38;2;223;218;227m  [38;2;223;218;226m  [38;2;223;218;227m  [38;2;86;84;87m  [38;2;74;72;75m  [38;2;205;200;209m██[38;2;55;54;56m  [38;2;223;218;226m  [38;2;223;218;227m  [38;2;223;218;226m  [38;2;223;218;227m  [38;2;55;54;56m  
[38;2;55;54;56m  [38;2;223;218;227m  [38;2;141;138;144m        [38;2;223;218;227m  [38;2;162;158;165m  [38;2;125;123;128m  [38;2;180;176;184m██[38;2;207;202;211m██[38;2;176;171;180m██[38;2;81;79;83m  [38;2;202;198;206m  [38;2;223;218;227m      [38;2;55;54;56m  
[38;2;5;4;5m  [38;2;20;19;20m  [38;2;192;188;196m██[38;2;222;220;222m████[38;2;192;188;196m██[38;2;20;19;20m  [38;2;120;117;123m  [38;2;197;192;201m██[38;2;215;210;219m██[38;2;171;166;175m██[38;2;94;91;93m██[38;2;127;123;130m██[38;2;167;163;170m  [38;2;223;218;227m      [38;2;55;54;56m  
[38;2;48;47;49m██[38;2;194;189;198m██[38;2;145;142;147m████[38;2;213;208;217m██████[38;2;211;207;216m██[38;2;225;222;227m██[38;2;178;174;182m██[38;2;150;145;153m██[38;2;34;32;31m██[38;2;146;142;150m██[38;2;110;107;112m  [38;2;223;218;227m      [38;2;55;54;56m  
[38;2;0;0;0m  [38;2;127;123;130m██[38;2;170;165;174m██[38;2;167;162;171m██[38;2;65;65;65m████[38;2;211;207;216m██[38;2;244;243;245m██[38;2;255;255;255m████[38;2;164;160;167m██[38;2;167;163;170m  [38;2;42;41;43m████[38;2;223;218;227m      [38;2;55;54;56m  
[38;2;55;54;56m  [38;2;146;143;149m  [38;2;91;86;89m██[38;2;122;118;123m██[38;2;169;164;173m██[38;2;169;163;173m██[38;2;122;119;124m██[38;2;126;123;127m██[38;2;173;172;173m██[38;2;216;212;220m██[38;2;211;207;216m██[38;2;139;136;141m██[38;2;81;78;79m██[38;2;155;151;159m██[38;2;55;54;56m  [38;2;223;218;227m  [38;2;223;218;226m  [38;2;55;54;56m  
[38;2;55;54;56m    [38;2;210;205;214m██[38;2;209;205;213m██[38;2;82;75;77m██[38;2;178;173;180m██[38;2;201;196;205m██[38;2;199;194;202m██[38;2;171;167;175m██[38;2;133;130;136m██[38;2;208;203;212m██[38;2;213;209;218m██[38;2;145;141;148m██[38;2;139;135;142m██[38;2;131;127;134m██[38;2;155;152;158m  [38;2;223;218;227m  [38;2;55;54;56m  
[38;2;20;19;20m  [38;2;122;120;125m  [38;2;159;157;162m██[38;2;148;110;117m██[38;2;231;182;188m██[38;2;186;151;156m██[38;2;142;139;144m██[38;2;224;220;227m██[38;2;228;225;230m██[38;2;150;146;153m██[38;2;124;120;126m██[38;2;185;180;189m██[38;2;169;164;173m██[38;2;91;89;92m██[38;2;117;114;124m██[38;2;124;120;127m██[38;2;116;113;118m  [38;2;55;54;56m  
[38;2;11;11;11m  [38;2;172;168;175m██[38;2;102;101;108m██[38;2;230;197;201m██[38;2;228;186;191m██[38;2;94;78;76m██[38;2;64;62;63m██[38;2;163;158;164m██[38;2;215;210;219m██[38;2;189;184;193m██[38;2;143;139;146m██[38;2;129;125;131m██[38;2;169;164;173m████[38;2;49;46;52m  [38;2;117;112;117m  [38;2;127;123;130m██[38;2;0;0;0m  
[38;2;55;55;56m██[38;2;214;210;218m██[38;2;98;90;93m██[38;2;223;181;186m██[38;2;180;146;149m██[38;2;52;52;52m██[38;2;189;154;158m██[38;2;108;97;99m██[38;2;217;212;220m██[38;2;214;210;218m██[38;2;168;164;171m██[38;2;122;119;124m██[38;2;169;164;173m██[38;2;169;163;173m██[38;2;55;54;56m    [38;2;158;153;162m██[38;2;30;29;31m  
[38;2;54;51;53m██[38;2;219;206;213m██[38;2;175;171;180m██[38;2;169;139;145m██[38;2;231;177;184m██[38;2;204;161;166m██[38;2;173;141;146m██[38;2;186;182;189m██[38;2;211;207;216m████[38;2;219;206;213m██[38;2;90;87;89m██[38;2;60;59;61m    [38;2;223;218;227m    [38;2;53;52;54m████
[38;2;10;9;9m  [38;2;194;150;165m██[38;2;207;202;211m██[38;2;101;99;101m██[38;2;184;120;127m██[38;2;164;158;164m██[38;2;194;189;197m██[38;2;214;209;218m██[38;2;230;200;205m████[38;2;239;197;202m██[38;2;62;48;50m██[38;2;223;218;227m      [38;2;86;84;87m  [38;2;143;139;146m██[38;2;53;52;54m██
[38;2;20;19;20m  [38;2;138;109;120m  [38;2;206;186;193m██[38;2;184;159;167m██[38;2;113;92;95m██[38;2;164;126;132m██[38;2;207;181;190m██[38;2;238;198;203m██[38;2;242;196;201m██[38;2;251;192;200m██[38;2;231;173;181m██[38;2;101;89;93m  [38;2;223;218;227m  [38;2;162;158;165m  [38;2;92;69;72m██[38;2;128;108;112m██[38;2;126;123;127m  [38;2;20;19;20m  
[38;2;55;54;56m  [38;2;207;203;211m  [38;2;73;46;56m██[38;2;240;175;185m██[38;2;199;153;160m██[38;2;212;162;169m██[38;2;255;192;199m████[38;2;255;191;199m██[38;2;81;60;63m██[38;2;68;62;65m  [38;2;217;213;221m  [38;2;172;168;175m  [38;2;50;49;50m  [38;2;255;192;199m██[38;2;209;146;158m██[38;2;61;57;56m  [38;2;55;54;56m  
[38;2;55;54;56m  [38;2;223;218;227m  [38;2;167;163;170m  [38;2;177;93;123m██[38;2;144;94;111m██[38;2;150;119;128m██[38;2;255;192;199m██[38;2;239;169;184m██[38;2;113;76;84m██[38;2;98;96;100m  [38;2;197;193;201m  [38;2;103;101;105m  [38;2;126;123;128m██[38;2;211;207;216m██[38;2;148;128;133m██[38;2;165;106;126m██[38;2;131;128;134m  [38;2;55;54;56m  
[38;2;55;54;56m  [38;2;223;218;227m    [38;2;55;54;56m  [38;2;240;140;173m██[38;2;255;191;200m██[38;2;255;192;199m██[38;2;220;147;157m██[38;2;117;76;86m██[38;2;231;127;159m██[38;2;55;54;56m    [38;2;65;65;65m██[38;2;177;173;180m██[38;2;201;196;205m██[38;2;42;40;43m██[38;2;223;218;227m  [38;2;55;54;56m  
[38;2;55;54;56m  [38;2;223;218;227m  [38;2;167;163;170m  [38;2;176;95;122m██[38;2;154;105;123m██[38;2;142;113;117m██[38;2;177;139;144m██[38;2;236;167;176m██[38;2;252;183;195m██[38;2;234;135;166m██[38;2;177;93;123m██[38;2;76;74;77m  [38;2;135;132;138m██[38;2;73;70;71m██[38;2;102;98;101m██[38;2;111;108;112m  [38;2;223;218;227m  [38;2;55;54;56m  
[38;2;55;54;56m  [38;2;223;218;227m    [38;2;73;70;73m  [38;2;113;97;105m██[38;2;121;120;121m██[38;2;237;179;187m██[38;2;127;99;103m██[38;2;232;165;179m██[38;2;227;130;164m██[38;2;165;89;117m  [38;2;172;168;175m  [38;2;22;20;20m  [38;2;47;45;44m  [38;2;129;124;130m██[38;2;169;164;170m  [38;2;223;218;227m  [38;2;55;54;56m  
[38;2;55;54;56m  [38;2;223;218;227m      [38;2;125;122;127m  [38;2;172;168;175m██[38;2;154;150;157m██[38;2;192;187;195m██[38;2;159;150;156m██[38;2;138;122;125m██[38;2;51;50;52m  [38;2;187;183;190m  [38;2;223;218;227m  [38;2;162;158;165m  [38;2;81;79;83m  [38;2;202;198;206m  [38;2;223;218;227m  [38;2;55;54;56m  
[38;2;55;54;56m  [38;2;223;218;227m      [38;2;72;70;73m  [38;2;167;163;171m██[38;2;82;81;83m  [38;2;205;202;207m██[38;2;117;115;128m██[38;2;170;166;174m██[38;2;167;163;171m██[38;2;72;70;73m  [38;2;223;218;227m          [38;2;55;54;56m  
[38;2;15;14;15m  [38;2;60;59;61m      [38;2;45;44;46m  [38;2;0;0;0m  [38;2;45;44;46m  [38;2;52;52;52m  [38;2;56;56;56m██[38;2;4;4;4m  [38;2;0;0;0m  [38;2;45;44;46m  [38;2;60;59;61m          [38;2;15;14;15m  [0m
