
[38;2;13;13;14m  [38;2;55;54;56m                        [38;2;13;13;14m  [38;2;14;13;14m  [38;2;49;48;50m██[38;2;13;13;14m  [38;2;55;54;56m                [38;2;13;13;14m  
[38;2;55;54;56m  [38;2;223;218;227m                      [38;2;181;177;184m  [38;2;134;131;137m  [38;2;165;161;168m██[38;2;149;144;153m██[38;2;121;118;124m  [38;2;181;177;184m  [38;2;223;218;227m              [38;2;55;54;56m  
[38;2;55;54;56m  [38;2;223;218;227m                  [38;2;209;204;212m  [38;2;82;80;83m  [38;2;93;91;95m██[38;2;212;207;216m██[38;2;194;189;198m██[38;2;91;89;92m██[38;2;122;112;120m██[38;2;140;130;138m  [38;2;223;218;227m              [38;2;55;54;56m  
[38;2;55;54;56m  [38;2;223;218;227m  [38;2;181;177;184m  [38;2;55;54;56m    [38;2;181;177;184m  [38;2;223;218;227m        [38;2;82;80;83m  [38;2;199;195;203m██[38;2;212;207;216m██[38;2;211;206;215m██[38;2;150;146;153m██[38;2;165;106;125m██[38;2;201;114;143m██[38;2;96;67;78m██[38;2;97;95;99m  [38;2;223;218;227m            [38;2;55;54;56m  
[38;2;41;40;42m  [38;2;82;80;83m  [38;2;90;88;92m██[38;2;203;198;207m██[38;2;206;201;210m██[38;2;94;91;95m██[38;2;82;80;83m  [38;2;209;204;212m  [38;2;136;132;138m  [38;2;50;48;51m██[38;2;214;209;218m██[38;2;212;207;216m████[38;2;180;175;184m██[38;2;144;140;147m██[38;2;158;99;118m██[38;2;190;110;136m██[38;2;117;94;104m██[38;2;137;133;141m██[38;2;136;132;138m  [38;2;223;218;227m          [38;2;55;54;56m  
[38;2;0;0;0m  [38;2;161;157;164m██[38;2;208;203;212m██[38;2;202;197;206m██[38;2;171;166;175m██[38;2;180;175;184m██[38;2;201;196;205m██[38;2;82;80;83m  [38;2;171;167;174m██[38;2;208;203;212m██[38;2;212;207;216m██[38;2;211;207;216m██[38;2;204;199;208m██[38;2;171;166;175m██[38;2;96;93;97m██[38;2;134;130;137m██[38;2;144;140;147m██[38;2;163;158;167m██[38;2;169;163;173m██[38;2;42;40;43m██[38;2;223;218;227m          [38;2;55;54;56m  
[38;2;52;51;54m██[38;2;212;207;216m████[38;2;211;206;215m██[38;2;192;187;196m██[38;2;169;163;172m██[38;2;172;167;176m██[38;2;208;203;212m██[38;2;159;154;163m██[38;2;208;203;212m██[38;2;212;207;216m██[38;2;211;206;215m██[38;2;192;187;196m██[38;2;169;163;172m██[38;2;80;78;81m██[38;2;121;117;126m██[38;2;159;154;163m██[38;2;169;163;172m██[38;2;150;145;154m██[38;2;129;124;133m██[38;2;55;54;56m  [38;2;223;218;227m        [38;2;55;54;56m  
[38;2;13;13;13m  [38;2;178;175;181m██[38;2;211;206;215m██[38;2;187;182;191m██[38;2;194;189;198m██[38;2;168;163;172m██[38;2;165;160;169m██[38;2;148;143;152m██[38;2;209;204;213m████[38;2;211;206;215m████[38;2;168;163;172m██[38;2;111;108;113m██[38;2;111;107;114m██[38;2;121;117;126m██[38;2;124;119;128m██[38;2;133;128;137m██[38;2;132;127;136m██[38;2;169;164;173m██[38;2;109;105;111m  [38;2;181;177;184m  [38;2;223;218;227m      [38;2;55;54;56m  
[38;2;13;14;14m  [38;2;97;95;100m  [38;2;193;188;197m██[38;2;169;164;173m██[38;2;157;152;161m██[38;2;139;134;143m██[38;2;133;129;138m██[38;2;149;144;153m██[38;2;138;133;142m██[38;2;207;202;211m██[38;2;203;198;207m██[38;2;155;150;159m██[38;2;152;147;155m██[38;2;74;71;73m██[38;2;64;62;66m  [38;2;103;99;105m██[38;2;122;117;126m██[38;2;121;116;125m██[38;2;60;58;59m██[38;2;149;144;153m██[38;2;169;164;173m██[38;2;74;71;75m██[38;2;73;71;75m  [38;2;209;204;212m  [38;2;223;218;227m  [38;2;55;54;56m  
[38;2;55;54;56m  [38;2;181;177;184m  [38;2;74;72;76m██[38;2;142;137;146m██[38;2;156;151;160m██[38;2;165;160;169m██[38;2;111;108;113m██[38;2;159;154;163m██[38;2;137;132;142m██[38;2;154;150;159m██[38;2;187;182;191m██[38;2;213;209;218m██[38;2;179;174;182m██[38;2;102;97;103m██[38;2;83;81;85m  [38;2;58;54;53m  [38;2;77;75;77m██[38;2;46;42;42m██[38;2;167;163;170m  [38;2;73;71;75m  [38;2;169;164;173m██[38;2;169;163;173m██[38;2;159;154;163m██[38;2;73;71;75m  [38;2;223;218;227m  [38;2;55;54;56m  
[38;2;55;54;56m  [38;2;223;218;227m  [38;2;136;132;138m  [38;2;137;133;140m██[38;2;163;158;167m██[38;2;121;105;109m██[38;2;216;147;157m██[38;2;162;149;157m██[38;2;203;198;207m██[38;2;131;128;132m██[38;2;144;140;147m██[38;2;162;157;166m██[38;2;169;163;172m████[38;2;138;134;141m██[38;2;79;78;80m██[38;2;107;103;110m██[38;2;43;40;39m██[38;2;181;177;184m  [38;2;223;218;227m  [38;2;55;54;56m  [38;2;109;106;112m  [38;2;169;163;172m██[38;2;169;164;173m██[38;2;55;54;56m    
[38;2;55;54;56m  [38;2;223;218;227m  [38;2;50;49;51m██[38;2;178;173;182m██[38;2;72;71;73m██[38;2;195;136;144m██[38;2;222;160;172m██[38;2;49;43;48m██[38;2;125;122;128m██[38;2;212;207;216m██[38;2;177;173;180m██[38;2;113;110;114m██[38;2;111;108;113m██[38;2;169;164;173m██[38;2;170;165;174m████[38;2;144;140;146m██[38;2;141;137;144m██[38;2;51;48;50m  [38;2;184;178;184m  [38;2;223;218;227m  [38;2;181;177;184m  [38;2;74;71;75m██[38;2;169;164;173m██[38;2;109;105;111m  [38;2;13;13;14m  
[38;2;55;54;56m    [38;2;209;204;213m██[38;2;183;178;187m██[38;2;122;120;124m██[38;2;237;179;188m██[38;2;207;151;159m██[38;2;153;146;157m██[38;2;134;131;137m██[38;2;212;207;216m██[38;2;141;136;145m██[38;2;177;172;181m██[38;2;169;165;172m██[38;2;94;92;95m██[38;2;86;84;86m██[38;2;77;75;76m██[38;2;120;115;124m██[38;2;121;117;126m██[38;2;136;132;140m██[38;2;15;15;16m██[38;2;223;218;227m    [38;2;167;163;170m  [38;2;123;120;126m██[38;2;134;130;137m██[38;2;10;10;10m  
[38;2;55;54;56m    [38;2;156;151;160m██[38;2;206;201;210m██[38;2;162;157;165m██[38;2;112;97;100m██[38;2;203;107;116m██[38;2;108;82;91m██[38;2;160;155;164m██[38;2;162;157;166m██[38;2;208;203;212m██[38;2;167;162;171m██[38;2;153;148;157m██[38;2;188;183;192m██[38;2;167;162;170m██[38;2;96;94;98m██[38;2;121;116;126m██[38;2;53;51;55m██[38;2;87;84;88m██[38;2;95;91;98m██[38;2;97;95;99m  [38;2;223;218;227m  [38;2;209;204;212m  [38;2;75;73;76m  [38;2;199;194;203m██[38;2;42;41;43m██
[38;2;55;54;56m  [38;2;223;218;227m  [38;2;48;46;49m██[38;2;148;143;152m██[38;2;215;210;219m██[38;2;103;101;104m██[38;2;152;147;156m██[38;2;165;160;169m██[38;2;103;100;101m██[38;2;187;182;191m██[38;2;146;141;150m██[38;2;208;203;212m██[38;2;145;140;149m██[38;2;198;193;202m██[38;2;231;127;159m██[38;2;94;68;76m██[38;2;55;54;56m  [38;2;181;177;184m  [38;2;64;62;66m  [38;2;114;109;118m██[38;2;64;62;66m  [38;2;209;204;212m  [38;2;223;218;227m  [38;2;55;54;56m  [38;2;215;210;219m██[38;2;53;52;54m██
[38;2;55;54;56m  [38;2;223;218;227m  [38;2;132;129;134m  [38;2;181;137;144m██[38;2;237;192;200m██[38;2;186;182;189m██[38;2;110;107;115m██[38;2;120;117;126m██[38;2;190;186;193m██[38;2;213;208;217m██[38;2;130;125;134m██[38;2;214;169;177m██[38;2;245;188;201m██[38;2;213;167;191m██[38;2;204;113;144m██[38;2;68;58;61m██[38;2;97;95;99m  [38;2;223;218;227m  [38;2;73;71;75m  [38;2;123;118;127m██[38;2;91;87;94m██[38;2;167;163;170m  [38;2;223;218;227m  [38;2;55;54;56m  [38;2;215;210;219m██[38;2;53;52;54m██
[38;2;55;54;56m  [38;2;223;218;227m    [38;2;97;95;99m  [38;2;206;145;153m██[38;2;253;174;186m██[38;2;219;160;167m██[38;2;201;181;189m██[38;2;236;203;212m██[38;2;255;182;190m██[38;2;255;181;190m██[38;2;251;169;183m██[38;2;229;161;179m██[38;2;123;106;113m██[38;2;135;128;135m██[38;2;214;210;221m██[38;2;174;170;177m██[38;2;45;43;46m██[38;2;170;165;173m██[38;2;168;163;172m██[38;2;82;79;85m  [38;2;181;177;184m  [38;2;209;204;212m  [38;2;81;79;83m  [38;2;214;209;218m██[38;2;53;52;54m██
[38;2;55;54;56m  [38;2;223;218;227m      [38;2;140;132;138m  [38;2;107;69;76m██[38;2;237;143;172m██[38;2;144;105;117m██[38;2;188;136;147m██[38;2;255;192;199m██[38;2;223;140;162m██[38;2;171;96;133m██[38;2;144;86;116m██[38;2;177;173;180m██[38;2;174;170;177m██[38;2;53;52;54m██[38;2;85;83;87m██[38;2;171;166;175m██[38;2;138;134;141m██[38;2;42;41;43m██[38;2;181;177;184m  [38;2;223;218;227m  [38;2;167;163;170m  [38;2;159;155;162m██[38;2;172;168;175m██[38;2;13;13;13m  
[38;2;55;54;56m  [38;2;223;218;227m    [38;2;181;177;184m  [38;2;74;72;76m██[38;2;150;146;153m██[38;2;140;90;109m██[38;2;186;101;134m██[38;2;231;127;159m████[38;2;225;124;156m██[38;2;161;92;127m██[38;2;103;101;104m██[38;2;187;182;190m██[38;2;55;54;56m  [38;2;223;218;227m  [38;2;181;177;184m  [38;2;55;54;56m  [38;2;97;95;99m  [38;2;223;218;227m  [38;2;209;204;212m  [38;2;167;163;170m  [38;2;94;91;95m██[38;2;215;210;219m██[38;2;134;131;137m  [38;2;13;13;14m  
[38;2;55;54;56m  [38;2;223;218;227m  [38;2;181;177;184m  [38;2;137;134;139m  [38;2;125;121;129m██[38;2;60;59;60m██[38;2;236;138;171m██[38;2;249;174;190m██[38;2;142;104;114m██[38;2;249;175;189m██[38;2;225;124;159m██[38;2;212;114;153m██[38;2;103;101;106m██[38;2;107;101;106m██[38;2;146;83;107m  [38;2;181;177;184m  [38;2;223;218;227m      [38;2;97;95;99m  [38;2;81;79;83m  [38;2;159;155;162m██[38;2;215;210;219m██[38;2;94;91;95m██[38;2;181;177;184m  [38;2;55;54;56m  
[38;2;55;54;56m  [38;2;223;218;227m  [38;2;138;135;141m  [38;2;136;133;139m██[38;2;99;97;101m  [38;2;55;54;56m  [38;2;243;183;191m██[38;2;136;114;117m██[38;2;219;170;176m██[38;2;184;144;150m██[38;2;255;191;200m██[38;2;244;153;180m██[38;2;204;116;145m██[38;2;201;115;141m██[38;2;177;93;123m██[38;2;167;163;170m  [38;2;223;218;227m    [38;2;138;135;141m  [38;2;174;170;177m██[38;2;160;156;163m██[38;2;159;155;162m██[38;2;55;54;56m  [38;2;181;177;184m  [38;2;223;218;227m  [38;2;55;54;56m  
[38;2;55;54;56m  [38;2;223;218;227m  [38;2;53;52;54m████[38;2;223;218;227m  [38;2;55;54;56m  [38;2;243;183;191m██[38;2;136;114;117m██[38;2;219;176;180m██[38;2;184;148;155m██[38;2;219;167;174m██[38;2;161;102;127m██[38;2;244;165;182m██[38;2;231;127;159m██[38;2;177;93;123m██[38;2;167;163;170m  [38;2;223;218;227m    [38;2;53;52;54m██[38;2;94;91;95m██[38;2;167;163;170m    [38;2;223;218;227m      [38;2;55;54;56m  
[38;2;55;54;56m  [38;2;223;218;227m  [38;2;181;177;184m    [38;2;223;218;227m    [38;2;28;19;19m██[38;2;184;143;148m██[38;2;255;203;207m██[38;2;148;125;127m██[38;2;136;116;118m██[38;2;136;114;117m██[38;2;249;174;189m██[38;2;231;127;159m██[38;2;55;54;56m  [38;2;223;218;227m      [38;2;82;80;83m    [38;2;223;218;227m          [38;2;55;54;56m  
[38;2;55;54;56m  [38;2;223;218;227m          [38;2;140;131;137m  [38;2;122;112;119m██[38;2;253;228;234m██[38;2;255;231;234m██[38;2;133;113;117m██[38;2;239;179;192m██[38;2;189;114;140m██[38;2;231;127;159m██[38;2;102;59;75m  [38;2;181;177;184m  [38;2;223;218;227m    [38;2;209;204;212m    [38;2;223;218;227m          [38;2;55;54;56m  
[38;2;55;54;56m  [38;2;223;218;227m            [38;2;97;95;99m  [38;2;89;88;90m  [38;2;239;239;239m██[38;2;208;179;188m██[38;2;125;86;104m██[38;2;232;132;161m██[38;2;200;115;141m██[38;2;203;113;146m██[38;2;71;43;53m██[38;2;80;78;81m  [38;2;209;204;212m  [38;2;223;218;227m              [38;2;55;54;56m  
[38;2;55;54;56m  [38;2;223;218;227m              [38;2;168;164;171m  [38;2;146;143;148m██[38;2;255;255;255m██[38;2;219;209;215m██[38;2;107;77;89m██[38;2;153;144;151m████[38;2;154;145;152m██[38;2;80;78;81m  [38;2;209;204;212m  [38;2;223;218;227m              [38;2;55;54;56m  
[38;2;55;54;56m  [38;2;223;218;227m            [38;2;181;177;184m  [38;2;89;87;91m██[38;2;166;162;169m██[38;2;222;219;225m██[38;2;216;215;218m██[38;2;197;192;201m██[38;2;204;199;208m██[38;2;178;174;182m██[38;2;166;162;169m██[38;2;129;126;131m  [38;2;181;177;184m  [38;2;223;218;227m              [38;2;55;54;56m  
[38;2;55;54;56m  [38;2;223;218;227m            [38;2;181;177;184m  [38;2;51;50;52m██[38;2;138;135;140m  [38;2;108;108;108m██[38;2;214;211;218m██[38;2;95;94;96m██[38;2;166;162;169m██[38;2;140;137;143m██[38;2;138;135;140m  [38;2;181;177;184m  [38;2;223;218;227m                [38;2;55;54;56m  [0m
