
[38;2;0;0;0m        [38;2;16;4;1m  [38;2;6;1;0m██[38;2;0;0;0m                                  
[38;2;0;0;0m        [38;2;107;28;12m██[38;2;6;1;0m  [38;2;0;0;0m        [38;2;66;17;7m██[38;2;0;0;0m                        
[38;2;0;0;0m    [38;2;14;3;1m  [38;2;161;43;19m██[38;2;0;0;0m            [38;2;66;17;7m  [38;2;186;50;22m██[38;2;0;0;0m                      
[38;2;0;0;0m    [38;2;149;45;24m██[38;2;68;23;16m██[38;2;0;0;0m              [38;2;186;50;22m██[38;2;66;17;7m  [38;2;0;0;0m                    
[38;2;0;0;0m  [38;2;36;9;4m  [38;2;161;51;28m██[38;2;40;32;31m██[38;2;65;65;60m  [38;2;42;43;41m██[38;2;171;172;164m██[38;2;135;136;128m██[38;2;30;30;27m██[38;2;30;30;28m██[38;2;51;52;49m  [38;2;159;57;34m██[38;2;88;23;10m██[38;2;100;101;93m    [38;2;100;101;92m  [38;2;100;101;93m        [38;2;100;101;92m  [38;2;0;0;0m    
[38;2;0;0;0m  [38;2;145;39;17m██[38;2;105;78;65m██[38;2;80;77;74m██[38;2;132;132;124m██[38;2;165;166;158m██[38;2;171;172;163m████[38;2;111;111;99m██[38;2;160;160;152m██[38;2;72;73;67m██[38;2;79;79;71m██[38;2;88;23;10m██[38;2;100;101;93m    [38;2;100;101;92m  [38;2;100;101;93m      [38;2;100;101;92m    [38;2;0;0;0m    
[38;2;48;13;5m██[38;2;166;57;31m██[38;2;92;91;79m██[38;2;104;103;93m██[38;2;102;102;100m██[38;2;171;172;164m██[38;2;161;162;154m██[38;2;84;83;76m██[38;2;108;106;97m██[38;2;151;151;138m██[38;2;82;82;83m██[38;2;79;79;71m██[38;2;123;58;47m██[38;2;43;43;41m  [38;2;89;90;82m  [38;2;100;101;92m  [38;2;100;101;93m        [38;2;100;101;92m  [38;2;0;0;0m    
[38;2;48;13;5m██[38;2;103;74;60m██[38;2;98;99;88m██[38;2;79;80;72m██[38;2;142;143;136m██[38;2;166;167;159m██[38;2;133;133;126m██[38;2;199;198;196m██[38;2;143;85;77m██[38;2;77;75;69m██[38;2;90;88;80m██[38;2;159;57;34m██[38;2;112;75;58m██[38;2;167;168;161m██[38;2;56;58;57m  [38;2;100;101;92m  [38;2;100;101;93m      [38;2;100;101;92m    [38;2;16;16;14m  [38;2;20;20;17m  
[38;2;48;13;5m██[38;2;102;72;60m██[38;2;92;94;85m██[38;2;12;13;11m  [38;2;131;132;125m██[38;2;166;167;159m██[38;2;116;118;112m██[38;2;114;72;68m██[38;2;156;64;59m██[38;2;75;75;72m██[38;2;92;91;79m██[38;2;186;50;22m██[38;2;116;110;108m██[38;2;64;65;59m██[38;2;71;71;67m██[38;2;77;77;71m  [38;2;100;101;93m        [38;2;30;30;28m  [38;2;97;97;85m██[38;2;20;20;17m  
[38;2;48;13;5m██[38;2;102;72;60m██[38;2;70;70;64m██[38;2;0;0;0m  [38;2;58;59;56m██[38;2;107;109;104m██[38;2;84;90;73m██[38;2;145;76;75m██[38;2;93;93;83m██[38;2;101;102;89m██[38;2;121;72;53m██[38;2;186;50;22m██[38;2;98;98;95m██[38;2;111;112;106m██[38;2;109;109;104m██[38;2;8;8;8m  [38;2;100;101;93m      [38;2;86;87;80m  [38;2;61;61;54m  [38;2;80;80;70m██[38;2;0;0;0m  
[38;2;36;9;4m  [38;2;175;47;20m██[38;2;0;0;0m    [38;2;37;37;33m  [38;2;97;97;85m██[38;2;94;92;78m██[38;2;83;82;83m██[38;2;97;97;86m██[38;2;87;86;73m██[38;2;147;64;44m██[38;2;65;65;65m██[38;2;120;121;114m██[38;2;92;91;90m██[38;2;105;105;100m██[38;2;36;36;45m  [38;2;90;91;83m  [38;2;100;101;93m    [38;2;69;69;66m  [38;2;71;72;70m██[38;2;60;60;52m  [38;2;0;0;0m  
[38;2;0;0;0m  [38;2;145;39;17m██[38;2;0;0;0m    [38;2;91;92;84m  [38;2;32;32;39m  [38;2;84;85;80m██[38;2;96;93;84m██[38;2;96;96;92m██[38;2;157;60;39m██[38;2;142;55;40m██[38;2;93;93;83m██[38;2;73;69;72m██[38;2;172;173;165m██[38;2;157;158;150m██[38;2;75;74;73m██[38;2;60;61;56m  [38;2;100;101;93m    [38;2;29;30;28m██[38;2;133;134;126m██[38;2;0;0;0m    
[38;2;0;0;0m        [38;2;26;21;15m██[38;2;118;117;108m██[38;2;117;118;111m██[38;2;64;62;54m██[38;2;69;54;51m██[38;2;153;54;37m██[38;2;89;88;80m██[38;2;103;103;90m██[38;2;101;102;94m██[38;2;81;81;79m██[38;2;117;117;114m██[38;2;140;141;135m██[38;2;46;45;45m██[38;2;75;75;69m  [38;2;53;54;50m  [38;2;100;99;90m██[38;2;113;114;106m██[38;2;0;0;0m    
[38;2;0;0;0m        [38;2;125;91;56m██[38;2;95;94;85m██[38;2;48;49;49m  [38;2;75;75;69m  [38;2;62;48;41m  [38;2;74;72;69m██[38;2;94;93;85m██[38;2;104;103;93m██[38;2;89;89;81m██[38;2;126;127;120m██[38;2;117;117;114m██[38;2;147;148;142m██[38;2;107;107;104m██[38;2;126;127;121m██[38;2;112;112;101m██[38;2;133;134;126m██[38;2;57;58;58m██[38;2;0;0;0m    
[38;2;0;0;0m        [38;2;25;25;23m  [38;2;124;35;17m  [38;2;44;45;41m  [38;2;75;75;69m  [38;2;49;51;42m██[38;2;96;91;83m██[38;2;92;90;81m██[38;2;84;84;76m██[38;2;107;106;97m██[38;2;72;69;67m██[38;2;85;69;61m██[38;2;140;140;133m██[38;2;75;74;74m██[38;2;115;115;109m██[38;2;106;104;95m██[38;2;115;115;107m██[38;2;47;47;44m  [38;2;0;0;0m    
[38;2;0;0;0m        [38;2;100;101;92m  [38;2;78;79;72m  [38;2;45;45;41m  [38;2;78;77;69m██[38;2;93;91;82m██[38;2;77;74;67m██[38;2;103;101;93m██[38;2;86;84;74m██[38;2;91;89;82m██[38;2;95;93;83m██[38;2;80;67;64m██[38;2;149;64;44m██[38;2;104;104;100m██[38;2;74;73;73m██[38;2;130;131;123m██[38;2;29;29;26m  [38;2;92;93;85m  [38;2;0;0;0m    
[38;2;0;0;0m        [38;2;100;101;93m  [38;2;13;13;12m  [38;2;103;102;88m██[38;2;98;97;88m██[38;2;87;87;83m██[38;2;113;114;106m██[38;2;130;131;123m████[38;2;86;86;83m██[38;2;93;92;78m██[38;2;104;92;81m██[38;2;75;79;76m██[38;2;129;130;122m██[38;2;119;120;113m██[38;2;33;33;32m  [38;2;100;101;93m  [38;2;100;101;92m  [38;2;0;0;0m    
[38;2;0;0;0m        [38;2;100;101;92m  [38;2;78;79;72m  [38;2;49;49;42m██[38;2;116;117;108m██[38;2;130;131;123m██[38;2;115;116;108m██[38;2;79;79;81m██[38;2;130;131;123m██[38;2;130;131;122m██[38;2;99;99;89m██[38;2;70;70;65m██[38;2;96;96;83m██[38;2;116;116;107m██[38;2;38;38;36m  [38;2;91;92;84m  [38;2;100;101;92m    [38;2;0;0;0m    
[38;2;0;0;0m        [38;2;100;101;93m  [38;2;78;79;72m  [38;2;53;53;49m  [38;2;71;69;63m██[38;2;88;89;84m██[38;2;26;26;24m  [38;2;64;64;59m  [38;2;25;25;23m    [38;2;28;28;26m  [38;2;43;43;40m  [38;2;74;71;68m██[38;2;44;42;36m██[38;2;78;79;72m  [38;2;100;101;93m    [38;2;100;101;92m  [38;2;0;0;0m    
[38;2;0;0;0m        [38;2;25;25;23m  [38;2;99;56;56m  [38;2;76;55;51m██[38;2;80;77;69m██[38;2;65;62;61m██[38;2;26;26;24m  [38;2;25;25;23m        [38;2;38;38;38m  [38;2;80;76;68m██[38;2;74;72;67m██[38;2;65;42;45m  [38;2;25;28;25m  [38;2;25;25;23m    [38;2;0;0;0m    
[38;2;0;0;0m          [38;2;0;2;0m  [38;2;46;19;23m  [38;2;120;44;60m██[38;2;0;0;0m          [38;2;5;1;2m██[38;2;86;52;55m██[38;2;54;50;51m██[38;2;94;67;69m██[38;2;90;60;65m██[38;2;37;21;24m██[38;2;0;0;0m        
[38;2;0;0;0m                              [38;2;3;1;1m  [38;2;40;14;19m██[38;2;14;14;14m  [38;2;0;0;0m          [0m
