
[38;2;0;0;0m                [38;2;25;10;25m  [38;2;5;2;5m  [38;2;0;0;0m                                      
[38;2;0;0;0m                [38;2;95;41;95m██[38;2;20;8;20m██[38;2;0;0;0m        [38;2;95;41;95m  [38;2;0;0;0m                            
[38;2;0;0;0m                [38;2;74;24;76m██[38;2;92;38;92m██[38;2;0;0;0m        [38;2;236;103;237m██[38;2;0;0;0m                            
[38;2;0;0;0m                [38;2;79;26;82m██[38;2;189;65;191m██[38;2;0;0;0m      [38;2;205;89;206m  [38;2;131;57;132m██[38;2;0;0;0m                            
[38;2;0;0;0m                  [38;2;183;60;190m██[38;2;147;48;151m██[38;2;100;43;100m██[38;2;232;97;235m██[38;2;232;97;234m██[38;2;116;48;117m██[38;2;0;0;0m                            
[38;2;0;0;0m                  [38;2;185;73;179m██[38;2;152;64;149m██[38;2;233;98;235m██[38;2;130;56;130m██[38;2;8;3;9m██[38;2;231;100;232m██[38;2;0;0;0m                            
[38;2;0;0;0m                  [38;2;3;0;0m  [38;2;52;21;50m  [38;2;228;97;229m██[38;2;0;0;0m    [38;2;59;25;59m  [38;2;0;0;0m                            
[38;2;0;0;0m                      [38;2;223;97;224m██[38;2;126;55;126m██[38;2;0;0;0m                                
[38;2;0;0;0m                [38;2;118;45;118m██[38;2;117;39;121m██[38;2;0;0;0m  [38;2;94;41;95m  [38;2;189;82;190m██[38;2;2;1;2m  [38;2;0;0;0m                              
[38;2;0;0;0m                [38;2;243;130;243m██[38;2;234;99;234m██[38;2;0;0;0m    [38;2;233;98;235m██[38;2;95;56;94m██[38;2;32;14;17m██[38;2;18;8;11m██[38;2;220;87;224m██[38;2;179;62;179m██[38;2;0;0;0m                      
[38;2;0;0;0m  [38;2;32;32;32m  [38;2;42;41;42m            [38;2;72;25;75m██[38;2;64;22;64m██[38;2;79;25;77m  [38;2;54;29;48m  [38;2;232;97;235m██[38;2;235;107;236m██[38;2;152;82;152m██[38;2;70;54;70m██[38;2;229;102;229m██[38;2;193;77;193m██[38;2;28;26;24m  [38;2;42;41;42m                [38;2;32;32;32m  [38;2;0;0;0m  
[38;2;0;0;0m  [38;2;50;49;50m  [38;2;65;64;65m                [38;2;77;38;74m  [38;2;118;58;111m██[38;2;233;97;235m██[38;2;235;101;236m██[38;2;166;86;167m██[38;2;234;101;236m██[38;2;147;78;147m██[38;2;113;53;115m██[38;2;129;55;129m██[38;2;53;52;53m  [38;2;65;64;65m              [38;2;50;49;50m  [38;2;0;0;0m  
[38;2;0;0;0m  [38;2;50;49;50m  [38;2;64;64;64m  [38;2;65;64;65m              [38;2;36;36;36m  [38;2;223;97;224m██[38;2;233;97;235m██████[38;2;230;97;232m██[38;2;156;84;156m██[38;2;233;97;235m██[38;2;234;100;236m██[38;2;5;5;5m  [38;2;65;64;65m              [38;2;50;49;50m  [38;2;0;0;0m  
[38;2;0;0;0m  [38;2;50;49;50m  [38;2;65;64;65m              [38;2;49;48;49m  [38;2;115;91;41m██[38;2;74;70;65m██[38;2;233;97;234m██[38;2;232;97;234m██[38;2;234;100;235m██[38;2;238;136;188m██[38;2;199;182;65m██[38;2;238;134;193m██[38;2;234;100;235m██[38;2;214;91;216m██[38;2;35;35;35m  [38;2;49;48;49m  [38;2;65;64;65m          [38;2;50;49;50m  [38;2;0;0;0m  
[38;2;0;0;0m  [38;2;50;49;50m  [38;2;65;64;65m            [38;2;44;43;44m  [38;2;175;69;174m  [38;2;132;83;117m██[38;2;211;162;78m██[38;2;233;97;235m████[38;2;238;135;170m██[38;2;101;97;66m██[38;2;142;135;110m██[38;2;245;192;80m██[38;2;235;102;236m██[38;2;106;72;106m██[38;2;190;84;193m██[38;2;53;26;53m  [38;2;48;46;45m  [38;2;65;64;65m        [38;2;50;49;50m  [38;2;0;0;0m  
[38;2;0;0;0m  [38;2;50;49;50m  [38;2;65;64;65m            [38;2;81;28;82m██[38;2;202;77;203m██[38;2;134;72;134m██[38;2;219;94;218m██[38;2;201;85;204m██[38;2;232;97;234m██[38;2;233;126;178m██[38;2;127;107;67m██[38;2;191;135;96m██[38;2;234;101;236m██[38;2;138;80;138m██[38;2;237;103;237m██[38;2;237;116;239m██[38;2;216;100;217m██[38;2;58;39;56m  [38;2;65;64;65m        [38;2;50;49;50m  [38;2;0;0;0m  
[38;2;0;0;0m  [38;2;50;49;50m  [38;2;65;64;65m          [38;2;14;14;14m  [38;2;130;47;126m██[38;2;196;64;202m██[38;2;139;79;139m██[38;2;157;79;156m██[38;2;221;93;224m██[38;2;154;67;159m██[38;2;184;79;185m██[38;2;218;102;197m██[38;2;236;107;228m██[38;2;227;96;231m██[38;2;172;75;173m██[38;2;97;69;97m██[38;2;233;97;235m██[38;2;222;94;225m██[38;2;55;24;57m██[38;2;65;64;65m        [38;2;50;49;50m  [38;2;0;0;0m  
[38;2;0;0;0m  [38;2;50;49;50m  [38;2;65;64;65m    [38;2;37;36;37m    [38;2;54;33;55m  [38;2;112;36;116m██[38;2;80;33;83m  [38;2;27;27;27m  [38;2;74;41;74m  [38;2;230;100;231m██[38;2;160;69;165m██[38;2;194;83;197m██[38;2;194;83;198m████[38;2;187;80;191m██[38;2;167;64;172m██[38;2;201;65;208m██[38;2;130;60;133m██[38;2;31;30;31m  [38;2;38;28;38m  [38;2;115;38;119m██[38;2;77;29;80m  [38;2;37;36;37m  [38;2;65;64;65m    [38;2;50;49;50m  [38;2;0;0;0m  
[38;2;0;0;0m  [38;2;50;49;50m  [38;2;2;2;2m    [38;2;193;63;200m████[38;2;126;41;130m██[38;2;55;54;55m  [38;2;63;62;63m  [38;2;65;64;65m  [38;2;43;39;36m  [38;2;224;98;224m██[38;2;184;79;188m██[38;2;229;96;231m████[38;2;228;96;230m██[38;2;195;79;194m██[38;2;201;65;208m██[38;2;202;63;208m██[38;2;130;61;135m██[38;2;39;38;39m  [38;2;64;63;64m  [38;2;62;61;62m  [38;2;27;11;28m██[38;2;195;83;198m██[38;2;14;14;14m  [38;2;65;64;65m  [38;2;50;49;50m  [38;2;0;0;0m  
[38;2;0;0;0m  [38;2;25;24;25m  [38;2;133;65;136m██[38;2;188;65;194m██[38;2;201;65;208m██[38;2;200;65;208m██[38;2;75;32;78m  [38;2;61;60;61m  [38;2;65;64;65m  [38;2;35;34;35m  [38;2;116;41;120m██[38;2;149;81;150m██[38;2;186;78;188m██[38;2;232;97;235m████[38;2;230;97;233m██[38;2;175;67;176m██[38;2;201;65;208m██[38;2;162;64;167m██[38;2;132;65;136m██[38;2;113;45;116m██[38;2;39;31;39m  [38;2;52;31;52m  [38;2;36;15;36m██[38;2;234;100;235m██[38;2;212;90;213m██[38;2;57;36;57m  [38;2;25;24;25m  [38;2;0;0;0m  
[38;2;2;2;2m  [38;2;155;50;159m██[38;2;160;70;165m██[38;2;94;64;95m██[38;2;193;63;199m██[38;2;32;11;33m  [38;2;65;64;65m    [38;2;39;38;39m  [38;2;183;60;190m██[38;2;200;65;208m██[38;2;76;64;77m██[38;2;174;69;171m██[38;2;145;63;150m██[38;2;228;96;231m██[38;2;198;65;205m██[38;2;166;64;172m██[38;2;194;66;200m██[38;2;142;65;146m██[38;2;204;69;211m██[38;2;232;97;235m██[38;2;229;97;227m██[38;2;63;22;62m  [38;2;54;54;54m  [38;2;158;69;159m██[38;2;232;97;235m██[38;2;167;62;162m██[38;2;157;60;161m██[38;2;1;0;2m  
[38;2;55;54;55m██[38;2;71;70;71m██[38;2;159;156;158m██[38;2;79;32;72m██[38;2;37;36;37m  [38;2;60;59;60m  [38;2;65;64;65m    [38;2;39;38;39m  [38;2;111;59;114m██[38;2;201;65;208m██[38;2;126;64;129m██[38;2;79;63;80m██[38;2;90;35;88m██[38;2;174;65;177m██[38;2;174;64;180m████[38;2;87;33;80m██[38;2;138;59;139m██[38;2;232;97;235m██[38;2;233;97;235m██[38;2;223;97;224m██[38;2;66;38;67m  [38;2;60;59;60m  [38;2;79;41;79m  [38;2;222;94;225m██[38;2;180;79;183m██[38;2;93;58;95m██[38;2;21;7;22m  
[38;2;0;0;0m  [38;2;50;49;50m  [38;2;24;23;24m  [38;2;65;64;65m  [38;2;64;64;64m  [38;2;65;64;65m      [38;2;62;61;62m  [38;2;38;20;26m  [38;2;66;56;78m██[38;2;194;65;201m██[38;2;98;34;101m  [38;2;64;63;64m  [38;2;7;7;7m      [38;2;65;64;65m  [38;2;32;31;32m  [38;2;210;91;211m██[38;2;233;97;235m██[38;2;232;101;233m██[38;2;80;37;80m  [38;2;65;64;65m  [38;2;21;20;21m  [38;2;169;66;170m██[38;2;132;132;132m██[38;2;21;21;37m  [38;2;0;0;0m  
[38;2;0;0;0m  [38;2;50;49;50m  [38;2;65;64;65m            [38;2;68;67;68m  [38;2;176;157;189m██[38;2;94;52;101m██[38;2;69;22;72m██[38;2;52;52;52m  [38;2;65;64;65m          [38;2;40;40;40m  [38;2;130;45;134m██[38;2;123;75;123m██[38;2;76;36;77m  [38;2;56;55;56m  [38;2;65;64;65m  [38;2;49;49;49m  [38;2;86;86;86m██[38;2;104;104;104m██[38;2;193;193;193m██[38;2;0;0;0m  
[38;2;0;0;0m  [38;2;40;40;40m  [38;2;52;51;52m            [38;2;31;31;31m  [38;2;0;2;5m  [38;2;22;24;26m  [38;2;52;51;52m              [38;2;22;22;22m  [38;2;162;53;167m██[38;2;177;60;184m██[38;2;95;94;95m██[38;2;51;50;51m  [38;2;52;51;52m    [38;2;42;41;42m  [38;2;37;36;37m  [38;2;0;0;0m    
[38;2;0;0;0m                                        [38;2;21;10;22m  [38;2;68;68;68m██[38;2;24;24;24m  [38;2;0;0;0m            [0m
