
[38;2;0;0;0m            [38;2;46;54;8m      [38;2;37;44;6m  [38;2;35;40;7m    [38;2;37;44;6m  [38;2;46;54;8m                [38;2;12;14;2m  
[38;2;0;0;0m            [38;2;178;207;32m      [38;2;40;46;14m  [38;2;149;170;42m██[38;2;135;156;29m██[38;2;145;169;26m  [38;2;127;148;22m  [38;2;38;45;6m  [38;2;178;207;32m            [38;2;48;56;8m  
[38;2;0;0;0m            [38;2;178;207;32m    [38;2;64;75;11m  [38;2;146;174;8m██[38;2;163;190;29m██[38;2;135;156;29m██[38;2;145;169;26m  [38;2;67;78;14m██[38;2;186;215;40m██[38;2;80;94;14m  [38;2;178;207;32m  [38;2;177;207;32m  [38;2;178;207;32m      [38;2;48;56;8m  
[38;2;0;0;0m            [38;2;178;207;32m  [38;2;164;191;29m  [38;2;93;110;7m  [38;2;124;147;8m██[38;2;182;210;38m██[38;2;158;184;29m██[38;2;41;48;4m  [38;2;122;143;15m██[38;2;186;215;40m██[38;2;80;94;14m  [38;2;30;35;5m  [38;2;111;129;19m  [38;2;178;207;32m  [38;2;177;207;32m  [38;2;178;207;32m  [38;2;48;56;8m  
[38;2;0;0;0m            [38;2;178;207;32m  [38;2;161;188;29m  [38;2;99;117;6m██[38;2;119;141;8m██[38;2;186;214;40m██[38;2;163;190;29m██[38;2;72;75;53m██[38;2;186;215;40m██[38;2;127;147;27m██[38;2;33;39;6m  [38;2;156;185;10m██[38;2;70;84;4m██[38;2;178;207;32m    [38;2;178;207;31m  [38;2;48;56;8m  
[38;2;0;0;0m            [38;2;178;207;32m  [38;2;161;188;29m  [38;2;99;117;6m██[38;2;119;141;8m██[38;2;186;214;40m██[38;2;163;190;29m██[38;2;158;182;35m██[38;2;186;215;40m██[38;2;16;19;3m██[38;2;74;87;6m  [38;2;156;185;10m██[38;2;93;109;15m  [38;2;178;207;32m      [38;2;48;56;8m  
[38;2;0;0;0m            [38;2;178;207;32m  [38;2;14;16;0m██[38;2;143;169;13m██[38;2;186;215;40m████[38;2;181;210;35m██[38;2;182;211;36m██[38;2;186;215;40m██[38;2;108;121;43m██[38;2;156;184;10m██[38;2;94;112;6m██[38;2;128;149;23m  [38;2;178;207;32m      [38;2;48;56;8m  
[38;2;0;0;0m            [38;2;15;17;2m  [38;2;70;73;57m██[38;2;185;214;39m██[38;2;186;215;40m██████[38;2;185;215;40m██[38;2;176;205;30m██[38;2;156;185;10m██[38;2;156;184;10m██[38;2;0;0;0m██[38;2;178;207;32m        [38;2;48;56;8m  
[38;2;0;0;0m          ██[38;2;156;185;10m██[38;2;75;78;62m██[38;2;186;215;40m██████[38;2;186;214;40m██[38;2;149;170;63m██[38;2;115;134;42m██[38;2;156;185;10m██[38;2;97;113;18m██[38;2;100;116;18m  [38;2;178;207;32m    [38;2;177;207;32m  [38;2;178;207;32m  [38;2;48;56;8m  
[38;2;0;0;0m            [38;2;88;104;5m██[38;2;75;78;62m██[38;2;186;215;40m██████[38;2;74;78;74m██[38;2;218;220;222m██[38;2;123;146;4m██[38;2;156;185;10m██[38;2;110;107;131m██[38;2;62;62;62m██[38;2;7;8;1m  [38;2;178;207;32m      [38;2;48;56;8m  
[38;2;6;18;25m  [38;2;4;12;16m  [38;2;12;28;37m  [38;2;15;60;85m██[38;2;7;32;45m  [38;2;0;0;0m  [38;2;66;117;100m  [38;2;42;43;35m██[38;2;164;188;44m██[38;2;183;212;37m██[38;2;143;151;103m██[38;2;92;92;92m██[38;2;255;255;255m██[38;2;139;165;7m██[38;2;116;132;33m██[38;2;108;122;38m██[38;2;156;185;10m██[38;2;178;207;32m██[38;2;88;102;19m████[38;2;92;107;16m  [38;2;25;29;4m  
[38;2;0;0;0m  [38;2;23;100;142m██[38;2;70;163;215m████[38;2;48;91;114m██[38;2;29;123;174m██[38;2;0;0;0m██[38;2;45;130;177m  [38;2;99;117;6m██[38;2;156;185;10m████████[38;2;122;141;29m██[38;2;65;65;65m████[38;2;186;215;40m████[38;2;186;214;40m██[38;2;186;215;40m████[38;2;50;58;10m██
[38;2;13;39;53m██[38;2;66;160;211m██[38;2;70;163;215m██[38;2;50;144;195m██[38;2;45;96;124m██[38;2;50;144;195m██[38;2;48;91;114m██[38;2;88;104;5m██[38;2;76;87;23m██[38;2;76;89;10m██[38;2;118;139;13m██[38;2;131;155;5m██[38;2;112;128;32m██[38;2;47;113;148m██[38;2;68;162;213m██[38;2;61;155;206m██[38;2;46;95;121m██[38;2;157;179;45m██[38;2;122;136;53m██[38;2;99;111;39m██[38;2;75;84;31m██[38;2;8;8;8m  
[38;2;18;44;58m██[38;2;68;162;213m██[38;2;53;147;198m██[38;2;30;120;169m██[38;2;67;112;136m██[38;2;66;156;205m██[38;2;81;96;5m██[38;2;2;6;8m  [38;2;32;93;127m  [38;2;41;118;161m  [38;2;0;1;2m  [38;2;68;67;69m██[38;2;35;112;154m██[38;2;70;163;215m██[38;2;70;164;215m██[38;2;69;163;214m██[38;2;29;123;174m██[38;2;67;68;64m██[38;2;169;195;36m██[38;2;4;5;0m  [38;2;38;44;6m  [38;2;48;56;8m  
[38;2;3;14;20m  [38;2;26;110;156m██[38;2;36;111;151m██[38;2;30;33;35m██[38;2;30;71;93m██[38;2;28;81;110m    [38;2;50;144;195m    [38;2;49;144;195m  [38;2;34;98;133m  [38;2;69;67;87m██[38;2;35;112;154m██[38;2;55;149;200m██[38;2;70;163;215m██[38;2;38;132;183m██[38;2;28;123;174m██[38;2;84;115;87m██[38;2;169;195;36m██[38;2;113;131;20m  [38;2;178;207;32m  [38;2;48;56;8m  
[38;2;13;39;53m  [38;2;12;36;49m  [38;2;4;12;16m  [38;2;45;132;178m  [38;2;50;143;195m  [38;2;50;144;195m  [38;2;50;144;194m    [38;2;50;144;195m  [38;2;39;109;148m  [38;2;17;16;20m██[38;2;159;145;206m██[38;2;103;100;109m██[38;2;32;117;164m████[38;2;29;123;173m██[38;2;29;123;174m██[38;2;54;94;107m██[38;2;115;137;4m██[38;2;65;75;13m██[38;2;178;207;32m  [38;2;48;56;8m  
[38;2;5;15;20m  [38;2;19;56;76m          [38;2;127;182;95m      [38;2;97;111;29m  [38;2;105;101;118m██[38;2;142;137;159m██[38;2;215;206;241m██[38;2;147;142;169m██[38;2;107;97;142m██[38;2;50;87;107m████[38;2;139;163;19m██[38;2;154;182;9m██[38;2;49;58;2m██[38;2;178;207;32m  [38;2;48;56;8m  
[38;2;0;0;0m            [38;2;178;207;32m  [38;2;175;204;31m  [38;2;64;75;10m  [38;2;39;47;0m██[38;2;137;163;1m██[38;2;92;110;1m  [38;2;23;27;4m  [38;2;145;138;196m██[38;2;124;111;175m██[38;2;149;137;207m██[38;2;142;135;193m██[38;2;99;113;30m██[38;2;125;148;8m  [38;2;121;141;21m  [38;2;178;207;32m  [38;2;48;56;8m  
[38;2;0;0;0m            [38;2;178;207;32m  [38;2;161;188;29m  [38;2;80;95;0m██[38;2;120;143;0m██[38;2;47;56;0m██[38;2;132;154;23m  [38;2;178;207;32m  [38;2;82;94;21m  [38;2;132;150;46m██[38;2;74;70;95m██[38;2;116;135;20m    [38;2;121;141;21m  [38;2;178;207;32m    [38;2;48;56;8m  
[38;2;0;0;0m            [38;2;82;92;33m  [38;2;40;38;55m██[38;2;132;139;105m██[38;2;32;37;5m  [38;2;178;207;32m      [38;2;124;144;22m  [38;2;81;97;1m  [38;2;168;193;39m██[38;2;18;21;0m██[38;2;93;105;31m  [38;2;178;207;32m      [38;2;48;56;8m  
[38;2;0;0;0m            [38;2;89;85;121m██[38;2;163;156;222m██[38;2;91;86;123m██[38;2;9;11;1m  [38;2;54;62;9m        [38;2;4;5;0m  [38;2;77;77;81m██[38;2;146;146;154m██[38;2;74;70;100m██[38;2;54;62;9m      [38;2;14;17;2m  
[38;2;0;0;0m                              [38;2;162;160;186m██[38;2;209;200;240m██[38;2;0;0;0m          
[38;2;0;0;0m                              [38;2;57;55;64m██[38;2;42;40;57m██[38;2;0;0;0m          [0m
