
[38;2;18;11;0m  [38;2;67;43;0m    [38;2;9;5;0m  [38;2;34;9;0m  [38;2;63;40;0m  [38;2;67;43;0m                                              [38;2;18;11;0m  
[38;2;68;43;0m  [38;2;255;162;2m    [38;2;33;21;0m  [38;2;131;37;0m██[38;2;238;151;1m  [38;2;255;162;2m                                              [38;2;67;43;0m  
[38;2;68;43;0m  [38;2;188;119;1m  [38;2;105;49;0m  [38;2;45;32;27m  [38;2;218;63;0m██[38;2;14;4;0m██[38;2;213;139;6m  [38;2;81;59;12m██[38;2;213;139;6m  [38;2;250;166;11m                          [38;2;171;108;1m  [38;2;71;20;0m██[38;2;176;112;2m  [38;2;250;166;11m  [38;2;251;169;21m  [38;2;255;172;29m  [38;2;255;162;2m  [38;2;67;43;0m  
[38;2;68;43;0m  [38;2;50;32;0m  [38;2;208;59;0m██[38;2;81;62;56m██[38;2;165;62;22m██[38;2;57;55;55m██[38;2;50;49;34m  [38;2;248;182;39m██[38;2;128;93;17m  [38;2;241;175;32m        [38;2;241;174;32m  [38;2;241;175;32m            [38;2;241;174;32m  [38;2;241;175;32m  [38;2;0;0;0m██[38;2;219;62;0m██[38;2;16;11;2m  [38;2;241;175;32m  [38;2;242;185;61m  [38;2;255;192;86m  [38;2;255;161;2m  [38;2;67;43;0m  
[38;2;0;0;0m  [38;2;175;49;0m██[38;2;136;63;34m██[38;2;158;62;25m██[38;2;137;110;54m██[38;2;197;143;51m██[38;2;155;118;45m██[38;2;151;110;23m██[38;2;172;125;22m  [38;2;240;175;32m  [38;2;241;175;32m                  [38;2;203;147;26m  [38;2;100;73;15m  [38;2;120;87;17m  [38;2;32;32;32m██[38;2;219;62;0m██[38;2;16;11;2m  [38;2;241;175;32m  [38;2;147;113;37m  [38;2;221;159;53m  [38;2;255;162;2m  [38;2;67;43;0m  
[38;2;62;39;0m  [38;2;60;33;0m  [38;2;167;62;21m██[38;2;209;156;42m██[38;2;190;139;52m██[38;2;90;80;61m██[38;2;240;177;40m██[38;2;0;0;0m██[38;2;241;175;32m                      [38;2;144;104;19m  [38;2;231;169;36m██[38;2;167;132;56m██[38;2;235;113;6m██[38;2;223;83;0m██[38;2;16;11;2m  [38;2;107;78;14m  [38;2;201;57;0m██[38;2;80;27;0m  [38;2;255;161;2m  [38;2;67;43;0m  
[38;2;19;7;0m  [38;2;142;58;0m██[38;2;92;81;61m██[38;2;197;143;50m██[38;2;228;166;43m██[38;2;114;90;62m██[38;2;195;143;30m██[38;2;109;79;14m  [38;2;241;175;32m  [38;2;241;174;32m  [38;2;241;175;32m      [38;2;241;174;32m  [38;2;241;175;32m            [38;2;16;11;2m  [38;2;248;181;39m██[38;2;65;64;65m██[38;2;153;99;35m██[38;2;113;83;17m  [38;2;112;55;6m  [38;2;205;58;0m██[38;2;116;60;0m  [38;2;255;162;2m  [38;2;67;43;0m  
[38;2;0;0;0m  [38;2;128;53;0m██[38;2;126;103;56m██[38;2;246;180;39m██[38;2;155;107;63m██[38;2;240;176;40m██[38;2;132;97;20m██[38;2;241;175;32m                          [38;2;16;11;2m  [38;2;248;182;39m██[38;2;245;180;39m██[38;2;162;126;50m██[38;2;235;174;40m██[38;2;128;75;25m██[38;2;147;72;0m██[38;2;170;108;1m  [38;2;255;162;2m  [38;2;67;43;0m  
[38;2;32;20;0m  [38;2;90;42;0m  [38;2;108;67;44m██[38;2;187;135;53m██[38;2;229;167;43m██[38;2;244;179;39m██[38;2;132;97;20m██[38;2;241;175;32m                [38;2;241;174;31m  [38;2;241;175;32m          [38;2;115;84;18m██[38;2;248;182;39m██[38;2;205;149;48m██[38;2;234;173;39m██[38;2;125;85;39m██[38;2;33;51;48m  [38;2;167;137;85m  [38;2;149;95;1m  [38;2;67;43;0m  
[38;2;3;2;0m  [38;2;124;51;0m  [38;2;95;77;62m██[38;2;153;105;64m██[38;2;154;105;64m██[38;2;241;176;40m██[38;2;248;182;39m██[38;2;3;3;2m██[38;2;229;166;31m  [38;2;230;167;30m  [38;2;241;175;32m  [38;2;241;174;32m    [38;2;241;175;32m    [38;2;240;174;32m  [38;2;241;174;32m  [38;2;241;175;32m    [38;2;241;174;32m    [38;2;116;85;18m  [38;2;248;182;39m████[38;2;153;111;61m██[38;2;178;137;48m██[38;2;73;55;37m██[38;2;149;42;0m██[38;2;175;49;0m██[38;2;0;0;0m  
[38;2;68;43;0m  [38;2;168;107;1m  [38;2;80;47;15m██[38;2;104;82;59m██[38;2;154;105;64m██[38;2;191;135;54m██[38;2;222;161;45m██[38;2;83;67;43m██[38;2;116;113;119m██[38;2;62;59;61m  [38;2;185;134;24m  [38;2;241;175;31m  [38;2;241;175;32m                  [38;2;128;93;17m  [38;2;248;182;39m████[38;2;210;152;48m██[38;2;195;144;42m██[38;2;193;104;18m██[38;2;221;71;0m██[38;2;103;39;0m  [38;2;39;24;0m  
[38;2;68;43;0m  [38;2;50;32;0m  [38;2;128;65;21m██[38;2;142;100;64m██[38;2;154;105;64m████[38;2;109;85;69m██[38;2;121;121;134m██[38;2;156;155;162m██[38;2;190;187;190m██[38;2;47;45;48m██[38;2;241;175;32m  [38;2;241;174;32m  [38;2;240;175;32m  [38;2;241;175;32m    [38;2;240;175;32m  [38;2;241;175;32m    [38;2;241;174;32m  [38;2;241;175;32m  [38;2;128;93;17m  [38;2;248;181;39m████[38;2;232;169;43m██[38;2;112;88;62m██[38;2;103;83;54m██[38;2;94;52;0m██[38;2;227;144;1m  [38;2;60;38;0m  
[38;2;68;43;0m  [38;2;181;115;1m  [38;2;80;37;7m██[38;2;100;77;59m██[38;2;119;89;64m██[38;2;100;80;64m██[38;2;103;96;100m██[38;2;142;141;151m██[38;2;179;177;181m██[38;2;145;145;154m██[38;2;80;78;78m██[38;2;241;175;32m                    [38;2;120;87;17m  [38;2;248;182;39m██[38;2;219;159;46m██[38;2;214;154;47m██[38;2;234;171;42m██[38;2;220;163;39m██[38;2;74;47;14m██[38;2;140;39;0m██[38;2;37;10;0m  
[38;2;68;43;0m  [38;2;255;162;2m  [38;2;169;169;169m  [38;2;70;55;46m██[38;2;109;84;64m██[38;2;86;84;85m██[38;2;199;194;195m██[38;2;196;193;195m██[38;2;155;154;162m██[38;2;130;130;141m██[38;2;79;78;80m██[38;2;205;148;27m  [38;2;241;175;32m            [38;2;240;175;32m    [38;2;241;175;32m  [38;2;115;84;18m██[38;2;248;182;39m██[38;2;204;146;50m██[38;2;231;168;43m██[38;2;189;137;50m██[38;2;90;74;56m██[38;2;196;96;0m██[38;2;199;59;0m██[38;2;48;13;0m  
[38;2;68;43;0m  [38;2;255;162;2m  [38;2;226;211;177m  [38;2;63;32;7m  [38;2;105;63;37m██[38;2;187;184;186m██[38;2;198;194;195m████[38;2;152;150;159m██[38;2;188;185;187m██[38;2;70;69;72m██[38;2;164;130;50m  [38;2;71;51;9m  [38;2;250;231;188m        [38;2;241;175;32m      [38;2;82;60;10m  [38;2;208;153;32m██[38;2;181;128;56m██[38;2;234;171;42m██[38;2;220;159;46m██[38;2;221;161;44m██[38;2;184;138;46m██[38;2;143;58;16m██[38;2;67;37;0m  [38;2;47;30;0m  
[38;2;68;43;0m  [38;2;255;162;2m  [38;2;250;228;180m  [38;2;240;175;32m  [38;2;77;55;5m  [38;2;85;64;46m██[38;2;165;162;164m██[38;2;131;131;142m██[38;2;159;158;166m██[38;2;166;160;157m██[38;2;196;160;76m██[38;2;255;203;81m████[38;2;86;77;54m  [38;2;239;239;239m  [38;2;255;255;255m    [38;2;241;175;32m  [38;2;240;175;32m  [38;2;218;158;28m  [38;2;66;48;10m  [38;2;237;173;41m██[38;2;176;123;58m██[38;2;248;182;39m██[38;2;245;180;39m██[38;2;205;154;45m██[38;2;192;144;45m██[38;2;168;82;16m██[38;2;175;49;0m██[38;2;0;0;0m  
[38;2;68;43;0m  [38;2;255;162;2m  [38;2;250;228;180m  [38;2;240;175;32m  [38;2;218;158;30m  [38;2;43;22;1m  [38;2;72;38;15m██[38;2;45;45;45m██[38;2;143;140;142m██[38;2;215;173;75m██[38;2;243;185;52m██[38;2;149;115;54m██[38;2;252;197;69m██[38;2;241;183;64m██[38;2;94;72;43m  [38;2;255;255;255m    [38;2;241;175;32m  [38;2;240;175;32m  [38;2;109;80;16m  [38;2;244;179;38m██[38;2;237;173;41m██[38;2;248;182;39m██[38;2;209;150;49m██[38;2;105;89;59m██[38;2;149;99;35m██[38;2;199;116;13m██[38;2;84;38;0m██[38;2;80;36;0m  [38;2;52;33;0m  
[38;2;68;43;0m  [38;2;255;162;2m  [38;2;250;228;180m  [38;2;241;175;32m    [38;2;244;197;93m  [38;2;130;105;52m  [38;2;58;57;58m██[38;2;138;128;110m██[38;2;251;200;80m██[38;2;133;110;70m██[38;2;240;234;225m██[38;2;178;153;87m██[38;2;216;97;18m██[38;2;250;159;24m██[38;2;34;30;20m██[38;2;158;155;148m  [38;2;128;92;21m  [38;2;69;51;12m██[38;2;248;181;39m██[38;2;221;160;45m██[38;2;212;153;48m██[38;2;220;159;46m██[38;2;234;171;42m██[38;2;248;181;39m██[38;2;138;111;54m██[38;2;131;60;0m██[38;2;79;68;76m  [38;2;255;162;2m  [38;2;67;43;0m  
[38;2;68;43;0m  [38;2;255;162;2m  [38;2;250;228;180m  [38;2;241;175;32m    [38;2;254;249;240m  [38;2;135;135;135m  [38;2;198;194;195m██[38;2;133;126;117m██[38;2;96;85;66m██[38;2;44;42;35m██[38;2;234;233;234m██[38;2;70;85;75m██[38;2;245;191;75m██[38;2;255;203;81m██[38;2;189;154;75m██[38;2;188;150;64m██[38;2;167;117;37m██[38;2;245;180;39m██[38;2;248;182;39m██[38;2;232;169;43m██[38;2;248;182;39m██[38;2;231;168;43m██[38;2;198;142;52m██[38;2;96;84;60m██[38;2;154;71;30m██[38;2;219;62;0m██[38;2;72;20;0m██[38;2;255;162;2m  [38;2;67;43;0m  
[38;2;68;43;0m  [38;2;255;162;2m  [38;2;250;228;180m  [38;2;241;175;32m    [38;2;254;249;240m  [38;2;120;119;119m  [38;2;198;194;195m██[38;2;172;169;175m██[38;2;163;160;165m██[38;2;72;65;58m██[38;2;104;82;64m██[38;2;154;105;64m██[38;2;103;91;68m██[38;2;255;203;81m██████[38;2;236;172;41m██[38;2;191;136;54m██[38;2;227;165;44m██[38;2;184;140;45m██[38;2;126;95;53m██[38;2;122;82;41m██[38;2;143;91;46m██[38;2;136;41;0m  [38;2;86;62;11m  [38;2;80;60;17m  [38;2;96;104;128m  [38;2;255;162;2m  [38;2;67;43;0m  
[38;2;7;4;0m  [38;2;27;17;0m  [38;2;27;24;19m  [38;2;26;19;3m    [38;2;27;27;26m  [38;2;186;182;184m██[38;2;198;194;195m██[38;2;79;78;79m██[38;2;156;153;162m██[38;2;143;144;145m  [38;2;35;24;14m██[38;2;140;97;55m██[38;2;179;149;94m██[38;2;255;203;81m██[38;2;255;214;116m██[38;2;255;244;213m██[38;2;202;187;163m██[38;2;147;106;54m██[38;2;78;71;63m██[38;2;159;157;163m██[38;2;73;62;65m██[38;2;82;69;57m██[38;2;115;114;119m██[38;2;147;144;152m  [38;2;92;93;99m  [38;2;134;136;151m  [38;2;123;133;163m  [38;2;27;17;0m  [38;2;7;4;0m  
[38;2;0;0;0m          [38;2;184;181;182m██[38;2;100;98;99m  [38;2;37;38;40m██[38;2;89;87;90m██[38;2;98;95;101m  [38;2;148;150;160m  [38;2;56;56;64m  [38;2;151;126;95m██[38;2;254;239;204m██[38;2;254;224;146m██[38;2;254;251;230m██[38;2;254;250;229m██[38;2;250;247;230m██[38;2;171;151;116m██[38;2;135;132;141m██[38;2;142;142;156m██[38;2;144;144;158m██[38;2;148;147;161m██[38;2;131;132;146m██[38;2;116;118;131m██[38;2;96;96;101m██[38;2;100;101;100m  [38;2;71;76;94m  [38;2;0;0;0m    
[38;2;0;0;0m          [38;2;8;8;8m██[38;2;121;131;160m  [38;2;0;4;8m██[38;2;82;80;85m██[38;2;165;161;170m  [38;2;142;147;169m  [38;2;106;115;142m  [38;2;169;168;152m██[38;2;254;251;227m██[38;2;254;252;228m████[38;2;254;252;227m██[38;2;254;251;228m██[38;2;207;207;174m██[38;2;107;103;110m██[38;2;172;168;177m██[38;2;168;164;174m██[38;2;194;188;192m██[38;2;181;177;183m██[38;2;174;170;178m██[38;2;216;216;213m██[38;2;246;248;237m██[38;2;236;238;227m██[38;2;0;0;0m    
[38;2;0;0;0m          [38;2;114;124;153m  [38;2;123;133;163m    [38;2;93;100;124m  [38;2;123;133;163m    [38;2;114;123;152m  [38;2;107;107;105m  [38;2;254;250;229m██[38;2;254;252;227m██[38;2;254;251;227m██[38;2;254;250;229m██[38;2;217;217;187m██[38;2;195;201;166m██[38;2;108;106;110m██[38;2;173;169;178m██[38;2;137;138;152m██[38;2;139;129;138m██[38;2;132;130;132m██[38;2;131;138;152m██[38;2;206;209;206m██[38;2;163;167;171m██[38;2;59;63;76m  [38;2;0;0;0m    
[38;2;0;0;0m          [38;2;114;124;153m  [38;2;123;133;164m  [38;2;123;133;163m  [38;2;123;133;164m  [38;2;113;122;150m  [38;2;1;1;1m██[38;2;121;130;161m    [38;2;14;15;15m██[38;2;153;160;154m██[38;2;174;169;141m██[38;2;179;179;153m██[38;2;199;200;169m██[38;2;82;82;78m██[38;2;172;168;177m██[38;2;123;126;143m██[38;2;142;143;156m██[38;2;170;166;175m██[38;2;172;169;178m██[38;2;67;66;67m██[38;2;65;64;65m██[38;2;16;17;21m  [38;2;123;133;164m  [38;2;0;0;0m    
[38;2;0;0;0m          [38;2;114;124;153m  [38;2;123;133;163m      [38;2;8;8;9m██[38;2;121;123;137m██[38;2;65;70;84m██[38;2;66;67;73m██[38;2;77;82;93m██[38;2;64;69;83m  [38;2;54;53;59m██[38;2;126;124;132m██[38;2;136;139;136m██[38;2;77;77;78m██[38;2;144;144;158m██[38;2;184;181;187m██[38;2;84;82;91m██[38;2;67;76;96m  [38;2;78;76;80m██[38;2;195;193;195m██[38;2;160;157;159m██[38;2;124;126;123m  [38;2;100;108;134m  [38;2;0;0;0m    
[38;2;0;0;0m          [38;2;114;124;153m  [38;2;123;133;163m      [38;2;13;14;16m  [38;2;131;131;139m  [38;2;96;93;95m██[38;2;104;110;127m██[38;2;30;32;32m  [38;2;115;125;154m  [38;2;25;23;20m██[38;2;69;68;74m██[38;2;121;128;152m██[38;2;123;133;163m██[38;2;108;104;116m██[38;2;117;121;140m██[38;2;196;193;195m██[38;2;15;15;15m██[38;2;118;128;158m  [38;2;9;10;12m  [38;2;141;142;137m  [38;2;228;230;220m██[38;2;82;83;81m  [38;2;0;0;0m    
[38;2;0;0;0m          [38;2;114;124;153m  [38;2;123;133;163m        [38;2;94;101;125m  [38;2;68;73;89m  [38;2;57;58;63m██[38;2;84;91;112m  [38;2;32;35;43m  [38;2;161;162;165m██[38;2;85;82;82m██[38;2;101;102;117m██[38;2;118;127;155m██[38;2;93;91;99m██[38;2;157;157;165m██[38;2;170;169;176m██[38;2;198;194;195m██[38;2;65;70;87m  [38;2;123;133;163m  [38;2;94;101;125m  [38;2;74;81;99m  [38;2;106;115;142m  [38;2;0;0;0m    
[38;2;0;0;0m          [38;2;114;124;153m  [38;2;123;133;163m              [38;2;98;106;131m  [38;2;126;123;130m██[38;2;45;45;47m  [38;2;59;60;60m  [38;2;175;174;175m██[38;2;67;65;67m██[38;2;138;138;140m  [38;2;158;156;157m  [38;2;150;150;159m██[38;2;17;18;23m  [38;2;123;133;163m          [38;2;0;0;0m    
[38;2;0;0;0m          [38;2;114;124;153m  [38;2;122;133;163m  [38;2;123;133;163m      [38;2;122;133;163m  [38;2;123;133;163m    [38;2;114;124;153m  [38;2;63;64;72m  [38;2;93;100;124m  [38;2;24;26;32m  [38;2;153;149;157m██[38;2;41;40;42m██[38;2;98;106;131m  [38;2;8;8;10m  [38;2;200;201;194m██[38;2;40;43;53m  [38;2;122;133;163m  [38;2;123;133;163m  [38;2;122;133;163m  [38;2;123;133;163m  [38;2;122;133;163m  [38;2;0;0;0m    
[38;2;0;0;0m          [38;2;114;124;153m  [38;2;123;133;163m                      [38;2;57;56;59m██[38;2;173;169;178m██[38;2;49;53;65m  [38;2;123;133;163m  [38;2;105;107;106m  [38;2;24;27;33m  [38;2;123;133;163m          [38;2;0;0;0m    
[38;2;0;0;0m          [38;2;30;32;40m  [38;2;32;35;43m                      [38;2;15;14;15m  [38;2;45;44;47m██[38;2;13;14;17m  [38;2;32;35;43m  [38;2;17;18;23m  [38;2;32;35;43m            [38;2;0;0;0m    [0m
