
[38;2;15;3;9m  [38;2;57;11;34m            [38;2;0;1;0m  [38;2;44;26;31m  [38;2;61;33;41m██[38;2;10;4;5m  [38;2;34;6;21m  [38;2;0;0;0m            
[38;2;63;12;38m  [38;2;229;44;138m  [38;2;228;44;138m  [38;2;229;44;138m      [38;2;124;26;74m  [38;2;31;112;140m██[38;2;229;124;164m██[38;2;246;129;174m██[38;2;41;23;28m██[38;2;140;77;146m  [38;2;0;128;160m  [38;2;0;0;0m          
[38;2;63;12;38m  [38;2;229;44;138m        [38;2;162;35;100m  [38;2;38;105;132m██[38;2;247;133;177m██[38;2;246;135;177m██[38;2;178;97;127m██[38;2;190;38;114m  [38;2;140;94;167m  [38;2;1;171;213m  [38;2;0;0;0m          
[38;2;63;12;38m  [38;2;229;44;138m  [38;2;228;44;138m  [38;2;229;44;138m  [38;2;143;29;86m  [38;2;0;126;154m██[38;2;151;145;185m██[38;2;247;134;177m██[38;2;247;135;176m██[38;2;92;35;60m  [38;2;219;43;132m  [38;2;140;94;167m  [38;2;1;171;214m  [38;2;0;0;0m          
[38;2;63;12;38m  [38;2;229;44;138m      [38;2;86;43;80m  [38;2;14;160;198m██[38;2;247;134;177m████[38;2;202;111;145m██[38;2;104;22;63m  [38;2;229;44;138m  [38;2;140;94;167m  [38;2;1;171;213m  [38;2;0;0;0m          
[38;2;63;12;38m  [38;2;229;44;138m  [38;2;228;44;138m  [38;2;229;44;138m  [38;2;0;77;91m██[38;2;188;137;180m██[38;2;246;134;177m██[38;2;247;134;177m██[38;2;68;39;49m██[38;2;229;44;138m    [38;2;140;94;167m  [38;2;1;171;214m  [38;2;0;0;0m          
[38;2;63;12;38m  [38;2;229;44;138m    [38;2;12;6;7m  [38;2;31;161;199m██[38;2;247;135;177m██[38;2;247;133;177m██[38;2;247;117;164m██[38;2;117;47;64m██[38;2;187;37;113m  [38;2;229;44;138m  [38;2;140;94;167m  [38;2;1;171;213m  [38;2;0;0;0m          
[38;2;63;12;38m  [38;2;229;44;138m  [38;2;162;33;97m  [38;2;3;134;160m  [38;2;124;152;193m██[38;2;247;133;177m██[38;2;246;111;160m██[38;2;247;115;163m██[38;2;247;113;160m██[38;2;63;15;38m  [38;2;229;44;138m  [38;2;140;94;167m  [38;2;1;171;214m  [38;2;0;0;0m          
[38;2;63;12;38m  [38;2;229;44;138m  [38;2;111;28;69m  [38;2;1;176;210m██[38;2;1;170;207m██[38;2;58;75;99m██[38;2;148;79;111m██[38;2;236;82;135m██[38;2;97;44;62m  [38;2;229;44;138m    [38;2;145;87;162m  [38;2;13;154;200m  [38;2;12;26;40m        [38;2;3;7;11m  
[38;2;63;12;38m  [38;2;85;19;51m  [38;2;119;112;144m██[38;2;1;160;197m██[38;2;23;116;199m██[38;2;185;92;159m██[38;2;46;105;178m██[38;2;133;67;73m██[38;2;92;28;54m  [38;2;229;44;138m    [38;2;159;68;147m  [38;2;51;105;162m          [38;2;14;29;45m  
[38;2;0;1;0m  [38;2;205;102;141m██[38;2;148;99;172m██[38;2;85;102;187m██[38;2;247;115;163m██[38;2;240;131;173m██[38;2;82;105;154m██[38;2;81;70;98m██[38;2;234;85;136m██[38;2;61;24;35m██[38;2;169;164;165m  [38;2;175;197;218m  [38;2;51;105;162m    [38;2;51;106;162m    [38;2;51;105;162m  [38;2;14;29;45m  
[38;2;51;30;36m  [38;2;236;90;141m██[38;2;51;105;197m██[38;2;235;88;145m██[38;2;246;133;177m██[38;2;111;81;93m██[38;2;88;77;83m██[38;2;41;101;179m██[38;2;196;80;120m██[38;2;246;86;141m██[38;2;195;69;112m██[38;2;58;82;101m  [38;2;51;105;162m          [38;2;14;29;45m  
[38;2;51;30;36m  [38;2;60;105;190m██[38;2;35;107;202m██[38;2;177;105;158m██[38;2;116;109;76m██[38;2;242;244;244m██[38;2;59;68;83m██[38;2;46;79;138m██[38;2;209;82;125m██[38;2;246;86;141m██[38;2;195;69;112m██[38;2;58;82;101m  [38;2;51;105;162m    [38;2;51;106;162m    [38;2;51;105;162m  [38;2;14;29;45m  
[38;2;0;1;0m  [38;2;29;89;168m██[38;2;9;143;195m██[38;2;170;226;238m██[38;2;244;237;209m██[38;2;106;110;115m██[38;2;58;89;132m██[38;2;96;68;78m██[38;2;247;86;141m██[38;2;61;24;35m██[38;2;169;164;165m  [38;2;175;197;218m  [38;2;51;105;162m          [38;2;14;29;45m  
[38;2;2;42;62m██[38;2;7;139;192m██[38;2;38;106;193m██[38;2;28;81;153m██[38;2;45;73;107m  [38;2;20;65;132m██[38;2;69;78;91m██[38;2;236;83;136m██[38;2;97;66;75m  [38;2;255;255;255m    [38;2;175;197;218m  [38;2;51;105;162m    [38;2;51;106;162m    [38;2;51;105;162m  [38;2;14;29;45m  
[38;2;9;31;57m██[38;2;32;103;197m██[38;2;13;29;41m██[38;2;183;182;182m  [38;2;223;223;223m  [38;2;6;12;15m██[38;2;42;87;108m██[38;2;83;52;61m  [38;2;237;237;237m  [38;2;255;255;255m    [38;2;175;197;218m  [38;2;51;105;162m          [38;2;14;29;45m  
[38;2;15;3;9m  [38;2;62;58;58m  [38;2;255;255;255m    [38;2;127;129;127m  [38;2;1;151;188m██[38;2;43;122;139m██[38;2;43;46;47m  [38;2;237;237;237m  [38;2;255;255;255m    [38;2;175;197;218m  [38;2;51;105;162m  [38;2;38;79;123m  [38;2;51;106;162m    [38;2;51;105;162m  [38;2;14;29;45m  
[38;2;63;12;38m  [38;2;250;220;235m  [38;2;255;255;255m    [38;2;32;104;115m  [38;2;3;180;215m██[38;2;47;101;153m██[38;2;78;57;79m██[38;2;97;66;75m  [38;2;255;255;255m    [38;2;175;197;218m  [38;2;14;33;47m  [38;2;17;64;132m██[38;2;14;33;47m  [38;2;51;105;162m    [38;2;14;29;45m  
[38;2;63;12;38m  [38;2;250;220;235m  [38;2;255;255;255m    [38;2;0;93;107m██[38;2;3;180;215m██[38;2;45;96;143m██[38;2;59;73;94m██[38;2;196;80;120m██[38;2;70;73;70m  [38;2;255;255;255m  [38;2;155;157;155m  [38;2;0;177;211m██[38;2;30;94;176m██[38;2;20;82;169m██[38;2;31;66;98m  [38;2;51;105;162m  [38;2;14;29;45m  
[38;2;63;12;38m  [38;2;250;220;235m  [38;2;255;255;255m  [38;2;74;77;74m  [38;2;25;98;117m██[38;2;1;162;201m██[38;2;36;110;130m██[38;2;39;99;177m██[38;2;200;64;104m██[38;2;151;91;113m  [38;2;223;223;223m  [38;2;155;157;155m  [38;2;0;177;211m██[38;2;23;55;85m  [38;2;6;27;49m██[38;2;14;43;76m  [38;2;51;105;162m  [38;2;14;29;45m  
[38;2;63;12;38m  [38;2;250;220;235m  [38;2;255;255;255m  [38;2;14;17;14m  [38;2;61;81;86m██[38;2;55;102;114m██[38;2;1;196;230m██[38;2;56;69;93m██[38;2;67;82;94m██[38;2;246;133;177m██[38;2;56;39;41m██[38;2;120;128;138m  [38;2;1;178;213m██[38;2;25;55;81m  [38;2;1;8;9m██[38;2;16;44;79m██[38;2;34;72;110m  [38;2;1;7;12m  
[38;2;63;12;38m  [38;2;250;220;235m  [38;2;255;255;255m  [38;2;14;17;14m  [38;2;67;68;67m██[38;2;74;79;77m██[38;2;52;184;209m██[38;2;60;71;88m██[38;2;40;99;177m██[38;2;148;96;116m██[38;2;210;118;150m██[38;2;37;98;112m██[38;2;25;128;207m██[38;2;25;55;81m  [38;2;36;77;117m  [38;2;20;60;110m██[38;2;39;53;72m██[38;2;6;27;49m██
[38;2;63;12;38m  [38;2;250;220;235m  [38;2;155;157;155m  [38;2;20;82;169m██[38;2;171;175;177m██[38;2;237;237;237m██[38;2;133;152;157m██[38;2;23;151;176m██[38;2;38;94;154m██[38;2;99;84;111m██[38;2;201;106;141m██[38;2;35;118;147m██[38;2;33;111;203m██[38;2;25;55;81m  [38;2;48;101;155m  [38;2;15;51;97m  [38;2;21;83;171m██[38;2;4;20;37m  
[38;2;26;25;43m  [38;2;228;227;238m  [38;2;155;157;155m  [38;2;131;147;169m██[38;2;107;108;107m██[38;2;92;91;92m██[38;2;141;164;169m██[38;2;56;88;93m██[38;2;50;102;113m██[38;2;163;176;192m██[38;2;45;89;151m██[38;2;15;160;220m██[38;2;34;108;202m██[38;2;25;55;81m  [38;2;51;105;162m  [38;2;19;43;63m  [38;2;18;73;149m██[38;2;0;1;0m  
[38;2;14;29;45m  [38;2;221;230;239m  [38;2;36;38;36m██[38;2;174;174;174m██[38;2;89;91;89m██[38;2;14;17;14m  [38;2;99;101;99m  [38;2;224;223;223m██[38;2;52;129;149m██[38;2;255;255;255m██[38;2;56;110;128m██[38;2;34;106;202m██[38;2;1;9;11m██[38;2;51;105;162m  [38;2;51;106;162m    [38;2;19;42;60m  [38;2;14;29;45m  
[38;2;14;29;45m  [38;2;61;73;80m  [38;2;186;187;186m██[38;2;179;179;179m██[38;2;89;91;89m██[38;2;14;17;14m  [38;2;99;101;99m  [38;2;223;223;223m██[38;2;86;85;86m██[38;2;213;213;213m██[38;2;97;96;97m██[38;2;24;76;143m██[38;2;36;77;117m  [38;2;51;105;162m        [38;2;14;29;45m  
[38;2;0;47;59m  [38;2;53;84;88m  [38;2;104;104;104m██[38;2;52;55;52m██[38;2;114;137;142m██[38;2;14;17;14m  [38;2;99;101;99m  [38;2;212;213;212m██[38;2;35;37;35m██[38;2;127;126;127m██[38;2;223;223;223m██[38;2;30;48;51m  [38;2;0;164;205m  [38;2;0;0;0m          
[38;2;0;47;59m  [38;2;53;84;88m  [38;2;82;82;82m██[38;2;96;95;96m██[38;2;23;154;182m██[38;2;50;51;50m  [38;2;141;143;141m  [38;2;212;213;212m██[38;2;138;139;138m  [38;2;53;55;53m██[38;2;119;119;119m██[38;2;82;100;102m  [38;2;0;164;205m  [38;2;0;0;0m          
[38;2;0;35;44m  [38;2;212;233;239m  [38;2;56;59;56m  [38;2;18;20;18m  [38;2;14;47;55m  [38;2;96;96;96m██[38;2;196;196;196m██[38;2;119;120;119m██[38;2;150;152;150m  [38;2;59;62;59m  [38;2;167;168;167m██[38;2;27;30;27m  [38;2;0;121;151m  [38;2;0;0;0m          
[38;2;0;0;0m  [38;2;53;53;53m  [38;2;56;56;56m  [38;2;18;17;18m  [38;2;8;8;8m  [38;2;42;45;42m  [38;2;27;29;27m  [38;2;7;8;7m  [38;2;12;13;12m  [38;2;46;46;46m  [38;2;0;1;0m  [38;2;27;27;27m  [38;2;0;0;0m            [0m
