
[38;2;0;0;0m                          [38;2;62;61;44m  [38;2;31;31;22m  [38;2;0;0;0m                            
[38;2;0;0;0m                        [38;2;191;187;134m██[38;2;253;248;179m██[38;2;223;218;157m██[38;2;151;131;109m  [38;2;0;0;0m  [38;2;191;187;135m██[38;2;154;154;119m██[38;2;0;0;0m                    
[38;2;0;0;0m                    [38;2;27;27;27m  [38;2;245;245;245m██[38;2;255;249;190m██[38;2;208;204;151m██[38;2;221;206;159m██[38;2;215;198;156m██[38;2;254;249;179m██████[38;2;238;233;191m██[38;2;25;24;20m  [38;2;0;0;0m                
[38;2;0;0;0m                    [38;2;218;214;162m██[38;2;255;254;245m██[38;2;189;187;177m██[38;2;169;148;126m██[38;2;170;161;128m██[38;2;112;110;93m██[38;2;188;184;139m██[38;2;254;249;179m██[38;2;254;248;179m██[38;2;255;253;242m██[38;2;216;213;196m██[38;2;0;0;0m                
[38;2;0;0;0m                [38;2;25;24;17m  [38;2;225;217;161m██[38;2;232;220;166m██[38;2;203;188;184m██[38;2;181;155;137m██[38;2;141;116;118m██[38;2;133;118;115m██[38;2;203;178;147m██[38;2;123;108;102m██[38;2;255;249;182m██[38;2;255;254;246m██[38;2;255;253;236m██[38;2;254;251;221m██[38;2;55;54;39m  [38;2;0;0;0m              
[38;2;0;0;0m                [38;2;66;58;58m██[38;2;234;222;169m██[38;2;193;189;142m██[38;2;182;158;142m██[38;2;161;121;151m██[38;2;189;148;191m██[38;2;191;137;198m██[38;2;161;123;141m██[38;2;154;131;130m██[38;2;119;116;98m██[38;2;255;248;190m██[38;2;218;202;158m██[38;2;254;249;179m██[38;2;223;218;158m██[38;2;0;0;0m              
[38;2;0;0;0m                [38;2;180;157;144m██[38;2;247;241;177m██[38;2;157;141;132m██[38;2;158;151;158m██[38;2;216;185;213m██[38;2;208;149;211m██[38;2;213;154;215m██[38;2;223;171;223m██[38;2;185;135;185m██[38;2;74;73;70m██[38;2;254;249;179m██[38;2;250;243;177m██[38;2;233;221;167m██[38;2;254;249;179m██[38;2;92;90;65m██[38;2;0;0;0m            
[38;2;0;0;0m    [38;2;45;32;46m  [38;2;115;81;116m██[38;2;0;0;0m      [38;2;135;118;97m  [38;2;184;167;149m██[38;2;254;249;179m██[38;2;118;95;121m██[38;2;218;172;221m██[38;2;199;171;202m██[38;2;205;148;212m██[38;2;230;192;229m██[38;2;66;65;66m██[38;2;228;183;229m██[38;2;169;126;171m██[38;2;193;189;142m██[38;2;253;247;179m██[38;2;225;210;162m██[38;2;254;249;180m██[38;2;96;92;71m██[38;2;0;0;0m            
[38;2;0;0;0m    [38;2;67;51;69m██[38;2;207;146;210m██[38;2;25;16;25m  [38;2;0;0;0m  [38;2;18;17;14m  [38;2;171;149;131m██[38;2;202;187;160m██[38;2;210;206;153m██[38;2;128;96;129m██[38;2;209;148;208m██[38;2;185;137;189m██[38;2;161;122;163m██[38;2;185;126;185m██[38;2;228;200;228m██[38;2;224;178;224m██[38;2;200;144;205m██[38;2;173;169;130m██[38;2;254;249;179m██[38;2;222;207;160m██[38;2;251;245;179m██[38;2;196;187;148m██[38;2;0;0;0m            
[38;2;39;28;41m  [38;2;153;111;159m██[38;2;117;85;117m██[38;2;149;105;152m██[38;2;137;92;139m██[38;2;17;11;17m  [38;2;106;96;80m██[38;2;146;123;136m██[38;2;255;250;179m██[38;2;81;80;74m██[38;2;137;84;132m██[38;2;163;112;165m██[38;2;173;134;171m██[38;2;104;94;103m██[38;2;224;154;228m██[38;2;220;155;216m██[38;2;187;132;191m██[38;2;157;110;159m██[38;2;173;169;130m██[38;2;254;249;179m██[38;2;222;207;160m██[38;2;241;233;174m██[38;2;181;155;144m██[38;2;41;40;41m  [38;2;0;0;0m    [38;2;78;53;78m  [38;2;119;86;123m  [38;2;0;0;0m  
[38;2;13;10;13m  [38;2;130;98;135m██[38;2;167;117;174m██[38;2;150;99;151m██[38;2;141;97;142m██[38;2;152;102;155m██[38;2;115;105;95m██[38;2;146;120;139m██[38;2;218;200;156m██[38;2;80;78;74m██[38;2;161;137;130m██[38;2;133;89;131m██[38;2;161;103;164m██[38;2;107;80;118m██[38;2;155;101;166m██[38;2;136;82;132m██[38;2;150;99;150m██[38;2;145;97;145m██[38;2;173;169;130m██[38;2;242;234;172m██[38;2;211;197;159m██[38;2;228;215;167m██[38;2;91;81;89m██[38;2;201;143;205m██[38;2;64;47;64m██[38;2;6;4;6m  [38;2;160;112;160m██[38;2;119;86;123m  [38;2;0;0;0m  
[38;2;0;0;0m  [38;2;0;1;0m  [38;2;56;40;56m██[38;2;99;72;102m██[38;2;183;133;190m██[38;2;155;109;160m██[38;2;77;74;72m██[38;2;134;110;131m██[38;2;203;179;147m██[38;2;76;74;72m██[38;2;154;119;97m██[38;2;209;173;104m██[38;2;122;74;116m██[38;2;151;96;151m██[38;2;93;75;95m██[38;2;86;72;86m██[38;2;121;86;121m██[38;2;147;97;147m██[38;2;151;139;116m██[38;2;205;181;148m██[38;2;170;146;144m██[38;2;195;171;146m██[38;2;158;137;130m██[38;2;117;94;119m██[38;2;155;108;156m██[38;2;119;79;119m██[38;2;160;109;162m██[38;2;39;33;41m  [38;2;0;1;0m  
[38;2;0;0;0m      [38;2;0;4;0m  [38;2;146;108;151m██[38;2;107;92;105m██[38;2;161;158;155m██[38;2;161;144;123m██[38;2;165;138;141m██[38;2;77;73;72m██[38;2;215;153;126m██[38;2;178;118;117m██[38;2;181;143;106m██[38;2;110;102;75m██[38;2;237;185;126m██[38;2;240;186;127m██[38;2;174;156;92m██[38;2;72;69;71m██[38;2;204;178;147m██[38;2;199;174;147m██[38;2;178;153;144m██[38;2;196;171;146m██[38;2;181;155;144m██[38;2;101;94;94m██[38;2;126;91;127m██[38;2;147;103;147m██[38;2;152;108;157m██[38;2;181;135;189m██[38;2;26;20;27m██
[38;2;0;0;0m        [38;2;7;7;7m  [38;2;43;42;41m  [38;2;169;167;159m██[38;2;80;79;79m██[38;2;165;137;138m██[38;2;173;151;129m██[38;2;147;77;136m██[38;2;209;87;189m██[38;2;219;184;99m██[38;2;219;122;167m██[38;2;243;64;192m██[38;2;225;88;192m██[38;2;217;153;142m██[38;2;72;69;77m██[38;2;202;179;147m██[38;2;158;132;140m██[38;2;196;173;147m██[38;2;194;171;146m██[38;2;181;155;144m██[38;2;108;103;97m██[38;2;168;152;158m██[38;2;76;65;77m██[38;2;10;7;10m  [38;2;51;37;53m██[38;2;13;9;13m  
[38;2;0;0;0m            [38;2;135;130;124m██[38;2;142;139;136m██[38;2;93;64;70m  [38;2;200;174;144m██[38;2;126;117;84m██[38;2;173;141;70m██[38;2;93;69;77m██[38;2;207;163;104m██[38;2;204;109;157m██[38;2;172;140;96m██[38;2;114;99;79m██[38;2;205;177;147m██[38;2;185;161;136m██[38;2;77;73;72m██[38;2;205;179;147m██[38;2;141;118;139m██[38;2;129;127;118m██[38;2;243;243;242m██[38;2;159;157;152m██[38;2;0;0;0m        
[38;2;0;0;0m            [38;2;59;20;47m  [38;2;163;56;131m  [38;2;131;51;115m  [38;2;103;73;87m██[38;2;143;128;106m██[38;2;170;78;157m██[38;2;178;80;146m██[38;2;177;80;159m██[38;2;96;89;64m██[38;2;99;89;75m██[38;2;122;108;98m██[38;2;199;173;144m██[38;2;141;86;126m██[38;2;77;73;72m██[38;2;205;178;147m██[38;2;32;26;32m██[38;2;168;167;165m██[38;2;169;165;160m██[38;2;61;59;56m██[38;2;0;0;0m        
[38;2;0;0;0m            [38;2;59;20;47m  [38;2;163;58;133m  [38;2;62;33;56m██[38;2;233;68;182m██[38;2;112;63;97m██[38;2;196;78;176m██[38;2;222;56;177m██[38;2;203;79;179m██[38;2;195;76;175m██[38;2;66;65;68m██[38;2;142;126;113m██[38;2;107;67;99m██[38;2;127;73;118m██[38;2;206;166;157m██[38;2;68;58;51m██[38;2;218;74;176m  [38;2;113;39;91m  [38;2;0;0;0m            
[38;2;0;0;0m            [38;2;56;23;51m  [38;2;155;68;140m██[38;2;155;60;134m██[38;2;250;57;191m██[38;2;254;60;195m██[38;2;180;56;157m██[38;2;255;56;194m██[38;2;177;56;155m██[38;2;211;89;189m██[38;2;206;77;181m██[38;2;185;80;169m██[38;2;204;80;176m██[38;2;188;83;171m██[38;2;113;81;106m██[38;2;152;79;139m██[38;2;74;25;59m  [38;2;217;74;176m  [38;2;0;0;0m            
[38;2;0;0;0m            [38;2;5;5;5m  [38;2;100;56;87m██[38;2;254;58;194m██[38;2;254;60;195m██[38;2;220;56;177m██[38;2;249;59;193m██[38;2;244;64;195m██[38;2;182;61;159m██[38;2;211;89;189m██[38;2;222;79;189m██[38;2;232;73;190m██[38;2;250;56;191m██[38;2;193;73;173m██[38;2;212;88;189m██[38;2;205;83;183m██[38;2;191;80;172m██[38;2;52;21;47m██[38;2;0;0;0m            
[38;2;0;0;0m            [38;2;197;48;151m██[38;2;249;57;190m██[38;2;254;57;194m████[38;2;212;56;173m██[38;2;253;59;195m██[38;2;215;58;175m██[38;2;210;73;178m██[38;2;211;89;189m██[38;2;222;79;189m██[38;2;249;61;194m██[38;2;253;59;194m██[38;2;206;60;172m██[38;2;211;88;189m██[38;2;205;83;183m██[38;2;175;63;156m██[38;2;77;39;76m██[38;2;0;0;0m            
[38;2;0;0;0m            [38;2;19;6;15m  [38;2;54;18;44m  [38;2;108;28;84m  [38;2;137;42;118m██[38;2;255;56;194m██[38;2;254;59;195m██[38;2;254;64;200m██[38;2;131;43;115m██[38;2;159;66;141m██[38;2;210;87;188m██[38;2;233;72;192m██[38;2;254;59;195m██[38;2;218;48;166m██[38;2;159;66;141m██[38;2;158;66;142m██[38;2;157;66;142m██[38;2;155;66;138m██[38;2;0;0;0m            
[38;2;0;0;0m            [38;2;19;6;15m  [38;2;54;18;44m  [38;2;32;11;26m  [38;2;0;0;0m  [38;2;63;14;48m██████[38;2;1;0;0m  [38;2;0;0;0m  [38;2;52;21;47m██[38;2;58;17;47m██[38;2;63;14;48m██[38;2;27;6;20m  [38;2;0;0;0m                    [0m
