
[38;2;0;0;0m                    [38;2;23;23;23m  [38;2;38;36;38m██[38;2;0;0;0m                                  
[38;2;0;0;0m                    [38;2;85;84;85m██[38;2;231;230;231m██[38;2;0;0;0m        [38;2;110;112;110m  [38;2;105;101;105m  [38;2;0;0;0m                      
[38;2;0;0;0m                    [38;2;38;38;38m  [38;2;229;227;229m██[38;2;15;15;15m  [38;2;85;49;34m  [38;2;166;97;67m██[38;2;1;4;7m  [38;2;111;113;111m██[38;2;191;186;194m██[38;2;0;0;0m                      
[38;2;0;0;0m                      [38;2;136;131;136m██[38;2;156;156;156m██[38;2;242;141;98m██[38;2;247;142;98m██[38;2;76;48;40m██[38;2;170;170;170m██[38;2;19;19;20m  [38;2;0;0;0m                      
[38;2;0;0;0m                    [38;2;126;111;107m  [38;2;83;55;49m██[38;2;151;151;151m██[38;2;201;116;77m██[38;2;133;115;104m██[38;2;198;198;197m██[38;2;113;82;70m██[38;2;149;149;149m  [38;2;109;109;109m  [38;2;0;0;0m                    
[38;2;0;0;0m        [38;2;66;63;66m  [38;2;153;151;146m██[38;2;113;113;113m  [38;2;0;0;0m      [38;2;238;139;95m██[38;2;240;144;98m██[38;2;157;154;153m██[38;2;197;194;195m██[38;2;224;224;224m██[38;2;77;70;66m██[38;2;243;142;98m██[38;2;228;148;113m  [38;2;2;2;2m  [38;2;0;0;0m                    
[38;2;0;0;0m        [38;2;181;181;181m██[38;2;164;163;161m██[38;2;162;162;160m██[38;2;22;20;22m██[38;2;0;0;0m  [38;2;62;68;146m██[38;2;81;63;70m██[38;2;103;98;99m██[38;2;161;159;158m██[38;2;193;192;191m██[38;2;148;147;147m██[38;2;254;253;253m██[38;2;170;132;116m██[38;2;123;77;98m██[38;2;59;42;48m██[38;2;0;0;0m    [38;2;88;87;84m██[38;2;159;158;157m██[38;2;153;152;150m██[38;2;21;21;21m  [38;2;0;0;0m        
[38;2;0;0;0m        [38;2;44;42;44m  [38;2;163;163;163m██[38;2;144;143;139m██[38;2;183;183;183m██[38;2;7;7;7m  [38;2;7;5;5m  [38;2;57;64;120m██[38;2;186;181;187m██[38;2;158;157;157m██[38;2;178;178;178m██[38;2;163;163;163m██[38;2;184;184;185m██[38;2;46;52;94m██[38;2;50;56;129m██[38;2;1;1;1m  [38;2;27;27;27m██[38;2;152;152;151m██[38;2;175;175;174m██[38;2;152;150;144m██[38;2;171;171;171m██[38;2;58;58;58m  [38;2;0;0;0m        
[38;2;0;0;0m            [38;2;66;65;66m██[38;2;155;155;155m██[38;2;140;139;140m██[38;2;48;50;54m██[38;2;59;66;127m██[38;2;58;65;123m██[38;2;132;133;134m██[38;2;168;168;168m██[38;2;69;71;89m██[38;2;49;53;103m██[38;2;52;59;141m██[38;2;53;55;69m██[38;2;124;124;125m██[38;2;153;153;153m██[38;2;161;160;156m██[38;2;156;156;156m██[38;2;75;74;75m██[38;2;0;0;0m            
[38;2;9;9;9m██[38;2;37;37;37m██[38;2;0;0;0m            [38;2;141;141;141m██[38;2;170;170;170m██[38;2;59;64;100m██[38;2;67;77;168m██[38;2;65;61;99m██[38;2;45;46;50m██[38;2;52;57;132m██[38;2;51;56;124m██[38;2;59;61;64m██[38;2;176;175;174m██[38;2;145;144;142m██[38;2;163;163;163m██[38;2;61;61;61m  [38;2;0;0;0m                
[38;2;20;20;20m  [38;2;215;215;215m██[38;2;175;175;175m████[38;2;0;0;0m          [38;2;40;40;55m  [38;2;145;145;145m██[38;2;53;57;87m██[38;2;180;100;70m██[38;2;195;128;104m██[38;2;51;53;68m██[38;2;112;112;114m██[38;2;163;163;163m██[38;2;89;88;87m██[38;2;58;58;58m██[38;2;2;1;2m  [38;2;0;0;0m                  
[38;2;0;0;0m  [38;2;152;152;152m  [38;2;255;255;255m████████[38;2;183;183;183m██[38;2;58;58;58m██[38;2;34;34;34m██[38;2;103;103;103m██[38;2;119;119;119m██[38;2;126;126;126m██[38;2;97;74;67m██[38;2;66;64;65m██[38;2;147;139;128m██[38;2;154;153;154m██[38;2;71;70;71m██[38;2;13;15;34m  [38;2;21;24;54m  [38;2;0;0;0m            [38;2;0;0;1m      [38;2;0;0;0m  
[38;2;0;0;0m    [38;2;255;255;255m████████████[38;2;172;172;172m██[38;2;201;201;201m██[38;2;202;202;202m██[38;2;69;68;69m██[38;2;137;136;139m██[38;2;193;193;193m██[38;2;181;181;181m██[38;2;65;64;65m██[38;2;71;70;74m██[38;2;11;13;29m  [38;2;4;5;12m  [38;2;0;0;0m          [38;2;102;100;106m  [38;2;183;185;186m██[38;2;177;178;179m██[38;2;145;147;148m██[38;2;50;50;50m██
[38;2;0;0;0m                  [38;2;14;16;36m  [38;2;155;155;155m██[38;2;71;70;71m██[38;2;129;128;132m██[38;2;142;142;142m██[38;2;163;163;163m██[38;2;183;183;182m██[38;2;219;219;219m██[38;2;192;192;192m██[38;2;203;203;203m██[38;2;255;255;255m████[38;2;252;252;253m██[38;2;248;248;249m██[38;2;234;232;237m██[38;2;231;228;234m██[38;2;221;218;226m██[38;2;223;220;227m██[38;2;184;183;186m██[38;2;0;0;0m  
[38;2;0;0;0m                  [38;2;45;52;116m  [38;2;40;33;65m  [38;2;96;79;77m██[38;2;182;113;83m██[38;2;172;119;99m██[38;2;107;76;97m██[38;2;56;61;129m██[38;2;57;56;57m██[38;2;35;35;35m██[38;2;29;29;29m██[38;2;55;55;55m██[38;2;255;255;255m██[38;2;189;190;191m██[38;2;222;219;226m██[38;2;240;239;242m██[38;2;234;232;237m██[38;2;253;253;253m██[38;2;252;252;252m██[38;2;22;22;23m  [38;2;0;0;0m  
[38;2;0;0;0m                  [38;2;2;2;2m  [38;2;139;138;140m██[38;2;253;253;254m██[38;2;178;140;124m██[38;2;185;136;121m██[38;2;181;177;197m██[38;2;153;89;66m██[38;2;44;24;17m  [38;2;0;0;0m        [38;2;0;2;4m  [38;2;98;99;100m  [38;2;125;123;130m██[38;2;199;197;202m██[38;2;221;221;222m██[38;2;173;173;175m██[38;2;0;0;0m    
[38;2;0;0;0m                  [38;2;218;218;218m  [38;2;228;226;231m██[38;2;203;198;210m██[38;2;80;58;55m██[38;2;248;247;247m██[38;2;255;255;255m██[38;2;247;242;240m██[38;2;157;90;63m██[38;2;0;0;0m              [38;2;10;10;10m  [38;2;11;15;19m██[38;2;4;5;6m  [38;2;0;0;0m    
[38;2;0;0;0m                  [38;2;180;180;180m██[38;2;235;220;213m██[38;2;179;122;96m██[38;2;0;0;0m  [38;2;0;3;7m  [38;2;221;220;223m██[38;2;200;194;207m██[38;2;191;144;121m██[38;2;0;0;0m                        
[38;2;0;0;0m                  [38;2;182;177;190m██[38;2;143;116;106m██[38;2;7;4;3m  [38;2;0;0;0m    [38;2;100;98;104m██[38;2;254;254;254m██[38;2;253;253;253m██[38;2;0;0;0m                        
[38;2;0;0;0m                [38;2;28;30;28m  [38;2;156;153;159m██[38;2;49;48;51m  [38;2;0;0;0m      [38;2;55;55;55m  [38;2;188;188;188m██[38;2;184;181;188m██[38;2;0;0;0m                        
[38;2;0;0;0m                [38;2;101;103;101m██[38;2;21;21;21m██[38;2;0;0;0m          [38;2;3;3;3m  [38;2;186;181;193m██[38;2;140;140;140m██[38;2;0;0;0m                      
[38;2;0;0;0m                [38;2;35;35;35m  [38;2;7;7;7m  [38;2;0;0;0m            [38;2;112;114;112m██[38;2;241;241;241m██[38;2;0;0;0m                      
[38;2;0;0;0m                                  [38;2;241;241;241m██[38;2;0;0;0m                      
[38;2;0;0;0m                                  [38;2;65;65;65m  [38;2;0;0;0m                      [0m
