
[38;2;7;8;4m  [38;2;5;6;3m  [38;2;0;0;0m  [38;2;40;41;36m  [38;2;29;30;27m  [38;2;24;30;15m  [38;2;27;32;16m                                                  [38;2;7;8;4m  
[38;2;27;33;17m  [38;2;21;25;13m  [38;2;122;128;112m██[38;2;166;173;152m██[38;2;56;58;54m██[38;2;95;116;59m  [38;2;104;126;64m                                                  [38;2;27;33;17m  
[38;2;0;0;0m  [38;2;80;81;76m██[38;2;94;98;85m██[38;2;69;80;56m██[38;2;83;90;70m  [38;2;36;40;29m██[38;2;28;30;25m██[38;2;102;124;62m  [38;2;104;126;64m      [38;2;70;85;44m  [38;2;65;77;42m  [38;2;104;126;64m    [38;2;67;81;43m    [38;2;104;126;64m                      [38;2;104;125;64m  [38;2;104;126;64m  [38;2;104;125;64m  [38;2;27;33;17m  
[38;2;0;0;0m  [38;2;143;149;131m██[38;2;123;128;113m██[38;2;74;91;47m  [38;2;38;40;34m██[38;2;95;107;75m██[38;2;60;66;48m██[38;2;102;124;62m  [38;2;104;126;64m  [38;2;22;27;13m  [38;2;104;126;64m  [38;2;18;21;14m██[38;2;61;71;47m██[38;2;104;126;64m  [38;2;44;53;27m  [38;2;133;156;98m██[38;2;40;46;30m██[38;2;104;126;64m  [38;2;33;40;20m  [38;2;104;126;63m  [38;2;104;126;64m                    [38;2;104;126;63m  [38;2;27;33;17m  
[38;2;27;33;17m  [38;2;21;25;13m  [38;2;151;159;140m██[38;2;21;23;19m██[38;2;63;76;39m  [38;2;110;115;102m██[38;2;81;87;70m██[38;2;62;64;57m██[38;2;40;49;28m  [38;2;122;147;84m██[38;2;60;73;38m  [38;2;18;21;14m██[38;2;89;104;66m██[38;2;68;83;42m  [38;2;51;61;33m  [38;2;120;139;88m██[38;2;79;96;48m  [38;2;65;78;42m  [38;2;104;119;79m██[38;2;60;72;36m  [38;2;104;126;64m          [38;2;84;102;52m  [38;2;68;83;42m    [38;2;32;36;24m██[38;2;32;37;25m██[38;2;75;91;46m  [38;2;27;33;17m  
[38;2;27;33;17m  [38;2;21;25;13m  [38;2;137;143;127m██[38;2;23;24;20m██[38;2;98;119;60m  [38;2;89;108;55m  [38;2;48;54;38m██[38;2;107;120;86m██[38;2;64;70;55m██[38;2;93;119;52m██[38;2;56;68;39m  [38;2;69;71;64m██[38;2;144;170;103m██[38;2;14;17;7m██[38;2;140;165;101m██[38;2;116;136;85m██[38;2;24;26;20m  [38;2;155;178;118m██[38;2;29;34;22m██[38;2;104;126;64m  [38;2;24;29;14m  [38;2;104;126;64m        [38;2;47;57;29m  [38;2;146;153;130m██[38;2;84;93;66m██[38;2;90;101;72m██[38;2;70;71;67m██[38;2;68;78;52m  [38;2;3;4;2m  
[38;2;27;33;17m  [38;2;104;126;64m  [38;2;47;50;42m██[38;2;149;159;134m██[38;2;40;49;25m  [38;2;104;126;64m  [38;2;71;78;59m  [38;2;83;88;75m██[38;2;152;158;158m██[38;2;68;69;66m██[38;2;115;141;74m██[38;2;145;171;104m██[38;2;171;196;130m██[38;2;128;154;87m██[38;2;164;190;123m██[38;2;94;116;59m██[38;2;149;171;114m██[38;2;88;107;61m██[38;2;86;105;54m  [38;2;58;70;37m  [38;2;75;90;51m██[38;2;66;80;41m  [38;2;104;126;64m  [38;2;53;64;33m  [38;2;68;71;63m██[38;2;51;59;43m██[38;2;91;102;70m██[38;2;59;69;47m██[38;2;80;89;67m██[38;2;158;164;147m██[38;2;135;141;123m██[38;2;18;18;16m  
[38;2;27;33;17m  [38;2;104;126;64m  [38;2;56;59;52m██[38;2;116;120;107m██[38;2;32;49;14m  [38;2;96;117;60m  [38;2;99;120;61m  [38;2;5;6;4m  [38;2;189;199;197m██[38;2;67;71;65m██[38;2;97;123;56m██[38;2;140;166;99m██[38;2;147;173;106m██[38;2;168;194;127m██[38;2;170;196;129m██[38;2;164;190;123m██[38;2;170;196;129m██[38;2;95;99;95m██[38;2;43;41;36m  [38;2;74;90;49m██[38;2;84;102;52m  [38;2;64;78;39m  [38;2;10;12;6m  [38;2;34;34;32m  [38;2;104;117;83m██[38;2;74;79;66m██[38;2;15;18;11m  [38;2;93;113;58m  [38;2;29;30;26m██[38;2;182;190;167m██[38;2;81;91;64m██[38;2;4;4;4m  
[38;2;27;33;17m  [38;2;104;126;64m  [38;2;63;71;50m  [38;2;109;119;93m██[38;2;170;196;129m██[38;2;112;114;108m██[38;2;52;57;42m██[38;2;186;196;195m██[38;2;125;129;129m██[38;2;206;110;129m██[38;2;114;131;90m██[38;2;170;196;129m██[38;2;171;197;130m██[38;2;139;163;103m██[38;2;121;135;99m██[38;2;127;141;103m██[38;2;80;83;74m██[38;2;189;199;197m██[38;2;189;199;198m██[38;2;58;71;36m██[38;2;59;76;43m  [38;2;51;61;34m  [38;2;137;147;118m██[38;2;92;101;75m██[38;2;56;63;43m██[38;2;70;77;57m  [38;2;66;75;41m  [38;2;62;67;55m██[38;2;173;179;160m██[38;2;95;93;85m██[38;2;21;25;13m  [38;2;27;33;17m  
[38;2;27;33;17m  [38;2;104;126;64m  [38;2;69;84;42m  [38;2;147;170;112m██[38;2;171;197;130m██[38;2;176;201;137m██[38;2;214;226;195m██[38;2;74;74;74m██[38;2;125;129;129m██[38;2;226;127;148m██[38;2;130;133;95m██[38;2;171;197;130m████[38;2;50;73;18m██[38;2;174;93;118m██[38;2;243;126;159m████[38;2;107;110;110m██[38;2;189;199;198m██[38;2;133;148;123m██[38;2;113;139;75m██[38;2;39;44;30m██[38;2;95;108;73m██[38;2;93;97;85m██[38;2;96;116;59m  [38;2;3;4;2m  [38;2;102;105;95m██[38;2;152;159;140m██[38;2;157;165;145m██[38;2;6;9;5m██[38;2;99;119;60m  [38;2;27;33;17m  
[38;2;27;33;17m  [38;2;104;126;64m  [38;2;69;84;43m  [38;2;109;131;73m██[38;2;159;185;118m██[38;2;172;198;131m██[38;2;234;240;223m██[38;2;173;198;132m██[38;2;163;162;163m██[38;2;152;152;152m██[38;2;135;143;122m██[38;2;168;194;127m██[38;2;91;99;81m██[38;2;156;98;109m██[38;2;135;106;114m██[38;2;122;126;126m██[38;2;79;79;80m██[38;2;132;137;137m████[38;2;116;127;97m██[38;2;114;126;95m██[38;2;104;112;85m██[38;2;75;82;63m██[38;2;37;45;28m  [38;2;46;52;36m██[38;2;151;160;136m██[38;2;175;183;161m██[38;2;69;75;59m██[38;2;55;67;34m  [38;2;104;126;64m  [38;2;103;126;64m  [38;2;27;33;17m  
[38;2;27;33;17m  [38;2;104;126;64m  [38;2;103;125;63m  [38;2;16;19;10m  [38;2;105;112;88m██[38;2;132;158;91m██[38;2;172;198;132m██[38;2;172;198;131m██[38;2;163;162;163m██[38;2;255;255;255m██[38;2;252;252;252m██[38;2;88;87;87m██[38;2;251;251;251m██[38;2;186;194;194m████[38;2;160;166;166m██[38;2;208;208;208m██[38;2;227;234;215m██[38;2;134;160;94m██[38;2;171;197;130m████[38;2;170;196;129m██[38;2;127;152;87m██[38;2;146;148;143m██[38;2;179;185;167m██[38;2;184;191;173m██[38;2;11;13;7m  [38;2;101;123;62m  [38;2;104;126;64m      [38;2;27;33;17m  
[38;2;27;33;17m  [38;2;104;126;64m  [38;2;64;73;49m  [38;2;82;88;71m██[38;2;76;88;55m██[38;2;97;109;76m██[38;2;137;163;96m██[38;2;98;111;77m██[38;2;176;179;180m██[38;2;255;255;255m██[38;2;235;238;238m██[38;2;225;229;229m██[38;2;255;255;255m██████[38;2;120;126;118m██[38;2;186;199;165m██[38;2;165;191;124m██[38;2;167;193;126m██[38;2;171;197;130m██████[38;2;150;176;109m██[38;2;120;128;107m██[38;2;122;124;116m██[38;2;43;50;34m  [38;2;104;126;64m          [38;2;27;33;17m  
[38;2;27;33;17m  [38;2;102;123;62m  [38;2;61;64;56m██[38;2;106;118;85m██[38;2;2;2;1m  [38;2;59;58;59m  [38;2;126;152;85m██[38;2;69;68;68m██[38;2;186;194;194m██[38;2;189;197;197m██[38;2;190;198;198m██[38;2;186;194;194m██[38;2;189;197;197m██[38;2;253;253;253m██[38;2;208;207;208m██[38;2;81;87;71m██[38;2;129;155;88m██[38;2;142;168;101m██[38;2;171;197;130m████[38;2;134;160;93m██[38;2;147;173;106m██[38;2;171;197;130m██[38;2;150;176;109m██[38;2;127;153;86m██[38;2;58;70;39m██[38;2;101;123;62m  [38;2;103;125;63m  [38;2;104;126;64m  [38;2;104;125;64m  [38;2;104;126;64m  [38;2;27;33;17m  
[38;2;27;33;17m  [38;2;21;25;13m  [38;2;122;133;103m██[38;2;13;14;10m██[38;2;104;126;64m  [38;2;59;72;36m  [38;2;61;67;51m██[38;2;187;196;195m██[38;2;132;137;137m██[38;2;226;229;229m██[38;2;255;255;255m██[38;2;163;163;163m██[38;2;122;126;126m██[38;2;177;186;185m██[38;2;105;116;91m██[38;2;137;163;96m██[38;2;171;197;130m██████[38;2;155;181;114m██[38;2;167;193;126m██[38;2;140;166;99m██[38;2;169;195;128m██[38;2;171;197;130m██[38;2;128;154;87m██[38;2;93;104;75m██[38;2;50;57;39m██[38;2;48;57;33m  [38;2;104;126;64m      [38;2;27;33;17m  
[38;2;25;31;15m  [38;2;28;32;19m  [38;2;68;75;55m██[38;2;89;108;55m  [38;2;104;125;64m  [38;2;104;126;64m  [38;2;56;68;35m  [38;2;186;195;194m██[38;2;223;226;226m██[38;2;255;255;255m████████[38;2;96;96;94m██[38;2;162;183;130m██[38;2;171;197;130m████████[38;2;170;196;129m██[38;2;136;162;95m██[38;2;148;174;107m██[38;2;172;197;131m██[38;2;149;175;108m██[38;2;128;154;87m██[38;2;57;69;38m  [38;2;43;48;39m██[38;2;40;45;31m██[38;2;98;119;60m  [38;2;104;125;64m  [38;2;104;126;64m  [38;2;27;33;17m  
[38;2;0;0;0m  [38;2;101;110;86m██[38;2;65;72;51m██[38;2;89;108;54m  [38;2;104;126;64m    [38;2;84;102;51m  [38;2;79;83;82m  [38;2;203;210;210m██[38;2;255;255;255m████████[38;2;131;137;132m██[38;2;120;141;86m██[38;2;169;195;128m██[38;2;171;197;130m██[38;2;152;178;111m██[38;2;169;195;128m██[38;2;118;139;85m██[38;2;145;169;106m██[38;2;145;171;104m██[38;2;147;173;106m██[38;2;128;154;87m██[38;2;125;151;85m██[38;2;56;68;34m  [38;2;58;74;39m  [38;2;68;74;58m██[38;2;14;17;9m  [38;2;104;126;64m    [38;2;27;33;17m  
[38;2;45;47;41m██[38;2;105;117;84m██[38;2;36;45;22m  [38;2;102;124;63m  [38;2;104;126;64m        [38;2;97;102;102m██[38;2;198;205;205m██[38;2;255;255;255m████[38;2;250;251;251m██[38;2;189;199;198m██[38;2;102;104;105m██[38;2;137;163;96m██[38;2;166;192;125m██[38;2;111;130;81m██[38;2;143;162;111m██[38;2;114;116;110m██[38;2;64;66;59m██[38;2;96;107;78m██[38;2;122;146;85m██[38;2;121;145;84m██[38;2;69;68;68m██[38;2;47;52;37m██[38;2;96;117;59m  [38;2;60;66;48m  [38;2;139;148;122m██[38;2;66;80;40m  [38;2;104;126;64m  [38;2;27;33;17m  
[38;2;6;6;6m  [38;2;85;106;52m██[38;2;44;60;32m  [38;2;98;119;60m  [38;2;104;126;64m        [38;2;68;76;58m  [38;2;253;253;253m██[38;2;237;239;239m██[38;2;214;219;219m██[38;2;198;204;204m██[38;2;175;184;183m██[38;2;123;135;106m██[38;2;128;154;87m██[38;2;129;154;88m██[38;2;129;155;88m██[38;2;76;80;69m██[38;2;144;150;150m██[38;2;133;138;138m██[38;2;132;145;110m██[38;2;140;146;144m██[38;2;105;107;108m██[38;2;149;156;136m██[38;2;59;63;50m██[38;2;104;126;64m  [38;2;40;54;29m  [38;2;89;112;52m██[38;2;55;67;33m  [38;2;104;126;64m  [38;2;27;33;17m  
[38;2;3;4;2m  [38;2;89;108;60m  [38;2;43;53;27m  [38;2;104;126;64m  [38;2;104;126;63m  [38;2;104;126;64m    [38;2;103;126;64m  [38;2;56;66;40m  [38;2;189;197;197m██[38;2;179;187;186m██[38;2;189;198;197m██[38;2;189;197;197m██[38;2;94;99;99m██[38;2;137;158;111m██[38;2;80;86;71m██[38;2;129;155;88m██[38;2;108;126;80m██[38;2;167;175;175m██[38;2;110;113;113m██[38;2;141;163;112m██[38;2;177;187;186m██[38;2;21;24;16m  [38;2;7;9;4m  [38;2;236;241;229m██[38;2;136;146;117m██[38;2;8;9;5m  [38;2;49;59;30m  [38;2;95;115;64m  [38;2;74;90;45m  [38;2;104;126;64m  [38;2;27;33;17m  
[38;2;27;33;17m  [38;2;75;91;46m  [38;2;104;126;64m            [38;2;97;102;102m██[38;2;189;196;196m██[38;2;164;171;171m██[38;2;116;120;120m██[38;2;189;198;197m██[38;2;65;70;63m  [38;2;50;61;33m  [38;2;47;52;37m██[38;2;127;153;86m██[38;2;122;145;85m██[38;2;107;112;105m██[38;2;37;38;38m██[38;2;175;184;183m██[38;2;66;74;56m  [38;2;102;123;62m  [38;2;86;105;53m  [38;2;81;83;79m██[38;2;136;146;119m██[38;2;8;9;5m  [38;2;104;126;64m  [38;2;73;89;45m  [38;2;104;126;64m    [38;2;27;33;17m  
[38;2;27;33;17m  [38;2;103;126;64m  [38;2;104;126;64m            [38;2;50;61;31m  [38;2;189;197;197m██[38;2;169;177;177m██[38;2;140;147;145m  [38;2;18;22;11m  [38;2;103;126;64m  [38;2;104;126;64m  [38;2;84;101;51m  [38;2;84;101;56m  [38;2;112;135;76m██[38;2;41;49;27m██[38;2;92;111;56m  [38;2;28;33;17m  [38;2;104;126;64m      [38;2;3;3;3m██[38;2;205;210;195m██[38;2;37;40;33m  [38;2;96;117;59m  [38;2;104;126;64m    [38;2;103;126;64m  [38;2;27;33;17m  
[38;2;27;33;17m  [38;2;104;126;64m      [38;2;103;126;64m  [38;2;104;125;64m  [38;2;103;125;64m  [38;2;104;126;64m  [38;2;87;106;54m  [38;2;56;59;59m██[38;2;66;76;50m  [38;2;76;92;46m  [38;2;104;126;64m    [38;2;104;125;64m  [38;2;104;126;64m  [38;2;80;97;49m  [38;2;62;75;39m  [38;2;38;45;25m██[38;2;84;101;51m  [38;2;104;125;64m  [38;2;104;126;64m    [38;2;68;83;42m  [38;2;128;134;118m██[38;2;143;146;138m██[38;2;95;92;84m██[38;2;63;78;39m  [38;2;104;126;64m    [38;2;103;126;64m  [38;2;27;33;17m  
[38;2;0;0;0m  [38;2;129;150;97m  [38;2;163;189;121m        [38;2;163;189;122m  [38;2;163;189;121m  [38;2;163;189;122m  [38;2;163;189;121m  [38;2;163;189;122m  [38;2;163;189;121m                    [38;2;163;189;122m  [38;2;163;189;121m  [38;2;163;189;122m  [38;2;35;41;26m  [38;2;99;123;64m██[38;2;94;113;63m  [38;2;113;131;84m  [38;2;163;189;121m  [38;2;53;62;40m  [38;2;0;0;0m    
[38;2;0;0;0m  [38;2;129;150;97m  [38;2;163;189;121m    [38;2;163;188;121m  [38;2;163;189;121m                [38;2;163;188;121m  [38;2;163;189;121m      [38;2;163;189;122m  [38;2;163;189;121m            [38;2;160;186;120m  [38;2;91;106;70m██[38;2;12;14;9m  [38;2;163;189;121m  [38;2;163;188;121m  [38;2;53;62;40m  [38;2;0;0;0m    [0m
