
[38;2;13;8;16m  [38;2;51;33;63m  [38;2;5;5;5m  [38;2;32;18;45m██[38;2;22;11;32m  [38;2;45;29;56m  [38;2;51;33;63m    [38;2;0;0;0m  [38;2;51;42;62m  [38;2;51;37;63m██[38;2;48;31;62m  [38;2;28;18;34m  [38;2;51;33;63m              [38;2;13;8;16m  
[38;2;53;35;66m  [38;2;205;135;255m  [38;2;37;22;52m██[38;2;137;73;199m██[38;2;128;67;186m██[38;2;57;36;74m  [38;2;205;135;255m  [38;2;62;40;77m  [38;2;154;111;191m██[38;2;210;171;253m██[38;2;210;167;255m██[38;2;198;127;253m██[38;2;95;61;121m  [38;2;205;135;255m              [38;2;53;35;66m  
[38;2;13;8;16m  [38;2;50;32;63m██[38;2;82;67;97m██[38;2;90;68;111m██[38;2;122;71;170m██[38;2;61;46;76m██[38;2;38;32;44m██[38;2;186;120;237m██[38;2;200;128;255m██[38;2;175;145;208m██[38;2;187;137;231m██[38;2;200;128;255m██[38;2;90;57;115m██[38;2;205;135;255m              [38;2;53;35;66m  
[38;2;40;22;56m██[38;2;190;119;246m██[38;2;152;99;195m██[38;2;90;68;111m██[38;2;175;146;207m██[38;2;207;169;249m██[38;2;188;128;235m██[38;2;197;126;251m██[38;2;154;106;190m██[38;2;164;111;205m██[38;2;161;99;212m██[38;2;200;128;255m██[38;2;90;57;115m██[38;2;205;135;255m              [38;2;53;35;66m  
[38;2;13;8;16m  [38;2;94;50;134m  [38;2;200;128;255m██████[38;2;187;116;243m██[38;2;200;128;255m██[38;2;168;113;210m██[38;2;130;92;162m██[38;2;182;113;238m██[38;2;200;128;255m██[38;2;180;111;236m██[38;2;112;73;139m  [38;2;205;135;255m              [38;2;53;35;66m  
[38;2;53;35;66m  [38;2;164;108;204m  [38;2;96;61;122m██[38;2;200;128;255m██[38;2;184;113;241m██[38;2;181;111;239m██[38;2;159;108;197m██[38;2;199;198;200m██[38;2;132;72;189m██[38;2;84;67;101m██[38;2;50;32;63m██[38;2;38;20;54m  [38;2;181;119;226m  [38;2;205;135;255m              [38;2;53;35;66m  
[38;2;53;35;66m  [38;2;43;28;54m  [38;2;175;121;229m██[38;2;202;135;255m██[38;2;184;113;241m██[38;2;181;111;239m██[38;2;120;120;120m██[38;2;237;237;237m██[38;2;222;180;255m██[38;2;156;88;218m██[38;2;70;36;102m██[38;2;205;135;255m                  [38;2;53;35;66m  
[38;2;13;8;16m  [38;2;135;109;163m  [38;2;212;173;255m██[38;2;202;135;255m██[38;2;200;128;255m██[38;2;97;74;118m██[38;2;113;113;113m██[38;2;213;163;251m██[38;2;200;128;255m██[38;2;156;88;218m██[38;2;70;36;102m██[38;2;205;135;255m                  [38;2;53;35;66m  
[38;2;0;0;0m  [38;2;166;135;200m██[38;2;206;151;255m██[38;2;185;109;236m██[38;2;200;128;255m██████[38;2;168;113;210m██[38;2;135;100;149m██[38;2;139;74;201m██[38;2;81;48;92m  [38;2;210;143;222m            [38;2;205;135;255m      [38;2;53;35;66m  
[38;2;40;26;50m  [38;2;74;55;91m  [38;2;169;100;229m██[38;2;185;109;236m██[38;2;163;111;204m██[38;2;98;80;112m████[38;2;157;127;105m██[38;2;176;140;110m██[38;2;142;75;202m██[38;2;52;45;39m  [38;2;227;169;123m    [38;2;56;42;30m  [38;2;158;117;85m  [38;2;227;169;123m    [38;2;205;135;255m      [38;2;53;35;66m  
[38;2;53;35;66m  [38;2;205;135;255m  [38;2;56;42;30m  [38;2;97;53;133m  [38;2;119;76;130m██[38;2;145;114;88m██[38;2;194;152;118m██[38;2;194;153;118m██[38;2;185;131;168m██[38;2;122;72;171m██[38;2;111;111;106m██[38;2;19;18;18m  [38;2;102;81;66m  [38;2;175;176;177m██[38;2;47;53;57m██[38;2;227;169;122m  [38;2;227;169;123m  [38;2;205;135;255m      [38;2;53;35;66m  
[38;2;53;35;66m  [38;2;205;135;255m  [38;2;227;169;123m  [38;2;180;133;97m  [38;2;171;126;92m    [38;2;125;101;78m██[38;2;239;195;149m██[38;2;230;172;202m██[38;2;68;66;69m██[38;2;154;154;149m██[38;2;150;150;150m██[38;2;159;159;159m██[38;2;173;173;173m██[38;2;99;99;96m██[38;2;77;57;41m  [38;2;227;169;123m  [38;2;205;135;255m      [38;2;53;35;66m  
[38;2;53;35;66m  [38;2;205;135;255m  [38;2;227;169;123m    [38;2;207;153;112m  [38;2;171;126;92m  [38;2;141;115;88m██[38;2;255;209;160m██[38;2;222;161;215m██[38;2;68;66;69m██[38;2;169;171;173m██[38;2;149;149;149m██[38;2;93;93;93m██[38;2;153;153;153m██[38;2;161;161;158m██[38;2;124;124;117m██[38;2;28;28;26m██[38;2;46;40;59m  [38;2;189;124;235m  [38;2;205;135;255m  [38;2;53;35;66m  
[38;2;53;35;66m  [38;2;205;135;255m  [38;2;227;169;123m  [38;2;227;169;122m  [38;2;84;75;67m  [38;2;59;59;59m██[38;2;255;209;160m████[38;2;200;128;255m██[38;2;68;66;69m██[38;2;138;147;155m██[38;2;151;151;151m██[38;2;179;179;179m██[38;2;73;73;73m██[38;2;179;179;179m██[38;2;163;163;161m██[38;2;132;132;125m██[38;2;107;110;109m██[38;2;141;93;176m  [38;2;205;135;255m  [38;2;53;35;66m  
[38;2;53;35;66m  [38;2;205;135;255m  [38;2;227;169;123m  [38;2;180;133;97m  [38;2;45;45;44m██[38;2;232;191;148m██[38;2;255;209;160m████[38;2;200;128;255m████[38;2;108;108;108m██[38;2;118;131;143m██[38;2;140;149;156m██[38;2;179;179;179m████[38;2;139;139;131m██[38;2;116;116;109m██[38;2;76;50;95m  [38;2;205;135;255m    [38;2;53;35;66m  
[38;2;53;35;66m  [38;2;205;135;255m  [38;2;227;169;123m  [38;2;38;28;20m  [38;2;112;112;107m██[38;2;232;191;148m██[38;2;255;209;160m████[38;2;200;128;255m████[38;2;115;88;136m██[38;2;95;95;95m██[38;2;168;171;173m██[38;2;122;134;145m██[38;2;161;161;158m██[38;2;139;139;131m██[38;2;80;80;78m██[38;2;76;50;95m  [38;2;205;135;255m    [38;2;53;35;66m  
[38;2;53;35;66m  [38;2;205;135;255m  [38;2;227;169;123m  [38;2;85;63;46m  [38;2;122;105;88m██[38;2;255;209;160m██████[38;2;207;139;241m██[38;2;200;128;255m██[38;2;168;89;223m██[38;2;97;80;111m██[38;2;127;127;127m██[38;2;95;95;95m██[38;2;120;120;114m██[38;2;116;116;110m██[38;2;96;96;92m██[38;2;76;50;95m  [38;2;205;135;255m    [38;2;53;35;66m  
[38;2;53;35;66m  [38;2;205;135;255m  [38;2;227;169;123m  [38;2;227;169;122m  [38;2;91;74;57m██[38;2;255;209;160m██████[38;2;230;172;202m██[38;2;200;128;255m██[38;2;149;65;205m██[38;2;199;127;253m██[38;2;126;102;145m██[38;2;95;95;95m██[38;2;120;120;114m██[38;2;116;116;110m██[38;2;61;61;60m██[38;2;76;50;95m  [38;2;205;135;255m    [38;2;53;35;66m  
[38;2;53;35;66m  [38;2;205;135;255m  [38;2;227;169;123m  [38;2;180;133;97m  [38;2;84;72;59m██[38;2;249;204;157m██[38;2;255;209;160m████[38;2;236;181;192m██[38;2;200;128;254m██[38;2;180;104;236m██[38;2;199;127;254m██[38;2;161;92;221m██[38;2;136;73;197m██[38;2;84;67;99m██[38;2;90;68;112m██[38;2;141;73;205m██[38;2;123;64;179m██[38;2;35;18;51m██[38;2;164;108;204m  [38;2;53;35;66m  
[38;2;53;35;66m  [38;2;84;55;104m  [38;2;56;42;30m  [38;2;97;53;133m  [38;2;101;69;132m██[38;2;232;191;148m██[38;2;255;209;160m██████[38;2;241;189;183m██[38;2;200;128;255m██[38;2;155;87;217m██[38;2;141;73;205m██[38;2;140;73;205m██[38;2;107;69;142m██[38;2;180;133;139m██[38;2;87;59;82m██[38;2;35;18;51m████[38;2;164;108;204m  [38;2;53;35;66m  
[38;2;13;8;16m  [38;2;156;96;204m██[38;2;171;101;230m██[38;2;141;73;205m████[38;2;102;85;93m██[38;2;220;179;137m██[38;2;236;192;147m██[38;2;239;195;149m██[38;2;195;154;118m██[38;2;174;123;150m██[38;2;122;71;170m██[38;2;141;73;205m██[38;2;85;68;100m██[38;2;98;80;112m██[38;2;92;74;106m██[38;2;127;92;82m  [38;2;153;101;191m      [38;2;40;26;50m  
[38;2;13;8;16m  [38;2;38;21;53m██[38;2;180;133;139m██████[38;2;64;49;42m██[38;2;98;74;54m  [38;2;57;44;33m  [38;2;48;38;29m██████[38;2;205;170;137m██[38;2;141;73;205m██[38;2;186;115;243m██[38;2;200;128;255m████[38;2;167;107;214m██[38;2;150;96;191m██████[38;2;39;25;50m  
[38;2;40;26;50m  [38;2;153;101;191m  [38;2;56;42;30m      [38;2;207;153;112m  [38;2;227;169;123m          [38;2;60;44;32m  [38;2;191;156;120m██[38;2;169;107;193m████████[38;2;150;96;191m████[38;2;0;0;0m    
[38;2;0;0;0m    [38;2;56;42;30m                  [38;2;55;41;30m  [38;2;0;0;0m  [38;2;63;52;40m████████[38;2;0;0;0m        [0m
