
[38;2;0;0;0m            [38;2;49;22;65m██[38;2;0;0;0m                                              
[38;2;0;0;0m            [38;2;182;84;243m██[38;2;147;68;197m██[38;2;0;0;0m      [38;2;22;13;27m  [38;2;166;99;205m██[38;2;148;79;205m██[38;2;39;21;54m  [38;2;0;0;0m                              
[38;2;0;0;0m            [38;2;103;59;139m██[38;2;141;78;182m██[38;2;114;85;131m██[38;2;71;42;88m██[38;2;54;28;70m██[38;2;190;95;244m██[38;2;204;118;253m██[38;2;205;120;254m  [38;2;186;91;245m██[38;2;46;21;61m  [38;2;0;0;0m                            
[38;2;0;0;0m        [38;2;161;75;215m██[38;2;10;5;14m  [38;2;88;54;108m██[38;2;189;116;233m██[38;2;206;122;255m██[38;2;184;100;240m██[38;2;151;78;208m██[38;2;182;85;243m██[38;2;138;76;192m██[38;2;129;74;182m██[38;2;182;85;243m██[38;2;133;62;178m██[38;2;0;0;0m                            
[38;2;0;0;0m        [38;2;96;53;136m██[38;2;180;88;237m██[38;2;136;70;195m██[38;2;195;106;250m██[38;2;188;95;246m██[38;2;184;93;244m██[38;2;183;88;244m██[38;2;169;82;227m██[38;2;151;78;201m██[38;2;173;82;233m██[38;2;170;84;228m██[38;2;109;53;154m██[38;2;0;0;0m                            
[38;2;0;0;0m        [38;2;1;1;2m  [38;2;170;79;228m██[38;2;182;85;243m██████████[38;2;166;82;220m██[38;2;97;68;130m██[38;2;182;84;243m██[38;2;127;65;187m██[38;2;8;1;4m  [38;2;0;0;0m                            
[38;2;0;0;0m          [38;2;58;30;79m  [38;2;184;92;249m██[38;2;182;85;243m██[38;2;143;74;200m██[38;2;178;84;238m██[38;2;137;111;162m██[38;2;136;89;188m██[38;2;143;78;184m██[38;2;72;33;97m██[38;2;0;0;0m                                
[38;2;0;0;0m        [38;2;3;1;3m  [38;2;192;115;238m██[38;2;194;105;249m██[38;2;182;85;243m██[38;2;145;75;202m██[38;2;170;236;241m██[38;2;196;212;193m██[38;2;236;216;212m██[38;2;180;84;241m██[38;2;84;52;124m██[38;2;0;0;0m      [38;2;66;65;68m██[38;2;198;195;206m██[38;2;118;116;123m██[38;2;0;0;0m                    
[38;2;0;0;0m        [38;2;82;49;102m██[38;2;206;123;255m██[38;2;187;93;246m██[38;2;182;85;243m██[38;2;128;74;169m██[38;2;48;107;147m██[38;2;203;175;213m██[38;2;175;82;234m██[38;2;113;65;160m██[38;2;84;52;124m██[38;2;0;0;0m      [38;2;91;90;94m██[38;2;198;195;206m██[38;2;137;137;141m██[38;2;4;4;4m  [38;2;0;0;0m                  
[38;2;0;0;0m        [38;2;81;47;101m██[38;2;182;86;244m██[38;2;176;83;238m██[38;2;182;85;243m██[38;2;175;86;231m██[38;2;151;65;219m██[38;2;109;71;131m██[38;2;95;85;80m██[38;2;135;95;146m██[38;2;24;26;24m██[38;2;112;118;112m██[38;2;12;13;12m██[38;2;159;157;166m██[38;2;154;152;159m██[38;2;177;175;184m██[38;2;153;155;156m██[38;2;72;76;72m██[38;2;22;22;23m██[38;2;0;0;0m                
[38;2;0;0;0m        [38;2;25;11;33m  [38;2;174;81;233m██[38;2;112;55;153m██[38;2;63;29;84m██[38;2;137;107;109m██[38;2;149;123;105m██[38;2;176;141;118m██[38;2;194;153;127m██[38;2;135;95;146m██[38;2;41;42;41m██[38;2;70;74;70m██[38;2;130;135;132m██[38;2;188;186;196m██[38;2;181;174;186m  [38;2;138;140;140m██[38;2;159;158;163m██[38;2;169;170;174m██[38;2;189;187;196m██[38;2;0;0;0m██              
[38;2;0;0;0m                [38;2;28;28;28m  [38;2;97;86;81m██[38;2;194;153;127m██[38;2;194;154;127m██[38;2;135;95;146m██[38;2;77;78;77m██[38;2;152;152;154m██[38;2;162;161;166m██[38;2;179;178;185m██[38;2;183;182;190m  ██[38;2;192;190;200m██[38;2;197;194;205m██[38;2;169;170;174m██[38;2;33;32;33m██[38;2;0;0;0m              
[38;2;0;0;0m                  [38;2;234;198;159m██[38;2;194;154;127m██[38;2;185;145;129m██[38;2;94;73;109m██[38;2;69;68;69m██[38;2;111;117;111m██[38;2;177;177;183m████████[38;2;136;141;137m██[38;2;142;147;144m██[38;2;123;124;125m██[38;2;91;93;91m██[38;2;0;0;0m              
[38;2;0;0;0m                  [38;2;250;215;172m██[38;2;200;160;132m██[38;2;182;142;131m██[38;2;79;65;96m██[38;2;110;116;110m██[38;2;137;142;139m██[38;2;143;147;145m██████[38;2;157;159;160m██[38;2;177;177;183m██[38;2;160;162;164m██[38;2;126;126;126m██[38;2;107;112;107m██[38;2;60;61;59m██[38;2;32;53;53m██[38;2;28;53;53m██[38;2;0;0;0m        
[38;2;0;0;0m                [38;2;83;66;54m  [38;2;253;219;175m██[38;2;246;211;169m██[38;2;232;189;174m██[38;2;100;70;119m██[38;2;114;120;114m██[38;2;133;139;134m██[38;2;137;142;138m████[38;2;150;154;153m██[38;2;182;181;189m██[38;2;183;182;190m██[38;2;164;165;168m██[38;2;150;149;154m██[38;2;112;117;112m██[38;2;91;89;87m██[38;2;103;144;144m██[38;2;119;143;137m██[38;2;86;160;159m████[38;2;0;0;0m    
[38;2;0;0;0m  [38;2;70;70;70m  [38;2;0;0;0m      [38;2;34;64;63m  [38;2;37;68;68m████[38;2;143;127;107m██[38;2;252;218;175m██[38;2;253;218;175m██[38;2;243;201;184m██[38;2;131;76;166m██[38;2;161;159;167m██[38;2;162;163;166m██[38;2;172;172;177m██[38;2;179;178;185m██[38;2;170;171;175m██[38;2;148;152;151m██[38;2;143;146;146m██[38;2;107;108;109m██[38;2;102;101;104m████[38;2;113;116;114m██[38;2;43;49;47m  [38;2;92;152;152m██[38;2;117;154;149m██[38;2;124;145;143m██[38;2;63;70;70m  [38;2;0;0;0m  
[38;2;54;62;60m  [38;2;192;246;243m██[38;2;111;148;145m  [38;2;83;152;151m  [38;2;94;176;176m██[38;2;119;140;134m██[38;2;121;137;131m████[38;2;165;146;123m██[38;2;253;219;175m████[38;2;243;201;184m██[38;2;181;85;243m██[38;2;151;82;195m██[38;2;81;79;82m██[38;2;189;187;196m██[38;2;143;147;145m██[38;2;198;195;206m██[38;2;176;175;182m██[38;2;186;184;193m██[38;2;169;169;175m██[38;2;114;125;126m██[38;2;172;173;173m██[38;2;66;67;66m██[38;2;0;0;0m  [38;2;7;7;7m██[38;2;146;226;226m██[38;2;170;183;184m██[38;2;189;236;237m██[38;2;42;62;60m  
[38;2;23;27;26m  [38;2;176;220;217m██[38;2;96;148;146m██[38;2;133;210;208m██[38;2;116;159;154m██[38;2;110;196;196m██[38;2;72;130;130m██[38;2;61;115;115m██[38;2;202;177;145m██[38;2;252;219;175m██[38;2;253;219;175m██[38;2;236;200;174m██[38;2;155;111;205m██[38;2;177;82;237m██[38;2;177;109;222m██[38;2;118;96;136m██[38;2;174;182;190m██[38;2;139;160;157m██[38;2;205;218;226m██[38;2;144;156;161m██[38;2;115;147;150m██[38;2;124;156;156m██[38;2;142;176;177m██[38;2;113;145;144m██[38;2;81;114;112m██[38;2;149;229;225m██[38;2;125;177;178m██[38;2;97;149;151m██[38;2;177;214;213m██[38;2;18;27;26m  
[38;2;0;0;0m  [38;2;177;200;197m██[38;2;62;85;84m██[38;2;119;208;205m██[38;2;178;249;245m██[38;2;59;82;82m██[38;2;9;1;1m  [38;2;0;0;0m██[38;2;253;219;175m██████[38;2;90;93;93m██[38;2;101;127;135m██[38;2;171;79;227m██[38;2;138;41;183m██[38;2;172;244;252m██[38;2;195;247;251m██[38;2;160;229;224m██[38;2;81;88;88m██[38;2;154;176;177m██[38;2;130;184;186m██[38;2;128;191;190m██[38;2;135;192;194m██[38;2;87;143;140m██[38;2;109;201;198m██[38;2;149;229;225m██[38;2;155;220;220m██[38;2;4;7;7m██[38;2;177;200;197m██[38;2;0;0;0m  
[38;2;0;0;0m    [38;2;48;52;53m  [38;2;144;157;160m██[38;2;144;225;222m████[38;2;120;177;176m██[38;2;126;164;164m██[38;2;217;235;211m██[38;2;236;223;185m██[38;2;201;195;167m██[38;2;133;154;146m██[38;2;104;138;139m██[38;2;144;225;222m████████[38;2;120;170;170m██[38;2;158;207;208m██[38;2;192;236;237m██[38;2;71;75;76m██[38;2;126;170;183m██[38;2;65;65;65m██[38;2;133;149;158m██[38;2;133;184;194m██[38;2;89;128;145m██[38;2;0;0;0m        
[38;2;0;0;0m    [38;2;34;63;63m  [38;2;13;25;25m  [38;2;174;241;237m██[38;2;177;243;243m██[38;2;113;193;203m██[38;2;109;201;198m██[38;2;128;191;190m██[38;2;82;84;85m██[38;2;134;145;145m██[38;2;136;194;195m██[38;2;182;250;245m██[38;2;181;244;246m██[38;2;168;243;250m██[38;2;182;84;243m██[38;2;179;84;241m██[38;2;106;65;156m██[38;2;71;65;77m██[38;2;117;176;181m██[38;2;112;77;137m██[38;2;54;33;79m  [38;2;0;0;0m  [38;2;83;63;109m██[38;2;95;59;139m  [38;2;0;0;0m    [38;2;163;163;163m  [38;2;0;0;0m    
[38;2;0;0;0m        [38;2;60;37;90m██[38;2;99;56;155m██[38;2;157;149;218m██[38;2;181;155;245m██[38;2;191;192;166m██[38;2;141;152;153m██[38;2;155;188;189m██[38;2;180;164;139m██[38;2;242;223;185m██[38;2;214;146;212m██[38;2;169;68;226m██[38;2;170;81;230m██[38;2;111;67;163m██[38;2;99;67;140m██[38;2;68;65;71m██[38;2;64;81;84m██[38;2;7;3;2m  [38;2;0;0;0m                  
[38;2;0;0;0m      [38;2;139;65;187m  [38;2;169;82;221m██[38;2;183;92;230m████[38;2;171;136;112m██[38;2;146;130;109m██[38;2;95;92;88m██[38;2;134;141;140m██[38;2;252;219;175m██[38;2;253;219;175m██[38;2;251;217;173m██[38;2;198;121;221m██[38;2;182;85;243m██[38;2;127;70;181m██[38;2;114;73;139m██[38;2;182;85;243m████[38;2;31;14;42m██[38;2;11;5;15m  [38;2;0;0;0m                
[38;2;0;0;0m        [38;2;26;21;17m  [38;2;67;53;43m████[38;2;0;0;0m    [38;2;83;71;57m██[38;2;163;141;113m██[38;2;253;218;175m██[38;2;227;190;154m██[38;2;210;171;138m██[38;2;140;100;112m██[38;2;187;111;237m██[38;2;182;85;243m██  ██████[38;2;152;71;204m██[38;2;118;55;159m████[38;2;0;0;0m            
[38;2;0;0;0m                            [38;2;35;35;35m  [38;2;209;177;167m██[38;2;203;124;232m██[38;2;186;94;245m  [38;2;182;85;243m██[38;2;182;85;244m██[38;2;182;84;243m██████[38;2;146;68;197m██[38;2;0;0;0m            
[38;2;0;0;0m                            [38;2;50;50;50m  [38;2;18;15;12m  [38;2;68;58;47m██[38;2;239;196;195m██[38;2;233;182;193m██[38;2;222;165;216m██[38;2;205;140;249m██[38;2;48;22;65m████[38;2;0;0;0m              [0m
