
[38;2;0;0;0m        [38;2;34;21;27m  [38;2;3;2;3m  [38;2;26;17;21m  [38;2;10;2;6m  [38;2;61;16;36m██[38;2;44;12;26m  [38;2;56;20;36m  [38;2;23;6;14m  [38;2;3;0;2m  [38;2;34;21;27m  [38;2;68;43;55m    [38;2;0;0;0m    
[38;2;0;0;0m        [38;2;22;17;24m  [38;2;194;78;130m  [38;2;150;59;102m  [38;2;147;80;110m██[38;2;126;49;84m██[38;2;134;85;114m██[38;2;222;172;64m██[38;2;69;56;70m██[38;2;184;67;120m██[38;2;126;84;110m  [38;2;252;161;202m  [38;2;252;161;201m  [38;2;0;0;0m    
[38;2;0;0;0m        [38;2;49;60;66m██[38;2;245;95;163m██[38;2;233;85;153m██[38;2;212;117;158m██[38;2;234;190;201m██[38;2;145;114;109m██[38;2;231;201;43m██[38;2;213;196;60m██[38;2;86;49;56m██[38;2;119;55;88m  [38;2;252;161;202m    [38;2;0;0;0m    
[38;2;0;0;0m      [38;2;63;170;163m  [38;2;72;181;175m██[38;2;84;66;84m██[38;2;250;92;163m██[38;2;249;91;163m██[38;2;197;102;145m██[38;2;126;60;89m██[38;2;78;76;63m██[38;2;243;225;42m██[38;2;231;135;62m██[38;2;123;70;39m  [38;2;35;22;28m  [38;2;252;161;202m  [38;2;0;0;0m    
[38;2;0;0;0m        [38;2;55;122;118m██[38;2;73;193;186m██[38;2;69;124;121m██[38;2;164;78;117m██[38;2;152;76;111m██[38;2;247;91;161m██[38;2;250;153;196m██[38;2;144;68;104m██[38;2;146;75;108m██[38;2;156;104;125m██[38;2;113;77;95m██[38;2;153;98;123m  [38;2;0;0;0m    
[38;2;0;0;0m    [38;2;234;241;146m    [38;2;115;119;56m██[38;2;65;64;65m████[38;2;95;68;80m██[38;2;247;91;161m██[38;2;249;136;182m██[38;2;241;131;178m██[38;2;176;80;123m██[38;2;239;90;157m██[38;2;248;91;162m██[38;2;240;240;240m██[38;2;153;98;123m  [38;2;0;0;0m    
[38;2;0;0;0m    [38;2;234;241;146m  [38;2;113;116;70m  [38;2;179;186;88m██[38;2;234;243;116m████[38;2;99;66;83m██[38;2;239;81;152m██[38;2;232;70;143m██[38;2;240;90;157m██[38;2;175;80;125m██[38;2;237;89;156m██[38;2;247;91;161m██[38;2;232;74;145m██[38;2;174;60;111m██[38;2;0;0;0m    
[38;2;0;0;0m    [38;2;234;240;146m  [38;2;12;13;8m  [38;2;233;242;115m██[38;2;237;246;119m██[38;2;227;236;115m██[38;2;198;202;108m██[38;2;193;85;135m██[38;2;232;89;153m██[38;2;230;88;152m██[38;2;63;107;110m██[38;2;66;81;81m██[38;2;230;88;152m██[38;2;230;88;151m██[38;2;101;41;68m  [38;2;0;0;0m    
[38;2;0;0;0m    [38;2;234;240;146m  [38;2;153;158;95m  [38;2;104;107;61m██[38;2;124;127;81m██[38;2;157;163;128m██[38;2;197;197;197m██[38;2;205;204;205m██[38;2;152;151;152m██[38;2;152;156;89m██[38;2;116;127;83m██[38;2;73;193;185m██[38;2;70;149;144m██[38;2;66;140;136m██[38;2;153;98;123m  [38;2;0;0;0m    
[38;2;0;0;0m    [38;2;234;241;146m  [38;2;12;13;8m  [38;2;147;117;76m██[38;2;234;203;209m██[38;2;247;181;206m██[38;2;255;255;255m██[38;2;237;136;181m██[38;2;197;123;161m██[38;2;166;175;83m██[38;2;162;152;71m██[38;2;73;169;161m██[38;2;73;185;178m██[38;2;73;198;189m██[38;2;28;77;73m██[38;2;0;0;0m    
[38;2;14;39;38m  [38;2;53;143;138m██[38;2;63;65;45m  [38;2;161;167;79m  [38;2;202;191;93m██[38;2;97;87;80m██[38;2;253;243;247m██[38;2;255;255;255m██[38;2;243;146;188m██[38;2;242;157;201m██[38;2;96;97;93m██[38;2;215;208;91m██[38;2;75;76;56m██[38;2;86;105;85m██[38;2;64;97;96m██[38;2;119;92;109m  [38;2;0;0;0m    
[38;2;21;55;53m██[38;2;68;167;161m██[38;2;146;160;90m██[38;2;211;202;87m██[38;2;148;152;82m██[38;2;106;111;71m██[38;2;105;99;54m██[38;2;203;202;203m██[38;2;203;202;200m██[38;2;174;172;156m██[38;2;70;68;64m██[38;2;220;219;98m██[38;2;236;244;118m██[38;2;114;118;49m██[38;2;124;131;37m██[38;2;0;0;0m      
[38;2;8;10;15m  [38;2;43;61;63m██[38;2;228;235;109m██[38;2;229;238;111m██[38;2;76;110;106m██[38;2;60;122;135m██[38;2;156;142;31m██[38;2;213;198;45m██[38;2;213;198;46m██[38;2;188;173;19m██[38;2;216;197;49m██[38;2;148;150;85m██[38;2;210;198;85m██[38;2;220;228;111m██[38;2;78;81;52m██[38;2;43;46;10m  [38;2;0;0;0m    
[38;2;0;0;0m    [38;2;146;152;71m██[38;2;88;91;54m  [38;2;49;97;94m██[38;2;109;105;69m██[38;2;115;108;69m██[38;2;191;178;48m██[38;2;198;185;47m██[38;2;116;118;122m██[38;2;73;72;74m██[38;2;104;123;94m██[38;2;233;242;118m██[38;2;238;247;120m██[38;2;126;140;89m██[38;2;42;88;93m██[38;2;0;0;0m    
[38;2;0;0;0m    [38;2;212;219;132m  [38;2;232;239;145m  [38;2;110;115;57m██[38;2;234;241;115m██[38;2;215;207;91m██[38;2;172;158;71m██[38;2;161;165;165m██[38;2;169;174;182m██[38;2;67;66;67m██[38;2;67;93;96m██[38;2;80;83;73m██[38;2;77;80;70m██[38;2;69;141;145m██[38;2;68;176;177m██[38;2;67;180;172m██[38;2;18;50;47m  
[38;2;0;0;0m    [38;2;233;241;146m  [38;2;12;13;11m  [38;2;237;243;119m██[38;2;201;192;82m██[38;2;191;179;72m██[38;2;238;247;120m██[38;2;167;172;95m██[38;2;141;133;69m██[38;2;230;239;112m██[38;2;196;205;106m██[38;2;139;143;86m██[38;2;69;136;135m██[38;2;75;197;194m  [38;2;68;177;178m██[38;2;60;155;159m██[38;2;11;30;28m  
[38;2;0;0;0m    [38;2;143;147;89m  [38;2;49;79;56m██[38;2;172;148;49m██[38;2;230;239;112m██[38;2;238;247;120m████[38;2;232;241;114m██[38;2;210;208;91m██[38;2;218;220;99m██[38;2;238;247;120m██[38;2;230;239;112m██[38;2;210;206;88m██[38;2;65;64;65m████[38;2;0;0;0m    
[38;2;0;0;0m    [38;2;143;147;89m  [38;2;53;130;146m██[38;2;108;93;48m██[38;2;218;213;95m██[38;2;224;227;104m██[38;2;238;247;119m██[38;2;232;241;114m██[38;2;205;195;82m██[38;2;188;175;69m██[38;2;215;210;92m████[38;2;204;187;77m██[38;2;64;68;70m██[38;2;41;100;113m██[38;2;0;0;0m    
[38;2;0;0;0m    [38;2;220;214;190m  [38;2;23;21;12m  [38;2;74;60;16m  [38;2;189;174;73m██[38;2;203;186;76m██[38;2;203;186;75m██[38;2;203;186;76m████[38;2;164;137;44m██[38;2;203;186;76m████[38;2;111;115;70m██[38;2;64;139;153m██[38;2;56;139;156m██[38;2;0;0;0m    
[38;2;0;0;0m    [38;2;220;214;190m  [38;2;166;150;89m  [38;2;135;122;72m  [38;2;103;93;55m  [38;2;105;96;43m██[38;2;129;120;69m██[38;2;202;185;75m██[38;2;193;173;67m██[38;2;106;97;48m██[38;2;124;115;53m██[38;2;76;70;29m██[38;2;107;95;59m  [38;2;23;50;55m██[38;2;42;104;117m██[38;2;0;0;0m    
[38;2;0;0;0m            [38;2;123;114;25m  [38;2;143;130;9m██[38;2;86;83;59m██[38;2;84;83;51m██[38;2;145;134;8m██[38;2;121;112;29m  [38;2;0;0;1m  [38;2;0;0;0m          
[38;2;0;0;0m                [38;2;49;46;13m  [38;2;49;44;4m██[38;2;8;7;0m  [38;2;0;0;0m              [0m
