
[38;2;0;0;0m                            [38;2;49;41;25m  [38;2;0;0;0m                  
[38;2;0;0;0m                      [38;2;0;2;0m  [38;2;150;123;85m  [38;2;150;119;78m  [38;2;191;151;96m██[38;2;0;1;0m  [38;2;0;0;0m                
[38;2;0;0;0m                  [38;2;0;0;1m  [38;2;76;62;39m██[38;2;115;90;81m██[38;2;240;198;130m██[38;2;240;194;123m██[38;2;207;166;107m██[38;2;16;16;10m  [38;2;76;63;39m██[38;2;19;16;9m  [38;2;0;0;0m            
[38;2;0;0;0m                  [38;2;0;0;6m  [38;2;173;148;96m██[38;2;238;188;127m██[38;2;231;173;134m██[38;2;255;202;131m██[38;2;223;172;136m██[38;2;192;172;121m██[38;2;222;180;125m██[38;2;30;31;26m██[38;2;0;0;0m            
[38;2;0;0;0m            [38;2;0;1;0m  [38;2;18;47;34m██[38;2;6;16;11m  [38;2;59;146;113m██[38;2;72;98;89m██[38;2;169;142;109m██[38;2;214;174;123m██[38;2;196;153;123m██[38;2;208;151;128m██[38;2;179;132;118m██[38;2;80;91;83m██[38;2;70;155;125m██[38;2;18;46;34m    [38;2;0;3;0m  [38;2;0;0;0m  [38;2;0;1;0m  [38;2;0;0;0m  
[38;2;0;0;0m        [38;2;15;40;29m  [38;2;15;40;34m  [38;2;15;40;33m  [38;2;68;168;127m██[38;2;63;156;118m██[38;2;71;174;132m██[38;2;76;166;128m██[38;2;74;86;80m██[38;2;158;118;109m██[38;2;159;118;110m██[38;2;129;104;97m██[38;2;100;82;82m██[38;2;70;162;129m██[38;2;71;174;133m██[38;2;68;168;127m████[38;2;47;114;85m  [38;2;1;3;3m  [38;2;45;114;87m  [38;2;0;0;0m  
[38;2;0;0;0m      [38;2;0;1;0m  [38;2;45;72;59m██[38;2;76;173;134m██[38;2;51;117;92m██[38;2;71;174;133m████[38;2;81;187;143m██[38;2;80;159;126m██[38;2;124;129;98m██[38;2;144;120;109m██████[38;2;157;123;115m██[38;2;70;97;87m██[38;2;85;191;148m██[38;2;71;173;133m██[38;2;74;169;131m██[38;2;64;155;116m██[38;2;64;155;121m██[38;2;58;140;109m██[38;2;5;9;9m  
[38;2;0;0;0m      [38;2;0;3;0m  [38;2;96;184;144m██[38;2;75;156;122m██[38;2;71;174;132m██[38;2;67;100;88m██[38;2;106;214;168m██[38;2;107;219;170m██[38;2;97;181;144m██[38;2;150;114;104m██[38;2;136;105;101m██████[38;2;164;131;119m██[38;2;76;104;93m██[38;2;109;220;173m██[38;2;104;218;169m██[38;2;60;105;85m██[38;2;71;174;131m██[38;2;71;174;135m██[38;2;96;128;113m██[38;2;27;48;46m██
[38;2;0;0;0m        [38;2;27;58;44m██[38;2;102;179;136m██[38;2;74;118;104m██[38;2;101;200;160m██[38;2;76;122;103m██[38;2;102;207;161m██[38;2;103;205;160m██[38;2;85;138;117m██[38;2;136;114;106m██[38;2;146;124;115m██[38;2;139;124;111m██[38;2;97;122;102m██[38;2;94;173;142m██[38;2;108;224;177m██[38;2;83;142;118m██[38;2;96;196;157m██[38;2;79;135;111m██[38;2;94;143;122m██[38;2;81;169;132m██[38;2;0;1;0m  
[38;2;0;0;0m        [38;2;1;4;2m  [38;2;82;170;131m██[38;2;105;213;166m██[38;2;108;221;171m██[38;2;96;181;147m██[38;2;97;184;148m██[38;2;77;108;95m██[38;2;107;218;169m██[38;2;96;177;144m██[38;2;97;179;145m██[38;2;77;103;92m██[38;2;108;217;168m██[38;2;96;179;145m██[38;2;98;186;150m██[38;2;76;103;91m██[38;2;107;220;170m██[38;2;107;219;169m██[38;2;107;220;173m██[38;2;4;12;7m  [38;2;0;0;0m  
[38;2;0;0;0m          [38;2;43;91;69m  [38;2;70;145;112m██[38;2;108;219;171m██[38;2;108;224;177m██[38;2;90;158;129m██[38;2;108;222;173m██[38;2;108;221;171m██[38;2;108;222;174m██[38;2;90;158;129m██[38;2;108;222;173m██[38;2;108;221;171m██[38;2;108;222;174m██[38;2;90;158;129m██[38;2;108;222;174m██[38;2;108;222;173m██[38;2;95;197;153m██[38;2;58;122;94m██[38;2;0;1;0m  [38;2;0;0;0m  
[38;2;0;0;0m  [38;2;0;3;0m  [38;2;0;0;0m        [38;2;0;1;2m  [38;2;29;49;44m██[38;2;77;107;95m██[38;2;108;221;172m██[38;2;108;221;171m████████████████[38;2;97;182;145m██[38;2;66;68;68m██[38;2;1;6;2m  [38;2;0;0;0m      
[38;2;22;56;36m██[38;2;103;218;169m██[38;2;40;85;66m  [38;2;0;0;0m      [38;2;61;55;31m██[38;2;132;188;135m██[38;2;179;180;179m██[38;2;56;52;51m██[38;2;73;120;101m██[38;2;80;143;116m██[38;2;130;193;163m██[38;2;90;143;121m██[38;2;87;144;121m████[38;2;144;108;98m████[38;2;162;120;108m██[38;2;231;172;134m██[38;2;95;77;49m  [38;2;0;0;0m      
[38;2;0;1;0m  [38;2;53;131;98m██[38;2;73;171;132m██[38;2;20;42;40m██[38;2;1;5;2m  [38;2;1;1;6m  [38;2;254;200;129m██[38;2;131;98;86m██[38;2;133;100;82m██[38;2;237;172;112m██[38;2;107;91;86m██[38;2;190;190;173m██[38;2;59;62;59m██[38;2;113;190;158m██[38;2;75;151;117m██[38;2;103;153;111m██[38;2;217;155;135m██[38;2;216;161;123m██[38;2;253;200;130m██[38;2;255;201;128m██[38;2;191;154;120m██[38;2;0;1;4m  [38;2;0;0;0m    
[38;2;0;0;0m  [38;2;24;62;45m  [38;2;71;173;133m██[38;2;65;148;116m██[38;2;62;155;120m██[38;2;65;77;61m██[38;2;213;169;118m██[38;2;165;132;105m██[38;2;239;174;107m██[38;2;204;149;100m██[38;2;222;165;104m██[38;2;228;194;155m██[38;2;154;147;137m██[38;2;119;193;154m██[38;2;91;176;138m██[38;2;158;135;100m██[38;2;255;202;131m██[38;2;153;126;104m██[38;2;143;118;103m██[38;2;213;170;128m██[38;2;188;143;100m██[38;2;47;38;25m██[38;2;0;0;0m    
[38;2;0;0;0m    [38;2;17;46;32m██[38;2;71;173;131m██[38;2;50;124;95m  [38;2;46;46;46m  [38;2;238;177;123m██[38;2;122;89;87m██[38;2;97;75;73m██[38;2;98;76;74m██[38;2;230;168;106m██[38;2;230;169;109m██[38;2;196;155;128m██[38;2;130;99;90m██[38;2;136;104;88m██[38;2;250;198;131m██[38;2;207;167;115m██[38;2;96;178;145m██[38;2;97;186;150m██[38;2;146;123;111m██[38;2;131;120;114m██[38;2;240;190;126m██[38;2;0;2;0m  [38;2;0;0;0m  
[38;2;0;0;0m    [38;2;17;46;32m██[38;2;71;174;131m██[38;2;0;3;0m  [38;2;0;1;0m  [38;2;103;82;73m██[38;2;214;167;129m██[38;2;131;98;81m██[38;2;158;117;97m██[38;2;116;86;84m██[38;2;145;92;93m██[38;2;157;104;90m██[38;2;172;131;102m██[38;2;141;111;97m██[38;2;170;129;117m██[38;2;185;141;99m██[38;2;83;87;83m██[38;2;97;198;156m██[38;2;94;173;142m██[38;2;46;84;73m██[38;2;5;7;8m  [38;2;0;0;0m    
[38;2;0;0;0m      [38;2;0;3;0m  [38;2;0;0;0m    [38;2;57;48;29m  [38;2;248;197;128m██[38;2;134;106;86m██[38;2;154;122;98m██[38;2;148;100;98m██[38;2;200;105;113m██[38;2;176;118;103m██[38;2;206;162;122m██[38;2;155;128;103m██[38;2;203;162;114m██[38;2;59;94;80m██[38;2;90;121;108m██[38;2;77;155;125m██[38;2;104;192;156m██[38;2;67;100;88m██[38;2;17;46;34m██[38;2;0;0;0m    
[38;2;0;0;0m            [38;2;0;1;0m  [38;2;175;129;98m██[38;2;194;151;123m██[38;2;149;112;91m██[38;2;157;135;122m██[38;2;157;136;124m██[38;2;169;140;125m██[38;2;148;116;103m██[38;2;202;161;128m██[38;2;112;92;84m██[38;2;100;222;173m██[38;2;76;177;138m██[38;2;76;155;123m██[38;2;87;169;137m██[38;2;63;148;115m██[38;2;6;18;14m  [38;2;0;0;0m    
[38;2;0;0;0m              [38;2;0;3;0m  [38;2;172;139;122m██[38;2;183;144;128m██[38;2;108;83;81m██[38;2;112;84;82m██[38;2;111;84;81m██[38;2;189;135;105m██[38;2;218;153;118m██[38;2;217;150;131m██[38;2;83;79;74m██[38;2;74;139;110m██[38;2;70;158;123m██[38;2;70;159;126m██[38;2;49;57;50m██[38;2;7;6;6m  [38;2;0;0;0m    
[38;2;0;0;0m              [38;2;35;88;67m  [38;2;103;128;100m██[38;2;189;143;121m██[38;2;185;140;125m██[38;2;215;150;131m██[38;2;192;142;126m██[38;2;139;119;111m██[38;2;185;143;129m██[38;2;186;140;124m██[38;2;211;148;130m██[38;2;118;102;96m██[38;2;105;95;90m██[38;2;168;122;109m██[38;2;198;147;126m██[38;2;144;105;92m██[38;2;0;1;0m  [38;2;0;0;0m  
[38;2;0;0;0m            [38;2;0;1;0m  [38;2;53;132;101m██[38;2;70;174;131m██[38;2;85;128;109m██[38;2;108;116;105m██[38;2;182;137;120m██[38;2;91;131;106m██[38;2;80;138;120m██[38;2;111;108;94m██[38;2;208;150;128m██[38;2;107;157;125m██[38;2;77;159;128m██[38;2;86;147;122m██[38;2;193;145;125m██[38;2;182;125;108m██[38;2;45;33;27m  [38;2;0;0;0m    
[38;2;0;0;0m              [38;2;15;41;30m  [38;2;71;174;134m██[38;2;78;165;132m██[38;2;52;98;81m██[38;2;57;45;37m██[38;2;27;35;29m██[38;2;39;48;48m██[38;2;90;129;111m██[38;2;123;111;102m██[38;2;105;190;151m██[38;2;103;203;162m██[38;2;67;83;74m██[38;2;65;50;39m██[38;2;0;1;0m  [38;2;0;0;0m      
[38;2;0;0;0m                [38;2;0;3;0m  [38;2;0;0;0m        [38;2;4;0;9m  [38;2;59;109;89m██[38;2;105;224;174m██[38;2;108;221;172m██[38;2;109;195;160m██[38;2;0;0;4m  [38;2;0;0;0m          
[38;2;0;0;0m                            [38;2;4;11;7m  [38;2;25;65;42m██[38;2;28;61;46m██[38;2;25;36;29m██[38;2;0;0;0m            [0m
