
[38;2;0;0;0m    [38;2;11;14;6m  [38;2;40;49;23m                  [38;2;25;24;18m  [38;2;28;29;22m██[38;2;22;28;11m  [38;2;40;49;23m                        [38;2;31;38;17m  [38;2;0;0;0m  
[38;2;0;0;0m    [38;2;43;54;25m  [38;2;150;186;87m  [38;2;150;187;87m  [38;2;150;186;87m  [38;2;150;187;87m        [38;2;150;186;87m  [38;2;36;48;21m  [38;2;165;143;124m██[38;2;180;159;135m██[38;2;116;126;68m██[38;2;32;43;18m  [38;2;150;186;87m  [38;2;150;187;87m    [38;2;149;187;87m      [38;2;150;187;87m        [38;2;149;187;87m  [38;2;116;145;67m  [38;2;0;0;0m  
[38;2;0;0;0m    [38;2;43;54;25m  [38;2;150;187;87m              [38;2;128;160;74m  [38;2;70;65;49m  [38;2;181;156;137m██[38;2;205;177;147m██[38;2;127;135;75m██[38;2;48;63;26m  [38;2;126;158;73m  [38;2;150;187;87m                  [38;2;150;186;87m  [38;2;116;145;67m  [38;2;0;0;0m  
[38;2;0;0;0m    [38;2;43;54;25m  [38;2;150;187;87m  [38;2;150;186;87m  [38;2;150;187;87m          [38;2;85;108;49m  [38;2;195;168;140m██[38;2;179;155;136m██[38;2;205;178;147m██[38;2;127;135;75m██[38;2;139;175;77m██[38;2;80;101;46m  [38;2;150;187;87m  [38;2;149;187;87m  [38;2;150;187;87m                [38;2;116;145;67m  [38;2;0;0;0m  
[38;2;0;0;0m  [38;2;0;1;0m  [38;2;29;18;9m  [38;2;102;57;32m██[38;2;63;57;30m  [38;2;89;113;52m  [38;2;150;187;87m    [38;2;150;186;87m  [38;2;150;187;87m  [38;2;101;110;70m  [38;2;199;172;143m██[38;2;189;164;141m██[38;2;206;178;147m██[38;2;118;126;65m██[38;2;139;175;77m  [38;2;80;101;46m  [38;2;150;187;87m          [38;2;111;140;64m  [38;2;99;125;57m  [38;2;109;137;63m  [38;2;101;127;58m  [38;2;150;187;87m  [38;2;116;145;67m  [38;2;0;0;0m  
[38;2;0;0;0m  [38;2;89;53;35m  [38;2;242;131;78m██[38;2;255;138;81m██[38;2;160;91;58m██[38;2;238;132;82m██[38;2;9;20;10m  [38;2;133;166;77m  [38;2;150;186;87m  [38;2;22;30;19m  [38;2;127;112;96m██[38;2;161;139;129m██[38;2;203;178;149m██[38;2;119;98;80m██[38;2;190;225;128m██[38;2;78;76;66m██[38;2;66;67;64m  [38;2;150;187;87m  [38;2;150;186;87m  [38;2;150;187;87m  [38;2;150;186;87m  [38;2;133;166;77m  [38;2;155;88;50m  [38;2;202;111;65m  [38;2;163;92;53m  [38;2;194;107;63m  [38;2;108;136;63m  [38;2;116;145;67m  [38;2;0;0;0m  
[38;2;65;38;21m██[38;2;200;112;71m██[38;2;174;101;65m██[38;2;109;75;60m██[38;2;255;138;81m██[38;2;180;111;79m██[38;2;137;96;73m██[38;2;87;66;47m██[38;2;60;73;40m  [38;2;190;167;141m██[38;2;126;113;98m██[38;2;158;137;128m██[38;2;155;137;116m██[38;2;194;230;132m██[38;2;136;136;101m██[38;2;154;164;107m██[38;2;169;147;130m██[38;2;74;67;58m  [38;2;119;150;69m  [38;2;150;187;87m    [38;2;25;19;10m  [38;2;232;139;95m██[38;2;135;89;68m██[38;2;241;134;84m██[38;2;192;106;65m██[38;2;138;78;47m██[38;2;62;81;38m  [38;2;0;0;0m  
[38;2;0;1;0m  [38;2;6;13;12m██[38;2;111;76;54m██[38;2;165;121;89m██[38;2;65;65;65m██[38;2;92;123;38m██[38;2;65;65;65m██[38;2;153;114;87m██[38;2;122;110;96m██[38;2;163;143;123m██[38;2;126;113;101m██[38;2;158;137;128m██[38;2;153;158;97m██[38;2;76;71;67m██[38;2;154;162;108m██[38;2;203;176;146m██[38;2;114;102;98m██[38;2;150;129;119m██[38;2;85;108;49m  [38;2;150;187;87m    [38;2;131;164;76m  [38;2;33;53;0m██[38;2;156;114;96m██[38;2;106;77;64m██[38;2;255;138;81m██[38;2;255;140;87m██[38;2;131;76;48m██[38;2;0;1;0m  
[38;2;0;0;0m    [38;2;31;39;21m██[38;2;107;126;73m██[38;2;154;152;69m██[38;2;83;82;64m██[38;2;226;129;83m██[38;2;166;103;74m██[38;2;121;109;98m██[38;2;160;139;128m██[38;2;125;114;101m██[38;2;203;179;147m██[38;2;115;114;85m██[38;2;116;105;98m██[38;2;155;140;127m██[38;2;90;89;88m██[38;2;97;105;81m██[38;2;148;130;121m██[38;2;57;67;37m  [38;2;76;97;44m  [38;2;150;187;87m  [38;2;19;18;14m██[38;2;220;122;74m██[38;2;159;124;52m██[38;2;105;123;73m██[38;2;118;89;72m██[38;2;129;121;72m██[38;2;96;126;48m██[38;2;0;1;0m  
[38;2;0;0;0m    [38;2;0;1;0m  [38;2;193;158;53m██[38;2;176;184;74m██[38;2;119;145;40m██[38;2;70;83;45m██[38;2;211;175;72m██[38;2;112;134;74m██[38;2;148;129;121m██[38;2;126;113;101m██[38;2;158;137;128m██[38;2;134;149;97m██[38;2;181;171;88m██[38;2;166;157;69m██[38;2;252;237;62m██[38;2;145;166;86m██[38;2;69;70;66m██[38;2;142;179;79m██[38;2;130;164;72m██[38;2;88;111;51m  [38;2;124;155;72m  [38;2;52;55;47m██[38;2;89;81;71m██[38;2;168;178;88m██[38;2;144;179;79m██[38;2;152;149;89m██[38;2;110;122;19m██[38;2;59;49;17m██
[38;2;0;0;0m    [38;2;26;33;15m  [38;2;94;86;31m  [38;2;231;202;67m██[38;2;151;181;77m██[38;2;165;179;78m██[38;2;236;198;72m██[38;2;162;174;90m██[38;2;102;96;88m██[38;2;126;113;101m██[38;2;158;137;128m██[38;2;103;118;72m██[38;2;67;66;69m██[38;2;255;239;71m██[38;2;255;239;65m██[38;2;173;188;63m██[38;2;147;131;112m██[38;2;122;150;76m██[38;2;142;179;79m██[38;2;107;136;59m██[38;2;97;123;57m██[38;2;191;227;128m██[38;2;81;76;69m██[38;2;179;168;97m██[38;2;196;187;72m██[38;2;178;181;78m██[38;2;240;200;70m██[38;2;62;54;17m██
[38;2;0;0;0m    [38;2;43;54;25m  [38;2;150;187;87m  [38;2;19;28;11m    [38;2;90;84;28m  [38;2;134;159;67m██[38;2;93;124;39m██[38;2;199;179;140m██[38;2;126;113;101m██[38;2;158;137;126m██[38;2;111;130;78m██[38;2;231;222;61m██[38;2;233;225;61m██[38;2;231;185;80m██[38;2;154;166;89m██[38;2;182;161;134m██[38;2;61;74;38m██[38;2;143;180;80m██[38;2;148;185;85m██[38;2;180;217;117m██[38;2;152;189;89m██[38;2;174;209;109m██[38;2;133;137;73m██[38;2;221;193;68m██[38;2;142;179;79m██[38;2;239;204;64m██[38;2;55;50;14m  
[38;2;0;0;0m    [38;2;43;54;25m  [38;2;150;187;87m      [38;2;131;164;76m  [38;2;100;126;58m  [38;2;69;85;43m  [38;2;234;231;167m██[38;2;125;114;103m██[38;2;133;111;96m██[38;2;87;103;57m██[38;2;200;210;130m██[38;2;202;212;132m██[38;2;254;250;180m██[38;2;165;158;138m██[38;2;158;145;126m██[38;2;68;83;41m██[38;2;177;214;114m██[38;2;191;227;128m████[38;2;117;138;81m██[38;2;129;133;83m██[38;2;177;190;75m██[38;2;184;192;74m██[38;2;163;186;77m██[38;2;137;148;58m██[38;2;0;1;0m  
[38;2;0;0;0m    [38;2;43;54;25m  [38;2;150;187;87m        [38;2;123;154;71m  [38;2;73;94;40m██[38;2;86;95;74m██[38;2;164;165;136m██[38;2;103;102;89m██[38;2;241;236;170m██[38;2;226;218;158m██[38;2;225;215;160m██[38;2;119;109;102m██[38;2;144;137;113m██[38;2;56;87;3m██[38;2;132;163;78m██[38;2;191;227;128m████[38;2;200;236;138m██[38;2;222;255;164m██[38;2;180;212;126m██[38;2;116;138;78m██[38;2;113;143;63m██[38;2;54;70;30m  [38;2;23;31;13m  [38;2;0;0;0m  
[38;2;0;0;0m    [38;2;43;54;25m  [38;2;150;187;87m  [38;2;150;186;87m  [38;2;150;187;87m    [38;2;18;26;10m  [38;2;142;179;79m██[38;2;141;178;78m██[38;2;119;133;85m██[38;2;116;114;96m██[38;2;164;146;115m██[38;2;180;154;127m██[38;2;176;154;130m██[38;2;90;107;40m██[38;2;78;104;22m██[38;2;72;82;54m██[38;2;176;209;120m██[38;2;158;195;95m██[38;2;191;227;128m██[38;2;202;237;141m██[38;2;226;255;175m██[38;2;192;228;130m██[38;2;107;118;86m██[38;2;110;138;63m  [38;2;138;172;80m  [38;2;116;145;67m  [38;2;0;0;0m  
[38;2;0;0;0m    [38;2;43;54;25m  [38;2;150;186;87m  [38;2;150;187;86m    [38;2;135;169;78m  [38;2;46;61;26m  [38;2;121;158;58m██[38;2;120;148;72m██[38;2;170;207;107m██[38;2;191;227;128m██[38;2;78;90;49m██[38;2;58;89;3m██[38;2;53;78;9m██[38;2;80;106;34m██[38;2;93;102;76m██[38;2;191;227;128m████[38;2;187;224;124m██[38;2;176;213;113m██[38;2;191;227;128m██[38;2;147;184;84m██[38;2;133;170;70m██[38;2;129;147;97m██[38;2;117;147;68m  [38;2;150;187;87m  [38;2;116;145;67m  [38;2;0;0;0m  
[38;2;0;0;0m    [38;2;43;54;25m  [38;2;150;186;87m  [38;2;150;187;87m  [38;2;150;186;87m  [38;2;95;120;55m  [38;2;124;157;69m██[38;2;114;151;51m██[38;2;72;74;67m██[38;2;191;227;128m████[38;2;179;212;122m██[38;2;69;76;55m██[38;2;114;132;84m██[38;2;166;195;115m██[38;2;186;223;123m██[38;2;191;227;128m████[38;2;184;221;121m██[38;2;136;173;73m██[38;2;124;161;61m██[38;2;191;227;128m██[38;2;179;216;116m██[38;2;166;203;103m██[38;2;129;156;86m  [38;2;114;144;66m  [38;2;116;145;67m  [38;2;0;0;0m  
[38;2;0;0;0m    [38;2;43;54;25m  [38;2;150;187;87m      [38;2;87;110;56m  [38;2;138;173;81m██[38;2;151;173;64m██[38;2;140;177;77m██[38;2;85;98;69m██[38;2;188;225;126m██[38;2;191;227;128m██[38;2;159;196;96m██[38;2;191;227;128m██[38;2;191;228;128m██[38;2;201;237;140m██[38;2;202;237;141m██[38;2;221;248;174m██[38;2;156;193;93m██[38;2;142;179;79m██[38;2;92;118;50m██[38;2;144;177;88m██[38;2;191;227;128m██[38;2;127;164;64m██[38;2;166;199;111m██[38;2;89;112;53m  [38;2;116;145;67m  [38;2;0;0;0m  
[38;2;0;0;0m    [38;2;43;54;25m  [38;2;150;187;87m  [38;2;150;186;87m  [38;2;40;53;23m  [38;2;205;199;82m██[38;2;191;228;128m██[38;2;211;217;98m██[38;2;37;42;15m██[38;2;78;98;46m  [38;2;24;32;16m██[38;2;152;189;89m██[38;2;97;134;34m██[38;2;150;187;87m██[38;2;191;228;128m██[38;2;195;231;132m██[38;2;190;227;128m██[38;2;111;148;48m██[38;2;137;174;74m██[38;2;67;87;37m██[38;2;130;162;75m  [38;2;63;80;38m  [38;2;51;63;34m██[38;2;181;218;118m██[38;2;191;227;127m██[38;2;55;69;37m██[38;2;116;145;67m  [38;2;0;0;0m  
[38;2;0;0;0m    [38;2;43;54;25m  [38;2;150;187;87m  [38;2;100;127;58m  [38;2;205;162;58m██[38;2;236;200;77m██[38;2;214;202;104m██[38;2;199;219;119m██[38;2;105;91;33m██[38;2;115;145;67m  [38;2;150;187;87m  [38;2;52;72;25m██[38;2;141;178;78m██[38;2;142;179;79m██[38;2;113;150;50m██[38;2;114;151;51m██[38;2;116;153;53m██[38;2;138;175;75m██[38;2;135;169;77m██[38;2;90;114;52m  [38;2;150;187;87m    [38;2;126;158;74m  [38;2;114;127;75m██[38;2;219;219;96m██[38;2;239;211;79m██[38;2;0;3;0m  [38;2;0;0;0m  
[38;2;0;0;0m    [38;2;43;54;25m  [38;2;150;187;87m  [38;2;100;127;58m  [38;2;201;137;62m██[38;2;193;225;125m██[38;2;240;166;80m██[38;2;224;196;96m██[38;2;235;197;71m██[38;2;64;82;37m  [38;2;150;187;87m  [38;2;79;100;45m  [38;2;236;205;65m██[38;2;121;158;58m██[38;2;99;136;36m██[38;2;122;159;59m██[38;2;141;178;78m██[38;2;149;186;86m██[38;2;21;30;12m  [38;2;146;182;84m  [38;2;150;187;87m    [38;2;18;23;12m  [38;2;162;150;86m██[38;2;194;226;123m██[38;2;214;215;117m██[38;2;160;153;83m  [38;2;0;0;0m  
[38;2;0;0;0m    [38;2;43;54;25m  [38;2;150;187;87m  [38;2;62;77;41m██[38;2;219;187;107m██[38;2;195;184;105m██[38;2;204;172;109m██[38;2;202;211;119m  [38;2;143;84;49m██[38;2;104;131;60m  [38;2;150;187;87m  [38;2;80;101;46m  [38;2;152;155;36m██[38;2;145;141;47m██[38;2;221;180;80m██[38;2;132;136;40m██[38;2;161;161;38m██[38;2;122;128;42m██[38;2;12;23;29m  [38;2;150;187;87m  [38;2;150;187;86m  [38;2;105;132;61m  [38;2;126;99;35m  [38;2;237;164;68m██[38;2;215;193;110m  [38;2;191;227;128m██[38;2;203;212;115m  [38;2;63;43;19m██
[38;2;0;0;0m    [38;2;43;54;25m  [38;2;150;187;87m  [38;2;83;47;26m██[38;2;200;214;120m██[38;2;255;138;81m██[38;2;138;80;52m██[38;2;116;137;75m██[38;2;137;171;79m  [38;2;150;187;87m    [38;2;24;40;0m██[38;2;65;65;64m██[38;2;118;126;48m██[38;2;245;197;66m██[38;2;115;114;46m██[38;2;245;230;66m██[38;2;69;68;72m██[38;2;66;100;9m██[38;2;90;114;52m  [38;2;150;186;87m  [38;2;54;70;31m  [38;2;234;171;68m██[38;2;211;198;112m██[38;2;255;138;81m██[38;2;209;201;114m██[38;2;255;138;81m██[38;2;65;38;21m██
[38;2;0;0;0m    [38;2;43;54;25m  [38;2;150;187;87m  [38;2;92;90;43m  [38;2;233;126;76m██[38;2;230;124;76m██[38;2;132;76;49m██[38;2;88;85;45m██[38;2;137;171;79m  [38;2;150;187;87m  [38;2;7;13;4m  [38;2;52;83;1m██[38;2;63;97;5m██[38;2;63;79;35m██[38;2;33;52;4m██[38;2;52;70;23m██[38;2;73;93;41m██[38;2;70;106;8m██[38;2;72;108;9m██[38;2;48;74;5m██[38;2;79;101;46m  [38;2;150;187;87m  [38;2;32;30;16m██[38;2;197;210;120m██[38;2;230;170;100m██[38;2;209;201;114m██[38;2;174;191;107m██[38;2;30;18;9m  
[38;2;0;0;0m    [38;2;43;54;25m  [38;2;150;187;87m  [38;2;104;131;60m  [38;2;202;109;67m  [38;2;198;108;68m██[38;2;160;115;85m██[38;2;59;76;34m  [38;2;150;187;87m  [38;2;85;108;49m  [38;2;50;78;0m██[38;2;61;94;4m██[38;2;53;83;1m██[38;2;29;46;3m  [38;2;150;187;87m  [38;2;69;89;40m  [38;2;55;86;2m██[38;2;72;109;9m██[38;2;71;107;9m██[38;2;62;95;6m██[38;2;26;36;15m  [38;2;54;70;31m  [38;2;250;136;82m██[38;2;222;126;82m██[38;2;255;136;84m██[38;2;255;137;82m██[38;2;191;104;61m██[38;2;0;1;0m  
[38;2;0;0;0m    [38;2;43;54;25m  [38;2;150;187;87m    [38;2;99;125;57m  [38;2;81;90;46m  [38;2;65;50;35m██[38;2;113;142;66m  [38;2;150;187;87m  [38;2;124;155;72m  [38;2;24;39;3m  [38;2;52;83;1m████[38;2;75;95;43m  [38;2;150;187;86m  [38;2;117;147;68m  [38;2;29;46;4m██[38;2;50;77;5m██[38;2;71;108;9m██[38;2;50;76;5m██[38;2;70;90;41m  [38;2;111;140;64m  [38;2;125;70;40m██[38;2;166;94;59m██[38;2;239;130;78m██[38;2;231;126;76m██[38;2;39;24;12m  [38;2;0;0;0m  
[38;2;0;0;0m    [38;2;43;54;25m  [38;2;150;187;87m              [38;2;85;105;47m  [38;2;57;84;11m██[38;2;69;103;12m██[38;2;142;179;79m██[38;2;32;49;5m██[38;2;149;187;87m  [38;2;150;187;87m    [38;2;76;96;44m  [38;2;63;95;8m██[38;2;76;109;18m██[38;2;18;26;10m  [38;2;150;187;87m  [38;2;129;162;75m  [38;2;19;28;11m  [38;2;199;109;70m██[38;2;46;38;19m  [38;2;116;145;67m  [38;2;0;0;0m  
[38;2;0;0;0m    [38;2;43;54;25m  [38;2;150;187;87m          [38;2;150;186;87m  [38;2;150;187;87m  [38;2;77;98;44m  [38;2;47;62;26m██[38;2;126;161;65m██[38;2;142;179;79m██[38;2;73;94;42m  [38;2;150;187;87m        [38;2;15;21;9m██[38;2;174;211;111m██[38;2;118;142;78m  [38;2;113;142;65m  [38;2;150;186;87m  [38;2;150;187;87m  [38;2;100;126;58m  [38;2;135;169;78m  [38;2;116;145;67m  [38;2;0;0;0m  
[38;2;0;0;0m    [38;2;43;54;25m  [38;2;150;187;87m                  [38;2;30;40;17m    [38;2;149;187;87m  [38;2;150;187;87m      [38;2;64;82;37m  [38;2;191;227;128m██[38;2;167;200;112m██[38;2;191;227;127m██[38;2;69;85;46m██[38;2;149;187;87m  [38;2;150;187;87m  [38;2;149;187;87m  [38;2;150;187;87m  [38;2;116;145;67m  [38;2;0;0;0m  
[38;2;0;0;0m    [38;2;11;14;6m  [38;2;39;49;23m                              [38;2;17;22;10m  [38;2;50;63;34m██[38;2;20;25;13m  [38;2;50;63;34m██[38;2;18;23;12m  [38;2;39;49;23m        [38;2;31;38;17m  [38;2;0;0;0m  [0m
