
[38;2;10;12;5m  [38;2;7;8;4m  [38;2;28;37;12m██[38;2;46;55;30m██[38;2;9;9;9m  [38;2;0;0;0m  [38;2;37;46;21m                            [38;2;0;0;0m  [38;2;21;26;12m  [38;2;0;0;0m  [38;2;24;30;14m  [38;2;37;46;21m  [38;2;10;12;5m  
[38;2;10;12;5m  [38;2;52;76;10m  [38;2;166;203;103m██[38;2;185;222;121m██[38;2;100;127;52m██[38;2;138;166;91m██[38;2;93;116;54m  [38;2;150;187;87m  [38;2;150;187;86m  [38;2;150;187;87m  [38;2;150;186;87m  [38;2;128;160;74m  [38;2;37;46;21m    [38;2;128;160;74m  [38;2;150;186;87m  [38;2;150;187;86m  [38;2;150;186;87m  [38;2;150;187;86m  [38;2;93;116;54m  [38;2;138;166;91m██[38;2;80;97;51m  [38;2;138;166;91m██[38;2;72;88;45m  [38;2;150;187;87m  [38;2;40;50;23m  
[38;2;49;59;32m██[38;2;117;154;54m██[38;2;156;190;98m██[38;2;81;109;34m██[38;2;185;222;121m██[38;2;156;184;108m██[38;2;64;78;40m  [38;2;150;187;87m  [38;2;128;160;74m  [38;2;51;40;32m██[38;2;91;105;53m  [38;2;80;64;51m██[38;2;205;163;131m██[38;2;195;157;126m██[38;2;45;39;35m██[38;2;125;156;72m  [38;2;149;187;86m  [38;2;149;187;87m  [38;2;149;187;86m  [38;2;92;111;60m██[38;2;180;217;118m██[38;2;137;170;80m██[38;2;181;218;118m██[38;2;120;157;57m██[38;2;58;71;37m  [38;2;30;37;17m  
[38;2;12;14;8m  [38;2;46;55;30m██[38;2;42;58;16m██[38;2;89;116;41m██[38;2;95;104;79m██[38;2;121;148;75m██[38;2;61;75;37m██[38;2;145;181;84m  [38;2;104;90;65m  [38;2;192;155;125m██[38;2;135;111;92m██[38;2;205;163;131m██[38;2;128;109;94m██[38;2;118;103;90m██[38;2;170;139;114m██[38;2;113;96;71m  [38;2;137;170;79m  [38;2;150;186;87m  [38;2;150;187;86m  [38;2;79;97;47m  [38;2;94;104;77m██[38;2;92;109;63m██[38;2;108;145;45m██[38;2;175;212;112m██[38;2;149;179;98m██[38;2;0;0;0m  
[38;2;40;50;23m  [38;2;150;187;87m  [38;2;111;138;64m  [38;2;68;94;25m  [38;2;86;112;43m██[38;2;73;82;57m██[38;2;85;108;45m██[38;2;23;21;20m██[38;2;205;163;131m██[38;2;81;76;72m██[38;2;205;163;131m██[38;2;149;124;104m██[38;2;90;83;77m██[38;2;205;164;131m██[38;2;205;163;131m████[38;2;23;18;15m██[38;2;149;187;87m  [38;2;149;187;86m  [38;2;61;75;37m██[38;2;140;177;77m██[38;2;89;121;35m██[38;2;82;93;63m██[38;2;155;182;107m██[38;2;46;48;43m  [38;2;10;12;5m  
[38;2;40;50;23m  [38;2;150;187;87m  [38;2;149;186;87m  [38;2;17;21;10m  [38;2;97;134;34m████[38;2;85;108;45m██[38;2;171;140;115m██[38;2;144;121;102m██[38;2;81;76;72m██[38;2;205;163;131m██[38;2;85;79;74m██[38;2;195;157;126m██[38;2;176;144;117m██[38;2;100;89;81m██[38;2;136;115;98m██[38;2;66;62;58m██[38;2;85;106;49m  [38;2;150;187;86m  [38;2;64;78;40m  [38;2;84;93;68m██[38;2;86;106;53m██[38;2;96;132;34m██[38;2;111;138;63m██[38;2;28;35;16m  [38;2;40;50;23m  
[38;2;40;50;23m  [38;2;150;187;87m      [38;2;52;69;23m  [38;2;72;100;25m██[38;2;81;99;49m██[38;2;205;163;131m██[38;2;124;106;92m██[38;2;205;164;131m██[38;2;113;99;87m██[38;2;120;104;91m██[38;2;179;145;118m██[38;2;111;128;82m██[38;2;185;221;121m██[38;2;129;156;82m██[38;2;135;169;77m██[38;2;92;117;49m██[38;2;35;44;19m██[38;2;88;111;49m██[38;2;139;175;78m██[38;2;86;106;53m██[38;2;97;134;34m████[38;2;121;153;67m██[38;2;9;12;5m  
[38;2;40;50;23m  [38;2;150;187;87m  [38;2;149;186;87m  [38;2;150;186;87m  [38;2;134;167;77m  [38;2;112;140;65m  [38;2;44;49;36m██[38;2;205;163;131m██[38;2;124;106;92m██[38;2;205;163;131m██[38;2;113;99;87m██[38;2;184;149;121m██[38;2;124;71;69m██[38;2;206;223;178m██[38;2;178;215;115m██[38;2;137;174;74m██[38;2;138;175;75m██[38;2;137;174;74m██[38;2;141;178;78m██[38;2;125;162;62m██[38;2;109;146;46m██[38;2;111;143;57m██[38;2;97;134;34m████[38;2;114;151;51m██[38;2;38;48;21m██
[38;2;40;50;23m  [38;2;150;187;87m      [38;2;149;187;87m  [38;2;113;142;66m  [38;2;88;111;49m██[38;2;70;68;67m██[38;2;124;106;92m██[38;2;188;152;123m██[38;2;156;129;108m██[38;2;149;117;95m██[38;2;203;93;67m██[38;2;255;255;255m██[38;2;154;184;103m██[38;2;177;191;108m██[38;2;86;85;78m██[38;2;143;180;80m██[38;2;119;156;56m██[38;2;185;222;121m██[38;2;181;217;120m██[38;2;91;111;57m██[38;2;94;130;33m██[38;2;72;100;25m██[38;2;65;90;24m  [38;2;10;12;5m  
[38;2;40;50;23m  [38;2;150;187;87m  [38;2;149;186;87m  [38;2;150;186;87m    [38;2;5;7;3m  [38;2;113;136;73m██[38;2;167;161;107m██[38;2;79;75;71m██[38;2;188;152;123m██[38;2;156;129;108m██[38;2;101;93;92m██[38;2;255;230;222m██[38;2;223;230;210m██[38;2;200;207;133m██[38;2;229;220;158m██[38;2;78;77;71m██[38;2;175;212;112m██[38;2;184;221;121m██[38;2;184;222;121m██[38;2;185;222;121m██[38;2;167;199;113m██[38;2;34;45;15m  [38;2;112;140;65m  [38;2;119;149;69m  [38;2;40;50;23m  
[38;2;40;50;23m  [38;2;150;187;87m  [38;2;112;140;65m    [38;2;75;95;41m  [38;2;77;113;16m██[38;2;104;127;65m██[38;2;168;163;107m██[38;2;122;132;83m██[38;2;79;92;58m██[38;2;92;111;60m██[38;2;131;166;68m██[38;2;136;162;70m██[38;2;168;184;99m██[38;2;255;246;179m██[38;2;173;167;126m██[38;2;171;203;115m██[38;2;185;222;121m████[38;2;179;216;116m██[38;2;185;221;121m██[38;2;185;222;121m██[38;2;17;21;10m  [38;2;150;187;87m  [38;2;149;187;87m  [38;2;40;50;23m  
[38;2;40;50;23m  [38;2;59;73;34m  [38;2;79;89;63m██[38;2;138;166;91m██[38;2;110;130;77m██[38;2;96;132;34m██[38;2;75;85;60m██[38;2;89;116;43m██[38;2;194;188;143m██[38;2;215;217;143m██[38;2;215;218;143m██[38;2;223;223;150m██[38;2;255;246;179m██[38;2;220;214;165m██[38;2;125;128;124m██[38;2;148;143;98m██[38;2;171;203;115m██[38;2;184;222;121m██[38;2;185;222;121m██[38;2;147;184;84m██[38;2;151;188;88m██[38;2;157;194;94m██[38;2;127;152;83m  [38;2;111;138;64m  [38;2;150;187;87m  [38;2;40;50;23m  
[38;2;30;37;17m  [38;2;58;71;37m  [38;2;157;194;94m████[38;2;87;124;24m██[38;2;68;78;50m██[38;2;185;222;121m██[38;2;49;50;47m██[38;2;68;80;48m██[38;2;207;200;151m██[38;2;210;204;157m██[38;2;112;116;110m████[38;2;128;129;109m██[38;2;170;164;108m██[38;2;126;145;94m██[38;2;185;222;121m████[38;2;174;211;111m██[38;2;81;108;33m██[38;2;100;137;37m██[38;2;185;222;121m████[38;2;64;76;42m██[38;2;149;187;87m  [38;2;40;50;23m  
[38;2;0;0;0m  [38;2;149;179;98m██[38;2;157;194;94m██[38;2;83;120;20m██[38;2;97;134;34m██[38;2;91;128;28m██[38;2;73;97;34m██[38;2;112;140;65m  [38;2;56;68;36m  [38;2;122;150;75m██[38;2;87;98;75m██[38;2;100;98;79m██[38;2;100;97;79m██[38;2;114;120;87m██[38;2;155;182;107m██[38;2;184;222;121m██[38;2;185;222;121m██[38;2;171;208;108m██[38;2;40;50;22m██[38;2;112;140;65m  [38;2;26;36;11m██[38;2;146;172;103m██[38;2;94;104;79m██[38;2;64;67;59m██[38;2;59;73;34m  [38;2;40;50;23m  
[38;2;40;50;23m  [38;2;28;35;16m  [38;2;101;138;38m██[38;2;76;104;27m██[38;2;72;100;25m████[38;2;93;116;54m  [38;2;150;187;87m    [38;2;45;56;26m  [38;2;122;156;64m██[38;2;126;163;63m██[38;2;124;161;61m██[38;2;142;179;79m██[38;2;142;178;79m██[38;2;174;211;111m██[38;2;164;201;101m██[38;2;107;140;51m██[38;2;40;50;23m  [38;2;75;93;43m  [38;2;185;221;121m██[38;2;115;131;89m██[38;2;111;148;48m██[38;2;185;222;121m██[38;2;149;179;98m██[38;2;0;0;0m  
[38;2;40;50;23m  [38;2;119;149;69m  [38;2;63;72;47m██[38;2;110;136;66m  [38;2;112;140;65m    [38;2;150;186;87m  [38;2;150;187;87m  [38;2;150;187;86m  [38;2;145;181;84m  [38;2;54;70;28m  [38;2;132;169;69m██[38;2;133;170;70m██[38;2;132;169;69m██[38;2;108;145;45m████[38;2;128;165;65m██[38;2;81;103;45m██[38;2;144;179;83m  [38;2;75;93;43m  [38;2;185;222;121m██[38;2;115;131;89m██[38;2;101;138;38m████[38;2;82;112;31m██[38;2;0;0;0m  
[38;2;40;50;23m  [38;2;150;187;87m      [38;2;149;187;87m  [38;2;150;187;87m  [38;2;149;187;87m  [38;2;150;187;87m    [38;2;149;187;87m  [38;2;51;64;30m  [38;2;120;141;35m██[38;2;139;165;73m██[38;2;163;188;64m██[38;2;128;162;65m██[38;2;125;162;62m██[38;2;119;139;32m██[38;2;42;64;6m██[38;2;144;179;83m  [38;2;149;187;87m  [38;2;36;44;20m  [38;2;37;37;37m██[38;2;157;194;94m████[38;2;119;143;78m  [38;2;10;12;5m  
[38;2;40;50;23m  [38;2;150;187;87m  [38;2;149;186;87m  [38;2;150;186;87m    [38;2;150;187;87m  [38;2;150;186;87m  [38;2;150;187;87m  [38;2;150;187;86m  [38;2;137;170;79m  [38;2;44;48;39m  [38;2;110;131;25m██[38;2;188;188;16m██[38;2;225;154;70m██[38;2;104;126;24m██[38;2;162;177;5m██[38;2;114;133;26m██[38;2;59;64;50m██[38;2;37;46;22m  [38;2;150;186;87m  [38;2;148;185;86m  [38;2;56;68;36m  [38;2;157;194;94m████[38;2;28;35;16m  [38;2;40;50;23m  
[38;2;40;50;23m  [38;2;150;187;87m      [38;2;149;187;87m  [38;2;150;187;87m  [38;2;149;187;87m  [38;2;150;187;87m  [38;2;128;160;74m  [38;2;32;45;11m██[38;2;97;134;34m██[38;2;72;85;50m██[38;2;116;110;59m██[38;2;189;170;62m██[38;2;85;113;20m██[38;2;79;101;43m██[38;2;95;104;79m██[38;2;185;222;121m████[38;2;79;97;47m  [38;2;149;187;87m  [38;2;150;187;86m  [38;2;37;46;21m    [38;2;149;187;87m  [38;2;40;50;23m  
[38;2;40;50;23m  [38;2;150;187;87m  [38;2;149;186;87m  [38;2;150;186;87m    [38;2;150;187;87m  [38;2;150;186;87m  [38;2;150;187;87m  [38;2;63;79;36m  [38;2;97;134;34m████[38;2;95;130;35m██[38;2;89;116;41m██[38;2;18;27;2m████[38;2;121;152;68m██[38;2;177;214;114m██[38;2;184;222;121m██[38;2;185;222;121m██[38;2;92;111;60m██[38;2;150;187;87m    [38;2;150;186;87m    [38;2;150;187;87m  [38;2;40;50;23m  
[38;2;40;50;23m  [38;2;150;187;87m      [38;2;149;187;87m  [38;2;150;187;87m  [38;2;149;187;87m  [38;2;150;187;87m  [38;2;128;160;74m  [38;2;29;41;10m██[38;2;76;110;19m██[38;2;65;90;24m  [38;2;37;46;21m  [38;2;149;187;87m  [38;2;150;187;86m  [38;2;61;77;34m  [38;2;120;148;73m██[38;2;178;215;115m██[38;2;185;222;121m██[38;2;179;216;116m██[38;2;5;7;3m  [38;2;150;187;86m    [38;2;150;187;87m  [38;2;149;187;87m  [38;2;40;50;23m  
[38;2;40;50;23m  [38;2;150;187;87m  [38;2;149;186;87m  [38;2;150;186;87m    [38;2;150;187;87m  [38;2;150;186;87m  [38;2;150;187;87m  [38;2;128;160;74m  [38;2;23;31;9m██[38;2;21;27;11m██[38;2;119;149;69m  [38;2;149;187;87m  [38;2;150;187;87m  [38;2;149;187;87m  [38;2;137;170;79m  [38;2;27;30;21m  [38;2;113;134;77m██[38;2;152;189;89m██[38;2;118;141;79m██[38;2;5;7;3m  [38;2;150;187;87m  [38;2;150;186;87m    [38;2;150;187;87m  [38;2;40;50;23m  
[38;2;40;50;23m  [38;2;150;187;87m      [38;2;149;187;87m  [38;2;150;187;87m  [38;2;149;187;87m  [38;2;150;187;87m    [38;2;149;187;87m  [38;2;150;187;87m  [38;2;149;187;87m  [38;2;150;187;86m  [38;2;149;187;87m  [38;2;150;187;86m  [38;2;149;187;87m  [38;2;50;62;29m  [38;2;99;126;51m██[38;2;84;94;67m██[38;2;54;63;38m██[38;2;113;142;66m  [38;2;150;187;86m    [38;2;150;187;87m  [38;2;149;187;87m  [38;2;40;50;23m  
[38;2;10;12;5m  [38;2;37;46;21m                                [38;2;6;6;6m  [38;2;34;43;19m██[38;2;29;39;14m██[38;2;1;1;0m  [38;2;37;46;21m        [38;2;10;12;5m  [0m
