
[38;2;0;0;0m                    [38;2;15;11;11m    [38;2;0;0;0m                        
[38;2;0;0;0m                    [38;2;63;47;46m████[38;2;0;0;0m    [38;2;47;35;34m    [38;2;0;0;0m                
[38;2;0;0;0m                [38;2;15;11;11m  [38;2;63;47;46m██[38;2;255;185;181m██[38;2;207;152;149m██[38;2;0;0;0m    [38;2;255;185;181m██[38;2;111;81;80m██[38;2;0;0;0m                
[38;2;0;0;0m                [38;2;63;46;45m██[38;2;255;186;182m██[38;2;207;152;149m██[38;2;15;11;11m  [38;2;0;0;0m  [38;2;143;105;104m  [38;2;255;186;182m██[38;2;255;187;184m██[38;2;0;0;0m                
[38;2;0;0;0m            [38;2;15;3;7m  [38;2;63;14;28m██[38;2;254;161;170m██[38;2;255;179;179m██[38;2;231;157;165m██[38;2;105;64;69m██[38;2;111;82;81m██[38;2;255;188;184m██[38;2;239;174;172m██[38;2;47;34;34m  [38;2;0;0;0m            [38;2;9;4;6m    
[38;2;0;0;0m            [38;2;207;46;91m██[38;2;254;59;114m██[38;2;249;70;117m██[38;2;153;82;99m██[38;2;231;58;110m██[38;2;248;81;134m██[38;2;255;134;156m██[38;2;255;134;155m██[38;2;239;176;181m██[38;2;47;35;36m  [38;2;0;0;0m            [38;2;145;64;93m  [38;2;147;64;94m  
[38;2;0;0;0m            [38;2;237;58;110m██[38;2;255;56;112m██[38;2;200;59;97m██[38;2;207;58;100m██[38;2;254;60;116m████████[38;2;252;57;110m██[38;2;141;44;67m██[38;2;40;18;27m  [38;2;0;0;0m      [38;2;75;32;48m  [38;2;180;80;115m██[38;2;248;126;149m██[38;2;147;64;94m  
[38;2;0;0;0m            [38;2;58;27;38m██[38;2;117;66;80m██[38;2;124;68;81m██[38;2;126;58;80m██[38;2;254;57;113m████[38;2;254;57;111m██[38;2;218;59;99m██[38;2;137;62;81m██[38;2;212;63;96m██[38;2;40;12;18m  [38;2;0;0;0m      [38;2;183;67;110m██[38;2;254;117;146m██[38;2;147;64;94m  [38;2;9;4;6m  
[38;2;0;0;0m              [38;2;148;139;140m██[38;2;67;34;43m██[38;2;154;68;95m██[38;2;96;92;95m██[38;2;147;91;115m██[38;2;155;96;120m██[38;2;98;66;73m██[38;2;211;64;97m██[38;2;67;23;34m██[38;2;0;2;1m  [38;2;0;0;0m    [38;2;120;48;78m  [38;2;254;71;119m██[38;2;254;73;124m██[38;2;147;50;86m  [38;2;10;4;6m  
[38;2;0;0;0m              [38;2;22;16;18m  [38;2;213;157;170m██[38;2;133;100;116m██[38;2;152;133;142m██[38;2;220;220;218m██[38;2;180;95;125m██[38;2;209;63;96m██[38;2;183;64;91m██[38;2;127;61;87m██[38;2;87;40;60m  [38;2;0;0;0m  [38;2;30;12;19m  [38;2;203;56;102m  [38;2;254;57;113m██[38;2;254;59;116m██[38;2;231;58;110m██[38;2;40;16;26m  
[38;2;0;0;0m            [38;2;15;11;12m  [38;2;204;152;160m██[38;2;251;188;197m████[38;2;122;114;127m██[38;2;164;81;105m██[38;2;212;63;96m██[38;2;215;62;95m██[38;2;147;64;82m██[38;2;104;52;74m██[38;2;0;0;0m    [38;2;30;12;19m  [38;2;203;56;102m  [38;2;254;57;113m██[38;2;254;60;116m██[38;2;203;56;102m  [38;2;30;12;19m  
[38;2;0;0;0m            [38;2;55;38;46m██[38;2;139;104;111m██[38;2;147;117;122m██[38;2;254;184;197m██[38;2;220;166;176m██[38;2;163;77;101m██[38;2;207;70;99m██[38;2;130;65;81m██[38;2;207;155;152m██[38;2;195;144;142m██[38;2;0;0;0m      [38;2;30;12;19m  [38;2;182;61;105m██[38;2;186;57;104m██[38;2;30;12;19m  [38;2;0;0;0m  
[38;2;0;0;0m      [38;2;0;0;1m  [38;2;12;4;7m  [38;2;25;14;18m██[38;2;187;103;118m██[38;2;153;105;122m██[38;2;167;119;137m██[38;2;129;74;93m██[38;2;71;69;77m██[38;2;66;65;68m██[38;2;66;62;65m██[38;2;209;153;157m██[38;2;255;185;181m██[38;2;255;187;184m██[38;2;191;141;138m██[38;2;0;0;0m      [38;2;62;26;39m██[38;2;62;26;43m██[38;2;0;0;0m    
[38;2;0;0;0m      [38;2;55;23;31m  [38;2;156;58;82m██[38;2;170;63;92m██[38;2;133;86;92m██[38;2;191;105;115m██[38;2;82;63;71m██[38;2;225;64;118m██[38;2;207;58;100m████[38;2;171;60;91m██[38;2;188;116;116m██[38;2;255;186;182m██[38;2;199;117;138m██[38;2;135;71;92m██[38;2;0;0;0m      [38;2;207;150;150m██[38;2;63;44;46m██[38;2;0;0;0m    
[38;2;0;0;0m  [38;2;14;16;19m  [38;2;202;63;97m██[38;2;180;63;99m██[38;2;156;61;98m██[38;2;119;41;64m██[38;2;0;0;0m  [38;2;51;32;36m  [38;2;158;103;104m██[38;2;195;82;117m██[38;2;249;57;111m██[38;2;202;80;120m██[38;2;217;63;103m██[38;2;148;60;85m██[38;2;168;68;91m██[38;2;232;60;107m██[38;2;229;63;115m██[38;2;71;33;57m██[38;2;13;7;8m  [38;2;204;148;146m██[38;2;184;127;128m██[38;2;0;0;0m      
[38;2;36;37;38m  [38;2;97;106;117m██[38;2;203;172;185m██[38;2;124;78;89m██[38;2;38;12;23m  [38;2;0;0;0m    [38;2;0;0;18m  [38;2;234;155;165m██[38;2;205;65;100m██[38;2;193;85;120m██[38;2;249;179;179m██[38;2;183;60;105m██[38;2;255;56;112m██[38;2;187;64;95m██[38;2;167;69;105m██[38;2;231;63;122m██[38;2;216;54;101m██[38;2;91;64;68m██[38;2;224;130;139m██[38;2;40;22;24m  [38;2;0;0;0m      
[38;2;15;17;19m  [38;2;158;160;163m██[38;2;12;0;5m  [38;2;146;140;144m  [38;2;9;0;3m  [38;2;0;0;0m  [38;2;13;7;8m  [38;2;165;88;89m██[38;2;126;86;86m██[38;2;206;108;135m██[38;2;199;118;138m██[38;2;255;188;184m██[38;2;237;164;170m██[38;2;211;70;111m██[38;2;154;80;100m██[38;2;78;70;80m██[38;2;148;66;100m██[38;2;183;62;106m██[38;2;91;71;73m██[38;2;41;21;23m  [38;2;0;0;0m        
[38;2;0;0;0m            [38;2;54;29;32m██[38;2;220;115;127m██[38;2;162;95;105m██[38;2;198;120;125m██[38;2;234;148;154m██[38;2;255;188;185m██[38;2;226;135;143m██[38;2;143;92;105m██[38;2;222;169;170m██[38;2;112;95;95m██[38;2;183;152;163m██[38;2;183;62;106m██[38;2;139;136;135m██[38;2;0;0;0m          
[38;2;0;0;0m              [38;2;122;67;76m  [38;2;180;100;110m██[38;2;94;73;76m██[38;2;162;88;97m██[38;2;204;110;121m██[38;2;182;107;117m██[38;2;209;160;159m██[38;2;207;157;155m██[38;2;207;207;207m██[38;2;162;138;148m██[38;2;230;207;217m██[38;2;129;112;119m██[38;2;57;53;55m██[38;2;0;0;0m        
[38;2;0;0;0m              [38;2;0;7;12m  [38;2;70;36;43m██[38;2;29;28;32m██[38;2;0;0;0m  [38;2;40;22;24m  [38;2;45;26;29m██[38;2;52;40;39m██[38;2;243;180;177m██[38;2;136;123;123m██[38;2;160;94;103m██[38;2;69;63;66m██[38;2;17;13;15m  [38;2;14;13;13m  [38;2;0;0;0m        
[38;2;0;0;0m          [38;2;41;41;41m  [38;2;63;30;38m██[38;2;192;71;99m██[38;2;200;70;101m██[38;2;201;61;94m██[38;2;0;0;0m        [38;2;70;24;43m██[38;2;71;61;62m██[38;2;64;51;55m██[38;2;15;3;7m  [38;2;0;0;0m            
[38;2;0;0;0m          [38;2;41;41;41m  [38;2;81;60;68m██[38;2;214;175;192m██[38;2;52;22;34m██[38;2;39;13;21m██[38;2;0;0;0m        [38;2;243;57;109m██[38;2;207;58;100m██[38;2;219;58;103m██[38;2;63;14;28m██[38;2;0;0;0m            
[38;2;0;0;0m                          [38;2;143;143;143m██[38;2;148;51;92m██[38;2;191;102;139m██[38;2;164;58;98m██[38;2;47;10;21m  [38;2;0;0;0m            
[38;2;0;0;0m                            [38;2;10;3;7m  [38;2;58;51;54m██[38;2;29;12;19m  [38;2;0;0;0m              [0m
