
[38;2;0;0;0m                    [38;2;0;1;0m  [38;2;16;16;13m██[38;2;0;0;0m    [38;2;0;1;0m  [38;2;0;0;0m  
[38;2;0;0;0m            [38;2;0;2;0m    [38;2;0;0;0m  [38;2;32;27;25m  [38;2;94;75;75m██[38;2;11;10;8m  [38;2;0;3;0m  [38;2;54;46;43m  [38;2;92;75;73m██[38;2;26;23;21m  
[38;2;0;0;0m        [38;2;35;33;31m  [38;2;60;57;53m  [38;2;129;129;124m██[38;2;122;121;117m██[38;2;30;31;27m██[38;2;80;67;57m██[38;2;81;68;58m██[38;2;110;106;101m██[38;2;98;81;82m██[38;2;101;82;76m██[38;2;49;40;33m  [38;2;0;0;0m  
[38;2;0;0;0m        [38;2;97;91;85m  [38;2;166;156;145m  [38;2;51;52;48m██[38;2;70;66;63m██[38;2;72;64;58m██[38;2;186;179;172m██[38;2;186;183;177m██[38;2;242;230;219m██[38;2;66;65;65m██[38;2;86;72;55m██[38;2;65;56;44m  [38;2;0;1;0m  
[38;2;0;0;0m      [38;2;247;123;181m  [38;2;172;110;134m  [38;2;128;90;107m██[38;2;255;176;211m██[38;2;232;133;179m██[38;2;95;75;73m██[38;2;62;57;51m██[38;2;101;101;96m██[38;2;164;161;157m██[38;2;47;39;30m  [38;2;0;2;0m  [38;2;0;1;0m  [38;2;0;0;0m  
[38;2;0;0;0m      [38;2;0;3;0m  [38;2;135;71;100m██[38;2;255;133;190m██[38;2;255;163;206m██[38;2;73;69;65m██[38;2;215;117;162m██[38;2;63;61;55m  [38;2;184;172;161m  [38;2;0;4;0m██[38;2;0;0;0m        
[38;2;0;0;0m  [38;2;75;56;40m  [38;2;40;32;23m  [38;2;184;106;113m██[38;2;255;135;191m██[38;2;154;90;119m██[38;2;156;133;140m██[38;2;96;80;80m██[38;2;234;124;174m██[38;2;63;61;55m  [38;2;184;172;161m    [38;2;139;139;139m    [38;2;0;0;0m    
[38;2;0;0;0m  [38;2;13;13;7m  [38;2;183;141;106m██[38;2;171;129;94m██[38;2;109;76;65m██[38;2;231;209;215m██[38;2;211;197;197m██[38;2;132;94;105m██[38;2;60;35;45m██[38;2;167;156;146m    [38;2;10;11;8m██[38;2;17;18;15m  [38;2;245;245;245m  [38;2;0;0;0m    
[38;2;0;1;0m  [38;2;152;117;87m██[38;2;191;149;114m██[38;2;136;94;59m██[38;2;124;90;89m██[38;2;197;116;151m██[38;2;212;119;158m██[38;2;215;110;158m██[38;2;138;112;134m██[38;2;76;66;82m██[38;2;66;54;53m██[38;2;115;92;89m██[38;2;114;90;90m██[38;2;85;80;78m  [38;2;0;0;0m    
[38;2;0;0;0m  [38;2;91;63;38m  [38;2;142;103;70m██[38;2;99;96;71m██[38;2;156;88;119m██[38;2;135;104;118m██[38;2;241;112;173m██[38;2;104;75;89m██[38;2;164;112;157m██[38;2;127;108;131m██[38;2;112;89;87m██[38;2;115;91;89m██[38;2;115;92;89m██[38;2;59;49;46m██[38;2;0;0;0m    
[38;2;0;0;0m  [38;2;56;44;33m  [38;2;84;71;60m██[38;2;66;65;65m██[38;2;208;100;149m██[38;2;241;113;173m██[38;2;247;121;180m██[38;2;195;120;160m██[38;2;184;147;189m██[38;2;82;71;69m██[38;2;115;92;89m██████[38;2;115;91;89m██[38;2;40;41;40m  [38;2;0;0;0m  
[38;2;6;7;4m  [38;2;79;63;48m██[38;2;96;75;83m██[38;2;205;174;215m██[38;2;166;85;135m██[38;2;255;132;189m██[38;2;234;128;182m██[38;2;168;137;178m██[38;2;96;85;93m██[38;2;100;82;73m██[38;2;114;92;89m██[38;2;115;92;89m██████[38;2;77;69;67m██[38;2;18;16;11m  
[38;2;4;5;4m  [38;2;64;57;47m██[38;2;90;77;74m██[38;2;207;176;216m██[38;2;144;104;146m██[38;2;115;68;112m██[38;2;162;126;168m██[38;2;211;179;221m██[38;2;97;90;99m██[38;2;92;73;57m██[38;2;111;90;87m██[38;2;114;92;89m████[38;2;91;78;78m██[38;2;112;89;86m██[38;2;26;23;21m  
[38;2;0;0;0m  [38;2;86;65;45m  [38;2;116;85;126m██[38;2;181;150;191m██[38;2;206;175;216m██[38;2;210;179;220m██[38;2;200;169;210m██[38;2;181;150;191m██[38;2;125;97;115m██[38;2;81;74;68m██[38;2;81;76;62m██[38;2;103;87;82m██[38;2;99;83;66m██[38;2;105;84;63m██[38;2;0;2;0m  [38;2;0;0;0m  
[38;2;0;0;0m  [38;2;0;3;0m  [38;2;134;97;97m██[38;2;178;147;188m██[38;2;146;115;156m██[38;2;184;153;194m██[38;2;129;98;139m██[38;2;163;132;173m██[38;2;111;85;95m██[38;2;119;104;93m██[38;2;215;176;143m██[38;2;139;100;67m██[38;2;131;89;54m██[38;2;90;75;58m██[38;2;0;0;0m    
[38;2;0;0;0m  [38;2;139;103;74m  [38;2;65;50;34m██[38;2;126;90;95m██[38;2;87;74;78m██[38;2;135;104;144m██[38;2;110;87;90m██[38;2;97;78;92m██[38;2;92;78;74m██[38;2;100;96;93m██[38;2;212;174;143m██[38;2;178;136;101m██[38;2;174;132;97m██[38;2;135;108;83m██[38;2;0;1;0m  [38;2;0;0;0m  
[38;2;0;0;0m  [38;2;139;103;74m  [38;2;97;74;52m  [38;2;156;116;82m██[38;2;128;121;115m██[38;2;218;207;197m██[38;2;65;65;65m██[38;2;104;101;99m██[38;2;237;225;214m██[38;2;141;133;126m██[38;2;65;65;65m██[38;2;181;139;104m██[38;2;224;182;147m██[38;2;187;145;110m██[38;2;0;3;0m  [38;2;0;0;0m  
[38;2;0;0;0m  [38;2;139;103;74m  [38;2;165;123;88m  [38;2;92;70;49m  [38;2;102;90;77m██[38;2;127;120;111m██[38;2;175;163;153m██[38;2;193;181;171m██[38;2;137;130;119m██[38;2;112;107;96m██[38;2;76;74;74m██[38;2;106;92;81m██[38;2;94;74;58m██[38;2;180;138;103m██[38;2;0;3;0m  [38;2;0;0;0m  
[38;2;0;0;0m      [38;2;247;123;181m  [38;2;131;67;96m  [38;2;75;72;73m██[38;2;128;112;108m██[38;2;187;176;168m██[38;2;189;177;170m██[38;2;74;62;62m██[38;2;87;71;55m██[38;2;88;71;54m██[38;2;89;71;54m██[38;2;32;32;29m██[38;2;0;0;0m    
[38;2;0;0;0m      [38;2;247;123;181m  [38;2;168;85;123m  [38;2;121;41;77m██[38;2;163;74;109m██[38;2;73;64;62m██[38;2;118;77;65m██[38;2;155;95;116m██[38;2;77;66;58m██[38;2;58;50;41m██[38;2;34;30;20m██[38;2;90;70;55m██[38;2;49;39;28m  [38;2;0;0;0m  
[38;2;0;0;0m      [38;2;247;145;193m  [38;2;81;27;51m██[38;2;50;24;34m  [38;2;123;23;68m██[38;2;214;92;149m██[38;2;214;91;148m██[38;2;183;79;127m██[38;2;223;97;156m██[38;2;0;2;0m  [38;2;0;0;0m  [38;2;0;3;0m  [38;2;0;2;0m  [38;2;0;0;0m  
[38;2;0;0;0m      [38;2;67;67;67m  [38;2;0;1;0m  [38;2;59;27;42m  [38;2;0;1;0m  [38;2;38;14;24m    [38;2;0;1;0m  [38;2;45;16;28m  [38;2;0;0;0m          [0m
