
[38;2;0;0;0m            [38;2;36;32;17m  [38;2;0;0;0m                        
[38;2;0;0;0m          [38;2;171;149;82m  [38;2;147;129;71m██[38;2;0;0;0m                        
[38;2;0;0;0m        [38;2;23;20;11m  [38;2;234;205;113m██[38;2;255;223;126m██[38;2;13;11;6m██[38;2;0;0;0m                      
[38;2;0;0;0m        [38;2;93;82;46m██[38;2;255;223;125m██[38;2;255;223;123m██[38;2;135;116;64m██[38;2;3;0;0m  [38;2;0;0;0m                    
[38;2;0;0;0m      [38;2;53;46;25m  [38;2;213;177;102m██[38;2;255;223;126m██[38;2;228;193;107m██[38;2;251;219;121m██[38;2;134;117;65m██[38;2;0;0;0m                    
[38;2;0;0;0m      [38;2;214;187;103m██[38;2;215;178;101m██[38;2;255;223;126m██[38;2;221;184;103m██[38;2;254;222;125m██[38;2;207;180;110m██[38;2;0;0;0m                    
[38;2;0;0;0m    [38;2;80;70;38m██[38;2;201;163;92m██[38;2;255;223;123m██[38;2;240;207;114m██[38;2;227;192;107m██[38;2;255;223;122m██[38;2;205;180;123m██[38;2;51;44;30m██[38;2;0;0;0m        [38;2;20;23;25m  [38;2;0;0;0m        
[38;2;0;0;0m    [38;2;196;168;93m██[38;2;234;199;113m██[38;2;255;223;124m██[38;2;198;159;90m██[38;2;255;223;125m██[38;2;220;192;123m██[38;2;205;180;122m██[38;2;206;179;123m██[38;2;0;0;0m        [38;2;80;93;101m██  [38;2;0;0;0m      
[38;2;0;0;0m    [38;2;211;184;101m██[38;2;255;223;125m██[38;2;254;219;124m██[38;2;253;214;123m██[38;2;224;195;117m██[38;2;189;164;114m██[38;2;206;179;123m████[38;2;97;84;58m██[38;2;0;0;0m      [38;2;60;70;75m  [38;2;112;130;141m██[38;2;10;11;12m  [38;2;0;0;0m    
[38;2;0;0;0m    [38;2;80;70;38m██[38;2;255;223;125m██[38;2;188;158;90m██[38;2;63;183;173m██[38;2;224;219;213m██[38;2;138;116;96m██[38;2;206;179;122m██[38;2;101;93;80m██[38;2;178;155;106m██[38;2;0;0;0m        [38;2;128;147;162m██[38;2;105;122;133m██[38;2;0;0;0m    
[38;2;0;0;0m  [38;2;50;44;24m  [38;2;242;214;123m██[38;2;124;136;137m██[38;2;79;146;159m██[38;2;32;184;194m██[38;2;180;190;186m██[38;2;129;138;144m██[38;2;167;142;105m██[38;2;101;93;80m██[38;2;178;155;106m██[38;2;0;0;0m  [38;2;29;25;17m  [38;2;0;0;0m    [38;2;100;116;126m██[38;2;117;134;143m██[38;2;35;29;32m  [38;2;0;0;0m  
[38;2;32;35;34m  [38;2;140;143;123m██[38;2;133;142;137m██[38;2;129;149;163m██[38;2;130;150;164m████[38;2;140;133;110m██[38;2;184;161;115m██[38;2;195;170;118m██[38;2;205;179;123m██[38;2;60;53;42m██[38;2;0;0;0m  [38;2;119;103;71m██[38;2;0;0;0m    [38;2;20;18;19m██[38;2;179;161;102m██[38;2;85;91;96m██[38;2;25;29;31m  
[38;2;0;0;3m  [38;2;96;107;107m  [38;2;98;113;123m██[38;2;116;134;147m██[38;2;110;128;140m██[38;2;124;141;150m██[38;2;149;144;127m██[38;2;185;160;113m██[38;2;205;179;123m██[38;2;131;114;98m██[38;2;192;170;127m██[38;2;20;20;19m██[38;2;161;142;104m██[38;2;159;140;100m██[38;2;23;20;13m  [38;2;93;81;52m██[38;2;233;203;118m██[38;2;65;62;58m██[38;2;16;14;8m  
[38;2;0;0;0m      [38;2;18;24;23m  [38;2;38;43;42m██[38;2;141;151;141m██[38;2;188;162;114m████[38;2;206;179;122m██[38;2;206;179;123m██[38;2;128;131;131m██[38;2;134;148;157m██[38;2;100;92;79m██[38;2;85;81;72m██[38;2;154;135;83m██[38;2;255;223;126m██[38;2;168;147;97m██[38;2;217;187;111m██[38;2;67;58;32m██
[38;2;0;0;0m          [38;2;22;26;29m  [38;2;144;135;113m██[38;2;97;102;106m██[38;2;182;162;121m██[38;2;108;112;117m██[38;2;128;147;162m████[38;2;121;140;153m██[38;2;120;126;105m██[38;2;255;223;126m██[38;2;240;209;119m██[38;2;226;196;115m██[38;2;191;167;97m██[38;2;0;0;0m  
[38;2;0;0;0m        [38;2;38;43;48m  [38;2;97;111;121m██[38;2;98;112;124m██[38;2;98;112;125m██[38;2;121;137;148m██[38;2;130;150;164m██[38;2;128;147;162m██[38;2;126;145;162m██[38;2;90;99;108m██[38;2;220;200;132m██[38;2;255;223;123m████[38;2;229;200;122m██[38;2;194;169;116m██[38;2;40;35;24m  
[38;2;0;0;0m        [38;2;4;1;0m  [38;2;36;39;40m  [38;2;99;116;131m██[38;2;117;134;151m██[38;2;129;149;162m██[38;2;128;147;162m██[38;2;123;141;155m██[38;2;85;97;109m██[38;2;75;72;75m██[38;2;159;139;95m██[38;2;205;180;123m████[38;2;170;148;101m██[38;2;0;0;0m    
[38;2;0;0;0m            [38;2;56;65;74m██[38;2;99;110;132m██[38;2;110;123;143m██[38;2;128;147;162m██[38;2;94;104;121m██[38;2;95;112;123m██[38;2;62;64;64m██[38;2;5;4;3m  [38;2;83;75;54m██[38;2;100;93;80m██[38;2;83;89;92m██[38;2;0;0;0m    
[38;2;0;0;0m              [38;2;145;126;95m██[38;2;95;98;96m██[38;2;159;157;128m██[38;2;122;129;117m██[38;2;84;103;115m██[38;2;32;36;41m  [38;2;3;4;4m  [38;2;73;87;96m██[38;2;105;123;138m██[38;2;31;36;41m██[38;2;0;0;0m    
[38;2;0;0;0m            [38;2;59;64;63m  [38;2;91;98;94m██[38;2;213;200;126m██[38;2;255;223;123m██[38;2;235;213;126m██[38;2;190;175;105m██[38;2;0;0;0m  [38;2;17;20;21m██[38;2;139;164;172m██[38;2;166;169;175m██[38;2;7;9;10m  [38;2;0;0;0m    
[38;2;0;0;0m            [38;2;122;128;122m██[38;2;96;114;123m██[38;2;137;133;121m██[38;2;223;198;121m██[38;2;159;135;89m██[38;2;0;0;0m                
[38;2;0;0;0m              [38;2;56;63;66m  [38;2;45;48;48m██[38;2;31;31;29m██[38;2;15;12;10m  [38;2;0;0;0m                [0m
