
[38;2;16;15;5m  [38;2;63;60;20m    [38;2;10;10;3m  [38;2;59;55;8m██[38;2;61;57;5m██[38;2;1;0;1m  [38;2;0;0;0m  [38;2;63;60;20m          [38;2;59;56;19m  [38;2;0;0;0m  [38;2;7;7;2m  [38;2;63;60;20m      [38;2;0;0;0m    
[38;2;66;63;21m  [38;2;255;242;81m  [38;2;63;60;20m  [38;2;103;75;3m  [38;2;237;222;35m██[38;2;192;166;14m██[38;2;183;170;19m██[38;2;178;166;25m██[38;2;150;143;48m  [38;2;255;243;81m  [38;2;255;242;81m      [38;2;72;69;24m  [38;2;185;176;60m██[38;2;116;99;30m  [38;2;186;177;60m  [38;2;255;243;81m    [38;2;0;0;0m    
[38;2;66;63;21m  [38;2;54;52;17m  [38;2;237;222;34m██[38;2;237;223;35m██[38;2;121;113;71m██[38;2;94;82;81m██[38;2;145;125;71m██[38;2;179;170;33m██[38;2;150;143;48m  [38;2;255;243;81m    [38;2;253;241;81m  [38;2;120;114;41m  [38;2;122;100;71m██[38;2;205;187;72m██[38;2;199;182;68m██[38;2;136;126;39m  [38;2;61;59;25m██[38;2;44;36;7m██[38;2;0;0;0m    
[38;2;66;63;21m  [38;2;204;195;65m  [38;2;100;89;12m██[38;2;122;111;52m██[38;2;140;170;77m██[38;2;215;124;138m██[38;2;211;151;166m██[38;2;136;150;61m██[38;2;150;143;48m  [38;2;255;243;81m  [38;2;255;242;81m  [38;2;249;237;80m  [38;2;105;91;35m██[38;2;172;138;22m██[38;2;204;181;84m██[38;2;216;198;112m██[38;2;124;87;0m██[38;2;171;138;25m██[38;2;206;183;61m██[38;2;0;0;0m    
[38;2;66;63;21m  [38;2;204;195;65m  [38;2;114;106;7m██[38;2;94;85;56m██[38;2;158;198;77m██[38;2;210;146;125m██[38;2;143;110;90m██[38;2;173;195;76m██[38;2;87;108;42m██[38;2;248;237;80m  [38;2;255;243;81m  [38;2;66;63;21m  [38;2;219;209;74m██[38;2;241;229;97m██[38;2;158;118;10m██[38;2;226;211;127m██[38;2;175;142;45m██[38;2;226;209;81m██[38;2;119;114;49m██[38;2;0;0;0m    
[38;2;66;63;21m  [38;2;54;52;17m  [38;2;224;205;31m██[38;2;195;178;29m██[38;2;115;134;71m██[38;2;157;198;77m██[38;2;158;198;77m██[38;2;105;114;70m██[38;2;122;150;59m██[38;2;64;61;20m  [38;2;255;242;81m  [38;2;253;241;81m  [38;2;120;114;41m  [38;2;171;138;25m██[38;2;176;176;63m██[38;2;160;119;9m██[38;2;222;203;77m██[38;2;151;110;4m██[38;2;223;206;79m██[38;2;0;0;0m    
[38;2;66;63;21m  [38;2;255;243;81m  [38;2;89;85;26m  [38;2;163;154;36m  [38;2;76;93;44m██[38;2;155;191;75m██[38;2;134;126;82m██[38;2;242;201;211m██[38;2;117;113;97m██[38;2;19;18;17m██[38;2;223;212;71m  [38;2;248;237;80m  [38;2;136;102;111m██[38;2;238;123;145m██[38;2;189;235;119m██[38;2;168;147;35m██[38;2;238;225;93m██[38;2;216;205;94m██[38;2;63;56;29m  [38;2;56;14;43m  [38;2;14;3;11m  
[38;2;66;63;21m  [38;2;255;242;81m  [38;2;255;243;81m  [38;2;201;192;64m  [38;2;191;182;61m  [38;2;58;65;24m  [38;2;166;63;127m██[38;2;242;201;212m██[38;2;233;195;206m██[38;2;81;79;74m██[38;2;103;108;55m  [38;2;65;59;28m  [38;2;177;122;117m██[38;2;201;207;125m██[38;2;189;235;118m██[38;2;213;137;127m██[38;2;114;105;46m██[38;2;83;79;31m  [38;2;235;224;75m  [38;2;227;58;173m  [38;2;59;15;45m  
[38;2;66;63;21m  [38;2;255;243;81m        [38;2;198;191;67m  [38;2;84;68;59m██[38;2;181;110;122m██[38;2;207;146;158m██[38;2;124;124;93m██[38;2;216;245;133m██[38;2;59;70;55m██[38;2;198;117;137m██[38;2;207;38;152m██[38;2;193;152;129m██[38;2;182;94;117m██[38;2;109;93;83m  [38;2;255;242;81m  [38;2;255;243;81m  [38;2;227;58;172m  [38;2;59;15;45m  
[38;2;66;63;21m  [38;2;255;242;81m  [38;2;195;186;62m  [38;2;223;212;71m  [38;2;186;177;60m  [38;2;176;161;162m  [38;2;234;178;150m██[38;2;206;214;128m██[38;2;203;211;127m██[38;2;243;253;147m██[38;2;196;238;122m██[38;2;157;189;105m██[38;2;169;60;130m██[38;2;227;58;172m██[38;2;117;56;85m██[38;2;191;182;61m  [38;2;232;221;74m  [38;2;223;212;71m  [38;2;195;186;62m  [38;2;227;58;173m  [38;2;59;15;45m  
[38;2;50;47;16m  [38;2;191;182;61m  [38;2;81;29;64m██[38;2;85;22;64m██[38;2;130;124;45m  [38;2;227;188;198m██[38;2;221;165;136m██[38;2;227;249;138m██[38;2;201;216;125m██[38;2;124;84;93m██[38;2;153;102;116m██[38;2;208;199;99m██[38;2;138;165;97m██[38;2;143;25;101m  [38;2;177;169;57m  [38;2;175;162;59m  [38;2;143;122;55m  [38;2;83;17;57m██[38;2;70;17;53m██[38;2;227;58;172m  [38;2;59;15;45m  
[38;2;45;11;34m  [38;2;171;45;130m██[38;2;201;61;155m██[38;2;132;68;111m██[38;2;125;155;63m██[38;2;126;120;101m██[38;2;197;220;117m██[38;2;192;237;115m██[38;2;160;163;106m██[38;2;219;176;188m██[38;2;247;200;213m██[38;2;215;110;135m██[38;2;192;236;116m██[38;2;18;17;5m  [38;2;144;134;52m  [38;2;63;54;54m██[38;2;178;36;131m██[38;2;232;105;155m██[38;2;131;114;106m██[38;2;56;21;57m  [38;2;14;3;11m  
[38;2;16;16;11m  [38;2;161;61;124m██[38;2;181;64;143m██[38;2;126;172;92m██[38;2;157;198;77m██[38;2;108;120;69m██[38;2;148;179;93m██[38;2;190;237;112m██[38;2;156;171;101m██[38;2;207;119;129m██[38;2;246;153;177m██[38;2;221;138;130m██[38;2;160;194;90m██[38;2;94;104;74m██[38;2;134;163;83m██[38;2;77;68;70m██[38;2;237;134;186m██[38;2;231;140;142m██[38;2;204;161;142m██[38;2;130;111;92m██[38;2;45;11;34m  
[38;2;16;16;11m  [38;2;65;64;60m██[38;2;218;62;167m██[38;2;112;99;91m██[38;2;157;198;76m██[38;2;160;198;77m██[38;2;109;135;68m██[38;2;121;156;79m██[38;2;130;176;78m██[38;2;107;128;73m██[38;2;168;161;96m██[38;2;159;196;76m██[38;2;133;158;86m██[38;2;193;236;115m██[38;2;133;159;98m██[38;2;194;62;153m██[38;2;215;52;153m██[38;2;191;230;120m██[38;2;144;136;100m██[38;2;65;39;56m  [38;2;44;11;33m  
[38;2;59;15;45m  [38;2;48;12;37m  [38;2;210;54;160m██[38;2;76;19;57m  [38;2;160;17;113m██[38;2;129;134;67m██[38;2;110;140;65m██[38;2;175;21;123m██[38;2;102;94;90m██[38;2;122;162;90m██[38;2;117;72;97m██[38;2;78;75;69m██[38;2;147;177;101m██[38;2;193;236;115m██[38;2;188;236;102m██[38;2;85;99;64m██[38;2;142;72;118m██[38;2;187;39;137m██[38;2;33;21;26m██[38;2;227;58;172m  [38;2;59;15;45m  
[38;2;59;15;45m  [38;2;183;47;139m  [38;2;92;23;70m  [38;2;218;56;165m  [38;2;131;33;98m  [38;2;157;40;119m  [38;2;171;44;130m  [38;2;54;6;38m  [38;2;68;44;55m██[38;2;160;192;106m██[38;2;177;70;139m██[38;2;77;80;73m██[38;2;189;235;118m██[38;2;166;201;87m██[38;2;162;198;82m██[38;2;36;46;21m██[38;2;120;42;94m  [38;2;86;22;65m██[38;2;71;18;54m██[38;2;227;58;173m  [38;2;59;15;45m  
[38;2;59;15;45m  [38;2;227;59;172m        [38;2;227;59;173m      [38;2;115;50;84m  [38;2;186;231;115m██[38;2;147;176;100m██[38;2;178;232;123m██[38;2;130;155;86m██[38;2;56;66;33m  [38;2;56;14;45m  [38;2;227;58;172m  [38;2;227;59;173m  [38;2;199;51;151m  [38;2;175;45;132m  [38;2;227;58;172m  [38;2;59;15;45m  
[38;2;59;15;45m  [38;2;227;58;173m  [38;2;227;59;173m  [38;2;227;58;173m  [38;2;227;59;173m    [38;2;227;58;173m  [38;2;227;59;173m  [38;2;89;37;62m██[38;2;193;233;115m██[38;2;197;161;126m██[38;2;159;195;89m██[38;2;157;198;77m██[38;2;16;4;12m  [38;2;227;58;173m    [38;2;227;59;173m  [38;2;227;58;173m  [38;2;227;59;173m  [38;2;227;58;173m  [38;2;59;15;45m  
[38;2;59;15;45m  [38;2;227;59;172m        [38;2;227;59;173m    [38;2;175;45;132m  [38;2;119;31;90m  [38;2;159;36;116m██[38;2;208;39;153m██[38;2;212;47;157m██[38;2;157;81;109m██[38;2;69;17;52m  [38;2;227;59;173m  [38;2;227;58;172m  [38;2;227;59;173m  [38;2;227;58;172m  [38;2;227;59;173m  [38;2;227;58;172m  [38;2;59;15;45m  
[38;2;59;15;45m  [38;2;227;58;173m  [38;2;227;59;173m  [38;2;227;58;173m  [38;2;227;59;173m    [38;2;158;41;120m  [38;2;164;43;124m  [38;2;197;51;149m██[38;2;188;62;144m██[38;2;208;39;153m████[38;2;194;48;147m██[38;2;56;14;43m  [38;2;158;41;120m  [38;2;227;58;173m  [38;2;227;59;173m  [38;2;227;58;173m  [38;2;227;59;173m  [38;2;227;58;173m  [38;2;59;15;45m  
[38;2;59;15;45m  [38;2;227;59;172m        [38;2;227;59;173m    [38;2;69;17;52m  [38;2;56;14;43m  [38;2;168;43;127m  [38;2;228;59;173m██[38;2;168;43;127m  [38;2;119;30;90m  [38;2;171;44;129m██[38;2;103;26;78m  [38;2;227;58;172m  [38;2;227;59;173m  [38;2;227;58;172m  [38;2;227;59;173m  [38;2;227;58;172m  [38;2;59;15;45m  
[38;2;14;3;11m  [38;2;56;14;43m                [38;2;1;0;1m  [38;2;57;15;43m██[38;2;1;0;1m  [38;2;25;6;19m  [38;2;0;0;0m  [38;2;33;8;25m  [38;2;56;14;43m          [38;2;14;3;11m  [0m
