
[38;2;0;0;0m                [38;2;7;10;9m  [38;2;29;38;39m████[38;2;7;10;9m  [38;2;0;0;0m            
[38;2;0;0;0m              [38;2;32;38;40m  [38;2;94;112;127m██[38;2;109;130;147m████[38;2;94;112;127m██[38;2;0;2;0m  [38;2;0;0;0m  [38;2;0;3;0m  [38;2;0;0;0m      
[38;2;0;0;0m            [38;2;0;1;0m  [38;2;85;93;101m██[38;2;109;130;149m██[38;2;109;130;148m██[38;2;109;130;147m████[38;2;91;108;124m██[38;2;39;44;42m██[38;2;97;101;97m██[38;2;17;19;17m  [38;2;0;0;0m    
[38;2;0;0;0m      [38;2;0;2;0m  [38;2;0;0;0m      [38;2;7;10;7m  [38;2;108;118;125m██[38;2;109;130;148m██[38;2;84;101;114m██[38;2;9;15;13m██[38;2;107;112;116m██[38;2;107;111;109m██[38;2;7;10;7m  [38;2;0;0;0m      
[38;2;0;0;0m    [38;2;0;1;0m  [38;2;81;98;109m██[38;2;49;61;66m██[38;2;12;16;16m  [38;2;35;36;36m  [38;2;77;84;84m██[38;2;109;111;109m██[38;2;71;74;71m██[38;2;0;1;0m  [38;2;0;0;0m  [38;2;0;2;0m    [38;2;0;0;0m        
[38;2;0;0;0m    [38;2;27;34;38m██[38;2;107;115;122m██[38;2;105;120;130m████[38;2;109;130;147m██[38;2;109;130;146m██[38;2;65;65;65m██[38;2;56;62;63m██[38;2;6;6;0m  [38;2;0;0;0m  [38;2;0;4;0m██[38;2;0;1;0m  [38;2;0;0;0m        
[38;2;0;0;0m  [38;2;0;3;0m  [38;2;107;124;137m██[38;2;108;123;137m██[38;2;102;110;110m██[38;2;107;125;139m██[38;2;103;121;136m██[38;2;88;98;107m██[38;2;109;130;147m██[38;2;109;129;146m██[38;2;96;115;130m██[38;2;59;72;80m██[38;2;81;98;109m██[38;2;0;1;0m  [38;2;0;0;0m        
[38;2;0;0;0m    [38;2;31;34;30m██[38;2;98;92;83m██[38;2;108;129;147m████[38;2;98;113;127m██[38;2;98;113;126m██[38;2;109;130;147m██[38;2;89;93;94m██[38;2;91;96;98m██[38;2;108;128;146m██[38;2;0;3;0m  [38;2;0;0;0m          
[38;2;0;0;0m  [38;2;0;3;0m  [38;2;109;130;146m██[38;2;109;130;147m██████[38;2;105;124;140m██[38;2;84;93;100m██[38;2;109;130;147m██[38;2;97;112;124m██[38;2;98;113;125m████[38;2;0;3;0m  [38;2;0;0;0m          
[38;2;0;1;0m  [38;2;81;98;109m██[38;2;105;116;120m██[38;2;94;88;78m██[38;2;103;121;135m██[38;2;109;130;146m██[38;2;101;118;131m████[38;2;73;76;80m██[38;2;100;116;129m██[38;2;82;90;96m██[38;2;42;52;56m██[38;2;0;0;0m            
[38;2;0;1;0m  [38;2;87;99;112m██[38;2;108;88;70m██[38;2;138;114;88m██[38;2;76;80;80m██[38;2;85;94;101m██[38;2;88;85;73m██[38;2;88;87;72m██[38;2;85;94;96m██[38;2;109;129;146m██[38;2;109;130;147m██[38;2;109;130;146m██[38;2;0;3;0m  [38;2;0;0;0m          
[38;2;0;0;0m  [38;2;4;5;0m  [38;2;104;89;82m██[38;2;130;112;97m██[38;2;84;90;92m██[38;2;94;94;86m██[38;2;168;130;84m██[38;2;138;126;89m██[38;2;78;79;73m██[38;2;98;113;125m██[38;2;109;130;147m██[38;2;27;35;36m██[38;2;0;0;0m            
[38;2;0;0;0m    [38;2;40;49;52m██[38;2;107;127;142m██[38;2;110;130;150m██[38;2;107;121;132m██[38;2;224;129;73m██[38;2;111;107;95m██[38;2;89;85;74m██[38;2;98;113;127m██[38;2;86;104;117m██[38;2;4;7;6m  [38;2;0;0;0m            
[38;2;0;0;0m  [38;2;29;37;39m  [38;2;106;124;135m██[38;2;103;113;117m██[38;2;95;105;111m██[38;2;102;118;130m██[38;2;109;130;147m████[38;2;84;93;100m██[38;2;94;103;107m██[38;2;30;35;33m  [38;2;0;1;0m  [38;2;0;0;0m            
[38;2;0;0;0m  [38;2;7;11;9m  [38;2;108;129;146m██[38;2;108;127;141m██[38;2;106;125;141m██[38;2;100;103;97m██[38;2;98;96;83m████[38;2;109;129;149m██[38;2;104;111;113m██[38;2;104;109;105m██[38;2;97;101;97m██[38;2;0;2;0m  [38;2;0;0;0m          
[38;2;0;0;0m  [38;2;2;2;0m  [38;2;49;49;43m██[38;2;97;103;103m██[38;2;89;100;110m██[38;2;103;122;138m██[38;2;108;129;146m██[38;2;105;122;138m██[38;2;90;98;107m██[38;2;66;69;66m██[38;2;0;2;0m    [38;2;0;0;0m            
[38;2;0;1;0m  [38;2;65;64;56m██[38;2;108;106;100m██[38;2;89;85;74m██[38;2;97;92;77m██[38;2;73;71;68m██[38;2;65;65;65m████[38;2;97;92;77m██[38;2;24;26;19m██[38;2;0;0;0m                
[38;2;23;27;27m██[38;2;96;105;114m██[38;2;93;103;109m██[38;2;104;122;136m██[38;2;105;120;125m██[38;2;102;113;115m██[38;2;103;110;110m██[38;2;86;85;75m██[38;2;103;117;117m██[38;2;96;105;113m██[38;2;49;53;57m  [38;2;0;0;0m              
[38;2;24;32;33m  [38;2;106;119;136m██[38;2;69;74;77m██[38;2;108;121;139m██[38;2;106;125;140m██[38;2;109;130;147m████[38;2;76;81;85m██[38;2;109;130;147m██[38;2;100;104;99m██[38;2;107;126;142m██[38;2;27;35;36m██[38;2;0;0;0m    [38;2;2;3;1m  [38;2;8;11;6m██[38;2;0;4;0m██[38;2;0;1;0m  
[38;2;0;0;0m  [38;2;2;2;0m  [38;2;42;46;45m██[38;2;107;111;109m██[38;2;92;93;95m██[38;2;90;97;101m██[38;2;108;129;147m██[38;2;97;112;125m██[38;2;88;98;108m██[38;2;108;129;146m██[38;2;98;110;115m██[38;2;20;26;24m██[38;2;0;5;0m  [38;2;46;46;36m  [38;2;55;54;43m██[38;2;35;35;27m██[38;2;0;1;0m    
[38;2;0;0;0m    [38;2;19;22;15m  [38;2;85;88;81m██[38;2;69;69;69m  [38;2;52;52;47m  [38;2;108;129;147m██[38;2;109;130;147m██[38;2;95;110;123m██[38;2;54;53;54m██[38;2;63;65;65m██[38;2;91;99;100m██[38;2;92;87;84m██[38;2;76;73;62m██[38;2;0;2;0m  [38;2;0;0;0m      
[38;2;0;0;0m      [38;2;0;1;0m  [38;2;0;0;0m    [38;2;29;38;39m████[38;2;22;29;29m  [38;2;0;1;0m          [38;2;0;0;0m        [0m
