
[38;2;0;0;0m                      [38;2;47;41;30m  [38;2;0;0;0m                
[38;2;0;0;0m                    [38;2;47;41;29m  [38;2;95;82;60m██[38;2;0;0;0m      [38;2;143;123;92m  [38;2;0;0;0m        
[38;2;0;0;0m            [38;2;13;5;7m  [38;2;53;21;29m  [38;2;25;18;22m██[38;2;83;74;66m██[38;2;210;182;133m██[38;2;102;92;62m██[38;2;52;42;19m██[38;2;15;13;5m  [38;2;95;82;61m██[38;2;87;56;52m  [38;2;53;21;29m      [38;2;13;5;7m  
[38;2;0;0;0m            [38;2;53;21;29m  [38;2;213;84;117m  [38;2;31;15;26m██[38;2;161;121;97m██[38;2;126;111;85m██[38;2;115;99;69m██[38;2;233;192;83m██[38;2;100;87;53m██[38;2;203;176;135m██[38;2;52;28;34m  [38;2;93;36;51m  [38;2;213;84;117m  [38;2;213;84;118m  [38;2;53;21;29m  
[38;2;0;0;0m            [38;2;53;21;29m  [38;2;213;84;118m  [38;2;31;28;21m██[38;2;161;134;100m██[38;2;136;124;84m██[38;2;125;110;73m██[38;2;172;146;79m██[38;2;173;140;103m██[38;2;65;65;65m██[38;2;95;70;77m██[38;2;49;49;49m██[38;2;159;63;88m  [38;2;213;84;118m  [38;2;53;21;29m  
[38;2;0;0;0m            [38;2;130;98;74m  [38;2;53;21;35m  [38;2;207;177;132m██[38;2;113;104;91m██[38;2;195;167;86m██[38;2;219;183;79m██[38;2;136;121;88m██[38;2;234;199;148m██[38;2;96;69;78m██[38;2;219;89;126m██[38;2;49;49;49m██[38;2;159;63;88m  [38;2;213;84;118m  [38;2;53;21;29m  
[38;2;0;0;0m            [38;2;38;30;23m  [38;2;108;93;74m██[38;2;208;164;88m██[38;2;144;126;102m██[38;2;172;147;79m██[38;2;136;119;71m██[38;2;148;132;108m██[38;2;255;219;163m██[38;2;250;195;157m██[38;2;108;79;84m██[38;2;50;42;44m  [38;2;173;68;95m  [38;2;213;84;118m  [38;2;53;21;29m  
[38;2;0;0;0m            [38;2;16;14;11m  [38;2;192;172;128m██[38;2;236;194;83m██[38;2;236;196;139m██[38;2;207;180;139m████[38;2;199;155;90m████[38;2;255;219;163m██[38;2;193;160;118m██[38;2;53;21;29m  [38;2;213;84;117m  [38;2;213;84;118m  [38;2;53;21;29m  
[38;2;0;0;0m          [38;2;117;93;65m  [38;2;152;120;82m██[38;2;186;150;97m██[38;2;228;193;108m██[38;2;255;219;156m██[38;2;255;219;162m██[38;2;215;171;92m██[38;2;255;214;89m██[38;2;255;214;96m██[38;2;189;148;95m██[38;2;128;109;87m██[38;2;63;54;40m████[38;2;173;68;95m  [38;2;53;21;29m  
[38;2;0;0;0m            [38;2;40;15;22m  [38;2;88;56;51m  [38;2;170;131;89m██[38;2;142;104;66m██[38;2;220;179;127m██[38;2;214;174;118m██[38;2;199;152;71m██[38;2;160;116;53m██[38;2;209;167;111m██[38;2;209;166;116m██[38;2;128;109;79m██[38;2;79;68;50m██[38;2;173;68;95m  [38;2;53;21;29m  
[38;2;15;13;10m  [38;2;63;54;40m██[38;2;255;219;163m████████[38;2;60;51;38m██[38;2;89;78;66m██[38;2;128;107;79m██[38;2;173;140;103m██[38;2;134;91;51m██[38;2;108;72;42m██[38;2;99;66;38m██[38;2;181;140;98m██[38;2;130;98;74m  [38;2;130;98;72m  [38;2;159;136;97m██[38;2;135;60;76m  [38;2;213;84;118m  [38;2;53;21;29m  
[38;2;63;54;40m██[38;2;228;188;136m██[38;2;246;208;154m████[38;2;63;54;40m██[38;2;180;147;105m██[38;2;217;175;124m██[38;2;209;165;116m██[38;2;200;159;112m██[38;2;173;140;103m██[38;2;101;90;78m██[38;2;180;158;124m██[38;2;207;180;139m██[38;2;127;109;88m██[38;2;53;21;35m  [38;2;173;68;95m  [38;2;135;60;76m    [38;2;213;84;118m  [38;2;53;21;29m  
[38;2;47;41;30m  [38;2;96;82;59m██[38;2;143;123;87m  [38;2;0;0;0m      [38;2;13;5;7m  [38;2;130;98;72m  [38;2;153;132;101m██[38;2;113;103;90m██[38;2;255;219;163m████[38;2;252;215;160m██[38;2;217;175;124m██[38;2;156;123;87m██[38;2;159;63;88m  [38;2;213;84;118m      [38;2;53;21;29m  
[38;2;0;0;0m            [38;2;53;21;29m  [38;2;173;68;95m  [38;2;76;66;51m██[38;2;228;188;134m██[38;2;244;209;155m████[38;2;190;156;115m██[38;2;182;146;106m██[38;2;79;46;43m  [38;2;199;78;110m  [38;2;213;84;118m  [38;2;213;84;117m  [38;2;213;84;118m  [38;2;53;21;29m  
[38;2;0;0;0m            [38;2;53;21;29m  [38;2;213;84;118m  [38;2;32;27;19m██[38;2;161;132;96m██[38;2;172;151;121m████[38;2;137;119;96m██[38;2;52;41;28m██[38;2;213;84;118m          [38;2;53;21;29m  
[38;2;0;0;0m            [38;2;53;21;29m  [38;2;213;84;117m  [38;2;63;54;40m██[38;2;219;190;145m██[38;2;207;180;139m████[38;2;252;215;160m██[38;2;60;51;37m██[38;2;213;84;118m  [38;2;213;84;117m  [38;2;213;84;118m  [38;2;213;84;117m  [38;2;213;84;118m  [38;2;53;21;29m  
[38;2;0;0;0m            [38;2;53;21;29m  [38;2;213;84;118m  [38;2;63;54;40m██[38;2;255;219;163m████████[38;2;63;54;40m██[38;2;213;84;118m          [38;2;53;21;29m  
[38;2;0;0;0m            [38;2;53;21;29m  [38;2;213;84;117m  [38;2;63;54;40m██[38;2;255;219;163m████████[38;2;63;54;40m██[38;2;213;84;118m  [38;2;213;84;117m  [38;2;213;84;118m  [38;2;213;84;117m  [38;2;213;84;118m  [38;2;53;21;29m  
[38;2;0;0;0m            [38;2;53;21;29m  [38;2;213;84;118m  [38;2;87;56;52m  [38;2;239;205;153m██[38;2;255;219;163m██████[38;2;63;54;40m██[38;2;213;84;118m          [38;2;53;21;29m  
[38;2;0;0;0m            [38;2;53;21;29m  [38;2;213;84;117m  [38;2;159;63;88m  [38;2;191;164;122m██[38;2;255;219;163m██████[38;2;63;54;40m██[38;2;213;84;118m  [38;2;213;84;117m  [38;2;213;84;118m  [38;2;93;36;51m    [38;2;53;21;29m  
[38;2;0;0;0m            [38;2;53;21;29m  [38;2;213;84;118m  [38;2;159;63;88m  [38;2;191;164;122m██[38;2;255;219;163m██████[38;2;63;54;40m██[38;2;213;84;118m    [38;2;134;52;74m  [38;2;184;71;104m██[38;2;181;69;101m██[38;2;11;3;5m  
[38;2;0;0;0m            [38;2;53;21;29m  [38;2;213;84;117m  [38;2;199;78;110m  [38;2;87;56;52m  [38;2;255;219;163m██████[38;2;63;54;40m██[38;2;213;84;118m  [38;2;213;84;117m  [38;2;47;16;25m██[38;2;127;69;86m██[38;2;124;67;84m██[38;2;44;14;23m██
[38;2;0;0;0m            [38;2;53;21;29m  [38;2;213;84;118m    [38;2;54;22;31m  [38;2;255;221;165m██[38;2;255;219;163m██████[38;2;53;21;29m  [38;2;213;84;118m  [38;2;73;26;39m  [38;2;150;52;80m██[38;2;114;63;79m██[38;2;44;14;23m██
[38;2;0;0;0m            [38;2;53;21;29m  [38;2;213;84;117m  [38;2;173;68;95m  [38;2;115;97;69m  [38;2;212;189;134m██[38;2;255;219;163m██████[38;2;53;21;29m  [38;2;213;84;117m  [38;2;199;78;110m  [38;2;55;25;40m  [38;2;143;53;79m██[38;2;11;3;5m  
[38;2;0;0;0m            [38;2;53;21;29m  [38;2;173;68;95m  [38;2;91;72;50m██[38;2;209;165;116m██[38;2;208;165;115m██[38;2;234;195;142m██[38;2;246;208;154m██[38;2;255;219;163m██[38;2;207;177;133m██[38;2;135;60;76m  [38;2;52;41;29m██[38;2;145;98;63m██[38;2;83;47;34m  [38;2;13;5;7m  
[38;2;0;0;0m            [38;2;53;21;29m    [38;2;209;166;115m██[38;2;209;165;116m██[38;2;169;134;94m██[38;2;52;41;28m██[38;2;94;75;53m██[38;2;246;209;155m████[38;2;55;44;32m██[38;2;52;41;29m██[38;2;134;57;73m  [38;2;174;68;95m  [38;2;53;21;29m  
[38;2;0;0;0m            [38;2;39;15;22m  [38;2;159;63;90m  [38;2;85;52;46m██[38;2;128;108;80m██[38;2;53;23;34m  [38;2;213;84;118m  [38;2;173;68;95m  [38;2;130;98;72m  [38;2;195;155;108m██[38;2;79;46;43m  [38;2;213;84;118m      [38;2;53;21;29m  
[38;2;0;0;0m            [38;2;30;13;18m  [38;2;89;40;56m██[38;2;180;65;95m██[38;2;85;52;46m██[38;2;173;68;95m  [38;2;213;84;117m  [38;2;213;84;118m  [38;2;53;21;29m  [38;2;195;155;108m██[38;2;79;46;43m  [38;2;213;84;118m  [38;2;213;84;117m  [38;2;213;84;118m  [38;2;53;21;29m  
[38;2;0;0;0m            [38;2;13;5;7m  [38;2;53;21;29m    [38;2;173;68;95m  [38;2;213;84;118m    [38;2;159;63;88m  [38;2;134;44;71m██[38;2;158;60;89m████[38;2;53;21;29m  [38;2;213;84;118m    [38;2;53;21;29m  
[38;2;0;0;0m            [38;2;13;5;7m  [38;2;53;21;29m          [38;2;39;15;22m  [38;2;33;11;17m  [38;2;23;15;18m████[38;2;13;5;7m  [38;2;53;21;29m    [38;2;13;5;7m  [0m
