
[38;2;0;0;0m                    [38;2;40;35;28m  [38;2;0;0;0m    [38;2;15;5;6m  [38;2;57;22;24m██[38;2;0;0;0m                      
[38;2;0;0;0m            [38;2;86;33;37m  [38;2;166;64;71m  [38;2;0;0;0m    [38;2;161;143;113m██[38;2;0;0;0m    [38;2;15;5;6m  [38;2;57;22;24m██[38;2;153;58;65m██[38;2;13;5;5m  [38;2;0;0;0m                  
[38;2;0;0;0m          [38;2;55;21;23m  [38;2;163;63;70m██[38;2;0;0;0m    [38;2;7;6;5m  [38;2;182;162;128m██[38;2;0;0;0m        [38;2;59;23;25m  [38;2;174;70;74m██[38;2;0;0;0m                  
[38;2;0;0;0m          [38;2;222;85;95m██[38;2;19;8;8m  [38;2;0;0;0m    [38;2;28;25;20m██[38;2;247;220;176m██[38;2;149;132;104m  [38;2;0;0;0m        [38;2;204;78;87m██[38;2;0;0;0m                  
[38;2;0;0;0m    [38;2;63;63;63m    [38;2;36;36;36m  [38;2;222;85;95m██[38;2;31;31;31m  [38;2;185;185;186m  [38;2;41;35;38m██[38;2;244;217;173m██[38;2;247;220;176m██[38;2;191;178;167m██[38;2;54;60;84m██[38;2;26;29;44m  [38;2;48;43;0m  [38;2;19;7;8m  [38;2;159;61;68m██[38;2;59;53;0m      [38;2;57;51;0m  [38;2;35;31;0m  [38;2;6;6;0m  [38;2;59;53;0m    [38;2;16;14;0m  
[38;2;0;0;0m    [38;2;255;255;255m    [38;2;147;147;147m  [38;2;233;123;106m██[38;2;62;58;57m  [38;2;134;146;187m██[38;2;184;172;178m██[38;2;246;219;175m██[38;2;186;175;187m██[38;2;166;183;232m██[38;2;166;183;243m██[38;2;141;157;216m██[38;2;69;77;44m  [38;2;117;51;58m██[38;2;26;10;12m██[38;2;237;215;2m  [38;2;238;214;2m  [38;2;237;215;2m  [38;2;228;206;1m  [38;2;143;125;0m██[38;2;27;24;0m  [38;2;238;215;2m  [38;2;203;183;1m  [38;2;16;14;0m  
[38;2;0;0;0m    [38;2;255;255;255m      [38;2;9;9;9m  [38;2;164;114;94m██[38;2;146;160;204m██[38;2;195;179;173m██[38;2;243;217;176m██[38;2;164;163;201m██[38;2;155;171;219m██[38;2;95;106;148m██[38;2;92;84;92m██[38;2;174;82;92m██[38;2;133;68;56m  [38;2;217;197;3m  [38;2;238;214;2m  [38;2;9;8;0m  [38;2;120;107;0m  [38;2;25;21;13m██[38;2;248;217;0m██[38;2;220;192;0m██[38;2;155;140;1m  [38;2;40;34;0m██[38;2;56;47;0m██
[38;2;0;0;0m    [38;2;255;255;255m      [38;2;193;193;193m  [38;2;133;118;93m██[38;2;182;173;150m██[38;2;178;157;116m██[38;2;232;209;178m██[38;2;132;140;208m██[38;2;92;89;102m██[38;2;206;173;142m██[38;2;108;84;76m██[38;2;40;34;33m██[38;2;202;147;54m  [38;2;241;182;55m    [38;2;9;7;2m  [38;2;217;190;0m██[38;2;166;111;32m██[38;2;240;172;38m██[38;2;236;202;1m██[38;2;86;64;3m  [38;2;167;142;0m██[38;2;56;47;0m██
[38;2;0;0;0m    [38;2;255;255;255m        [38;2;127;127;127m  [38;2;203;191;172m██[38;2;247;224;188m██[38;2;247;219;176m██[38;2;247;220;176m██[38;2;173;164;150m██[38;2;78;83;105m██[38;2;158;142;126m██[38;2;37;53;64m██[38;2;203;143;61m  [38;2;189;133;56m  [38;2;64;54;0m██[38;2;163;121;0m██[38;2;223;144;46m██[38;2;229;180;18m██[38;2;218;131;52m██[38;2;233;126;78m██[38;2;205;148;7m██[38;2;193;85;48m██[38;2;57;48;0m██
[38;2;0;0;0m    [38;2;255;255;255m        [38;2;127;127;127m  [38;2;96;101;129m██[38;2;247;219;178m██[38;2;247;220;175m██[38;2;158;146;121m██[38;2;50;49;42m██[38;2;117;110;96m██[38;2;158;146;122m██[38;2;111;118;190m██[38;2;84;59;25m  [38;2;189;133;56m  [38;2;141;123;0m██[38;2;229;195;0m██[38;2;224;162;31m██[38;2;219;110;84m██[38;2;205;124;36m██[38;2;216;114;73m██[38;2;188;129;6m██[38;2;162;59;48m██[38;2;14;12;0m  
[38;2;0;0;0m    [38;2;255;255;255m        [38;2;127;127;127m  [38;2;108;114;161m██[38;2;227;201;162m██[38;2;245;218;174m██[38;2;202;186;147m██[38;2;158;149;121m██[38;2;182;170;136m██[38;2;74;78;118m██[38;2;118;122;221m██[38;2;84;59;25m  [38;2;242;171;73m  [38;2;114;93;10m  [38;2;233;141;64m██[38;2;213;137;47m██[38;2;198;133;11m██[38;2;197;115;37m██[38;2;183;106;18m██[38;2;180;90;24m██[38;2;125;48;36m  [38;2;16;14;0m  
[38;2;0;0;0m    [38;2;255;255;255m        [38;2;127;127;127m  [38;2;116;119;215m██[38;2;63;59;52m██[38;2;60;53;42m██[38;2;78;75;62m██[38;2;160;149;123m██[38;2;183;170;136m██[38;2;80;81;107m██[38;2;119;126;221m██[38;2;84;59;25m  [38;2;243;172;73m  [38;2;217;153;65m  [38;2;66;57;2m  [38;2;212;126;50m██[38;2;173;93;42m██[38;2;195;131;13m██[38;2;186;137;4m██[38;2;184;126;8m██[38;2;45;41;0m  [38;2;64;57;0m  
[38;2;0;0;0m    [38;2;255;255;255m        [38;2;113;116;125m  [38;2;120;144;207m██[38;2;140;99;42m  [38;2;243;172;73m  [38;2;84;59;25m  [38;2;192;178;140m██[38;2;198;181;144m██[38;2;81;83;109m██[38;2;141;158;238m██[38;2;84;59;25m  [38;2;242;171;73m  [38;2;243;172;73m  [38;2;242;171;73m  [38;2;109;88;9m  [38;2;159;135;0m██[38;2;198;149;5m██[38;2;196;153;3m██[38;2;87;57;15m  [38;2;238;215;2m  [38;2;64;57;0m  
[38;2;0;0;0m    [38;2;255;255;255m        [38;2;73;81;120m██[38;2;143;163;234m██[38;2;55;47;34m  [38;2;60;47;24m  [38;2;62;42;34m  [38;2;233;209;166m██[38;2;243;217;171m██[38;2;87;92;113m██[38;2;146;165;241m██[38;2;84;59;25m  [38;2;243;172;73m  [38;2;242;172;73m    [38;2;212;150;63m  [38;2;177;125;52m  [38;2;160;138;0m██[38;2;61;39;8m  [38;2;221;157;66m  [38;2;237;215;2m  [38;2;64;57;0m  
[38;2;0;0;0m    [38;2;255;255;255m    [38;2;191;192;192m  [38;2;20;22;27m  [38;2;146;164;240m██[38;2;125;137;191m██[38;2;167;142;22m██[38;2;226;183;4m██[38;2;150;117;60m██[38;2;246;220;176m██[38;2;246;219;174m██[38;2;115;113;121m██[38;2;143;160;232m██[38;2;101;112;163m██[38;2;46;39;2m██[38;2;184;130;54m  [38;2;240;170;72m  [38;2;243;172;73m    [38;2;103;72;30m  [38;2;220;192;0m██[38;2;158;112;47m  [38;2;238;215;2m  [38;2;64;57;0m  
[38;2;0;0;0m    [38;2;255;255;255m  [38;2;85;85;85m  [38;2;124;115;102m██[38;2;146;161;200m██[38;2;158;177;243m██[38;2;70;67;63m██[38;2;190;149;1m██[38;2;188;150;10m██[38;2;184;165;135m██[38;2;246;220;176m██[38;2;247;220;176m██[38;2;198;178;146m██[38;2;131;144;207m██[38;2;139;155;225m██[38;2;87;85;64m██[38;2;95;74;20m██[38;2;60;43;19m  [38;2;242;172;73m  [38;2;235;167;70m  [38;2;99;71;7m  [38;2;165;130;0m██[38;2;158;112;47m  [38;2;237;215;2m  [38;2;64;57;0m  
[38;2;0;0;0m    [38;2;146;144;140m  [38;2;225;200;158m██[38;2;154;143;131m██[38;2;155;173;238m██[38;2;164;179;226m██[38;2;111;103;92m████[38;2;126;116;102m██[38;2;247;220;176m██[38;2;246;220;176m██[38;2;246;220;175m██[38;2;198;178;146m██[38;2;143;161;211m██[38;2;177;195;249m██[38;2;100;104;127m██[38;2;174;135;9m██[38;2;73;37;10m██[38;2;182;129;54m  [38;2;59;49;5m██[38;2;173;130;0m██[38;2;122;75;8m  [38;2;179;127;54m  [38;2;238;215;2m  [38;2;64;57;0m  
[38;2;0;0;0m    [38;2;34;45;43m██[38;2;109;102;93m██[38;2;136;151;216m██[38;2;149;168;241m██[38;2;147;139;129m██[38;2;247;219;175m██████[38;2;247;220;176m██[38;2;246;220;176m██[38;2;247;219;174m██[38;2;194;178;142m██[38;2;103;105;113m██[38;2;169;188;246m██[38;2;151;172;242m██[38;2;108;109;134m██[38;2;101;83;59m██[38;2;105;61;0m██[38;2;188;126;9m██[38;2;188;141;3m██[38;2;28;22;11m  [38;2;243;172;73m  [38;2;237;215;2m  [38;2;64;57;0m  
[38;2;0;0;0m  [38;2;29;33;48m  [38;2;102;114;161m██[38;2;147;165;241m████[38;2;121;137;202m██[38;2;170;154;127m██[38;2;246;219;174m██[38;2;241;215;171m██[38;2;247;219;175m████[38;2;233;209;166m██[38;2;203;186;147m██[38;2;192;178;140m██[38;2;76;73;67m██[38;2;129;148;213m██[38;2;147;166;240m██[38;2;147;165;241m██[38;2;141;155;231m██[38;2;79;92;115m██[38;2;174;149;15m██[38;2;67;56;0m  [38;2;178;161;1m      [38;2;48;43;0m  
[38;2;29;33;48m  [38;2;139;156;229m██[38;2;128;138;211m██[38;2;144;162;237m██[38;2;101;116;167m██[38;2;11;18;27m██[38;2;152;135;108m██[38;2;207;189;148m██[38;2;217;196;155m██[38;2;206;188;148m████[38;2;192;178;140m████[38;2;153;142;111m██[38;2;9;8;6m  [38;2;59;75;104m██[38;2;147;166;240m██[38;2;147;165;240m██[38;2;141;155;231m██[38;2;81;89;135m██[38;2;15;15;15m  [38;2;0;0;0m          
[38;2;0;0;0m    [38;2;38;42;62m  [38;2;110;122;180m██[38;2;0;0;0m        [38;2;81;77;60m  [38;2;141;133;105m████[38;2;114;107;84m  [38;2;0;0;0m        [38;2;100;108;159m  [38;2;98;108;163m██[38;2;145;162;238m██[38;2;18;20;30m  [38;2;0;0;0m            
[38;2;0;0;0m                                    [38;2;35;39;57m  [38;2;18;20;30m██[38;2;0;0;0m            [0m
