
[38;2;11;3;4m  [38;2;153;72;62m  [38;2;185;91;76m  [38;2;70;31;30m  [38;2;0;0;0m                                                      
[38;2;150;66;63m  [38;2;245;146;80m██[38;2;231;141;80m██[38;2;59;26;26m  [38;2;0;0;0m                                            [38;2;87;34;40m  [38;2;0;0;0m  [38;2;91;36;42m  [38;2;99;39;46m  [38;2;0;0;0m  
[38;2;135;53;52m  [38;2;247;94;58m██[38;2;236;90;60m██[38;2;80;32;33m  [38;2;17;7;8m  [38;2;169;66;61m  [38;2;35;14;16m  [38;2;0;0;0m                                    [38;2;78;29;31m  [38;2;220;123;62m██[38;2;192;88;73m██[38;2;234;92;61m██[38;2;196;75;59m  [38;2;27;10;12m  
[38;2;34;13;12m  [38;2;227;89;66m██[38;2;254;176;75m██[38;2;181;91;72m██[38;2;175;65;62m  [38;2;183;72;69m██[38;2;138;73;91m  [38;2;125;68;85m                                    [38;2;162;86;91m██[38;2;253;147;72m██[38;2;253;102;61m██[38;2;194;77;68m██[38;2;15;6;7m  [38;2;0;0;0m  
[38;2;0;0;0m  [38;2;72;29;47m  [38;2;222;190;73m██[38;2;217;182;79m██[38;2;242;132;63m██[38;2;207;104;74m██[38;2;146;74;91m  [38;2;143;78;97m                            [38;2;143;77;97m  [38;2;143;78;97m  [38;2;135;73;92m  [38;2;100;56;72m  [38;2;236;136;167m  [38;2;218;108;77m██[38;2;254;102;60m██[38;2;206;113;73m██[38;2;99;42;43m  [38;2;168;74;74m██
[38;2;0;0;0m  [38;2;167;67;97m██[38;2;201;93;123m██[38;2;188;74;107m██[38;2;182;106;91m██[38;2;254;166;83m██[38;2;216;125;79m  [38;2;144;76;95m  [38;2;143;78;97m                              [38;2;37;22;27m  [38;2;250;149;180m██[38;2;165;84;95m██[38;2;253;96;57m██[38;2;254;163;82m██[38;2;253;209;76m██[38;2;209;145;75m██[38;2;47;20;22m  
[38;2;0;0;0m  [38;2;86;34;50m  [38;2;205;85;121m██[38;2;208;86;123m██[38;2;179;129;87m██[38;2;254;207;73m██[38;2;219;129;79m██[38;2;144;76;94m  [38;2;143;78;97m    [38;2;174;74;77m  [38;2;203;110;77m██[38;2;146;74;91m  [38;2;143;78;97m        [38;2;143;77;97m  [38;2;143;78;97m      [38;2;136;74;93m  [38;2;104;60;74m  [38;2;255;152;184m██[38;2;220;123;153m██[38;2;206;133;93m██[38;2;254;105;63m██[38;2;254;97;60m██[38;2;244;128;73m██[38;2;182;91;65m  [38;2;21;8;9m  
[38;2;0;0;0m  [38;2;171;72;102m  [38;2;62;25;36m██[38;2;216;87;126m██[38;2;192;84;116m██[38;2;236;124;77m██[38;2;254;96;57m██[38;2;173;68;71m██[38;2;143;77;97m  [38;2;158;65;76m  [38;2;254;127;68m██[38;2;254;167;83m██[38;2;210;121;79m██[38;2;157;65;74m██[38;2;150;71;85m  [38;2;143;78;97m  [38;2;142;78;98m  [38;2;143;78;97m    [38;2;142;78;98m  [38;2;143;78;98m  [38;2;129;70;88m  [38;2;156;93;112m██[38;2;254;151;183m██[38;2;252;155;185m██[38;2;162;106;92m██[38;2;254;190;77m██[38;2;254;96;57m██[38;2;185;72;68m  [38;2;0;0;0m    
[38;2;0;0;0m  [38;2;171;72;102m  [38;2;62;25;36m██[38;2;216;87;126m██[38;2;192;84;116m██[38;2;236;107;110m██[38;2;206;79;65m██[38;2;249;95;57m██[38;2;153;69;83m  [38;2;158;65;76m  [38;2;254;128;70m██[38;2;254;159;82m██[38;2;254;163;82m██[38;2;201;110;77m██[38;2;176;91;82m  [38;2;143;78;97m            [38;2;71;39;49m  [38;2;210;125;152m██[38;2;240;134;167m██[38;2;183;135;86m██[38;2;255;233;71m██[38;2;255;238;65m██[38;2;243;119;67m██[38;2;119;52;50m  [38;2;0;0;0m    
[38;2;0;0;0m  [38;2;171;72;102m  [38;2;105;57;72m  [38;2;161;65;94m  [38;2;211;82;121m██[38;2;153;76;98m██[38;2;199;87;68m██[38;2;172;68;72m██[38;2;153;72;86m  [38;2;246;93;58m██[38;2;250;100;61m██[38;2;220;117;74m██[38;2;158;61;71m  [38;2;143;77;97m  [38;2;142;78;97m  [38;2;143;78;97m  [38;2;142;78;97m  [38;2;143;78;97m      [38;2;135;73;92m  [38;2;45;26;32m██[38;2;255;152;184m██[38;2;157;91;97m██[38;2;254;169;86m██[38;2;254;171;79m██[38;2;248;180;77m██[38;2;149;54;67m  [38;2;43;15;19m  [38;2;0;0;0m    
[38;2;0;0;0m  [38;2;171;72;102m  [38;2;143;78;97m  [38;2;27;15;18m  [38;2;204;83;116m██[38;2;207;156;72m██[38;2;254;228;67m██[38;2;225;127;73m██[38;2;221;96;68m██[38;2;254;134;72m██[38;2;224;148;73m██[38;2;152;74;88m  [38;2;143;78;97m              [38;2;142;78;97m  [38;2;59;32;41m  [38;2;255;152;183m██[38;2;255;152;184m██[38;2;157;80;92m██[38;2;254;97;58m██[38;2;251;102;62m██[38;2;187;82;73m██[38;2;0;0;0m        
[38;2;0;0;0m  [38;2;171;72;102m  [38;2;143;78;98m  [38;2;143;78;97m  [38;2;54;29;38m  [38;2;233;173;82m██[38;2;255;194;71m██[38;2;254;104;61m██[38;2;244;121;65m██[38;2;242;197;73m██[38;2;203;149;71m  [38;2;143;77;96m  [38;2;143;78;97m    [38;2;143;78;98m  [38;2;143;78;97m  [38;2;143;78;98m  [38;2;143;78;97m    [38;2;133;72;91m  [38;2;148;88;106m██[38;2;253;148;181m██[38;2;186;100;118m██[38;2;254;97;60m██[38;2;244;93;59m██[38;2;226;87;62m  [38;2;50;21;25m  [38;2;0;0;0m        
[38;2;0;0;0m  [38;2;171;72;102m  [38;2;143;78;97m    [38;2;87;37;34m  [38;2;242;116;61m██[38;2;254;97;61m██[38;2;221;105;69m██[38;2;180;83;64m██[38;2;156;73;88m  [38;2;145;75;93m  [38;2;143;78;97m                [38;2;52;28;36m  [38;2;222;132;160m██[38;2;181;104;120m██[38;2;234;152;85m██[38;2;227;107;69m██[38;2;163;72;83m  [38;2;147;74;91m  [38;2;46;25;31m  [38;2;0;0;0m        
[38;2;0;0;0m  [38;2;171;72;102m  [38;2;142;78;97m  [38;2;143;78;97m  [38;2;93;47;55m  [38;2;223;84;50m██[38;2;254;97;59m██[38;2;179;65;66m██[38;2;255;149;182m██[38;2;83;46;61m██[38;2;123;67;84m  [38;2;143;78;97m              [38;2;64;35;44m  [38;2;255;152;183m██[38;2;239;142;172m██[38;2;223;131;157m██[38;2;221;139;87m██[38;2;245;143;75m██[38;2;160;78;86m  [38;2;143;78;97m  [38;2;46;25;31m  [38;2;0;0;0m        
[38;2;0;0;0m  [38;2;171;72;102m  [38;2;143;78;97m    [38;2;81;31;19m██[38;2;254;97;60m██[38;2;229;88;61m██[38;2;225;123;147m██[38;2;206;135;157m██[38;2;130;109;115m██[38;2;110;46;65m  [38;2;135;74;93m  [38;2;143;77;97m  [38;2;143;78;97m        [38;2;139;76;95m  [38;2;122;72;87m  [38;2;249;148;179m██[38;2;203;123;99m██[38;2;231;146;85m██[38;2;254;167;84m██[38;2;178;87;75m██[38;2;158;79;86m  [38;2;142;78;98m  [38;2;46;25;31m  [38;2;0;0;0m        
[38;2;0;0;0m  [38;2;171;72;102m  [38;2;143;78;97m    [38;2;96;52;66m  [38;2;213;81;47m██[38;2;191;95;113m██[38;2;213;125;152m██[38;2;95;98;103m██[38;2;216;173;161m██[38;2;136;59;85m██[38;2;94;52;65m  [38;2;143;78;97m    [38;2;143;77;97m  [38;2;143;78;97m  [38;2;120;65;82m  [38;2;83;49;59m██[38;2;255;152;184m██[38;2;220;129;157m██[38;2;195;107;117m██[38;2;255;118;64m██[38;2;196;76;67m██[38;2;143;78;98m  [38;2;143;78;97m    [38;2;46;25;31m  [38;2;0;0;0m        
[38;2;0;0;0m  [38;2;171;72;102m  [38;2;155;71;82m  [38;2;186;55;45m  [38;2;79;33;31m  [38;2;175;70;70m██[38;2;215;79;69m██[38;2;198;80;109m██[38;2;160;89;112m██[38;2;216;89;127m██[38;2;206;84;121m██[38;2;83;53;62m██[38;2;22;12;23m  [38;2;181;53;44m  [38;2;186;55;45m  [38;2;22;12;15m  [38;2;121;71;87m  [38;2;251;149;181m██[38;2;160;89;111m██[38;2;236;93;66m██[38;2;247;97;61m██[38;2;175;72;72m██[38;2;157;73;85m  [38;2;143;78;97m      [38;2;46;25;31m  [38;2;0;0;0m        
[38;2;0;0;0m  [38;2;171;72;102m  [38;2;158;70;80m  [38;2;136;35;25m  [38;2;135;52;43m██[38;2;235;91;76m██[38;2;192;68;55m██[38;2;54;42;46m██[38;2;111;41;53m  [38;2;73;19;13m  [38;2;175;78;109m██[38;2;253;147;179m██[38;2;166;92;115m██[38;2;53;37;42m██[38;2;95;56;69m██[38;2;254;141;176m██[38;2;212;124;151m██[38;2;174;116;91m██[38;2;234;101;64m██[38;2;218;84;65m██[38;2;205;79;66m██[38;2;149;72;88m  [38;2;145;75;94m  [38;2;143;77;96m  [38;2;178;109;77m  [38;2;148;72;89m  [38;2;173;80;78m  [38;2;129;51;59m  [38;2;0;0;0m      
[38;2;0;0;0m  [38;2;171;72;102m  [38;2;106;56;70m  [38;2;175;67;56m  [38;2;165;64;53m██[38;2;20;8;6m██[38;2;73;19;13m  [38;2;177;46;32m  [38;2;184;48;34m  [38;2;195;51;36m  [38;2;65;39;52m██[38;2;248;148;179m██[38;2;250;149;180m██[38;2;244;147;177m██[38;2;237;123;158m██[38;2;152;82;103m██[38;2;210;157;86m██[38;2;248;213;74m██[38;2;153;75;86m  [38;2;165;65;73m██[38;2;251;95;57m██[38;2;246;94;58m██[38;2;192;76;69m  [38;2;166;85;74m  [38;2;251;232;65m██[38;2;246;209;67m██[38;2;194;89;73m██[38;2;11;4;5m  [38;2;0;0;0m      
[38;2;0;0;0m  [38;2;171;72;102m  [38;2;37;14;12m██[38;2;95;28;21m  [38;2;121;31;22m  [38;2;195;51;36m  [38;2;194;51;36m  [38;2;195;51;36m      [38;2;106;63;77m██[38;2;255;152;184m██████[38;2;165;71;102m██[38;2;170;78;65m██[38;2;213;97;69m██[38;2;196;92;74m  [38;2;172;69;85m  [38;2;254;124;69m██[38;2;254;96;60m██[38;2;254;97;60m  ██[38;2;254;144;74m██[38;2;254;226;66m██[38;2;238;209;64m██[38;2;51;20;23m  [38;2;0;0;0m        
[38;2;0;0;0m  [38;2;171;72;102m  [38;2;210;79;102m  [38;2;194;50;35m  [38;2;195;51;36m          [38;2;195;50;36m  [38;2;113;30;21m  [38;2;238;142;172m██[38;2;255;151;184m██[38;2;217;90;128m██[38;2;216;87;126m██[38;2;221;94;132m██[38;2;146;74;95m  [38;2;219;91;129m  [38;2;211;82;65m  [38;2;254;236;65m██[38;2;242;197;70m██[38;2;206;106;73m██[38;2;161;64;73m██[38;2;254;97;57m██[38;2;254;99;57m██[38;2;136;56;62m  [38;2;0;0;0m          
[38;2;0;0;0m  [38;2;171;72;102m  [38;2;214;80;104m  [38;2;195;51;36m  [38;2;195;50;36m  [38;2;195;51;36m          [38;2;155;40;28m  [38;2;66;45;53m  [38;2;215;93;130m██[38;2;216;87;126m██[38;2;245;135;169m██[38;2;255;148;181m██[38;2;149;91;113m██[38;2;210;77;68m██[38;2;254;97;58m██[38;2;254;136;71m██[38;2;226;183;70m██[38;2;207;75;106m  [38;2;222;93;131m  [38;2;192;79;104m    [38;2;186;77;110m  [38;2;0;0;0m          
[38;2;0;0;0m  [38;2;162;68;96m  [38;2;205;77;99m  [38;2;195;51;36m                [38;2;22;5;11m  [38;2;194;69;106m██[38;2;65;60;70m██[38;2;122;71;85m  [38;2;251;146;175m██[38;2;78;35;33m  [38;2;154;69;65m  [38;2;248;95;60m██[38;2;248;93;60m██[38;2;249;94;59m██[38;2;157;63;75m  [38;2;210;88;124m      [38;2;176;73;104m  [38;2;0;0;0m          
[38;2;0;0;0m    [38;2;56;14;10m  [38;2;195;51;36m                  [38;2;78;17;11m██[38;2;5;1;8m██[38;2;156;40;28m  [38;2;77;18;12m██[38;2;53;12;8m  [38;2;2;0;0m  [38;2;65;26;30m      [38;2;0;0;0m                    
[38;2;0;0;0m    [38;2;56;14;10m  [38;2;195;51;36m    [38;2;194;51;36m  [38;2;195;51;36m  [38;2;194;51;36m  [38;2;195;51;36m  [38;2;172;45;31m  [38;2;111;30;22m  [38;2;31;6;4m██[38;2;110;31;23m██[38;2;188;49;34m  [38;2;183;47;33m  [38;2;29;14;16m██[38;2;85;23;17m██[38;2;0;0;0m                            
[38;2;0;0;0m    [38;2;56;14;10m  [38;2;195;51;36m          [38;2;145;37;26m  [38;2;146;55;46m  [38;2;51;30;28m██[38;2;215;77;63m██[38;2;103;33;25m  [38;2;192;50;35m  [38;2;109;39;33m  [38;2;205;61;46m██[38;2;10;9;8m  [38;2;0;0;0m                            
[38;2;0;0;0m    [38;2;56;14;10m  [38;2;195;50;36m      [38;2;195;51;35m  [38;2;195;51;36m  [38;2;134;35;24m  [38;2;38;10;7m  [38;2;129;33;23m  [38;2;179;69;57m  [38;2;109;28;20m  [38;2;6;1;1m  [38;2;145;68;59m██[38;2;233;89;74m██[38;2;0;0;0m                              
[38;2;0;0;0m    [38;2;15;3;2m  [38;2;52;13;9m                [38;2;3;0;0m  [38;2;52;13;9m  [38;2;1;0;0m  [38;2;32;12;10m  [38;2;62;24;20m██[38;2;0;0;0m                              [0m
