
[38;2;0;0;0m                      [38;2;45;28;6m  [38;2;0;0;0m                            
[38;2;0;0;0m                      [38;2;174;110;24m██[38;2;0;0;0m                            
[38;2;0;0;0m                    [38;2;57;36;8m████[38;2;0;0;0m                            
[38;2;0;0;0m          [38;2;65;64;65m    [38;2;0;0;0m      [38;2;199;126;28m██[38;2;58;36;8m██[38;2;0;0;0m                            
[38;2;0;0;0m      [38;2;58;36;8m  [38;2;149;120;82m██[38;2;65;58;49m██[38;2;0;5;0m  [38;2;0;0;0m  [38;2;21;16;3m  [38;2;194;126;27m██[38;2;173;110;24m██[38;2;0;0;0m      [38;2;12;12;12m██[38;2;51;51;51m██[38;2;0;0;0m                    
[38;2;49;31;7m██[38;2;197;125;28m██[38;2;49;31;7m  [38;2;223;141;31m██[38;2;88;76;59m██[38;2;91;87;83m██[38;2;0;0;0m    [38;2;63;48;10m██[38;2;235;158;34m██[38;2;171;110;24m██[38;2;0;0;0m      [38;2;5;5;5m  [38;2;22;22;22m██[38;2;132;132;132m██[38;2;33;33;33m  [38;2;0;0;0m                
[38;2;0;0;0m  [38;2;171;111;24m██[38;2;141;117;85m██[38;2;87;86;86m██[38;2;52;50;47m██[38;2;110;110;110m██[38;2;15;21;15m  [38;2;0;0;0m  [38;2;63;48;10m██[38;2;234;166;50m██[38;2;34;23;4m  [38;2;43;43;43m  [38;2;73;73;73m  [38;2;0;0;0m      [38;2;24;24;24m  [38;2;140;140;140m██[38;2;167;144;89m██[38;2;23;17;3m  [38;2;0;0;0m      [38;2;70;53;11m  [38;2;0;0;0m    
[38;2;0;0;0m  [38;2;19;12;2m  [38;2;190;127;41m██[38;2;58;56;54m██[38;2;52;50;47m██[38;2;132;132;132m██[38;2;57;57;56m██[38;2;16;20;8m  [38;2;103;85;45m██[38;2;177;156;111m██[38;2;83;62;61m██[38;2;139;139;139m██[38;2;0;0;0m        [38;2;56;43;9m  [38;2;239;185;49m██[38;2;255;193;41m██[38;2;233;177;37m██[38;2;170;129;27m  [38;2;0;0;0m  [38;2;226;172;36m██[38;2;247;188;39m██[38;2;0;0;0m    
[38;2;23;14;3m  [38;2;58;49;38m██[38;2;152;114;63m██[38;2;36;34;32m██[38;2;64;63;61m██[38;2;114;114;114m██[38;2;108;101;86m██[38;2;139;111;49m██[38;2;240;183;49m██[38;2;130;120;98m██[38;2;129;129;129m██[38;2;39;33;33m██[38;2;0;0;0m      [38;2;77;59;12m  [38;2;234;179;41m██[38;2;80;68;42m██[38;2;55;52;47m████[38;2;160;140;95m██[38;2;208;177;98m██[38;2;255;193;42m██[38;2;63;48;10m██[38;2;0;0;0m    
[38;2;4;2;0m  [38;2;89;88;86m██[38;2;51;51;51m██[38;2;0;0;0m  [38;2;42;50;42m██[38;2;87;87;87m██[38;2;179;163;126m██[38;2;255;191;43m██[38;2;218;172;57m██[38;2;140;140;140m██[38;2;120;119;120m██[38;2;145;145;145m██[38;2;0;0;0m      [38;2;14;10;2m  [38;2;204;157;41m██[38;2;58;54;50m██[38;2;62;57;52m████[38;2;74;72;69m██[38;2;154;154;154m██[38;2;195;146;35m██[38;2;4;3;0m  [38;2;0;0;0m    
[38;2;0;0;0m  [38;2;174;110;24m██[38;2;0;0;0m    [38;2;38;38;38m██[38;2;86;86;86m██[38;2;179;164;126m██[38;2;145;128;91m██[38;2;135;134;134m██[38;2;138;137;138m██[38;2;67;64;64m  [38;2;0;0;0m        [38;2;85;64;13m  [38;2;136;105;43m██[38;2;60;57;52m██[38;2;61;58;52m██[38;2;62;58;52m██[38;2;60;56;51m██[38;2;55;52;48m██[38;2;143;126;87m██[38;2;63;48;10m██[38;2;0;0;0m    
[38;2;0;0;0m  [38;2;6;4;0m  [38;2;0;0;0m    [38;2;16;16;16m  [38;2;130;130;130m██[38;2;228;181;75m██[38;2;121;119;118m██[38;2;138;138;138m██[38;2;140;140;140m██[38;2;76;76;76m  [38;2;0;0;0m    [38;2;5;0;0m  [38;2;245;181;45m██[38;2;105;86;42m██[38;2;49;46;42m██[38;2;57;53;49m██[38;2;2;2;1m████[38;2;60;56;52m████[38;2;65;61;57m██[38;2;204;160;48m██[38;2;0;0;0m    
[38;2;0;0;0m    [38;2;0;1;0m  [38;2;20;22;20m  [38;2;107;107;107m██[38;2;179;157;102m██[38;2;171;145;89m██[38;2;131;130;131m██[38;2;158;189;197m██[38;2;162;173;177m██[38;2;102;104;116m██[38;2;236;236;236m██[38;2;94;94;93m██[38;2;124;96;41m██[38;2;49;46;42m██[38;2;55;53;51m██[38;2;83;82;81m██[38;2;36;36;36m██[38;2;0;0;0m        [38;2;51;49;48m██[38;2;155;131;71m██[38;2;224;170;36m██[38;2;33;25;5m  
[38;2;0;0;0m    [38;2;39;39;39m██[38;2;158;158;158m██[38;2;255;191;46m██[38;2;255;193;42m██[38;2;120;119;119m██[38;2;119;117;118m██[38;2;186;242;254m██[38;2;160;174;177m██[38;2;97;96;93m██[38;2;138;130;128m██[38;2;133;129;128m██[38;2;52;50;45m██[38;2;64;64;64m██[38;2;193;193;193m██[38;2;177;177;177m██[38;2;0;0;0m          [38;2;0;1;0m  [38;2;57;58;57m██[38;2;191;145;30m██[38;2;0;0;0m  
[38;2;0;0;0m        [38;2;122;93;19m██[38;2;163;138;82m██[38;2;119;159;171m██[38;2;146;180;186m██[38;2;126;126;126m██[38;2;78;76;75m██[38;2;86;86;86m██[38;2;215;215;215m██[38;2;126;126;126m██[38;2;134;105;63m██[38;2;83;76;68m██[38;2;195;184;171m██[38;2;85;85;85m  [38;2;0;0;0m            [38;2;18;16;15m  [38;2;191;145;30m██[38;2;0;0;0m  
[38;2;0;0;0m    [38;2;6;6;4m██[38;2;9;7;1m██[38;2;0;0;0m    [38;2;14;14;14m  [38;2;130;130;130m██[38;2;108;86;55m██[38;2;105;84;57m██[38;2;176;176;176m██[38;2;63;63;63m██[38;2;95;97;100m██[38;2;200;157;49m██[38;2;206;159;42m██[38;2;55;51;46m██[38;2;0;0;0m                    
[38;2;0;0;0m    [38;2;88;81;64m██[38;2;228;171;44m██[38;2;107;80;19m  [38;2;1;0;0m  [38;2;0;1;0m  [38;2;19;21;19m  [38;2;110;83;44m██[38;2;87;87;87m██[38;2;115;114;114m██[38;2;112;111;109m██[38;2;110;108;105m██[38;2;64;64;65m██[38;2;113;84;21m██[38;2;72;64;52m██[38;2;63;63;63m  [38;2;0;0;0m                  
[38;2;0;0;0m  [38;2;8;8;8m  [38;2;213;136;30m██[38;2;214;140;33m██[38;2;207;157;47m██[38;2;197;154;45m██[38;2;18;14;3m██[38;2;168;108;26m██[38;2;0;0;0m  [38;2;0;8;0m  [38;2;112;112;112m██[38;2;93;90;86m██[38;2;66;62;57m██[38;2;11;10;9m  [38;2;0;0;0m  [38;2;4;4;3m  [38;2;160;155;145m██[38;2;40;38;36m██[38;2;0;0;0m                
[38;2;0;0;0m  [38;2;47;47;47m██[38;2;0;0;0m  [38;2;19;19;19m  [38;2;162;121;49m██[38;2;108;92;55m██[38;2;107;85;20m██[38;2;42;39;21m██[38;2;0;0;0m    [38;2;9;9;6m  [38;2;45;44;40m██[38;2;43;42;39m██[38;2;10;10;8m  [38;2;45;42;39m██[38;2;68;64;60m██[38;2;175;138;55m██[38;2;63;47;11m██[38;2;0;0;0m                
[38;2;0;0;0m        [38;2;34;34;34m    [38;2;0;0;0m    [38;2;1;1;1m  [38;2;5;5;5m██[38;2;76;48;10m██[38;2;214;138;32m██[38;2;170;104;39m██[38;2;126;126;126m██[38;2;72;73;72m  [38;2;0;0;0m  [38;2;99;86;52m██[38;2;249;190;43m██[38;2;0;0;0m                
[38;2;0;0;0m                [38;2;72;71;71m██[38;2;88;86;85m██[38;2;125;92;51m██[38;2;71;61;46m██[38;2;60;56;51m██[38;2;52;50;47m██[38;2;107;58;14m  [38;2;0;0;0m  [38;2;8;8;5m  [38;2;149;132;90m██[38;2;0;0;0m                
[38;2;0;0;0m          [38;2;18;17;15m  [38;2;25;22;20m██[38;2;54;53;53m██[38;2;148;147;148m██[38;2;150;149;150m██[38;2;104;103;102m██[38;2;63;59;55m██[38;2;61;55;47m██[38;2;181;99;32m██[38;2;0;2;0m  [38;2;0;0;0m                      
[38;2;0;0;0m          [38;2;42;38;34m  [38;2;66;61;56m██[38;2;72;71;70m██[38;2;193;193;193m██[38;2;140;139;140m██[38;2;144;143;143m██[38;2;91;90;89m██[38;2;120;100;62m██[38;2;95;61;13m██[38;2;0;0;0m                        
[38;2;0;0;0m            [38;2;9;8;5m  [38;2;126;121;118m██[38;2;215;215;215m██[38;2;110;110;110m██[38;2;117;117;117m██[38;2;56;57;56m██[38;2;177;177;177m██[38;2;0;0;0m                          
[38;2;0;0;0m            [38;2;52;51;51m██[38;2;171;170;170m██[38;2;35;35;35m  [38;2;0;0;0m    [38;2;0;1;0m  [38;2;97;97;97m██[38;2;44;44;44m  [38;2;0;0;0m                        
[38;2;0;0;0m          [38;2;28;25;23m  [38;2;137;138;137m  [38;2;0;3;0m  [38;2;0;0;0m        [38;2;49;49;49m    [38;2;0;0;0m                        
[38;2;0;0;0m          [38;2;33;30;27m██[38;2;0;0;0m                                        [0m
