
[38;2;10;13;5m  [38;2;41;52;20m      [38;2;10;14;3m  [38;2;3;5;1m  [38;2;41;52;20m                                [38;2;10;13;5m  
[38;2;41;52;20m  [38;2;160;202;80m      [38;2;40;55;12m██[38;2;94;128;30m██[38;2;83;105;41m  [38;2;160;202;80m    [38;2;160;201;80m  [38;2;160;202;80m      [38;2;159;202;79m  [38;2;160;202;80m  [38;2;34;43;17m    [38;2;51;64;25m  [38;2;160;202;80m  [38;2;159;202;79m  [38;2;160;202;80m    [38;2;41;52;20m  
[38;2;41;52;20m  [38;2;160;201;80m  [38;2;160;202;80m    [38;2;37;22;25m██[38;2;111;119;49m██[38;2;65;84;28m  [38;2;155;196;77m  [38;2;86;108;44m  [38;2;108;137;54m  [38;2;160;202;80m    [38;2;134;169;67m  [38;2;108;137;54m  [38;2;54;67;30m██[38;2;179;221;100m██[38;2;168;210;88m██[38;2;77;104;25m  [38;2;121;153;60m  [38;2;160;202;80m      [38;2;41;52;20m  
[38;2;41;52;20m  [38;2;160;201;80m  [38;2;160;202;80m    [38;2;93;113;48m  [38;2;88;50;58m██[38;2;92;117;43m██[38;2;30;36;17m  [38;2;162;200;90m██[38;2;7;9;4m██[38;2;160;202;80m    [38;2;90;112;49m  [38;2;150;185;83m██[38;2;142;144;83m██[38;2;118;96;73m██[38;2;82;103;43m██[38;2;135;171;67m  [38;2;160;201;80m  [38;2;160;202;80m      [38;2;41;52;20m  
[38;2;41;52;20m  [38;2;160;202;80m      [38;2;123;156;61m  [38;2;63;40;40m  [38;2;116;155;33m██[38;2;133;166;44m██[38;2;194;227;105m██[38;2;122;163;41m██[38;2;65;86;26m  [38;2;62;77;34m██[38;2;165;191;93m██[38;2;109;65;74m██[38;2;124;66;74m██[38;2;152;72;77m██[38;2;138;124;80m██[38;2;20;26;10m  [38;2;160;202;80m        [38;2;41;52;20m  
[38;2;41;52;20m  [38;2;160;202;80m  [38;2;160;201;80m    [38;2;111;140;55m  [38;2;138;171;76m  [38;2;212;230;108m██[38;2;223;239;117m██[38;2;185;224;102m██[38;2;180;222;100m██[38;2;162;201;87m██[38;2;179;222;100m██[38;2;117;78;79m██[38;2;128;81;93m██[38;2;125;80;90m██[38;2;110;59;67m██[38;2;121;63;70m██[38;2;20;26;10m  [38;2;160;201;80m  [38;2;159;202;79m  [38;2;160;201;80m  [38;2;160;202;80m  [38;2;41;52;20m  
[38;2;41;52;20m  [38;2;160;201;80m  [38;2;89;111;45m  [38;2;70;86;39m██[38;2;108;133;60m  [38;2;146;188;66m██[38;2;191;217;95m██[38;2;182;222;100m██[38;2;180;222;100m██[38;2;179;222;100m████[38;2;99;56;65m██[38;2;128;81;93m██████[38;2;103;57;66m  [38;2;97;49;54m██[38;2;75;95;37m  [38;2;160;202;80m  [38;2;160;201;80m  [38;2;160;202;80m  [38;2;159;202;79m  [38;2;41;52;20m  
[38;2;41;52;20m  [38;2;160;202;80m  [38;2;106;134;53m  [38;2;103;139;36m██[38;2;179;222;100m██[38;2;129;171;49m██[38;2;141;183;61m██[38;2;179;222;100m████████[38;2;172;207;96m██[38;2;115;70;80m██[38;2;128;81;93m██[38;2;113;68;78m██[38;2;146;71;75m██[38;2;40;22;25m██[38;2;160;202;80m    [38;2;160;201;80m    [38;2;160;202;80m  [38;2;41;52;20m  
[38;2;41;52;20m  [38;2;160;202;80m    [38;2;27;35;13m  [38;2;144;186;64m████[38;2;179;222;100m██[38;2;154;196;74m██[38;2;179;222;100m██[38;2;140;182;60m██[38;2;158;200;78m██[38;2;179;222;100m██[38;2;143;159;76m██[38;2;93;87;39m██[38;2;90;61;42m██[38;2;69;87;34m  [38;2;124;157;62m  [38;2;160;201;80m  [38;2;160;202;80m  [38;2;159;202;79m  [38;2;160;202;80m    [38;2;41;52;20m  
[38;2;41;52;20m  [38;2;160;202;80m  [38;2;113;143;56m  [38;2;143;176;79m  [38;2;179;222;100m████[38;2;156;198;76m██[38;2;172;214;92m██[38;2;132;156;85m██[38;2;85;125;8m██[38;2;215;236;175m██[38;2;179;222;100m██[38;2;177;219;97m██[38;2;168;208;91m██[38;2;88;111;43m  [38;2;160;202;80m    [38;2;159;202;79m  [38;2;160;202;80m    [38;2;159;202;79m  [38;2;160;202;80m  [38;2;41;52;20m  
[38;2;41;52;20m  [38;2;160;201;80m  [38;2;111;140;55m  [38;2;184;197;96m██[38;2;194;227;105m██[38;2;179;222;100m██[38;2;155;197;75m██[38;2;174;216;94m██[38;2;52;64;28m██[38;2;243;243;243m██[38;2;237;247;219m██[38;2;179;222;100m██[38;2;157;193;101m██[38;2;178;220;98m  [38;2;107;136;50m██[38;2;81;99;46m██[38;2;62;76;37m  [38;2;160;202;80m        [38;2;160;201;80m  [38;2;41;52;20m  
[38;2;41;52;20m  [38;2;160;202;80m    [38;2;27;35;13m  [38;2;179;222;100m████████████[38;2;133;161;102m██[38;2;81;96;105m██[38;2;157;138;77m██[38;2;70;71;66m██[38;2;204;231;109m██[38;2;219;237;115m██[38;2;109;126;78m██[38;2;20;26;10m  [38;2;160;202;80m        [38;2;41;52;20m  
[38;2;41;52;20m  [38;2;160;201;80m  [38;2;134;169;67m  [38;2;63;85;22m  [38;2;140;168;88m██[38;2;153;195;73m██[38;2;128;156;103m████[38;2;170;132;139m████[38;2;172;111;117m██[38;2;130;89;91m██[38;2;105;137;43m██[38;2;70;71;66m██[38;2;179;222;100m██[38;2;200;230;108m██[38;2;168;205;83m██[38;2;20;26;10m  [38;2;160;201;80m    [38;2;160;202;80m  [38;2;159;202;79m  [38;2;41;52;20m  
[38;2;39;50;19m  [38;2;153;193;76m  [38;2;24;25;20m██[38;2;108;143;41m██[38;2;99;127;46m██[38;2;62;63;62m██[38;2;243;161;166m██████[38;2;198;115;120m██[38;2;67;69;63m██[38;2;118;155;38m██[38;2;140;114;61m██[38;2;244;161;166m██[38;2;128;150;84m██[38;2;67;69;63m██[38;2;65;66;64m██[38;2;102;139;32m██[38;2;101;128;50m  [38;2;153;193;76m  [38;2;157;199;78m  [38;2;160;202;80m  [38;2;41;52;20m  
[38;2;9;9;9m  [38;2;59;78;24m██[38;2;117;159;36m████[38;2;93;127;29m██[38;2;85;108;41m  [38;2;72;53;55m██[38;2;118;72;74m██[38;2;94;118;49m████[38;2;139;110;60m██[38;2;210;125;130m██[38;2;232;146;151m██[38;2;245;161;166m██[38;2;82;66;67m██[38;2;90;110;51m██[38;2;85;101;54m██[38;2;117;159;36m██[38;2;64;79;36m██[38;2;63;86;17m██[38;2;63;83;25m  [38;2;69;87;34m  [38;2;18;22;9m  
[38;2;29;40;8m██[38;2;212;224;190m██[38;2;134;165;77m██[38;2;115;150;47m██[38;2;55;70;27m  [38;2;147;186;73m  [38;2;80;52;47m██[38;2;200;115;120m██[38;2;166;138;87m██[38;2;157;80;78m██[38;2;247;161;166m██[38;2;252;166;171m██[38;2;239;157;162m██[38;2;77;82;66m██[38;2;154;196;74m██[38;2;170;209;97m██[38;2;68;70;66m██[38;2;121;163;41m██[38;2;117;159;36m██[38;2;74;81;60m██[38;2;97;139;17m██[38;2;114;156;34m██[38;2;30;41;9m██
[38;2;8;13;0m  [38;2;135;151;103m██[38;2;100;142;20m██[38;2;56;76;16m██[38;2;85;107;42m  [38;2;70;94;23m  [38;2;96;122;47m██[38;2;164;88;92m██[38;2;174;189;95m██[38;2;171;166;91m██[38;2;173;91;95m██[38;2;193;109;114m██[38;2;118;116;78m██[38;2;179;222;100m████[38;2;173;213;98m██[38;2;125;147;83m██[38;2;176;218;96m██[38;2;130;172;50m██[38;2;100;128;46m██[38;2;117;159;36m██[38;2;77;113;7m██[38;2;11;16;3m  
[38;2;41;52;20m  [38;2;51;64;25m  [38;2;20;26;10m  [38;2;135;171;67m  [38;2;40;55;12m██[38;2;117;159;37m██[38;2;115;157;35m██[38;2;69;72;62m██[38;2;172;136;93m██[38;2;176;202;97m████[38;2;76;66;66m██[38;2;157;178;115m██[38;2;232;239;218m██[38;2;156;198;76m██[38;2;107;141;43m██[38;2;140;168;88m██[38;2;178;220;98m██[38;2;134;176;54m██[38;2;71;77;59m██[38;2;45;60;17m  [38;2;51;64;25m  [38;2;41;52;20m  
[38;2;41;52;20m  [38;2;160;202;80m  [38;2;160;201;80m  [38;2;160;202;80m  [38;2;28;33;19m██[38;2;94;133;21m██[38;2;100;142;20m██[38;2;99;128;44m██[38;2;168;114;117m██[38;2;218;134;138m████[38;2;186;101;106m██[38;2;117;97;77m██[38;2;204;219;173m██[38;2;119;146;69m██[38;2;82;110;27m██[38;2;118;160;38m██[38;2;117;159;37m██[38;2;91;115;45m██[38;2;36;41;27m  [38;2;143;180;71m  [38;2;160;202;80m  [38;2;41;52;20m  
[38;2;41;52;20m  [38;2;160;202;80m      [38;2;114;143;57m  [38;2;87;118;28m  [38;2;113;155;33m██[38;2;117;159;36m██[38;2;92;119;41m██[38;2;73;81;59m██[38;2;128;61;64m██[38;2;164;81;85m████[38;2;65;66;65m██[38;2;138;165;87m██[38;2;179;222;100m██[38;2;173;215;93m██[38;2;114;155;36m██[38;2;51;68;19m  [38;2;160;202;80m      [38;2;41;52;20m  
[38;2;41;52;20m  [38;2;160;202;80m      [38;2;121;153;60m  [38;2;135;136;132m  [38;2;102;144;22m██[38;2;95;137;15m██[38;2;107;149;27m██[38;2;38;52;11m██[38;2;111;140;55m  [38;2;61;35;36m████[38;2;21;21;20m██[38;2;88;117;32m██[38;2;114;156;34m██[38;2;102;144;22m██[38;2;93;133;16m██[38;2;60;78;24m  [38;2;160;202;80m      [38;2;41;52;20m  
[38;2;41;52;20m  [38;2;160;202;80m  [38;2;160;201;80m  [38;2;160;202;80m    [38;2;51;64;25m  [38;2;57;75;21m  [38;2;160;163;154m██[38;2;34;43;17m  [38;2;154;195;77m  [38;2;160;201;80m  [38;2;160;202;80m    [38;2;158;200;79m  [38;2;85;100;58m  [38;2;160;202;80m██[38;2;129;165;59m██[38;2;139;172;77m██[38;2;54;71;21m  [38;2;160;202;80m      [38;2;41;52;20m  
[38;2;10;13;5m  [38;2;41;52;20m          [38;2;25;32;12m  [38;2;0;0;0m  [38;2;41;52;20m          [38;2;39;50;19m  [38;2;37;37;37m  [38;2;23;34;2m██[38;2;22;26;14m██[38;2;57;57;57m  [38;2;27;34;13m  [38;2;41;52;20m      [38;2;10;13;5m  [0m
