
[38;2;6;11;15m  [38;2;26;45;63m      [38;2;3;8;13m██  [38;2;26;45;63m                  [38;2;6;11;15m    [38;2;26;45;63m                    [38;2;6;11;15m  
[38;2;26;45;63m  [38;2;105;182;255m  [38;2;106;182;255m  [38;2;105;182;255m  [38;2;15;43;52m██[38;2;49;111;170m██[38;2;46;79;111m  [38;2;105;182;255m  [38;2;86;147;207m    [38;2;106;182;255m  [38;2;105;182;255m  [38;2;106;182;255m  [38;2;105;182;255m  [38;2;86;147;207m  [38;2;72;116;159m  [38;2;26;45;63m  [38;2;105;182;255m  [38;2;106;182;255m  [38;2;105;182;255m  [38;2;106;182;255m  [38;2;105;182;255m  [38;2;106;182;255m  [38;2;105;182;255m  [38;2;106;182;255m  [38;2;105;182;255m  [38;2;106;182;255m  [38;2;26;45;63m  
[38;2;26;45;63m  [38;2;106;181;255m    [38;2;26;45;63m  [38;2;154;95;56m██[38;2;91;108;132m██[38;2;44;102;156m██[38;2;119;75;45m  [38;2;29;46;63m████[38;2;149;93;57m    [38;2;119;75;45m  [38;2;52;54;59m  [38;2;51;82;111m██[38;2;117;186;255m██[38;2;29;46;63m████████[38;2;86;147;207m  [38;2;106;181;255m            [38;2;26;45;63m  
[38;2;26;45;63m  [38;2;105;182;255m  [38;2;106;182;255m  [38;2;86;147;207m  [38;2;70;44;27m██[38;2;134;75;36m██[38;2;56;127;195m██[38;2;40;44;50m  [38;2;61;121;179m██[38;2;66;83;100m██[38;2;40;44;50m    [38;2;87;140;191m██[38;2;111;176;239m██[38;2;118;187;255m██[38;2;122;119;127m██[38;2;123;97;84m██[38;2;120;165;212m██[38;2;118;187;255m██[38;2;51;81;111m██[38;2;86;147;207m  [38;2;105;182;255m  [38;2;106;182;255m  [38;2;105;182;255m  [38;2;106;182;255m  [38;2;105;182;255m  [38;2;106;182;255m  [38;2;26;45;63m  
[38;2;26;45;63m    [38;2;29;46;63m██[38;2;66;114;159m  [38;2;50;40;27m██[38;2;156;97;58m██[38;2;109;84;73m██[38;2;63;82;101m██[38;2;119;188;255m██[38;2;73;148;219m██[38;2;70;109;149m██[38;2;63;82;101m██[38;2;119;188;255m██[38;2;120;165;212m██[38;2;132;73;34m██[38;2;180;124;82m██[38;2;227;173;130m██[38;2;169;113;71m██[38;2;94;120;148m██[38;2;79;136;191m  [38;2;106;181;255m              [38;2;26;45;63m  
[38;2;26;45;63m  [38;2;86;147;207m  [38;2;51;82;111m██[38;2;98;153;207m██[38;2;93;132;170m██[38;2;80;72;65m██[38;2;141;91;59m██[38;2;103;136;172m██[38;2;119;188;255m██[38;2;107;178;246m██[38;2;60;121;181m██[38;2;93;137;180m██[38;2;117;163;212m██[38;2;144;93;60m██[38;2;159;100;61m██[38;2;153;94;55m██[38;2;170;113;72m██[38;2;227;173;129m██[38;2;116;85;68m██[38;2;41;69;95m  [38;2;106;182;255m  [38;2;105;182;255m  [38;2;106;182;255m  [38;2;105;182;255m  [38;2;106;182;255m  [38;2;105;182;255m  [38;2;106;182;255m  [38;2;26;45;63m  
[38;2;26;45;63m  [38;2;106;181;255m  [38;2;86;147;207m  [38;2;38;85;131m  [38;2;106;177;246m██[38;2;115;186;255m██[38;2;72;99;119m██[38;2;106;166;221m██[38;2;119;188;255m██[38;2;118;187;255m██[38;2;98;141;183m██[38;2;107;163;219m██[38;2;92;109;133m██[38;2;153;94;55m██[38;2;159;100;61m████[38;2;150;92;52m██[38;2;208;153;110m██[38;2;77;49;31m  [38;2;86;147;207m  [38;2;106;181;255m    [38;2;67;114;159m  [38;2;29;47;63m██[38;2;79;136;191m  [38;2;99;170;239m  [38;2;106;181;255m  [38;2;26;45;63m  
[38;2;26;45;63m  [38;2;105;182;255m  [38;2;106;182;255m  [38;2;26;45;63m  [38;2;63;139;211m██[38;2;74;148;219m██[38;2;119;188;255m██[38;2;118;188;255m██[38;2;119;188;255m██[38;2;117;187;255m██[38;2;107;163;219m██[38;2;122;119;127m██[38;2;134;75;36m██[38;2;159;100;61m████[38;2;140;81;42m██[38;2;186;130;88m██[38;2;59;34;16m██[38;2;115;101;98m  [38;2;105;182;255m  [38;2;106;182;255m  [38;2;105;182;255m  [38;2;29;47;63m██[38;2;118;188;255m██[38;2;78;131;181m██[38;2;30;58;86m  [38;2;106;182;255m  [38;2;26;45;63m  
[38;2;26;45;63m  [38;2;106;181;255m      [38;2;13;35;51m██[38;2;53;129;202m██[38;2;84;158;228m██[38;2;119;188;255m██[38;2;120;188;255m██[38;2;121;189;255m██[38;2;119;188;255m████[38;2;120;85;66m██[38;2;139;80;41m██[38;2;138;79;40m██[38;2;104;70;52m██[38;2;88;88;98m██[38;2;26;59;91m██[38;2;109;90;82m  [38;2;99;170;239m  [38;2;106;181;255m    [38;2;86;147;207m  [38;2;72;116;159m  [38;2;111;181;250m██[38;2;47;120;191m██[38;2;30;63;86m  [38;2;19;34;47m  
[38;2;26;45;63m  [38;2;105;182;255m  [38;2;106;182;255m  [38;2;105;182;255m  [38;2;23;44;63m██[38;2;96;167;236m██[38;2;118;187;255m██[38;2;117;187;255m██[38;2;162;208;255m██[38;2;131;193;255m██[38;2;76;107;138m██[38;2;111;179;245m██[38;2;117;179;240m██[38;2;115;153;194m████[38;2;76;99;124m██[38;2;63;82;101m██[38;2;63;81;100m██[38;2;44;102;156m██[38;2;31;59;87m  [38;2;106;182;255m  [38;2;105;182;255m  [38;2;106;182;255m  [38;2;26;45;63m  [38;2;60;134;205m██[38;2;113;182;250m██[38;2;77;130;182m██[38;2;0;0;0m  
[38;2;26;45;63m  [38;2;106;181;255m    [38;2;26;45;63m  [38;2;94;166;235m██[38;2;106;172;235m██[38;2;118;187;255m██[38;2;51;126;197m██[38;2;148;202;255m██[38;2;96;151;208m██[38;2;140;138;148m██[38;2;137;188;245m██[38;2;74;148;220m██[38;2;106;177;246m██[38;2;75;86;101m████[38;2;117;186;255m██[38;2;85;158;229m██[38;2;62;90;118m██[38;2;60;131;200m██[38;2;18;37;55m██[38;2;66;114;159m  [38;2;86;147;207m  [38;2;106;181;255m  [38;2;23;44;64m██[38;2;96;167;236m██[38;2;88;160;229m██[38;2;15;34;52m██
[38;2;26;45;63m  [38;2;105;182;255m  [38;2;106;182;255m  [38;2;26;45;63m  [38;2;122;187;250m██[38;2;165;208;250m██[38;2;116;187;255m██[38;2;100;171;240m██[38;2;68;141;212m██[38;2;35;46;69m██[38;2;176;186;208m██[38;2;185;206;245m██[38;2;95;132;170m██[38;2;87;117;148m██[38;2;73;100;127m██[38;2;103;169;234m██[38;2;107;163;219m██[38;2;44;104;162m██[38;2;60;117;172m██[38;2;61;118;173m██[38;2;63;139;211m██[38;2;33;95;154m██[38;2;75;117;159m  [38;2;26;45;63m  [38;2;89;147;203m██[38;2;95;166;236m██[38;2;47;123;196m██[38;2;8;30;45m██
[38;2;19;34;47m  [38;2;79;136;191m  [38;2;14;33;52m██[38;2;48;110;169m██[38;2;84;104;129m██[38;2;164;203;243m██[38;2;117;187;255m██[38;2;119;188;255m████[38;2;122;170;227m██[38;2;147;132;167m██[38;2;177;181;216m██[38;2;70;109;149m██[38;2;79;145;205m██[38;2;147;165;166m██[38;2;107;142;180m██[38;2;73;100;127m██[38;2;104;156;207m██[38;2;73;100;127m██[38;2;63;90;119m██[38;2;59;135;208m████[38;2;49;124;196m██[38;2;102;174;243m██[38;2;53;127;199m██[38;2;68;143;215m██[38;2;55;126;195m██[38;2;11;25;39m  
[38;2;4;21;32m  [38;2;147;154;175m██[38;2;39;115;188m██[38;2;59;135;208m██[38;2;63;119;174m██[38;2;80;130;179m██[38;2;113;169;228m██[38;2;111;168;228m██[38;2;89;114;141m██[38;2;71;117;172m██[38;2;99;156;220m██[38;2;67;100;132m██[38;2;80;105;124m██[38;2;160;186;190m██[38;2;233;237;239m██[38;2;215;213;215m██[38;2;73;100;127m██[38;2;104;156;207m██[38;2;107;163;217m██[38;2;99;113;127m██[38;2;60;122;181m██[38;2;60;121;181m██[38;2;38;114;187m██[38;2;59;135;208m██[38;2;52;128;201m████[38;2;44;101;156m██[38;2;0;0;0m  
[38;2;16;37;53m██[38;2;77;136;198m██[38;2;67;138;207m██[38;2;76;131;188m██[38;2;44;102;156m██[38;2;31;59;87m  [38;2;41;69;95m  [38;2;81;95;124m██[38;2;60;117;172m██[38;2;82;100;115m██[38;2;89;95;96m██[38;2;128;120;134m██[38;2;208;219;219m██[38;2;251;253;255m██[38;2;163;182;199m██[38;2;80;96;112m██[38;2;117;187;255m████[38;2;96;153;208m██[38;2;99;113;127m██[38;2;60;122;181m██[38;2;46;93;139m██[38;2;59;135;208m████[38;2;44;116;184m██[38;2;39;96;151m██[38;2;46;79;111m  [38;2;26;45;63m  
[38;2;3;8;13m  [38;2;95;140;188m██[38;2;73;127;185m██[38;2;79;74;85m██[38;2;79;136;191m  [38;2;99;170;239m    [38;2;32;46;60m  [38;2;61;118;173m██[38;2;82;101;115m██[38;2;139;157;158m██[38;2;136;147;150m██[38;2;165;172;174m██[38;2;90;133;176m██[38;2;131;138;167m██[38;2;109;165;225m██[38;2;85;158;228m██[38;2;118;188;255m██[38;2;94;147;199m██[38;2;45;102;158m██[38;2;59;135;208m██[38;2;63;81;100m██[38;2;48;110;169m██[38;2;15;34;52m██[38;2;25;54;81m  [38;2;79;136;191m  [38;2;106;182;255m  [38;2;26;45;63m  
[38;2;26;45;63m  [38;2;46;79;111m  [38;2;26;45;63m  [38;2;86;147;207m  [38;2;106;181;255m    [38;2;63;110;156m  [38;2;48;110;169m██[38;2;63;91;119m██[38;2;60;131;200m██[38;2;99;113;127m██[38;2;243;243;243m██[38;2;247;248;248m██[38;2;105;104;105m██[38;2;106;177;246m██[38;2;63;139;211m██[38;2;172;197;236m██[38;2;96;154;210m██[38;2;88;118;148m██[38;2;119;188;255m██[38;2;38;114;187m██[38;2;14;33;52m██[38;2;46;79;111m  [38;2;106;181;255m        [38;2;26;45;63m  
[38;2;26;45;63m  [38;2;105;182;255m  [38;2;106;182;255m  [38;2;105;182;255m  [38;2;106;182;255m  [38;2;105;182;255m  [38;2;15;34;52m██[38;2;59;136;209m██[38;2;61;118;173m██[38;2;64;77;92m██[38;2;63;90;119m██[38;2;99;113;127m██[38;2;126;123;130m██[38;2;146;161;164m██[38;2;84;105;123m██[38;2;186;198;223m██[38;2;64;125;184m██[38;2;99;142;184m██[38;2;118;187;255m██[38;2;68;141;212m██[38;2;33;109;182m██[38;2;43;105;164m██[38;2;46;79;111m  [38;2;105;182;255m  [38;2;106;182;255m  [38;2;105;182;255m  [38;2;106;182;255m  [38;2;26;45;63m  
[38;2;26;45;63m  [38;2;106;181;255m          [38;2;86;147;207m  [38;2;40;87;133m  [38;2;64;77;92m██[38;2;60;131;199m██[38;2;59;135;208m██[38;2;60;136;209m██[38;2;41;87;133m  [38;2;28;45;63m  [38;2;28;45;65m  [38;2;32;45;69m  [38;2;46;65;85m██[38;2;82;154;224m██[38;2;80;152;221m██[38;2;45;120;193m██[38;2;107;177;246m██[38;2;63;139;211m██[38;2;44;102;156m██[38;2;79;136;191m  [38;2;106;181;255m      [38;2;26;45;63m  
[38;2;26;45;63m  [38;2;105;182;255m  [38;2;106;182;255m  [38;2;105;182;255m  [38;2;106;182;255m  [38;2;105;182;255m  [38;2;86;147;207m  [38;2;98;118;122m  [38;2;139;158;158m██[38;2;87;94;120m██[38;2;14;36;52m██[38;2;15;34;52m██[38;2;86;147;207m  [38;2;105;182;255m  [38;2;106;182;255m  [38;2;105;182;255m  [38;2;15;34;52m██[38;2;38;114;187m██[38;2;198;217;236m██[38;2;214;228;250m██[38;2;59;133;204m██[38;2;29;62;94m██[38;2;31;59;87m  [38;2;99;170;239m  [38;2;106;182;255m  [38;2;105;182;255m  [38;2;106;182;255m  [38;2;26;45;63m  
[38;2;0;0;0m                                  [38;2;143;143;143m  [38;2;255;255;255m████[38;2;143;143;143m  [38;2;0;0;0m              
[38;2;0;0;0m                                    [38;2;63;63;63m████[38;2;0;0;0m                [0m
