
[38;2;0;0;0m            [38;2;66;64;44m              [38;2;16;16;11m  [38;2;49;45;26m  [38;2;49;48;33m  [38;2;66;64;44m        [38;2;0;0;0m            
[38;2;0;0;0m            [38;2;243;235;163m              [38;2;60;58;40m  [38;2;179;167;96m██[38;2;182;176;122m  [38;2;243;235;163m        [38;2;0;0;0m            
[38;2;0;0;0m            [38;2;243;235;163m    [38;2;182;176;122m  [38;2;65;60;34m██[38;2;154;149;103m  [38;2;220;213;148m  [38;2;122;119;85m  [38;2;186;174;103m██[38;2;240;223;127m██[38;2;80;77;51m██[38;2;178;171;122m  [38;2;176;170;118m  [38;2;104;98;60m  [38;2;220;213;148m  [38;2;0;0;0m            
[38;2;0;0;0m            [38;2;243;235;163m  [38;2;243;234;163m  [38;2;182;176;122m  [38;2;180;167;96m██[38;2;218;202;116m██[38;2;71;66;40m  [38;2;111;106;103m██[38;2;123;119;95m██[38;2;98;90;106m██[38;2;191;178;126m██[38;2;168;156;99m  [38;2;49;48;48m  [38;2;180;167;96m██[38;2;182;176;122m  [38;2;0;0;0m            
[38;2;0;0;0m            [38;2;243;235;163m      [38;2;60;58;40m  [38;2;186;173;119m██[38;2;237;224;129m██[38;2;216;206;121m██[38;2;124;126;92m██[38;2;206;180;71m██[38;2;210;186;78m██[38;2;218;197;93m██[38;2;236;225;130m██[38;2;142;129;66m██[38;2;184;177;122m  [38;2;0;0;0m            
[38;2;0;0;0m            [38;2;243;235;163m    [38;2;182;176;122m  [38;2;179;167;96m██[38;2;123;113;110m██[38;2;240;223;128m██[38;2;201;186;121m████[38;2;237;225;130m████[38;2;222;205;103m██[38;2;224;203;102m██[38;2;225;190;101m██[38;2;60;55;32m██[38;2;0;0;0m            
[38;2;0;0;0m            [38;2;243;235;163m    [38;2;51;45;17m██[38;2;206;181;71m██[38;2;188;164;68m██[38;2;160;146;102m██[38;2;186;173;119m██[38;2;240;223;128m██[38;2;237;225;130m████[38;2;234;218;124m██[38;2;171;139;73m██[38;2;207;168;92m██[38;2;152;123;85m██[38;2;0;0;0m            
[38;2;0;0;0m            [38;2;243;235;163m  [38;2;60;58;40m  [38;2;196;170;58m██[38;2;229;213;126m██[38;2;225;209;125m██[38;2;194;167;56m██[38;2;183;153;33m████[38;2;231;217;120m██[38;2;235;222;127m██[38;2;231;210;118m██[38;2;213;172;93m██[38;2;151;116;93m██[38;2;166;132;86m██[38;2;0;0;0m            
[38;2;0;0;0m            [38;2;243;235;163m  [38;2;60;58;40m  [38;2;147;146;108m██[38;2;172;159;117m██[38;2;183;169;119m██[38;2;151;140;114m██[38;2;239;223;128m██[38;2;237;225;130m██[38;2;217;195;90m██[38;2;204;173;68m██[38;2;217;186;92m██[38;2;152;118;93m██[38;2;187;149;93m██[38;2;174;137;89m██[38;2;0;0;0m            
[38;2;0;0;0m      [38;2;27;16;30m    [38;2;0;0;0m  [38;2;152;147;104m  [38;2;73;77;68m██[38;2;220;206;111m██[38;2;237;225;130m████[38;2;239;223;128m██[38;2;122;113;110m██[38;2;237;225;130m██[38;2;239;221;126m██[38;2;223;187;100m██[38;2;142;109;93m██[38;2;196;158;93m██[38;2;188;151;93m██[38;2;171;137;80m██[38;2;0;0;0m            
[38;2;0;0;0m      [38;2;41;24;45m  [38;2;200;148;215m██[38;2;27;22;30m  [38;2;94;87;87m██[38;2;207;197;121m██[38;2;177;170;115m██[38;2;210;197;124m██[38;2;239;223;128m██[38;2;161;151;95m██[38;2;145;132;86m██[38;2;194;167;52m██[38;2;193;164;49m██[38;2;211;172;80m██[38;2;195;158;91m██[38;2;198;156;92m██[38;2;89;78;72m██[38;2;26;23;18m██[38;2;0;0;0m            
[38;2;0;0;0m        [38;2;229;171;248m██[38;2;112;89;124m██[38;2;228;212;124m██[38;2;191;181;113m██[38;2;202;191;116m██[38;2;154;143;114m██[38;2;125;117;111m██[38;2;214;197;119m██[38;2;242;223;124m██[38;2;240;223;128m██[38;2;242;223;128m██[38;2;200;170;60m██[38;2;170;140;88m██[38;2;116;93;107m██[38;2;213;138;230m██[38;2;205;123;224m██[38;2;55;32;60m██[38;2;13;8;15m  [38;2;0;0;0m        
[38;2;0;0;0m        [38;2;197;122;217m██[38;2;160;118;180m██[38;2;96;92;88m██[38;2;183;178;164m██[38;2;189;183;163m██[38;2;204;190;115m██[38;2;237;225;130m██[38;2;213;196;127m██[38;2;103;94;75m██[38;2;96;92;76m██[38;2;130;118;88m██[38;2;215;180;101m██[38;2;113;91;106m██[38;2;232;181;246m██[38;2;241;193;254m██[38;2;212;136;230m██[38;2;36;21;40m██[38;2;9;5;10m  [38;2;0;0;0m        
[38;2;36;19;43m████[38;2;0;0;0m    [38;2;147;85;161m██[38;2;202;115;222m██[38;2;159;149;110m██[38;2;63;59;42m██[38;2;248;235;168m██[38;2;112;110;90m██[38;2;163;136;82m██[38;2;141;130;100m██[38;2;231;221;165m██[38;2;231;223;185m██[38;2;123;118;108m██[38;2;104;80;112m██[38;2;208;128;227m██[38;2;226;161;243m██[38;2;123;81;136m  [38;2;22;21;14m  [38;2;0;0;0m            
[38;2;3;1;3m  [38;2;102;53;121m██[38;2;0;0;0m    [38;2;50;29;55m██[38;2;202;115;222m██[38;2;207;134;171m██[38;2;56;41;12m██[38;2;164;119;76m██[38;2;146;82;166m██[38;2;129;80;146m██[38;2;193;159;101m██[38;2;191;162;98m██[38;2;191;179;123m██[38;2;115;117;120m██[38;2;172;103;180m██[38;2;202;116;222m██[38;2;202;117;222m██[38;2;59;36;62m  [38;2;109;59;123m  [38;2;134;71;154m██[38;2;35;18;40m  [38;2;0;0;0m        
[38;2;0;0;0m    [38;2;86;48;101m██[38;2;78;45;90m██[38;2;86;50;97m██[38;2;186;110;204m██[38;2;202;117;222m██[38;2;177;112;194m██[38;2;110;82;122m██[38;2;81;70;91m██[38;2;84;69;90m██[38;2;96;74;116m██[38;2;177;123;134m██[38;2;146;106;115m██[38;2;154;95;152m██[38;2;202;116;222m██[38;2;201;115;222m██[38;2;98;76;104m██[38;2;151;82;173m██[38;2;121;74;137m██[38;2;89;48;102m██[38;2;113;64;125m██[38;2;175;101;191m██[38;2;23;13;25m  [38;2;0;0;0m    
[38;2;0;0;0m      [38;2;48;48;48m██[38;2;65;64;65m████[38;2;202;116;222m██[38;2;102;72;111m██[38;2;240;223;128m██[38;2;116;111;99m████[38;2;240;223;128m██[38;2;104;67;111m██[38;2;203;118;222m██[38;2;202;116;222m████[38;2;189;110;208m██[38;2;86;71;90m██[38;2;65;64;65m██[38;2;16;16;16m██[38;2;0;0;0m    [38;2;50;29;55m██[38;2;203;118;222m██[38;2;0;0;0m██  
[38;2;19;10;23m  [38;2;79;41;93m██[38;2;75;39;89m██[38;2;65;34;78m██[38;2;87;46;102m██[38;2;121;75;137m██[38;2;112;82;118m██[38;2;118;113;88m██[38;2;165;153;109m██[38;2;101;93;106m██[38;2;154;143;114m████[38;2;132;123;102m██[38;2;168;104;182m██[38;2;175;97;196m██[38;2;157;85;180m██[38;2;106;72;117m██[38;2;141;79;162m██[38;2;125;65;148m██[38;2;65;34;78m██[38;2;79;41;93m██[38;2;19;10;23m  [38;2;0;0;0m  [38;2;69;40;75m  [38;2;92;53;100m██[38;2;23;13;25m  
[38;2;0;0;0m        [38;2;5;1;3m  [38;2;68;38;74m██[38;2;86;68;92m██[38;2;88;65;106m██[38;2;201;165;94m██[38;2;119;110;99m██[38;2;215;175;93m██[38;2;205;167;92m██[38;2;88;64;106m██[38;2;150;79;175m████[38;2;150;80;175m██[38;2;70;65;72m████[38;2;59;57;41m  [38;2;220;213;148m  [38;2;0;0;0m            
[38;2;0;0;0m    [38;2;23;12;27m  [38;2;92;48;109m██[38;2;82;43;97m██[38;2;85;61;93m██[38;2;126;75;145m██[38;2;147;77;173m██[38;2;113;68;136m██[38;2;53;41;60m██[38;2;67;55;34m██[38;2;92;59;111m██[38;2;146;77;173m████[38;2;150;79;175m████[38;2;129;75;147m██[38;2;129;76;147m██[38;2;110;65;127m██[38;2;59;33;68m██[38;2;3;0;0m  [38;2;0;0;0m          
[38;2;0;0;0m            [38;2;122;64;143m██[38;2;119;62;141m██[38;2;0;0;0m          [38;2;88;46;105m  [38;2;129;68;151m██[38;2;149;78;174m██[38;2;142;75;166m██[38;2;70;55;75m██[38;2;0;0;0m  [38;2;92;51;105m  [38;2;122;67;140m██[38;2;118;62;140m██[38;2;0;0;0m        
[38;2;0;0;0m                            [38;2;9;5;11m  [38;2;39;20;46m██[38;2;29;15;35m  [38;2;0;0;0m                  [0m
