
[38;2;9;9;3m  [38;2;36;36;14m      [38;2;13;13;7m    [38;2;36;36;14m                              [38;2;9;9;3m  
[38;2;34;35;13m  [38;2;139;141;54m      [38;2;51;51;30m████[38;2;139;141;54m                              [38;2;34;35;13m  
[38;2;34;35;13m  [38;2;139;141;54m  [38;2;139;140;54m  [38;2;139;141;54m  [38;2;51;51;30m████[38;2;139;140;54m  [38;2;139;141;54m  [38;2;139;140;54m  [38;2;139;141;54m  [38;2;139;140;54m  [38;2;139;141;54m  [38;2;139;140;54m  [38;2;139;141;54m  [38;2;139;140;54m  [38;2;139;141;54m  [38;2;139;140;54m  [38;2;139;141;54m  [38;2;139;140;54m  [38;2;139;141;54m  [38;2;139;140;54m  [38;2;34;35;13m  
[38;2;34;35;13m  [38;2;139;141;54m      [38;2;51;51;30m████[38;2;139;141;54m                              [38;2;34;35;13m  
[38;2;34;35;13m  [38;2;139;141;53m      [38;2;51;51;30m██[38;2;102;103;60m██[38;2;104;105;40m  [38;2;139;141;53m    [38;2;104;105;40m    [38;2;139;141;53m                    [38;2;34;35;13m  
[38;2;34;35;13m  [38;2;139;141;54m      [38;2;51;51;30m██[38;2;205;206;120m██[38;2;34;35;13m  [38;2;139;141;54m  [38;2;20;20;7m  [38;2;136;137;78m    [38;2;20;20;7m  [38;2;139;141;54m  [38;2;50;50;19m  [38;2;20;20;7m    [38;2;50;50;19m  [38;2;139;141;54m        [38;2;34;35;13m  
[38;2;34;35;13m  [38;2;138;141;54m  [38;2;139;141;54m  [38;2;138;141;54m  [38;2;51;51;30m██[38;2;155;157;70m██[38;2;39;39;31m██[38;2;75;76;44m██[38;2;205;207;119m██[38;2;205;207;120m██[38;2;198;200;113m██[38;2;167;169;82m██[38;2;63;64;40m██[38;2;160;162;96m██[38;2;205;207;119m██[38;2;205;207;120m██[38;2;123;124;51m██[38;2;84;85;36m  [38;2;139;141;54m  [38;2;138;141;54m  [38;2;139;141;54m  [38;2;34;35;13m  
[38;2;34;35;13m  [38;2;139;141;54m  [38;2;108;109;41m  [38;2;15;15;5m  [38;2;100;101;79m██[38;2;155;157;70m██[38;2;120;122;61m██[38;2;175;177;109m██[38;2;205;207;120m████[38;2;188;190;103m████[38;2;201;203;118m██[38;2;114;114;88m██[38;2;205;207;120m██[38;2;160;163;75m██[38;2;199;201;114m██[38;2;187;189;110m██[38;2;46;46;17m  [38;2;139;141;54m    [38;2;34;35;13m  
[38;2;34;35;13m  [38;2;96;97;37m  [38;2;87;88;39m██[38;2;100;100;78m██[38;2;188;190;103m████[38;2;155;157;70m██[38;2;146;147;99m██[38;2;133;134;94m██[38;2;162;164;85m██[38;2;145;147;60m██[38;2;175;177;90m██[38;2;205;207;120m██[38;2;146;147;99m██[38;2;155;156;96m██[38;2;165;167;80m██[38;2;184;186;99m██[38;2;176;178;91m██[38;2;95;97;31m██[38;2;104;105;40m  [38;2;139;141;53m  [38;2;34;35;13m  
[38;2;2;2;0m  [38;2;144;146;84m  [38;2;200;202;115m██[38;2;105;106;84m██[38;2;188;190;103m██[38;2;97;98;71m██[38;2;201;203;116m██[38;2;205;207;120m██[38;2;202;204;119m██[38;2;111;112;87m██[38;2;186;188;101m████[38;2;117;119;32m████[38;2;106;107;85m██[38;2;205;207;120m██[38;2;179;181;94m██[38;2;132;134;47m██[38;2;119;121;56m██[38;2;24;24;20m  [38;2;42;43;16m  [38;2;34;35;13m  
[38;2;22;23;13m  [38;2;176;178;103m██[38;2;205;207;120m████[38;2;132;133;94m██[38;2;186;188;113m██[38;2;205;207;120m████[38;2;197;199;112m██[38;2;121;122;71m██[38;2;123;124;66m██[38;2;133;135;48m██[38;2;138;141;54m██[38;2;117;118;60m██[38;2;108;109;58m██[38;2;123;125;38m██[38;2;127;129;42m██[38;2;139;141;54m██[38;2;115;116;70m██[38;2;164;166;91m██[38;2;141;143;68m██[38;2;15;15;6m  
[38;2;51;51;30m██[38;2;205;207;120m██████████████[38;2;93;94;70m██[38;2;139;141;54m██[38;2;89;90;68m██[38;2;138;140;53m██[38;2;139;141;54m██[38;2;90;90;68m██[38;2;139;141;54m██████[38;2;92;92;68m██[38;2;117;119;34m██[38;2;187;189;102m██[38;2;156;158;71m██[38;2;50;51;29m██
[38;2;35;35;24m██[38;2;189;190;114m██[38;2;155;157;70m██[38;2;181;183;96m██[38;2;205;207;120m████[38;2;141;142;97m██[38;2;181;182;137m██[38;2;146;148;61m████[38;2;130;132;56m██[38;2;80;81;37m██[38;2;72;73;28m██[38;2;68;69;26m    [38;2;72;73;28m██[38;2;105;106;64m██[38;2;130;132;56m██[38;2;125;127;40m████[38;2;134;135;59m██[38;2;14;14;3m  
[38;2;0;0;0m  [38;2;55;55;55m██[38;2;155;157;70m██[38;2;106;107;85m██[38;2;172;173;108m██[38;2;18;18;18m██[38;2;255;255;255m████[38;2;155;157;70m████[38;2;139;141;54m██[38;2;34;35;13m██[38;2;139;141;54m      [38;2;34;35;13m  [38;2;139;141;54m████[38;2;118;120;33m██[38;2;139;141;54m██[38;2;104;105;40m██[38;2;0;0;0m  
[38;2;0;0;0m  [38;2;128;129;64m██[38;2;132;133;77m██[38;2;205;207;120m██[38;2;121;121;88m██[38;2;94;95;61m██[38;2;194;195;150m██[38;2;155;156;111m██[38;2;196;198;111m██[38;2;123;124;69m██[38;2;97;98;54m██[38;2;70;71;27m  [38;2;139;141;53m  [38;2;139;141;54m  [38;2;139;141;53m  [38;2;139;141;54m  [38;2;70;71;27m  [38;2;95;96;54m████[38;2;107;108;63m██[38;2;34;35;13m    
[38;2;51;51;30m██[38;2;155;157;70m██[38;2;205;207;119m██[38;2;155;157;70m██[38;2;139;141;54m██[38;2;189;191;104m██[38;2;205;207;119m██[38;2;203;205;118m██[38;2;121;123;59m██[38;2;76;76;73m██[38;2;34;35;13m  [38;2;139;140;54m        [38;2;135;137;52m  [38;2;40;40;16m██[38;2;138;140;53m██[38;2;139;140;54m██[38;2;117;120;33m██[38;2;155;157;91m██[38;2;1;1;1m  
[38;2;42;42;20m██[38;2;173;175;88m██[38;2;195;197;110m██[38;2;146;148;61m██[38;2;183;185;98m██[38;2;205;207;120m██[38;2;195;197;110m██[38;2;119;120;69m██[38;2;90;90;69m██[38;2;81;82;31m██[38;2;92;94;36m  [38;2;139;141;54m        [38;2;34;35;13m  [38;2;181;183;96m██[38;2;131;134;46m██[38;2;139;141;54m██[38;2;117;120;33m██[38;2;165;167;80m██[38;2;51;51;30m██
[38;2;2;2;1m  [38;2;144;146;84m  [38;2;181;183;100m██[38;2;138;141;54m██[38;2;200;202;115m██[38;2;154;156;69m██[38;2;119;120;60m██[38;2;77;77;72m██[38;2;99;100;38m  [38;2;106;108;41m  [38;2;138;141;54m        [38;2;104;105;40m  [38;2;148;150;84m██[38;2;119;121;34m████[38;2;130;132;45m██[38;2;132;134;47m██[38;2;131;134;47m██[38;2;27;28;6m██
[38;2;34;35;13m  [38;2;96;97;37m  [38;2;36;36;28m██[38;2;89;90;54m██[38;2;100;101;65m████[38;2;83;83;71m██[38;2;132;134;56m██[38;2;34;35;13m  [38;2;139;141;54m          [38;2;124;126;48m  [38;2;54;55;15m  [38;2;139;141;54m████[38;2;118;119;32m██[38;2;139;141;54m██[38;2;53;54;19m██[38;2;11;11;2m  
[38;2;34;35;13m  [38;2;139;141;54m    [38;2;46;47;18m  [38;2;123;125;47m██████[38;2;42;43;16m  [38;2;139;141;54m            [38;2;135;137;52m  [38;2;42;43;16m  [38;2;99;99;73m██[38;2;131;133;56m██[38;2;111;112;35m██[38;2;42;43;16m  [38;2;139;141;54m  [38;2;34;35;13m  
[38;2;34;35;13m  [38;2;139;141;54m  [38;2;139;141;53m  [38;2;139;141;54m  [38;2;87;88;34m      [38;2;126;127;48m  [38;2;139;141;53m  [38;2;139;141;54m  [38;2;139;141;53m  [38;2;139;141;54m  [38;2;139;141;53m  [38;2;139;141;54m  [38;2;60;61;23m  [38;2;157;159;80m██[38;2;146;148;69m██[38;2;110;111;56m██[38;2;108;109;54m██[38;2;60;61;23m  [38;2;139;141;53m  [38;2;34;35;13m  
[38;2;34;35;13m  [38;2;139;141;54m                          [38;2;48;49;27m██[38;2;160;162;75m██[38;2;172;174;87m██[38;2;129;131;44m██[38;2;139;141;54m██[38;2;34;35;13m██[38;2;139;141;54m  [38;2;34;35;13m  
[38;2;34;35;13m  [38;2;139;141;54m                      [38;2;115;117;44m  [38;2;46;46;17m  [38;2;99;101;35m██[38;2;136;138;51m██[38;2;132;134;47m████[38;2;101;103;30m██[38;2;81;82;31m  [38;2;139;141;54m  [38;2;34;35;13m  
[38;2;34;35;13m  [38;2;139;141;54m        [38;2;119;121;46m  [38;2;20;20;4m████[38;2;91;92;35m  [38;2;25;26;10m██[38;2;47;48;18m    [38;2;54;54;21m██[38;2;135;137;50m██[38;2;96;96;67m██[38;2;126;128;57m██[38;2;139;141;54m██[38;2;119;121;46m██[38;2;91;92;35m  [38;2;110;112;43m  [38;2;139;141;54m  [38;2;34;35;13m  
[38;2;34;35;13m  [38;2;139;141;54m        [38;2;34;35;13m  [38;2;111;113;26m██[38;2;91;92;51m██[38;2;88;89;22m██[38;2;134;136;49m██[38;2;102;103;38m██[38;2;117;118;53m██[38;2;134;136;49m██[38;2;127;129;42m██[38;2;134;136;55m██[38;2;46;46;31m██[38;2;41;41;16m██[38;2;83;84;32m  [38;2;108;109;41m  [38;2;139;141;54m    [38;2;34;35;13m  
[38;2;34;35;13m  [38;2;139;141;54m          [38;2;30;31;11m    [38;2;86;87;20m████[38;2;50;51;46m  [38;2;72;73;18m  [38;2;110;111;41m██[38;2;115;116;61m██[38;2;131;133;51m██[38;2;50;50;19m  [38;2;139;141;54m          [38;2;34;35;13m  
[38;2;9;9;3m  [38;2;36;36;14m              [38;2;0;0;0m    [38;2;9;9;3m    [38;2;36;36;14m██[38;2;23;23;17m██[38;2;27;27;10m    [38;2;36;36;14m          [38;2;9;9;3m  [0m
