
[38;2;0;0;0m                [38;2;0;1;0m  [38;2;34;30;56m██[38;2;24;23;40m██[38;2;36;30;56m██[38;2;15;13;23m  [38;2;0;1;0m  [38;2;0;0;0m          
[38;2;0;0;0m            [38;2;0;3;0m  [38;2;44;57;110m  [38;2;73;72;143m██[38;2;105;85;171m██[38;2;132;104;211m██[38;2;76;75;158m██[38;2;55;60;126m██[38;2;46;52;110m██[38;2;39;32;62m  [38;2;0;2;0m  [38;2;0;0;0m      
[38;2;0;0;0m        [38;2;0;1;0m  [38;2;32;27;51m  [38;2;84;84;173m██[38;2;140;109;225m██[38;2;120;97;194m██[38;2;144;111;227m██[38;2;108;91;191m██[38;2;61;73;152m████[38;2;63;73;152m██[38;2;119;97;202m██[38;2;126;97;200m██[38;2;11;10;17m  [38;2;0;0;0m    
[38;2;0;0;0m    [38;2;60;60;60m  [38;2;30;32;30m  [38;2;99;66;71m██[38;2;134;103;209m██[38;2;144;110;227m██[38;2;80;77;161m██[38;2;102;88;182m██[38;2;89;69;113m██[38;2;144;110;227m██[38;2;120;99;204m████[38;2;122;100;207m██[38;2;142;110;227m████[38;2;113;93;184m██[38;2;0;9;19m  [38;2;0;0;0m  
[38;2;0;0;0m    [38;2;80;80;80m  [38;2;40;44;43m  [38;2;132;87;95m██[38;2;135;105;210m██[38;2;115;95;198m██[38;2;62;74;147m██[38;2;66;66;112m██[38;2;215;97;113m██[38;2;107;88;151m██[38;2;142;110;227m██████████[38;2;137;111;223m██[38;2;49;48;91m██[38;2;0;1;0m  
[38;2;0;0;0m  [38;2;0;3;0m  [38;2;20;21;20m  [38;2;46;38;40m  [38;2;132;87;95m██[38;2;135;105;210m██[38;2;119;95;176m██[38;2;120;98;194m██[38;2;114;77;108m██[38;2;103;73;77m██[38;2;134;104;208m██[38;2;140;108;224m██[38;2;78;75;145m██[38;2;79;74;138m██[38;2;76;75;158m██[38;2;138;107;219m██[38;2;129;103;211m██[38;2;78;77;152m██[38;2;10;14;27m  
[38;2;33;22;22m  [38;2;162;94;106m██[38;2;68;39;65m██[38;2;70;66;76m██[38;2;135;82;89m██[38;2;118;95;174m██[38;2;93;88;100m██[38;2;68;67;68m██[38;2;197;94;108m██[38;2;65;65;65m██[38;2;124;98;187m██[38;2;103;73;77m██[38;2;167;87;98m██[38;2;98;73;84m██[38;2;59;71;138m██[38;2;65;69;146m██[38;2;113;93;186m██[38;2;123;94;189m██[38;2;24;21;34m██
[38;2;0;0;0m  [38;2;33;22;22m  [38;2;82;44;44m██[38;2;144;89;98m██[38;2;132;84;92m██[38;2;77;75;82m██[38;2;82;79;87m██[38;2;169;87;97m██[38;2;143;81;89m██[38;2;177;89;101m████[38;2;208;96;113m██[38;2;101;75;87m██[38;2;99;73;83m██[38;2;63;75;150m██[38;2;66;65;140m██[38;2;113;91;188m██[38;2;99;84;161m██[38;2;29;29;42m██
[38;2;0;0;0m      [38;2;107;62;69m  [38;2;117;83;89m██[38;2;107;104;121m██[38;2;105;91;103m██[38;2;206;95;108m██[38;2;176;87;98m██[38;2;177;89;101m██[38;2;87;85;86m██[38;2;69;73;111m██[38;2;61;71;129m██[38;2;61;73;152m██[38;2;63;70;145m██[38;2;100;87;167m██[38;2;97;84;164m██[38;2;88;75;145m██[38;2;14;17;20m  
[38;2;0;0;0m        [38;2;153;156;153m██[38;2;107;104;121m██[38;2;81;68;71m██[38;2;104;64;69m██[38;2;170;185;174m██[38;2;65;65;65m██[38;2;221;216;217m██[38;2;68;68;122m██[38;2;86;77;153m██[38;2;86;78;155m██[38;2;93;81;160m██[38;2;96;83;163m██[38;2;47;42;79m██[38;2;19;18;32m  [38;2;0;0;0m  
[38;2;0;0;0m      [38;2;0;2;0m  [38;2;156;196;189m██[38;2;98;84;147m██[38;2;141;132;179m██[38;2;182;245;224m██[38;2;192;220;213m██[38;2;103;112;137m██[38;2;199;191;195m██[38;2;70;67;72m██[38;2;78;73;106m██[38;2;89;78;141m██[38;2;26;25;44m  [38;2;0;3;0m  [38;2;0;0;0m      
[38;2;0;0;0m    [38;2;18;20;22m  [38;2;9;11;11m  [38;2;68;65;77m██[38;2;171;161;172m██[38;2;133;121;169m██[38;2;138;128;186m██[38;2;139;141;173m██[38;2;95;105;106m██[38;2;88;84;92m██[38;2;63;62;73m██[38;2;76;75;88m██[38;2;17;18;21m  [38;2;0;0;0m  [38;2;0;2;0m  [38;2;0;0;0m      
[38;2;0;0;0m    [38;2;38;39;45m██[38;2;80;76;94m██[38;2;37;37;44m  [38;2;0;3;0m  [38;2;149;142;140m██[38;2;54;54;54m██[38;2;70;68;76m██[38;2;72;69;80m██[38;2;82;77;95m██[38;2;58;58;70m  [38;2;34;36;43m  [38;2;55;54;65m██[38;2;20;21;22m██[38;2;102;99;118m██[38;2;0;1;0m  [38;2;0;0;0m    
[38;2;0;0;0m  [38;2;0;3;0m  [38;2;61;58;71m██[38;2;70;67;82m██[38;2;0;2;0m  [38;2;0;0;0m  [38;2;0;1;0m    [38;2;43;43;46m██[38;2;70;68;73m██[38;2;40;43;51m██[38;2;0;0;0m    [38;2;2;3;2m  [38;2;76;72;85m██[38;2;92;88;105m██[38;2;28;30;33m  [38;2;0;0;0m    
[38;2;0;0;0m    [38;2;0;2;0m    [38;2;0;0;0m    [38;2;11;13;13m  [38;2;0;0;0m  [38;2;6;10;10m  [38;2;81;81;99m██[38;2;76;72;82m██[38;2;0;3;0m  [38;2;0;0;0m    [38;2;0;2;0m  [38;2;117;113;135m██[38;2;112;109;129m██[38;2;0;3;0m  [38;2;0;0;0m  
[38;2;0;0;0m          [38;2;0;3;0m  [38;2;71;68;84m██[38;2;3;8;9m  [38;2;73;68;105m██[38;2;69;69;74m██[38;2;87;80;109m██[38;2;56;53;62m  [38;2;52;53;61m  [38;2;0;2;0m  [38;2;0;0;0m  [38;2;25;27;29m  [38;2;20;22;24m  [38;2;0;0;0m    
[38;2;0;0;0m            [38;2;46;44;60m██[38;2;81;79;97m██[38;2;64;62;69m██[38;2;73;64;122m██[38;2;40;42;56m  [38;2;89;85;99m██[38;2;108;104;124m██[38;2;18;20;20m  [38;2;0;0;0m          
[38;2;0;0;0m          [38;2;0;3;0m  [38;2;80;73;111m██[38;2;71;68;76m██[38;2;51;49;57m██[38;2;0;1;0m  [38;2;0;2;0m  [38;2;93;91;107m██[38;2;97;94;108m██[38;2;69;67;71m██[38;2;22;23;25m  [38;2;0;0;0m        
[38;2;0;0;0m            [38;2;54;33;35m  [38;2;168;98;110m██[38;2;0;2;0m  [38;2;0;0;0m  [38;2;0;1;0m  [38;2;77;75;113m██[38;2;110;85;164m██[38;2;162;95;174m██[38;2;29;30;47m██[38;2;0;0;0m        
[38;2;0;0;0m            [38;2;0;1;0m  [38;2;162;94;106m██[38;2;0;2;0m  [38;2;0;0;0m    [38;2;1;7;8m  [38;2;121;67;99m██[38;2;195;91;103m██[38;2;73;41;53m██[38;2;0;0;0m        
[38;2;0;0;0m              [38;2;0;2;0m  [38;2;0;0;0m        [38;2;93;44;49m  [38;2;167;84;93m██[38;2;0;1;0m  [38;2;0;0;0m        
[38;2;0;0;0m                          [38;2;48;24;25m  [38;2;0;0;0m          [0m
