
[38;2;0;0;0m                      [38;2;1;1;1m  [38;2;26;24;36m  [38;2;0;0;0m                                
[38;2;0;0;0m                      [38;2;6;6;6m  [38;2;93;87;135m██[38;2;0;0;0m                                
[38;2;0;0;0m                      [38;2;45;42;63m  [38;2;93;87;135m██[38;2;0;0;0m                                
[38;2;0;0;0m                    [38;2;3;3;3m  [38;2;160;150;235m██[38;2;93;87;135m██[38;2;0;0;0m                                
[38;2;0;0;0m    [38;2;2;2;2m  [38;2;39;37;55m██[38;2;1;1;1m  [38;2;0;0;0m          [38;2;3;3;3m  [38;2;152;139;220m██[38;2;90;77;121m██[38;2;2;2;2m  [38;2;0;0;0m            [38;2;1;1;1m    [38;2;0;0;0m              
[38;2;0;0;0m      [38;2;38;36;54m  [38;2;88;82;127m  [38;2;5;5;5m  [38;2;0;0;0m        [38;2;59;58;59m  [38;2;161;153;173m██[38;2;162;154;175m██[38;2;9;9;9m██[38;2;0;0;0m            [38;2;79;74;115m  [38;2;6;6;6m  [38;2;0;0;0m              
[38;2;0;0;0m      [38;2;4;4;4m  [38;2;111;101;186m██[38;2;129;83;191m██[38;2;25;22;33m  [38;2;1;1;1m  [38;2;0;0;0m  [38;2;1;1;1m  [38;2;75;73;75m██[38;2;95;94;95m██[38;2;92;91;92m██[38;2;49;48;49m██[38;2;1;1;1m    [38;2;0;0;0m    [38;2;20;11;29m  [38;2;57;54;82m██[38;2;71;66;102m██[38;2;0;0;0m    [38;2;1;1;1m  [38;2;33;32;33m  [38;2;48;47;48m██[38;2;15;15;15m  [38;2;1;1;1m  [38;2;0;0;0m  
[38;2;0;0;0m        [38;2;16;15;23m  [38;2;121;104;165m██[38;2;151;144;159m██[38;2;130;127;131m██[38;2;5;5;5m  [38;2;119;117;120m  [38;2;145;142;146m██[38;2;170;166;171m██[38;2;172;168;173m████[38;2;130;127;131m██[38;2;128;125;129m  [38;2;5;5;5m  [38;2;10;9;12m  [38;2;118;94;163m██[38;2;158;148;232m██[38;2;19;18;27m  [38;2;0;0;0m  [38;2;3;3;3m  [38;2;130;127;131m██[38;2;158;154;159m██[38;2;196;183;166m██[38;2;150;143;141m██[38;2;102;100;103m  [38;2;1;1;1m  
[38;2;0;0;0m        [38;2;1;1;1m  [38;2;77;36;116m  [38;2;162;158;163m██[38;2;98;97;99m██[38;2;156;150;154m██[38;2;171;168;172m██[38;2;172;168;172m██████[38;2;172;168;173m██[38;2;158;155;159m██[38;2;144;141;145m██[38;2;121;117;119m██[38;2;172;168;173m██[38;2;156;145;177m██[38;2;6;6;6m  [38;2;0;0;0m    [38;2;112;109;112m██[38;2;184;175;169m██[38;2;193;175;167m██[38;2;187;169;168m██[38;2;199;182;165m██[38;2;150;144;143m██[38;2;13;13;13m  
[38;2;0;0;0m          [38;2;1;1;1m  [38;2;83;81;83m██[38;2;168;164;169m██[38;2;155;144;177m██[38;2;171;168;173m██[38;2;172;168;173m████████[38;2;106;102;104m██[38;2;145;142;146m██[38;2;172;168;173m██[38;2;171;168;173m██[38;2;101;99;102m██[38;2;1;1;1m  [38;2;0;0;0m  [38;2;20;20;20m  [38;2;157;153;157m██[38;2;196;179;166m██[38;2;140;120;181m██[38;2;177;159;171m██[38;2;147;127;179m██[38;2;203;186;164m██[38;2;56;52;48m██
[38;2;0;0;0m          [38;2;1;1;1m  [38;2;76;74;76m██[38;2;147;133;179m██[38;2;146;130;180m██[38;2;171;166;173m██[38;2;172;168;172m██[38;2;136;117;182m██[38;2;167;160;174m██[38;2;172;168;173m████[38;2;171;168;173m██[38;2;171;168;172m██[38;2;166;162;167m██[38;2;51;49;50m██[38;2;1;1;1m    [38;2;63;61;63m██[38;2;193;180;167m██[38;2;190;171;159m██[38;2;170;151;173m██[38;2;201;184;164m██[38;2;150;131;178m██[38;2;205;188;163m██[38;2;58;53;47m██
[38;2;0;0;0m          [38;2;5;5;5m  [38;2;145;141;130m██[38;2;92;91;92m██[38;2;162;154;175m██[38;2;171;166;173m██[38;2;160;150;176m██[38;2;135;115;182m██[38;2;167;160;174m██[38;2;172;168;173m████[38;2;171;168;172m██[38;2;172;168;173m██[38;2;93;92;93m██[38;2;130;123;124m██[38;2;6;6;6m  [38;2;4;4;4m  [38;2;174;169;172m██[38;2;202;186;164m██[38;2;145;124;171m██[38;2;135;115;182m██[38;2;149;129;179m██[38;2;162;139;154m██[38;2;171;157;137m██[38;2;15;14;13m  
[38;2;0;0;0m      [38;2;1;1;1m    [38;2;33;32;32m  [38;2;118;114;105m██[38;2;194;176;145m██[38;2;141;132;118m██[38;2;193;173;142m██[38;2;165;159;160m██[38;2;145;142;146m██[38;2;102;100;94m██[38;2;66;66;66m██[38;2;172;168;173m██[38;2;171;168;173m██[38;2;171;168;172m██[38;2;138;130;131m██[38;2;107;102;103m██[38;2;38;36;36m██[38;2;96;94;96m██[38;2;174;161;142m██[38;2;205;188;163m██[38;2;196;179;166m██[38;2;166;144;154m██[38;2;193;172;142m██[38;2;205;188;163m██[38;2;121;111;97m  [38;2;1;1;1m  
[38;2;1;1;1m  [38;2;5;5;5m    [38;2;86;81;82m  [38;2;87;83;84m██[38;2;124;117;119m██[38;2;113;107;106m██[38;2;181;163;135m██[38;2;202;187;159m██[38;2;210;201;175m██[38;2;124;114;100m██[38;2;175;168;149m██[38;2;161;156;140m██[38;2;144;141;145m██[38;2;172;168;173m██[38;2;171;168;172m██[38;2;158;152;156m██[38;2;138;130;131m████[38;2;136;128;130m██[38;2;120;113;115m██[38;2;115;101;146m██[38;2;100;96;90m██[38;2;116;110;101m██[38;2;193;175;167m██[38;2;165;146;120m██[38;2;56;52;46m██[38;2;1;1;1m  [38;2;0;0;0m  
[38;2;25;22;44m  [38;2;82;73;156m██[38;2;110;86;200m██[38;2;129;102;152m██[38;2;114;109;110m██[38;2;126;120;121m██[38;2;177;170;177m██[38;2;84;84;87m██[38;2;164;150;128m██[38;2;157;140;116m██[38;2;207;199;179m██[38;2;172;159;141m██[38;2;142;142;142m██[38;2;132;123;152m██[38;2;163;158;162m██[38;2;138;130;131m████████[38;2;138;130;132m██[38;2;136;120;162m██[38;2;146;129;205m██[38;2;143;133;209m██[38;2;109;102;159m  [38;2;5;5;5m  [38;2;4;4;4m  [38;2;0;0;0m      
[38;2;0;0;0m  [38;2;1;1;1m  [38;2;32;29;56m██[38;2;34;20;51m██[38;2;132;124;126m██[38;2;89;86;87m██[38;2;183;174;169m██[38;2;113;112;116m██[38;2;143;135;202m████[38;2;131;128;128m██[38;2;201;201;201m██[38;2;215;215;215m██[38;2;110;98;206m██[38;2;138;130;131m██[38;2;138;130;132m██[38;2;194;186;167m██[38;2;138;130;131m████[38;2;137;129;135m██[38;2;77;67;98m██[38;2;47;44;67m██[38;2;18;17;25m  [38;2;1;1;1m  [38;2;0;0;0m          
[38;2;0;0;0m        [38;2;38;37;35m██[38;2;175;147;125m██[38;2;211;202;177m██[38;2;111;102;172m██[38;2;123;111;216m████[38;2;179;169;212m██[38;2;159;151;145m██[38;2;125;114;193m██[38;2;137;129;132m██[38;2;184;176;162m██[38;2;213;205;179m████[38;2;212;204;179m██[38;2;150;143;133m██[38;2;5;5;5m  [38;2;2;2;2m  [38;2;0;0;0m                
[38;2;0;0;0m      [38;2;4;4;4m  [38;2;174;163;142m██[38;2;207;194;169m██[38;2;198;174;149m██[38;2;179;172;153m██[38;2;91;89;111m████[38;2;198;189;183m██[38;2;212;205;179m██[38;2;204;196;174m██[38;2;194;186;167m██[38;2;213;205;179m████[38;2;212;205;179m██[38;2;206;192;167m██[38;2;170;148;127m██[38;2;4;4;4m  [38;2;0;0;0m                  
[38;2;0;0;0m      [38;2;47;46;41m  [38;2;196;188;165m██[38;2;156;144;126m██[38;2;59;55;48m  [38;2;199;182;159m██[38;2;211;200;175m██[38;2;212;204;179m██[38;2;213;205;179m██[38;2;212;205;179m██[38;2;213;205;179m████[38;2;211;202;178m██[38;2;210;200;175m██[38;2;202;183;159m██[38;2;205;188;164m██[38;2;213;205;179m██[38;2;53;51;46m  [38;2;0;0;0m                  
[38;2;0;0;0m    [38;2;2;2;2m  [38;2;48;47;42m██[38;2;39;38;34m  [38;2;1;1;1m  [38;2;2;2;2m  [38;2;89;85;80m██[38;2;205;188;163m██[38;2;206;191;167m██[38;2;207;192;167m████████[38;2;206;190;165m██[38;2;205;188;163m██[38;2;202;183;159m██[38;2;56;52;46m██[38;2;146;140;124m██[38;2;208;199;175m██[38;2;64;59;52m  [38;2;0;0;0m                
[38;2;0;0;0m            [38;2;72;60;51m██[38;2;189;156;131m██[38;2;78;74;72m██[38;2;163;151;134m██[38;2;170;157;139m██[38;2;203;186;162m██[38;2;205;188;163m██[38;2;201;180;155m██[38;2;170;157;139m██[38;2;157;132;114m██[38;2;48;44;42m██[38;2;0;0;0m  [38;2;2;2;2m  [38;2;18;18;16m  [38;2;99;95;84m██[38;2;1;1;1m  [38;2;0;0;0m              
[38;2;0;0;0m          [38;2;4;4;4m  [38;2;159;132;111m██[38;2;107;96;88m██[38;2;170;142;121m██[38;2;36;33;31m██[38;2;158;133;114m██[38;2;103;98;91m██[38;2;100;96;90m██[38;2;96;88;82m██[38;2;112;99;90m██[38;2;158;133;115m██[38;2;164;136;114m██[38;2;4;4;4m  [38;2;0;0;0m    [38;2;35;34;31m  [38;2;6;6;6m  [38;2;0;0;0m              
[38;2;0;0;0m          [38;2;44;37;32m  [38;2;93;77;65m  [38;2;6;6;6m  [38;2;88;73;62m  [38;2;0;0;0m  [38;2;85;71;60m██[38;2;189;156;131m██[38;2;79;65;55m  [38;2;141;116;98m  [38;2;166;137;115m██[38;2;52;52;52m██[38;2;167;138;116m██[38;2;49;42;36m  [38;2;0;0;0m                      
[38;2;0;0;0m        [38;2;2;2;2m  [38;2;45;38;33m██[38;2;1;1;1m      [38;2;0;0;0m  [38;2;23;20;17m  [38;2;181;150;126m██[38;2;3;3;3m  [38;2;1;1;1m  [38;2;27;23;19m  [38;2;6;6;6m  [38;2;28;24;21m  [38;2;179;148;124m██[38;2;3;3;3m  [38;2;0;0;0m                    
[38;2;0;0;0m                    [38;2;3;3;3m  [38;2;179;148;124m██[38;2;3;3;3m  [38;2;0;0;0m        [38;2;5;5;5m  [38;2;2;2;2m  [38;2;0;0;0m                    
[38;2;0;0;0m                      [38;2;49;42;36m  [38;2;0;0;0m                                  [0m
