
[38;2;0;0;0m                                    [38;2;69;68;52m  [38;2;69;68;51m██[38;2;0;0;0m        
[38;2;0;0;0m                                  [38;2;207;204;157m██[38;2;255;252;193m██[38;2;255;252;191m██[38;2;207;204;157m██[38;2;73;72;55m  [38;2;0;0;0m    
[38;2;0;0;0m                                [38;2;84;83;64m  [38;2;255;252;193m██[38;2;240;231;150m██[38;2;229;214;116m██[38;2;242;233;155m██[38;2;255;252;194m██[38;2;0;0;0m    
[38;2;0;0;0m                                [38;2;239;236;181m██[38;2;255;252;192m██[38;2;250;246;179m██[38;2;255;252;191m██[38;2;207;198;105m██[38;2;234;227;153m██[38;2;160;152;97m  [38;2;0;0;0m  
[38;2;0;0;0m                                [38;2;67;72;79m  [38;2;225;225;184m██[38;2;255;252;192m██[38;2;192;189;144m██[38;2;5;5;2m  [38;2;160;154;96m██[38;2;195;187;120m██[38;2;25;24;15m  
[38;2;0;0;0m                                  [38;2;3;3;3m██[38;2;5;5;4m██[38;2;2;2;1m  [38;2;0;0;0m  [38;2;2;2;1m  [38;2;215;210;135m██[38;2;58;56;36m██
[38;2;0;0;0m        [38;2;99;88;43m██[38;2;115;107;77m██[38;2;0;0;0m          [38;2;15;13;4m  [38;2;65;56;18m██[38;2;0;0;0m                  [38;2;215;210;135m██[38;2;58;56;36m██
[38;2;0;0;0m        [38;2;120;105;34m██[38;2;67;65;65m██[38;2;110;107;69m██[38;2;12;12;7m  [38;2;0;0;0m  [38;2;1;0;0m  [38;2;89;77;24m██[38;2;120;107;37m██[38;2;123;109;36m██[38;2;85;75;24m██[38;2;0;0;0m              [38;2;164;162;125m██[38;2;179;171;113m██[38;2;0;0;0m  
[38;2;0;0;0m        [38;2;42;41;21m██[38;2;75;77;59m██[38;2;173;168;115m██[38;2;234;230;165m██[38;2;154;152;116m██[38;2;59;60;36m██[38;2;99;91;48m██[38;2;161;123;145m██[38;2;179;137;135m██[38;2;84;75;24m██[38;2;0;0;0m              [38;2;164;162;125m██[38;2;207;204;157m██[38;2;0;0;0m  
[38;2;0;0;0m        [38;2;132;131;104m██[38;2;109;90;60m██[38;2;176;172;136m██[38;2;253;250;190m██[38;2;138;140;102m██[38;2;78;82;56m██[38;2;157;120;138m██[38;2;206;151;182m██[38;2;212;156;178m██[38;2;71;64;21m  [38;2;0;0;0m            [38;2;59;59;45m██[38;2;255;252;193m██[38;2;0;0;0m    
[38;2;0;0;0m        [38;2;255;206;163m██[38;2;255;102;67m██[38;2;216;185;138m██[38;2;243;240;185m██[38;2;75;77;59m██[38;2;199;198;151m██[38;2;195;193;153m██[38;2;77;71;75m██[38;2;56;48;32m██[38;2;0;0;0m            [38;2;80;76;27m  [38;2;230;216;120m██[38;2;141;140;107m██[38;2;0;0;0m    
[38;2;45;43;28m  [38;2;166;161;104m██[38;2;49;48;30m██[38;2;194;192;150m██[38;2;250;238;171m██[38;2;173;110;94m██[38;2;241;236;172m██[38;2;255;252;191m██[38;2;255;252;192m██[38;2;211;209;164m████[38;2;213;210;158m██[38;2;23;22;18m██[38;2;0;0;0m        [38;2;152;150;114m██[38;2;255;252;191m████[38;2;190;184;105m██[38;2;0;0;0m      
[38;2;0;0;0m    [38;2;67;67;49m██[38;2;200;196;191m██[38;2;197;165;125m██[38;2;254;252;189m██[38;2;255;252;191m██[38;2;245;244;210m██[38;2;135;101;83m██[38;2;211;208;206m██[38;2;174;172;124m██[38;2;218;209;136m██[38;2;109;103;65m██[38;2;0;0;0m  [38;2;167;165;127m  [38;2;196;194;147m████[38;2;255;252;191m██████[38;2;248;245;183m██[38;2;69;68;52m  [38;2;0;0;0m    
[38;2;18;17;11m  [38;2;67;65;42m██[38;2;135;126;93m██[38;2;246;240;224m██[38;2;194;167;137m██[38;2;255;252;191m██[38;2;224;221;171m██[38;2;112;111;83m██[38;2;199;161;150m██[38;2;255;252;250m██[38;2;206;204;141m██[38;2;113;109;87m██[38;2;177;174;138m██[38;2;195;193;154m██[38;2;154;150;107m██[38;2;255;252;190m██[38;2;255;252;191m████[38;2;255;251;190m██[38;2;255;252;191m██[38;2;255;252;190m██[38;2;141;140;106m██[38;2;0;0;0m    
[38;2;8;9;7m  [38;2;75;74;57m██[38;2;126;122;93m██[38;2;135;101;91m██[38;2;242;234;191m██[38;2;255;252;191m██[38;2;240;237;184m██[38;2;188;186;101m██[38;2;195;140;140m██[38;2;246;245;234m██[38;2;204;202;132m██[38;2;88;85;76m██[38;2;171;164;114m██[38;2;206;199;141m██[38;2;250;248;191m██[38;2;255;252;191m██████[38;2;255;252;190m██[38;2;255;252;191m████[38;2;255;252;192m██[38;2;0;0;0m    
[38;2;35;34;22m  [38;2;130;126;81m██[38;2;84;81;52m  [38;2;0;0;0m  [38;2;137;129;88m██[38;2;99;86;74m██[38;2;206;200;143m██[38;2;212;209;122m██[38;2;171;170;109m██[38;2;188;186;106m  [38;2;200;191;127m██[38;2;158;151;108m██[38;2;144;141;114m██[38;2;140;139;116m██[38;2;174;172;139m██[38;2;255;251;191m██[38;2;255;252;193m██[38;2;240;234;171m██[38;2;255;252;193m██[38;2;255;251;191m██[38;2;255;252;191m██[38;2;189;187;143m██[38;2;0;0;0m    
[38;2;0;0;0m        [38;2;6;5;3m  [38;2;6;5;4m██[38;2;150;143;118m██[38;2;108;102;88m██[38;2;126;121;103m██[38;2;95;92;79m██[38;2;117;113;89m██[38;2;217;212;144m██[38;2;115;114;99m██[38;2;77;76;73m██[38;2;219;216;169m██[38;2;255;252;193m██[38;2;220;215;142m██[38;2;221;211;128m██[38;2;127;118;70m██[38;2;255;252;191m██[38;2;255;252;190m██[38;2;90;89;67m██[38;2;0;0;0m    
[38;2;0;0;0m            [38;2;0;0;4m    [38;2;20;20;22m  [38;2;129;123;80m██[38;2;217;209;135m██[38;2;139;134;98m██[38;2;158;155;124m██[38;2;161;159;130m██[38;2;240;237;182m██[38;2;198;196;147m██[38;2;7;6;4m  [38;2;0;0;0m  [38;2;2;2;2m  [38;2;191;187;135m██[38;2;255;252;192m██[38;2;244;239;174m██[38;2;85;81;52m  [38;2;0;0;0m  
[38;2;0;0;0m                    [38;2;145;141;90m  [38;2;220;210;133m██[38;2;216;209;134m██[38;2;255;251;193m██[38;2;255;251;191m██[38;2;112;116;71m  [38;2;0;0;0m        [38;2;219;209;135m██[38;2;219;209;134m██[38;2;175;167;106m  [38;2;0;0;0m  
[38;2;0;0;0m                      [38;2;220;210;134m██[38;2;167;162;111m██[38;2;181;179;143m██[38;2;255;252;191m██[38;2;0;0;0m        [38;2;68;66;42m  [38;2;219;210;134m██[38;2;217;210;134m██[38;2;0;0;0m    
[38;2;0;0;0m                    [38;2;15;15;9m  [38;2;215;205;134m██[38;2;203;196;128m██[38;2;138;136;114m██[38;2;255;252;191m██[38;2;154;152;117m██[38;2;0;0;0m    [38;2;212;206;133m██[38;2;152;146;105m██[38;2;81;80;73m██[38;2;202;195;126m██[38;2;0;0;0m    
[38;2;0;0;0m                  [38;2;20;19;12m  [38;2;194;186;120m██[38;2;107;104;85m██[38;2;160;158;129m██[38;2;255;252;193m██[38;2;255;252;192m██[38;2;54;53;41m  [38;2;0;0;0m    [38;2;75;73;47m██[38;2;53;51;37m██[38;2;29;28;25m██[38;2;27;26;17m  [38;2;0;0;0m    
[38;2;0;0;0m                  [38;2;7;7;7m  [38;2;139;133;92m██[38;2;99;98;85m██[38;2;111;109;94m██[38;2;195;193;152m██[38;2;186;184;144m██[38;2;0;0;0m                  
[38;2;0;0;0m                      [38;2;15;15;12m  [38;2;32;31;24m██[38;2;53;52;40m██[38;2;2;2;2m  [38;2;0;0;0m                  [0m
