
[38;2;0;0;0m          [38;2;40;40;40m  [38;2;65;65;65m██[38;2;2;1;0m  [38;2;0;0;0m                                        
[38;2;0;0;0m        [38;2;59;57;54m  [38;2;218;218;218m██[38;2;113;113;113m██[38;2;199;199;198m  [38;2;0;0;0m                    [38;2;187;187;187m  [38;2;205;205;205m██[38;2;3;3;3m  [38;2;0;0;0m              
[38;2;0;0;0m        [38;2;167;166;165m██[38;2;8;8;7m  [38;2;0;0;0m  [38;2;118;116;110m██[38;2;113;113;113m██[38;2;0;0;0m              [38;2;51;50;47m  [38;2;185;184;184m██[38;2;14;14;14m  [38;2;47;47;47m  [38;2;159;159;159m██[38;2;125;124;122m██[38;2;0;0;0m            
[38;2;0;0;0m    [38;2;2;1;0m  [38;2;120;119;119m  [38;2;16;15;15m  [38;2;0;0;0m      [38;2;121;121;121m██[38;2;0;0;0m            [38;2;1;1;1m  [38;2;194;194;193m██[38;2;18;18;18m  [38;2;0;0;0m      [38;2;140;140;140m██[38;2;138;138;138m  [38;2;2;1;0m  [38;2;0;0;0m        
[38;2;0;0;0m    [38;2;33;32;31m  [38;2;127;127;127m██[38;2;0;0;0m        [38;2;122;122;122m██[38;2;0;0;0m            [38;2;70;70;70m██[38;2;114;114;114m██[38;2;0;0;0m          [38;2;144;144;144m██[38;2;81;81;81m██[38;2;0;0;0m        
[38;2;0;0;0m    [38;2;75;75;75m██[38;2;27;27;27m██[38;2;0;0;0m        [38;2;4;4;4m  [38;2;0;0;0m            [38;2;67;67;67m██[38;2;35;35;35m██[38;2;0;0;0m          [38;2;8;8;8m██[38;2;213;213;213m██[38;2;0;0;0m        
[38;2;0;0;0m    [38;2;146;146;146m██[38;2;0;0;0m          [38;2;97;97;97m██[38;2;29;29;29m  [38;2;0;0;0m  [38;2;127;127;127m██████[38;2;29;29;29m  [38;2;84;84;83m██[38;2;5;5;5m  [38;2;0;0;0m            [38;2;75;75;75m  [38;2;111;111;111m  [38;2;0;0;0m      
[38;2;0;0;0m  [38;2;6;6;6m  [38;2;141;141;141m  [38;2;0;0;0m    [38;2;8;8;9m  [38;2;8;9;9m  [38;2;0;0;0m  [38;2;93;93;93m██[38;2;82;82;81m██[38;2;247;247;247m██[38;2;255;255;255m████[38;2;253;253;253m██[38;2;111;111;111m██[38;2;167;166;165m██[38;2;225;225;225m██[38;2;9;9;9m██[38;2;0;0;0m  [38;2;8;9;9m    [38;2;0;0;0m      [38;2;215;215;215m██[38;2;3;3;3m  [38;2;0;0;0m    
[38;2;0;0;0m  [38;2;178;178;178m██[38;2;0;0;0m      [38;2;221;230;235m  [38;2;171;178;181m  [38;2;147;147;148m██[38;2;117;124;128m██[38;2;168;168;168m██[38;2;178;176;173m██[38;2;161;160;160m██[38;2;176;174;173m██[38;2;210;210;210m██[38;2;180;179;177m██[38;2;89;88;90m██[38;2;174;184;189m██[38;2;255;255;255m██[38;2;156;156;156m██[38;2;159;166;169m  [38;2;234;243;249m  [38;2;0;0;0m      [38;2;31;31;31m██[38;2;86;86;86m██[38;2;0;0;0m    
[38;2;0;0;0m  [38;2;178;178;178m██[38;2;0;0;0m      [38;2;221;230;235m  [38;2;122;122;122m██[38;2;119;138;148m██[38;2;136;145;151m██[38;2;163;163;163m██[38;2;111;110;111m██[38;2;210;206;200m██[38;2;190;187;181m██[38;2;82;81;81m██[38;2;180;179;178m██[38;2;196;196;195m██[38;2;101;99;108m██[38;2;166;177;183m██[38;2;253;253;253m██[38;2;141;141;141m██[38;2;229;239;244m  [38;2;0;0;0m        [38;2;168;168;168m██[38;2;0;0;0m    
[38;2;38;38;38m  [38;2;90;90;90m██[38;2;0;0;0m      [38;2;76;79;81m  [38;2;169;175;178m██[38;2;177;196;206m██[38;2;155;167;174m██[38;2;76;75;76m██[38;2;139;138;139m██[38;2;110;109;110m██[38;2;116;115;115m████[38;2;106;105;106m██[38;2;78;76;82m██[38;2;204;200;205m██[38;2;107;113;118m██[38;2;173;186;192m██[38;2;215;215;215m██[38;2;82;85;87m  [38;2;0;0;0m        [38;2;168;168;168m██[38;2;0;0;0m    
[38;2;59;59;59m██[38;2;43;43;43m██[38;2;0;0;0m        [38;2;169;188;198m██[38;2;206;225;235m██[38;2;189;208;218m██[38;2;95;97;100m██[38;2;184;184;183m██[38;2;253;252;253m██[38;2;175;167;200m██[38;2;122;153;203m██[38;2;117;99;155m██[38;2;137;128;165m██[38;2;108;110;112m██[38;2;201;220;230m██[38;2;148;167;177m██[38;2;241;243;244m██[38;2;52;52;52m██[38;2;0;0;0m          [38;2;204;204;204m██[38;2;0;0;0m  
[38;2;59;59;59m██[38;2;43;43;43m██[38;2;0;0;0m      [38;2;143;156;163m  [38;2;167;186;196m██[38;2;205;224;234m██[38;2;189;208;218m██[38;2;199;218;228m██[38;2;158;171;179m██[38;2;114;113;114m██[38;2;131;130;133m██[38;2;77;79;91m██[38;2;83;78;91m██[38;2;141;155;162m██[38;2;200;218;227m██[38;2;182;201;211m██[38;2;205;224;234m██[38;2;185;195;201m██[38;2;255;255;255m██[38;2;0;0;0m          [38;2;204;204;204m██[38;2;0;0;0m  
[38;2;59;59;59m██[38;2;43;43;43m██[38;2;0;0;0m      [38;2;195;213;223m██[38;2;166;185;195m██[38;2;168;187;197m  [38;2;206;225;234m██[38;2;167;186;196m██[38;2;202;221;231m██[38;2;158;170;176m██[38;2;187;186;187m██[38;2;117;120;122m██[38;2;197;215;225m██[38;2;194;213;223m██[38;2;199;218;228m██[38;2;191;210;220m██[38;2;203;222;232m██[38;2;172;191;201m██[38;2;252;253;253m██[38;2;33;33;33m  [38;2;0;0;0m        [38;2;163;163;163m  [38;2;18;18;18m  
[38;2;59;59;59m██[38;2;43;43;43m██[38;2;0;0;0m      [38;2;195;213;223m██[38;2;166;185;195m██[38;2;168;187;197m██[38;2;206;225;235m██[38;2;148;166;175m██[38;2;90;92;93m██[38;2;169;169;169m██[38;2;158;158;158m██[38;2;153;154;154m██[38;2;111;113;116m██[38;2;115;123;127m██[38;2;199;218;228m██[38;2;191;210;220m██[38;2;202;221;231m██[38;2;171;190;200m██[38;2;252;253;253m██[38;2;122;122;122m██[38;2;0;0;0m        [38;2;50;50;50m██[38;2;68;68;68m██
[38;2;38;38;38m  [38;2;90;90;90m██[38;2;0;0;0m        [38;2;206;225;235m██[38;2;168;187;197m██[38;2;179;194;203m██[38;2;141;141;141m██[38;2;255;255;255m██[38;2;163;163;163m██[38;2;169;169;169m██[38;2;157;157;157m  [38;2;232;232;232m██[38;2;215;215;215m██[38;2;161;171;177m██[38;2;191;210;220m██[38;2;202;221;231m██[38;2;171;190;200m██[38;2;252;253;253m██[38;2;122;122;122m██[38;2;0;0;0m        [38;2;50;50;50m██[38;2;68;68;68m██
[38;2;0;0;0m  [38;2;178;178;178m██[38;2;0;0;0m        [38;2;206;225;235m██[38;2;201;220;230m██[38;2;197;214;224m██[38;2;101;101;101m██[38;2;255;255;255m██[38;2;252;252;252m██[38;2;239;239;239m██[38;2;242;242;242m██[38;2;254;254;254m██[38;2;203;203;203m██[38;2;68;67;68m██[38;2;205;224;234m████[38;2;185;204;214m██[38;2;253;253;253m██[38;2;14;14;14m  [38;2;0;0;0m        [38;2;50;50;50m██[38;2;68;68;68m██
[38;2;0;0;0m  [38;2;178;178;178m██[38;2;0;0;0m      [38;2;221;230;235m  [38;2;99;108;113m██[38;2;205;224;234m██[38;2;189;208;218m██[38;2;70;69;70m  [38;2;108;108;108m██[38;2;196;196;196m██████[38;2;121;121;121m██[38;2;141;142;141m██[38;2;174;174;174m██[38;2;145;144;145m██[38;2;146;155;161m██[38;2;205;215;221m██[38;2;255;255;255m██[38;2;0;0;0m          [38;2;50;50;50m██[38;2;68;68;68m██
[38;2;0;0;0m  [38;2;6;6;6m  [38;2;141;141;141m  [38;2;0;0;0m    [38;2;221;230;235m  [38;2;120;125;128m  [38;2;206;225;235m██[38;2;185;204;214m██[38;2;79;78;79m██[38;2;123;123;123m██[38;2;160;160;160m██[38;2;179;179;179m██[38;2;156;156;156m██[38;2;86;85;86m██[38;2;207;205;203m██[38;2;222;211;199m██[38;2;106;102;100m██[38;2;171;170;168m██[38;2;151;151;152m██[38;2;14;14;14m██[38;2;0;0;0m          [38;2;50;50;50m██[38;2;68;68;68m██
[38;2;0;0;0m    [38;2;146;146;146m██[38;2;0;0;0m    [38;2;221;230;235m  [38;2;234;243;249m  [38;2;116;121;124m  [38;2;84;89;91m██[38;2;152;152;152m██[38;2;98;97;98m██[38;2;100;100;100m████[38;2;93;93;93m██[38;2;102;102;102m██[38;2;78;78;78m██[38;2;148;149;148m██[38;2;160;159;160m██[38;2;138;146;151m██[38;2;171;182;187m██[38;2;117;122;124m  [38;2;0;0;0m          [38;2;50;50;50m██[38;2;68;68;68m██
[38;2;0;0;0m    [38;2;75;75;75m██[38;2;27;27;27m██[38;2;0;0;0m  [38;2;221;230;235m  [38;2;233;244;249m  [38;2;221;230;235m  [38;2;144;145;144m██[38;2;77;78;79m██[38;2;119;126;131m██[38;2;42;41;42m████[38;2;43;42;43m██[38;2;60;59;60m██[38;2;173;172;173m██[38;2;86;85;86m██[38;2;203;222;231m██[38;2;199;218;227m██[38;2;109;114;116m  [38;2;234;243;248m  [38;2;0;0;0m          [38;2;204;204;204m██[38;2;0;0;0m  
[38;2;0;0;0m    [38;2;31;31;31m  [38;2;100;100;100m██[38;2;0;0;0m  [38;2;221;230;235m  [38;2;168;176;181m  [38;2;105;105;105m██[38;2;126;127;126m██[38;2;148;159;166m██[38;2;165;184;194m██[38;2;63;62;63m██[38;2;45;45;45m██[38;2;61;60;61m██[38;2;64;63;64m██[38;2;136;143;147m██[38;2;111;111;111m██[38;2;152;166;173m██[38;2;14;16;17m██[38;2;234;243;249m  [38;2;234;244;249m  [38;2;0;0;0m          [38;2;204;204;204m██[38;2;0;0;0m  
[38;2;0;0;0m      [38;2;150;150;150m██[38;2;0;0;0m  [38;2;221;230;235m  [38;2;118;124;130m  [38;2;79;81;82m██[38;2;134;145;151m██[38;2;196;215;225m██[38;2;178;196;205m██[38;2;158;172;180m██[38;2;73;72;73m██[38;2;71;71;70m██[38;2;156;169;176m██[38;2;191;209;218m██[38;2;172;191;201m██[38;2;200;219;229m██[38;2;206;225;235m██[38;2;105;110;113m  [38;2;206;215;220m  [38;2;0;0;0m        [38;2;13;13;13m  [38;2;181;181;181m  [38;2;0;0;0m  
[38;2;0;0;0m      [38;2;42;42;42m  [38;2;0;0;0m  [38;2;221;230;235m  [38;2;113;120;123m  [38;2;71;77;81m██[38;2;58;64;68m██[38;2;57;61;62m██[38;2;126;131;134m  [38;2;130;136;138m  [38;2;141;138;141m██[38;2;64;62;61m██[38;2;49;48;46m██[38;2;128;134;138m  [38;2;71;78;81m██[38;2;114;121;124m██[38;2;182;201;211m██[38;2;160;176;185m██[38;2;135;147;154m██[38;2;0;0;0m        [38;2;116;116;116m██[38;2;0;0;0m    
[38;2;0;0;0m                      [38;2;5;5;5m  [38;2;109;109;109m██[38;2;59;58;60m██[38;2;33;33;32m  [38;2;0;0;0m                    [38;2;74;74;74m  [38;2;0;0;0m    
[38;2;0;0;0m                      [38;2;7;7;7m██[38;2;14;14;14m  [38;2;0;0;2m  [38;2;0;0;0m                            [0m
