
[38;2;17;17;17m  [38;2;65;64;53m  [38;2;65;64;50m              [38;2;4;4;2m  [38;2;25;25;15m  [38;2;65;64;50m                  [38;2;4;4;3m  [38;2;34;33;21m  [38;2;65;64;50m  [38;2;65;65;59m  [38;2;66;66;66m          [38;2;17;17;17m  
[38;2;68;68;68m  [38;2;251;247;206m  [38;2;250;245;194m  [38;2;250;246;194m  [38;2;249;246;194m  [38;2;250;246;194m        [38;2;16;16;10m██[38;2;99;96;60m██[38;2;250;246;194m    [38;2;250;245;194m  [38;2;250;246;194m          [38;2;249;246;194m  [38;2;16;16;12m  [38;2;223;216;135m██[38;2;54;53;42m  [38;2;252;250;226m  [38;2;255;255;255m          [38;2;67;67;67m  
[38;2;68;68;68m  [38;2;251;247;206m  [38;2;250;245;194m  [38;2;250;246;194m    [38;2;250;245;194m  [38;2;250;246;194m    [38;2;116;114;90m  [38;2;203;196;115m██[38;2;218;211;134m██[38;2;47;45;25m  [38;2;224;221;174m  [38;2;250;246;194m  [38;2;250;245;194m  [38;2;250;246;194m        [38;2;180;177;140m  [38;2;166;161;101m  [38;2;214;207;124m██[38;2;75;73;45m██[38;2;217;215;198m  [38;2;255;255;255m          [38;2;67;67;67m  
[38;2;68;68;68m  [38;2;251;247;206m  [38;2;249;246;194m  [38;2;250;246;194m          [38;2;107;104;65m  [38;2;162;155;83m██[38;2;232;225;142m██[38;2;147;141;72m██[38;2;97;94;64m  [38;2;250;246;194m    [38;2;249;246;193m  [38;2;250;246;194m        [38;2;16;16;12m  [38;2;239;232;143m██[38;2;207;200;118m██[38;2;100;97;66m  [38;2;255;255;255m          [38;2;67;67;67m  
[38;2;68;68;68m  [38;2;251;247;206m  [38;2;249;246;194m  [38;2;249;245;194m  [38;2;250;246;194m        [38;2;163;160;126m  [38;2;135;130;76m██[38;2;219;211;127m██[38;2;223;216;137m██[38;2;127;124;93m  [38;2;250;246;194m          [38;2;249;245;194m  [38;2;215;211;167m  [38;2;91;88;57m  [38;2;232;224;138m██[38;2;199;192;112m██[38;2;121;120;107m  [38;2;255;255;255m          [38;2;67;67;67m  
[38;2;68;68;68m  [38;2;251;247;206m  [38;2;250;246;194m              [38;2;13;12;7m██[38;2;199;192;112m██[38;2;170;164;90m██[38;2;168;162;91m██[38;2;76;74;59m  [38;2;250;246;194m          [38;2;149;147;116m  [38;2;232;224;140m██[38;2;196;189;109m██[38;2;156;150;79m██[38;2;93;90;52m██[38;2;255;255;255m          [38;2;67;67;67m  
[38;2;68;68;68m  [38;2;227;224;218m  [38;2;220;217;209m              [38;2;147;144;113m  [38;2;139;134;76m██[38;2;195;188;109m██[38;2;209;203;124m██[38;2;164;158;94m██[38;2;118;116;93m  [38;2;130;128;111m  [38;2;69;68;92m████[38;2;141;138;114m  [38;2;114;111;75m██[38;2;249;241;150m██[38;2;211;204;122m██[38;2;199;192;112m██[38;2;92;90;80m  [38;2;223;222;246m    [38;2;214;213;234m  [38;2;200;200;216m  [38;2;229;229;248m  [38;2;67;67;67m  
[38;2;68;68;68m  [38;2;190;188;237m  [38;2;173;172;233m  [38;2;174;172;232m  [38;2;174;172;233m        [38;2;174;172;232m  [38;2;149;147;199m  [38;2;14;14;7m██[38;2;199;192;112m████[38;2;74;72;68m██[38;2;159;159;188m██[38;2;198;197;238m██[38;2;184;182;240m██[38;2;178;176;237m██[38;2;75;74;83m██[38;2;239;231;146m██[38;2;249;241;150m██[38;2;202;195;114m████[38;2;92;93;127m  [38;2;174;172;233m  [38;2;78;77;105m  [38;2;42;41;35m  [38;2;84;81;58m  [38;2;143;142;190m  [38;2;5;5;5m  
[38;2;68;68;68m  [38;2;190;188;237m  [38;2;174;172;233m              [38;2;174;171;233m  [38;2;174;172;233m  [38;2;80;79;96m  [38;2;81;77;60m██[38;2;130;129;161m██[38;2;209;207;252m██[38;2;213;211;255m██[38;2;200;199;248m██[38;2;178;176;237m██[38;2;122;121;152m██[38;2;201;195;132m██[38;2;227;219;135m██[38;2;199;192;112m██[38;2;106;102;65m██[38;2;93;91;84m  [38;2;162;160;217m  [38;2;151;147;116m██[38;2;113;110;137m██[38;2;129;126;176m██[38;2;98;96;107m██[38;2;66;65;51m██
[38;2;68;68;68m  [38;2;57;56;59m  [38;2;7;7;10m  [38;2;151;150;203m  [38;2;174;172;233m              [38;2;150;149;201m  [38;2;117;115;154m██[38;2;178;176;237m██[38;2;179;177;237m████[38;2;178;176;237m██[38;2;141;140;182m██[38;2;69;68;72m██[38;2;136;132;165m██[38;2;188;181;107m██[38;2;139;134;91m██[38;2;2;2;2m██[38;2;170;168;228m  [38;2;162;160;217m  [38;2;84;79;77m██[38;2;176;174;235m██[38;2;171;169;230m██[38;2;113;111;160m██[38;2;2;2;2m  
[38;2;28;27;16m  [38;2;160;156;150m██[38;2;145;140;142m██[38;2;119;112;85m██[38;2;80;79;110m  [38;2;168;166;225m  [38;2;174;172;232m  [38;2;174;172;233m        [38;2;33;33;33m██[38;2;128;127;128m██[38;2;109;108;146m██[38;2;178;176;237m██[38;2;165;162;215m██[38;2;78;77;110m██[38;2;213;212;233m██[38;2;150;149;202m██[38;2;178;176;237m██[38;2;105;104;135m██[38;2;85;81;109m██[38;2;90;89;121m  [38;2;174;172;233m  [38;2;174;172;232m  [38;2;119;118;160m  [38;2;46;43;84m██[38;2;125;123;184m██[38;2;59;58;83m  [38;2;32;32;32m  
[38;2;0;0;0m  ██[38;2;35;35;55m██[38;2;74;72;133m██[38;2;87;86;123m██[38;2;4;4;4m██[38;2;174;172;233m        [38;2;69;71;97m  [38;2;77;72;75m██[38;2;216;215;229m██[38;2;35;35;47m██[38;2;178;176;237m██[38;2;115;114;115m██[38;2;116;105;102m██[38;2;255;255;255m██[38;2;188;186;239m██[38;2;178;176;237m██[38;2;137;135;196m██[38;2;135;133;194m██[38;2;68;63;54m██[38;2;92;93;128m  [38;2;174;172;233m    [38;2;23;23;31m██[38;2;178;176;237m██[38;2;51;51;51m  [38;2;67;67;67m  
[38;2;67;66;60m  [38;2;189;187;231m  [38;2;146;144;195m  [38;2;90;89;121m  [38;2;59;58;71m██[38;2;134;132;191m██[38;2;76;75;106m  [38;2;83;82;111m  [38;2;174;172;232m  [38;2;80;79;109m  [38;2;126;124;174m██[38;2;81;78;84m██[38;2;176;174;235m██[38;2;167;165;220m██[38;2;119;117;147m██[38;2;129;127;157m██[38;2;159;154;184m██[38;2;164;162;223m██[38;2;177;175;236m██[38;2;161;159;220m██[38;2;135;133;194m██[38;2;110;108;139m  [38;2;197;195;247m██[38;2;131;129;175m██[38;2;89;88;119m  [38;2;174;172;232m  [38;2;150;149;201m  [38;2;118;117;158m██[38;2;98;97;123m  [38;2;32;32;32m  
[38;2;68;68;68m  [38;2;190;188;237m  [38;2;174;172;233m    [38;2;107;106;143m  [38;2;7;7;10m  [38;2;130;128;186m██[38;2;136;134;195m██[38;2;4;4;5m██[38;2;135;133;194m██[38;2;114;112;170m██[38;2;161;159;212m██[38;2;140;138;179m██[38;2;90;88;88m██[38;2;98;97;96m██[38;2;191;191;186m██[38;2;65;64;65m██[38;2;174;172;231m██[38;2;176;174;235m██[38;2;135;133;194m██[38;2;134;132;193m██[38;2;117;115;146m██[38;2;178;176;237m██[38;2;126;124;185m██[38;2;80;78;135m██[38;2;102;101;137m  [38;2;145;143;194m  [38;2;119;118;159m██[38;2;105;103;150m  [38;2;2;2;2m  
[38;2;68;68;68m  [38;2;190;188;237m  [38;2;174;172;233m        [38;2;98;97;131m  [38;2;59;58;85m██[38;2;44;42;53m██[38;2;62;61;88m  [38;2;98;97;131m  [38;2;55;54;77m██[38;2;87;85;100m██[38;2;79;78;79m██[38;2;84;83;83m██[38;2;92;91;91m██[38;2;167;166;162m██[38;2;87;83;101m██[38;2;113;111;172m██[38;2;111;109;170m██[38;2;116;114;175m██[38;2;108;104;147m██[38;2;153;151;212m██[38;2;120;118;179m██[38;2;63;60;85m██[38;2;69;68;100m██[38;2;54;51;88m██[38;2;136;134;195m██[38;2;51;51;51m  [38;2;67;67;67m  
[38;2;68;68;68m  [38;2;190;188;237m  [38;2;174;172;233m  [38;2;174;171;233m    [38;2;174;172;233m  [38;2;173;172;233m  [38;2;174;172;233m  [38;2;173;172;233m  [38;2;174;172;233m  [38;2;174;171;233m    [38;2;68;67;91m  [38;2;111;108;152m██[38;2;75;72;72m██[38;2;65;64;65m██[38;2;77;76;77m██[38;2;75;74;75m██[38;2;126;124;177m██[38;2;136;134;195m██[38;2;136;134;194m██[38;2;131;129;190m██[38;2;79;71;75m██[38;2;39;36;38m  [38;2;174;171;232m  [38;2;78;77;105m  [38;2;15;14;20m    [38;2;190;188;237m  [38;2;67;67;67m  
[38;2;68;68;68m  [38;2;190;188;237m  [38;2;174;172;233m                    [38;2;103;102;138m  [38;2;53;52;60m██[38;2;115;112;121m██[38;2;80;78;116m██[38;2;136;135;170m██[38;2;112;111;110m██[38;2;126;124;177m██[38;2;109;107;168m████[38;2;102;100;161m██[38;2;92;90;151m██[38;2;92;91;124m  [38;2;174;171;233m  [38;2;174;172;233m      [38;2;190;188;237m  [38;2;67;67;67m  
[38;2;68;68;68m  [38;2;190;188;237m  [38;2;173;171;233m  [38;2;173;172;233m    [38;2;174;172;233m            [38;2;133;131;178m  [38;2;100;99;142m██[38;2;123;121;171m██[38;2;83;81;123m██[38;2;74;72;81m██[38;2;74;73;81m██[38;2;81;79;106m██[38;2;98;96;157m██[38;2;135;133;194m██[38;2;127;125;186m██[38;2;113;111;172m██[38;2;144;142;203m██[38;2;88;87;119m  [38;2;174;171;233m  [38;2;174;172;233m  [38;2;173;172;233m    [38;2;190;188;237m  [38;2;67;67;67m  
[38;2;68;68;68m  [38;2;190;188;237m  [38;2;174;172;233m        [38;2;174;172;232m  [38;2;174;172;233m      [38;2;174;172;232m  [38;2;17;17;25m██[38;2;144;142;203m██[38;2;128;126;187m██[38;2;81;78;125m██[38;2;77;74;98m██[38;2;118;116;169m██[38;2;125;123;184m██[38;2;107;105;166m██[38;2;103;101;162m██[38;2;136;134;195m██[38;2;188;186;242m██[38;2;178;176;237m██[38;2;76;75;103m██[38;2;174;172;233m  [38;2;174;172;232m  [38;2;174;172;233m    [38;2;190;188;237m  [38;2;67;67;67m  
[38;2;68;68;68m  [38;2;190;188;237m  [38;2;174;172;233m  [38;2;174;171;232m    [38;2;174;172;232m      [38;2;174;172;233m  [38;2;174;172;232m  [38;2;174;171;233m  [38;2;126;124;169m  [38;2;56;54;98m██[38;2;85;83;144m██[38;2;122;120;181m██[38;2;55;54;76m  [38;2;52;52;70m  [38;2;57;57;80m  [38;2;112;110;161m██[38;2;95;94;144m██[38;2;99;97;158m██[38;2;162;160;221m████[38;2;49;48;76m██[38;2;174;171;233m    [38;2;174;171;232m  [38;2;174;172;233m  [38;2;190;188;237m  [38;2;67;67;67m  
[38;2;68;68;68m  [38;2;190;188;237m  [38;2;174;172;233m  [38;2;174;172;232m  [38;2;174;172;233m  [38;2;174;172;232m  [38;2;174;172;233m  [38;2;174;172;232m  [38;2;174;172;233m  [38;2;174;172;232m  [38;2;101;100;135m  [38;2;141;136;82m██[38;2;110;108;107m██[38;2;145;140;118m██[38;2;98;95;114m██[38;2;115;111;87m██[38;2;139;137;186m  [38;2;156;154;209m  [38;2;121;119;162m    [38;2;58;57;78m  [38;2;151;149;210m████[38;2;147;145;196m██[38;2;61;60;81m  [38;2;174;172;233m  [38;2;174;172;232m    [38;2;190;188;237m  [38;2;67;67;67m  
[38;2;68;68;68m  [38;2;204;203;241m  [38;2;191;190;237m                  [38;2;54;53;42m    [38;2;81;79;56m  [38;2;190;184;115m██[38;2;90;89;90m  [38;2;191;189;235m  [38;2;191;190;237m    [38;2;169;167;215m  [38;2;59;58;51m  [38;2;125;123;164m██[38;2;139;137;185m██[38;2;116;114;150m██[38;2;12;12;15m  [38;2;191;190;237m      [38;2;204;203;241m  [38;2;67;67;67m  
[38;2;17;17;17m  [38;2;66;66;66m                    [38;2;65;64;50m    [38;2;52;51;40m  [38;2;0;0;0m  [38;2;65;64;50m  [38;2;66;66;63m  [38;2;66;66;66m    [38;2;39;39;39m  [38;2;60;59;47m  [38;2;34;34;26m  [38;2;0;0;0m  [38;2;65;64;50m██[38;2;4;4;4m  [38;2;66;66;66m        [38;2;17;17;17m  [0m
