
[38;2;0;0;0m                              [38;2;66;55;18m████[38;2;47;31;7m  [38;2;0;0;0m                  
[38;2;0;0;0m                            [38;2;103;86;27m  [38;2;255;211;69m████[38;2;235;186;57m██[38;2;62;41;9m  [38;2;0;0;0m                
[38;2;0;0;0m                        [38;2;27;18;4m  [38;2;77;64;21m██[38;2;152;126;61m██[38;2;255;210;69m██[38;2;255;208;71m██[38;2;130;96;14m██[38;2;87;65;10m██[38;2;0;0;0m                
[38;2;0;0;0m          [38;2;138;136;144m  [38;2;102;100;106m  [38;2;0;0;0m  [38;2;210;210;210m██[38;2;21;21;21m  [38;2;0;0;0m    [38;2;117;94;29m██[38;2;255;211;69m██[38;2;133;98;46m██[38;2;207;144;37m██[38;2;208;144;38m██[38;2;188;126;32m██[38;2;131;99;34m██[38;2;197;163;54m██[38;2;32;27;16m  [38;2;0;0;0m            
[38;2;0;0;0m        [38;2;7;7;7m  [38;2;132;130;136m██[38;2;136;134;141m██[38;2;238;237;239m██[38;2;206;205;206m██[38;2;200;200;200m██[38;2;0;0;0m    [38;2;61;41;10m  [38;2;202;167;62m██[38;2;152;107;42m██[38;2;148;107;42m██[38;2;150;107;43m██[38;2;108;85;54m██[38;2;155;127;59m██[38;2;247;204;69m██[38;2;89;73;26m██[38;2;0;1;0m  [38;2;0;0;0m          
[38;2;57;57;57m  [38;2;221;221;221m  [38;2;30;30;30m██[38;2;19;18;19m  [38;2;74;73;74m██[38;2;110;110;110m██[38;2;71;70;71m██[38;2;88;84;89m██[38;2;77;75;77m██[38;2;135;137;135m██[38;2;123;123;123m  [38;2;213;213;213m  [38;2;43;35;21m  [38;2;189;138;36m██[38;2;197;130;31m██[38;2;110;95;54m██[38;2;202;152;49m██[38;2;197;130;32m██[38;2;118;91;52m██[38;2;98;87;61m██[38;2;210;161;36m██[38;2;128;91;18m  [38;2;105;105;105m  [38;2;41;41;41m  [38;2;221;221;221m    [38;2;57;57;57m  
[38;2;66;66;66m  [38;2;255;255;255m  [38;2;123;122;123m  [38;2;113;115;113m██[38;2;92;93;92m██[38;2;112;112;112m██[38;2;105;105;105m██[38;2;113;114;113m██[38;2;111;110;111m██[38;2;136;131;136m██[38;2;255;255;255m██[38;2;34;36;36m██[38;2;163;117;40m██[38;2;162;115;40m██[38;2;164;137;59m██[38;2;254;209;68m  [38;2;232;179;53m██[38;2;222;166;46m██[38;2;255;211;69m██[38;2;107;89;51m██[38;2;239;195;60m██[38;2;203;158;51m██[38;2;43;43;43m  [38;2;103;103;103m██[38;2;130;130;130m  [38;2;102;102;102m  [38;2;40;40;40m  
[38;2;66;66;66m  [38;2;255;255;255m  [38;2;25;20;18m██[38;2;104;103;103m██[38;2;113;113;113m██[38;2;116;116;116m██[38;2;98;99;98m██[38;2;69;68;83m██[38;2;138;137;147m██[38;2;253;253;253m██[38;2;255;255;255m██[38;2;238;237;238m██[38;2;152;131;64m██[38;2;242;201;65m██[38;2;122;102;56m██[38;2;254;211;67m██[38;2;249;204;63m██[38;2;244;203;66m██[38;2;119;100;55m██[38;2;230;177;66m██[38;2;111;78;14m██[38;2;166;110;24m██[38;2;162;162;162m  [38;2;89;89;89m  [38;2;121;121;121m██[38;2;175;175;175m██[38;2;0;0;0m  
[38;2;38;37;37m  [38;2;53;53;53m  [38;2;116;118;115m██[38;2;89;88;87m██[38;2;119;109;110m██[38;2;98;68;73m██[38;2;129;118;109m██[38;2;222;161;103m██[38;2;180;165;153m██[38;2;255;255;255m████[38;2;234;231;234m██[38;2;129;97;48m██[38;2;198;131;31m██[38;2;197;130;31m██[38;2;146;107;44m██[38;2;146;107;43m██[38;2;152;112;44m██[38;2;230;176;51m██[38;2;190;133;27m██[38;2;126;85;18m██[38;2;132;134;132m  [38;2;255;255;255m  [38;2;113;113;113m  [38;2;110;110;110m██[38;2;164;164;164m  [38;2;26;26;26m  
[38;2;45;45;45m██[38;2;85;87;87m██[38;2;100;100;100m██[38;2;116;116;116m██[38;2;139;131;125m██[38;2;148;91;99m██[38;2;229;213;196m██[38;2;135;117;101m██[38;2;251;234;213m██[38;2;255;255;255m██[38;2;231;229;235m██[38;2;119;117;119m██[38;2;67;67;64m██[38;2;70;66;63m████[38;2;197;130;31m██[38;2;197;130;30m██[38;2;187;125;33m██[38;2;70;66;63m██[38;2;96;68;10m██[38;2;155;157;153m  [38;2;255;255;255m    [38;2;228;228;228m  [38;2;33;33;33m  [38;2;141;141;141m██[38;2;0;0;0m  
[38;2;1;0;0m  [38;2;155;155;155m██[38;2;142;140;141m██[38;2;96;92;92m██[38;2;152;136;137m██[38;2;209;203;204m██[38;2;190;189;190m██[38;2;148;148;148m██[38;2;185;184;187m██[38;2;202;197;209m██[38;2;168;166;175m  [38;2;155;105;67m██[38;2;226;133;63m██[38;2;198;111;70m████[38;2;126;84;63m██[38;2;129;93;64m██[38;2;153;109;69m██[38;2;159;159;159m██[38;2;127;127;127m██[38;2;122;122;122m██[38;2;151;151;151m  [38;2;255;255;255m      [38;2;69;69;69m  [38;2;30;30;30m  
[38;2;58;58;58m██[38;2;225;225;225m██[38;2;108;107;108m██[38;2;224;224;224m██[38;2;226;226;226m██[38;2;225;225;225m██[38;2;156;156;156m██[38;2;65;64;65m██[38;2;197;194;205m████[38;2;151;115;95m██[38;2;252;150;65m██[38;2;161;109;65m██[38;2;255;156;65m██[38;2;104;81;60m██[38;2;248;143;48m██[38;2;174;113;59m██[38;2;255;155;62m██[38;2;156;96;42m██[38;2;0;0;0m████[38;2;37;37;37m  [38;2;255;255;255m        [38;2;66;66;66m  
[38;2;36;36;36m██[38;2;55;55;55m██[38;2;160;160;160m██[38;2;128;127;128m██[38;2;225;225;225m██[38;2;88;87;88m██[38;2;116;118;117m██[38;2;154;156;155m██[38;2;155;155;160m██[38;2;158;118;99m██[38;2;239;144;64m██[38;2;255;153;63m██[38;2;154;100;58m██[38;2;165;112;63m██[38;2;181;114;56m██[38;2;112;80;56m██[38;2;229;140;61m██[38;2;171;114;62m██[38;2;103;63;31m██[38;2;189;189;189m    [38;2;198;198;198m  [38;2;255;255;255m        [38;2;66;66;66m  
[38;2;29;29;29m  [38;2;24;24;24m  [38;2;197;197;197m██[38;2;65;64;65m██[38;2;121;120;121m██[38;2;92;91;92m██[38;2;197;194;205m██████[38;2;200;124;90m██[38;2;253;153;62m██[38;2;254;154;62m██[38;2;255;155;64m██[38;2;90;76;64m██[38;2;250;153;64m██[38;2;247;152;65m██[38;2;255;156;65m██[38;2;97;78;62m██[38;2;252;154;64m██[38;2;27;27;27m  [38;2;243;243;243m            [38;2;63;63;63m  
[38;2;0;0;0m    [38;2;78;78;78m  [38;2;29;29;29m  [38;2;191;187;191m██[38;2;177;174;184m██[38;2;179;178;188m██[38;2;194;189;202m██[38;2;199;194;208m██[38;2;250;250;251m██[38;2;234;163;122m██[38;2;160;109;63m██[38;2;203;135;80m██[38;2;223;157;93m██[38;2;175;100;65m██[38;2;72;67;65m██[38;2;255;156;65m██[38;2;195;119;57m██[38;2;146;93;51m██[38;2;0;0;0m                
[38;2;0;0;0m        [38;2;56;33;22m  [38;2;184;107;73m██[38;2;195;189;198m██[38;2;138;136;144m██[38;2;141;139;147m██[38;2;73;72;76m██[38;2;229;191;174m██[38;2;87;73;63m██[38;2;160;109;62m██[38;2;0;0;0m  [38;2;87;49;32m  [38;2;174;99;64m  [38;2;129;79;33m  [38;2;241;147;61m██[38;2;252;153;65m██[38;2;15;8;5m  [38;2;0;0;0m              
[38;2;0;0;0m          [38;2;165;94;62m██[38;2;182;140;127m  [38;2;87;86;91m██[38;2;0;0;0m  [38;2;23;23;24m  [38;2;223;191;169m██[38;2;118;82;56m██[38;2;169;104;50m██[38;2;0;0;0m      [38;2;0;0;3m  [38;2;48;29;14m██[38;2;166;103;65m██[38;2;121;72;50m██[38;2;0;0;1m  [38;2;0;0;0m            
[38;2;0;0;0m        [38;2;8;4;3m  [38;2;172;98;63m██[38;2;181;108;78m██[38;2;20;12;8m██[38;2;0;0;0m    [38;2;86;66;52m██[38;2;252;147;52m██[38;2;115;74;43m██[38;2;0;0;0m██    [38;2;0;0;1m  [38;2;46;28;16m██[38;2;202;111;67m██[38;2;178;105;73m██[38;2;9;5;5m  [38;2;0;0;0m            
[38;2;0;0;0m        [38;2;66;37;23m██[38;2;198;111;70m██[38;2;150;85;55m██[38;2;7;4;2m  [38;2;0;0;0m    [38;2;113;69;28m██[38;2;141;98;65m██[38;2;195;120;59m██[38;2;0;0;0m██    [38;2;0;0;8m  [38;2;174;117;69m██[38;2;205;136;81m██[38;2;198;111;69m██[38;2;73;41;25m██[38;2;0;0;0m            
[38;2;0;0;0m      [38;2;35;28;25m  [38;2;163;121;101m██[38;2;198;111;70m██[38;2;124;71;45m██[38;2;0;0;0m    [38;2;41;25;10m  [38;2;255;155;62m██[38;2;255;155;64m██[38;2;78;47;26m██[38;2;0;0;0m      [38;2;128;128;128m██[38;2;147;147;147m██[38;2;177;177;177m██[38;2;145;82;53m██[38;2;0;0;0m              
[38;2;0;0;0m    [38;2;13;13;13m  [38;2;168;162;163m██[38;2;154;121;108m██[38;2;197;112;72m██[38;2;66;49;42m██[38;2;0;0;0m    [38;2;151;124;97m██[38;2;192;147;103m██[38;2;253;156;67m██[38;2;132;80;33m██[38;2;0;0;0m      [38;2;19;19;19m  [38;2;74;74;74m██[38;2;60;60;60m██[38;2;0;0;0m                
[38;2;0;0;0m                [38;2;101;101;101m██[38;2;133;134;133m██[38;2;197;178;158m██[38;2;146;145;147m██[38;2;103;63;26m  [38;2;0;0;0m                            
[38;2;0;0;0m                [38;2;27;26;27m  [38;2;35;35;35m██[38;2;51;50;51m██[38;2;65;65;65m██[38;2;0;0;0m                              [0m
