
[38;2;0;0;0m    [38;2;90;90;90m  [38;2;255;255;255m  [38;2;254;254;254m  [38;2;186;186;186m  [38;2;108;108;112m  [38;2;0;0;0m  [38;2;154;154;154m  [38;2;185;185;185m  [38;2;96;96;102m  [38;2;43;43;50m  [38;2;142;142;142m  [38;2;207;207;207m  [38;2;255;255;255m                    
[38;2;0;0;0m    [38;2;90;90;90m  [38;2;255;255;255m  [38;2;163;163;163m  [38;2;111;111;136m  [38;2;67;67;82m██[38;2;0;0;0m  [38;2;28;28;28m  [38;2;121;121;146m██[38;2;196;196;225m██[38;2;193;193;223m██[38;2;33;33;39m██[38;2;14;14;14m  [38;2;46;46;46m  [38;2;128;128;128m  [38;2;255;255;255m                
[38;2;0;0;0m    [38;2;90;90;90m  [38;2;255;255;255m  [38;2;124;124;129m  [38;2;187;187;217m██[38;2;184;184;215m██[38;2;75;75;86m██[38;2;113;113;136m██[38;2;166;166;197m██[38;2;169;169;200m██[38;2;138;138;169m██[38;2;138;138;168m██[38;2;122;122;149m██[38;2;87;87;107m██[38;2;0;0;0m  [38;2;239;239;239m  [38;2;255;255;255m              
[38;2;0;0;0m    [38;2;90;90;90m  [38;2;47;47;47m  [38;2;197;197;226m██[38;2;208;208;239m████[38;2;179;179;210m██[38;2;140;140;171m██[38;2;138;138;169m██████[38;2;41;41;50m██[38;2;8;8;10m  [38;2;0;0;0m    [38;2;239;239;239m  [38;2;23;23;23m    [38;2;153;153;153m  [38;2;255;255;255m        
[38;2;0;0;0m  [38;2;24;24;24m  [38;2;146;141;98m██[38;2;190;190;219m██[38;2;208;208;238m██[38;2;208;208;239m██[38;2;147;145;137m██[38;2;147;147;164m██[38;2;188;188;219m██[38;2;157;157;188m██[38;2;138;138;169m██[38;2;106;106;130m  [38;2;0;0;0m    [38;2;99;99;99m  [38;2;170;170;170m  [38;2;15;15;15m  [38;2;194;194;225m██[38;2;205;205;236m██[38;2;41;41;47m  [38;2;139;139;139m  [38;2;89;89;98m  [38;2;50;50;62m  [38;2;101;101;101m  
[38;2;69;66;48m██[38;2;47;46;33m██[38;2;205;197;122m██[38;2;100;99;120m██[38;2;208;208;239m██[38;2;67;67;68m██[38;2;255;245;179m██[38;2;69;69;71m██[38;2;138;138;169m██████[38;2;106;106;130m██[38;2;0;0;0m  [38;2;255;255;255m    [38;2;154;154;154m  [38;2;129;129;158m██[38;2;138;138;169m██[38;2;139;139;170m██[38;2;208;208;239m██[38;2;200;200;231m██[38;2;138;138;169m██[38;2;0;0;0m    
[38;2;25;24;15m  [38;2;202;194;131m██[38;2;136;132;94m██[38;2;150;150;175m██[38;2;173;173;197m██[38;2;167;163;128m██[38;2;108;144;175m██[38;2;68;68;70m██[38;2;112;112;144m██[38;2;127;127;155m██[38;2;19;19;24m  [38;2;0;0;0m    [38;2;211;211;211m  [38;2;113;113;128m  [38;2;150;150;173m██[38;2;208;208;239m██[38;2;181;181;212m██[38;2;138;138;169m██[38;2;168;168;199m██[38;2;138;138;169m████[38;2;126;126;154m██[38;2;20;20;24m  
[38;2;0;0;0m  [38;2;151;145;90m  [38;2;205;196;123m██[38;2;113;112;125m██[38;2;169;165;149m██[38;2;255;246;179m██[38;2;81;127;179m██[38;2;73;73;75m██[38;2;142;142;173m██[38;2;13;13;16m  [38;2;0;0;0m  [38;2;17;17;17m  [38;2;9;9;11m  [38;2;2;2;3m  [38;2;178;178;205m██[38;2;206;206;237m██[38;2;201;201;232m██[38;2;137;137;169m████[38;2;138;138;168m██[38;2;138;138;169m██[38;2;129;129;159m██[38;2;101;101;124m  [38;2;0;0;0m  
[38;2;0;0;0m    [38;2;196;187;125m██[38;2;253;244;177m██[38;2;255;246;180m██[38;2;255;246;179m██[38;2;216;218;175m██[38;2;151;147;103m██[38;2;145;145;168m██[38;2;55;55;65m  [38;2;0;0;0m  [38;2;91;91;96m  [38;2;126;126;154m██[38;2;89;89;113m██[38;2;201;201;232m██[38;2;203;203;234m██[38;2;183;183;214m██[38;2;138;138;169m██[38;2;136;136;166m██[38;2;99;99;121m██[38;2;128;128;157m██[38;2;17;17;21m  [38;2;0;0;0m    
[38;2;0;0;0m    [38;2;255;245;179m██[38;2;255;246;179m██[38;2;249;240;174m██[38;2;221;213;159m██[38;2;246;237;172m██[38;2;244;236;173m██[38;2;111;110;120m██[38;2;134;134;161m██[38;2;34;34;39m██[38;2;135;135;166m██[38;2;128;128;160m██[38;2;125;125;150m██[38;2;162;162;186m██[38;2;0;0;0m  [38;2;137;137;161m  [38;2;138;138;169m██[38;2;0;0;0m        [38;2;46;46;46m  [38;2;198;198;198m  
[38;2;0;0;0m    [38;2;255;246;179m██[38;2;222;214;142m██[38;2;182;192;164m██[38;2;91;126;168m██[38;2;242;236;195m██[38;2;251;242;176m██[38;2;181;175;113m██[38;2;119;119;130m██[38;2;202;202;233m██[38;2;126;124;140m██[38;2;209;202;163m██[38;2;223;216;168m██[38;2;195;188;138m██[38;2;0;0;0m    [38;2;37;37;46m██[38;2;0;0;0m      [38;2;119;119;119m  [38;2;255;255;255m    
[38;2;0;0;0m  [38;2;207;199;146m██[38;2;255;246;179m████[38;2;112;125;125m██[38;2;251;243;179m██[38;2;240;232;168m██[38;2;205;196;123m██[38;2;205;197;123m██[38;2;237;229;173m██[38;2;133;131;136m██[38;2;255;246;179m████████[38;2;154;148;108m██[38;2;65;65;65m  [38;2;0;0;0m  [38;2;1;1;1m  [38;2;173;173;173m  [38;2;255;255;255m        
[38;2;0;0;0m  [38;2;207;199;146m██[38;2;255;246;179m██████[38;2;50;48;35m██[38;2;149;144;102m██[38;2;205;197;123m██[38;2;229;221;151m██[38;2;255;246;179m████████████[38;2;236;228;167m██[38;2;56;56;52m  [38;2;208;208;208m  [38;2;209;209;209m  [38;2;255;255;255m          
[38;2;69;66;48m██[38;2;255;245;179m██[38;2;231;222;160m██[38;2;255;246;179m██[38;2;131;128;105m  [38;2;251;251;251m  [38;2;116;111;74m██[38;2;225;216;145m██[38;2;255;246;179m██████[38;2;250;241;175m██[38;2;212;204;131m██[38;2;242;233;165m██[38;2;255;246;179m████[38;2;15;15;11m██[38;2;210;210;210m  [38;2;50;50;61m██[38;2;21;21;26m  [38;2;171;171;171m  [38;2;255;255;255m      
[38;2;6;6;4m  [38;2;138;131;88m██[38;2;167;161;117m██[38;2;23;22;16m██[38;2;241;241;241m  [38;2;28;28;28m  [38;2;243;235;172m██[38;2;255;246;180m██[38;2;255;246;179m██[38;2;255;246;180m██[38;2;255;246;179m██[38;2;208;200;126m██[38;2;106;104;82m██[38;2;118;115;88m██[38;2;248;239;172m██[38;2;237;228;159m██[38;2;13;12;8m██[38;2;72;72;85m  [38;2;135;135;165m██[38;2;5;5;6m  [38;2;26;26;26m  [38;2;255;255;255m      
[38;2;0;0;0m    [38;2;90;90;90m  [38;2;255;255;255m    [38;2;118;118;118m  [38;2;187;180;127m██[38;2;255;246;179m████████[38;2;123;120;89m██[38;2;65;65;65m██[38;2;36;36;36m  [38;2;112;108;74m  [38;2;183;177;122m██[38;2;143;142;170m██[38;2;155;155;179m██[38;2;73;73;90m  [38;2;0;0;0m  [38;2;130;130;130m  [38;2;255;255;255m      
[38;2;0;0;0m    [38;2;90;90;90m  [38;2;255;255;255m      [38;2;106;102;64m██[38;2;156;147;97m██[38;2;215;207;147m██[38;2;255;246;179m██[38;2;220;212;140m██[38;2;14;14;14m██[38;2;65;65;65m██[38;2;79;79;79m  [38;2;37;37;37m  [38;2;205;197;123m██[38;2;95;94;120m██[38;2;0;0;0m      [38;2;255;255;255m        
[38;2;0;0;0m    [38;2;90;90;90m  [38;2;255;255;255m      [38;2;194;194;194m  [38;2;100;96;60m██[38;2;120;117;87m██[38;2;255;246;179m██[38;2;79;76;56m██[38;2;196;196;196m  [38;2;59;59;73m██[38;2;102;102;129m██[38;2;51;51;69m██[38;2;128;125;91m██[38;2;8;7;5m██[38;2;0;0;0m  [38;2;139;139;139m  [38;2;204;204;204m  [38;2;255;255;255m        
[38;2;0;0;0m    [38;2;90;90;90m  [38;2;255;255;255m      [38;2;242;242;242m  [38;2;19;19;16m██[38;2;205;197;123m██[38;2;92;91;81m██[38;2;244;236;176m██[38;2;56;56;65m██[38;2;152;152;183m██[38;2;119;119;150m██[38;2;11;11;15m  [38;2;74;81;96m██[38;2;26;26;27m  [38;2;255;255;255m              
[38;2;0;0;0m    [38;2;90;90;90m  [38;2;255;255;255m      [38;2;122;122;122m  [38;2;110;118;127m██[38;2;130;129;104m██[38;2;195;189;144m██[38;2;140;137;138m██[38;2;173;173;204m██[38;2;105;105;121m██[38;2;34;34;42m  [38;2;0;0;0m  [38;2;162;162;162m  [38;2;249;249;249m  [38;2;255;255;255m              
[38;2;0;0;0m    [38;2;73;73;73m  [38;2;208;208;208m        [38;2;0;0;0m  [38;2;74;79;83m██[38;2;108;114;118m██[38;2;118;116;117m██[38;2;0;0;0m        [38;2;208;208;208m                  
[38;2;0;0;0m                [38;2;20;21;22m  [38;2;31;33;34m██[38;2;5;5;5m  [38;2;0;0;0m                          [0m
