
[38;2;0;0;0m                            [38;2;6;7;6m  ██[38;2;0;0;0m                            
[38;2;0;0;0m                            [38;2;72;80;76m██[38;2;16;18;17m██[38;2;0;0;0m                            
[38;2;15;16;15m██[38;2;30;33;30m██[38;2;0;0;0m                      [38;2;23;26;24m  [38;2;73;81;74m██[38;2;10;11;10m  [38;2;0;0;0m                            
[38;2;2;2;2m  [38;2;47;52;48m██[38;2;38;43;39m  [38;2;0;0;0m                  [38;2;20;23;21m  [38;2;69;77;71m██[38;2;44;49;45m██[38;2;0;0;0m                              
[38;2;0;0;0m  [38;2;27;30;27m  [38;2;60;67;61m██[38;2;15;17;15m██[38;2;0;0;0m                [38;2;43;48;44m██[38;2;42;46;42m██[38;2;27;30;27m  [38;2;0;0;0m                              
[38;2;0;0;0m    [38;2;60;67;60m██[38;2;15;16;15m██[38;2;0;0;0m              [38;2;64;71;68m  [38;2;47;53;48m██[38;2;1;1;1m  [38;2;0;0;0m                                
[38;2;0;0;0m    [38;2;15;16;15m██[38;2;35;39;35m██[38;2;0;0;0m            [38;2;11;12;11m  [38;2;55;61;56m██[38;2;0;0;0m                                    
[38;2;0;0;0m      [38;2;45;50;45m██[38;2;0;0;0m            [38;2;86;96;88m██[38;2;16;18;16m██[38;2;0;0;0m                                    
[38;2;0;0;0m      [38;2;21;24;22m  [38;2;84;78;52m██[38;2;4;4;4m  [38;2;11;13;12m  [38;2;110;92;39m██[38;2;41;44;43m██[38;2;62;69;64m██[38;2;50;55;51m██[38;2;9;7;10m  [38;2;131;131;131m                  [38;2;32;32;32m  [38;2;0;0;0m                
[38;2;0;0;0m      [38;2;1;1;1m  [38;2;91;85;47m██[38;2;139;137;91m██[38;2;101;108;97m██[38;2;92;101;94m██[38;2;52;54;54m██[38;2;67;74;69m██[38;2;53;55;54m██[38;2;93;103;98m██[38;2;6;5;4m██[38;2;6;6;3m██[38;2;243;243;243m  [38;2;252;252;252m  [38;2;255;255;255m          [38;2;63;63;63m  [38;2;0;0;0m                
[38;2;0;0;0m  [38;2;26;29;26m  [38;2;32;33;31m██[38;2;56;59;58m██[38;2;117;106;77m██[38;2;133;114;61m██[38;2;133;114;64m██[38;2;151;133;82m██[38;2;70;78;73m██[38;2;42;44;42m██[38;2;73;81;76m██[38;2;75;82;76m██[38;2;109;112;92m██[38;2;115;118;88m██[38;2;57;62;53m██[38;2;94;95;94m  [38;2;144;144;144m  [38;2;255;255;255m        [38;2;63;63;63m  [38;2;0;0;0m                
[38;2;0;0;0m  [38;2;44;50;45m██[38;2;53;58;54m██[38;2;81;88;85m██[38;2;51;53;52m██[38;2;90;99;93m██[38;2;88;97;91m██[38;2;64;70;66m██[38;2;60;67;60m████[38;2;58;64;59m██[38;2;60;67;60m████[38;2;59;66;59m██[38;2;234;191;70m██[38;2;235;192;71m██[38;2;131;113;51m██[38;2;175;178;176m  [38;2;234;234;234m  [38;2;255;255;255m  [38;2;248;248;248m  [38;2;56;56;56m  [38;2;0;0;0m                
[38;2;0;0;0m  [38;2;42;47;43m██[38;2;59;65;61m██[38;2;66;71;69m██[38;2;73;80;75m██[38;2;52;55;52m██[38;2;43;44;43m██[38;2;47;51;48m██[38;2;55;62;56m██[38;2;44;47;45m██[38;2;50;53;50m██[38;2;27;29;27m██[38;2;31;35;31m██[38;2;60;67;60m██[38;2;61;68;61m██[38;2;65;72;66m██[38;2;152;138;89m██[38;2;84;76;45m██[38;2;40;41;41m  [38;2;92;94;94m  [38;2;103;89;86m  [38;2;140;59;64m██[38;2;0;0;0m                
[38;2;0;0;0m  [38;2;40;46;42m██[38;2;76;83;79m██[38;2;79;86;83m██[38;2;70;75;67m██[38;2;163;123;22m██[38;2;43;42;42m██[38;2;65;52;52m██[38;2;97;62;56m██[38;2;77;55;52m██[38;2;47;53;48m██[38;2;160;161;161m  [38;2;202;202;202m  [38;2;43;43;43m  [38;2;52;58;53m██[38;2;60;67;60m██[38;2;55;60;55m██[38;2;40;42;40m██[38;2;85;86;82m██[38;2;159;75;85m██[38;2;160;96;86m██[38;2;167;80;86m██[38;2;28;11;13m  [38;2;0;0;0m              
[38;2;0;0;0m  [38;2;42;47;44m██[38;2;55;60;57m██[38;2;59;63;61m██[38;2;86;65;29m██[38;2;63;55;37m██[38;2;78;58;59m██[38;2;205;112;114m██[38;2;80;58;53m██[38;2;26;29;26m██[38;2;60;67;60m██[38;2;46;52;47m██[38;2;120;120;120m  [38;2;255;255;255m  [38;2;10;11;11m██[38;2;43;45;44m██[38;2;47;47;47m████[38;2;51;53;52m██[38;2;38;38;38m██[38;2;60;67;60m██[38;2;59;66;59m██[38;2;166;65;75m██[38;2;0;0;0m              
[38;2;23;26;24m██[38;2;69;77;72m██[38;2;76;85;79m██[38;2;49;55;50m██[38;2;65;55;42m██[38;2;85;66;62m██[38;2;247;158;148m██[38;2;202;89;100m██[38;2;50;54;50m  [38;2;206;206;206m  [38;2;55;56;55m  [38;2;61;68;64m██[38;2;76;84;80m██[38;2;151;152;152m  [38;2;63;65;63m  [38;2;83;93;86m██[38;2;79;88;82m██[38;2;56;61;57m██[38;2;59;64;61m██[38;2;93;102;95m██[38;2;50;53;51m██[38;2;58;65;59m██[38;2;103;69;62m██[38;2;64;19;17m██[38;2;0;0;0m            
[38;2;23;26;24m██[38;2;74;82;76m██[38;2;47;52;48m██[38;2;3;3;3m  [38;2;72;47;43m██[38;2;252;177;160m██[38;2;206;106;111m██[38;2;47;43;42m██[38;2;210;210;210m  [38;2;255;255;255m  [38;2;240;240;240m  [38;2;195;195;195m  [38;2;40;44;42m██[38;2;77;85;81m██[38;2;53;55;54m  [38;2;40;41;40m██[38;2;60;67;60m██[38;2;43;45;38m██[38;2;90;100;95m██[38;2;93;103;98m██[38;2;46;47;46m██[38;2;54;59;54m██[38;2;94;64;51m██[38;2;50;14;6m██[38;2;0;0;0m            
[38;2;0;0;0m  [38;2;31;35;32m  [38;2;0;0;0m    [38;2;197;127;116m██[38;2;229;106;113m██[38;2;159;87;93m██[38;2;73;75;74m  [38;2;236;236;236m  [38;2;98;98;98m  [38;2;59;60;59m  [38;2;236;236;236m  [38;2;210;210;210m  [38;2;68;73;71m  [38;2;62;68;65m██[38;2;26;25;26m██[38;2;56;62;56m██[38;2;51;54;51m██[38;2;53;57;50m██[38;2;47;49;48m██[38;2;83;92;88m██[38;2;53;57;53m██[38;2;107;31;8m  [38;2;0;0;0m              
[38;2;0;0;0m        [38;2;71;49;46m██[38;2;140;109;106m██[38;2;66;66;65m  [38;2;244;244;244m  [38;2;191;191;191m  [38;2;55;59;56m██[38;2;62;66;63m██[38;2;45;47;45m  [38;2;43;43;43m  [38;2;40;43;42m  [38;2;56;56;56m  [38;2;211;211;211m  [38;2;21;17;21m██[38;2;52;58;53m██[38;2;40;40;40m██[38;2;50;55;51m██[38;2;58;61;60m██[38;2;28;30;29m██[38;2;0;0;0m                
[38;2;0;0;0m        [38;2;214;214;214m  [38;2;91;91;91m  [38;2;255;255;255m    [38;2;40;40;40m██[38;2;66;66;66m██[38;2;107;109;107m██[38;2;40;46;42m██[38;2;38;42;39m██[38;2;78;79;78m  [38;2;255;255;255m    [38;2;78;79;78m  [38;2;37;38;37m██[38;2;152;154;153m██[38;2;60;65;61m██[38;2;51;57;53m██[38;2;86;95;90m██[38;2;0;0;0m                
[38;2;0;0;0m        [38;2;255;255;255m        [38;2;227;227;227m    [38;2;22;22;22m██[38;2;171;172;171m  [38;2;227;227;227m  [38;2;248;248;248m  [38;2;255;255;255m    [38;2;191;191;191m  [38;2;173;173;173m██[38;2;45;46;45m██[38;2;81;85;84m██[38;2;48;51;49m██[38;2;18;19;19m██[38;2;0;0;0m                
[38;2;0;0;0m        [38;2;255;255;255m            [38;2;147;147;147m      [38;2;228;228;228m  [38;2;255;255;255m    [38;2;218;218;218m  [38;2;108;109;108m  [38;2;60;61;61m██[38;2;92;95;95m██[38;2;68;66;46m██[38;2;35;30;12m██[38;2;0;0;0m                
[38;2;0;0;0m        [38;2;255;255;255m          [38;2;72;72;72m  [38;2;194;56;16m██████[38;2;57;23;13m  [38;2;255;255;255m      [38;2;72;72;72m  [38;2;90;99;94m██[38;2;91;100;96m██[38;2;200;154;60m██[38;2;16;17;13m██[38;2;0;0;0m                
[38;2;0;0;0m        [38;2;255;255;255m    [38;2;131;131;131m    [38;2;23;26;24m██[38;2;33;33;33m██[38;2;48;51;48m██████[38;2;46;50;46m██[38;2;30;29;30m██[38;2;103;102;103m  [38;2;131;131;131m  [38;2;67;70;68m  [38;2;93;103;98m██[38;2;81;90;83m██[38;2;227;173;46m██[38;2;37;31;11m██[38;2;0;0;0m                
[38;2;0;0;0m        [38;2;188;188;188m  [38;2;6;1;6m██[38;2;61;68;62m██[38;2;59;66;60m██[38;2;60;67;61m██[38;2;127;111;63m██[38;2;38;45;43m██[38;2;57;62;56m██[38;2;50;54;49m██[38;2;43;45;43m██[38;2;54;53;48m██[38;2;107;52;61m██[38;2;45;49;47m██[38;2;36;36;37m██[38;2;84;93;88m██[38;2;205;171;68m██[38;2;48;52;49m██[38;2;2;0;2m  [38;2;0;0;0m                
[38;2;0;0;0m        [38;2;17;15;17m██[38;2;48;53;49m██[38;2;67;54;53m██[38;2;69;54;55m██[38;2;156;135;39m██[38;2;146;127;56m██[38;2;37;42;39m██[38;2;108;63;45m██[38;2;155;60;30m██[38;2;137;65;63m██[38;2;138;98;100m██[38;2;76;81;78m██[38;2;66;72;68m██[38;2;90;100;94m██[38;2;61;66;63m██[38;2;129;115;64m██[38;2;53;59;54m██[38;2;28;30;29m██[38;2;0;0;0m                
[38;2;0;0;0m    [38;2;51;20;23m  [38;2;62;27;29m██[38;2;93;103;98m██[38;2;87;98;92m██[38;2;59;65;61m██[38;2;170;86;94m██[38;2;49;46;41m██[38;2;27;28;24m  [38;2;19;19;19m    [38;2;67;42;44m  [38;2;120;98;98m██[38;2;76;82;79m██[38;2;79;87;83m██[38;2;122;89;89m██[38;2;88;62;62m██[38;2;93;102;94m██[38;2;52;53;50m██[38;2;37;37;37m██[38;2;47;53;50m████[38;2;13;14;13m██[38;2;0;0;0m            
[38;2;0;0;0m      [38;2;113;77;67m██[38;2;151;95;98m██[38;2;93;102;96m██[38;2;88;97;91m██[38;2;50;54;51m██[38;2;97;47;52m██[38;2;191;192;192m  [38;2;255;255;255m    [38;2;80;80;80m  [38;2;50;52;51m██[38;2;74;80;77m██[38;2;145;88;91m██[38;2;107;77;77m██[38;2;86;94;89m██[38;2;83;91;86m██[38;2;30;24;27m██[38;2;155;155;155m  [38;2;52;54;53m  [38;2;24;26;25m██[38;2;47;51;48m██[38;2;34;37;34m██[38;2;97;31;12m██[38;2;0;0;0m        
[38;2;0;0;0m    [38;2;3;2;2m  [38;2;71;77;71m██[38;2;51;58;53m██[38;2;83;92;87m██[38;2;75;82;79m██[38;2;81;89;85m██[38;2;93;101;96m██[38;2;33;36;34m██[38;2;13;14;13m████[38;2;93;101;96m██[38;2;57;59;58m██[38;2;87;96;91m██[38;2;61;68;64m██[38;2;93;101;96m██[38;2;85;94;88m██[38;2;44;47;44m██[38;2;181;81;90m██[38;2;63;63;63m    [38;2;0;1;1m  [38;2;78;27;26m██[38;2;56;62;57m██[38;2;44;45;44m██[38;2;75;43;35m██[38;2;198;57;19m██[38;2;28;8;2m██[38;2;7;2;0m  
[38;2;0;0;0m    [38;2;126;60;65m██[38;2;57;63;57m██[38;2;63;68;65m██[38;2;91;102;95m██[38;2;73;65;38m██[38;2;98;95;57m██[38;2;70;77;71m██[38;2;69;78;72m██[38;2;82;90;80m██[38;2;73;81;75m██[38;2;70;77;71m██[38;2;71;79;73m██[38;2;147;115;34m██[38;2;86;96;89m██[38;2;87;96;90m██[38;2;54;59;55m██[38;2;86;69;67m██[38;2;96;41;46m██[38;2;192;192;192m  [38;2;63;63;63m  [38;2;0;0;0m  [38;2;60;17;16m  [38;2;143;51;48m██[38;2;44;46;44m██[38;2;28;31;29m██[38;2;78;45;33m██[38;2;66;19;5m██[38;2;16;4;1m  
[38;2;0;0;0m    [38;2;44;17;20m  [38;2;113;70;70m██[38;2;55;60;57m██[38;2;47;50;47m██[38;2;44;47;45m██[38;2;151;117;24m██[38;2;215;177;68m██[38;2;230;191;81m██[38;2;98;99;78m██[38;2;201;171;83m██[38;2;215;177;68m██[38;2;198;149;28m██[38;2;49;54;49m██[38;2;55;51;51m    [38;2;47;52;47m██[38;2;145;64;73m  [38;2;204;204;204m  [38;2;255;255;255m  [38;2;63;63;63m  [38;2;0;0;0m    [38;2;155;46;43m██[38;2;8;10;9m  [38;2;0;0;0m        
[38;2;0;0;0m      [38;2;44;17;20m  [38;2;15;17;16m██[38;2;3;4;4m  [38;2;0;0;0m    [38;2;15;17;16m██[38;2;37;31;12m██[38;2;69;62;40m██[38;2;50;43;18m██[38;2;15;17;16m██[38;2;3;4;4m  [38;2;0;0;0m  [38;2;50;50;50m    [38;2;0;0;0m  [38;2;16;16;16m  [38;2;67;67;67m    [38;2;16;16;16m  [38;2;0;0;0m                [0m
