
[38;2;0;0;0m  [38;2;44;43;35m  [38;2;57;55;46m        [38;2;36;35;29m  [38;2;31;29;21m  [38;2;21;20;14m  [38;2;52;50;42m  [38;2;57;55;46m          [38;2;56;54;45m  [38;2;0;0;0m  [38;2;2;2;2m  [38;2;57;55;46m                    [38;2;14;14;11m  
[38;2;0;0;0m  [38;2;172;166;137m  [38;2;222;214;177m        [38;2;141;136;112m  [38;2;71;69;62m██[38;2;126;119;85m██[38;2;53;51;41m  [38;2;222;214;177m          [38;2;49;48;39m  [38;2;133;127;98m██[38;2;105;99;71m  [38;2;147;142;117m  [38;2;222;214;176m  [38;2;222;214;177m                [38;2;57;55;45m  
[38;2;0;0;0m  [38;2;172;166;137m  [38;2;222;214;177m    [38;2;222;214;176m  [38;2;222;214;177m    [38;2;26;25;21m  [38;2;116;111;85m██[38;2;106;103;91m██[38;2;59;57;46m████[38;2;104;100;82m  [38;2;155;149;123m  [38;2;107;103;85m  [38;2;199;191;154m██[38;2;132;125;94m██[38;2;95;90;65m  [38;2;155;149;123m  [38;2;222;214;177m                  [38;2;57;55;45m  
[38;2;0;0;0m  [38;2;172;166;137m  [38;2;222;213;177m  [38;2;222;214;177m  [38;2;222;213;177m  [38;2;222;214;177m  [38;2;39;38;31m  [38;2;149;143;115m  [38;2;175;169;138m██[38;2;197;190;153m██[38;2;200;192;155m████[38;2;183;175;142m██[38;2;164;157;127m██[38;2;126;122;104m██[38;2;89;88;81m██[38;2;132;125;91m██[38;2;11;11;9m  [38;2;222;213;177m      [38;2;222;214;177m  [38;2;222;213;177m    [38;2;222;214;177m    [38;2;222;213;177m  [38;2;222;214;177m  [38;2;57;55;45m  
[38;2;0;0;0m  [38;2;172;166;137m  [38;2;221;214;177m    [38;2;222;214;177m  [38;2;98;94;78m  [38;2;132;126;102m██[38;2;151;146;121m██[38;2;172;165;136m██[38;2;200;192;155m████████[38;2;160;152;115m██[38;2;177;170;139m██[38;2;91;88;75m██[38;2;64;60;43m██[38;2;222;214;177m    [38;2;215;207;171m  [38;2;192;185;153m  [38;2;222;213;177m  [38;2;221;214;177m            [38;2;57;55;45m  
[38;2;0;0;0m  [38;2;172;166;137m  [38;2;222;214;177m        [38;2;190;184;152m  [38;2;31;30;26m  [38;2;142;137;116m██[38;2;142;134;100m██[38;2;199;192;155m████████[38;2;132;128;109m██[38;2;139;131;94m██[38;2;153;145;111m██[38;2;40;39;32m  [38;2;113;109;90m  [38;2;43;41;34m  [38;2;86;83;67m  [38;2;222;214;177m    [38;2;222;213;177m  [38;2;222;214;177m        [38;2;57;55;45m  
[38;2;0;0;0m  [38;2;172;166;137m  [38;2;222;213;177m  [38;2;222;214;177m      [38;2;115;111;91m  [38;2;185;177;143m██[38;2;200;192;154m██[38;2;199;192;155m██[38;2;200;192;154m██[38;2;199;192;155m██[38;2;200;192;154m██[38;2;200;192;155m████████[38;2;114;111;97m██[38;2;133;127;100m██[38;2;173;165;128m██[38;2;86;81;58m██[38;2;63;59;44m  [38;2;191;184;152m  [38;2;222;214;177m          [38;2;57;55;45m  
[38;2;0;0;0m  [38;2;172;166;137m  [38;2;163;157;130m  [38;2;22;21;17m      [38;2;38;35;22m██[38;2;140;132;95m██[38;2;200;192;155m████████[38;2;156;148;111m██[38;2;107;99;62m██[38;2;200;192;155m██[38;2;197;190;153m██[38;2;78;77;73m██[38;2;197;189;152m██[38;2;141;133;96m██[38;2;133;125;91m██[38;2;72;71;67m██[38;2;36;34;27m  [38;2;213;206;170m  [38;2;222;214;177m          [38;2;57;55;45m  
[38;2;0;0;0m  [38;2;172;166;137m  [38;2;107;101;83m  [38;2;226;204;165m██[38;2;224;191;154m██[38;2;223;189;152m██[38;2;226;194;156m██[38;2;227;196;158m██[38;2;158;146;108m██[38;2;196;188;151m██[38;2;173;165;128m██[38;2;196;188;151m██[38;2;153;116;98m██[38;2;253;253;252m██[38;2;211;205;176m██[38;2;200;192;154m██[38;2;181;173;136m██[38;2;121;118;102m██[38;2;113;109;90m██[38;2;139;131;94m  [38;2;55;51;37m██[38;2;222;214;177m  [38;2;222;213;177m  [38;2;207;200;165m  [38;2;98;94;77m  [38;2;92;88;72m  [38;2;194;187;155m  [38;2;222;213;177m  [38;2;57;55;45m  
[38;2;0;0;0m  [38;2;172;166;137m  [38;2;218;210;173m  [38;2;51;48;40m  [38;2;77;62;50m██[38;2;239;213;172m██[38;2;219;184;148m██[38;2;209;171;136m██[38;2;186;169;129m██[38;2;191;183;146m██[38;2;198;190;153m██[38;2;21;20;16m██[38;2;255;171;153m██[38;2;204;196;162m██[38;2;201;193;158m██[38;2;200;192;155m████[38;2;193;185;150m██[38;2;33;33;32m██[38;2;8;7;5m██[38;2;129;124;102m  [38;2;222;214;177m    [38;2;219;212;175m  [38;2;76;73;60m  [38;2;197;189;153m██[38;2;64;61;50m  [38;2;222;214;177m  [38;2;57;55;45m  
[38;2;0;0;0m  [38;2;172;166;137m  [38;2;222;214;177m  [38;2;222;213;177m  [38;2;182;176;145m  [38;2;45;44;42m  [38;2;160;142;115m██[38;2;174;157;117m██[38;2;166;158;121m██[38;2;200;192;155m██[38;2;199;192;155m██[38;2;200;192;155m██[38;2;171;164;135m██[38;2;137;133;113m██[38;2;137;106;114m██[38;2;138;134;114m██[38;2;200;192;155m██[38;2;125;122;105m██[38;2;81;77;59m██[38;2;128;124;102m  [38;2;222;214;177m  [38;2;222;213;177m  [38;2;222;214;177m  [38;2;222;214;176m  [38;2;141;136;112m  [38;2;99;96;80m██[38;2;108;106;94m██[38;2;98;94;76m  [38;2;31;29;24m  
[38;2;0;0;0m  [38;2;3;3;2m  [38;2;4;4;3m    [38;2;150;145;120m  [38;2;115;109;78m  [38;2;113;110;96m██[38;2;197;189;152m██[38;2;163;155;118m██[38;2;200;192;155m██[38;2;142;138;116m██[38;2;67;67;66m██[38;2;153;92;99m██[38;2;251;121;137m██[38;2;128;62;79m██[38;2;136;128;92m██[38;2;138;134;113m██[38;2;71;70;68m██[38;2;97;93;77m██[38;2;58;58;58m  [38;2;135;130;108m  [38;2;222;214;177m        [38;2;37;35;29m██[38;2;199;191;154m██[38;2;155;148;120m██[38;2;0;0;0m  
[38;2;8;8;8m  [38;2;86;83;68m██[38;2;143;141;136m██[38;2;131;124;91m██[38;2;80;76;57m██[38;2;102;97;79m██[38;2;125;119;88m██[38;2;69;68;66m██[38;2;87;84;73m██[38;2;121;61;76m██[38;2;167;73;93m██[38;2;253;121;137m██[38;2;210;109;121m██[38;2;160;94;101m██[38;2;135;129;102m██[38;2;139;131;94m██[38;2;119;113;86m██[38;2;171;163;126m██[38;2;200;192;155m██[38;2;197;189;152m██[38;2;109;103;77m██[38;2;124;119;99m  [38;2;222;213;177m  [38;2;111;107;88m  [38;2;103;99;81m  [38;2;187;179;146m██[38;2;132;128;109m██[38;2;133;129;106m██[38;2;35;33;24m██
[38;2;64;64;64m██[38;2;106;106;106m██[38;2;87;85;73m██[38;2;139;131;94m████[38;2;77;76;69m██[38;2;110;105;82m██[38;2;183;176;144m██[38;2;119;115;101m██[38;2;76;75;72m██[38;2;67;67;66m████[38;2;101;97;80m██[38;2;196;188;152m██[38;2;118;110;73m██[38;2;197;189;153m██[38;2;137;132;113m██[38;2;197;189;153m██[38;2;123;120;104m██[38;2;67;67;66m██[38;2;145;141;118m██[38;2;1;1;1m████[38;2;178;171;140m██[38;2;67;67;66m██[38;2;197;189;153m██[38;2;199;191;154m██[38;2;122;116;87m██[38;2;16;16;16m██
[38;2;7;7;7m  [38;2;113;110;94m██[38;2;110;105;82m██[38;2;139;131;94m██[38;2;114;107;77m██[38;2;63;60;43m██[38;2;87;84;71m  [38;2;179;172;139m██[38;2;175;168;138m██[38;2;137;133;113m██[38;2;127;123;106m██████[38;2;137;133;113m██[38;2;168;162;134m██[38;2;198;190;154m██[38;2;132;128;109m██[38;2;106;102;82m██[38;2;173;166;137m██[38;2;200;192;155m██[38;2;162;156;130m██[38;2;133;128;109m██[38;2;102;98;79m██[38;2;109;105;85m██[38;2;167;159;122m██[38;2;109;104;85m██[38;2;135;128;97m██[38;2;114;108;79m██[38;2;7;7;7m  
[38;2;0;0;0m  [38;2;10;9;8m  [38;2;13;12;10m    [38;2;81;78;65m  [38;2;210;203;168m  [38;2;80;76;62m██[38;2;81;80;75m██[38;2;200;192;155m██[38;2;196;188;151m██████[38;2;198;190;153m██[38;2;200;191;155m████[38;2;197;189;153m██[38;2;106;102;82m██[38;2;242;241;237m██[38;2;171;163;126m██[38;2;200;191;155m  [38;2;200;192;155m██[38;2;177;170;139m██[38;2;113;108;84m██[38;2;127;120;89m██[38;2;114;109;84m██[38;2;124;118;88m██[38;2;117;111;85m██[38;2;104;98;70m  [38;2;3;3;2m  
[38;2;0;0;0m  [38;2;172;166;137m  [38;2;222;214;177m    [38;2;179;173;143m  [38;2;112;108;87m  [38;2;200;192;155m██[38;2;150;145;121m██[38;2;138;133;109m██[38;2;141;133;96m██[38;2;201;183;143m████[38;2;184;171;132m██[38;2;164;156;119m██[38;2;200;192;155m██[38;2;164;156;119m██[38;2;144;135;116m██[38;2;172;164;127m██[38;2;177;171;147m██[38;2;167;159;122m██[38;2;200;192;155m██[38;2;73;72;68m██[38;2;139;131;94m██[38;2;127;120;89m██[38;2;114;109;84m██[38;2;124;118;88m██[38;2;60;57;46m██[38;2;149;144;119m  [38;2;57;55;45m  
[38;2;0;0;0m  [38;2;172;166;137m  [38;2;222;214;177m    [38;2;149;143;119m  [38;2;168;162;130m██[38;2;199;192;154m██[38;2;200;192;155m██[38;2;146;141;119m██[38;2;230;208;170m██[38;2;209;169;135m██████[38;2;245;221;179m██[38;2;149;140;102m██[38;2;245;221;179m██[38;2;234;210;171m██[38;2;81;80;74m██[38;2;142;135;101m██[38;2;136;129;95m██[38;2;121;117;102m██[38;2;73;72;68m██[38;2;139;131;94m██[38;2;122;116;87m██[38;2;107;102;79m██[38;2;51;51;50m  [38;2;163;157;130m  [38;2;222;214;177m  [38;2;57;55;45m  
[38;2;0;0;0m  [38;2;172;166;137m  [38;2;221;214;177m  [38;2;222;214;177m  [38;2;194;187;154m  [38;2;85;82;66m  [38;2;200;192;155m████[38;2;141;135;103m██[38;2;131;123;106m██[38;2;246;222;179m████████[38;2;233;204;164m██[38;2;220;186;149m██[38;2;142;127;109m██[38;2;197;189;153m██[38;2;142;140;130m██[38;2;72;71;69m██[38;2;179;172;141m██[38;2;141;137;115m██[38;2;93;90;76m██[38;2;29;28;26m██[38;2;109;105;85m  [38;2;153;148;122m  [38;2;222;214;177m    [38;2;57;55;45m  
[38;2;0;0;0m  [38;2;172;166;137m  [38;2;222;214;177m    [38;2;221;214;177m  [38;2;195;188;156m  [38;2;58;55;40m██[38;2;128;121;89m██[38;2;139;131;93m████[38;2;118;103;87m██[38;2;176;141;112m██[38;2;210;172;137m████[38;2;225;193;155m██[38;2;237;211;171m██[38;2;104;100;80m██[38;2;191;183;146m██[38;2;200;192;155m██[38;2;199;192;155m██[38;2;194;186;149m██[38;2;122;115;82m██[38;2;19;19;15m  [38;2;222;214;177m  [38;2;221;214;177m  [38;2;222;214;177m  [38;2;221;214;177m  [38;2;222;214;177m  [38;2;57;55;45m  
[38;2;0;0;0m  [38;2;172;166;137m  [38;2;221;214;177m  [38;2;222;214;177m  [38;2;174;167;138m  [38;2;123;118;95m  [38;2;170;163;130m██[38;2;154;148;124m██[38;2;163;155;118m██[38;2;139;131;94m██[38;2;90;86;68m  [38;2;146;141;116m  [38;2;83;75;61m██[38;2;173;160;122m██[38;2;168;152;114m██[38;2;160;141;106m██[38;2;78;74;56m██[38;2;140;132;95m██[38;2;159;151;114m████[38;2;147;139;102m██[38;2;59;56;42m  [38;2;194;187;155m  [38;2;221;214;177m  [38;2;222;214;177m      [38;2;222;213;177m  [38;2;57;55;45m  
[38;2;0;0;0m  [38;2;172;166;137m  [38;2;222;214;177m    [38;2;95;94;89m  [38;2;128;123;97m██[38;2;169;163;133m██[38;2;159;153;122m██[38;2;164;157;127m██[38;2;50;48;40m  [38;2;222;214;177m  [38;2;222;213;177m    [38;2;43;41;34m  [38;2;39;38;31m    [38;2;115;111;92m  [38;2;41;39;31m██[38;2;138;131;94m██[38;2;139;131;94m██[38;2;76;72;54m██[38;2;186;180;148m  [38;2;222;213;177m  [38;2;222;214;177m  [38;2;222;213;177m  [38;2;222;214;177m  [38;2;222;213;177m  [38;2;221;213;177m  [38;2;57;55;45m  
[38;2;0;0;0m  [38;2;172;166;137m  [38;2;222;214;177m    [38;2;200;192;159m  [38;2;155;149;123m  [38;2;40;40;40m██[38;2;76;76;76m██[38;2;155;149;123m  [38;2;216;208;172m  [38;2;222;214;177m  [38;2;222;213;177m  [38;2;222;214;177m  [38;2;222;213;177m  [38;2;222;214;177m    [38;2;103;99;82m  [38;2;199;191;154m██[38;2;181;173;136m████[38;2;192;184;147m██[38;2;26;25;21m  [38;2;222;213;177m  [38;2;222;214;177m  [38;2;222;213;177m  [38;2;222;214;177m      [38;2;57;55;45m  
[38;2;0;0;0m  [38;2;134;129;107m  [38;2;173;166;138m                            [38;2;80;77;64m  [38;2;84;79;51m██[38;2;171;168;151m██[38;2;121;115;88m██[38;2;146;143;125m██[38;2;20;20;16m  [38;2;173;166;138m            [38;2;44;43;35m  
[38;2;0;0;0m                                  [38;2;3;3;3m  [38;2;28;28;28m  [38;2;5;5;5m  [38;2;26;26;26m  [38;2;0;0;0m                [0m
