
[38;2;0;0;0m  [38;2;39;41;3m  [38;2;51;53;4m              [38;2;6;7;0m  [38;2;56;50;41m██[38;2;6;5;4m  [38;2;51;53;4m              [38;2;2;0;2m  [38;2;53;55;0m██[38;2;0;2;2m  [38;2;51;53;4m              [38;2;0;0;0m  [38;2;31;33;2m  [38;2;51;53;4m                  [38;2;13;13;1m  
[38;2;29;29;0m  [38;2;149;152;2m  [38;2;159;163;3m      [38;2;66;68;3m  [38;2;159;163;3m    [38;2;119;122;3m  [38;2;153;136;109m  [38;2;218;196;163m██[38;2;23;21;17m██[38;2;159;163;3m            [38;2;105;108;3m  [38;2;156;160;2m  [38;2;116;130;20m██[38;2;163;170;2m  [38;2;105;108;3m  [38;2;159;163;3m          [38;2;91;94;3m  [38;2;190;176;152m██[38;2;99;96;59m  [38;2;159;163;3m                  [38;2;40;41;0m  
[38;2;37;38;0m  [38;2;147;150;0m  [38;2;148;150;0m  [38;2;114;115;0m  [38;2;43;44;0m██[38;2;166;173;0m██[38;2;55;57;0m██[38;2;97;98;0m  [38;2;119;105;84m██[38;2;117;98;77m██[38;2;113;102;72m  [38;2;136;138;0m  [38;2;147;150;0m            [38;2;97;99;0m  [38;2;138;141;2m  [38;2;126;135;31m██[38;2;206;213;0m██[38;2;77;78;0m  [38;2;147;149;0m  [38;2;147;150;0m        [38;2;85;86;0m  [38;2;182;169;146m██[38;2;230;207;173m██[38;2;19;20;0m  [38;2;147;150;0m    [38;2;119;121;0m  [38;2;147;149;0m  [38;2;147;150;0m        [38;2;37;38;0m  
[38;2;37;38;0m  [38;2;147;150;0m    [38;2;30;31;0m  [38;2;184;190;1m██[38;2;192;199;1m██[38;2;155;163;17m██[38;2;162;146;118m██[38;2;158;139;116m██[38;2;110;109;4m  [38;2;129;131;0m  [38;2;147;150;0m                [38;2;3;1;1m  [38;2;177;186;6m██[38;2;38;39;0m  [38;2;134;135;0m  [38;2;147;150;0m        [38;2;148;149;0m  [38;2;147;150;0m  [38;2;111;112;4m  [38;2;115;85;55m██[38;2;174;162;136m  [38;2;105;107;0m  [38;2;129;130;0m  [38;2;113;116;0m  [38;2;50;51;0m  [38;2;147;150;0m        [38;2;37;38;0m  
[38;2;37;38;0m  [38;2;147;150;0m  [38;2;134;136;0m  [38;2;54;55;0m  [38;2;173;178;1m████[38;2;118;122;15m██[38;2;157;143;117m██[38;2;63;64;0m  [38;2;141;143;0m  [38;2;147;150;0m        [38;2;127;129;0m  [38;2;62;65;0m  [38;2;60;62;0m██[38;2;99;100;0m  [38;2;83;84;1m  [38;2;190;197;0m██[38;2;90;91;1m  [38;2;100;102;0m  [38;2;80;81;0m  [38;2;58;61;0m██[38;2;81;82;0m  [38;2;148;150;0m  [38;2;147;150;0m        [38;2;85;86;0m  [38;2;178;165;142m██[38;2;137;127;110m██[38;2;47;48;17m██[38;2;191;198;1m██[38;2;168;174;0m██[38;2;61;63;0m██[38;2;110;112;0m  [38;2;147;150;0m    [38;2;37;38;0m  
[38;2;37;38;0m  [38;2;147;150;0m  [38;2;141;142;0m  [38;2;43;43;0m  [38;2;117;117;17m██[38;2;76;75;54m██[38;2;136;138;1m██[38;2;76;75;54m██[38;2;87;87;0m██[38;2;128;129;0m  [38;2;147;150;0m        [38;2;84;85;0m  [38;2;178;184;0m██[38;2;144;147;1m██[38;2;159;165;0m██[38;2;113;130;23m██[38;2;74;100;42m██[38;2;93;96;1m  [38;2;160;165;0m██[38;2;176;183;0m██[38;2;184;191;0m██[38;2;81;82;0m  [38;2;147;150;0m      [38;2;147;149;0m  [38;2;147;150;0m    [38;2;112;113;4m  [38;2;173;160;138m██[38;2;193;183;155m██[38;2;121;129;18m██[38;2;192;199;1m████[38;2;131;136;0m  [38;2;113;114;0m  [38;2;147;150;0m  [38;2;37;38;0m  
[38;2;37;38;0m  [38;2;147;149;0m  [38;2;148;149;0m  [38;2;147;149;0m  [38;2;66;60;49m██[38;2;218;196;163m██[38;2;73;72;57m██[38;2;127;128;7m██[38;2;64;65;0m  [38;2;141;142;0m  [38;2;128;130;0m  [38;2;55;43;25m  [38;2;95;86;37m  [38;2;96;97;0m  [38;2;75;76;0m  [38;2;181;187;0m██[38;2;159;163;1m██[38;2;155;158;1m██[38;2;161;165;1m██[38;2;135;136;1m██[38;2;190;197;1m██[38;2;170;175;1m██[38;2;154;157;1m██[38;2;170;175;1m  [38;2;106;109;0m██[38;2;66;69;0m██[38;2;28;29;0m██[38;2;147;150;0m        [38;2;147;149;0m  [38;2;57;53;0m  [38;2;114;116;1m██[38;2;136;138;1m██[38;2;110;110;23m██[38;2;152;155;7m██[38;2;125;126;0m██[38;2;61;62;0m  [38;2;147;150;0m  [38;2;37;38;0m  
[38;2;37;38;0m  [38;2;147;149;0m  [38;2;147;150;0m    [38;2;45;39;31m██[38;2;207;183;145m██[38;2;105;107;6m██[38;2;135;136;1m██[38;2;48;47;36m██[38;2;128;129;0m  [38;2;92;93;0m  [38;2;205;188;161m██[38;2;170;158;138m██[38;2;156;161;5m██[38;2;151;155;0m██[38;2;186;193;1m██[38;2;185;192;1m██[38;2;190;197;1m██[38;2;186;192;1m██[38;2;182;188;1m██[38;2;190;197;1m██[38;2;182;188;1m██[38;2;191;198;1m██[38;2;137;138;1m██[38;2;190;197;1m██[38;2;186;193;6m██[38;2;81;95;69m██[38;2;31;31;0m  [38;2;147;150;0m      [38;2;147;149;0m  [38;2;135;136;0m  [38;2;37;37;0m██[38;2;94;94;38m██[38;2;219;205;177m██[38;2;107;117;88m██[38;2;111;113;0m██[38;2;106;107;0m  [38;2;147;150;0m  [38;2;37;38;0m  
[38;2;37;38;0m  [38;2;147;150;0m  [38;2;132;134;0m  [38;2;91;94;2m  [38;2;125;111;90m██[38;2;77;66;53m██[38;2;69;66;0m  [38;2;127;128;0m██[38;2;135;136;1m██[38;2;62;62;0m██[38;2;65;67;10m  [38;2;212;196;166m██[38;2;91;71;52m██[38;2;179;185;4m██[38;2;190;197;1m██[38;2;185;190;1m██[38;2;148;144;28m██[38;2;169;173;3m██[38;2;154;156;25m██[38;2;167;158;61m██[38;2;167;166;31m██[38;2;166;159;61m██[38;2;181;187;1m██[38;2;189;196;1m██[38;2;144;146;1m██[38;2;182;189;4m██[38;2;166;163;132m██[38;2;173;140;105m██[38;2;88;89;0m  [38;2;147;150;0m    [38;2;128;129;0m  [38;2;33;33;0m██[38;2;128;129;7m██[38;2;91;92;40m██[38;2;203;192;135m██[38;2;128;127;105m██[38;2;37;31;3m  [38;2;147;150;0m  [38;2;148;150;0m  [38;2;37;38;0m  
[38;2;37;38;0m  [38;2;46;46;0m  [38;2;59;61;0m  [38;2;83;81;39m██[38;2;160;144;118m██[38;2;112;113;3m  [38;2;99;100;0m  [38;2;114;116;0m██[38;2;135;137;1m██[38;2;80;80;50m██[38;2;96;107;22m██[38;2;201;184;151m██[38;2;56;35;38m  [38;2;29;25;6m  [38;2;143;147;25m██[38;2;129;130;4m██[38;2;211;196;153m██[38;2;212;188;146m██[38;2;172;158;76m██[38;2;144;142;19m██[38;2;214;192;154m██[38;2;216;196;161m██[38;2;97;109;31m██[38;2;78;78;58m██[38;2;136;139;26m██[38;2;182;188;4m██[38;2;128;90;87m██[38;2;224;208;180m██[38;2;88;89;0m  [38;2;147;150;0m    [38;2;29;30;0m  [38;2;130;132;0m██[38;2;136;138;1m████[38;2;114;116;4m██[38;2;206;188;124m██[38;2;37;31;0m  [38;2;147;150;0m    [38;2;37;38;0m  
[38;2;0;0;0m  [38;2;122;125;0m██[38;2;192;199;1m██[38;2;100;114;60m██[38;2;137;142;85m██[38;2;70;67;0m██[38;2;107;108;0m  [38;2;74;75;0m  [38;2;89;89;9m██[38;2;95;95;37m██[38;2;86;102;85m██[38;2;150;151;126m██[38;2;50;43;41m  [38;2;31;28;28m  [38;2;137;141;28m██[38;2;71;69;66m██[38;2;81;67;63m██[38;2;162;123;100m██[38;2;217;197;163m██[38;2;195;172;145m██[38;2;157;141;122m██[38;2;65;64;65m██[38;2;73;71;66m██[38;2;81;77;67m██[38;2;121;123;29m██[38;2;188;195;1m██[38;2;119;129;22m██[38;2;80;78;76m  [38;2;98;91;79m██[38;2;131;133;0m  [38;2;34;34;0m██[38;2;99;99;33m██[38;2;135;137;1m██[38;2;127;128;0m██[38;2;79;80;0m██[38;2;60;61;0m  [38;2;119;112;80m  [38;2;194;180;156m  [38;2;106;107;0m  [38;2;147;150;0m  [38;2;37;38;0m  
[38;2;0;0;0m  [38;2;147;152;0m██[38;2;192;198;1m██[38;2;184;191;6m██[38;2;119;121;4m██[38;2;131;133;1m██[38;2;48;49;0m  [38;2;147;150;0m  [38;2;20;23;22m██[38;2;125;128;9m██[38;2;134;130;114m██[38;2;139;85;85m██[38;2;95;69;73m██[38;2;144;85;90m██[38;2;111;112;36m██[38;2;72;71;61m██[38;2;151;110;94m██[38;2;233;149;124m██[38;2;76;70;65m██[38;2;72;69;69m██[38;2;187;126;96m██[38;2;238;197;102m██[38;2;73;71;66m██[38;2;74;88;73m██[38;2;132;133;29m██[38;2;191;198;1m██[38;2;187;194;1m██[38;2;80;74;75m██[38;2;140;129;112m██[38;2;23;24;6m  [38;2;132;133;0m██[38;2;135;137;1m██[38;2;93;93;39m██[38;2;30;30;0m  [38;2;136;138;0m  [38;2;147;150;0m  [38;2;45;45;0m  [38;2;242;223;193m██[38;2;71;66;51m  [38;2;42;43;0m  [38;2;37;38;0m  
[38;2;34;35;0m██[38;2;159;163;1m██[38;2;184;190;1m██[38;2;141;143;1m██[38;2;80;89;45m██[38;2;28;25;0m██[38;2;147;150;0m  [38;2;26;23;2m  [38;2;172;178;10m██[38;2;129;125;97m██[38;2;180;165;139m██[38;2;95;67;69m██[38;2;120;106;100m██[38;2;109;76;79m██[38;2;135;137;21m██[38;2;115;115;34m██[38;2;87;69;64m██[38;2;74;58;58m██[38;2;166;91;66m██[38;2;149;92;72m██[38;2;170;128;93m██[38;2;91;55;58m██[38;2;90;62;65m██[38;2;71;66;63m██[38;2;167;172;13m██[38;2;134;135;32m██[38;2;103;74;77m██[38;2;98;89;83m██[38;2;173;161;143m██[38;2;74;73;61m██[38;2;116;121;11m██[38;2;132;134;1m██[38;2;46;47;0m██[38;2;147;150;0m    [38;2;136;137;0m  [38;2;85;84;2m  [38;2;50;56;48m██[38;2;139;134;63m██[38;2;147;152;0m██[38;2;0;0;0m  
[38;2;1;1;0m  [38;2;6;6;0m██[38;2;44;44;5m██[38;2;82;81;49m██[38;2;132;133;3m██[38;2;129;130;0m██[38;2;6;6;0m  [38;2;156;162;1m  [38;2;111;121;88m██[38;2;220;194;162m██[38;2;218;196;163m██[38;2;164;139;127m██[38;2;101;63;66m██[38;2;175;181;9m██[38;2;112;112;36m██[38;2;83;77;61m██[38;2;116;75;63m██[38;2;244;116;64m██[38;2;248;126;81m██[38;2;254;128;81m██[38;2;140;74;66m██[38;2;121;60;65m██[38;2;124;60;65m██[38;2;78;72;62m██[38;2;189;196;2m██[38;2;184;186;9m██[38;2;136;72;77m██[38;2;177;182;9m██[38;2;73;72;68m██[38;2;198;180;152m██[38;2;117;122;98m██[38;2;157;158;0m██[38;2;93;94;0m  [38;2;147;150;0m    [38;2;29;29;0m  [38;2;70;86;38m██[38;2;147;152;3m██[38;2;190;197;1m██[38;2;147;152;0m██[38;2;0;0;0m  
[38;2;37;38;0m  [38;2;147;150;0m  [38;2;77;71;8m  [38;2;108;105;7m██[38;2;95;93;0m██[38;2;104;104;28m██[38;2;122;123;12m██[38;2;126;129;31m██[38;2;132;129;63m██[38;2;211;186;156m██[38;2;177;154;138m██[38;2;106;117;99m██[38;2;146;153;21m██[38;2;192;199;1m██[38;2;95;67;70m██[38;2;151;87;92m██[38;2;143;83;74m██[38;2;216;112;76m██[38;2;193;101;74m██[38;2;189;92;70m██[38;2;141;88;70m██[38;2;124;60;65m██[38;2;144;80;85m██[38;2;150;87;92m██[38;2;122;109;52m██[38;2;74;68;65m██[38;2;143;143;29m██[38;2;72;70;70m██[38;2;176;154;138m██[38;2;220;195;162m██[38;2;218;197;163m██[38;2;82;82;56m██[38;2;67;70;0m██[38;2;147;150;0m  [38;2;101;102;0m  [38;2;76;77;0m██[38;2;86;85;45m██[38;2;135;136;1m██[38;2;174;179;1m██[38;2;192;199;1m██[38;2;49;50;0m██
[38;2;37;38;0m  [38;2;147;150;0m  [38;2;43;34;29m██[38;2;33;24;13m██[38;2;102;103;0m  [38;2;110;111;0m██[38;2;135;137;1m██[38;2;76;75;54m██[38;2;191;198;1m██[38;2;83;83;57m██[38;2;66;65;65m██[38;2;176;182;8m██[38;2;192;199;1m██[38;2;63;91;46m██[38;2;153;89;94m██[38;2;126;62;67m██[38;2;121;57;62m██[38;2;118;54;59m██[38;2;179;71;43m██[38;2;179;71;49m██[38;2;111;79;81m██[38;2;124;60;65m████[38;2;152;88;93m██[38;2;123;60;65m██[38;2;120;60;65m██[38;2;141;143;28m██[38;2;179;185;7m██[38;2;119;106;102m██[38;2;164;142;131m██[38;2;220;195;163m██[38;2;68;95;45m██[38;2;68;71;0m██[38;2;126;126;0m  [38;2;65;63;0m  [38;2;135;137;1m██[38;2;134;135;1m██[38;2;80;80;50m██[38;2;136;138;1m██[38;2;179;185;1m██[38;2;35;35;0m██
[38;2;16;9;5m  [38;2;73;49;30m██[38;2;118;84;52m██[38;2;98;71;57m██[38;2;73;55;27m██[38;2;100;99;32m██[38;2;123;125;11m██[38;2;110;89;58m██[38;2;77;76;53m██[38;2;124;127;32m██[38;2;192;199;1m██[38;2;135;138;29m██[38;2;96;99;0m██[38;2;78;46;43m  [38;2;66;34;37m  [38;2;209;185;155m██[38;2;219;196;163m██[38;2;169;128;112m██[38;2;141;130;113m████[38;2;170;127;113m██[38;2;219;196;163m██[38;2;218;196;165m██[38;2;124;60;65m██[38;2;86;63;62m██[38;2;82;63;59m██[38;2;36;34;32m██[38;2;192;199;1m██[38;2;154;158;20m██[38;2;110;99;95m██[38;2;122;120;55m██[38;2;170;177;5m██[38;2;59;60;12m  [38;2;78;79;0m██[38;2;137;139;1m██[38;2;135;137;1m██[38;2;135;136;1m██[38;2;93;93;26m██[38;2;68;69;0m██[38;2;73;75;0m  [38;2;18;19;0m  
[38;2;49;41;31m  [38;2;194;162;121m██[38;2;130;92;58m██[38;2;157;111;62m██[38;2;123;72;48m██[38;2;77;65;61m██[38;2;66;64;64m██[38;2;144;103;61m██[38;2;89;89;42m██[38;2;133;134;1m██[38;2;66;65;64m██[38;2;9;8;7m██[38;2;143;80;85m  [38;2;14;8;7m  [38;2;57;58;1m██[38;2;70;69;60m██[38;2;218;194;162m██[38;2;218;196;163m██[38;2;217;195;162m██[38;2;216;194;161m██[38;2;218;196;163m██[38;2;217;196;163m██[38;2;168;124;111m██[38;2;121;60;64m██[38;2;107;108;29m██[38;2;18;6;12m  [38;2;143;80;85m  [38;2;2;2;0m  [38;2;113;118;0m  [38;2;190;197;1m██[38;2;112;114;40m██[38;2;68;78;55m██[38;2;135;136;1m████[38;2;134;136;0m██[38;2;121;121;13m██[38;2;112;112;20m██[38;2;32;32;0m  [38;2;147;150;0m    [38;2;37;38;0m  
[38;2;20;20;0m  [38;2;78;79;0m  [38;2;98;87;67m██[38;2;130;108;77m██[38;2;87;69;52m██[38;2;135;102;77m██[38;2;131;92;56m██[38;2;111;86;62m██[38;2;115;88;62m████[38;2;97;97;34m██[38;2;130;131;4m██[38;2;73;73;0m██[38;2;111;113;0m██[38;2;139;124;109m██[38;2;100;99;39m██[38;2;121;114;68m██[38;2;145;128;114m██[38;2;147;92;88m██[38;2;122;59;64m██[38;2;168;123;111m██[38;2;167;123;111m██[38;2;107;61;65m██[38;2;93;64;60m██[38;2;100;100;33m██[38;2;95;94;32m██[38;2;67;64;0m██[38;2;69;70;0m  [38;2;74;73;0m  [38;2;116;117;4m██[38;2;122;123;12m██[38;2;136;138;1m████[38;2;124;126;0m██[38;2;73;74;0m  [38;2;58;44;34m██[38;2;47;34;19m██[38;2;147;150;0m      [38;2;37;38;0m  
[38;2;37;38;0m  [38;2;147;150;0m  [38;2;35;20;13m██[38;2;26;14;10m██[38;2;104;106;0m  [38;2;148;129;95m  [38;2;167;135;99m██[38;2;125;78;55m██[38;2;126;76;52m████[38;2;137;110;84m██[38;2;100;97;13m██[38;2;112;111;26m██[38;2;188;163;137m██[38;2;173;157;137m██[38;2;197;171;143m██[38;2;148;133;116m██[38;2;78;76;74m██[38;2;178;117;122m██[38;2;128;67;72m██[38;2;177;116;121m██[38;2;127;66;71m██[38;2;86;77;75m██[38;2;224;202;170m██[38;2;162;147;127m██[38;2;236;211;174m██[38;2;147;134;116m██[38;2;132;133;3m██[38;2;135;137;1m██[38;2;135;137;0m██[38;2;132;133;0m██[38;2;131;132;3m██[38;2;95;88;41m██[38;2;74;61;59m██[38;2;31;22;20m██[38;2;155;108;61m██[38;2;90;65;41m██[38;2;13;14;15m██[38;2;7;5;2m██[38;2;141;143;0m  [38;2;36;36;0m  
[38;2;37;38;0m  [38;2;147;150;0m  [38;2;35;20;13m██[38;2;82;46;31m██[38;2;90;91;0m  [38;2;94;96;0m  [38;2;64;48;39m██[38;2;122;106;89m██[38;2;85;72;55m████[38;2;86;75;33m  [38;2;86;84;0m  [38;2;49;48;11m██[38;2;97;66;53m██[38;2;143;119;106m██[38;2;105;72;57m██[38;2;115;98;85m██[38;2;171;138;109m██[38;2;161;148;129m██[38;2;161;146;129m████[38;2;162;146;129m██[38;2;156;134;113m██[38;2;118;91;65m██[38;2;200;169;139m██[38;2;223;197;165m██[38;2;189;160;131m██[38;2;86;87;26m██[38;2;90;92;0m██[38;2;62;63;0m  [38;2;68;68;0m  [38;2;117;89;62m██[38;2;132;87;55m██[38;2;139;98;61m██[38;2;141;95;60m██[38;2;116;90;63m██[38;2;130;94;58m██[38;2;155;107;61m  [38;2;138;88;53m██[38;2;69;55;42m██[38;2;28;23;17m  
[38;2;0;0;0m  [38;2;152;160;12m  [38;2;147;154;11m  [38;2;95;56;36m  [38;2;89;51;35m██[38;2;151;158;13m  [38;2;47;32;24m██[38;2;18;13;10m██[38;2;199;209;16m          [38;2;30;32;2m  [38;2;116;65;45m██[38;2;124;70;45m██[38;2;102;64;50m██[38;2;163;100;52m██[38;2;123;73;49m██[38;2;126;74;49m██[38;2;123;73;49m██[38;2;126;75;50m██[38;2;118;84;60m██[38;2;155;111;63m██[38;2;139;91;55m██[38;2;124;74;50m██[38;2;67;37;23m  [38;2;22;15;1m  [38;2;127;131;10m  [38;2;199;208;16m  [38;2;84;88;6m  [38;2;179;151;110m██[38;2;165;127;82m██[38;2;128;79;54m██[38;2;128;78;54m██[38;2;128;79;54m████[38;2;138;94;67m██[38;2;179;151;116m██[38;2;145;117;87m  [38;2;5;4;0m  
[38;2;0;0;0m  [38;2;152;160;12m  [38;2;199;208;16m  [38;2;41;43;3m  [38;2;110;68;48m██[38;2;87;67;53m██[38;2;128;88;48m██[38;2;109;111;11m  [38;2;199;208;16m  [38;2;97;102;7m  [38;2;81;85;6m    [38;2;128;135;10m  [38;2;199;209;16m  [38;2;117;123;9m  [38;2;56;35;17m  [38;2;138;91;56m██[38;2;134;94;56m██[38;2;125;81;56m██[38;2;137;88;56m██[38;2;135;91;60m██[38;2;158;111;63m██[38;2;159;111;63m██[38;2;137;88;55m██[38;2;157;110;61m██[38;2;68;49;23m  [38;2;164;172;13m  [38;2;199;209;16m        [38;2;117;123;9m  [38;2;91;87;35m  [38;2;83;73;56m██[38;2;116;104;87m██[38;2;107;95;73m██[38;2;77;68;51m██[38;2;85;79;41m  [38;2;117;123;9m  [38;2;136;143;10m  [38;2;50;53;4m  
[38;2;0;0;0m  [38;2;152;160;12m  [38;2;199;208;16m  [38;2;198;209;16m  [38;2;48;33;19m██[38;2;159;111;63m██[38;2;65;68;5m  [38;2;181;190;14m  [38;2;24;22;18m██[38;2;195;177;144m██[38;2;234;209;172m████[38;2;150;134;110m██[38;2;25;22;19m██[38;2;104;109;11m  [38;2;147;104;75m██[38;2;135;84;58m██[38;2;234;209;175m██[38;2;234;209;172m████[38;2;186;150;118m██[38;2;135;87;62m██[38;2;154;109;62m████[38;2;126;76;50m██[38;2;146;104;59m██[38;2;114;119;9m  [38;2;177;186;14m  [38;2;86;88;17m  [38;2;25;22;19m████[38;2;45;44;18m  [38;2;177;186;14m  [38;2;167;175;13m  [38;2;84;48;32m██[38;2;102;58;40m██[38;2;138;145;11m  [38;2;198;209;16m    [38;2;199;209;16m  [38;2;50;53;4m  
[38;2;0;0;0m  [38;2;152;160;12m  [38;2;199;209;16m    [38;2;104;103;14m  [38;2;143;97;56m██[38;2;77;56;22m  [38;2;49;44;33m  [38;2;187;159;129m  [38;2;231;209;173m██[38;2;225;200;167m████[38;2;230;204;170m██[38;2;172;130;100m██[38;2;87;64;47m██[38;2;186;152;120m██[38;2;228;202;167m██[38;2;217;191;160m██[38;2;223;199;166m██[38;2;225;199;164m██[38;2;217;191;159m██[38;2;237;212;176m██[38;2;163;121;90m██[38;2;156;111;63m██[38;2;157;111;63m██[38;2;153;108;62m██[38;2;80;74;28m  [38;2;147;132;111m██[38;2;189;168;140m██[38;2;217;191;160m████[38;2;208;183;153m██[38;2;151;132;107m██[38;2;87;87;6m  [38;2;72;61;15m  [38;2;99;58;36m██[38;2;139;145;11m  [38;2;199;209;16m      [38;2;50;53;4m  
[38;2;0;0;0m  [38;2;152;160;12m  [38;2;199;209;16m    [38;2;146;153;11m  [38;2;81;56;30m  [38;2;126;72;48m██[38;2;79;63;61m██[38;2;150;95;55m██[38;2;127;77;50m██[38;2;166;126;96m██[38;2;127;80;50m██[38;2;164;123;93m██[38;2;157;111;77m██[38;2;97;78;68m██[38;2;231;206;168m██[38;2;222;196;162m██[38;2;238;213;175m██[38;2;229;211;153m██[38;2;231;211;151m██[38;2;237;213;175m██[38;2;209;183;152m██[38;2;238;213;179m██[38;2;124;72;48m██[38;2;157;111;64m██[38;2;147;103;64m██[38;2;90;71;58m██[38;2;135;87;60m██[38;2;229;203;167m██[38;2;223;193;156m██[38;2;229;203;165m██[38;2;222;193;157m██[38;2;141;117;92m██[38;2;37;33;2m  [38;2;65;68;5m  [38;2;131;83;49m██[38;2;51;33;19m██[38;2;199;209;16m      [38;2;50;53;4m  
[38;2;0;0;0m  [38;2;152;160;12m  [38;2;198;209;16m  [38;2;199;209;16m  [38;2;198;208;16m  [38;2;142;149;11m  [38;2;43;25;17m██[38;2;61;57;57m██[38;2;145;101;64m██[38;2;153;106;63m██[38;2;148;102;59m██[38;2;122;85;62m██[38;2;149;104;60m██[38;2;159;111;63m██[38;2;138;128;114m██[38;2;217;191;158m██[38;2;238;213;177m██[38;2;209;204;67m██[38;2;192;199;1m████[38;2;221;208;120m██[38;2;234;212;177m██[38;2;227;202;166m██[38;2;195;157;123m██[38;2;148;98;59m██[38;2;137;96;66m██[38;2;94;78;65m██[38;2;155;109;62m██[38;2;151;105;70m██[38;2;147;96;63m██[38;2;153;104;72m██[38;2;144;97;58m██[38;2;153;105;59m██[38;2;31;33;2m  [38;2;65;68;5m  [38;2;152;106;61m██[38;2;111;75;45m██[38;2;96;101;7m  [38;2;199;209;16m  [38;2;199;208;16m  [38;2;50;53;4m  
[38;2;0;0;0m  [38;2;152;160;12m  [38;2;198;208;16m  [38;2;198;209;16m    [38;2;199;209;16m  [38;2;198;209;16m  [38;2;31;33;2m  [38;2;141;98;64m██[38;2;152;105;64m██[38;2;152;106;64m██[38;2;159;110;63m██[38;2;157;111;63m██[38;2;150;105;60m██[38;2;138;121;102m██[38;2;210;184;152m██[38;2;238;213;177m██[38;2;193;199;7m██[38;2;192;199;1m██[38;2;192;198;1m██[38;2;213;205;89m██[38;2;234;212;177m██[38;2;224;199;164m██[38;2;232;208;176m██[38;2;102;76;73m██[38;2;157;109;63m██[38;2;100;78;61m██[38;2;41;39;7m  [38;2;134;90;54m██[38;2;155;103;60m██[38;2;149;102;56m██[38;2;141;102;60m██[38;2;67;56;21m  [38;2;193;203;15m  [38;2;72;69;11m  [38;2;151;105;61m  [38;2;155;105;61m██[38;2;41;43;3m  [38;2;198;208;16m  [38;2;199;209;16m  [38;2;50;53;4m  
[38;2;0;0;0m  [38;2;152;160;12m  [38;2;198;208;16m  [38;2;198;209;16m  [38;2;198;208;16m  [38;2;199;209;16m  [38;2;154;162;12m  [38;2;82;51;27m  [38;2;144;93;54m██[38;2;159;110;63m██[38;2;121;86;69m██[38;2;160;109;59m██[38;2;150;99;56m██[38;2;125;73;49m██[38;2;94;68;55m██[38;2;227;207;171m██[38;2;217;196;163m██[38;2;223;208;121m██[38;2;192;198;1m████[38;2;230;211;149m██[38;2;236;212;175m██[38;2;227;201;166m██[38;2;158;116;89m██[38;2;147;105;64m██[38;2;149;105;60m██[38;2;90;91;15m  [38;2;193;203;15m  [38;2;137;142;10m  [38;2;45;28;17m██[38;2;114;70;49m██[38;2;39;35;13m  [38;2;176;185;16m  [38;2;168;175;13m  [38;2;110;73;43m██[38;2;129;79;51m██[38;2;71;49;28m██[38;2;148;156;11m  [38;2;198;209;16m    [38;2;50;53;4m  
[38;2;0;0;0m            [38;2;41;23;16m██[38;2;118;69;45m██[38;2;109;86;64m██[38;2;158;110;62m██[38;2;143;97;56m██[38;2;97;69;46m██[38;2;76;52;43m██[38;2;124;70;48m██[38;2;91;66;56m██[38;2;86;68;60m██[38;2;207;186;155m██[38;2;237;211;175m██[38;2;234;210;176m██[38;2;231;206;173m██[38;2;234;210;174m██[38;2;211;185;154m██[38;2;223;198;162m██[38;2;130;80;52m██[38;2;153;107;61m██[38;2;124;76;49m██[38;2;13;9;7m  [38;2;1;1;1m  [38;2;23;15;11m██[38;2;113;67;49m██[38;2;107;69;52m██[38;2;19;13;11m  [38;2;0;0;0m  [38;2;52;35;19m██[38;2;130;84;50m██[38;2;134;85;53m  [38;2;69;48;27m██[38;2;0;0;0m        
[38;2;0;0;0m            [38;2;12;6;4m  [38;2;24;19;21m██[38;2;157;111;63m██[38;2;60;42;23m██[38;2;22;12;8m  [38;2;0;0;0m    [38;2;33;18;12m  [38;2;115;69;49m██[38;2;126;71;46m██[38;2;115;87;70m██[38;2;70;62;53m██[38;2;233;208;171m██[38;2;228;202;167m██[38;2;233;208;173m██[38;2;155;112;86m██[38;2;52;40;32m██[38;2;133;83;53m██[38;2;153;105;61m██[38;2;158;111;63m██[38;2;98;72;47m██[38;2;52;36;29m██[38;2;34;24;20m██[38;2;112;69;52m██[38;2;70;40;27m██[38;2;82;59;49m██[38;2;92;64;40m██[38;2;154;106;58m██[38;2;102;70;55m██[38;2;159;110;63m██[38;2;159;110;60m██[38;2;0;0;0m        
[38;2;0;0;0m                            [38;2;71;49;40m██[38;2;97;56;38m██[38;2;0;0;0m              [38;2;4;3;1m  [38;2;141;98;57m██[38;2;158;111;63m██[38;2;151;105;61m██[38;2;0;0;0m        [38;2;52;36;19m██[38;2;162;109;63m██[38;2;74;46;27m  [38;2;0;0;0m  [38;2;69;51;38m██[38;2;146;103;61m██[38;2;133;93;53m██[38;2;9;6;4m  [38;2;0;0;0m    
[38;2;0;0;0m                                                [38;2;22;15;8m  [38;2;40;28;16m██[38;2;35;22;14m██[38;2;0;0;0m        [38;2;40;28;15m██[38;2;41;28;16m██[38;2;1;0;0m  [38;2;0;0;0m  [38;2;0;0;2m  [38;2;28;19;11m  [38;2;40;28;16m██[38;2;11;7;4m  [38;2;0;0;0m    [0m
