
[38;2;1;1;1m  [38;2;0;0;0m                  [38;2;1;1;1m  [38;2;41;38;36m  [38;2;0;0;0m    [38;2;1;1;1m  [38;2;0;0;0m                          
[38;2;47;46;46m██[38;2;35;34;34m  [38;2;0;0;0m                [38;2;4;4;4m  [38;2;142;132;121m██[38;2;2;2;2m  [38;2;1;1;1m  [38;2;103;96;88m  [38;2;3;3;3m  [38;2;0;0;0m                        
[38;2;1;1;1m  [38;2;162;157;159m██[38;2;40;38;38m  [38;2;2;2;2m  [38;2;0;0;0m    [38;2;1;1;1m  [38;2;2;2;2m  [38;2;0;0;0m    [38;2;96;85;78m██[38;2;152;141;131m██[38;2;53;49;46m██[38;2;54;49;47m██[38;2;164;150;138m██[38;2;4;4;4m  [38;2;0;0;0m                  [38;2;1;1;1m    [38;2;0;0;0m  
[38;2;0;0;0m  [38;2;32;31;32m  [38;2;181;173;176m██[38;2;61;56;67m██[38;2;5;5;5m  [38;2;0;0;0m  [38;2;83;80;82m  [38;2;6;6;6m  [38;2;0;0;0m  [38;2;9;9;10m  [38;2;66;60;71m██[38;2;74;67;78m██[38;2;116;101;97m██[38;2;155;143;133m██[38;2;151;134;123m██[38;2;4;4;4m  [38;2;0;0;0m                  [38;2;112;108;110m  [38;2;5;5;5m  [38;2;0;0;0m  
[38;2;0;0;0m    [38;2;48;46;47m  [38;2;192;185;188m██[38;2;195;187;190m██[38;2;80;77;78m██[38;2;171;164;167m██[38;2;104;101;102m██[38;2;41;38;39m██[38;2;132;121;118m██[38;2;172;159;151m██[38;2;198;191;194m██[38;2;131;124;133m██[38;2;112;105;115m██[38;2;189;182;186m██[38;2;162;156;159m██[38;2;14;13;13m  [38;2;0;0;0m              [38;2;31;30;30m██[38;2;156;151;153m██[38;2;3;3;3m  [38;2;0;0;0m  
[38;2;0;0;0m    [38;2;63;61;62m  [38;2;89;82;94m██[38;2;32;31;31m██[38;2;191;185;188m██[38;2;192;185;188m██[38;2;82;80;81m██[38;2;160;148;138m██[38;2;172;165;170m██[38;2;73;66;79m██[38;2;201;194;197m████[38;2;194;187;190m██[38;2;101;94;106m██[38;2;201;194;197m██[38;2;164;156;159m██[38;2;6;6;6m    [38;2;0;0;0m        [38;2;3;3;3m  [38;2;178;172;175m██[38;2;72;70;71m██[38;2;0;0;0m    
[38;2;0;0;0m    [38;2;4;4;4m    [38;2;0;0;0m  [38;2;4;4;4m  [38;2;161;156;158m██[38;2;199;192;195m██[38;2;147;139;134m██[38;2;187;178;175m  [38;2;185;176;176m██[38;2;118;112;122m██[38;2;175;166;167m██[38;2;158;146;137m██[38;2;116;109;116m██[38;2;117;110;120m██[38;2;118;112;122m██[38;2;172;166;169m██[38;2;15;14;14m  [38;2;0;0;0m  [38;2;2;2;2m  [38;2;1;1;1m  [38;2;0;0;0m  [38;2;121;117;118m██[38;2;176;170;173m██[38;2;2;2;2m    [38;2;0;0;0m  
[38;2;0;0;0m            [38;2;91;86;88m██[38;2;171;159;148m██[38;2;186;177;173m██[38;2;169;156;144m██[38;2;171;159;148m██[38;2;178;171;176m██[38;2;135;124;120m██[38;2;166;153;142m██[38;2;191;183;183m██[38;2;195;188;192m██[38;2;199;192;195m██[38;2;46;42;51m██[38;2;0;0;0m  [38;2;2;2;2m  [38;2;29;62;139m  [38;2;17;33;71m  [38;2;14;14;14m  [38;2;186;178;181m██[38;2;196;189;192m██[38;2;60;57;58m  [38;2;29;63;142m██[38;2;12;21;42m  
[38;2;0;0;0m        [38;2;47;47;47m  [38;2;8;8;8m  [38;2;83;72;70m██[38;2;142;122;112m██[38;2;186;177;181m██[38;2;185;177;180m██[38;2;162;154;158m██[38;2;74;72;79m██[38;2;130;125;120m██[38;2;146;132;125m██[38;2;132;125;134m██[38;2;135;128;136m██[38;2;113;105;115m██[38;2;179;170;174m██[38;2;22;21;21m██[38;2;3;3;3m  [38;2;31;67;152m██[38;2;74;93;126m██[38;2;121;126;135m  [38;2;147;152;160m██[38;2;74;95;127m██[38;2;43;68;127m██[38;2;29;63;142m██[38;2;8;14;27m  
[38;2;0;0;0m        [38;2;105;105;105m██[38;2;73;73;73m██[38;2;140;120;110m██[38;2;176;165;169m██[38;2;67;64;71m██[38;2;83;74;72m██[38;2;233;197;186m██[38;2;95;95;95m██[38;2;121;121;121m██[38;2;95;92;92m██[38;2;175;166;170m██[38;2;93;86;98m██[38;2;179;169;173m██[38;2;179;169;174m██[38;2;73;72;73m██[38;2;3;3;3m  [38;2;7;9;13m  [38;2;74;93;126m██[38;2;106;128;141m██[38;2;56;72;108m██[38;2;32;68;153m██[38;2;37;60;125m██[38;2;6;7;10m  [38;2;0;0;0m  
[38;2;0;0;0m      [38;2;6;6;6m  [38;2;233;232;236m██[38;2;165;165;165m██[38;2;139;91;76m██[38;2;49;67;108m██[38;2;34;65;144m██[38;2;133;89;97m██[38;2;145;129;132m██[38;2;243;243;244m██[38;2;179;178;180m██[38;2;134;128;130m██[38;2;135;126;134m██[38;2;135;127;135m██[38;2;134;128;130m██[38;2;135;132;133m██[38;2;134;134;134m██[38;2;3;3;3m  [38;2;22;29;54m  [38;2;49;65;107m██[38;2;40;54;106m██[38;2;24;32;60m██[38;2;22;28;53m  [38;2;3;3;3m  [38;2;0;0;0m    
[38;2;0;0;0m        [38;2;105;105;105m██[38;2;75;75;75m██[38;2;128;95;119m██[38;2;32;69;155m██[38;2;123;138;183m██[38;2;248;248;248m██[38;2;247;247;247m██[38;2;175;173;183m██[38;2;145;138;141m██[38;2;151;142;149m██[38;2;64;62;66m██[38;2;65;65;65m██[38;2;218;218;218m██[38;2;247;247;247m██[38;2;28;28;28m██[38;2;18;34;73m██[38;2;32;69;155m██[38;2;40;56;109m██[38;2;6;6;6m  [38;2;0;0;0m          
[38;2;0;0;0m        [38;2;45;45;47m  [38;2;192;189;200m██[38;2;93;101;124m██[38;2;36;62;133m██[38;2;36;62;131m██[38;2;125;139;183m  [38;2;213;211;219m██[38;2;223;222;227m  [38;2;179;179;181m██[38;2;160;160;160m██[38;2;227;227;227m██[38;2;248;248;248m██[38;2;168;168;168m██[38;2;98;104;125m██[38;2;37;63;131m██[38;2;32;69;155m██████[38;2;35;61;129m██[38;2;29;31;47m██[38;2;3;3;3m  [38;2;0;0;0m      
[38;2;0;0;0m        [38;2;2;2;2m  [38;2;60;60;60m  [38;2;191;188;199m██[38;2;65;65;66m██[38;2;166;166;166m██[38;2;240;240;240m██[38;2;243;243;243m██[38;2;238;238;240m██[38;2;105;105;108m██[38;2;241;241;241m██[38;2;247;247;247m██[38;2;73;73;73m██[38;2;39;69;138m██[38;2;32;68;153m██[38;2;32;68;154m████[38;2;43;59;111m██[38;2;32;68;154m██[38;2;33;68;150m██[38;2;129;121;130m██[38;2;156;147;150m██[38;2;2;2;2m  [38;2;0;0;0m    
[38;2;0;0;0m          [38;2;6;6;6m  [38;2;97;92;97m██[38;2;64;61;68m██[38;2;196;195;199m██[38;2;67;69;69m██[38;2;109;114;120m██[38;2;235;235;235m██[38;2;109;116;120m██[38;2;96;106;113m██[38;2;139;139;140m██[38;2;241;240;242m██[38;2;178;177;178m██[38;2;84;91;118m██[38;2;54;65;108m██[38;2;54;77;128m██[38;2;104;128;141m██[38;2;36;62;132m██[38;2;32;68;152m██[38;2;83;86;114m██[38;2;155;141;138m██[38;2;36;33;31m  [38;2;0;0;0m    
[38;2;0;0;0m        [38;2;2;2;2m  [38;2;65;59;72m██[38;2;169;160;164m██[38;2;84;84;84m██[38;2;138;139;142m██[38;2;75;92;103m██[38;2;86;107;119m██[38;2;69;71;72m██[38;2;94;111;120m██[38;2;105;129;142m██[38;2;75;80;83m██[38;2;63;66;73m██[38;2;64;65;67m██[38;2;110;104;114m██[38;2;70;64;78m██[38;2;64;81;113m██[38;2;7;8;8m  [38;2;20;38;81m██[38;2;32;69;155m██[38;2;45;59;107m██[38;2;166;155;158m██[38;2;63;56;53m██[38;2;0;0;0m    
[38;2;0;0;0m        [38;2;18;16;20m  [38;2;172;162;167m██[38;2;64;63;66m██[38;2;135;135;136m██[38;2;45;57;101m██[38;2;33;34;38m██[38;2;78;97;119m██[38;2;66;84;121m██[38;2;79;99;119m██[38;2;99;120;131m██[38;2;53;73;114m██[38;2;36;65;138m██[38;2;118;113;127m██[38;2;141;130;125m██[38;2;147;140;145m██[38;2;5;5;5m  [38;2;0;0;0m  [38;2;11;14;25m  [38;2;37;61;126m██[38;2;34;65;143m██[38;2;50;66;119m██[38;2;105;98;108m██[38;2;5;5;5m  [38;2;0;0;0m  
[38;2;0;0;0m        [38;2;34;31;37m██[38;2;59;54;67m██[38;2;52;60;89m██[38;2;41;56;108m██[38;2;23;29;50m██[38;2;0;0;0m  [38;2;42;52;58m  [38;2;73;91;103m██[38;2;53;69;106m██[38;2;50;61;98m██[38;2;39;68;134m██[38;2;38;64;131m██[38;2;161;155;163m██[38;2;180;168;167m██[38;2;175;164;165m██[38;2;18;17;18m  [38;2;0;0;0m  [38;2;3;3;3m  [38;2;36;49;96m██[38;2;40;56;109m██[38;2;42;57;109m██[38;2;54;64;109m██[38;2;22;21;20m  [38;2;0;0;0m  
[38;2;0;0;0m      [38;2;3;3;3m  [38;2;70;68;69m██[38;2;52;61;94m██[38;2;40;56;109m██[38;2;40;55;107m██[38;2;13;13;13m  [38;2;0;0;0m  [38;2;1;1;1m  [38;2;29;36;40m██[38;2;59;74;83m██[38;2;72;88;100m██[38;2;57;70;95m██[38;2;32;69;155m██[38;2;53;54;81m██[38;2;196;188;192m██[38;2;155;139;129m██[38;2;106;101;103m██[38;2;0;0;0m    [38;2;3;3;4m  [38;2;31;42;81m██[38;2;113;104;113m██[38;2;159;144;132m██[38;2;143;128;117m██[38;2;33;31;29m  
[38;2;0;0;0m    [38;2;1;1;1m  [38;2;104;89;82m  [38;2;84;79;92m██[38;2;57;66;108m██[38;2;35;47;91m██[38;2;5;5;5m  [38;2;0;0;0m        [38;2;4;4;4m  [38;2;5;5;5m    [38;2;34;53;108m██[38;2;33;66;146m██[38;2;105;97;108m██[38;2;199;192;195m██[38;2;98;89;84m██[38;2;1;1;1m  [38;2;0;0;0m    [38;2;3;3;3m  [38;2;19;17;16m  [38;2;133;120;110m██[38;2;114;105;97m  [38;2;5;5;5m  
[38;2;0;0;0m      [38;2;1;1;1m  [38;2;2;2;2m  [38;2;45;39;36m  [38;2;4;4;4m  [38;2;0;0;0m                [38;2;17;21;37m██[38;2;40;56;108m██[38;2;66;69;100m██[38;2;101;95;106m██[38;2;100;97;114m██[38;2;9;9;9m██[38;2;0;0;0m        [38;2;2;2;2m  [38;2;1;1;1m  [38;2;0;0;0m  
[38;2;0;0;0m                              [38;2;1;1;1m  [38;2;29;38;73m  [38;2;66;74;113m██[38;2;36;47;88m██[38;2;159;144;132m██[38;2;162;148;136m██[38;2;3;3;3m  [38;2;0;0;0m            
[38;2;0;0;0m                                [38;2;1;1;1m  [38;2;46;42;39m██[38;2;5;4;4m  [38;2;49;45;42m██[38;2;42;37;34m██[38;2;0;0;0m              [0m
