
[38;2;0;0;0m            [38;2;11;11;12m    [38;2;0;0;0m                        
[38;2;0;0;0m            [38;2;43;44;47m████[38;2;0;0;0m                        
[38;2;0;0;0m            [38;2;35;36;38m██[38;2;84;84;86m██[38;2;63;86;36m██[38;2;48;60;20m██[38;2;0;0;0m                    
[38;2;0;0;0m            [38;2;41;52;18m██[38;2;90;100;67m██[38;2;175;220;72m██[38;2;48;60;19m██[38;2;0;0;0m              [38;2;109;111;119m  [38;2;121;123;132m██[38;2;12;12;13m  
[38;2;0;0;0m            [38;2;182;235;75m██[38;2;121;148;69m██[38;2;192;241;78m██[38;2;128;156;70m██[38;2;15;16;14m  [38;2;49;62;20m  [38;2;96;123;39m██[38;2;138;178;57m██[38;2;0;0;0m    [38;2;89;91;97m██[38;2;161;166;178m██[38;2;150;155;165m██[38;2;44;45;47m██
[38;2;0;0;0m            [38;2;170;223;70m████[38;2;192;241;78m██[38;2;145;192;64m██[38;2;126;167;60m██[38;2;181;233;75m██[38;2;147;188;61m██[38;2;6;7;2m  [38;2;40;52;17m  [38;2;117;162;47m██[38;2;164;168;181m██[38;2;124;130;140m██[38;2;137;140;150m██[38;2;5;5;6m  
[38;2;0;0;0m          [38;2;55;70;22m  [38;2;189;241;78m██[38;2;192;241;78m██████[38;2;191;241;78m██[38;2;167;220;69m██[38;2;0;0;0m    [38;2;180;231;73m██[38;2;138;166;85m██[38;2;136;141;152m████[38;2;131;134;144m██[38;2;0;0;0m  
[38;2;0;0;0m          [38;2;143;180;58m██[38;2;191;241;78m██[38;2;192;241;78m████[38;2;189;241;78m██[38;2;172;222;73m██[38;2;38;58;23m██[38;2;0;0;0m  [38;2;128;165;53m  [38;2;167;219;71m██[38;2;148;170;152m██[38;2;136;141;152m██[38;2;134;138;147m██[38;2;11;11;12m  [38;2;0;0;0m  
[38;2;0;0;0m        [38;2;83;83;83m  [38;2;142;180;58m██[38;2;190;241;78m████[38;2;160;203;62m██[38;2;144;140;63m██[38;2;137;150;122m██[38;2;96;132;48m██[38;2;50;63;33m██[38;2;148;201;60m██[38;2;131;174;83m██[38;2;144;152;143m██[38;2;163;168;179m██[38;2;106;110;117m██[38;2;0;0;0m    
[38;2;0;0;0m        [38;2;252;252;252m  [38;2;67;68;63m  [38;2;188;241;78m██[38;2;103;127;63m██[38;2;188;134;58m██[38;2;185;143;59m██[38;2;209;211;206m██[38;2;107;149;50m██[38;2;78;90;60m██[38;2;119;172;48m██[38;2;123;130;134m██[38;2;123;129;135m██[38;2;7;7;7m██[38;2;1;1;1m  [38;2;0;0;0m    
[38;2;0;0;0m        [38;2;114;120;105m  [38;2;85;103;52m██[38;2;121;147;65m██[38;2;112;159;50m██[38;2;106;141;56m██[38;2;168;154;137m██[38;2;77;86;61m██[38;2;72;78;62m██[38;2;93;120;56m██[38;2;154;165;157m██[38;2;107;110;116m██[38;2;107;108;109m  [38;2;255;255;255m  [38;2;63;63;63m  [38;2;0;0;0m    
[38;2;0;0;0m        [38;2;191;191;191m  [38;2;89;129;36m██[38;2;95;108;68m██[38;2;102;117;86m██[38;2;52;72;48m██[38;2;58;81;67m██[38;2;157;196;74m██████[38;2;65;64;65m██[38;2;131;137;143m██[38;2;191;191;191m  [38;2;255;255;255m  [38;2;63;63;63m  [38;2;0;0;0m    
[38;2;0;0;0m        [38;2;124;124;124m  [38;2;75;99;53m  [38;2;102;126;63m██[38;2;104;131;68m██[38;2;35;114;8m██[38;2;139;196;55m██[38;2;95;123;60m██[38;2;163;209;67m██[38;2;174;219;73m██[38;2;123;133;111m██[38;2;148;154;161m██[38;2;37;38;41m██[38;2;255;255;255m  [38;2;63;63;63m  [38;2;0;0;0m    
[38;2;0;0;0m  [38;2;3;5;1m  [38;2;118;172;48m████[38;2;88;127;37m██[38;2;91;125;43m██[38;2;63;83;42m██[38;2;67;68;64m██[38;2;47;110;20m██[38;2;123;164;54m██[38;2;61;65;61m  [38;2;69;69;69m  [38;2;39;57;34m  [38;2;81;92;62m██[38;2;88;92;94m██[38;2;183;184;183m  [38;2;246;246;246m  [38;2;63;63;63m  [38;2;0;0;0m    
[38;2;16;24;6m  [38;2;135;182;55m██[38;2;119;172;48m██[38;2;96;126;55m██[38;2;146;127;70m██[38;2;92;119;59m██[38;2;96;126;55m████[38;2;125;158;67m██[38;2;50;96;34m██[38;2;41;136;11m██[38;2;109;117;94m  [38;2;92;92;92m  [38;2;75;92;52m██[38;2;83;90;64m██[38;2;116;149;55m██[38;2;55;54;55m  [38;2;27;27;27m  [38;2;0;0;0m    
[38;2;29;43;12m██[38;2;119;172;48m██[38;2;119;171;48m██[38;2;119;172;48m██[38;2;78;90;60m████[38;2;104;143;50m██[38;2;25;94;14m██[38;2;18;127;0m██[38;2;17;124;0m██[38;2;106;165;51m██[38;2;157;196;74m██[38;2;192;241;78m██[38;2;96;108;68m██[38;2;214;255;103m██[38;2;199;244;89m██[38;2;112;102;68m██[38;2;57;44;18m██[38;2;0;0;0m    
[38;2;11;16;4m  [38;2;99;133;49m██[38;2;89;122;46m██[38;2;86;106;58m██[38;2;96;120;60m██[38;2;94;126;52m██[38;2;44;60;23m  [38;2;16;52;10m  [38;2;15;113;0m██[38;2;62;147;21m██[38;2;127;174;55m██[38;2;115;155;51m██[38;2;172;214;73m██[38;2;135;162;72m██[38;2;212;252;109m██[38;2;194;242;82m██[38;2;168;213;79m██[38;2;121;152;53m██[38;2;0;0;0m    
[38;2;0;0;0m  [38;2;0;2;0m  [38;2;25;39;10m  [38;2;103;149;41m██[38;2;13;27;19m  [38;2;103;145;45m██[38;2;89;129;36m██[38;2;0;0;0m  [38;2;27;53;34m  [38;2;150;197;64m██[38;2;0;0;0m    [38;2;112;140;60m██[38;2;150;182;73m██[38;2;192;241;78m████[38;2;187;235;77m██[38;2;178;228;74m██[38;2;0;0;0m    
[38;2;0;0;0m          [38;2;89;129;36m██[38;2;108;157;43m██[38;2;19;28;7m  [38;2;0;0;0m      [38;2;91;117;38m  [38;2;102;130;59m██[38;2;89;103;65m██[38;2;189;241;78m██[38;2;192;241;78m██[38;2;157;196;74m██[38;2;105;145;52m██[38;2;0;0;0m    
[38;2;0;0;0m        [38;2;7;7;8m  [38;2;89;122;46m██[38;2;110;151;53m██[38;2;145;141;121m██[38;2;0;0;0m      [38;2;141;180;58m██[38;2;192;241;78m██[38;2;112;131;69m██[38;2;88;98;66m██[38;2;168;209;72m██[38;2;67;68;64m██[38;2;92;127;45m██[38;2;0;0;0m    
[38;2;0;0;0m        [38;2;13;13;14m  [38;2;27;28;29m██[38;2;27;40;10m  [38;2;3;4;0m  [38;2;0;0;0m      [38;2;141;180;58m██[38;2;189;241;78m██[38;2;188;241;78m██[38;2;14;15;16m  [38;2;15;19;8m  [38;2;23;27;18m██[38;2;9;13;3m  [38;2;0;0;0m    
[38;2;0;0;0m                        [38;2;148;190;93m██[38;2;147;188;69m██[38;2;0;0;0m            
[38;2;0;0;0m                        [38;2;66;66;66m██[38;2;16;16;16m  [38;2;0;0;0m            [0m
