
[38;2;0;0;0m            [38;2;42;27;17m  [38;2;46;22;15m██[38;2;17;9;5m  [38;2;0;0;0m                  
[38;2;0;0;0m        [38;2;0;3;6m  [38;2;208;129;81m██[38;2;202;109;61m██[38;2;222;115;68m██[38;2;103;72;59m██[38;2;156;83;47m██[38;2;10;11;9m  [38;2;0;0;0m              
[38;2;0;0;0m      [38;2;87;57;36m  [38;2;182;106;69m██[38;2;137;91;66m██[38;2;217;113;64m██[38;2;234;123;70m██[38;2;112;81;67m██[38;2;234;124;70m██[38;2;59;44;36m██[38;2;0;0;0m              
[38;2;0;0;0m    [38;2;90;59;37m  [38;2;253;166;106m██[38;2;207;105;56m██[38;2;75;68;66m██[38;2;233;122;72m██[38;2;209;115;68m██[38;2;181;105;68m██[38;2;234;125;69m██[38;2;94;75;66m██[38;2;130;69;38m  [38;2;0;0;0m            
[38;2;0;0;0m    [38;2;99;64;41m██[38;2;179;89;48m██[38;2;234;123;71m██[38;2;224;119;71m██[38;2;169;101;67m██[38;2;219;119;68m██[38;2;208;114;70m██[38;2;187;106;70m██[38;2;206;114;68m██[38;2;143;76;42m██[38;2;0;0;0m            
[38;2;0;0;0m      [38;2;221;117;67m██[38;2;234;123;71m██[38;2;233;123;72m██[38;2;215;127;73m██[38;2;175;85;44m██[38;2;180;74;37m██[38;2;223;134;69m██[38;2;235;124;69m██[38;2;0;0;0m              
[38;2;0;0;0m    [38;2;27;27;22m  [38;2;173;77;40m██[38;2;229;127;70m██[38;2;203;104;57m██[38;2;246;181;76m██[38;2;255;208;82m██[38;2;255;205;84m██[38;2;207;145;64m██[38;2;147;100;68m██[38;2;0;0;0m              
[38;2;0;0;0m    [38;2;61;60;49m██[38;2;247;195;89m██[38;2;209;101;53m██[38;2;186;102;50m██[38;2;255;209;84m██[38;2;211;176;79m██[38;2;70;70;68m██[38;2;242;199;81m██[38;2;255;209;82m██[38;2;0;0;0m              
[38;2;0;0;0m    [38;2;203;197;179m██[38;2;171;155;96m██[38;2;240;186;75m██[38;2;255;209;81m██[38;2;235;195;69m██[38;2;168;168;166m██[38;2;105;105;83m██[38;2;148;135;88m██[38;2;255;209;85m██[38;2;99;81;31m  [38;2;0;0;0m            
[38;2;0;0;0m    [38;2;77;72;60m██[38;2;251;251;249m██[38;2;202;195;181m██[38;2;104;89;70m██[38;2;174;161;93m██[38;2;229;229;229m██[38;2;212;211;212m██[38;2;252;240;205m██[38;2;245;202;76m██[38;2;122;105;32m██[38;2;0;0;0m            
[38;2;0;0;0m    [38;2;28;27;22m  [38;2;244;217;130m██[38;2;241;226;181m██[38;2;216;204;185m██[38;2;222;204;142m██[38;2;195;191;151m██[38;2;255;255;255m██[38;2;188;177;109m██[38;2;201;173;52m██[38;2;33;28;9m  [38;2;0;0;0m            
[38;2;0;0;0m  [38;2;32;53;27m  [38;2;23;39;20m  [38;2;44;69;34m  [38;2;156;130;55m██[38;2;201;172;53m██[38;2;215;173;39m██[38;2;168;156;75m████[38;2;142;133;70m██[38;2;60;78;35m  [38;2;38;64;32m            [38;2;10;17;9m  
[38;2;0;0;0m  [38;2;117;195;100m  [38;2;64;104;55m  [38;2;151;244;130m██[38;2;135;211;117m██[38;2;90;86;63m██[38;2;90;84;63m██████[38;2;91;168;71m██[38;2;36;63;34m  [38;2;141;235;120m    [38;2;141;235;119m    [38;2;141;235;120m  [38;2;141;235;119m  [38;2;39;65;33m  
[38;2;0;0;0m  [38;2;117;195;100m  [38;2;83;115;54m  [38;2;117;171;101m██[38;2;142;236;121m██[38;2;152;246;131m██[38;2;140;234;119m██[38;2;97;192;77m██[38;2;89;158;73m██[38;2;88;157;73m██[38;2;67;133;52m██[38;2;86;143;73m  [38;2;141;235;120m          [38;2;39;65;33m  
[38;2;0;0;0m  [38;2;10;17;9m  [38;2;172;156;46m██[38;2;15;14;8m██[38;2;41;46;27m██[38;2;107;201;86m██[38;2;99;193;78m██[38;2;68;70;43m██[38;2;23;23;16m██[38;2;161;144;50m██[38;2;15;15;12m██[38;2;141;235;120m        [38;2;141;235;119m  [38;2;141;235;120m  [38;2;39;65;33m  
[38;2;0;0;0m  [38;2;50;39;14m  [38;2;157;135;55m██[38;2;133;222;113m  [38;2;96;115;57m  [38;2;96;87;67m██[38;2;95;94;84m██[38;2;163;136;49m██[38;2;101;172;90m  [38;2;75;103;49m  [38;2;113;95;40m██[38;2;101;169;86m  [38;2;141;234;120m    [38;2;78;124;63m  [38;2;106;55;32m██[38;2;87;145;74m  [38;2;39;65;33m  
[38;2;37;28;10m██[38;2;234;186;81m██[38;2;81;63;22m██[38;2;133;221;113m  [38;2;127;106;40m██[38;2;74;96;107m██[38;2;78;89;107m██[38;2;212;186;75m██[38;2;101;170;86m  [38;2;70;58;22m██[38;2;255;209;81m██[38;2;54;91;46m  [38;2;141;235;120m    [38;2;13;6;4m██[38;2;233;123;72m██[38;2;23;39;20m  [38;2;39;65;33m  
[38;2;32;30;12m  [38;2;118;158;76m██[38;2;133;200;113m██[38;2;83;140;78m██[38;2;135;131;81m██[38;2;102;107;107m████[38;2;239;197;80m██[38;2;78;68;47m██[38;2;180;145;71m██[38;2;196;153;63m██[38;2;46;63;43m  [38;2;136;227;116m  [38;2;102;170;87m  [38;2;64;107;55m  [38;2;134;114;62m██[38;2;80;130;69m  [38;2;17;29;15m  
[38;2;0;0;0m  [38;2;10;17;9m  [38;2;142;231;122m██[38;2;151;245;130m██[38;2;142;193;120m██[38;2;132;141;109m████[38;2;99;121;81m██[38;2;152;247;131m██[38;2;105;137;88m██[38;2;82;101;77m██[38;2;95;184;75m██[38;2;13;27;10m██[38;2;39;44;37m██[38;2;144;238;123m██[38;2;148;242;127m██[38;2;95;188;74m██[38;2;24;48;19m  
[38;2;0;0;0m  [38;2;117;195;100m  [38;2;37;73;29m██[38;2;116;210;95m██[38;2;135;229;114m██[38;2;153;246;131m████████[38;2;117;211;96m██[38;2;102;196;81m██[38;2;78;114;69m██[38;2;97;191;76m██[38;2;98;192;77m██[38;2;95;185;75m██[38;2;35;69;27m██[38;2;44;82;35m  [38;2;24;41;21m  
[38;2;0;0;0m  [38;2;117;195;100m  [38;2;96;160;81m  [38;2;77;150;60m  [38;2;48;123;31m██[38;2;25;42;34m  [38;2;25;42;21m  [38;2;120;200;102m██[38;2;97;191;76m████[38;2;61;76;57m██[38;2;79;156;62m██[38;2;80;157;62m██[38;2;79;156;62m██[38;2;32;53;27m  [38;2;141;235;120m    [38;2;39;65;33m  
[38;2;0;0;0m  [38;2;32;53;27m  [38;2;38;64;32m  [38;2;2;3;1m  [38;2;0;0;0m  [38;2;38;64;32m    [38;2;4;8;3m  [38;2;26;52;20m████[38;2;4;8;3m  [38;2;0;0;0m      [38;2;38;64;32m      [38;2;10;17;9m  [0m
