
[38;2;7;13;4m  [38;2;28;51;16m                    [38;2;5;11;5m    [38;2;28;51;16m                  [38;2;23;41;13m  [38;2;0;0;0m  
[38;2;30;55;18m  [38;2;113;204;67m                    [38;2;21;46;20m████[38;2;113;204;67m                  [38;2;92;165;54m  [38;2;0;0;0m  
[38;2;30;55;18m  [38;2;113;204;67m                    [38;2;20;42;20m██[38;2;178;194;115m██[38;2;35;63;20m  [38;2;113;204;67m            [38;2;85;153;50m  [38;2;45;87;32m  [38;2;18;41;18m  [38;2;0;0;0m  
[38;2;30;55;18m  [38;2;113;204;67m                    [38;2;16;31;21m██[38;2;174;183;116m██[38;2;35;63;20m  [38;2;113;204;67m          [38;2;65;117;38m  [38;2;69;153;66m██[38;2;74;153;83m██[38;2;18;41;18m  [38;2;0;0;0m  
[38;2;30;55;18m  [38;2;113;204;67m            [38;2;87;156;51m  [38;2;113;204;67m    [38;2;94;168;55m  [38;2;33;66;36m██[38;2;173;178;114m██[38;2;61;81;36m  [38;2;109;196;64m  [38;2;113;204;67m      [38;2;84;150;49m  [38;2;59;127;60m██[38;2;75;138;95m██[38;2;206;216;156m██[38;2;0;0;0m    
[38;2;30;55;18m  [38;2;113;204;67m          [38;2;69;124;40m  [38;2;51;98;66m  [38;2;28;51;16m  [38;2;113;204;67m  [38;2;35;63;20m  [38;2;97;188;74m██[38;2;172;166;109m██[38;2;140;135;84m██[38;2;97;174;57m  [38;2;113;204;67m    [38;2;73;130;42m  [38;2;69;153;67m██[38;2;73;143;92m██[38;2;213;221;160m██[38;2;131;126;92m██[38;2;69;124;40m  [38;2;0;0;0m  
[38;2;30;55;18m  [38;2;113;204;67m          [38;2;69;124;40m  [38;2;54;104;71m██[38;2;71;136;92m██[38;2;21;47;21m██[38;2;80;167;56m██[38;2;107;226;77m██[38;2;71;96;70m██[38;2;140;135;84m██[38;2;97;174;57m  [38;2;85;153;50m    [38;2;42;56;42m██[38;2;88;186;90m██[38;2;194;209;151m██[38;2;248;239;175m██[38;2;86;98;58m  [38;2;92;165;54m  [38;2;0;0;0m  
[38;2;30;55;18m  [38;2;113;204;67m            [38;2;4;8;5m██[38;2;80;166;91m██[38;2;65;134;75m██[38;2;107;222;73m██[38;2;110;231;74m██[38;2;90;182;81m██[38;2;83;82;69m██[38;2;31;50;21m  [38;2;69;153;66m████[38;2;78;131;76m██[38;2;74;138;94m██[38;2;255;245;179m██[38;2;228;220;161m██[38;2;73;131;43m  [38;2;92;165;54m  [38;2;0;0;0m  
[38;2;30;55;18m  [38;2;113;204;67m          [38;2;99;177;58m  [38;2;22;44;27m██[38;2;95;208;86m██[38;2;112;233;73m██[38;2;112;233;74m██[38;2;110;231;74m██[38;2;96;208;86m██[38;2;93;204;89m████[38;2;90;190;86m██[38;2;66;71;66m██[38;2;60;117;82m██[38;2;242;234;166m██[38;2;219;211;154m██[38;2;66;73;62m  [38;2;85;153;50m  [38;2;69;124;40m  [38;2;0;0;0m  
[38;2;30;55;18m  [38;2;113;204;67m          [38;2;49;104;42m  [38;2;87;188;89m██[38;2;95;208;86m██[38;2;112;233;73m████[38;2;96;209;86m██[38;2;93;204;89m██[38;2;92;204;89m██[38;2;93;204;89m██[38;2;69;85;68m██[38;2;69;114;84m██[38;2;108;138;92m██[38;2;205;197;123m██[38;2;95;91;60m██[38;2;77;76;71m  [38;2;191;184;134m████[38;2;51;49;36m  
[38;2;30;55;18m  [38;2;113;204;67m        [38;2;148;216;113m  [38;2;45;97;46m██[38;2;93;204;88m██[38;2;92;204;88m██[38;2;93;205;88m██[38;2;97;211;85m██[38;2;92;204;89m██[38;2;84;183;85m██[38;2;77;161;85m██[38;2;40;77;56m██[38;2;36;50;29m  [38;2;69;130;90m██[38;2;124;144;95m██[38;2;172;169;118m██[38;2;192;189;149m██[38;2;255;245;179m██[38;2;255;246;179m██[38;2;155;149;109m  [38;2;0;0;0m  
[38;2;30;55;18m  [38;2;113;204;67m        [38;2;64;66;63m  [38;2;60;91;70m██[38;2;93;204;89m██[38;2;83;173;90m██[38;2;107;226;77m██[38;2;102;218;81m██[38;2;85;185;85m██[38;2;170;194;178m██[38;2;71;136;92m██[38;2;10;19;13m██[38;2;68;123;40m  [38;2;62;77;67m██[38;2;79;84;72m██[38;2;174;170;118m██[38;2;212;203;131m██[38;2;235;226;165m██[38;2;63;61;44m██[38;2;69;124;40m  [38;2;0;0;0m  
[38;2;30;55;18m  [38;2;113;204;67m        [38;2;2;4;1m  [38;2;68;108;82m██[38;2;86;171;83m██[38;2;83;173;90m██[38;2;87;184;88m██[38;2;26;52;25m██[38;2;136;163;148m██[38;2;219;232;223m██[38;2;60;115;81m██[38;2;67;90;75m██[38;2;38;49;37m██[38;2;96;204;84m██[38;2;95;207;87m██[38;2;71;98;70m██[38;2;37;50;30m  [38;2;37;66;21m  [38;2;113;204;67m  [38;2;92;165;54m  [38;2;0;0;0m  
[38;2;30;55;18m  [38;2;113;204;67m        [38;2;2;4;1m  [38;2;45;87;59m██[38;2;66;73;66m██[38;2;93;204;89m██[38;2;87;184;88m██[38;2;74;158;71m██[38;2;129;205;131m██[38;2;81;142;102m██[38;2;69;119;86m██[38;2;66;82;72m██[38;2;76;120;74m██[38;2;110;231;74m██[38;2;102;219;81m██[38;2;91;199;87m██[38;2;64;114;37m  [38;2;113;204;67m    [38;2;92;165;54m  [38;2;0;0;0m  
[38;2;30;55;18m  [38;2;113;204;67m      [38;2;129;209;87m  [38;2;65;66;64m  [38;2;0;0;0m  [38;2;92;202;88m██[38;2;88;193;87m██[38;2;93;204;89m██[38;2;88;180;84m██[38;2;69;118;85m██[38;2;96;88;72m██[38;2;142;93;72m██[38;2;91;78;75m██[38;2;77;127;75m██[38;2;92;201;88m██[38;2;90;195;89m██[38;2;106;129;87m██[38;2;64;114;37m  [38;2;113;204;67m    [38;2;92;165;54m  [38;2;0;0;0m  
[38;2;30;55;18m  [38;2;113;204;67m      [38;2;129;209;87m  [38;2;65;66;64m  [38;2;36;79;34m  [38;2;72;104;71m██[38;2;88;193;87m██[38;2;72;99;70m██[38;2;81;147;79m██[38;2;107;95;97m██[38;2;238;144;104m██[38;2;206;132;103m██[38;2;87;91;105m██[38;2;90;190;86m██[38;2;72;104;71m██[38;2;69;91;71m██[38;2;220;122;79m██[38;2;39;73;39m  [38;2;113;204;67m    [38;2;92;165;54m  [38;2;0;0;0m  
[38;2;30;55;18m  [38;2;113;204;67m      [38;2;64;114;37m  [38;2;91;199;87m██[38;2;90;195;89m██[38;2;66;146;63m  [38;2;38;49;38m  [38;2;70;128;89m██[38;2;79;142;79m██[38;2;86;164;93m██[38;2;79;98;103m██[38;2;81;93;104m██[38;2;86;174;91m██[38;2;80;159;88m██[38;2;66;84;72m██[38;2;68;110;82m██[38;2;69;118;86m██[38;2;46;95;52m██[38;2;88;158;51m  [38;2;113;204;67m  [38;2;92;165;54m  [38;2;0;0;0m  
[38;2;30;55;18m  [38;2;113;204;67m    [38;2;37;66;21m  [38;2;46;95;38m  [38;2;76;153;91m██[38;2;116;169;132m██[38;2;5;12;5m  [38;2;36;80;35m  [38;2;71;136;92m██[38;2;69;123;88m██[38;2;67;80;72m████[38;2;69;91;80m██[38;2;71;136;93m██[38;2;67;96;77m██[38;2;70;134;92m██[38;2;68;110;82m██[38;2;65;65;65m██[38;2;83;158;81m██[38;2;11;21;6m  [38;2;113;204;67m  [38;2;92;165;54m  [38;2;0;0;0m  
[38;2;30;55;18m  [38;2;90;162;53m  [38;2;21;44;22m██[38;2;80;171;83m██[38;2;100;153;121m██[38;2;187;203;203m██[38;2;90;98;98m██[38;2;113;204;67m    [38;2;32;58;24m  [38;2;67;117;87m██[38;2;66;77;69m██[38;2;159;124;83m██[38;2;148;112;79m██[38;2;65;67;66m██[38;2;70;128;90m██[38;2;71;100;71m██[38;2;82;149;79m██[38;2;87;185;89m██[38;2;31;43;31m██[38;2;113;204;67m    [38;2;92;165;54m  [38;2;0;0;0m  
[38;2;7;13;4m  [38;2;62;133;57m  [38;2;105;165;122m██[38;2;159;187;177m██[38;2;126;137;137m██[38;2;47;51;51m██[38;2;67;104;50m  [38;2;113;204;67m    [38;2;32;58;24m  [38;2;146;110;81m██[38;2;156;98;73m██[38;2;57;97;73m██[38;2;55;106;76m██[38;2;53;91;70m██[38;2;74;116;76m██[38;2;92;201;88m██[38;2;76;153;91m██[38;2;206;222;211m██[38;2;31;43;31m██[38;2;113;204;67m    [38;2;92;165;54m  [38;2;0;0;0m  
[38;2;25;55;24m██[38;2;75;148;92m██[38;2;141;153;153m██[38;2;40;61;31m  [38;2;65;117;38m  [38;2;113;204;67m      [38;2;96;173;56m  [38;2;25;48;33m██[38;2;76;112;99m██[38;2;77;109;100m██[38;2;53;68;58m██[38;2;36;66;33m  [38;2;67;115;83m██[38;2;80;141;78m██[38;2;72;140;92m██[38;2;222;230;230m██[38;2;204;205;204m██[38;2;83;158;81m██[38;2;11;21;6m  [38;2;113;204;67m  [38;2;92;165;54m  [38;2;0;0;0m  
[38;2;25;55;24m██[38;2;31;65;35m██[38;2;85;153;50m  [38;2;111;198;65m  [38;2;113;204;67m      [38;2;108;194;63m  [38;2;96;113;99m  [38;2;79;101;102m████[38;2;58;112;77m██[38;2;69;125;44m  [38;2;105;188;61m  [38;2;26;36;21m  [38;2;86;183;90m██[38;2;200;220;206m██[38;2;152;160;160m██[38;2;86;169;83m██[38;2;92;204;89m██[38;2;65;142;61m  [38;2;83;149;49m  [38;2;92;165;54m  [38;2;0;0;0m  
[38;2;7;13;4m  [38;2;97;175;57m  [38;2;113;204;67m            [38;2;62;111;36m  [38;2;167;170;165m  [38;2;140;147;136m  [38;2;48;86;28m  [38;2;113;204;67m    [38;2;16;29;9m  [38;2;84;177;90m██[38;2;197;212;209m██[38;2;142;155;142m██[38;2;90;176;93m██[38;2;91;187;91m██[38;2;83;182;79m██[38;2;73;131;43m  [38;2;92;165;54m  [38;2;0;0;0m  
[38;2;30;55;18m  [38;2;113;204;67m                [38;2;89;160;52m  [38;2;94;168;55m  [38;2;113;204;67m      [38;2;89;160;52m  [38;2;48;104;49m██[38;2;244;250;244m██[38;2;44;58;44m██[38;2;207;210;213m██[38;2;129;142;132m██[38;2;29;61;25m  [38;2;103;185;61m  [38;2;92;165;54m  [38;2;0;0;0m  
[38;2;23;41;13m  [38;2;85;153;50m                            [38;2;27;60;26m  [38;2;243;248;243m██[38;2;40;73;24m  [38;2;1;3;1m  [38;2;37;66;21m  [38;2;85;153;50m    [38;2;69;124;40m  [38;2;0;0;0m  
[38;2;0;0;0m                                [38;2;59;59;59m  [38;2;0;0;0m              [0m
