
[38;2;17;17;14m  [38;2;65;64;53m            [38;2;56;56;46m  [38;2;0;0;0m  [38;2;50;49;41m    [38;2;65;64;53m              [38;2;53;52;44m  [38;2;0;0;0m  
[38;2;69;67;56m  [38;2;251;247;206m            [38;2;73;72;60m  [38;2;195;192;160m██[38;2;194;191;159m██  [38;2;250;246;206m  [38;2;251;247;206m    [38;2;251;247;205m  [38;2;251;247;206m      [38;2;207;203;169m  [38;2;0;0;0m  
[38;2;69;67;56m  [38;2;251;247;206m    [38;2;250;246;206m  [38;2;251;247;206m  [38;2;176;171;142m  [38;2;72;71;55m██[38;2;251;247;206m██[38;2;200;197;164m██[38;2;114;112;93m  [38;2;251;247;206m  [38;2;251;246;205m  [38;2;251;247;206m    [38;2;251;246;206m  [38;2;251;247;206m  [38;2;251;247;205m  [38;2;251;247;206m  [38;2;207;203;169m  [38;2;0;0;0m  
[38;2;69;67;56m  [38;2;251;247;206m      [38;2;46;45;38m  [38;2;194;186;130m██[38;2;192;187;158m██[38;2;251;247;206m██[38;2;81;80;66m██[38;2;250;246;206m  [38;2;251;247;206m  [38;2;250;247;206m  [38;2;251;246;206m  [38;2;251;247;206m    [38;2;251;246;206m  [38;2;251;247;206m    [38;2;207;203;169m  [38;2;0;0;0m  
[38;2;69;67;56m  [38;2;250;247;206m  [38;2;124;122;97m  [38;2;53;51;32m██[38;2;196;188;132m██[38;2;216;208;141m  [38;2;169;163;138m██[38;2;156;154;128m  [38;2;196;193;161m  [38;2;251;247;206m  [38;2;250;247;206m  [38;2;251;247;206m  [38;2;250;247;206m          [38;2;251;247;206m  [38;2;207;203;169m  [38;2;0;0;0m  
[38;2;69;67;56m  [38;2;74;76;66m  [38;2;178;172;113m██[38;2;105;96;84m██[38;2;208;200;138m██[38;2;219;211;142m██[38;2;100;96;68m██[38;2;218;214;179m  [38;2;250;247;206m  [38;2;37;36;30m    [38;2;251;247;206m  [38;2;251;247;205m  [38;2;251;247;206m    [38;2;250;247;206m      [38;2;207;203;169m  [38;2;0;0;0m  
[38;2;0;0;0m  [38;2;163;158;104m██[38;2;156;149;91m██[38;2;94;87;84m██[38;2;219;211;143m████[38;2;191;183;130m██[38;2;92;91;76m████[38;2;251;247;206m██[38;2;178;176;146m██[38;2;144;142;118m  [38;2;250;247;206m      [38;2;251;247;206m  [38;2;251;247;205m  [38;2;250;247;206m  [38;2;207;203;169m  [38;2;0;0;0m  
[38;2;39;37;23m  [38;2;156;150;93m██[38;2;134;129;92m██[38;2;198;192;135m██[38;2;219;211;143m██[38;2;216;208;141m██[38;2;178;171;148m██[38;2;251;247;206m██[38;2;250;247;206m██[38;2;27;27;22m██[38;2;179;176;147m  [38;2;250;247;206m  [38;2;251;247;206m    [38;2;250;247;206m        [38;2;207;203;169m  [38;2;0;0;0m  
[38;2;26;25;15m  [38;2;101;99;79m  [38;2;102;98;68m██[38;2;163;157;119m██[38;2;219;211;143m██[38;2;166;158;118m██[38;2;174;166;114m██[38;2;129;123;98m██[38;2;86;83;72m  [38;2;148;146;122m    [38;2;251;247;206m  [38;2;251;246;206m  [38;2;251;247;205m  [38;2;251;247;206m      [38;2;250;247;206m  [38;2;207;203;169m  [38;2;0;0;0m  
[38;2;63;62;52m  [38;2;56;55;45m  [38;2;85;205;115m██[38;2;95;86;83m██[38;2;166;152;112m██[38;2;51;241;134m██[38;2;147;145;139m██[38;2;216;209;141m██[38;2;134;126;104m  [38;2;232;228;190m████[38;2;94;92;77m  [38;2;250;247;206m    [38;2;251;247;206m        [38;2;207;203;169m  [38;2;0;0;0m  
[38;2;69;67;56m  [38;2;43;43;36m  [38;2;80;164;114m██[38;2;126;119;89m██[38;2;117;159;132m██[38;2;63;179;113m██[38;2;144;229;140m██[38;2;98;90;86m██[38;2;86;80;68m██[38;2;133;131;109m  [38;2;111;109;91m  [38;2;251;246;206m  [38;2;251;247;206m    [38;2;250;247;206m  [38;2;251;247;206m      [38;2;207;203;169m  [38;2;0;0;0m  
[38;2;69;67;56m  [38;2;43;43;36m  [38;2;150;179;134m██[38;2;214;206;140m██[38;2;80;146;121m██[38;2;88;85;83m██[38;2;144;229;140m██[38;2;187;180;123m██[38;2;164;161;134m  [38;2;243;239;200m  [38;2;251;247;206m      [38;2;250;247;206m  [38;2;251;247;206m        [38;2;7;7;6m  [38;2;0;0;0m  
[38;2;35;35;29m  [38;2;110;109;80m  [38;2;199;192;127m██[38;2;219;211;143m██[38;2;103;177;141m██[38;2;90;143;113m██[38;2;126;135;117m██[38;2;117;114;90m██[38;2;48;49;48m██[38;2;251;246;206m  [38;2;251;247;205m  [38;2;251;247;206m  [38;2;250;247;206m  [38;2;251;247;206m      [38;2;128;125;104m  [38;2;68;68;66m██[38;2;52;88;142m██[38;2;8;13;22m  
[38;2;0;0;0m  [38;2;180;174;117m██[38;2;181;174;113m██[38;2;219;211;143m██[38;2;149;151;136m██[38;2;70;69;69m██[38;2;198;192;137m██[38;2;227;224;188m██[38;2;169;163;117m██[38;2;56;55;46m  [38;2;251;247;206m  [38;2;251;246;206m  [38;2;251;247;206m  [38;2;251;246;206m  [38;2;251;247;206m  [38;2;119;117;110m  [38;2;95;106;134m██[38;2;72;79;96m██[38;2;0;0;0m    
[38;2;39;64;42m  [38;2;156;169;135m██[38;2;187;181;127m██[38;2;42;41;39m██[38;2;145;138;114m  [38;2;144;139;105m██[38;2;137;135;111m██[38;2;115;111;83m██[38;2;195;188;130m██[38;2;115;111;79m  [38;2;221;218;181m  [38;2;251;246;205m  [38;2;250;247;206m  [38;2;251;247;206m  [38;2;124;122;105m  [38;2;93;104;107m██[38;2;85;89;104m██[38;2;212;216;222m██[38;2;160;157;134m██[38;2;1;1;1m  
[38;2;10;27;23m  [38;2;63;70;66m██[38;2;99;95;74m██[38;2;154;147;89m██[38;2;216;208;142m██[38;2;212;204;139m██[38;2;189;182;118m██[38;2;211;204;137m██[38;2;198;191;126m██[38;2;219;210;143m██[38;2;55;53;36m██[38;2;84;82;68m  [38;2;249;245;205m  [38;2;247;243;202m  [38;2;8;9;18m  [38;2;128;147;146m██[38;2;86;85;86m██[38;2;230;230;235m██[38;2;255;255;255m██[38;2;70;70;70m██
[38;2;38;37;31m  [38;2;80;77;52m  [38;2;110;104;67m██[38;2;98;93;62m██[38;2;136;131;102m██[38;2;127;122;93m██[38;2;204;197;131m██[38;2;219;211;143m██[38;2;178;171;110m██[38;2;193;186;122m██[38;2;157;152;113m██[38;2;114;109;80m  [38;2;237;233;194m  [38;2;79;78;68m  [38;2;61;79;104m██[38;2;61;81;108m██[38;2;255;255;255m██[38;2;240;241;243m██[38;2;230;230;230m██[38;2;31;31;31m  
[38;2;69;67;56m  [38;2;251;247;205m  [38;2;105;104;86m  [38;2;251;247;206m  [38;2;76;73;45m██[38;2;155;148;92m██[38;2;161;156;120m██[38;2;219;211;143m████[38;2;139;133;91m██[38;2;191;184;131m██[38;2;53;52;49m██[38;2;6;6;6m██[38;2;89;81;81m██[38;2;89;80;81m██[38;2;62;81;109m██[38;2;78;80;85m██[38;2;249;249;249m██[38;2;117;113;71m██[38;2;0;1;0m  
[38;2;69;67;56m  [38;2;250;247;206m  [38;2;251;247;206m  [38;2;113;111;93m  [38;2;142;136;88m██[38;2;194;186;122m██[38;2;145;136;108m██[38;2;209;201;138m██[38;2;142;133;106m██[38;2;169;163;119m██[38;2;211;203;136m██[38;2;197;190;132m██[38;2;89;88;84m██[38;2;89;81;81m██[38;2;85;76;81m██[38;2;81;77;108m██[38;2;62;81;98m██[38;2;108;132;167m██[38;2;151;152;151m██[38;2;40;41;40m  
[38;2;69;67;56m  [38;2;251;247;205m  [38;2;156;154;128m  [38;2;196;189;127m██[38;2;191;183;120m██[38;2;219;210;143m████[38;2;118;109;95m██[38;2;214;206;139m██[38;2;218;210;142m██[38;2;164;158;103m██[38;2;160;155;115m██[38;2;75;74;74m██[38;2;88;80;80m██[38;2;91;84;167m██[38;2;92;85;146m██[38;2;56;58;48m  [38;2;27;27;22m  [38;2;23;22;18m  [38;2;0;0;0m  
[38;2;69;67;56m  [38;2;251;247;206m  [38;2;216;212;177m  [38;2;67;64;42m  [38;2;201;193;128m██[38;2;219;211;143m██[38;2;197;190;125m██[38;2;219;211;143m██[38;2;203;196;131m██[38;2;171;165;110m██[38;2;90;84;79m██[38;2;83;76;77m██[38;2;89;81;81m██[38;2;75;70;72m██[38;2;81;74;100m██[38;2;84;76;125m██[38;2;18;18;15m  [38;2;251;247;206m  [38;2;207;203;169m  [38;2;0;0;0m  
[38;2;69;67;56m  [38;2;251;247;206m  [38;2;156;154;128m  [38;2;202;195;132m██[38;2;190;183;119m██[38;2;219;211;143m██[38;2;184;177;115m██[38;2;216;208;141m██[38;2;196;189;131m██[38;2;73;69;70m██[38;2;63;61;62m██[38;2;9;9;9m██[38;2;1;1;1m██[38;2;53;51;47m  [38;2;89;81;81m██[38;2;87;83;83m██[38;2;24;27;21m  [38;2;237;233;194m  [38;2;207;203;169m  [38;2;0;0;0m  
[38;2;69;67;56m  [38;2;251;246;206m  [38;2;219;216;180m  [38;2;80;77;54m  [38;2;159;158;111m██[38;2;219;211;143m██[38;2;123;118;78m██[38;2;112;110;89m██[38;2;82;76;76m██[38;2;90;82;81m██[38;2;20;18;18m██[38;2;36;36;36m██[38;2;46;46;46m██[38;2;119;117;97m  [38;2;33;30;30m  [38;2;44;43;50m██[38;2;53;53;65m██[38;2;156;154;128m  [38;2;207;203;169m  [38;2;0;0;0m  
[38;2;0;0;0m      [38;2;15;19;15m  [38;2;44;54;40m██[38;2;0;0;0m    [38;2;9;8;8m  [38;2;84;82;78m██[38;2;56;52;51m  [38;2;0;0;0m  [38;2;3;3;3m  [38;2;59;59;59m██[38;2;0;0;0m    [38;2;4;4;0m  [38;2;86;83;119m██[38;2;24;24;24m██[38;2;0;0;0m    
[38;2;0;0;0m    [38;2;55;73;55m██[38;2;66;83;66m██[38;2;14;19;14m  [38;2;0;0;0m      [38;2;60;83;60m██[38;2;49;67;49m  [38;2;0;0;0m  [38;2;6;6;6m  [38;2;19;19;19m██[38;2;0;0;0m    [38;2;26;24;30m  [38;2;79;73;104m██[38;2;30;30;30m██[38;2;0;0;0m    
[38;2;0;0;0m  [38;2;57;78;57m██[38;2;26;35;26m  [38;2;70;95;70m██[38;2;0;0;0m      [38;2;28;37;28m██[38;2;88;118;88m██[38;2;0;0;0m                      
[38;2;0;0;0m              [38;2;80;109;80m██[38;2;66;88;66m██[38;2;0;0;0m                      [0m
