
[38;2;0;0;0m          [38;2;42;52;30m  [38;2;0;0;0m                                    
[38;2;0;0;0m        [38;2;0;2;0m  [38;2;175;219;114m██[38;2;0;0;0m                                    
[38;2;0;0;0m        [38;2;53;69;33m██[38;2;167;213;104m██[38;2;0;0;0m                                    
[38;2;0;0;0m        [38;2;72;90;47m██[38;2;132;178;74m██[38;2;0;0;0m                                    
[38;2;0;0;0m        [38;2;151;194;93m██[38;2;132;178;74m██[38;2;0;0;0m                                    
[38;2;0;0;0m      [38;2;0;2;0m  [38;2;131;172;79m██[38;2;165;206;107m██[38;2;0;0;0m                                    
[38;2;0;0;0m      [38;2;0;3;0m  [38;2;164;211;101m██[38;2;165;206;107m██[38;2;0;0;0m                                    
[38;2;0;0;0m      [38;2;0;3;0m  [38;2;138;179;85m██[38;2;165;206;107m██[38;2;0;0;0m                                    
[38;2;0;0;0m        [38;2;174;215;121m██[38;2;175;216;120m██[38;2;0;0;0m                                    
[38;2;0;0;0m        [38;2;174;215;121m██[38;2;175;215;120m██[38;2;0;0;0m                                    
[38;2;0;0;0m        [38;2;174;215;121m██[38;2;175;216;120m██[38;2;0;0;0m                                    
[38;2;0;0;0m        [38;2;174;215;121m██[38;2;175;215;120m██[38;2;0;0;0m                                    
[38;2;0;0;0m        [38;2;174;215;121m██[38;2;175;216;120m██[38;2;0;0;0m                                    
[38;2;0;0;0m        [38;2;174;215;121m██[38;2;175;215;120m██[38;2;0;0;0m                                    
[38;2;0;0;0m    [38;2;88;78;35m  [38;2;26;23;10m  [38;2;174;215;121m██[38;2;175;216;120m██[38;2;130;115;52m  [38;2;251;221;101m    [38;2;241;212;97m  [38;2;231;203;93m  [38;2;159;140;62m  [38;2;209;182;62m██[38;2;92;79;31m  [38;2;241;212;97m  [38;2;251;221;101m  [38;2;15;13;6m  [38;2;0;0;0m              
[38;2;0;0;0m    [38;2;88;78;35m  [38;2;26;23;10m  [38;2;174;215;121m██[38;2;175;215;120m██[38;2;130;115;52m  [38;2;251;221;101m  [38;2;250;221;101m  [38;2;81;71;29m  [38;2;102;89;34m  [38;2;151;120;35m██[38;2;253;220;74m██[38;2;164;140;46m██[38;2;214;188;86m  [38;2;251;221;101m  [38;2;15;13;6m  [38;2;0;0;0m              
[38;2;0;0;0m    [38;2;88;78;35m  [38;2;26;23;10m  [38;2;174;215;121m██[38;2;175;216;120m██[38;2;130;115;52m  [38;2;251;221;101m  [38;2;213;187;85m  [38;2;90;79;26m██[38;2;124;113;68m██[38;2;209;173;54m██[38;2;253;220;75m██[38;2;135;99;33m██[38;2;214;188;86m  [38;2;251;221;101m  [38;2;15;13;6m  [38;2;20;25;14m  [38;2;0;0;0m            
[38;2;0;0;0m    [38;2;88;78;35m  [38;2;26;23;10m  [38;2;159;202;106m██[38;2;176;215;118m██[38;2;130;115;52m  [38;2;251;221;101m  [38;2;99;87;39m  [38;2;253;220;74m██[38;2;220;193;73m██[38;2;189;151;44m██[38;2;198;162;50m██[38;2;188;155;47m██[38;2;81;73;29m  [38;2;251;221;101m  [38;2;15;13;6m  [38;2;82;103;58m██[38;2;0;0;0m            
[38;2;0;0;0m    [38;2;88;78;35m  [38;2;26;23;10m  [38;2;169;211;116m██[38;2;176;215;118m██[38;2;130;115;52m  [38;2;251;221;101m    [38;2;35;29;10m██[38;2;249;214;73m██[38;2;200;162;50m██[38;2;198;162;50m██[38;2;197;155;41m██[38;2;28;23;4m██[38;2;251;221;101m  [38;2;15;13;6m  [38;2;105;131;74m██[38;2;43;52;29m  [38;2;0;0;0m          
[38;2;0;0;0m    [38;2;88;78;35m  [38;2;26;23;10m  [38;2;155;198;101m██[38;2;176;215;118m██[38;2;130;115;52m  [38;2;251;221;101m  [38;2;137;120;55m  [38;2;187;160;53m██[38;2;227;192;63m██[38;2;253;220;75m██[38;2;253;220;74m██[38;2;236;201;66m██[38;2;33;28;9m██[38;2;251;221;101m  [38;2;15;13;6m  [38;2;174;215;121m██[38;2;172;211;117m██[38;2;0;0;0m          
[38;2;0;0;0m    [38;2;88;78;35m  [38;2;26;23;10m  [38;2;200;220;183m██[38;2;244;245;243m██[38;2;130;115;52m  [38;2;235;207;94m  [38;2;144;123;41m██[38;2;253;219;74m██[38;2;253;220;75m████[38;2;245;206;71m██[38;2;220;193;73m██[38;2;253;220;75m██[38;2;99;87;39m  [38;2;15;13;6m  [38;2;151;187;105m██[38;2;173;212;118m██[38;2;18;23;13m  [38;2;0;0;0m        
[38;2;0;0;0m    [38;2;88;78;35m  [38;2;26;23;10m  [38;2;240;246;236m██[38;2;246;249;244m██[38;2;130;115;52m  [38;2;61;54;26m  [38;2;86;80;64m██[38;2;247;215;73m██[38;2;253;220;74m██[38;2;220;193;73m██[38;2;104;90;64m██[38;2;110;98;63m██[38;2;126;113;66m██[38;2;40;58;37m  [38;2;4;3;1m  [38;2;83;103;56m██[38;2;175;216;117m██[38;2;73;100;57m██[38;2;0;0;0m  [38;2;7;63;42m  [38;2;0;0;0m    
[38;2;0;0;0m    [38;2;88;78;35m  [38;2;26;23;10m  [38;2;247;251;246m██[38;2;247;251;244m██[38;2;130;115;52m  [38;2;5;5;5m██[38;2;74;73;72m██[38;2;82;78;63m██[38;2;177;150;58m██[38;2;49;48;49m██[38;2;106;81;29m██[38;2;204;176;68m██[38;2;84;78;63m██[38;2;26;87;62m██[38;2;0;2;1m  [38;2;37;70;46m██[38;2;151;206;114m██[38;2;121;180;102m██[38;2;23;47;31m██[38;2;29;114;82m██[38;2;0;0;0m    
[38;2;0;0;0m    [38;2;88;78;35m  [38;2;26;23;10m  [38;2;246;250;246m██[38;2;195;210;195m██[38;2;130;115;52m  [38;2;11;10;9m██[38;2;146;141;136m██[38;2;82;77;61m██[38;2;158;136;61m██[38;2;176;170;165m██[38;2;167;164;165m██[38;2;156;143;111m██[38;2;167;138;54m██[38;2;41;101;78m██[38;2;12;101;67m██[38;2;43;121;80m██[38;2;82;174;107m██[38;2;75;128;89m██[38;2;30;142;93m██[38;2;16;132;88m██[38;2;0;0;0m    
[38;2;0;0;0m    [38;2;66;58;26m  [38;2;38;36;26m  [38;2;209;216;204m██[38;2;177;195;175m██[38;2;40;39;40m██[38;2;113;101;65m██[38;2;198;167;65m██[38;2;255;210;65m████[38;2;113;101;65m██[38;2;153;124;55m██[38;2;207;166;54m██[38;2;84;78;63m██[38;2;56;70;65m██[38;2;35;112;81m██[38;2;19;132;88m██[38;2;65;162;101m██[38;2;66;106;80m██[38;2;66;67;67m██[38;2;27;54;41m██[38;2;0;0;0m    
[38;2;0;0;0m    [38;2;166;173;166m██[38;2;77;78;76m██[38;2;143;146;140m██[38;2;93;97;93m██[38;2;107;112;107m██[38;2;250;207;59m██[38;2;141;123;64m██[38;2;125;108;63m██[38;2;195;153;49m██[38;2;153;137;87m██[38;2;184;162;66m██[38;2;233;201;66m██[38;2;168;139;51m██[38;2;43;79;65m██[38;2;18;90;65m██[38;2;51;84;71m██[38;2;48;90;72m██[38;2;159;201;117m██[38;2;74;79;71m██[38;2;95;178;108m██[38;2;12;100;67m██[38;2;3;26;17m██
[38;2;0;0;0m  [38;2;202;205;200m██[38;2;236;240;236m██[38;2;203;206;198m██[38;2;152;157;152m██[38;2;202;205;202m██[38;2;218;229;218m██[38;2;65;65;65m██[38;2;127;107;54m██[38;2;129;112;52m██[38;2;105;91;64m██[38;2;149;130;57m██[38;2;253;220;72m██[38;2;253;220;74m██[38;2;177;148;55m██[38;2;116;114;58m██[38;2;52;82;71m██[38;2;60;136;86m██[38;2;144;213;119m██[38;2;110;133;90m██[38;2;159;202;117m██[38;2;65;129;88m██[38;2;16;127;85m██[38;2;3;26;17m  
[38;2;51;52;50m  [38;2;191;192;184m██[38;2;190;194;190m██[38;2;154;130;58m██[38;2;129;137;129m██[38;2;149;160;149m██[38;2;111;111;111m██[38;2;72;69;65m██[38;2;211;175;64m██[38;2;192;169;72m██[38;2;202;171;69m██[38;2;220;185;59m██[38;2;253;220;74m████[38;2;93;87;67m██[38;2;16;118;78m██[38;2;15;133;89m██[38;2;56;158;100m██[38;2;82;172;106m██[38;2;91;122;84m██[38;2;117;159;97m██[38;2;55;78;69m██[38;2;20;126;84m██[38;2;3;27;18m  
[38;2;0;0;0m    [38;2;100;88;47m██[38;2;182;151;41m██[38;2;122;132;122m██[38;2;194;209;194m██[38;2;111;98;54m██[38;2;149;124;44m██[38;2;164;146;61m██[38;2;241;207;69m██[38;2;224;189;61m██[38;2;253;220;75m████[38;2;225;190;62m██[38;2;167;138;54m██[38;2;71;89;63m██[38;2;14;121;79m██[38;2;26;114;80m██[38;2;55;83;72m██[38;2;65;163;101m██[38;2;56;75;69m██[38;2;67;172;105m██[38;2;42;86;71m██[38;2;3;27;18m  
[38;2;0;0;0m    [38;2;77;68;23m██[38;2;134;126;77m██[38;2;189;191;186m██[38;2;194;205;194m██[38;2;152;149;134m██[38;2;48;40;15m  [38;2;104;89;37m  [38;2;201;161;47m██[38;2;213;174;53m██[38;2;211;175;56m████[38;2;196;159;49m██[38;2;84;78;63m██[38;2;185;150;48m██[38;2;62;79;67m██[38;2;25;107;77m██[38;2;19;132;89m██[38;2;39;104;79m██[38;2;55;145;96m██[38;2;31;114;78m██[38;2;17;94;62m██[38;2;0;0;0m  
[38;2;0;0;0m    [38;2;22;19;8m  [38;2;62;55;25m  [38;2;207;210;204m██[38;2;147;160;138m██[38;2;93;89;72m  [38;2;251;221;101m    [38;2;62;55;25m  [38;2;122;99;31m  [38;2;197;160;49m██[38;2;197;160;48m██[38;2;197;159;49m██[38;2;153;124;39m██[38;2;97;80;28m  [38;2;15;86;54m██[38;2;12;101;68m██[38;2;22;131;89m██[38;2;39;92;72m██[38;2;40;128;88m██[38;2;46;93;73m██[38;2;4;68;45m  [38;2;0;0;0m  
[38;2;0;0;0m    [38;2;22;19;8m  [38;2;62;55;25m  [38;2;152;143;109m██[38;2;158;138;94m██[38;2;100;88;54m  [38;2;62;55;25m      [38;2;53;50;41m  [38;2;84;77;44m██[38;2;92;77;49m██[38;2;106;95;63m██[38;2;7;5;1m  [38;2;37;33;15m  [38;2;0;0;0m  [38;2;5;10;7m  [38;2;26;95;66m██[38;2;16;64;49m██[38;2;8;113;71m██[38;2;6;64;42m██[38;2;0;0;0m    
[38;2;0;0;0m        [38;2;106;91;65m██[38;2;104;87;66m██[38;2;0;0;0m      [38;2;18;14;5m  [38;2;129;100;36m██[38;2;70;62;61m██[38;2;78;67;47m██[38;2;168;138;53m██[38;2;54;44;28m██[38;2;0;0;0m          [38;2;3;79;51m██[38;2;1;36;23m██[38;2;0;0;0m    
[38;2;0;0;0m        [38;2;41;35;25m██[38;2;2;1;2m  [38;2;0;0;0m          [38;2;4;3;3m  [38;2;35;30;14m██[38;2;123;101;31m██[38;2;73;60;21m██[38;2;0;0;0m          [38;2;0;2;1m  [38;2;0;9;5m  [38;2;0;0;0m    [0m
