
[38;2;0;0;0m            [38;2;60;61;62m██[38;2;15;15;15m  [38;2;0;0;0m  [38;2;1;0;0m  [38;2;31;35;36m  [38;2;42;42;42m  [38;2;0;0;0m            
[38;2;0;0;0m            [38;2;223;226;231m██[38;2;195;195;202m██[38;2;143;143;148m  [38;2;35;36;36m  [38;2;99;103;105m██[38;2;201;198;201m██[38;2;0;0;0m            
[38;2;0;0;0m            [38;2;56;57;57m██[38;2;200;202;204m██[38;2;184;187;196m██[38;2;216;217;223m██[38;2;210;209;210m████[38;2;177;174;177m██[38;2;73;72;73m██[38;2;0;0;0m        
[38;2;0;0;0m            [38;2;5;8;9m  [38;2;120;55;116m██[38;2;170;99;202m██[38;2;121;89;124m██[38;2;211;209;211m██[38;2;210;209;210m██[38;2;211;209;211m██[38;2;128;132;139m██[38;2;0;0;0m        
[38;2;0;0;0m  [38;2;117;128;134m██[38;2;2;1;0m  [38;2;0;0;0m      [38;2;109;102;111m██[38;2;168;92;158m██[38;2;158;87;153m██[38;2;154;138;161m██[38;2;159;160;166m██[38;2;197;196;199m██[38;2;91;90;91m  [38;2;0;0;0m          
[38;2;37;40;43m  [38;2;154;171;178m██[38;2;41;43;43m  [38;2;0;0;0m    [38;2;165;165;170m  [38;2;231;231;239m██[38;2;232;232;240m██[38;2;231;231;239m██[38;2;241;241;243m██[38;2;193;195;198m██[38;2;120;122;133m██[38;2;0;0;0m            
[38;2;39;42;44m██[38;2;153;171;179m██[38;2;139;156;163m██[38;2;66;68;71m██[38;2;29;29;30m  [38;2;150;153;161m██[38;2;162;166;175m██[38;2;147;152;161m██[38;2;160;164;174m██[38;2;152;153;162m██[38;2;211;209;211m██[38;2;189;194;199m██[38;2;87;97;106m██[38;2;0;0;0m  [38;2;52;52;52m██[38;2;132;130;132m██[38;2;0;0;0m    
[38;2;37;40;43m  [38;2;152;169;176m██[38;2;135;149;158m██[38;2;181;180;186m██[38;2;237;239;245m████[38;2;230;231;236m██[38;2;229;229;235m██[38;2;217;216;219m██[38;2;217;215;219m██[38;2;91;95;107m██[38;2;137;148;158m██[38;2;153;166;177m██[38;2;44;47;50m██[38;2;211;209;211m██[38;2;208;207;211m██[38;2;0;0;0m    
[38;2;0;0;0m  [38;2;116;129;134m██[38;2;104;114;121m██[38;2;203;203;207m██[38;2;218;220;228m██[38;2;238;239;246m██[38;2;237;237;245m██[38;2;228;228;233m██[38;2;218;217;221m██[38;2;210;209;211m██[38;2;196;199;204m██[38;2;132;146;155m██[38;2;104;108;118m██[38;2;197;196;199m██[38;2;211;211;213m██[38;2;102;110;116m██[38;2;0;0;0m    
[38;2;0;0;0m  [38;2;0;2;5m  [38;2;142;158;164m██[38;2;147;164;171m██[38;2;103;98;115m██[38;2;103;97;118m██[38;2;102;96;117m██[38;2;99;95;113m██[38;2;196;195;197m██[38;2;201;202;205m██[38;2;154;170;179m██[38;2;152;172;179m██[38;2;207;205;208m██[38;2;210;210;212m██[38;2;183;185;187m██[38;2;31;36;39m  [38;2;0;0;0m    
[38;2;0;0;0m    [38;2;14;15;16m  [38;2;156;163;164m██[38;2;209;112;185m██[38;2;240;127;224m██[38;2;235;123;216m██[38;2;234;179;219m██[38;2;182;176;180m██[38;2;116;123;132m██[38;2;152;171;178m██[38;2;153;172;179m██[38;2;147;155;160m██[38;2;118;123;128m██[38;2;36;38;39m  [38;2;0;0;0m      
[38;2;0;0;0m    [38;2;2;1;0m  [38;2;175;174;161m██[38;2;192;168;109m██[38;2;219;139;183m██[38;2;210;154;163m██[38;2;139;138;139m██[38;2;254;254;254m██[38;2;203;147;190m██[38;2;124;113;131m██[38;2;142;154;164m██[38;2;148;166;174m██[38;2;34;37;39m██[38;2;191;191;191m  [38;2;0;0;0m      
[38;2;0;0;0m    [38;2;47;43;32m  [38;2;192;173;143m██[38;2;255;236;179m██[38;2;237;218;160m██[38;2;223;204;149m██[38;2;198;179;136m██[38;2;242;229;230m██[38;2;223;138;198m██[38;2;222;121;204m██[38;2;168;103;153m██[38;2;70;74;76m██[38;2;144;144;144m  [38;2;191;191;191m  [38;2;0;0;0m      
[38;2;0;0;0m    [38;2;67;73;73m██[38;2;208;195;155m██[38;2;240;220;163m██[38;2;240;221;162m██[38;2;254;236;178m████[38;2;196;164;112m██[38;2;209;137;174m██[38;2;177;104;157m██[38;2;172;99;151m██[38;2;60;72;84m  [38;2;238;237;237m  [38;2;191;191;191m  [38;2;0;0;0m      
[38;2;0;0;0m  [38;2;44;73;104m  [38;2;169;170;201m██[38;2;186;176;143m██[38;2;116;120;118m████[38;2;151;149;133m██[38;2;254;237;178m██[38;2;185;181;149m██[38;2;105;106;105m██[38;2;202;160;145m██[38;2;98;75;92m██[38;2;97;154;219m██[38;2;50;62;74m  [38;2;191;191;191m  [38;2;0;0;0m      
[38;2;0;0;0m  [38;2;190;190;190m██[38;2;150;153;218m██[38;2;65;64;81m██[38;2;190;167;133m██[38;2;219;151;123m██[38;2;206;148;124m██[38;2;143;142;129m██[38;2;152;140;131m██[38;2;179;154;133m██[38;2;131;87;134m██[38;2;46;52;211m██[38;2;163;166;217m██[38;2;52;52;52m██[38;2;191;191;191m  [38;2;0;0;0m      
[38;2;0;0;0m  [38;2;21;21;21m  [38;2;55;65;253m██[38;2;35;49;238m██[38;2;195;194;193m██[38;2;86;83;77m██[38;2;86;83;78m████[38;2;82;78;75m██[38;2;165;163;163m██[38;2;153;156;208m██[38;2;35;49;255m██[38;2;79;119;210m██[38;2;153;91;135m██[38;2;22;22;22m  [38;2;0;0;0m      
[38;2;0;0;0m    [38;2;41;44;153m██[38;2;149;142;174m██[38;2;254;254;254m██[38;2;221;223;239m██[38;2;50;65;193m██[38;2;48;59;242m██[38;2;88;102;193m██[38;2;162;163;172m██[38;2;174;173;174m██[38;2;77;84;174m██[38;2;141;88;126m██[38;2;200;108;173m██[38;2;150;81;129m██[38;2;0;0;0m      
[38;2;0;0;0m    [38;2;0;1;0m  [38;2;168;97;159m██[38;2;72;71;72m██[38;2;72;70;71m██[38;2;51;70;201m██[38;2;65;77;255m██[38;2;53;68;156m██[38;2;164;97;144m██[38;2;194;106;168m████[38;2;102;76;95m██[38;2;200;108;173m██[38;2;5;3;4m  [38;2;0;0;0m      
[38;2;0;0;0m    [38;2;10;9;6m  [38;2;169;155;108m██[38;2;209;139;158m██[38;2;232;130;207m██[38;2;152;95;144m████[38;2;149;91;132m██[38;2;199;108;173m████[38;2;214;115;192m██[38;2;218;119;204m██[38;2;89;65;81m██[38;2;74;43;67m  [38;2;0;0;0m      
[38;2;0;0;0m    [38;2;55;30;48m██[38;2;98;74;92m██[38;2;252;233;176m██[38;2;199;175;116m██[38;2;180;155;96m████[38;2;179;153;95m██[38;2;173;152;107m██[38;2;141;126;99m██[38;2;197;111;185m██[38;2;240;127;224m████[38;2;98;74;92m██[38;2;199;107;173m██[38;2;198;106;171m██[38;2;48;25;41m  
[38;2;0;0;0m    [38;2;199;108;173m██[38;2;156;94;138m██[38;2;135;121;93m██[38;2;202;183;137m██[38;2;254;235;172m██[38;2;242;220;165m██[38;2;220;192;161m██[38;2;217;186;151m██[38;2;108;79;102m██[38;2;240;127;224m████[38;2;222;118;201m██[38;2;98;75;92m██[38;2;113;61;98m██[38;2;63;34;54m  [38;2;0;0;0m  
[38;2;0;0;0m    [38;2;182;98;158m██[38;2;199;107;173m██[38;2;169;99;149m██[38;2;86;69;66m██[38;2;152;137;94m██[38;2;171;147;93m██[38;2;182;155;100m██[38;2;94;86;73m██[38;2;208;112;184m██[38;2;235;124;218m██[38;2;226;120;206m██[38;2;199;107;173m██[38;2;43;42;43m  [38;2;0;0;0m      
[38;2;0;0;0m    [38;2;17;10;16m  [38;2;118;77;103m██[38;2;199;108;173m██[38;2;134;82;117m██[38;2;17;18;19m  [38;2;56;48;41m  [38;2;75;64;54m██[38;2;36;34;33m██[38;2;134;82;117m██[38;2;199;108;173m████[38;2;101;55;88m██[38;2;0;0;0m        
[38;2;0;0;0m    [38;2;42;42;42m  [38;2;171;168;171m██[38;2;52;56;61m  [38;2;0;0;0m          [38;2;33;32;32m  [38;2;120;117;117m██[38;2;101;100;101m██[38;2;25;25;25m██[38;2;0;0;0m        
[38;2;0;0;0m                      [38;2;50;48;49m  [38;2;68;68;68m██[38;2;17;17;17m  [38;2;0;0;0m        [0m
