
[38;2;10;10;16m  [38;2;42;38;63m  [38;2;9;8;16m  [38;2;33;29;54m██[38;2;14;12;21m  [38;2;6;5;9m  [38;2;0;0;0m    [38;2;17;15;25m  [38;2;42;38;63m  [38;2;0;0;0m    [38;2;42;38;63m            [38;2;17;15;25m  [38;2;0;0;0m                
[38;2;43;40;66m  [38;2;70;64;106m  [38;2;97;85;168m██[38;2;125;111;211m██[38;2;80;72;130m  [38;2;124;116;172m  [38;2;138;130;191m████[38;2;99;93;139m  [38;2;42;38;63m  [38;2;117;107;176m██[38;2;138;130;191m██[38;2;103;94;155m  [38;2;169;155;255m    [38;2;169;154;255m  [38;2;169;155;255m    [38;2;68;63;103m  [38;2;0;0;0m                
[38;2;43;40;66m  [38;2;70;64;106m  [38;2;75;64;139m██[38;2;98;94;125m██[38;2;185;174;255m██[38;2;185;173;255m████[38;2;185;174;255m██[38;2;184;173;255m██[38;2;148;135;229m██[38;2;176;165;248m██[38;2;167;155;241m██[38;2;95;90;132m██[38;2;169;155;255m        [38;2;159;145;237m  [38;2;40;32;12m    [38;2;14;12;4m  [38;2;44;37;20m  [38;2;26;21;8m  [38;2;40;32;12m      [38;2;10;8;3m  
[38;2;43;40;66m  [38;2;169;154;255m  [38;2;94;86;139m  [38;2;153;144;210m██[38;2;184;174;255m██[38;2;185;174;255m██[38;2;184;173;255m██[38;2;150;137;230m██[38;2;161;149;239m██[38;2;185;174;255m██[38;2;147;134;225m██[38;2;166;155;241m██[38;2;95;90;132m██[38;2;169;155;255m    [38;2;169;154;255m  [38;2;169;155;255m  [38;2;168;153;239m  [38;2;160;130;50m    [38;2;59;48;18m  [38;2;177;151;83m██[38;2;106;86;33m  [38;2;160;130;50m      [38;2;41;33;12m  
[38;2;43;40;66m  [38;2;169;155;255m  [38;2;75;75;75m██[38;2;155;144;225m██[38;2;185;174;255m██[38;2;185;173;255m██[38;2;168;157;239m██[38;2;244;243;252m██[38;2;179;175;206m██[38;2;171;159;244m██[38;2;147;134;225m██[38;2;167;155;241m██[38;2;64;57;108m  [38;2;169;155;255m      [38;2;145;133;219m  [38;2;168;153;239m  [38;2;160;130;50m  [38;2;108;88;35m  [38;2;97;79;28m██[38;2;163;138;70m██[38;2;106;86;33m  [38;2;160;130;50m      [38;2;41;33;12m  
[38;2;43;40;66m  [38;2;169;154;255m  [38;2;53;46;31m██[38;2;155;129;99m██[38;2;163;136;106m██[38;2;181;168;233m██[38;2;178;169;232m██[38;2;255;255;255m██[38;2;217;217;217m██[38;2;142;129;221m██[38;2;177;165;248m██[38;2;33;29;56m██[38;2;147;134;221m  [38;2;169;155;255m    [38;2;164;150;247m  [38;2;105;91;69m  [38;2;50;45;62m  [38;2;88;72;27m  [38;2;157;135;75m██[38;2;117;104;69m██[38;2;88;79;53m██[38;2;63;50;17m  [38;2;160;130;50m      [38;2;41;33;12m  
[38;2;32;30;49m  [38;2;77;72;80m  [38;2;255;240;197m██████[38;2;191;165;107m██[38;2;199;178;134m██[38;2;230;222;205m██[38;2;242;241;251m██[38;2;151;139;229m██[38;2;184;174;255m██[38;2;51;48;70m██[38;2;147;134;221m  [38;2;169;155;255m    [38;2;162;149;245m  [38;2;115;98;54m██[38;2;179;151;77m██[38;2;129;112;64m██[38;2;208;177;97m██[38;2;208;178;97m██[38;2;198;168;88m██[38;2;146;116;36m██[38;2;29;24;9m  [38;2;160;130;50m  [38;2;120;97;37m  [38;2;31;25;9m  
[38;2;0;0;0m  [38;2;198;186;153m██[38;2;255;239;197m██[38;2;146;128;77m██[38;2;255;239;197m██[38;2;255;240;197m██[38;2;245;229;184m██[38;2;230;211;162m██[38;2;168;142;102m██[38;2;182;170;243m██[38;2;184;174;255m██[38;2;185;174;255m██[38;2;81;74;122m  [38;2;169;155;255m    [38;2;167;153;252m  [38;2;85;76;98m  [38;2;190;161;83m██[38;2;129;116;79m██[38;2;112;102;76m██[38;2;208;178;97m██[38;2;150;123;52m██[38;2;85;77;57m██[38;2;96;76;24m  [38;2;40;32;12m  [38;2;109;87;27m██[38;2;28;22;7m  
[38;2;43;40;66m  [38;2;37;34;56m  [38;2;137;134;124m██[38;2;207;196;164m██[38;2;223;210;175m██[38;2;255;239;197m████[38;2;249;231;187m██[38;2;205;182;142m██[38;2;161;129;64m██[38;2;184;174;255m████[38;2;95;90;132m██[38;2;169;155;255m    [38;2;122;111;184m  [38;2;115;98;54m██[38;2;208;178;97m██[38;2;198;168;88m██[38;2;196;168;95m██[38;2;100;93;73m██[38;2;107;96;67m██[38;2;146;116;36m██[38;2;87;69;20m██[38;2;120;95;29m██[38;2;94;74;23m  [38;2;10;8;3m  
[38;2;43;40;66m  [38;2;186;183;205m  [38;2;97;91;81m██[38;2;145;83;83m██[38;2;128;79;80m██[38;2;112;108;97m██[38;2;202;198;187m██[38;2;106;100;88m██[38;2;182;158;112m██[38;2;177;160;196m██[38;2;184;174;255m██[38;2;185;174;255m██[38;2;143;133;211m██[38;2;42;38;63m  [38;2;103;94;155m  [38;2;156;133;73m██[38;2;125;111;73m██[38;2;208;178;97m██[38;2;198;168;88m██[38;2;208;178;97m██[38;2;157;128;52m██[38;2;129;101;26m██[38;2;146;116;36m██[38;2;109;89;36m██[38;2;95;77;29m  [38;2;128;104;40m  [38;2;41;33;12m  
[38;2;32;30;49m  [38;2;64;59;92m  [38;2;178;162;210m██[38;2;202;174;126m██[38;2;188;129;95m██[38;2;208;133;115m██[38;2;145;130;103m██[38;2;211;183;131m██[38;2;172;151;167m██[38;2;185;174;255m██[38;2;184;174;255m████[38;2;153;140;233m██[38;2;81;78;103m██[38;2;105;94;59m██[38;2;208;177;97m████[38;2;100;93;73m██[38;2;143;126;83m██[38;2;174;151;88m██[38;2;141;112;36m██[38;2;142;114;37m██[38;2;125;103;43m██[38;2;51;41;14m  [38;2;148;120;46m  [38;2;160;130;50m  [38;2;41;33;12m  
[38;2;0;0;0m  [38;2;143;135;198m██[38;2;158;149;212m██[38;2;162;148;188m██[38;2;176;155;164m██[38;2;174;143;81m██[38;2;175;150;127m██[38;2;177;161;205m██[38;2;185;173;255m██[38;2;185;174;255m██[38;2;184;174;255m██[38;2;185;174;255m██[38;2;106;97;159m██[38;2;133;119;219m██[38;2;147;147;144m██[38;2;57;49;27m██[38;2;208;178;97m████[38;2;186;161;93m██[38;2;121;100;44m██[38;2;85;77;57m██[38;2;91;81;55m██[38;2;125;103;43m██[38;2;139;110;34m██[38;2;60;48;16m  [38;2;160;130;50m  [38;2;41;33;12m  
[38;2;47;45;66m██[38;2;185;173;255m██[38;2;137;130;179m██[38;2;168;158;228m██[38;2;185;174;255m██[38;2;185;173;255m████[38;2;185;174;255m██[38;2;130;124;168m██[38;2;178;167;244m██[38;2;184;174;255m████[38;2;97;90;139m██[38;2;133;119;219m██[38;2;97;90;139m██[38;2;57;49;27m██[38;2;197;171;99m██[38;2;149;149;132m██[38;2;96;96;84m██[38;2;249;246;237m██[38;2;208;178;97m██[38;2;144;114;34m██[38;2;134;105;27m██[38;2;146;116;36m██[38;2;91;78;45m██[38;2;55;44;15m  [38;2;31;25;9m  
[38;2;47;45;66m██[38;2;154;141;234m██[38;2;100;97;121m██[38;2;185;174;255m██[38;2;184;174;255m██[38;2;185;174;255m██[38;2;184;173;255m██[38;2;185;174;255m██[38;2;113;109;142m██[38;2;185;174;255m██[38;2;184;174;255m██[38;2;98;95;117m██[38;2;124;112;199m██[38;2;133;119;219m██[38;2;124;112;199m██[38;2;100;93;73m██[38;2;90;86;74m██[38;2;215;192;132m██[38;2;193;171;111m██[38;2;218;195;132m██[38;2;178;148;68m██[38;2;109;82;8m██[38;2;100;73;1m██[38;2;146;116;36m██[38;2;56;44;10m██[38;2;55;44;15m  [38;2;31;25;9m  
[38;2;10;10;16m  [38;2;158;157;162m  [38;2;76;73;92m██[38;2;184;166;91m██[38;2;187;173;207m████[38;2;188;173;207m██[38;2;78;77;80m██[38;2;166;155;235m██[38;2;184;172;254m██[38;2;171;161;233m██[38;2;84;81;107m██[38;2;139;125;223m██[38;2;81;78;103m██[38;2;124;112;200m██[38;2;131;117;214m██[38;2;132;118;95m██[38;2;68;68;68m██[38;2;147;134;99m██[38;2;167;144;84m██[38;2;138;111;38m██[38;2;146;116;36m████[38;2;96;76;24m  [38;2;124;101;38m  [38;2;160;130;50m  [38;2;41;33;12m  
[38;2;10;10;16m  [38;2;86;78;141m  [38;2;112;102;173m██[38;2;219;207;172m██[38;2;240;222;164m██[38;2;240;223;164m████[38;2;211;199;164m██[38;2;158;156;166m██[38;2;151;139;229m██[38;2;104;98;142m██[38;2;169;158;243m██[38;2;178;166;250m██[38;2;171;160;246m██[38;2;100;93;144m██[38;2;133;118;219m██[38;2;115;103;189m██[38;2;101;92;161m██[38;2;84;84;84m██[38;2;65;65;65m██[38;2;77;73;60m██[38;2;129;103;31m██[38;2;36;29;9m██[38;2;127;103;39m  [38;2;160;130;50m    [38;2;41;33;12m  
[38;2;0;0;0m  [38;2;103;92;170m██[38;2;133;118;218m██[38;2;77;74;93m██[38;2;217;194;113m██[38;2;240;223;164m██[38;2;240;222;164m████[38;2;164;147;87m██[38;2;83;80;102m██[38;2;156;143;235m██[38;2;184;174;255m██[38;2;185;173;255m██[38;2;185;174;255m██[38;2;97;90;139m██[38;2;131;117;216m██[38;2;71;66;100m██[38;2;85;77;57m████[38;2;141;112;34m██[38;2;65;52;17m  [38;2;57;46;18m  [38;2;160;130;50m        [38;2;41;33;12m  
[38;2;32;30;49m  [38;2;54;48;85m  [38;2;133;119;218m██[38;2;119;108;187m██[38;2;144;131;102m██[38;2;221;195;133m██████[38;2;207;178;125m██[38;2;88;83;101m██[38;2;138;125;223m██[38;2;183;172;254m██[38;2;184;173;255m██[38;2;146;132;227m██[38;2;72;65;113m██[38;2;39;35;59m  [38;2;155;149;191m  [38;2;36;29;9m████[38;2;32;25;7m  [38;2;25;20;7m  [38;2;40;32;12m          [38;2;10;8;3m  
[38;2;32;30;49m  [38;2;71;70;85m  [38;2;84;90;120m██[38;2;129;116;211m██[38;2;99;89;164m██[38;2;104;83;44m██[38;2;138;111;57m██[38;2;174;143;81m██[38;2;197;167;112m██[38;2;115;107;92m██[38;2;114;102;188m██[38;2;133;119;219m████[38;2;99;89;164m██[38;2;68;61;113m  [38;2;169;155;255m      [38;2;68;63;103m  [38;2;0;0;0m                
[38;2;0;0;0m  [38;2;86;97;105m██[38;2;182;188;182m██[38;2;60;59;78m██[38;2;33;29;54m██[38;2;89;80;148m  [38;2;101;91;134m  [38;2;57;50;39m██████[38;2;14;13;24m  [38;2;166;155;238m██[38;2;172;160;246m██[38;2;99;89;164m██[38;2;82;75;127m  [38;2;169;154;255m  [38;2;169;155;255m    [38;2;68;63;103m  [38;2;0;0;0m                
[38;2;32;30;49m  [38;2;28;25;42m  [38;2;0;0;0m  [38;2;103;94;155m  [38;2;117;107;182m  [38;2;99;89;164m  [38;2;126;116;191m      [38;2;169;149;122m  [38;2;50;50;50m██[38;2;112;112;112m██[38;2;105;100;139m██[38;2;112;112;112m██[38;2;65;60;99m  [38;2;126;116;191m      [38;2;51;47;77m  [38;2;0;0;0m                
[38;2;0;0;0m                    [38;2;28;28;28m  [38;2;63;63;63m██[38;2;129;129;129m  [38;2;63;63;63m██[38;2;92;92;92m  [38;2;0;0;0m                        [0m
