
[38;2;0;0;0m                [38;2;0;1;0m  [38;2;0;0;0m  [38;2;24;22;26m  [38;2;46;42;50m██[38;2;19;17;21m  [38;2;0;0;0m            
[38;2;0;0;0m                [38;2;90;79;104m██[38;2;0;0;0m  [38;2;156;143;171m██[38;2;172;158;189m██[38;2;72;66;79m██[38;2;0;0;0m            
[38;2;0;0;0m              [38;2;21;20;21m  [38;2;126;109;144m██[38;2;132;120;147m██[38;2;170;154;189m██[38;2;164;146;184m██[38;2;133;114;152m██[38;2;0;0;0m            
[38;2;0;0;0m            [38;2;68;62;76m  [38;2;168;155;188m██[38;2;169;156;188m██[38;2;166;157;188m██[38;2;77;74;79m██[38;2;80;75;85m██[38;2;79;70;91m██[38;2;0;0;0m            
[38;2;0;0;0m        [38;2;24;21;29m  [38;2;76;69;86m██[38;2;181;168;205m██[38;2;183;168;205m██[38;2;159;139;188m██[38;2;181;169;205m██[38;2;180;169;205m██[38;2;175;165;200m██[38;2;80;70;95m██[38;2;0;0;0m            
[38;2;0;0;0m        [38;2;57;50;69m██[38;2;180;164;203m██[38;2;183;168;205m████[38;2;128;101;167m██[38;2;183;168;205m██[38;2;181;169;205m██[38;2;74;71;76m██[38;2;159;136;189m██[38;2;0;0;0m            
[38;2;0;0;0m      [38;2;75;71;86m  [38;2;142;129;160m██[38;2;168;152;190m██[38;2;125;117;139m██[38;2;122;117;135m████[38;2;158;134;184m██[38;2;152;140;168m██[38;2;173;164;197m██[38;2;119;104;135m██[38;2;139;122;169m██[38;2;0;0;0m          
[38;2;34;26;44m██[38;2;118;96;143m██[38;2;65;63;69m██[38;2;88;87;89m██[38;2;69;67;59m██[38;2;164;155;185m██[38;2;181;169;205m██[38;2;183;168;205m████[38;2;69;68;70m████[38;2;145;131;165m██[38;2;157;132;184m██[38;2;139;122;169m██[38;2;0;0;0m          
[38;2;34;26;44m  [38;2;78;67;89m██[38;2;122;100;146m██[38;2;180;111;150m██[38;2;181;52;129m██[38;2;80;64;74m██[38;2;159;137;189m██[38;2;169;148;195m██[38;2;182;167;205m██[38;2;181;168;205m██[38;2;183;168;208m██[38;2;132;124;145m██[38;2;115;106;128m██[38;2;150;129;178m██[38;2;36;31;39m  [38;2;93;77;108m██[38;2;26;21;32m  [38;2;0;0;0m    
[38;2;30;23;39m  [38;2;81;72;92m██[38;2;112;89;139m██[38;2;148;33;106m██[38;2;180;60;129m██[38;2;81;64;80m██[38;2;130;99;167m██[38;2;131;100;164m██[38;2;168;146;194m██[38;2;183;167;205m██[38;2;182;168;204m██[38;2;181;167;204m██[38;2;166;157;188m██[38;2;75;72;79m██[38;2;130;113;148m██[38;2;80;66;91m██[38;2;46;36;56m██[38;2;0;0;0m    
[38;2;0;0;0m  [38;2;69;60;79m██[38;2;101;83;122m██[38;2;111;88;138m██[38;2;108;86;132m██[38;2;125;99;163m██[38;2;129;100;167m██[38;2;90;77;104m██[38;2;113;93;138m██[38;2;183;168;205m██[38;2;181;169;205m██[38;2;105;101;115m██[38;2;126;109;144m██[38;2;158;132;187m██[38;2;138;113;173m██[38;2;114;91;149m██[38;2;14;11;17m  [38;2;0;0;0m    
[38;2;0;0;0m  [38;2;61;54;69m██[38;2;134;128;145m██[38;2;110;103;119m██[38;2;118;92;148m██[38;2;106;106;117m██[38;2;76;77;80m██[38;2;199;198;205m██[38;2;105;88;128m██[38;2;183;167;205m██[38;2;181;169;205m██[38;2;69;67;71m██[38;2;137;113;174m██[38;2;128;100;167m██[38;2;129;99;168m██[38;2;89;67;114m  [38;2;0;0;0m      
[38;2;0;0;0m  [38;2;127;108;149m██[38;2;118;98;139m██[38;2;119;96;146m██[38;2;111;91;139m██[38;2;109;107;116m██[38;2;74;72;75m██[38;2;117;103;128m██[38;2;164;141;192m██[38;2;182;168;205m██[38;2;182;167;205m██[38;2;132;114;152m██[38;2;109;92;129m██[38;2;130;99;168m██[38;2;100;83;120m██[38;2;97;82;114m  [38;2;0;0;0m      
[38;2;0;0;0m  [38;2;4;4;4m  [38;2;107;95;119m██[38;2;157;137;184m██[38;2;142;119;177m██[38;2;143;123;168m██[38;2;165;139;193m██[38;2;162;137;184m██[38;2;151;139;167m██[38;2;151;139;169m██[38;2;168;148;189m██[38;2;160;135;188m  [38;2;120;103;138m██[38;2;90;83;98m██[38;2;133;115;154m██[38;2;133;113;157m██[38;2;0;0;0m      
[38;2;0;0;0m    [38;2;28;27;28m  [38;2;29;27;33m  [38;2;87;84;91m████[38;2;131;124;141m██[38;2;84;64;101m██[38;2;184;100;85m██[38;2;184;165;166m██[38;2;83;78;88m██[38;2;159;134;186m██[38;2;159;136;189m██[38;2;157;132;186m██[38;2;148;126;181m██[38;2;25;22;30m  [38;2;0;0;0m      
[38;2;0;0;0m        [38;2;91;79;85m██[38;2;209;140;118m██[38;2;178;122;103m██[38;2;192;153;125m██[38;2;216;167;136m██[38;2;170;139;143m██[38;2;136;103;132m██[38;2;74;67;91m██[38;2;107;93;128m██[38;2;123;104;143m██[38;2;40;34;45m  [38;2;0;0;0m        
[38;2;0;0;0m    [38;2;0;1;0m  [38;2;68;67;127m  [38;2;70;64;99m██[38;2;80;76;83m██[38;2;83;78;75m██[38;2;84;78;74m██[38;2;82;79;76m██[38;2;83;85;162m██[38;2;72;70;152m██[38;2;68;57;149m██[38;2;77;75;157m██[38;2;82;83;160m██[38;2;28;29;56m  [38;2;0;0;0m        
[38;2;0;0;0m    [38;2;25;25;40m██[38;2;59;61;85m██[38;2;72;63;134m██[38;2;79;82;130m██[38;2;89;92;153m██[38;2;63;51;150m██[38;2;64;51;154m██[38;2;77;74;164m██[38;2;87;89;174m██[38;2;64;54;152m████[38;2;78;76;165m  [38;2;88;86;173m██[38;2;30;29;63m  [38;2;0;0;0m      
[38;2;0;0;0m      [38;2;168;172;168m██[38;2;121;87;129m██[38;2;234;126;223m██[38;2;136;98;156m██[38;2;64;63;68m██[38;2;65;52;154m██[38;2;64;55;152m██[38;2;87;89;174m██[38;2;85;85;172m██[38;2;65;52;154m██[38;2;64;55;152m██[38;2;78;73;168m██[38;2;2;2;5m  [38;2;0;0;0m      
[38;2;0;0;0m    [38;2;31;18;28m  [38;2;124;74;114m██[38;2;117;112;86m██[38;2;207;145;156m██[38;2;221;134;186m██[38;2;240;127;224m██[38;2;106;80;132m██[38;2;66;62;108m██[38;2;79;82;131m██[38;2;85;87;139m██[38;2;71;69;121m██[38;2;64;58;105m██[38;2;107;77;99m██[38;2;176;98;159m██[38;2;59;44;89m██[38;2;36;41;94m██[38;2;9;11;24m  
[38;2;0;0;0m    [38;2;62;34;54m██[38;2;199;107;173m██[38;2;149;91;133m██[38;2;232;216;164m██[38;2;223;203;144m██[38;2;180;155;96m████[38;2;179;153;95m██[38;2;122;109;81m██[38;2;247;246;232m██[38;2;149;134;145m██[38;2;240;127;224m██[38;2;133;88;127m██[38;2;190;107;172m██[38;2;121;82;151m██[38;2;56;63;143m  [38;2;0;0;0m  
[38;2;0;0;0m    [38;2;26;14;23m  [38;2;180;98;157m██[38;2;178;101;156m██[38;2;115;102;78m██[38;2;205;190;136m██[38;2;252;233;164m██[38;2;247;228;171m██[38;2;222;198;163m██[38;2;174;157;133m██[38;2;166;100;156m██[38;2;210;115;195m██[38;2;240;127;224m██[38;2;225;120;205m██[38;2;65;53;66m  [38;2;23;16;30m  [38;2;0;0;0m    
[38;2;0;0;0m    [38;2;55;30;48m  [38;2;48;35;44m  [38;2;119;89;111m██[38;2;176;96;153m██[38;2;42;40;37m  [38;2;142;131;88m  [38;2;164;142;88m██[38;2;183;157;101m██[38;2;120;107;82m██[38;2;200;108;175m██[38;2;235;124;218m██[38;2;231;123;213m██[38;2;184;100;160m██[38;2;19;19;22m  [38;2;0;0;0m      
[38;2;0;0;0m    [38;2;41;22;35m  [38;2;82;72;79m  [38;2;55;54;55m██[38;2;119;65;103m  [38;2;159;86;138m  [38;2;133;72;116m  [38;2;104;69;86m  [38;2;76;68;56m██[38;2;48;47;41m██[38;2;115;73;104m██[38;2;199;107;173m████[38;2;73;39;63m██[38;2;167;90;145m  [38;2;0;0;0m      
[38;2;0;0;0m                      [38;2;7;6;7m  [38;2;125;113;125m██[38;2;109;108;109m██[38;2;18;17;18m  [38;2;0;0;0m        
[38;2;0;0;0m                        [38;2;39;35;39m  [38;2;68;67;68m██[38;2;25;24;25m  [38;2;0;0;0m        [0m
