
[38;2;0;0;0m    [38;2;13;9;16m  [38;2;34;32;43m██[38;2;8;7;11m  [38;2;0;0;0m                              
[38;2;0;0;0m    [38;2;95;76;119m██[38;2;131;104;166m██[38;2;85;71;102m  [38;2;123;99;159m██[38;2;124;99;158m████[38;2;40;36;51m  [38;2;10;15;10m  [38;2;106;88;134m██[38;2;83;67;107m  [38;2;0;0;0m                
[38;2;0;0;0m    [38;2;75;64;87m██[38;2;94;80;111m██[38;2;167;131;216m██[38;2;165;133;212m██[38;2;166;133;211m████[38;2;168;134;207m██[38;2;100;83;126m██[38;2;145;118;184m██[38;2;151;122;188m██[38;2;21;17;26m██[38;2;0;0;0m              
[38;2;0;0;0m    [38;2;6;6;6m  [38;2;176;129;205m██[38;2;155;123;201m██[38;2;145;112;190m██[38;2;166;133;211m████[38;2;181;137;217m██[38;2;166;125;193m██[38;2;149;115;175m██[38;2;183;133;195m██[38;2;26;18;27m██[38;2;0;0;0m              
[38;2;0;0;0m    [38;2;95;95;95m██[38;2;203;145;117m██[38;2;217;146;174m██[38;2;211;155;202m██[38;2;211;155;139m██[38;2;247;247;247m██[38;2;210;176;155m██[38;2;202;162;134m██[38;2;186;152;112m██[38;2;206;155;119m██[38;2;17;12;9m  [38;2;0;0;0m              
[38;2;0;0;0m    [38;2;62;55;67m██[38;2;148;119;141m██[38;2;158;128;154m██[38;2;241;195;169m██[38;2;222;203;215m██[38;2;247;247;247m██[38;2;234;232;234m██[38;2;217;162;113m██[38;2;218;174;123m██[38;2;31;22;16m  [38;2;0;0;0m                
[38;2;0;0;0m  [38;2;46;43;47m  [38;2;226;213;235m██[38;2;224;212;230m██[38;2;227;206;213m██[38;2;151;136;169m██[38;2;195;175;203m██[38;2;228;224;233m██[38;2;244;233;236m██[38;2;225;173;120m██[38;2;255;201;138m██[38;2;43;34;23m  [38;2;0;0;0m                
[38;2;0;0;0m  [38;2;184;174;189m██[38;2;223;211;227m██[38;2;113;109;115m██[38;2;223;211;228m██[38;2;223;211;227m██[38;2;210;197;218m██[38;2;189;180;202m██[38;2;151;122;157m██[38;2;255;198;135m██[38;2;255;201;138m██[38;2;172;137;94m██[38;2;0;0;0m                
[38;2;0;0;0m    [38;2;140;138;140m██[38;2;185;176;189m██[38;2;202;192;206m██[38;2;222;211;227m██[38;2;223;212;227m██[38;2;209;195;215m██[38;2;170;159;181m██[38;2;156;132;147m██[38;2;255;201;138m████[38;2;31;25;17m██[38;2;0;0;0m              
[38;2;0;0;0m    [38;2;159;138;169m██[38;2;140;71;66m██[38;2;122;83;81m██[38;2;107;104;109m██[38;2;163;156;165m██[38;2;102;94;109m██[38;2;146;130;163m██[38;2;230;184;141m██[38;2;255;201;138m████[38;2;171;124;81m██[38;2;0;3;0m  [38;2;0;0;0m            
[38;2;0;0;0m  [38;2;194;153;130m██[38;2;214;173;152m██[38;2;173;153;176m██[38;2;182;116;114m██[38;2;202;122;115m██[38;2;140;130;145m██[38;2;169;150;179m██[38;2;223;180;138m██[38;2;255;202;139m██[38;2;255;201;138m██[38;2;207;166;119m██[38;2;111;92;60m██[38;2;27;26;11m  [38;2;0;0;0m  [38;2;52;44;24m        [38;2;14;12;6m  
[38;2;36;28;43m  [38;2;170;130;203m██[38;2;201;163;118m██[38;2;215;174;138m██[38;2;184;154;151m██[38;2;141;125;161m██[38;2;186;152;159m██[38;2;227;183;142m██[38;2;255;201;138m████[38;2;144;122;96m██[38;2;196;174;114m██[38;2;159;130;53m██[38;2;218;208;184m██[38;2;147;125;66m██[38;2;52;44;24m  [38;2;208;178;97m      [38;2;57;48;26m  
[38;2;45;36;58m██[38;2;166;133;211m██[38;2;132;103;136m██[38;2;243;192;135m██[38;2;255;201;138m████████[38;2;126;108;88m██[38;2;212;171;123m██[38;2;188;164;103m██[38;2;200;185;144m██[38;2;191;164;94m██[38;2;152;130;70m██[38;2;95;87;66m██[38;2;168;140;67m██[38;2;20;20;18m██[38;2;120;103;58m  [38;2;208;177;97m  [38;2;57;48;26m  
[38;2;11;9;14m  [38;2;199;191;210m██[38;2;134;110;100m██[38;2;254;201;140m██[38;2;255;201;138m██████[38;2;255;202;139m██[38;2;222;183;146m██[38;2;107;93;70m██[38;2;157;133;71m██[38;2;208;206;203m██[38;2;96;89;72m██[38;2;140;127;93m██[38;2;222;192;114m██[38;2;205;175;95m██[38;2;79;76;71m██[38;2;203;178;110m██[38;2;79;67;37m  [38;2;57;48;26m  
[38;2;0;0;0m  [38;2;42;27;18m  [38;2;149;118;89m██[38;2;194;160;91m██[38;2;239;188;120m██[38;2;239;187;119m████[38;2;233;184;116m██[38;2;186;145;111m██[38;2;98;86;54m██[38;2;181;152;72m██[38;2;109;98;73m██[38;2;236;206;126m██[38;2;184;164;109m██[38;2;215;185;107m██[38;2;199;169;89m██[38;2;118;109;85m██[38;2;231;201;121m██[38;2;65;63;60m██[38;2;12;10;4m  
[38;2;0;0;0m  [38;2;169;108;75m██[38;2;153;112;81m██[38;2;240;224;171m██[38;2;239;215;151m██████[38;2;239;212;153m██[38;2;236;199;149m██[38;2;139;116;87m██[38;2;94;86;66m██[38;2;211;186;119m██[38;2;202;172;92m██[38;2;241;211;131m██[38;2;218;188;108m██[38;2;132;113;65m██[38;2;108;100;81m██[38;2;154;132;75m██[38;2;116;95;43m██[38;2;12;10;4m  
[38;2;0;0;0m  [38;2;126;81;56m  [38;2;206;143;94m██[38;2;75;69;59m██[38;2;212;183;130m██[38;2;239;215;151m████[38;2;227;201;142m██[38;2;200;155;85m██[38;2;186;159;137m██[38;2;146;123;62m██[38;2;156;129;57m██[38;2;225;195;115m██[38;2;166;148;102m██[38;2;107;99;81m██[38;2;155;139;98m██[38;2;239;210;129m██[38;2;165;136;59m██[38;2;36;31;17m  [38;2;57;48;26m  
[38;2;0;0;0m    [38;2;156;113;97m██[38;2;174;123;84m██[38;2;160;131;103m██[38;2;220;173;127m██[38;2;215;176;133m██[38;2;214;176;135m██[38;2;184;153;125m██[38;2;124;109;88m██[38;2;200;171;96m██[38;2;160;137;77m██[38;2;169;142;70m██[38;2;140;123;77m██[38;2;193;164;86m██[38;2;182;155;86m██[38;2;234;204;124m██[38;2;169;139;59m██[38;2;129;109;56m  [38;2;14;12;6m  
[38;2;0;0;0m  [38;2;147;148;153m██[38;2;96;100;101m██[38;2;150;105;71m██[38;2;81;55;36m  [38;2;114;90;72m██[38;2;148;109;69m██[38;2;172;129;86m██[38;2;209;163;124m██[38;2;60;53;49m██[38;2;72;65;66m██[38;2;122;107;68m██[38;2;182;152;72m██[38;2;114;101;67m██[38;2;96;87;66m██[38;2;159;129;50m██[38;2;90;80;100m██[38;2;96;79;49m██[38;2;79;70;42m  [38;2;57;48;26m  
[38;2;0;0;0m  [38;2;16;18;21m  [38;2;53;52;53m██[38;2;3;3;3m  [38;2;0;0;0m    [38;2;31;26;22m  [38;2;55;46;39m████[38;2;11;9;6m  [38;2;142;99;75m██[38;2;94;86;66m████[38;2;104;90;57m██[38;2;181;151;71m██[38;2;99;81;33m██[38;2;144;111;189m██[38;2;51;39;68m██[38;2;208;178;97m  [38;2;57;48;26m  
[38;2;0;0;0m                    [38;2;123;122;123m  [38;2;208;158;122m██[38;2;176;156;152m██[38;2;98;90;94m  [38;2;0;0;0m            
[38;2;0;0;0m                      [38;2;53;52;53m██[38;2;55;51;54m██[38;2;2;1;0m  [38;2;0;0;0m            [0m
