
[38;2;0;0;0m        [38;2;63;63;63m                [38;2;47;48;47m  [38;2;0;1;0m  [38;2;7;7;14m  [38;2;53;48;27m██[38;2;63;62;16m████[38;2;15;16;15m  [38;2;63;63;63m  [38;2;0;0;0m          [38;2;0;1;1m  [38;2;46;42;13m  [38;2;0;1;0m  [38;2;0;0;0m        
[38;2;45;12;14m  [38;2;182;49;58m      [38;2;245;113;122m              [38;2;109;78;78m  [38;2;93;64;63m  [38;2;111;60;149m██[38;2;99;67;197m██[38;2;157;100;218m██[38;2;255;217;65m██[38;2;111;106;28m██[38;2;198;66;74m  [38;2;245;113;122m  [38;2;182;49;58m          [38;2;45;18;20m  [38;2;127;111;43m██[38;2;141;118;49m██[38;2;45;14;14m  [38;2;182;49;58m    [38;2;45;12;14m  
[38;2;60;16;19m  [38;2;243;65;78m          [38;2;197;54;63m  [38;2;243;65;78m  [38;2;182;50;58m    [38;2;28;24;62m██[38;2;166;65;96m██[38;2;216;75;109m██[38;2;138;81;187m██████[38;2;88;62;179m██[38;2;182;50;58m  [38;2;243;65;78m              [38;2;60;19;19m  [38;2;81;76;68m██[38;2;81;79;68m██[38;2;135;101;97m██[38;2;155;50;54m  [38;2;243;65;78m  [38;2;60;16;19m  
[38;2;60;16;19m  [38;2;242;65;78m  [38;2;243;65;78m  [38;2;242;65;78m  [38;2;243;65;78m  [38;2;106;28;43m  [38;2;151;125;46m  [38;2;66;22;19m  [38;2;127;38;60m██[38;2;95;53;163m██[38;2;128;85;225m██[38;2;191;89;114m██[38;2;156;75;64m██[38;2;242;73;79m██[38;2;243;73;83m██[38;2;242;73;83m██[38;2;67;30;59m  [38;2;227;62;73m  [38;2;60;19;19m        [38;2;243;65;78m  [38;2;242;65;78m  [38;2;243;65;78m  [38;2;197;54;63m  [38;2;37;33;26m██[38;2;139;112;72m██[38;2;119;83;92m██[38;2;44;23;24m██[38;2;243;65;78m  [38;2;60;16;19m  
[38;2;60;16;19m  [38;2;243;65;78m      [38;2;143;43;57m  [38;2;63;57;45m██[38;2;198;175;72m██[38;2;145;53;74m██[38;2;90;66;122m██[38;2;128;89;210m██[38;2;153;78;159m██[38;2;133;84;96m██[38;2;162;154;119m██[38;2;202;72;76m██[38;2;194;66;86m██[38;2;128;65;75m██[38;2;97;54;57m██[38;2;60;21;20m██[38;2;187;83;149m██[38;2;124;105;243m██[38;2;235;210;81m██[38;2;202;187;57m██[38;2;106;31;34m  [38;2;243;65;78m      [38;2;197;53;66m  [38;2;65;41;35m  [38;2;148;43;66m██[38;2;69;21;24m  [38;2;243;65;78m  [38;2;60;16;19m  
[38;2;60;16;19m  [38;2;242;65;78m  [38;2;243;65;78m  [38;2;242;65;78m  [38;2;26;23;55m██[38;2;75;69;105m██[38;2;205;177;65m██[38;2;148;56;72m██[38;2;168;72;114m██[38;2;189;87;118m██[38;2;102;58;97m██[38;2;205;175;67m██[38;2;129;79;66m██[38;2;123;60;83m██[38;2;98;96;137m██[38;2;130;93;148m██[38;2;164;79;161m████[38;2;130;82;195m██[38;2;208;75;117m██[38;2;192;186;139m██[38;2;152;48;53m  [38;2;243;65;78m  [38;2;242;65;78m  [38;2;243;65;78m  [38;2;242;65;78m  [38;2;197;54;63m  [38;2;151;46;51m  [38;2;77;23;28m  [38;2;227;62;73m  [38;2;243;65;78m  [38;2;60;16;19m  
[38;2;60;16;19m  [38;2;243;65;78m    [38;2;60;19;19m  [38;2;133;67;157m██[38;2;92;60;68m██[38;2;236;200;65m██[38;2;112;98;65m██[38;2;243;73;83m██[38;2;214;73;66m██[38;2;146;129;76m██[38;2;181;153;65m██[38;2;74;66;83m██[38;2;103;78;200m██[38;2;125;77;242m██[38;2;137;80;203m██[38;2;243;73;83m████[38;2;227;68;77m██[38;2;182;55;62m██[38;2;106;31;34m  [38;2;243;65;78m          [38;2;182;50;58m  [38;2;182;55;62m██[38;2;60;19;19m  [38;2;243;65;78m    [38;2;60;16;19m  
[38;2;15;4;4m  [38;2;60;19;19m  [38;2;243;65;78m  [38;2;60;19;19m  [38;2;171;48;74m██[38;2;92;60;68m██[38;2;247;209;65m██[38;2;181;157;65m██[38;2;122;73;70m██[38;2;186;150;65m██[38;2;216;191;90m██[38;2;111;94;65m██[38;2;176;74;116m██[38;2;110;82;228m██[38;2;208;75;118m██[38;2;234;73;92m██[38;2;243;73;83m██[38;2;106;34;36m██[38;2;91;28;30m  [38;2;182;50;58m  [38;2;243;65;78m  [38;2;242;65;78m  [38;2;243;65;78m  [38;2;242;65;78m  [38;2;243;65;78m  [38;2;242;65;78m  [38;2;182;50;58m  [38;2;182;55;62m██[38;2;151;46;51m  [38;2;60;19;19m  [38;2;243;65;78m  [38;2;60;16;19m  
[38;2;15;4;4m  [38;2;121;94;46m  [38;2;49;38;18m██[38;2;61;57;53m██[38;2;130;58;73m██[38;2;168;147;68m██[38;2;71;80;104m██[38;2;64;70;91m██[38;2;182;156;72m██[38;2;235;199;65m██[38;2;168;125;60m██[38;2;206;74;67m██[38;2;243;73;83m██[38;2;212;73;80m██[38;2;202;73;80m██[38;2;143;103;69m██[38;2;109;100;64m██[38;2;152;50;48m  [38;2;243;65;78m                  [38;2;106;31;34m  [38;2;182;55;62m██[38;2;162;48;62m██[38;2;75;23;24m  [38;2;45;12;14m  
[38;2;15;4;4m  [38;2;52;41;31m  [38;2;122;97;52m██[38;2;168;127;65m██[38;2;141;108;69m██[38;2;69;80;122m██[38;2;75;101;176m██[38;2;67;101;180m██[38;2;77;81;96m██[38;2;99;93;72m██[38;2;216;188;81m██[38;2;139;98;75m██[38;2;122;79;70m██[38;2;184;151;68m██[38;2;205;175;67m██[38;2;236;201;66m██[38;2;123;107;69m██[38;2;76;72;56m██[38;2;60;19;19m    [38;2;243;65;78m  [38;2;242;65;78m  [38;2;243;65;78m  [38;2;242;65;78m  [38;2;243;65;78m  [38;2;242;65;78m  [38;2;243;65;78m  [38;2;242;65;78m  [38;2;182;50;58m  [38;2;91;30;39m  [38;2;190;56;67m██[38;2;23;9;10m  
[38;2;32;11;14m  [38;2;158;45;68m██[38;2;142;52;71m██[38;2;136;108;65m██[38;2;99;79;129m██[38;2;88;117;184m██[38;2;85;84;157m██[38;2;65;75;132m██[38;2;88;142;200m██[38;2;80;133;189m██[38;2;107;96;71m██[38;2;243;205;65m██[38;2;243;211;65m██[38;2;215;184;66m██[38;2;184;151;68m██[38;2;122;78;70m██[38;2;152;77;73m██[38;2;243;73;83m██[38;2;202;75;79m██[38;2;187;60;67m██[38;2;42;15;18m████[38;2;77;23;28m  [38;2;182;50;58m  [38;2;197;54;63m  [38;2;243;65;78m          [38;2;60;21;20m████
[38;2;45;12;14m  [38;2;81;26;32m  [38;2;129;41;57m██[38;2;86;62;69m██[38;2;197;75;103m██[38;2;160;77;121m██[38;2;159;64;89m██[38;2;74;132;200m██[38;2;112;190;251m██[38;2;86;117;140m██[38;2;183;170;115m██[38;2;243;205;65m██[38;2;202;169;65m██[38;2;202;97;76m██[38;2;212;73;80m██[38;2;242;73;83m██[38;2;243;73;83m██[38;2;242;73;83m██[38;2;202;75;79m██[38;2;187;60;67m██[38;2;92;60;68m██[38;2;134;46;59m██[38;2;156;45;57m██[38;2;182;55;62m██[38;2;61;50;50m  [38;2;60;18;19m  [38;2;243;65;78m  [38;2;242;65;78m  [38;2;243;65;78m  [38;2;106;33;43m  [38;2;150;44;51m██[38;2;60;21;20m██
[38;2;15;4;4m  [38;2;111;34;48m  [38;2;144;53;75m██[38;2;172;89;109m██[38;2;233;77;91m██[38;2;204;96;123m██[38;2;93;81;149m██[38;2;58;65;115m██[38;2;110;67;70m██[38;2;209;71;68m██[38;2;126;75;66m██[38;2;122;73;74m██[38;2;243;73;83m████[38;2;156;45;62m██[38;2;156;46;62m██[38;2;170;50;65m██[38;2;235;70;81m██[38;2;202;74;78m██[38;2;202;75;78m██[38;2;198;70;78m██[38;2;127;62;76m██[38;2;237;71;83m██[38;2;243;73;83m██[38;2;196;71;81m██[38;2;127;57;76m██[38;2;77;24;27m  [38;2;182;50;58m  [38;2;151;42;50m  [38;2;150;44;51m██[38;2;151;46;51m  [38;2;15;4;4m  
[38;2;60;16;19m  [38;2;197;54;63m  [38;2;48;27;30m██[38;2;115;149;195m██[38;2;87;95;170m██[38;2;168;101;143m██[38;2;231;73;88m██[38;2;196;75;105m██[38;2;228;68;81m██[38;2;198;115;71m██[38;2;179;118;70m██[38;2;110;66;70m██[38;2;143;68;73m██[38;2;242;73;83m██[38;2;243;73;83m██[38;2;177;52;67m██[38;2;170;50;65m██[38;2;235;70;81m██[38;2;202;74;78m████[38;2;69;67;66m██[38;2;102;68;69m██[38;2;243;73;83m██[38;2;242;73;83m██[38;2;176;52;63m██[38;2;97;64;75m██[38;2;68;18;29m██[38;2;128;36;56m██[38;2;130;36;46m██[38;2;89;28;30m██[38;2;197;54;63m  [38;2;60;16;19m  
[38;2;60;16;19m  [38;2;106;31;34m  [38;2;146;119;53m██[38;2;113;93;65m██[38;2;151;51;73m██[38;2;168;48;73m██[38;2;165;50;69m██[38;2;112;75;67m██[38;2;81;75;67m██[38;2;92;81;66m██[38;2;159;125;65m██[38;2;189;162;65m██[38;2;178;155;65m██[38;2;111;101;65m██[38;2;133;93;69m██[38;2;198;71;78m██[38;2;198;70;78m██[38;2;198;71;78m██[38;2;169;67;74m██[38;2;69;63;65m██[38;2;69;67;66m████[38;2;243;73;83m██[38;2;155;45;62m██[38;2;221;66;77m██[38;2;60;21;20m██[38;2;197;54;63m  [38;2;60;19;19m    [38;2;197;54;63m  [38;2;243;65;78m  [38;2;60;16;19m  
[38;2;60;16;19m  [38;2;242;65;78m  [38;2;140;42;48m  [38;2;146;119;53m██[38;2;103;85;164m██[38;2;91;60;67m██[38;2;164;49;73m██[38;2;101;72;78m██[38;2;163;124;66m██[38;2;184;137;65m██[38;2;91;61;65m██[38;2;121;82;74m██[38;2;106;94;77m██[38;2;109;99;69m██[38;2;217;186;112m██[38;2;201;173;65m██[38;2;91;64;69m██[38;2;144;53;69m██[38;2;123;44;60m██[38;2;146;51;71m██[38;2;66;64;66m██[38;2;166;69;75m██[38;2;243;73;83m██[38;2;156;45;62m██[38;2;221;66;77m██[38;2;156;46;62m██[38;2;106;31;34m  [38;2;242;65;78m  [38;2;243;65;78m  [38;2;242;65;78m  [38;2;243;65;78m  [38;2;60;16;19m  
[38;2;60;16;19m  [38;2;243;65;78m  [38;2;35;32;12m██[38;2;81;44;27m  [38;2;66;61;96m██[38;2;156;60;114m██[38;2;104;58;69m██[38;2;164;49;74m██[38;2;109;76;67m██[38;2;163;123;62m██[38;2;158;122;81m██[38;2;113;94;115m██[38;2;147;89;155m██[38;2;180;56;92m██[38;2;110;67;70m██[38;2;110;66;70m██[38;2;206;70;81m██[38;2;135;56;73m██[38;2;133;38;55m██[38;2;160;46;70m██[38;2;52;41;41m  [38;2;52;42;41m  [38;2;229;68;81m██[38;2;163;48;65m██[38;2;153;43;63m██[38;2;154;43;68m██[38;2;77;24;28m  [38;2;227;62;73m  [38;2;243;65;78m      [38;2;60;16;19m  
[38;2;60;16;19m  [38;2;242;65;78m  [38;2;182;50;58m  [38;2;227;62;73m  [38;2;143;43;57m  [38;2;132;42;68m██[38;2;142;52;71m██[38;2;144;52;72m██[38;2;164;49;74m██[38;2;155;55;63m██[38;2;97;82;68m██[38;2;144;113;65m██[38;2;93;65;149m██[38;2;116;79;233m██[38;2;169;78;166m██[38;2;242;73;83m██[38;2;243;73;83m██[38;2;204;68;79m██[38;2;106;53;64m██[38;2;168;48;73m██[38;2;60;19;19m    [38;2;112;58;76m██[38;2;171;50;74m██[38;2;143;48;69m██[38;2;141;49;69m██[38;2;126;37;55m██[38;2;182;50;58m  [38;2;243;65;78m  [38;2;242;65;78m  [38;2;243;65;78m  [38;2;60;16;19m  
[38;2;60;16;19m  [38;2;243;65;78m        [38;2;106;31;34m  [38;2;78;23;28m  [38;2;81;56;69m██[38;2;181;53;75m██[38;2;91;60;67m██[38;2;151;51;73m██[38;2;111;57;69m██[38;2;92;60;68m████[38;2;146;47;68m██[38;2;118;68;99m██[38;2;111;81;230m██[38;2;127;90;190m██[38;2;209;147;59m██[38;2;46;43;33m██[38;2;197;54;63m  [38;2;243;65;78m  [38;2;58;26;28m  [38;2;81;56;69m██[38;2;101;54;64m██[38;2;160;44;69m██[38;2;111;32;47m  [38;2;197;54;63m  [38;2;243;65;78m      [38;2;60;16;19m  
[38;2;60;16;19m  [38;2;242;65;78m  [38;2;243;65;78m  [38;2;242;65;78m  [38;2;243;65;78m  [38;2;242;65;78m  [38;2;228;61;73m  [38;2;58;26;28m  [38;2;192;58;66m██[38;2;119;43;59m██[38;2;131;54;71m██[38;2;151;51;73m██[38;2;161;46;70m██[38;2;162;45;71m██[38;2;57;26;27m  [38;2;182;49;60m  [38;2;46;32;76m██[38;2;102;78;77m██[38;2;109;105;66m██[38;2;126;124;118m██[38;2;151;46;51m  [38;2;197;54;63m  [38;2;228;61;73m  [38;2;78;23;28m  [38;2;118;75;183m██[38;2;127;94;135m██[38;2;61;17;28m  [38;2;242;65;78m  [38;2;243;65;78m  [38;2;242;65;78m  [38;2;243;65;78m  [38;2;60;16;19m  
[38;2;60;16;19m  [38;2;243;65;78m              [38;2;106;31;34m  [38;2;60;18;21m  [38;2;169;51;76m██[38;2;101;85;101m██[38;2;148;51;73m██[38;2;42;15;18m██[38;2;243;65;78m    [38;2;197;54;63m  [38;2;151;46;51m  [38;2;218;85;96m██[38;2;213;83;96m██[38;2;182;55;62m██[38;2;182;50;58m  [38;2;227;62;73m  [38;2;59;28;27m  [38;2;198;70;78m██[38;2;222;68;81m██[38;2;61;16;28m  [38;2;243;65;78m        [38;2;60;16;19m  
[38;2;60;16;19m  [38;2;242;65;78m  [38;2;243;65;78m  [38;2;242;65;78m  [38;2;243;65;78m  [38;2;242;65;78m  [38;2;243;65;78m  [38;2;242;65;78m  [38;2;243;65;78m  [38;2;61;16;25m  [38;2;148;93;149m██[38;2;117;104;215m██[38;2;60;50;60m██[38;2;148;40;48m  [38;2;243;65;78m  [38;2;242;65;78m  [38;2;243;65;78m  [38;2;60;19;19m  [38;2;235;70;81m████[38;2;91;28;30m  [38;2;227;62;73m  [38;2;59;28;27m  [38;2;72;66;63m██[38;2;77;73;67m██[38;2;109;78;78m██[38;2;60;16;19m  [38;2;242;65;78m  [38;2;243;65;78m  [38;2;242;65;78m  [38;2;243;65;78m  [38;2;60;16;19m  
[38;2;60;16;19m  [38;2;243;65;78m          [38;2;227;62;73m  [38;2;81;44;27m  [38;2;24;24;16m██[38;2;120;48;60m██[38;2;164;49;74m██[38;2;74;48;60m██[38;2;106;31;34m  [38;2;243;65;78m      [38;2;227;62;73m  [38;2;95;25;57m  [38;2;159;100;153m██[38;2;164;73;212m██[38;2;60;19;19m  [38;2;243;65;78m  [38;2;90;54;28m  [38;2;89;81;32m██[38;2;149;133;49m██[38;2;153;132;43m██[38;2;106;31;34m  [38;2;243;65;78m        [38;2;60;16;19m  
[38;2;60;16;19m  [38;2;242;65;78m  [38;2;243;65;78m  [38;2;242;65;78m  [38;2;243;65;78m  [38;2;242;65;78m  [38;2;182;50;58m  [38;2;141;118;49m██[38;2;98;74;40m██[38;2;103;81;70m██[38;2;93;66;71m██[38;2;20;21;18m██[38;2;243;65;78m  [38;2;242;65;78m  [38;2;243;65;78m  [38;2;242;65;78m  [38;2;60;28;36m  [38;2;101;64;64m██[38;2;116;67;71m██[38;2;211;72;64m██[38;2;97;53;56m  [38;2;242;65;78m  [38;2;227;62;73m  [38;2;182;50;60m    [38;2;182;50;59m  [38;2;243;65;78m  [38;2;242;65;78m  [38;2;243;65;78m  [38;2;242;65;78m  [38;2;243;65;78m  [38;2;60;16;19m  
[38;2;0;0;0m              [38;2;0;2;0m  [38;2;0;6;6m  [38;2;0;3;1m  [38;2;0;3;0m  [38;2;0;0;0m        [38;2;0;3;0m  [38;2;200;176;69m██[38;2;205;176;60m██[38;2;108;100;79m██[38;2;108;102;65m██[38;2;0;3;0m  [38;2;0;0;0m                      
[38;2;0;0;0m                                [38;2;51;50;21m████[38;2;30;33;16m████[38;2;0;0;0m                        [0m
