
[38;2;0;0;0m    [38;2;7;8;7m  [38;2;4;4;4m  [38;2;0;0;0m  [38;2;22;23;22m  [38;2;0;0;0m                                  
[38;2;0;0;0m    [38;2;29;29;29m██[38;2;60;60;60m██[38;2;26;27;26m  [38;2;71;71;71m██[38;2;0;0;0m                                  
[38;2;0;0;0m    [38;2;34;18;23m██[38;2;108;63;81m██[38;2;85;65;73m██[38;2;125;67;88m██[38;2;0;0;0m                                  
[38;2;0;0;0m    [38;2;5;1;2m  [38;2;65;53;58m██[38;2;178;55;104m██[38;2;36;23;18m██[38;2;0;0;0m                                  
[38;2;0;0;0m  [38;2;90;90;90m  [38;2;158;135;137m██[38;2;187;147;157m██[38;2;175;64;109m██[38;2;231;71;134m██[38;2;99;28;56m  [38;2;6;1;3m  [38;2;0;0;0m                              
[38;2;66;66;66m██[38;2;255;225;229m██[38;2;197;171;173m██[38;2;202;69;122m██[38;2;231;71;134m████[38;2;205;58;113m██[38;2;194;52;104m██[38;2;129;39;74m██[38;2;0;0;0m                            
[38;2;30;25;26m  [38;2;224;191;195m██[38;2;228;196;199m██[38;2;145;79;105m██[38;2;229;73;132m██[38;2;214;58;117m██[38;2;213;62;118m██[38;2;227;67;131m██[38;2;183;58;108m██[38;2;14;12;4m██[38;2;0;0;0m                          
[38;2;0;0;0m  [38;2;17;14;15m  [38;2;197;171;173m██[38;2;195;66;115m██[38;2;190;68;112m██[38;2;243;186;199m██[38;2;223;116;144m██[38;2;78;65;70m██[38;2;162;59;101m██[38;2;223;81;140m██[38;2;0;0;0m                          
[38;2;0;0;0m  [38;2;112;93;96m██[38;2;233;200;203m██[38;2;115;76;90m██[38;2;168;131;140m██[38;2;127;112;114m██[38;2;220;65;124m██[38;2;79;64;70m██[38;2;205;69;124m██[38;2;127;66;91m██[38;2;77;23;45m  [38;2;0;0;0m                        
[38;2;53;18;31m██[38;2;171;71;109m██[38;2;122;110;112m██[38;2;98;90;92m██[38;2;79;62;70m██[38;2;79;76;67m██[38;2;130;66;92m██[38;2;107;65;82m██[38;2;214;69;128m██[38;2;72;64;68m██[38;2;141;42;82m██[38;2;0;0;0m  [38;2;17;17;17m██[38;2;17;17;16m██[38;2;133;117;118m██[38;2;255;217;222m██[38;2;128;113;115m██[38;2;0;0;0m            
[38;2;5;5;4m  [38;2;28;19;21m██[38;2;96;62;75m██[38;2;190;161;165m██[38;2;119;59;83m██[38;2;80;66;69m██[38;2;90;70;73m██[38;2;220;70;130m██[38;2;153;67;101m██[38;2;183;68;115m██[38;2;168;67;109m██[38;2;47;52;41m██[38;2;99;89;93m██[38;2;93;96;93m██[38;2;92;90;90m██[38;2;128;116;118m██[38;2;255;228;231m██[38;2;185;181;182m██[38;2;64;55;55m  [38;2;0;0;0m        
[38;2;0;0;0m    [38;2;57;29;33m██[38;2;83;64;72m██[38;2;125;64;87m██[38;2;83;64;70m██[38;2;79;77;71m██[38;2;175;69;110m██[38;2;155;71;105m██[38;2;224;69;132m██[38;2;139;72;100m██[38;2;210;87;134m██[38;2;112;85;92m██[38;2;86;88;84m██[38;2;95;97;95m██[38;2;84;82;82m██[38;2;234;211;214m██[38;2;245;209;214m██[38;2;64;55;55m  [38;2;0;0;0m        
[38;2;0;0;0m    [38;2;140;61;92m██[38;2;59;51;57m██[38;2;164;82;107m██[38;2;98;70;77m██[38;2;93;95;91m██[38;2;67;66;67m██[38;2;147;79;107m██[38;2;94;65;77m██[38;2;221;123;161m██[38;2;86;72;78m██[38;2;96;76;82m██[38;2;105;84;91m██[38;2;95;97;95m██[38;2;91;94;91m██[38;2;180;180;180m██[38;2;221;188;193m██[38;2;0;0;0m          
[38;2;0;0;0m  [38;2;99;54;70m██[38;2;0;0;0m  [38;2;59;33;42m  [38;2;96;59;72m██[38;2;90;89;90m██[38;2;84;84;78m██[38;2;84;74;74m██[38;2;151;99;120m██[38;2;98;79;84m██[38;2;125;89;102m██[38;2;175;109;138m██[38;2;78;73;66m██[38;2;82;79;68m██[38;2;87;88;85m██[38;2;47;45;40m  [38;2;69;57;59m  [38;2;172;151;157m██[38;2;126;110;125m██[38;2;0;0;0m        
[38;2;0;0;0m      [38;2;14;8;10m██[38;2;0;0;0m  [38;2;7;7;7m  [38;2;76;73;67m██[38;2;93;93;92m██[38;2;86;83;84m██[38;2;90;92;89m██[38;2;67;65;66m██[38;2;81;78;67m██[38;2;42;41;35m██[38;2;81;78;68m████[38;2;0;0;0m    [38;2;2;1;2m  [38;2;146;107;113m██[38;2;0;0;0m        
[38;2;0;0;0m            [38;2;77;74;66m██[38;2;39;38;38m██[38;2;88;86;87m██[38;2;113;84;97m██[38;2;39;38;36m██[38;2;81;79;68m██[38;2;0;0;0m  [38;2;6;2;4m██[38;2;140;68;94m██[38;2;78;61;66m██[38;2;1;1;0m  [38;2;13;9;9m  [38;2;113;80;84m██[38;2;0;0;0m        
[38;2;0;0;0m          [38;2;201;60;118m██[38;2;43;42;39m██[38;2;0;0;0m  [38;2;91;41;63m██[38;2;16;19;6m██[38;2;0;0;0m  [38;2;81;79;68m██[38;2;39;37;32m██[38;2;0;0;0m  [38;2;45;27;29m██[38;2;210;72;125m██[38;2;3;3;0m  [38;2;0;0;0m██          
[38;2;0;0;0m        [38;2;36;11;21m  [38;2;105;31;61m██[38;2;0;0;0m  [38;2;7;7;0m  [38;2;153;55;93m██[38;2;13;9;3m██[38;2;0;0;0m          [38;2;96;29;56m  [38;2;0;0;0m      [38;2;21;16;22m  [38;2;121;92;129m██[38;2;0;0;0m    
[38;2;0;0;0m                    [38;2;9;3;10m  [38;2;5;5;5m██[38;2;0;0;0m      [38;2;1;0;1m  [38;2;93;47;101m██[38;2;211;95;223m██[38;2;90;67;102m██[38;2;201;132;210m██[38;2;22;14;21m  [38;2;231;198;223m██[38;2;60;51;58m  
[38;2;0;0;0m    [38;2;42;18;44m  [38;2;61;28;64m██[38;2;6;5;0m  [38;2;0;0;0m    [38;2;4;4;0m  [38;2;2;2;0m  [38;2;0;0;0m  [38;2;82;33;88m██[38;2;163;67;171m██[38;2;66;21;70m██[38;2;6;1;6m  [38;2;83;42;87m██[38;2;139;47;143m██[38;2;85;37;90m██[38;2;211;78;223m██[38;2;200;113;213m██[38;2;69;45;72m  [38;2;0;0;0m      
[38;2;0;0;0m    [38;2;35;16;38m  [38;2;172;57;177m██[38;2;120;39;123m  [38;2;0;0;0m  [38;2;85;27;90m██[38;2;98;39;102m██[38;2;124;45;129m██[38;2;0;0;0m        [38;2;7;2;8m  [38;2;144;55;150m██[38;2;169;56;172m  [38;2;5;4;0m  [38;2;0;0;0m            
[38;2;0;0;0m            [38;2;23;7;24m  [38;2;41;18;43m██[38;2;33;14;35m  [38;2;0;0;0m                            [0m
