
[38;2;0;0;0m                      [38;2;7;6;0m  [38;2;41;33;3m██[38;2;29;23;3m  [38;2;1;0;0m  [38;2;0;0;0m                      
[38;2;0;0;0m                  [38;2;7;16;22m  [38;2;63;138;198m██[38;2;68;127;171m██[38;2;85;78;54m██[38;2;85;93;88m██[38;2;69;138;195m██[38;2;41;90;130m  [38;2;0;0;0m                    
[38;2;0;0;0m            [38;2;24;53;76m██[38;2;28;58;80m██[38;2;114;173;183m██[38;2;130;181;170m██[38;2;194;176;36m██[38;2;207;185;20m██[38;2;230;213;24m██[38;2;222;204;22m██[38;2;202;178;19m██[38;2;171;177;76m██[38;2;114;173;183m██[38;2;69;122;158m██[38;2;25;53;76m██[38;2;12;26;38m  [38;2;0;0;0m            
[38;2;0;0;0m        [38;2;129;107;12m██[38;2;67;87;101m██[38;2;123;127;79m██[38;2;172;167;59m██[38;2;222;205;22m██[38;2;223;206;26m██[38;2;223;210;33m██[38;2;230;213;24m██████[38;2;229;214;24m██[38;2;227;210;23m██[38;2;222;205;22m██[38;2;189;185;53m██[38;2;91;138;172m██[38;2;109;98;55m██[38;2;129;106;12m██[38;2;55;45;5m  [38;2;0;0;0m        
[38;2;0;0;0m        [38;2;146;120;13m██[38;2;73;68;63m██[38;2;104;158;175m██[38;2;155;171;98m██[38;2;153;168;98m██[38;2;216;197;21m██[38;2;199;192;53m██[38;2;192;196;78m██[38;2;173;163;37m██[38;2;188;176;34m██[38;2;218;200;22m██[38;2;206;192;37m██[38;2;159;171;94m██[38;2;156;170;98m██[38;2;99;155;172m██[38;2;81;109;120m██[38;2;146;120;13m██[38;2;62;51;5m██[38;2;0;0;0m        
[38;2;0;0;0m        [38;2;123;101;12m██[38;2;67;65;62m██[38;2;155;130;21m██[38;2;100;136;160m██[38;2;132;126;46m██[38;2;97;176;221m██[38;2;117;178;211m██[38;2;94;88;67m██[38;2;144;120;22m██[38;2;132;116;32m██[38;2;95;158;190m██[38;2;95;175;228m██[38;2;132;129;69m██[38;2;123;129;96m██[38;2;110;95;27m██[38;2;108;94;40m██[38;2;123;103;12m██[38;2;52;43;5m██[38;2;0;0;0m        
[38;2;0;0;0m        [38;2;122;101;11m██[38;2;67;65;62m██[38;2;150;126;18m██[38;2;142;118;17m██[38;2;193;164;19m██[38;2;118;100;21m  [38;2;150;127;18m██[38;2;79;74;55m  [38;2;153;126;15m██[38;2;121;101;30m██[38;2;116;99;28m██[38;2;122;102;20m██[38;2;152;125;15m██[38;2;138;114;17m██[38;2;139;115;17m██[38;2;102;90;41m██[38;2;122;103;12m██[38;2;52;43;5m██[38;2;0;0;0m        
[38;2;0;0;0m        [38;2;37;34;25m██[38;2;65;64;64m██[38;2;183;157;18m██[38;2;106;88;21m██[38;2;119;101;21m██[38;2;120;102;21m██[38;2;194;166;19m██[38;2;73;69;56m██[38;2;84;77;50m██[38;2;98;86;34m██[38;2;140;117;24m██[38;2;141;117;17m██[38;2;115;97;21m██[38;2;112;94;22m██[38;2;151;125;15m██[38;2;107;94;38m██[38;2;65;63;53m██[38;2;5;4;0m  [38;2;0;0;0m        
[38;2;0;0;0m          [38;2;183;158;17m██[38;2;101;91;46m██[38;2;119;107;45m██[38;2;139;123;38m██[38;2;97;86;37m██[38;2;141;120;19m██[38;2;73;69;56m██[38;2;77;72;53m██[38;2;98;86;34m██[38;2;118;100;27m██[38;2;117;99;26m  [38;2;115;99;36m██[38;2;97;102;80m██[38;2;102;92;47m██[38;2;133;112;29m██[38;2;0;2;0m  [38;2;0;0;0m          
[38;2;0;0;0m          [38;2;11;9;1m  [38;2;152;129;20m██[38;2;193;165;19m██[38;2;182;157;20m██[38;2;169;147;25m██[38;2;72;70;62m██[38;2;73;69;56m██[38;2;77;72;53m██[38;2;98;86;34m██[38;2;69;67;62m██[38;2;68;66;63m██[38;2;65;64;65m██[38;2;65;98;141m██[38;2;154;131;23m██[38;2;83;69;7m██[38;2;0;0;0m            
[38;2;0;0;0m          [38;2;143;122;19m██[38;2;130;110;21m██[38;2;155;132;20m██[38;2;177;151;19m██[38;2;155;132;20m██[38;2;177;151;19m██[38;2;174;150;23m██[38;2;87;79;44m██[38;2;91;111;137m██[38;2;145;126;35m██[38;2;125;107;32m██[38;2;73;118;155m██[38;2;86;78;45m██[38;2;134;112;19m██[38;2;127;110;35m██[38;2;0;3;0m  [38;2;0;0;0m          
[38;2;0;0;0m          [38;2;185;158;18m██[38;2;192;164;19m██[38;2;114;96;21m██[38;2;147;124;21m██[38;2;111;94;21m██[38;2;165;141;20m██[38;2;183;155;17m██[38;2;97;159;186m██[38;2;122;104;23m██[38;2;157;129;15m██[38;2;111;94;22m██[38;2;110;93;22m██[38;2;157;130;15m██[38;2;112;95;21m██[38;2;159;130;15m██[38;2;0;0;0m            
[38;2;0;0;0m        [38;2;54;48;17m██[38;2;151;128;21m██[38;2;173;147;19m██[38;2;114;96;21m██[38;2;193;165;19m██[38;2;184;157;19m██[38;2;137;117;21m██[38;2;147;124;19m██[38;2;105;127;106m██[38;2;100;117;102m██[38;2;134;112;18m██[38;2;141;117;17m██[38;2;152;125;15m██[38;2;158;130;15m██[38;2;135;112;18m████[38;2;75;62;7m  [38;2;0;0;0m          
[38;2;0;0;0m  [38;2;1;1;0m██[38;2;0;0;0m    [38;2;81;69;8m██[38;2;193;165;19m██[38;2;110;94;24m██[38;2;110;93;22m██[38;2;157;133;22m██[38;2;120;102;21m██[38;2;192;164;19m██[38;2;182;155;17m██[38;2;119;101;23m██[38;2;91;140;180m██[38;2;158;130;15m██[38;2;141;117;17m██[38;2;151;125;15m██[38;2;111;94;21m████[38;2;157;129;15m██[38;2;151;124;14m██[38;2;0;0;0m          
[38;2;23;33;45m██[38;2;102;100;51m██[38;2;0;0;0m    [38;2;97;83;15m██[38;2;192;164;19m██[38;2;88;119;134m██[38;2;65;66;68m██[38;2;78;100;116m██[38;2;116;98;21m██[38;2;151;129;20m██[38;2;147;124;18m██[38;2;97;160;189m██[38;2;116;98;21m  [38;2;132;110;18m██[38;2;127;106;19m██[38;2;133;111;18m██[38;2;158;131;15m██[38;2;158;130;15m██[38;2;134;112;18m██[38;2;129;108;18m██[38;2;25;21;5m  [38;2;0;0;0m  [38;2;39;33;8m  [38;2;55;48;16m██[38;2;9;9;9m  
[38;2;16;16;16m  [38;2;96;83;29m██[38;2;0;0;0m  [38;2;10;8;1m  [38;2;161;136;20m██[38;2;116;98;21m██[38;2;150;127;20m██[38;2;184;157;20m██[38;2;70;68;62m██[38;2;120;102;21m██[38;2;193;165;19m██[38;2;177;151;19m██[38;2;113;94;22m██[38;2;90;141;183m██[38;2;158;131;15m██[38;2;158;130;14m██[38;2;116;98;21m██[38;2;155;127;15m████[38;2;112;95;21m██[38;2;115;97;21m██[38;2;73;59;6m██[38;2;0;0;0m  [38;2;73;62;15m██[38;2;102;88;30m██[38;2;17;17;17m██
[38;2;0;0;0m    [38;2;13;12;13m  [38;2;175;151;21m██[38;2;193;165;19m████[38;2;134;114;21m██[38;2;156;133;20m██[38;2;130;110;21m██[38;2;115;97;21m██[38;2;177;151;19m██[38;2;183;155;17m██[38;2;107;135;118m██[38;2;110;119;89m  [38;2;160;131;15m██[38;2;129;107;19m██[38;2;113;95;21m██[38;2;126;106;19m██[38;2;137;114;18m██[38;2;134;112;18m██[38;2;158;130;15m██[38;2;161;131;15m██[38;2;50;40;31m██[38;2;81;79;62m██[38;2;42;37;12m██[38;2;7;7;7m  
[38;2;0;0;0m  [38;2;52;51;52m██[38;2;77;76;63m██[38;2;63;60;54m██[38;2;73;62;7m  [38;2;102;87;19m██[38;2;183;157;18m██[38;2;189;162;19m██[38;2;158;135;20m██[38;2;120;102;21m██[38;2;145;123;20m██[38;2;122;103;20m██[38;2;99;154;172m██[38;2;94;83;37m██[38;2;65;64;65m██[38;2;96;86;46m██[38;2;156;129;15m██[38;2;136;114;21m██[38;2;156;129;15m██[38;2;121;101;16m██[38;2;136;112;12m  [38;2;31;33;31m  [38;2;91;161;209m██[38;2;30;34;34m██[38;2;0;0;0m    
[38;2;10;10;10m  [38;2;60;59;60m██[38;2;51;70;96m  [38;2;2;2;2m  [38;2;0;0;0m    [38;2;36;31;3m  [38;2;72;61;7m██[38;2;129;110;14m██[38;2;120;102;21m██[38;2;193;165;18m██[38;2;180;154;18m██[38;2;129;108;16m██[38;2;67;83;96m██[38;2;67;77;87m██[38;2;95;84;37m██[38;2;147;122;20m██[38;2;44;43;20m██[38;2;60;49;5m██[38;2;0;0;0m      [38;2;47;40;13m██[38;2;55;52;43m██[38;2;0;0;0m    
[38;2;29;25;6m  [38;2;113;94;23m██[38;2;5;5;5m  [38;2;0;0;0m              [38;2;108;92;10m  [38;2;157;134;17m██[38;2;117;100;28m██[38;2;65;64;65m████[38;2;64;52;12m  [38;2;0;0;0m            [38;2;16;19;25m██[38;2;70;98;119m██[38;2;0;0;0m    
[38;2;10;8;2m  [38;2;61;62;51m██[38;2;64;93;135m██[38;2;4;4;4m  [38;2;0;0;0m              [38;2;8;6;1m  [38;2;104;88;25m██[38;2;129;109;32m██[38;2;42;38;24m██[38;2;0;0;0m              [38;2;46;44;46m██[38;2;33;35;38m██[38;2;0;0;0m    
[38;2;0;0;0m  [38;2;15;7;0m  [38;2;41;49;62m██[38;2;6;6;6m  [38;2;0;0;0m                [38;2;95;77;8m  [38;2;102;88;31m██[38;2;38;34;12m██[38;2;0;0;0m              [38;2;65;122;196m██[38;2;22;22;22m██[38;2;0;0;0m    
[38;2;0;0;0m                          [38;2;147;122;16m██[38;2;159;130;15m██[38;2;0;0;0m              [38;2;19;19;19m██[38;2;6;6;6m  [38;2;0;0;0m    
[38;2;0;0;0m                        [38;2;116;95;10m██[38;2;121;101;20m██[38;2;64;59;44m██[38;2;0;0;0m                      
[38;2;0;0;0m                        [38;2;30;24;2m  [38;2;41;33;3m██[38;2;7;6;0m  [38;2;0;0;0m                      [0m
