
[38;2;0;0;0m  [38;2;49;38;19m  [38;2;63;49;24m            [38;2;24;22;15m  [38;2;63;58;40m██[38;2;20;16;0m  [38;2;59;46;23m  [38;2;63;49;24m  [38;2;2;1;0m  [38;2;30;24;11m  [38;2;63;49;24m                              [38;2;16;12;6m  
[38;2;0;0;0m  [38;2;197;154;76m  [38;2;255;199;99m        [38;2;255;198;99m  [38;2;88;69;34m  [38;2;215;196;132m██[38;2;217;182;79m██[38;2;127;104;1m██[38;2;66;52;23m  [38;2;168;131;65m  [38;2;187;170;119m  [38;2;129;114;75m  [38;2;255;199;99m                              [38;2;65;51;25m  
[38;2;0;0;0m  [38;2;197;154;76m  [38;2;255;199;99m    [38;2;191;149;74m  [38;2;84;72;42m  [38;2;63;57;36m██[38;2;230;208;132m██[38;2;217;191;106m██[38;2;173;147;40m██[38;2;206;181;82m██[38;2;216;194;120m██[38;2;150;135;86m██[38;2;255;231;147m██[38;2;186;152;61m██[38;2;0;0;0m██[38;2;255;199;99m                            [38;2;65;51;25m  
[38;2;0;0;0m  [38;2;197;154;76m  [38;2;255;199;99m  [38;2;100;78;39m  [38;2;191;170;87m██[38;2;244;221;137m██[38;2;191;164;77m██[38;2;191;164;78m██[38;2;217;191;106m██[38;2;191;164;78m████[38;2;212;190;116m██[38;2;255;231;147m██[38;2;193;166;80m██[38;2;200;160;65m██[38;2;0;0;0m██[38;2;255;199;99m                            [38;2;65;51;25m  
[38;2;0;0;0m  [38;2;197;154;76m  [38;2;180;141;70m  [38;2;194;151;55m██[38;2;215;169;53m██[38;2;190;161;75m██[38;2;247;223;141m██[38;2;233;208;123m██[38;2;215;190;108m██[38;2;255;231;147m██[38;2;246;221;137m██[38;2;233;208;124m██[38;2;237;200;100m██[38;2;206;163;66m██[38;2;205;162;66m██[38;2;51;40;16m██[38;2;191;149;74m  [38;2;50;38;8m██[38;2;63;57;34m██[38;2;191;149;74m  [38;2;228;178;88m  [38;2;255;199;99m                  [38;2;65;51;25m  
[38;2;0;0;0m  [38;2;197;154;76m  [38;2;99;78;33m  [38;2;190;148;50m██[38;2;190;164;81m██[38;2;251;229;159m██[38;2;206;180;98m██[38;2;233;209;126m██[38;2;255;231;153m██[38;2;126;118;91m██[38;2;104;97;76m██[38;2;91;84;63m██[38;2;177;143;40m██[38;2;205;162;65m██[38;2;206;162;65m████[38;2;114;94;52m██[38;2;238;186;53m██[38;2;236;204;104m██[38;2;191;173;110m██[38;2;117;101;60m  [38;2;255;199;99m            [38;2;217;170;84m  [38;2;63;49;24m  [38;2;255;199;99m  [38;2;65;51;25m  
[38;2;0;0;0m  [38;2;197;154;76m  [38;2;100;82;42m  [38;2;202;164;66m██[38;2;255;232;161m██[38;2;209;165;50m██[38;2;254;223;123m██[38;2;213;194;129m██[38;2;166;154;121m██[38;2;209;209;209m██[38;2;82;77;70m██[38;2;90;83;63m██[38;2;181;147;44m██[38;2;156;127;19m██[38;2;196;156;58m██[38;2;206;162;65m██[38;2;151;125;67m██[38;2;107;94;67m██[38;2;185;150;64m██[38;2;188;153;58m██[38;2;125;106;60m██[38;2;63;57;36m██[38;2;141;113;59m  [38;2;199;155;77m  [38;2;213;166;83m  [38;2;191;149;74m  [38;2;104;87;48m  [38;2;88;70;22m██[38;2;243;189;70m██[38;2;57;44;22m  [38;2;65;51;25m  
[38;2;0;0;0m  [38;2;197;154;76m  [38;2;100;85;47m  [38;2;242;215;124m██[38;2;234;209;126m██[38;2;223;176;63m██[38;2;206;164;64m██[38;2;32;29;21m██[38;2;165;152;156m██[38;2;212;212;212m██[38;2;91;77;44m██[38;2;205;162;52m██[38;2;205;162;65m██[38;2;229;184;61m██[38;2;209;177;75m██[38;2;179;147;57m██[38;2;213;170;52m██[38;2;159;128;23m██[38;2;156;128;71m██[38;2;187;153;59m██[38;2;188;152;67m██[38;2;126;118;92m██[38;2;215;195;124m██[38;2;174;157;99m  [38;2;146;129;79m  [38;2;191;173;110m██[38;2;191;162;81m██[38;2;229;182;63m██[38;2;97;78;29m██[38;2;205;160;79m  [38;2;65;51;25m  
[38;2;0;0;0m  [38;2;46;36;13m  [38;2;188;161;72m██[38;2;250;223;132m██[38;2;255;231;146m██[38;2;201;175;89m██[38;2;213;186;97m██[38;2;136;111;44m██[38;2;112;80;65m██[38;2;114;105;85m██[38;2;220;189;102m██[38;2;170;140;52m██[38;2;190;150;49m██[38;2;172;145;34m██[38;2;255;228;145m██[38;2;255;231;147m██[38;2;199;170;71m██[38;2;136;112;14m██[38;2;127;109;62m██[38;2;217;171;63m██[38;2;174;143;60m██[38;2;126;118;89m██[38;2;255;230;145m██[38;2;184;154;58m██[38;2;233;208;124m██[38;2;187;152;58m██[38;2;187;149;55m██[38;2;63;52;29m  [38;2;199;155;77m  [38;2;255;199;99m  [38;2;65;51;25m  
[38;2;46;35;12m  [38;2;226;175;67m██[38;2;188;166;98m██[38;2;199;173;100m██[38;2;191;164;77m██[38;2;191;164;78m██[38;2;191;164;77m██[38;2;228;203;118m██[38;2;217;191;106m██[38;2;191;164;78m██[38;2;205;178;88m██[38;2;255;230;136m██[38;2;208;179;71m██[38;2;252;227;132m██[38;2;224;198;107m██[38;2;191;164;78m██[38;2;178;151;60m██[38;2;85;74;63m██[38;2;179;145;59m██[38;2;205;162;66m██[38;2;124;106;66m██[38;2;255;230;136m██[38;2;255;230;142m██[38;2;167;132;15m██[38;2;222;175;67m██[38;2;209;161;58m██[38;2;148;115;55m  [38;2;255;199;99m      [38;2;65;51;25m  
[38;2;58;51;26m██[38;2;248;220;128m██[38;2;236;211;121m██[38;2;225;214;181m██[38;2;227;192;106m██[38;2;226;184;82m██[38;2;218;204;160m██[38;2;246;222;138m██[38;2;255;230;136m██[38;2;197;170;83m██[38;2;255;230;142m██[38;2;255;230;136m██[38;2;245;220;136m██[38;2;239;207;95m██[38;2;179;140;43m██[38;2;153;122;51m██[38;2;106;85;36m  [38;2;153;122;51m██[38;2;162;131;60m██[38;2;100;89;66m██[38;2;161;132;67m██[38;2;207;161;42m██[38;2;207;174;73m██[38;2;215;170;61m██[38;2;200;158;40m██[38;2;117;97;38m  [38;2;193;150;75m  [38;2;255;199;99m      [38;2;65;51;25m  
[38;2;16;16;15m  [38;2;211;189;135m██[38;2;255;228;160m██[38;2;237;214;141m██[38;2;233;208;129m██[38;2;233;207;116m██[38;2;241;215;127m██[38;2;255;231;147m██[38;2;255;230;144m██[38;2;255;228;135m██[38;2;228;201;109m██[38;2;191;164;75m██[38;2;207;169;77m██[38;2;205;159;59m██[38;2;122;97;42m  [38;2;191;149;74m  [38;2;224;174;87m  [38;2;191;149;74m  [38;2;95;76;42m  [38;2;207;162;59m██[38;2;205;162;66m██[38;2;208;165;60m██[38;2;183;149;55m██[38;2;218;172;66m██[38;2;206;163;55m██[38;2;74;57;19m  [38;2;193;150;75m  [38;2;255;199;99m      [38;2;65;51;25m  
[38;2;0;0;0m  [38;2;49;43;23m  [38;2;149;122;64m██[38;2;233;209;135m██[38;2;233;209;128m██[38;2;233;207;114m██[38;2;233;208;118m██[38;2;186;155;66m██[38;2;178;147;58m██[38;2;195;151;42m██[38;2;216;169;59m██[38;2;170;137;63m██[38;2;106;89;50m██[38;2;41;42;41m██[38;2;156;123;60m  [38;2;255;199;99m  [38;2;222;173;86m  [38;2;42;35;13m██[38;2;128;102;36m██[38;2;191;149;45m██[38;2;205;162;66m██[38;2;206;163;64m██[38;2;206;164;62m██[38;2;195;158;56m██[38;2;175;142;56m██[38;2;158;134;67m██[38;2;125;112;68m██[38;2;203;158;79m  [38;2;255;199;99m    [38;2;65;51;25m  
[38;2;0;0;0m  [38;2;197;154;76m  [38;2;148;116;56m  [38;2;42;35;13m████[38;2;172;138;55m██[38;2;197;157;63m██[38;2;204;162;65m██[38;2;145;115;48m██[38;2;51;40;17m██[38;2;51;42;17m██[38;2;16;18;13m██[38;2;191;149;74m    [38;2;255;199;99m    [38;2;222;173;86m  [38;2;42;35;13m████[38;2;35;27;3m██[38;2;140;111;46m██[38;2;185;151;58m██[38;2;226;178;64m██[38;2;110;96;63m██[38;2;116;96;39m██[38;2;201;175;89m██[38;2;255;231;147m██[38;2;49;38;19m  [38;2;255;199;99m    [38;2;65;51;25m  
[38;2;0;0;0m  [38;2;197;154;76m  [38;2;255;199;99m      [38;2;94;73;36m  [38;2;63;49;24m    [38;2;137;107;53m  [38;2;255;199;99m                      [38;2;143;112;55m  [38;2;62;49;27m  [38;2;75;70;61m██[38;2;157;130;41m██[38;2;181;146;44m██[38;2;201;160;64m██[38;2;187;164;93m██[38;2;100;78;39m  [38;2;255;199;99m    [38;2;65;51;25m  
[38;2;0;0;0m  [38;2;197;154;76m  [38;2;255;199;99m        [38;2;255;198;99m  [38;2;255;199;99m                            [38;2;230;179;89m  [38;2;104;87;33m██[38;2;160;132;46m██[38;2;158;131;27m██[38;2;200;162;62m██[38;2;32;28;21m██[38;2;255;199;99m      [38;2;65;51;25m  
[38;2;0;0;0m  [38;2;197;154;76m  [38;2;255;199;99m                                  [38;2;181;141;69m  [38;2;35;28;1m██[38;2;45;37;1m██[38;2;110;96;40m██[38;2;144;122;59m██[38;2;129;110;32m██[38;2;136;126;92m██[38;2;255;230;139m██[38;2;88;75;44m  [38;2;236;184;91m  [38;2;255;199;99m  [38;2;65;51;25m  
[38;2;0;0;0m  [38;2;197;154;76m  [38;2;255;199;99m        [38;2;255;198;99m  [38;2;255;199;99m                        [38;2;181;141;69m  [38;2;35;28;1m██[38;2;143;118;6m██[38;2;167;139;49m██[38;2;122;99;39m██[38;2;170;138;67m██[38;2;222;188;97m██[38;2;211;185;100m██[38;2;154;132;62m██[38;2;180;141;70m  [38;2;255;199;99m  [38;2;65;51;25m  
[38;2;0;0;0m  [38;2;197;154;76m  [38;2;255;199;99m                        [38;2;191;149;74m    [38;2;255;199;99m          [38;2;16;13;5m██[38;2;170;141;55m██[38;2;166;137;49m██[38;2;171;138;34m██[38;2;197;155;40m██[38;2;231;202;102m██[38;2;247;220;123m██[38;2;108;93;47m██[38;2;191;149;74m  [38;2;49;38;19m  
[38;2;0;0;0m  [38;2;197;154;76m  [38;2;255;199;99m        [38;2;255;198;99m  [38;2;255;199;99m              [38;2;61;51;20m██[38;2;127;105;42m██[38;2;63;49;24m  [38;2;255;199;99m        [38;2;176;138;68m  [38;2;120;100;39m██[38;2;153;122;27m██[38;2;172;140;45m██[38;2;186;148;48m██[38;2;167;141;38m██[38;2;63;57;34m██[38;2;199;180;114m██[38;2;191;173;110m██[38;2;49;44;28m  
[38;2;0;0;0m                            [38;2;61;51;20m  [38;2;170;141;55m██[38;2;150;122;24m██[38;2;15;15;15m  [38;2;0;0;0m        [38;2;36;28;11m  [38;2;93;83;61m██[38;2;161;131;63m██[38;2;145;123;59m██[38;2;49;39;15m  [38;2;0;0;0m        
[38;2;0;0;0m                              [38;2;146;116;20m██[38;2;142;116;6m██[38;2;63;62;63m  [38;2;0;0;0m    [38;2;61;50;1m  [38;2;4;4;4m  [38;2;145;118;59m██[38;2;195;154;61m██[38;2;155;126;22m██[38;2;138;110;37m██[38;2;0;0;0m          
[38;2;0;0;0m                                [38;2;25;25;25m  [38;2;142;116;6m██[38;2;142;116;12m██[38;2;27;25;6m██[38;2;125;103;32m██[38;2;161;135;55m██[38;2;151;121;49m██[38;2;149;116;26m██[38;2;134;110;33m██[38;2;106;89;34m  [38;2;0;0;0m          
[38;2;0;0;0m                                  [38;2;141;115;4m██[38;2;141;115;6m██[38;2;31;24;3m██[38;2;163;132;28m██[38;2;147;122;15m██[38;2;133;107;5m██[38;2;45;35;10m██[38;2;15;12;4m  [38;2;0;0;0m            
[38;2;0;0;0m                                        [38;2;60;47;3m  [38;2;111;92;7m██[38;2;65;54;21m██[38;2;0;0;0m                
[38;2;0;0;0m                                          [38;2;4;3;1m  [38;2;16;13;5m  [38;2;0;0;0m                [0m
