
[38;2;0;0;0m    [38;2;10;11;6m  [38;2;43;45;26m              [38;2;11;11;7m  [38;2;44;47;28m██[38;2;10;11;6m  [38;2;43;45;26m      [38;2;0;0;0m        
[38;2;0;0;0m    [38;2;43;45;26m  [38;2;172;183;104m              [38;2;42;45;25m██[38;2;171;182;103m██[38;2;43;45;26m  [38;2;172;183;104m  [38;2;43;45;26m  [38;2;139;148;84m  [38;2;0;0;0m        
[38;2;0;0;0m    [38;2;60;17;20m██[38;2;42;12;9m██[38;2;139;148;84m  [38;2;171;182;104m          [38;2;129;137;78m  [38;2;126;134;75m██[38;2;137;146;82m██[38;2;43;46;26m██[38;2;148;159;80m██[38;2;31;34;14m██[38;2;0;0;0m        
[38;2;0;0;0m  [38;2;0;3;0m  [38;2;186;54;60m██[38;2;163;47;33m██[38;2;43;45;26m  [38;2;172;183;104m      [38;2;139;148;84m  [38;2;43;45;26m  [38;2;63;68;38m  [38;2;158;168;94m██[38;2;108;116;53m██[38;2;44;46;27m██[38;2;29;32;12m██[38;2;104;111;62m  [38;2;0;0;0m        
[38;2;0;0;0m    [38;2;119;44;34m██[38;2;108;69;64m██[38;2;92;30;29m██[38;2;108;106;63m  [38;2;171;182;104m  [38;2;139;148;84m  [38;2;77;82;48m██[38;2;174;185;106m██[38;2;144;155;76m██[38;2;143;154;75m██[38;2;63;68;38m  [38;2;161;171;97m  [38;2;171;182;104m    [38;2;0;0;0m        
[38;2;0;0;0m  [38;2;9;2;9m  [38;2;70;36;34m██[38;2;173;66;58m██[38;2;190;58;45m██[38;2;39;11;8m██[38;2;172;183;104m  [38;2;43;45;26m  [38;2;175;186;107m██[38;2;174;185;106m██[38;2;167;178;99m████[38;2;157;167;93m██[38;2;63;67;38m  [38;2;172;183;104m    [38;2;0;0;0m        
[38;2;59;18;22m██[38;2;216;59;55m██[38;2;134;60;41m██[38;2;144;85;47m██[38;2;120;34;24m██[38;2;62;42;25m  [38;2;129;137;78m  [38;2;126;134;75m██[38;2;186;189;169m██[38;2;168;179;100m██[38;2;184;190;121m██[38;2;168;178;100m████[38;2;42;44;25m██[38;2;171;182;104m    [38;2;0;0;0m        
[38;2;39;15;9m██[38;2;166;48;38m██[38;2;89;79;51m██[38;2;52;59;27m██[38;2;129;137;78m  [38;2;161;171;97m  [38;2;63;68;38m  [38;2;158;168;94m██[38;2;137;146;82m██[38;2;166;177;97m██[38;2;98;90;65m██[38;2;168;179;100m████[38;2;42;44;25m██[38;2;172;183;104m    [38;2;0;0;0m  [38;2;143;42;51m  [38;2;133;40;42m██[38;2;37;12;9m  
[38;2;0;0;0m    [38;2;25;27;12m  [38;2;100;110;36m██[38;2;43;45;26m  [38;2;171;182;104m  [38;2;42;44;25m██[38;2;111;115;81m██[38;2;143;151;92m████[38;2;149;158;94m██[38;2;168;178;100m██[38;2;126;134;75m██[38;2;129;137;78m  [38;2;112;108;64m  [38;2;48;16;17m██[38;2;57;23;34m██[38;2;161;55;43m██[38;2;181;56;41m██[38;2;39;12;8m██
[38;2;0;0;0m      [38;2;96;104;44m██[38;2;86;92;42m  [38;2;49;48;30m  [38;2;110;119;54m██[38;2;168;179;100m██[38;2;142;150;91m████[38;2;148;157;93m██[38;2;168;179;100m██[38;2;63;68;38m  [38;2;161;171;97m  [38;2;53;16;14m██[38;2;197;61;53m██[38;2;143;54;40m██[38;2;92;59;54m██[38;2;77;48;45m██[38;2;9;3;2m  
[38;2;0;0;0m    [38;2;43;45;26m  [38;2;75;80;45m  [38;2;75;83;24m██[38;2;113;123;49m██[38;2;173;184;105m██[38;2;168;178;100m██[38;2;167;178;99m██████[38;2;160;171;92m██[38;2;43;45;26m  [38;2;171;182;104m  [38;2;62;43;26m  [38;2;135;45;34m██[38;2;126;56;47m██[38;2;101;64;63m██[38;2;37;12;9m  [38;2;0;0;0m  
[38;2;0;0;0m    [38;2;43;45;26m  [38;2;172;183;104m  [38;2;129;137;78m  [38;2;52;56;27m  [38;2;165;176;97m██[38;2;168;179;100m██[38;2;216;203;75m██[38;2;167;178;99m████[38;2;159;170;91m██[38;2;105;112;63m  [38;2;43;45;26m  [38;2;65;69;40m  [38;2;114;120;59m██[38;2;93;65;66m██[38;2;200;64;54m██[38;2;127;37;27m██[38;2;0;0;0m  
[38;2;0;0;0m    [38;2;43;45;26m  [38;2;171;182;104m    [38;2;43;45;26m  [38;2;168;179;100m██[38;2;233;211;67m██[38;2;216;203;75m██[38;2;167;178;99m████[38;2;103;108;74m██[38;2;126;134;75m████[38;2;105;112;63m  [38;2;43;45;26m  [38;2;30;9;6m  [38;2;119;37;24m██[38;2;89;27;18m  [38;2;0;0;0m  
[38;2;0;0;0m    [38;2;43;45;26m  [38;2;172;183;104m    [38;2;43;45;26m  [38;2;217;203;75m██[38;2;184;187;91m██[38;2;167;178;99m████[38;2;168;179;100m██[38;2;68;73;38m██[38;2;129;137;78m    [38;2;139;148;84m  [38;2;172;183;104m  [38;2;0;0;0m        
[38;2;0;0;0m    [38;2;43;45;26m  [38;2;171;182;104m    [38;2;43;45;26m  [38;2;217;203;76m██[38;2;168;178;100m██[38;2;167;178;99m██[38;2;216;203;75m██[38;2;155;166;87m██[38;2;30;32;13m██[38;2;171;182;104m        [38;2;0;0;0m        
[38;2;0;0;0m    [38;2;43;45;26m  [38;2;172;183;104m    [38;2;43;45;26m  [38;2;168;179;100m████[38;2;216;203;75m██[38;2;167;178;99m██[38;2;158;169;90m██[38;2;32;35;15m██[38;2;172;183;104m        [38;2;0;0;0m        
[38;2;0;0;0m    [38;2;43;45;26m  [38;2;171;182;104m      [38;2;39;41;22m██[38;2;164;175;96m██[38;2;216;203;75m██[38;2;160;171;92m██[38;2;128;139;60m████[38;2;43;45;26m  [38;2;171;182;104m      [38;2;0;0;0m        
[38;2;0;0;0m    [38;2;43;45;26m  [38;2;172;183;104m    [38;2;75;80;45m  [38;2;105;114;49m██[38;2;135;146;67m██[38;2;138;149;70m██[38;2;131;142;63m██[38;2;128;139;60m██[38;2;128;139;59m██[38;2;83;90;41m  [38;2;139;148;84m  [38;2;172;183;104m    [38;2;0;0;0m        
[38;2;0;0;0m    [38;2;43;45;26m  [38;2;171;182;104m  [38;2;129;137;78m  [38;2;97;105;46m██[38;2;117;126;62m██[38;2;92;99;50m██[38;2;156;130;38m██[38;2;128;139;60m██[38;2;83;87;54m██[38;2;160;171;92m██[38;2;97;105;46m██[38;2;129;137;78m  [38;2;171;182;104m    [38;2;0;0;0m        
[38;2;0;0;0m    [38;2;43;45;26m  [38;2;172;183;104m  [38;2;161;171;97m  [38;2;56;60;31m  [38;2;105;114;50m██[38;2;104;111;62m    [38;2;32;34;19m██[38;2;46;50;21m██[38;2;159;170;91m██[38;2;60;68;13m██[38;2;129;137;80m  [38;2;172;183;104m    [38;2;0;0;0m        
[38;2;0;0;0m    [38;2;43;45;26m  [38;2;171;182;104m  [38;2;139;148;84m  [38;2;83;90;41m  [38;2;96;105;45m██[38;2;55;60;30m  [38;2;171;182;104m    [38;2;139;148;84m  [38;2;81;88;39m  [38;2;85;93;28m██[38;2;106;112;62m  [38;2;171;182;104m    [38;2;0;0;0m        
[38;2;0;0;0m    [38;2;43;45;26m  [38;2;172;183;104m    [38;2;139;148;84m  [38;2;129;137;78m  [38;2;161;171;97m  [38;2;172;183;104m    [38;2;139;148;84m  [38;2;105;112;63m  [38;2;153;164;85m██[38;2;30;32;13m██[38;2;172;183;104m    [38;2;0;0;0m        [0m
