
[38;2;0;0;0m                      [38;2;15;32;35m  [38;2;10;21;23m  [38;2;0;0;0m                              
[38;2;0;0;0m                    [38;2;53;125;137m██[38;2;66;152;166m██[38;2;48;112;122m██[38;2;0;0;0m                              
[38;2;0;0;0m                [38;2;5;12;13m  [38;2;54;132;143m██[38;2;71;141;150m██[38;2;69;151;162m██[38;2;69;154;165m██[38;2;20;34;34m██[38;2;0;0;0m                        [38;2;26;40;63m████
[38;2;0;0;0m                [38;2;57;139;149m██[38;2;72;136;143m██[38;2;58;96;97m██[38;2;58;101;104m██[38;2;70;162;175m██[38;2;51;110;113m██[38;2;0;0;0m                        [38;2;92;138;220m██[38;2;26;40;63m██
[38;2;0;0;0m                [38;2;67;162;172m██[38;2;46;97;99m██[38;2;0;0;0m    [38;2;66;157;168m██[38;2;73;127;131m██[38;2;16;16;16m  [38;2;0;0;0m  [38;2;36;54;86m██[38;2;89;133;212m██[38;2;106;152;255m██[38;2;54;79;128m██[38;2;0;0;0m    [38;2;36;54;86m██[38;2;22;35;71m██[38;2;3;6;17m  [38;2;37;68;172m██[38;2;72;134;204m██[38;2;8;18;30m  
[38;2;0;0;0m              [38;2;43;103;112m  [38;2;69;152;163m██[38;2;19;32;32m██[38;2;0;0;0m  [38;2;43;103;112m  [38;2;68;150;161m██[38;2;66;84;86m██[38;2;98;138;226m██[38;2;92;131;219m██[38;2;107;153;255m████████[38;2;69;99;166m  [38;2;69;104;166m  [38;2;107;153;255m██[38;2;98;136;248m██[38;2;48;102;180m██[38;2;64;83;136m██[38;2;74;115;184m██[38;2;0;0;0m  
[38;2;0;0;0m              [38;2;51;120;131m██[38;2;55;126;139m██[38;2;3;7;8m  [38;2;46;63;89m██[38;2;66;137;148m██[38;2;70;139;147m██[38;2;63;80;80m██[38;2;106;153;255m██[38;2;106;154;255m██[38;2;101;148;249m██[38;2;59;95;206m████[38;2;84;126;234m██[38;2;49;85;189m██[38;2;80;117;189m██[38;2;84;126;234m██[38;2;64;108;181m██[38;2;74;107;183m██[38;2;99;136;231m██[38;2;0;0;0m    
[38;2;0;0;0m            [38;2;14;36;38m  [38;2;66;156;170m██[38;2;65;108;117m██[38;2;85;125;193m██[38;2;64;101;110m██[38;2;69;158;173m██[38;2;70;109;110m██[38;2;74;97;148m██[38;2;71;107;214m██[38;2;67;113;221m██[38;2;53;96;207m██[38;2;48;83;200m████████[38;2;49;82;193m██[38;2;48;83;200m██[38;2;89;134;229m██[38;2;106;160;255m██[38;2;34;51;82m██[38;2;0;0;0m    
[38;2;0;0;0m            [38;2;16;40;43m██[38;2;69;161;174m██[38;2;58;68;100m██[38;2;51;77;161m██[38;2;67;118;127m██[38;2;70;148;157m██[38;2;64;90;103m██[38;2;48;80;184m██[38;2;48;83;201m████[38;2;50;82;190m██[38;2;56;80;159m██[38;2;84;110;164m██[38;2;83;104;166m██[38;2;54;80;170m████[38;2;63;85;161m██[38;2;101;140;232m██[38;2;101;144;247m██[38;2;21;29;56m██[38;2;0;0;0m    
[38;2;0;0;0m            [38;2;62;75;78m██[38;2;70;153;162m██[38;2;66;100;106m██[38;2;68;132;144m██[38;2;70;151;163m██[38;2;73;121;123m██[38;2;54;74;102m██[38;2;46;83;205m██[38;2;48;83;201m██[38;2;48;83;200m██[38;2;76;94;143m██[38;2;104;148;245m██[38;2;107;153;255m██[38;2;106;152;255m██[38;2;95;130;210m██[38;2;95;135;210m██[38;2;105;155;248m██[38;2;106;159;255m██[38;2;40;74;158m██[38;2;34;59;144m  [38;2;0;0;0m    
[38;2;0;0;0m          [38;2;29;49;49m  [38;2;66;91;93m██[38;2;69;145;155m██[38;2;67;123;130m██[38;2;69;146;156m██[38;2;70;112;115m██[38;2;62;74;74m██[38;2;72;92;126m██[38;2;66;108;116m██[38;2;62;84;147m██[38;2;86;112;172m██[38;2;105;146;255m██[38;2;106;153;255m██[38;2;79;120;230m██[38;2;87;124;220m██[38;2;79;111;208m██[38;2;86;115;168m██[38;2;138;146;152m██[38;2;76;98;146m██[38;2;19;38;83m  [38;2;19;33;81m  [38;2;0;0;0m    
[38;2;0;0;0m          [38;2;46;47;48m  [38;2;70;120;122m██[38;2;68;150;161m████[38;2;65;81;79m██[38;2;65;89;93m██[38;2;70;159;172m██[38;2;68;135;146m██[38;2;63;65;68m██[38;2;106;158;252m██[38;2;107;154;255m██[38;2;107;153;255m██[38;2;68;103;210m██[38;2;48;83;201m██[38;2;59;69;101m██[38;2;104;108;115m██[38;2;226;238;251m██[38;2;227;243;254m██[38;2;196;216;227m██[38;2;46;51;54m  [38;2;0;0;0m      
[38;2;0;0;0m      [38;2;70;78;83m  [38;2;118;131;138m████[38;2;36;68;75m██[38;2;69;160;174m██[38;2;68;161;175m██[38;2;68;124;134m██[38;2;66;107;113m██[38;2;62;81;95m██[38;2;60;66;83m██[38;2;48;80;187m██[38;2;56;102;211m██[38;2;78;127;230m██[38;2;48;91;205m██[38;2;52;75;152m██[38;2;70;88;152m██[38;2;208;218;234m██[38;2;138;145;152m██[38;2;28;30;31m  [38;2;64;77;91m██[38;2;126;147;162m██[38;2;47;57;66m██[38;2;94;105;111m██[38;2;107;128;146m██[38;2;10;12;15m  
[38;2;0;0;0m    [38;2;60;64;67m██[38;2;196;214;226m██[38;2;0;0;0m      [38;2;53;119;129m██[38;2;74;135;146m██[38;2;29;18;19m██[38;2;171;125;134m██[38;2;106;133;156m██[38;2;94;181;193m██[38;2;70;94;99m██[38;2;46;82;202m██[38;2;46;82;204m██[38;2;51;78;169m██[38;2;189;198;208m██[38;2;226;238;251m██[38;2;100;112;113m██[38;2;90;105;106m██[38;2;49;54;58m██[38;2;188;208;220m██[38;2;46;51;54m  [38;2;0;0;0m    [38;2;57;60;63m████
[38;2;0;0;0m    [38;2;198;209;220m██[38;2;26;27;29m  [38;2;0;0;0m      [38;2;113;120;125m██[38;2;171;181;189m██[38;2;204;201;212m██[38;2;151;135;149m██[38;2;96;158;172m██[38;2;95;181;194m██[38;2;113;196;205m██[38;2;108;149;150m██[38;2;68;91;135m██[38;2;172;180;189m██[38;2;162;169;178m██[38;2;79;126;135m██[38;2;140;174;185m██[38;2;109;164;177m██[38;2;153;172;183m██[38;2;90;100;106m██[38;2;0;0;0m      [38;2;119;125;132m██[38;2;26;27;29m  
[38;2;0;0;0m  [38;2;172;181;191m██[38;2;162;170;179m  [38;2;0;0;0m      [38;2;56;59;62m██[38;2;226;241;252m████[38;2;159;170;176m██[38;2;136;159;175m██[38;2;93;125;149m██[38;2;82;127;151m██[38;2;141;216;222m██[38;2;127;181;181m██[38;2;188;197;207m██[38;2;181;191;201m██[38;2;189;199;210m██[38;2;192;223;236m██[38;2;99;181;196m██[38;2;86;148;160m██[38;2;87;97;104m██[38;2;154;171;181m██[38;2;28;30;32m██[38;2;64;67;71m██[38;2;216;227;239m██[38;2;0;0;0m    
[38;2;33;35;36m  [38;2;205;216;228m██[38;2;0;0;0m        [38;2;14;15;15m  [38;2;87;91;95m██[38;2;146;156;164m██[38;2;128;140;145m██[38;2;47;54;55m██[38;2;105;139;158m██[38;2;171;198;211m██[38;2;107;149;168m██[38;2;117;134;132m██[38;2;210;225;235m██[38;2;83;102;105m██[38;2;170;226;232m██[38;2;134;169;180m██[38;2;73;89;102m██[38;2;101;132;144m██[38;2;121;172;172m██[38;2;82;93;100m██[38;2;139;147;155m██[38;2;72;76;80m  [38;2;0;0;0m      
[38;2;47;52;55m████[38;2;0;0;0m            [38;2;51;54;57m  ██[38;2;0;0;0m  [38;2;71;134;145m██[38;2;184;206;219m██[38;2;85;94;101m██[38;2;225;237;250m██[38;2;103;121;123m██[38;2;178;211;213m██[38;2;171;227;232m██[38;2;0;0;0m    [38;2;20;35;36m  [38;2;125;207;214m██[38;2;140;218;223m██[38;2;41;67;70m██[38;2;0;0;0m        
[38;2;47;52;55m████[38;2;0;0;0m                  [38;2;71;134;145m██[38;2;160;177;187m██[38;2;123;135;143m██[38;2;169;183;193m██[38;2;129;175;176m██[38;2;184;236;239m██[38;2;189;231;239m██[38;2;0;0;0m      [38;2;39;66;68m  [38;2;64;107;113m██[38;2;97;182;197m██[38;2;0;0;0m        
[38;2;47;52;55m████[38;2;0;0;0m                [38;2;3;6;6m  [38;2;74;141;152m██[38;2;148;163;172m██[38;2;161;178;188m██[38;2;40;45;47m  [38;2;38;61;79m  [38;2;148;221;222m██[38;2;129;197;199m██[38;2;0;0;0m          [38;2;73;136;147m██[38;2;9;19;20m  [38;2;0;0;0m      
[38;2;16;17;18m    [38;2;0;0;0m                [38;2;24;45;49m██[38;2;94;180;192m██[38;2;94;100;105m██[38;2;189;210;224m██[38;2;0;0;0m    [38;2;158;224;226m██[38;2;47;57;59m██[38;2;0;0;0m        [38;2;9;15;20m  [38;2;80;152;166m██[38;2;71;136;145m██[38;2;0;0;0m      
[38;2;0;0;0m                  [38;2;15;28;28m  [38;2;95;182;194m██[38;2;95;165;178m██[38;2;82;91;95m██[38;2;47;52;55m██[38;2;0;0;0m  [38;2;19;29;29m  [38;2;147;222;222m██[38;2;36;55;55m██[38;2;0;0;0m        [38;2;13;33;35m  [38;2;50;102;112m██[38;2;55;104;116m  [38;2;0;0;0m      
[38;2;0;0;0m                  [38;2;59;131;138m██[38;2;68;117;126m██[38;2;37;59;63m██[38;2;19;16;16m  [38;2;14;15;16m  [38;2;0;0;0m  [38;2;107;165;166m██[38;2;118;182;183m██[38;2;11;16;16m  [38;2;0;0;0m                    
[38;2;0;0;0m                    [38;2;6;0;0m  [38;2;1;0;0m  [38;2;0;0;0m    [38;2;25;46;48m██[38;2;82;174;185m██[38;2;92;146;148m██[38;2;0;0;0m                      
[38;2;0;0;0m                            [38;2;3;6;8m  [38;2;26;46;51m██[38;2;11;20;21m  [38;2;0;0;0m                      [0m
