
[38;2;0;0;0m            [38;2;35;28;34m██[38;2;36;25;36m██[38;2;14;10;14m  [38;2;0;0;0m                              
[38;2;0;0;0m          [38;2;131;98;121m  [38;2;116;100;112m██[38;2;131;94;131m██[38;2;107;85;103m██[38;2;0;0;0m          [38;2;114;85;106m  [38;2;134;100;124m██[38;2;86;77;79m██[38;2;0;0;0m              
[38;2;0;0;0m          [38;2;160;120;148m██[38;2;117;95;112m██[38;2;127;97;128m██[38;2;119;100;115m██[38;2;31;25;27m  [38;2;0;0;0m    [38;2;45;34;42m  [38;2;156;118;146m██[38;2;113;99;109m██[38;2;115;95;110m██[38;2;106;97;106m██[38;2;78;57;77m██[38;2;0;0;0m            
[38;2;0;0;0m          [38;2;160;120;148m██[38;2;130;106;120m██[38;2;130;95;131m██[38;2;119;96;114m██[38;2;87;77;78m██[38;2;0;0;0m    [38;2;126;94;117m██[38;2;114;95;108m██[38;2;131;95;132m██[38;2;114;95;108m██[38;2;128;98;130m██[38;2;55;48;50m██[38;2;0;0;0m            
[38;2;0;0;0m            [38;2;131;107;121m██[38;2;133;95;134m██[38;2;115;93;109m██[38;2;110;83;111m██[38;2;0;0;0m  [38;2;37;28;34m  [38;2;142;112;131m██[38;2;119;95;117m██[38;2;120;94;117m██[38;2;122;94;119m██[38;2;110;95;103m██[38;2;36;27;37m  [38;2;0;0;0m            
[38;2;0;0;0m            [38;2;163;122;152m██[38;2;107;93;92m██[38;2;115;93;109m██[38;2;125;97;125m██[38;2;31;29;29m██[38;2;163;123;152m██[38;2;117;99;106m██[38;2;129;97;131m██[38;2;107;93;98m██[38;2;122;94;116m██[38;2;114;97;111m██[38;2;0;0;0m    [38;2;92;69;85m██[38;2;91;83;84m██[38;2;0;0;0m      
[38;2;0;0;0m            [38;2;85;64;79m██[38;2;132;105;128m██[38;2;150;104;151m██[38;2;184;110;190m██[38;2;119;82;124m██[38;2;156;119;144m██[38;2;122;96;115m██[38;2;123;94;121m██[38;2;125;97;125m██[38;2;116;95;111m██[38;2;62;47;62m██[38;2;0;0;0m    [38;2;92;69;85m██[38;2;106;93;96m██[38;2;45;34;46m██[38;2;0;0;0m    
[38;2;0;0;0m        [38;2;7;4;2m  [38;2;17;9;6m██[38;2;125;86;121m██[38;2;109;93;100m██[38;2;238;123;255m██[38;2;212;114;227m██[38;2;133;104;124m██[38;2;149;116;138m██[38;2;131;101;129m██[38;2;111;92;104m██[38;2;113;93;104m██[38;2;56;51;51m  [38;2;0;0;0m      [38;2;99;76;88m██[38;2;111;93;98m██[38;2;130;96;132m██[38;2;0;0;0m    
[38;2;0;0;0m        [38;2;31;17;11m  [38;2;153;103;99m██[38;2;136;113;112m██[38;2;191;112;198m██[38;2;238;122;255m██[38;2;214;116;227m██[38;2;176;161;152m██[38;2;179;135;100m██[38;2;177;115;176m██[38;2;238;122;255m██[38;2;238;123;255m██[38;2;104;72;86m  [38;2;2;0;0m  [38;2;0;0;0m  [38;2;3;2;3m██[38;2;130;106;120m██[38;2;132;95;134m██[38;2;130;96;132m██[38;2;53;48;48m  [38;2;0;0;0m  
[38;2;0;0;0m      [38;2;32;17;12m  [38;2;81;57;57m██[38;2;129;99;109m██[38;2;194;170;179m██[38;2;238;123;255m██[38;2;238;122;255m██[38;2;229;129;237m██[38;2;85;73;52m██[38;2;216;131;133m██[38;2;236;118;253m██[38;2;225;123;176m██[38;2;206;119;74m██[38;2;150;116;109m██[38;2;52;37;20m██[38;2;2;0;1m  [38;2;30;23;19m██[38;2;127;104;118m██[38;2;131;95;134m██[38;2;113;93;107m██[38;2;104;79;106m██[38;2;0;0;0m  
[38;2;0;0;0m      [38;2;48;26;18m  [38;2;61;30;31m██[38;2;161;103;91m██[38;2;212;100;221m██[38;2;235;121;252m██[38;2;224;110;239m██[38;2;237;125;248m██[38;2;236;136;209m██[38;2;225;111;238m██[38;2;211;117;137m██[38;2;225;146;75m██[38;2;252;177;79m██[38;2;237;157;78m██[38;2;252;174;81m██[38;2;187;129;61m██[38;2;97;78;70m██[38;2;118;95;114m██[38;2;131;95;134m██[38;2;113;93;107m██[38;2;122;92;124m██[38;2;25;19;25m  
[38;2;0;0;0m            [38;2;62;21;60m  [38;2;217;104;228m██[38;2;196;96;192m██[38;2;182;88;167m██[38;2;188;75;153m██[38;2;196;102;164m██[38;2;147;121;112m██[38;2;218;155;74m██[38;2;252;177;79m██[38;2;206;141;77m██[38;2;117;74;113m██[38;2;93;73;89m██[38;2;144;113;135m██[38;2;112;81;113m██[38;2;114;94;108m██[38;2;118;93;119m██[38;2;128;95;130m██[38;2;31;26;30m██
[38;2;0;0;0m            [38;2;84;34;87m  [38;2;185;76;189m██[38;2;108;78;102m██[38;2;223;203;241m██[38;2;220;220;226m██[38;2;217;227;232m██[38;2;187;120;181m██[38;2;132;66;117m██[38;2;99;84;67m██[38;2;241;168;80m██[38;2;104;76;98m██[38;2;194;93;199m██[38;2;153;64;148m██[38;2;229;119;245m██[38;2;72;66;70m██[38;2;125;93;127m██[38;2;112;94;105m██[38;2;34;26;34m██
[38;2;0;0;0m      [38;2;2;0;2m  [38;2;81;53;28m██[38;2;74;46;26m██[38;2;199;81;204m██[38;2;126;52;130m██[38;2;59;20;57m  [38;2;71;47;70m██[38;2;104;63;104m██[38;2;181;123;190m██[38;2;205;214;233m██[38;2;183;206;210m██[38;2;166;105;177m██[38;2;127;85;134m████[38;2;205;111;219m██[38;2;237;122;253m██[38;2;217;104;228m██[38;2;204;116;175m██[38;2;97;81;92m██[38;2;121;90;123m██[38;2;22;16;22m  
[38;2;0;0;0m    [38;2;71;52;26m  [38;2;152;102;54m██[38;2;223;147;78m██[38;2;199;87;190m██[38;2;104;43;107m██[38;2;0;0;0m    [38;2;182;75;188m██[38;2;172;63;172m██[38;2;211;241;246m██████[38;2;201;228;231m██[38;2;238;123;255m██[38;2;238;122;255m██[38;2;154;94;163m██[38;2;238;123;255m████[38;2;195;125;71m██[38;2;130;96;72m██[38;2;108;76;109m██[38;2;0;0;0m  
[38;2;0;0;0m    [38;2;121;69;108m██[38;2;193;96;135m██[38;2;198;89;164m██[38;2;110;45;113m██[38;2;0;0;0m  [38;2;97;40;100m██[38;2;195;80;203m██[38;2;193;79;201m████[38;2;175;99;178m██[38;2;211;241;245m██[38;2;211;241;246m██[38;2;215;208;236m██[38;2;123;87;100m██[38;2;192;109;77m██[38;2;166;115;76m██[38;2;166;108;154m██[38;2;225;111;240m██[38;2;197;96;127m██[38;2;204;128;73m██[38;2;0;0;0m    
[38;2;2;0;1m  [38;2;123;43;121m██[38;2;181;71;186m██[38;2;189;76;197m██[38;2;108;44;113m██[38;2;0;0;0m    [38;2;199;81;205m██[38;2;194;80;203m██[38;2;192;79;202m██[38;2;199;81;205m██[38;2;153;63;158m██[38;2;168;120;171m██[38;2;219;156;222m██[38;2;87;77;87m██[38;2;221;116;183m██[38;2;251;173;81m██[38;2;255;171;78m██[38;2;67;60;67m██[38;2;193;79;202m████[38;2;149;84;149m██[38;2;26;0;0m  [38;2;0;0;0m  
[38;2;47;18;48m██[38;2;202;79;206m██[38;2;177;67;179m██[38;2;194;79;201m██[38;2;49;20;51m  [38;2;0;0;0m    [38;2;117;45;119m██[38;2;164;64;166m██[38;2;180;74;187m██[38;2;28;11;29m  [38;2;0;0;0m    [38;2;126;117;127m  [38;2;150;92;158m██[38;2;230;120;222m██[38;2;209;125;78m██[38;2;212;126;119m██[38;2;70;61;68m██[38;2;148;61;154m██[38;2;178;68;182m██[38;2;180;81;181m██[38;2;165;85;172m██[38;2;18;12;24m  
[38;2;0;0;0m    [38;2;173;71;183m██[38;2;180;74;186m██[38;2;0;0;0m                  [38;2;74;38;79m██[38;2;238;122;255m██[38;2;233;119;249m██[38;2;238;123;255m██[38;2;234;119;250m██[38;2;21;0;0m  [38;2;0;0;0m  [38;2;206;105;223m██[38;2;190;90;201m██[38;2;154;63;163m██[38;2;48;30;62m  
[38;2;0;0;0m                          [38;2;74;38;79m██[38;2;238;123;255m██[38;2;193;83;197m██[38;2;238;123;255m██[38;2;199;88;205m██[38;2;148;76;158m  [38;2;0;0;0m          
[38;2;0;0;0m                          [38;2;196;98;208m██[38;2;142;66;148m██[38;2;201;90;207m██[38;2;140;51;137m██[38;2;183;83;189m██[38;2;233;120;249m██[38;2;0;0;0m          
[38;2;0;0;0m                              [38;2;64;33;69m██[38;2;4;2;4m  [38;2;31;16;33m  [38;2;63;32;68m  [38;2;0;0;0m          [0m
