
[38;2;0;0;0m                [38;2;8;8;8m  [38;2;35;35;35m██[38;2;0;0;0m                
[38;2;0;0;0m                [38;2;113;111;111m██[38;2;134;127;130m██[38;2;37;37;37m  [38;2;0;0;0m              
[38;2;0;0;0m            [38;2;6;6;6m  [38;2;83;81;81m██[38;2;123;121;121m██[38;2;126;120;122m██[38;2;111;108;109m██[38;2;12;11;11m  [38;2;0;0;0m            
[38;2;0;0;0m            [38;2;32;32;32m██[38;2;73;68;67m██[38;2;205;203;202m██[38;2;112;110;109m██[38;2;135;127;130m██[38;2;72;69;70m██[38;2;0;0;0m            
[38;2;0;0;0m          [38;2;18;18;18m  [38;2;101;100;100m██[38;2;127;124;122m██[38;2;71;66;65m██[38;2;114;113;113m██[38;2;109;108;108m██[38;2;95;95;95m██[38;2;21;21;21m  [38;2;0;0;0m          
[38;2;0;0;0m          [38;2;97;96;96m██[38;2;105;104;103m██[38;2;204;203;203m██[38;2;75;70;69m██[38;2;130;129;129m██[38;2;120;120;120m██[38;2;93;93;93m██[38;2;69;69;69m██[38;2;0;0;0m          
[38;2;0;0;0m        [38;2;40;40;39m██[38;2;124;122;120m██[38;2;99;93;93m██[38;2;234;231;233m██[38;2;205;204;202m██[38;2;114;112;111m██[38;2;107;106;106m██[38;2;79;76;75m██[38;2;87;84;83m██[38;2;32;31;30m██[38;2;0;0;0m        
[38;2;0;0;0m    [38;2;242;124;148m██[38;2;69;35;42m██[38;2;173;100;114m██[38;2;200;199;192m██[38;2;245;245;245m██[38;2;142;137;136m██[38;2;103;99;97m██[38;2;78;74;69m██[38;2;68;62;60m██[38;2;156;153;151m██[38;2;143;140;138m██[38;2;3;2;2m  [38;2;0;0;0m        
[38;2;0;0;0m  [38;2;97;51;61m  [38;2;156;103;115m██[38;2;147;95;103m██[38;2;162;111;121m██[38;2;124;136;127m██[38;2;130;130;130m██[38;2;137;137;137m██[38;2;140;139;140m████[38;2;133;133;133m██[38;2;77;76;77m██[38;2;145;90;101m██[38;2;89;61;64m██[38;2;135;79;87m██[38;2;19;11;12m  [38;2;0;0;0m    
[38;2;50;27;32m██[38;2;212;112;134m██[38;2;171;102;115m██[38;2;209;129;146m██[38;2;65;88;91m██[38;2;16;40;43m██[38;2;120;96;99m██[38;2;229;137;159m██[38;2;154;103;114m██[38;2;98;170;158m██[38;2;100;77;83m████[38;2;183;103;120m██[38;2;191;121;137m██[38;2;253;146;173m██[38;2;62;35;42m██[38;2;0;0;0m    
[38;2;9;6;7m  [38;2;93;66;72m██[38;2;210;128;147m██[38;2;136;89;100m██[38;2;63;70;71m██[38;2;118;122;121m██[38;2;91;92;89m██[38;2;89;90;86m██[38;2;98;108;104m██[38;2;33;41;42m██[38;2;112;85;92m██[38;2;112;87;92m██[38;2;162;98;111m██[38;2;179;102;119m██[38;2;197;114;132m██[38;2;162;97;112m██[38;2;0;0;0m    
[38;2;42;22;26m  [38;2;86;47;56m  [38;2;212;111;135m██[38;2;86;67;74m  [38;2;51;51;51m██[38;2;64;62;60m██[38;2;88;89;88m██[38;2;90;91;88m██[38;2;79;80;69m██[38;2;152;176;179m██[38;2;101;78;84m██[38;2;101;81;84m██[38;2;189;109;122m██[38;2;111;86;86m██[38;2;153;105;111m██[38;2;247;144;170m██[38;2;7;7;7m  [38;2;0;0;0m  
[38;2;0;0;0m  [38;2;191;111;131m████[38;2;191;191;191m  [38;2;150;151;150m  [38;2;38;37;36m██[38;2;53;53;53m██[38;2;67;65;64m██[38;2;68;67;66m██[38;2;90;88;88m██[38;2;101;78;84m██[38;2;101;81;84m██[38;2;158;97;108m██[38;2;219;115;137m██[38;2;227;120;145m██[38;2;120;78;85m██[38;2;76;76;75m██[38;2;18;18;18m  
[38;2;63;37;43m██[38;2;255;149;173m██[38;2;171;95;105m██[38;2;191;191;191m  [38;2;235;235;235m  [38;2;72;71;71m  [38;2;80;79;78m██[38;2;44;42;39m██[38;2;45;43;44m██[38;2;69;67;66m██[38;2;255;149;173m██[38;2;113;84;89m██[38;2;73;71;69m██[38;2;55;56;52m██[38;2;49;48;45m██[38;2;85;84;84m██[38;2;93;93;93m██[38;2;23;23;23m██
[38;2;56;29;35m██[38;2;247;140;166m██[38;2;173;94;109m██[38;2;75;52;57m  [38;2;191;192;191m  [38;2;39;40;38m██[38;2;42;41;40m██[38;2;43;41;41m██[38;2;53;51;48m██[38;2;71;69;69m██[38;2;255;149;173m██[38;2;107;87;91m██[38;2;77;77;75m██[38;2;72;73;72m██[38;2;78;77;76m██[38;2;82;82;81m██[38;2;73;73;73m██[38;2;3;3;3m  
[38;2;55;28;34m██[38;2;220;113;137m██[38;2;195;104;123m██[38;2;84;57;63m██[38;2;40;38;37m██[38;2;94;93;93m██[38;2;60;59;59m██[38;2;68;67;67m██[38;2;72;71;72m██[38;2;208;128;147m██[38;2;255;149;173m██[38;2;255;145;170m██[38;2;68;73;71m██[38;2;87;87;86m██[38;2;118;114;115m██[38;2;75;75;74m██[38;2;42;43;42m  [38;2;0;0;0m  
[38;2;42;23;27m██[38;2;209;109;130m██[38;2;165;87;104m██[38;2;182;181;181m  [38;2;15;16;15m██[38;2;52;54;52m██[38;2;42;43;40m██[38;2;42;42;42m██[38;2;49;48;49m██[38;2;168;101;117m██[38;2;255;149;173m██[38;2;216;123;144m██[38;2;80;79;80m██[38;2;129;128;128m██[38;2;122;121;121m██[38;2;58;58;58m██[38;2;65;65;65m  [38;2;0;0;0m  
[38;2;0;0;0m        [38;2;46;44;43m██[38;2;46;46;46m██[38;2;47;43;43m██[38;2;50;51;50m██[38;2;58;59;57m██[38;2;125;87;92m██[38;2;219;115;137m██[38;2;162;98;110m██[38;2;77;78;76m██[38;2;116;115;115m████[38;2;67;66;63m██[38;2;70;70;70m██[38;2;0;0;0m  
[38;2;0;0;0m        [38;2;74;69;67m██[38;2;130;129;129m██[38;2;58;52;50m██[38;2;44;41;38m██[38;2;62;59;57m██[38;2;73;68;68m██[38;2;64;63;64m██[38;2;178;101;118m██[38;2;173;96;112m██[38;2;112;110;109m██[38;2;120;120;120m██[38;2;57;56;53m██[38;2;0;0;0m    
[38;2;0;0;0m        [38;2;47;43;43m██[38;2;82;79;79m██[38;2;190;188;187m██[38;2;189;189;189m██[38;2;84;80;79m██[38;2;69;66;65m██[38;2;123;77;83m██[38;2;108;70;75m██[38;2;89;64;67m██[38;2;96;94;94m██[38;2;80;80;80m██[38;2;10;10;10m  [38;2;0;0;0m    
[38;2;0;0;0m        [38;2;21;21;21m  [38;2;65;63;61m██[38;2;86;84;82m██[38;2;88;84;82m██[38;2;69;65;64m██[38;2;64;62;60m██[38;2;167;94;108m██[38;2;60;51;48m██[38;2;68;55;53m██[38;2;84;83;82m██[38;2;63;63;63m  [38;2;0;0;0m      
[38;2;0;0;0m          [38;2;24;24;24m  [38;2;71;70;68m██[38;2;43;43;39m██[38;2;66;66;64m██[38;2;84;82;82m██[38;2;96;65;68m████[38;2;104;74;78m██[38;2;44;48;44m██[38;2;0;0;0m        
[38;2;0;0;0m              [38;2;32;34;32m  [38;2;50;52;50m██[38;2;41;40;41m██[38;2;73;73;73m██[38;2;42;43;42m██[38;2;59;59;59m  [38;2;0;0;0m          
[38;2;0;0;0m                [38;2;14;15;14m████[38;2;6;7;7m  [38;2;0;1;0m  [38;2;0;0;0m            [0m
