
[38;2;0;0;0m                          [38;2;19;19;19m  [38;2;0;0;4m  [38;2;0;0;0m  [38;2;6;6;6m  [38;2;51;32;27m██[38;2;0;0;0m                
[38;2;0;0;0m                        [38;2;78;78;78m██[38;2;58;58;58m██[38;2;22;22;26m  [38;2;58;58;58m  [38;2;64;64;64m██[38;2;43;27;22m██[38;2;0;0;0m                
[38;2;0;0;0m                    [38;2;29;29;29m██[38;2;82;82;82m██[38;2;76;76;76m██[38;2;74;73;74m██[38;2;99;96;96m██[38;2;118;94;88m██[38;2;9;9;9m  [38;2;33;19;15m  [38;2;44;25;21m████[38;2;33;19;16m  [38;2;0;0;0m          
[38;2;0;0;0m                  [38;2;61;61;61m  [38;2;211;124;104m██[38;2;127;106;101m██[38;2;92;92;92m██[38;2;181;119;103m██[38;2;207;124;102m██[38;2;201;119;97m██[38;2;127;76;65m██[38;2;140;82;68m██[38;2;116;68;56m██[38;2;26;15;12m██[38;2;19;11;9m  [38;2;0;0;0m          
[38;2;0;0;0m                  [38;2;116;64;51m  [38;2;211;125;104m██[38;2;144;110;102m██[38;2;234;130;105m██[38;2;232;131;105m██[38;2;231;132;106m██[38;2;168;99;81m██[38;2;98;57;48m██[38;2;24;14;12m  [38;2;0;0;0m                
[38;2;0;0;0m                    [38;2;230;132;105m██[38;2;232;131;105m██████[38;2;181;103;83m██[38;2;23;13;11m██[38;2;0;0;0m                    
[38;2;0;0;0m                    [38;2;58;32;26m██[38;2;232;131;105m██[38;2;232;131;106m██[38;2;230;132;105m██[38;2;65;37;30m  [38;2;0;0;0m                      
[38;2;0;0;0m                    [38;2;57;33;26m██[38;2;230;132;105m██[38;2;232;131;105m██[38;2;230;132;105m██[38;2;17;9;7m  [38;2;0;0;0m                      
[38;2;0;0;0m            [38;2;0;0;1m  [38;2;20;20;22m    [38;2;0;0;1m  [38;2;0;0;0m  [38;2;172;99;79m██[38;2;232;131;105m██[38;2;230;132;105m██[38;2;100;57;46m  [38;2;0;0;0m                      
[38;2;0;0;0m  [38;2;49;49;49m  [38;2;74;74;74m  [38;2;0;0;0m      [38;2;78;78;79m██[38;2;57;57;57m████[38;2;8;8;8m  [38;2;0;0;0m  [38;2;172;99;79m██[38;2;232;131;105m██[38;2;230;132;105m██[38;2;162;93;74m  [38;2;0;0;0m      [38;2;93;93;93m██[38;2;23;23;23m  [38;2;0;0;0m            
[38;2;7;7;7m  [38;2;63;63;63m██[38;2;86;86;85m██[38;2;51;48;51m██[38;2;5;5;5m  [38;2;78;78;77m██[38;2;135;133;132m██[38;2;52;48;47m██[38;2;76;67;58m██[38;2;204;124;100m██[38;2;137;78;63m██[38;2;232;131;105m██[38;2;136;97;86m██[38;2;140;140;140m██[38;2;87;87;87m  [38;2;0;0;0m  [38;2;11;11;11m  [38;2;85;85;85m██[38;2;99;99;99m████[38;2;0;0;0m    [38;2;12;12;12m  [38;2;81;80;81m██[38;2;48;48;48m██[38;2;0;0;0m  
[38;2;21;24;21m██[38;2;85;85;83m██[38;2;64;64;64m██[38;2;79;79;78m██[38;2;59;59;59m██[38;2;128;125;123m██[38;2;201;201;201m██[38;2;56;56;56m██[38;2;57;57;57m██[38;2;62;84;84m██[38;2;230;132;105m████[38;2;114;114;114m██[38;2;118;185;195m██[38;2;77;76;77m██[38;2;25;25;43m  [38;2;88;88;87m██[38;2;101;101;101m██[38;2;99;99;99m██[38;2;98;98;98m██[38;2;77;75;77m  [38;2;75;73;75m  [38;2;98;98;98m██[38;2;72;72;72m██[38;2;61;61;61m██[38;2;15;15;15m  
[38;2;17;19;17m██[38;2;72;72;71m██[38;2;75;75;74m██[38;2;70;70;69m██[38;2;85;84;84m██[38;2;178;176;174m██[38;2;59;56;54m██[38;2;56;56;56m██[38;2;73;72;71m██[38;2;105;120;114m██[38;2;100;96;96m██[38;2;112;88;81m██[38;2;157;166;167m██[38;2;76;113;112m██[38;2;64;72;79m██[38;2;51;51;51m██[38;2;202;202;202m██[38;2;95;95;95m██[38;2;94;94;94m████[38;2;95;95;95m██[38;2;94;94;94m██[38;2;81;81;81m██[38;2;95;95;95m██[38;2;76;76;76m██[38;2;15;15;15m██
[38;2;0;0;0m  [38;2;2;2;2m  [38;2;85;85;85m██[38;2;55;55;55m██[38;2;109;108;108m██[38;2;224;223;222m██[38;2;45;45;45m██[38;2;57;56;57m██[38;2;46;43;42m██[38;2;135;134;134m██[38;2;96;88;94m██[38;2;114;88;81m██[38;2;105;123;125m██[38;2;89;115;129m██[38;2;123;123;129m  [38;2;28;28;34m  [38;2;92;92;91m██[38;2;101;101;101m██[38;2;90;89;89m██[38;2;62;62;62m██[38;2;99;99;99m██[38;2;87;87;87m██[38;2;90;90;90m██[38;2;62;62;62m██[38;2;89;89;89m██[38;2;15;15;15m  
[38;2;0;0;0m      [38;2;14;14;14m  [38;2;105;104;104m██[38;2;181;180;178m██[38;2;46;45;44m██[38;2;56;56;56m██[38;2;59;59;59m██[38;2;47;45;44m██[38;2;130;84;71m██[38;2;204;120;97m██[38;2;135;93;82m██[38;2;69;67;67m██[38;2;17;17;17m  [38;2;103;103;103m  [38;2;215;211;211m██[38;2;98;95;95m██[38;2;104;79;73m████[38;2;98;91;90m██[38;2;69;67;67m██[38;2;64;63;64m██[38;2;46;46;46m██[38;2;14;14;14m  [38;2;0;0;0m  
[38;2;0;0;0m        [38;2;107;106;105m██[38;2;220;219;218m██[38;2;80;73;72m██[38;2;56;55;56m██[38;2;42;41;42m██[38;2;85;85;85m██[38;2;47;47;47m██████[38;2;45;44;45m██[38;2;86;85;85m██[38;2;116;113;112m██[38;2;97;87;85m██[38;2;98;98;98m██[38;2;108;85;79m██[38;2;125;96;87m██[38;2;94;94;93m██[38;2;82;82;81m██[38;2;0;0;0m        
[38;2;0;0;0m        [38;2;50;50;50m██[38;2;112;111;110m██[38;2;140;140;140m██[38;2;46;44;45m██[38;2;47;46;46m██[38;2;63;63;63m██[38;2;73;73;73m██[38;2;66;66;66m██[38;2;67;67;67m██[38;2;66;65;65m██[38;2;79;78;77m██[38;2;203;202;202m██[38;2;97;87;85m██[38;2;75;75;75m██[38;2;154;153;152m██[38;2;94;90;88m██[38;2;78;78;78m██[38;2;84;84;82m██[38;2;0;0;0m        
[38;2;0;0;0m        [38;2;19;19;18m  [38;2;63;59;58m██[38;2;65;65;65m██[38;2;43;42;43m██[38;2;61;61;61m██[38;2;60;52;51m██[38;2;103;70;62m██[38;2;230;133;105m██[38;2;188;113;92m██[38;2;64;52;49m██[38;2;46;43;42m██[38;2;107;104;102m██[38;2;97;97;97m██[38;2;74;74;73m██[38;2;197;196;195m██[38;2;81;80;80m██[38;2;69;69;68m██[38;2;21;21;20m██[38;2;0;0;0m        
[38;2;0;0;0m          [38;2;108;83;75m██[38;2;199;199;199m██[38;2;43;42;43m██[38;2;22;22;27m██[38;2;99;70;64m██[38;2;217;126;100m████[38;2;191;112;90m██[38;2;230;133;105m██[38;2;131;85;73m██[38;2;131;84;71m██[38;2;155;154;153m██[38;2;83;83;81m██[38;2;79;79;77m████[38;2;71;71;70m██[38;2;8;8;7m  [38;2;0;0;0m        
[38;2;0;0;0m          [38;2;117;108;104m██[38;2;180;174;170m██[38;2;11;11;11m██[38;2;0;0;0m  [38;2;24;27;27m  [38;2;115;79;68m██[38;2;232;131;106m██[38;2;124;82;73m██[38;2;176;111;93m██[38;2;191;114;93m██[38;2;147;138;134m██[38;2;181;181;181m██[38;2;67;65;63m██[38;2;54;54;55m  [38;2;0;0;0m              
[38;2;0;0;0m          [38;2;22;18;16m  [38;2;50;45;43m██[38;2;3;3;3m  [38;2;0;0;0m  [38;2;131;80;67m██[38;2;126;79;67m██[38;2;195;110;89m██[38;2;92;77;73m██[38;2;85;69;67m██[38;2;205;116;93m██[38;2;114;101;98m██[38;2;47;47;47m██[38;2;30;30;29m██[38;2;0;0;4m  [38;2;0;0;0m              
[38;2;0;0;0m            [38;2;36;36;36m██[38;2;0;0;0m  [38;2;53;31;25m██[38;2;142;86;71m██[38;2;48;29;27m  [38;2;48;27;22m  [38;2;127;76;63m██[38;2;149;92;78m██[38;2;86;69;66m██[38;2;68;51;49m██[38;2;36;36;36m██[38;2;0;0;0m                  
[38;2;0;0;0m            [38;2;10;10;10m  [38;2;0;0;0m  [38;2;11;6;5m    [38;2;0;0;0m    [38;2;36;21;17m██[38;2;148;85;71m██[38;2;115;76;68m██[38;2;110;71;63m██[38;2;10;10;10m  [38;2;0;0;0m                  
[38;2;0;0;0m                          [38;2;85;50;41m  [38;2;147;86;71m██[38;2;36;21;17m██[38;2;0;0;0m                    
[38;2;0;0;0m                            [38;2;38;22;18m██[38;2;9;5;4m  [38;2;0;0;0m                    [0m
