
[38;2;0;0;0m                                [38;2;27;35;42m██[38;2;6;9;10m  [38;2;0;0;0m            [38;2;6;9;10m  ██[38;2;0;0;0m    
[38;2;0;0;0m                                [38;2;43;57;68m██[38;2;86;116;136m██[38;2;0;0;0m            [38;2;88;115;136m██[38;2;26;35;40m██[38;2;0;0;0m    
[38;2;0;0;0m                                [38;2;15;15;21m  [38;2;98;105;137m██[38;2;21;19;27m  [38;2;0;0;0m        [38;2;23;20;30m  [38;2;99;104;138m██[38;2;16;14;21m  [38;2;0;0;0m    
[38;2;0;0;0m                                  [38;2;11;12;16m  [38;2;12;11;16m██[38;2;0;0;0m        [38;2;11;12;15m██  [38;2;0;0;0m      
[38;2;0;0;0m                                                        
[38;2;0;0;0m          [38;2;58;119;30m  [38;2;77;159;41m        [38;2;58;119;30m  [38;2;84;146;57m  [38;2;19;39;10m    [38;2;77;159;41m        [38;2;0;0;0m                [38;2;60;54;79m  [38;2;0;0;0m  
[38;2;0;0;0m          [38;2;67;139;36m  [38;2;89;186;48m    [38;2;55;115;29m  [38;2;39;81;21m  [38;2;70;121;47m██[38;2;104;195;63m██[38;2;68;141;35m██[38;2;97;177;61m██[38;2;39;81;21m  [38;2;81;168;43m  [38;2;89;186;48m    [38;2;0;0;0m    ██          [38;2;67;60;87m██[38;2;23;21;30m██
[38;2;0;0;0m          [38;2;67;139;36m  [38;2;69;144;37m  [38;2;14;21;10m  [38;2;119;206;82m██[38;2;124;218;83m██[38;2;131;227;89m██[38;2;123;218;82m██[38;2;121;217;79m██[38;2;88;184;46m██[38;2;86;180;45m██[38;2;26;55;19m  [38;2;29;60;20m  [38;2;89;186;48m  [38;2;0;0;0m                [38;2;2;2;3m██  
[38;2;0;0;0m        [38;2;103;108;60m  [38;2;150;165;33m  [38;2;54;108;30m██[38;2;112;208;70m██[38;2;101;197;59m██[38;2;126;222;84m██[38;2;113;209;71m██[38;2;94;190;52m██[38;2;88;184;46m██[38;2;89;185;47m████[38;2;78;132;54m██[38;2;137;147;35m██[38;2;117;129;23m  [38;2;219;242;48m  [38;2;54;60;12m  [38;2;150;165;33m  [38;2;54;60;12m  [38;2;164;181;36m  [38;2;0;0;0m          
[38;2;0;0;0m        [38;2;103;108;60m  [38;2;54;60;12m  [38;2;88;184;46m██[38;2;118;214;76m██[38;2;100;196;58m████[38;2;89;185;46m██[38;2;89;184;47m██[38;2;89;185;46m██[38;2;89;184;47m██[38;2;89;185;46m██[38;2;88;184;46m██[38;2;102;106;54m██[38;2;205;223;23m██[38;2;13;14;2m  [38;2;157;174;35m  [38;2;54;60;12m    [38;2;164;181;36m  [38;2;0;0;0m          
[38;2;26;27;29m    [38;2;0;0;0m    [38;2;78;80;55m  [38;2;60;96;23m  [38;2;89;185;47m██████████[38;2;88;184;46m██[38;2;94;133;79m██[38;2;89;128;74m██[38;2;92;188;50m██[38;2;110;206;68m██[38;2;100;183;63m██[38;2;128;146;46m██[38;2;216;234;26m██[38;2;128;139;15m██[38;2;88;98;19m  [38;2;75;83;16m  [38;2;164;181;36m  [38;2;0;0;0m          
[38;2;59;63;63m██[38;2;65;69;75m██[38;2;0;0;0m    [38;2;48;48;48m  [38;2;63;135;32m██[38;2;88;184;46m██[38;2;71;95;59m██[38;2;65;66;64m████[38;2;88;184;46m████[38;2;92;94;97m██[38;2;214;228;237m██[38;2;68;93;57m██[38;2;117;213;75m██[38;2;88;184;46m██[38;2;70;94;60m██[38;2;215;234;25m████[38;2;53;59;12m  [38;2;56;62;12m  [38;2;3;3;0m  [38;2;0;0;0m          
[38;2;38;40;43m██[38;2;182;191;204m██[38;2;64;71;83m  [38;2;3;3;3m  [38;2;53;58;65m██[38;2;78;80;84m██[38;2;123;131;55m██[38;2;179;194;40m██[38;2;215;234;25m████[38;2;139;149;45m██[38;2;92;130;52m██[38;2;78;149;47m██[38;2;167;179;196m██[38;2;148;158;179m██[38;2;82;154;50m██[38;2;88;184;46m████[38;2;102;106;55m██[38;2;215;234;25m██[38;2;188;204;22m██[38;2;109;119;21m  [38;2;164;181;36m  [38;2;0;0;0m          
[38;2;0;0;0m  [38;2;110;114;126m██[38;2;171;188;220m██[38;2;91;101;116m██[38;2;143;159;180m██[38;2;178;191;35m██[38;2;106;112;126m██[38;2;108;114;125m██[38;2;215;234;25m██[38;2;216;234;26m██[38;2;179;195;45m██[38;2;153;166;184m██[38;2;93;97;106m██[38;2;172;190;222m██[38;2;162;175;208m██[38;2;83;84;91m██[38;2;87;183;45m██[38;2;56;152;14m██[38;2;102;106;55m██[38;2;215;234;25m████[38;2;53;58;6m██[38;2;164;181;36m  [38;2;0;0;0m          
[38;2;0;0;0m  [38;2;47;48;62m  [38;2;124;128;161m██[38;2;148;164;192m██[38;2;86;88;61m██[38;2;144;157;64m██[38;2;121;126;139m██[38;2;182;197;46m██[38;2;216;234;26m████[38;2;91;95;104m██[38;2;98;114;135m██[38;2;201;218;233m██[38;2;186;194;219m██[38;2;139;141;179m██[38;2;83;83;93m██[38;2;59;155;17m██[38;2;51;108;26m██[38;2;163;175;38m██[38;2;215;234;25m████[38;2;140;153;16m██[38;2;75;83;16m  [38;2;0;0;0m          
[38;2;0;0;0m      [38;2;96;98;119m  [38;2;101;107;65m██[38;2;209;227;28m██[38;2;119;129;92m██[38;2;213;231;27m██[38;2;215;234;25m██[38;2;211;230;23m██[38;2;91;101;106m██[38;2;103;115;134m██[38;2;136;138;176m██[38;2;135;137;174m██[38;2;116;119;145m██[38;2;48;122;16m██[38;2;45;140;4m██[38;2;68;91;50m██[38;2;216;234;26m████████[38;2;0;0;0m            
[38;2;0;0;0m        [38;2;50;52;32m  [38;2;84;92;83m██[38;2;165;167;175m██[38;2;182;197;45m██[38;2;197;212;33m██[38;2;187;194;126m██[38;2;155;173;16m██[38;2;103;107;92m██[38;2;77;80;89m██[38;2;63;104;49m██[38;2;50;115;21m██[38;2;43;139;1m██[38;2;48;120;17m██[38;2;177;191;34m██[38;2;215;233;25m██████[38;2;200;219;14m██[38;2;77;87;0m  [38;2;0;0;0m          
[38;2;0;0;0m        [38;2;54;54;51m  [38;2;149;162;17m  [38;2;126;137;80m██[38;2;215;234;25m██[38;2;106;117;6m██[38;2;193;193;178m██[38;2;179;200;1m██[38;2;171;190;5m██[38;2;61;92;47m██[38;2;46;142;4m██[38;2;43;139;1m██[38;2;44;133;6m██[38;2;113;119;51m██[38;2;208;227;23m██[38;2;154;172;6m██[38;2;207;226;22m██[38;2;146;165;1m██[38;2;179;201;1m██[38;2;134;149;0m██[38;2;0;0;0m          
[38;2;0;0;0m        [38;2;103;108;60m  [38;2;54;60;12m  [38;2;216;234;26m██[38;2;215;234;25m██[38;2;194;211;38m██[38;2;193;212;27m██[38;2;162;179;10m██[38;2;65;111;28m██[38;2;63;159;21m██[38;2;64;160;22m██[38;2;56;92;40m██[38;2;132;150;40m██[38;2;214;234;25m██[38;2;152;169;7m██[38;2;68;75;0m██[38;2;136;153;0m██[38;2;179;200;1m██[38;2;179;201;1m██[38;2;134;150;0m██[38;2;0;0;0m          
[38;2;0;0;0m        [38;2;103;108;60m  [38;2;54;60;12m  [38;2;206;227;23m██[38;2;215;234;25m██[38;2;193;216;17m██[38;2;165;190;1m██[38;2;59;82;48m██[38;2;43;139;1m██[38;2;44;136;3m██[38;2;72;94;44m██[38;2;216;234;26m████[38;2;200;218;19m██[38;2;61;68;5m  [38;2;219;242;48m  [38;2;54;60;12m  [38;2;179;200;1m██[38;2;179;201;1m██[38;2;0;0;0m            
[38;2;0;0;0m        [38;2;103;108;61m  [38;2;163;180;36m  [38;2;63;84;5m██[38;2;124;168;9m██[38;2;82;126;4m██[38;2;74;102;34m██[38;2;120;138;27m██[38;2;46;126;11m██[38;2;38;109;6m██[38;2;140;156;6m██[38;2;198;217;13m██[38;2;222;238;35m██[38;2;136;151;7m██[38;2;164;181;36m  [38;2;219;242;48m  [38;2;163;180;36m  [38;2;91;101;0m██[38;2;181;202;1m██[38;2;0;0;0m            
[38;2;0;0;0m        [38;2;103;108;60m  [38;2;219;242;48m  [38;2;174;192;38m  [38;2;39;43;8m  [38;2;39;45;13m  [38;2;125;141;7m  [38;2;179;201;1m██[38;2;84;89;40m██[38;2;84;93;23m  [38;2;54;60;12m  [38;2;179;200;1m██[38;2;170;191;1m██[38;2;59;65;12m  [38;2;219;242;48m      [38;2;164;183;40m  [38;2;49;47;37m██[38;2;50;51;54m██[38;2;0;0;0m          
[38;2;0;0;0m        [38;2;103;108;61m  [38;2;218;242;48m        [38;2;54;60;12m  [38;2;99;105;45m██[38;2;24;26;11m██[38;2;218;242;48m  [38;2;169;187;37m  [38;2;85;94;0m██[38;2;179;200;1m██[38;2;54;60;12m  [38;2;218;242;48m      [38;2;202;223;45m  [38;2;55;62;32m  [38;2;17;20;23m██[38;2;0;0;0m          
[38;2;0;0;0m                  [38;2;45;52;62m████[38;2;0;0;0m      [38;2;37;47;57m██[38;2;65;77;92m██[38;2;0;0;0m                        
[38;2;0;0;0m                            [38;2;27;35;42m██[38;2;6;8;10m██[38;2;0;0;0m                        [0m
