
[38;2;0;0;0m  [38;2;10;20;28m  [38;2;37;48;58m██[38;2;3;4;5m  [38;2;26;38;47m        [38;2;9;13;17m  [38;2;26;38;47m                        [38;2;7;10;13m  
[38;2;0;0;0m  [38;2;102;139;171m██[38;2;130;176;214m██[38;2;115;150;180m██[38;2;63;90;112m  [38;2;107;153;191m  [38;2;106;152;191m  [38;2;99;142;177m  [38;2;89;111;139m  [38;2;41;59;73m  [38;2;106;152;191m  [38;2;107;153;191m  [38;2;106;153;191m  [38;2;107;153;191m    [38;2;106;153;191m  [38;2;107;153;191m  [38;2;106;152;191m  [38;2;107;153;191m  [38;2;106;153;191m  [38;2;107;152;191m  [38;2;29;41;52m  
[38;2;0;0;0m  [38;2;121;159;190m██[38;2;124;170;208m██[38;2;148;195;233m██[38;2;56;78;96m  [38;2;107;153;191m  [38;2;92;132;164m  [38;2;53;65;81m██[38;2;141;172;214m██[38;2;41;59;73m  [38;2;107;153;191m  [38;2;107;153;190m  [38;2;107;153;191m  [38;2;106;152;191m  [38;2;106;153;191m  [38;2;107;153;191m      [38;2;106;152;191m    [38;2;107;153;191m  [38;2;29;41;52m  
[38;2;0;0;0m  [38;2;30;39;47m  [38;2;132;178;216m██[38;2;146;192;230m██[38;2;81;106;127m██[38;2;107;153;191m  [38;2;80;101;126m  [38;2;168;205;255m██[38;2;61;74;92m██[38;2;106;152;191m    [38;2;107;153;191m  [38;2;106;153;191m  [38;2;107;153;191m    [38;2;106;153;191m  [38;2;107;153;191m  [38;2;106;152;191m  [38;2;107;153;191m  [38;2;106;153;191m  [38;2;107;152;191m  [38;2;29;41;52m  
[38;2;0;0;0m    [38;2;134;180;218m██[38;2;126;161;191m██[38;2;98;128;153m██[38;2;80;114;143m  [38;2;110;135;168m██[38;2;152;186;231m██[38;2;68;97;121m  [38;2;106;153;191m  [38;2;107;153;191m  [38;2;107;153;190m  [38;2;107;153;191m  [38;2;106;152;191m  [38;2;106;153;191m  [38;2;107;153;191m    [38;2;92;132;164m  [38;2;80;114;143m    [38;2;85;121;151m  [38;2;29;41;52m  
[38;2;0;0;0m    [38;2;122;156;183m██[38;2;104;137;179m██[38;2;114;141;164m██[38;2;48;48;48m██[38;2;168;205;255m██[38;2;45;57;70m  [38;2;97;139;173m  [38;2;106;152;191m    [38;2;107;153;191m  [38;2;106;153;191m  [38;2;107;153;191m    [38;2;70;100;125m  [38;2;26;38;47m  [38;2;91;110;126m  [38;2;144;170;191m████[38;2;123;146;165m  [38;2;7;10;13m  
[38;2;0;0;0m  [38;2;21;31;39m  [38;2;94;116;134m██[38;2;116;158;214m██[38;2;73;85;100m██[38;2;168;205;255m████[38;2;9;13;17m  [38;2;106;152;191m  [38;2;102;146;182m  [38;2;80;114;143m  [38;2;107;153;190m  [38;2;85;121;151m  [38;2;68;93;114m  [38;2;48;56;63m██[38;2;103;126;145m██[38;2;182;219;249m██[38;2;160;203;238m██████[38;2;163;205;240m██[38;2;49;59;68m██
[38;2;0;0;0m  [38;2;87;125;156m  [38;2;39;51;68m██[38;2;120;165;225m██[38;2;112;155;212m██[38;2;168;205;255m██[38;2;99;121;150m██[38;2;82;118;147m  [38;2;55;79;99m  [38;2;44;59;73m  [38;2;126;153;191m██[38;2;26;38;47m  [38;2;123;146;165m  [38;2;129;166;197m██[38;2;160;203;238m██[38;2;182;219;249m████[38;2;193;227;255m██████[38;2;191;225;254m██[38;2;49;59;68m██
[38;2;0;0;0m  [38;2;87;125;156m  [38;2;44;61;83m██[38;2;111;157;218m██[38;2;129;170;224m██[38;2;168;205;255m██[38;2;76;93;115m██[38;2;76;108;136m  [38;2;122;149;185m██[38;2;153;191;241m██[38;2;87;103;124m██[38;2;125;166;213m██[38;2;164;205;240m██[38;2;193;227;255m████████[38;2;182;219;249m██████[38;2;175;210;238m██[38;2;39;46;52m  
[38;2;0;0;0m  [38;2;21;31;39m  [38;2;89;128;179m██[38;2;139;179;232m██[38;2;168;205;255m████[38;2;109;129;155m██[38;2;129;158;197m██[38;2;118;138;164m██[38;2;77;93;114m██[38;2;138;174;213m██[38;2;166;207;241m██[38;2;191;225;254m██[38;2;192;227;255m██[38;2;162;205;240m██[38;2;160;203;238m████[38;2;182;219;249m████[38;2;181;219;249m██[38;2;45;60;73m  [38;2;21;31;39m  
[38;2;0;0;0m  [38;2;52;52;52m  [38;2;146;187;242m██[38;2;168;205;255m██[38;2;135;176;229m██[38;2;97;141;199m██[38;2;168;205;255m██[38;2;135;161;197m██[38;2;67;78;93m██[38;2;101;147;199m██[38;2;133;176;213m██[38;2;189;224;253m██[38;2;182;218;249m██[38;2;160;203;238m████[38;2;169;210;243m██[38;2;182;219;249m████[38;2;188;221;249m██[38;2;69;86;99m  [38;2;107;153;191m  [38;2;29;41;52m  
[38;2;38;41;41m  [38;2;117;119;119m██[38;2;168;205;255m██████[38;2;90;100;112m████[38;2;71;107;154m██[38;2;109;155;205m██[38;2;123;169;207m██[38;2;154;198;234m██[38;2;144;186;220m██[38;2;182;219;249m██[38;2;192;227;255m██[38;2;193;227;255m██[38;2;188;223;252m██[38;2;182;219;249m██[38;2;103;126;145m██[38;2;51;62;70m  [38;2;97;139;173m  [38;2;107;152;191m  [38;2;29;41;52m  
[38;2;43;50;52m  [38;2;112;123;126m██[38;2;168;205;255m██[38;2;157;196;249m██[38;2;121;138;158m██[38;2;255;255;255m██[38;2;203;216;224m██[38;2;98;105;108m██[38;2;109;143;172m██[38;2;147;193;231m██[38;2;125;171;209m██[38;2;189;224;253m██[38;2;182;218;249m██[38;2;160;203;238m██████[38;2;144;170;191m██[38;2;70;100;125m  [38;2;106;152;191m    [38;2;107;153;191m  [38;2;29;41;52m  
[38;2;0;0;0m  [38;2;43;50;52m  [38;2;133;177;235m██[38;2;123;168;229m██[38;2;121;128;128m██[38;2;112;112;112m██[38;2;87;94;102m██[38;2;194;220;226m██[38;2;114;131;155m██[38;2;95;113;128m██[38;2;146;192;230m██[38;2;144;186;220m██[38;2;182;219;249m██[38;2;160;203;238m████[38;2;174;213;245m██[38;2;0;0;0m██[38;2;106;152;191m  [38;2;107;153;191m  [38;2;106;153;191m  [38;2;107;152;191m  [38;2;29;41;52m  
[38;2;0;0;0m  [38;2;174;174;174m██[38;2;117;163;224m██[38;2;118;153;201m██[38;2;116;134;145m██[38;2;108;151;199m██[38;2;105;132;159m██[38;2;168;191;198m██[38;2;139;166;203m██[38;2;151;189;238m██[38;2;130;170;204m██[38;2;183;218;246m██[38;2;158;195;225m████[38;2;189;224;252m██[38;2;105;123;139m██[38;2;107;153;191m    [38;2;106;152;191m    [38;2;107;153;191m  [38;2;29;41;52m  
[38;2;0;0;0m  [38;2;43;43;43m  [38;2;74;86;101m██[38;2;237;238;240m██[38;2;101;120;145m██[38;2;102;110;112m████[38;2;137;163;198m██[38;2;90;100;112m██[38;2;111;149;199m██[38;2;81;112;138m██[38;2;98;141;178m██[38;2;125;171;209m████[38;2;91;134;170m██[38;2;62;83;99m  [38;2;107;153;191m  [38;2;106;152;191m  [38;2;107;153;191m  [38;2;106;153;191m  [38;2;107;152;191m  [38;2;29;41;52m  
[38;2;0;0;0m  [38;2;87;125;156m  [38;2;62;61;55m██[38;2;76;86;99m██[38;2;161;199;251m██[38;2;168;205;255m██[38;2;123;154;196m██[38;2;113;111;108m██[38;2;194;197;198m██[38;2;93;122;159m██[38;2;90;118;143m██[38;2;112;158;196m██[38;2;119;165;203m██[38;2;139;185;223m██[38;2;188;223;252m██[38;2;127;149;168m██[38;2;80;114;143m  [38;2;107;153;191m  [38;2;106;152;191m    [38;2;107;153;191m  [38;2;29;41;52m  
[38;2;0;0;0m  [38;2;87;125;156m  [38;2;66;88;105m  [38;2;65;75;88m██[38;2;107;152;212m██[38;2;90;100;112m██[38;2;179;175;167m██[38;2;207;205;200m██[38;2;134;151;170m██[38;2;107;136;171m██[38;2;87;89;91m██[38;2;133;179;217m██[38;2;119;165;203m██[38;2;172;209;239m██[38;2;161;203;238m██[38;2;174;213;245m██[38;2;0;0;0m██[38;2;106;152;191m  [38;2;107;153;191m  [38;2;106;153;191m  [38;2;107;152;191m  [38;2;29;41;52m  
[38;2;0;0;0m  [38;2;87;125;156m  [38;2;106;152;191m  [38;2;34;48;60m  [38;2;96;109;124m██[38;2;107;142;188m██[38;2;83;101;124m██[38;2;103;134;173m██[38;2;99;124;155m██[38;2;136;132;123m██[38;2;150;146;135m██[38;2;42;45;48m  [38;2;123;146;165m  [38;2;160;203;238m██[38;2;180;217;248m██[38;2;127;149;168m██[38;2;80;114;143m  [38;2;94;135;169m  [38;2;106;152;191m    [38;2;107;153;191m  [38;2;29;41;52m  
[38;2;0;0;0m  [38;2;87;125;156m  [38;2;107;153;191m  [38;2;107;152;191m  [38;2;80;114;143m  [38;2;16;16;16m██[38;2;131;129;123m██[38;2;89;89;87m██[38;2;117;119;118m██[38;2;183;179;171m██[38;2;182;177;163m██[38;2;74;72;66m  [38;2;70;100;125m  [38;2;48;56;63m██[38;2;38;49;58m██[38;2;114;134;150m██[38;2;144;170;191m██[38;2;80;98;112m  [38;2;107;153;191m  [38;2;106;153;191m  [38;2;107;152;191m  [38;2;29;41;52m  
[38;2;0;0;0m  [38;2;65;93;117m  [38;2;80;114;143m      [38;2;0;0;0m  [38;2;147;140;129m██[38;2;214;209;199m██[38;2;208;203;192m██[38;2;180;173;161m██[38;2;132;122;108m██[38;2;116;112;101m██[38;2;65;93;117m  [38;2;80;114;143m    [38;2;43;62;78m  [38;2;144;170;191m██[38;2;65;77;86m  [38;2;80;114;143m      [38;2;21;31;39m  
[38;2;0;0;0m            [38;2;87;84;76m██[38;2;147;139;125m██[38;2;151;143;129m██[38;2;160;154;139m██[38;2;169;164;150m██[38;2;22;20;17m  [38;2;0;0;0m                    
[38;2;0;0;0m              [38;2;129;126;115m██[38;2;149;143;131m██[38;2;155;149;134m██[38;2;104;96;84m██[38;2;0;0;0m                      
[38;2;0;0;0m                [38;2;19;17;15m  [38;2;33;30;27m██[38;2;11;11;10m  [38;2;0;0;0m                      [0m
