
[38;2;0;0;0m                          [38;2;52;45;25m  [38;2;0;0;0m  [38;2;17;15;8m  [38;2;13;11;6m  [38;2;0;0;0m                          
[38;2;0;0;0m                          [38;2;243;208;117m██[38;2;52;45;25m  [38;2;203;172;83m██[38;2;206;175;93m██[38;2;0;0;0m  [38;2;171;146;82m  [38;2;0;0;0m                      
[38;2;0;0;0m                    [38;2;153;131;72m██[38;2;75;65;33m██[38;2;188;161;85m██[38;2;233;192;84m██[38;2;215;174;83m██[38;2;219;179;93m██[38;2;236;195;91m██[38;2;238;200;94m██[38;2;252;216;117m██[38;2;45;39;20m  [38;2;0;0;0m                    
[38;2;0;0;0m                  [38;2;12;10;4m  [38;2;179;139;60m██[38;2;228;190;96m██[38;2;188;147;67m██[38;2;182;138;74m██[38;2;235;196;109m████[38;2;182;138;74m██[38;2;195;155;71m██[38;2;230;194;97m██[38;2;179;139;60m██[38;2;12;10;4m  [38;2;0;0;0m                  
[38;2;0;0;0m                  [38;2;1;1;1m  [38;2;146;116;51m██[38;2;178;127;56m██[38;2;202;164;67m██[38;2;181;142;69m██[38;2;245;209;115m██[38;2;210;166;88m██[38;2;219;170;68m██[38;2;166;124;57m██[38;2;178;127;56m██[38;2;157;121;49m██[38;2;3;2;1m  [38;2;0;0;0m                  
[38;2;0;0;0m    [38;2;217;173;0m        [38;2;115;92;0m  [38;2;0;0;0m  [38;2;217;173;0m██[38;2;73;51;64m██[38;2;186;127;62m██[38;2;220;163;62m██[38;2;222;162;62m██[38;2;219;160;64m██[38;2;186;132;60m██[38;2;222;173;69m██[38;2;230;181;71m██[38;2;225;161;62m██[38;2;219;164;63m██[38;2;188;129;75m██[38;2;66;61;59m██[38;2;115;92;0m  [38;2;0;0;0m  [38;2;217;173;0m        [38;2;72;57;0m  [38;2;0;0;0m    
[38;2;0;0;0m    [38;2;199;135;0m      [38;2;137;94;0m  [38;2;139;106;18m██[38;2;236;176;4m██[38;2;224;158;8m██[38;2;187;139;49m██[38;2;174;127;61m██[38;2;184;124;52m██[38;2;188;132;57m██[38;2;166;113;53m██[38;2;227;175;67m██[38;2;219;166;64m██[38;2;190;138;59m██[38;2;200;150;62m██[38;2;185;124;52m██[38;2;172;130;59m██[38;2;215;168;28m██[38;2;236;176;4m████[38;2;94;75;0m██[38;2;130;89;0m  [38;2;199;135;0m  [38;2;206;144;0m  [38;2;84;67;0m  [38;2;0;0;0m    
[38;2;0;0;0m    [38;2;199;135;0m    [38;2;22;14;0m  [38;2;215;183;149m  [38;2;246;201;90m██[38;2;249;195;1m██[38;2;255;204;0m██[38;2;253;202;0m██[38;2;144;119;40m██[38;2;229;163;58m██[38;2;218;168;67m██[38;2;208;170;68m██[38;2;161;109;51m██[38;2;182;129;56m██[38;2;216;166;67m██[38;2;220;184;71m██[38;2;228;164;58m██[38;2;144;119;40m██[38;2;245;195;7m██[38;2;249;195;1m████[38;2;200;142;37m██[38;2;76;61;30m  [38;2;128;87;0m  [38;2;206;144;0m  [38;2;84;67;0m  [38;2;0;0;0m    
[38;2;0;0;0m    [38;2;171;116;0m  [38;2;102;96;86m  [38;2;255;204;0m████[38;2;253;211;46m██[38;2;246;242;246m██[38;2;252;214;68m██[38;2;234;173;5m██[38;2;215;159;29m██[38;2;152;118;29m██[38;2;162;126;65m██[38;2;229;166;63m██[38;2;230;174;67m██[38;2;230;171;65m██[38;2;232;188;73m██[38;2;162;111;55m██[38;2;133;87;44m██[38;2;237;183;14m██[38;2;255;204;0m████████[38;2;250;225;136m██[38;2;164;131;0m██[38;2;136;96;0m  [38;2;84;67;0m  [38;2;0;0;0m    
[38;2;0;0;0m    [38;2;85;81;75m  [38;2;243;239;243m██[38;2;255;204;0m████[38;2;254;205;8m██[38;2;254;206;18m██[38;2;230;167;6m██[38;2;251;198;0m██[38;2;255;204;0m██[38;2;253;202;0m██[38;2;240;193;4m██[38;2;77;72;65m██[38;2;76;69;64m██[38;2;77;70;64m██[38;2;77;73;65m██[38;2;240;193;4m██[38;2;248;197;4m██[38;2;233;173;7m██[38;2;251;199;0m██[38;2;251;220;106m██[38;2;246;239;227m██[38;2;255;204;0m██[38;2;246;239;227m██[38;2;251;218;91m██[38;2;207;165;0m  [38;2;6;5;0m  [38;2;0;0;0m    
[38;2;0;0;0m  [38;2;5;4;0m  [38;2;160;128;0m  [38;2;255;204;0m██[38;2;253;210;43m██[38;2;246;240;236m██[38;2;255;204;0m██[38;2;233;171;5m██[38;2;240;194;61m██[38;2;255;204;0m██[38;2;252;214;65m██[38;2;255;203;0m██[38;2;255;204;0m██[38;2;255;203;0m██[38;2;218;150;9m██[38;2;234;174;4m  [38;2;255;204;0m██[38;2;253;209;36m██[38;2;251;220;109m██[38;2;252;214;65m██[38;2;209;135;12m██[38;2;255;204;0m██[38;2;250;225;136m██[38;2;252;213;63m██[38;2;254;205;9m██[38;2;250;225;136m██[38;2;255;203;0m██[38;2;84;67;0m██[38;2;0;0;0m    
[38;2;0;0;0m  [38;2;146;113;57m  [38;2;255;204;0m████[38;2;254;204;3m██[38;2;254;205;9m██[38;2;232;171;5m██[38;2;253;201;0m██[38;2;254;204;4m██[38;2;254;206;15m██[38;2;246;241;242m██[38;2;255;204;0m██████[38;2;219;150;9m██[38;2;255;204;0m████[38;2;254;204;3m██[38;2;247;237;214m██[38;2;254;204;5m██[38;2;253;201;0m██[38;2;229;166;6m██[38;2;255;204;0m██████████[38;2;230;164;0m██[38;2;0;0;0m    
[38;2;29;19;0m  [38;2;203;135;0m██[38;2;231;160;0m██[38;2;253;200;0m██[38;2;255;204;0m████[38;2;230;167;6m██[38;2;255;204;0m██[38;2;252;212;55m██[38;2;255;204;0m████[38;2;255;203;0m██[38;2;251;217;85m██[38;2;242;226;204m██[38;2;229;165;23m██[38;2;253;208;31m██[38;2;246;238;220m██[38;2;252;216;78m██[38;2;255;204;0m██████[38;2;230;182;103m██[38;2;255;204;0m██[38;2;250;223;127m██[38;2;255;204;0m████[38;2;239;174;0m██[38;2;227;151;0m██[38;2;87;58;0m  [38;2;0;0;0m  
[38;2;60;40;0m██[38;2;227;151;0m██████[38;2;238;172;0m██[38;2;255;204;0m██[38;2;228;165;6m██[38;2;246;242;246m██[38;2;245;242;245m██[38;2;255;204;0m████████[38;2;245;189;2m██[38;2;241;184;3m██[38;2;252;214;65m██[38;2;246;242;246m██[38;2;255;204;0m████[38;2;251;219;98m██[38;2;254;206;16m██[38;2;255;204;0m██[38;2;205;131;12m██[38;2;255;204;0m██[38;2;228;154;0m██[38;2;238;172;0m██[38;2;227;151;0m████[38;2;181;120;0m██[38;2;0;0;0m  
[38;2;35;28;0m  [38;2;113;85;3m  [38;2;219;144;3m  [38;2;227;151;0m██[38;2;226;151;0m██[38;2;206;133;11m██[38;2;233;162;0m██[38;2;240;176;0m██[38;2;255;204;0m████[38;2;252;215;76m██[38;2;246;239;228m██[38;2;253;210;39m██[38;2;245;189;2m██[38;2;241;184;3m██[38;2;251;218;93m██[38;2;255;204;0m██████[38;2;250;222;118m██[38;2;241;179;7m██[38;2;234;164;0m██[38;2;216;141;5m██[38;2;221;146;2m██[38;2;226;150;0m██[38;2;227;151;0m██[38;2;226;151;0m██[38;2;227;151;0m██[38;2;0;0;0m    
[38;2;0;1;1m  [38;2;61;56;31m██[38;2;221;148;1m██[38;2;227;151;0m██[38;2;227;151;1m██[38;2;207;133;10m██[38;2;227;151;0m████[38;2;241;178;0m██[38;2;228;154;0m██[38;2;253;202;0m██[38;2;254;203;0m████[38;2;244;187;2m██[38;2;241;183;3m██[38;2;254;203;0m████[38;2;254;202;0m████[38;2;227;152;0m██[38;2;252;198;0m██[38;2;227;151;0m████[38;2;211;139;8m██[38;2;227;151;1m██[38;2;227;150;0m██[38;2;201;132;12m██[38;2;79;53;0m  [38;2;203;163;0m  [38;2;0;0;0m  
[38;2;0;15;13m  [38;2;16;57;50m██[38;2;57;100;71m██[38;2;136;102;36m██[38;2;174;115;46m██[38;2;225;149;2m██[38;2;227;151;0m██████[38;2;226;150;0m██[38;2;222;146;2m██[38;2;237;171;0m██[38;2;235;166;0m██[38;2;205;138;11m██[38;2;198;133;15m██[38;2;236;168;0m██[38;2;236;169;0m██[38;2;231;158;0m██[38;2;228;154;0m██[38;2;234;165;0m██[38;2;227;151;0m██████[38;2;47;80;75m██[38;2;150;122;66m██[38;2;136;102;36m██[38;2;25;89;78m██[38;2;172;136;0m  [38;2;203;163;0m  [38;2;0;0;0m  
[38;2;68;54;0m  [38;2;255;204;0m  [38;2;36;54;1m██[38;2;70;77;56m██[38;2;90;122;27m██[38;2;216;145;4m██[38;2;227;150;0m████[38;2;227;151;0m██[38;2;185;122;19m██[38;2;162;116;25m██[38;2;227;151;0m██[38;2;227;150;0m██[38;2;72;82;53m██[38;2;75;88;49m██[38;2;227;151;0m██[38;2;227;150;0m████[38;2;227;151;0m██[38;2;227;150;0m████[38;2;221;147;2m██[38;2;235;159;44m██[38;2;34;111;101m██[38;2;8;124;109m██[38;2;31;102;88m██[38;2;11;124;103m██[38;2;2;49;40m██[38;2;0;7;6m  [38;2;0;0;0m  
[38;2;68;54;0m  [38;2;134;107;0m  [38;2;77;116;1m██[38;2;70;77;56m██[38;2;100;146;13m██[38;2;128;100;37m██[38;2;175;123;20m██[38;2;227;151;0m██[38;2;223;148;28m██[38;2;65;64;65m██[38;2;162;116;25m██[38;2;227;151;0m████[38;2;128;78;70m██[38;2;124;141;88m██[38;2;156;113;28m██[38;2;227;151;0m██████████[38;2;84;100;62m██[38;2;68;74;75m██[38;2;10;137;102m██[38;2;21;134;102m██[38;2;27;124;96m██[38;2;61;67;67m██[38;2;15;65;56m██[38;2;1;42;35m  [38;2;0;0;0m  
[38;2;60;48;0m  [38;2;45;36;0m  [38;2;83;124;1m██[38;2;70;77;56m██[38;2;108;162;3m██[38;2;107;161;2m██[38;2;90;121;28m██[38;2;69;74;57m██[38;2;69;71;58m██[38;2;105;156;6m██[38;2;153;114;27m██[38;2;208;141;7m██[38;2;119;103;51m██[38;2;173;94;76m██[38;2;140;239;113m██[38;2;106;92;44m██[38;2;208;141;7m████[38;2;78;80;61m██[38;2;60;68;68m██[38;2;59;70;69m██[38;2;8;129;105m██[38;2;8;134;107m██[38;2;63;67;65m██[38;2;28;159;101m██[38;2;49;92;78m██[38;2;99;144;6m██[38;2;155;120;0m  [38;2;181;145;0m  [38;2;0;0;0m  
[38;2;0;0;0m    [38;2;108;162;3m██[38;2;94;130;22m██[38;2;104;139;41m██[38;2;139;195;33m██[38;2;139;195;32m██[38;2;107;161;2m██[38;2;108;162;3m████[38;2;98;140;16m██[38;2;92;125;25m██[38;2;112;171;46m██[38;2;125;196;47m██[38;2;101;154;14m██[38;2;96;135;19m██[38;2;36;96;85m██[38;2;29;104;90m██[38;2;8;125;109m██[38;2;29;102;93m██[38;2;45;86;79m██[38;2;15;143;105m██[38;2;26;150;104m██[38;2;87;116;31m██[38;2;92;125;25m██[38;2;101;147;12m██[38;2;69;105;0m██[38;2;0;0;0m      
[38;2;0;0;0m  [38;2;21;28;40m  [38;2;67;84;66m██[38;2;99;148;7m██[38;2;93;128;24m██[38;2;131;176;44m██[38;2;142;194;43m██[38;2;145;197;43m██[38;2;114;161;24m██[38;2;108;162;3m████[38;2;99;148;2m██[38;2;88;115;7m██[38;2;79;93;10m██[38;2;81;107;25m██[38;2;101;150;3m██[38;2;76;91;46m██[38;2;27;128;98m██[38;2;25;164;104m██[38;2;46;126;82m██[38;2;105;156;6m██[38;2;54;95;86m██[38;2;58;150;107m██[38;2;62;78;26m██[38;2;118;166;31m██[38;2;90;129;20m██[38;2;33;33;33m  [38;2;84;84;84m  [38;2;0;0;0m    
[38;2;0;0;0m  [38;2;47;51;54m  [38;2;75;79;85m██[38;2;153;163;140m██[38;2;35;53;0m██[38;2;43;65;0m  [38;2;40;60;0m  [38;2;21;32;0m██[38;2;108;163;4m██[38;2;104;157;1m██[38;2;86;102;26m██[38;2;103;88;60m██[38;2;158;126;119m██[38;2;155;133;140m██[38;2;68;65;69m██[38;2;17;24;0m██[38;2;88;130;3m██[38;2;76;118;41m██[38;2;39;150;114m██[38;2;82;103;40m██[38;2;108;162;3m██[38;2;116;162;28m██[38;2;21;21;21m██[38;2;94;96;80m  [38;2;57;62;63m██[38;2;44;51;41m██[38;2;181;181;181m  [38;2;84;84;84m  [38;2;0;0;0m    
[38;2;0;0;0m    [38;2;48;72;0m  [38;2;12;18;0m  [38;2;65;99;1m        [38;2;12;18;0m    [38;2;12;20;4m  [38;2;13;21;5m  [38;2;18;18;0m  [38;2;12;21;6m  [38;2;164;171;154m  [38;2;164;170;152m  [38;2;73;109;2m  [38;2;81;123;0m██[38;2;76;90;46m██[38;2;124;179;18m██[38;2;78;116;4m██[38;2;56;86;3m██[38;2;219;226;207m        [38;2;218;223;207m  [38;2;69;69;69m  [38;2;0;0;0m    
[38;2;0;0;0m    [38;2;65;99;1m  [38;2;65;98;1m  [38;2;65;99;1m  [38;2;65;98;1m            [38;2;65;99;1m    [38;2;65;98;1m    [38;2;53;80;0m  [38;2;41;61;0m  [38;2;103;155;2m██[38;2;106;159;2m██[38;2;108;162;3m██[38;2;80;120;1m██[38;2;58;86;2m██[38;2;65;98;1m        [38;2;57;85;0m  [38;2;0;0;0m      
[38;2;0;0;0m    [38;2;51;77;0m                          [38;2;37;56;0m  [38;2;117;118;122m  [38;2;61;92;0m  [38;2;102;129;48m██[38;2;87;106;66m██[38;2;134;147;159m██[38;2;27;41;0m  [38;2;51;77;0m        [38;2;44;66;0m  [38;2;0;0;0m      
[38;2;0;0;0m                                    [38;2;55;54;55m  [38;2;44;44;46m██[38;2;1;3;7m  [38;2;0;0;0m                  [0m
