
[38;2;0;0;0m    [38;2;42;21;22m██[38;2;10;5;5m  [38;2;0;0;0m                            
[38;2;0;0;0m    [38;2;132;71;72m██[38;2;41;22;22m██[38;2;0;0;0m                            
[38;2;0;0;0m    [38;2;136;71;75m██[38;2;12;6;7m  [38;2;0;0;0m                            
[38;2;0;0;0m    [38;2;165;81;86m██[38;2;144;71;74m██[38;2;0;0;0m                            
[38;2;0;0;0m  [38;2;122;61;64m██[38;2;120;89;123m██[38;2;84;93;155m██[38;2;88;97;159m██[38;2;95;104;165m██[38;2;73;69;57m██[38;2;79;40;44m██[38;2;78;38;39m██[38;2;144;79;80m  [38;2;166;92;94m    [38;2;144;79;80m  [38;2;189;92;94m██[38;2;178;85;85m██[38;2;84;41;42m██[38;2;0;0;0m    
[38;2;0;0;1m  [38;2;119;66;73m██[38;2;79;88;150m██[38;2;104;113;173m██[38;2;97;106;166m██[38;2;173;101;124m██[38;2;209;106;107m██[38;2;224;109;112m████[38;2;202;98;101m██[38;2;194;94;97m██[38;2;196;95;98m██[38;2;179;89;90m██[38;2;127;69;68m██[38;2;159;80;83m██[38;2;57;28;29m██[38;2;0;0;0m    
[38;2;0;0;1m  [38;2;66;55;75m██[38;2;104;113;173m██[38;2;94;103;164m██[38;2;155;96;126m██[38;2;226;110;113m██[38;2;224;109;112m██[38;2;192;100;100m██[38;2;181;98;97m██[38;2;196;98;100m██[38;2;200;98;101m██[38;2;174;86;89m██[38;2;101;51;52m██[38;2;100;55;59m  [38;2;99;55;56m  [38;2;216;120;122m  [38;2;0;0;0m    
[38;2;0;0;0m  [38;2;78;84;129m██[38;2;96;105;166m██[38;2;177;101;123m██[38;2;213;106;108m██[38;2;103;75;76m██[38;2;91;72;73m██[38;2;152;81;84m██[38;2;160;81;84m██[38;2;163;81;85m██[38;2;126;63;66m██[38;2;14;7;7m██[38;2;232;129;132m  [38;2;249;138;141m  [38;2;255;142;145m    [38;2;0;0;0m    
[38;2;26;28;43m██[38;2;93;102;163m██[38;2;134;87;114m██[38;2;205;168;144m██[38;2;116;84;71m██[38;2;247;223;219m██[38;2;145;151;127m██[38;2;145;121;105m██[38;2;147;73;76m██[38;2;106;57;59m  [38;2;146;81;83m  [38;2;255;142;145m          [38;2;0;0;0m    
[38;2;1;1;1m  [38;2;174;175;152m██[38;2;200;197;160m██[38;2;238;237;202m██[38;2;236;235;201m██[38;2;239;238;205m██[38;2;205;200;152m██[38;2;151;82;83m██[38;2;66;36;43m  [38;2;69;38;39m  [38;2;72;40;40m  [38;2;255;142;145m          [38;2;0;0;0m    
[38;2;31;33;45m  [38;2;76;80;110m  [38;2;124;124;106m████[38;2;166;147;127m██[38;2;196;177;159m██[38;2;145;82;81m██[38;2;125;82;80m██[38;2;129;107;69m██[38;2;87;98;43m██[38;2;90;100;49m  [38;2;147;165;81m  [38;2;130;145;72m    [38;2;147;165;81m    [38;2;0;0;0m    
[38;2;31;33;45m  [38;2;126;133;181m    [38;2;222;139;154m  [38;2;0;1;0m██[38;2;100;74;74m██[38;2;181;89;92m██[38;2;138;108;85m██[38;2;203;187;107m██[38;2;42;48;21m██[38;2;147;165;81m    [38;2;41;20;21m████[38;2;110;123;61m    [38;2;0;0;0m    
[38;2;31;33;45m  [38;2;126;132;181m    [38;2;222;139;154m  [38;2;255;142;145m  [38;2;63;35;36m  [38;2;224;108;112m██[38;2;203;99;102m██[38;2;175;85;88m██[38;2;82;73;44m  [38;2;70;78;39m  [38;2;81;51;43m  [38;2;157;82;84m██[38;2;163;92;91m██[38;2;115;56;57m██[38;2;84;77;45m  [38;2;0;0;0m    
[38;2;31;33;45m  [38;2;125;133;180m    [38;2;222;139;154m  [38;2;191;106;108m  [38;2;169;82;84m██[38;2;224;109;112m██████[38;2;222;109;111m██[38;2;219;108;110m██[38;2;222;108;111m██[38;2;224;109;112m████[38;2;119;82;75m██[38;2;37;24;22m██[38;2;0;0;0m    
[38;2;31;33;45m  [38;2;126;133;181m    [38;2;222;139;154m  [38;2;115;61;63m  [38;2;201;98;100m██[38;2;225;109;112m████[38;2;209;105;107m██[38;2;174;96;94m██[38;2;172;122;121m██[38;2;144;93;94m██[38;2;227;112;115m██[38;2;159;94;91m██[38;2;135;84;86m██[38;2;177;92;95m██[38;2;69;35;37m  [38;2;0;0;0m  
[38;2;31;33;45m  [38;2;126;133;181m    [38;2;222;139;154m  [38;2;31;23;21m██[38;2;193;104;103m██[38;2;148;97;91m██[38;2;223;109;112m██[38;2;149;90;86m██[38;2;218;108;110m██[38;2;160;114;108m██[38;2;81;75;73m██[38;2;179;100;99m██[38;2;190;211;109m██[38;2;239;239;204m██[38;2;115;91;83m██[38;2;37;18;24m  [38;2;37;18;19m██
[38;2;31;33;45m  [38;2;126;133;181m    [38;2;222;139;154m  [38;2;52;53;41m██[38;2;194;185;155m██[38;2;207;198;171m██[38;2;196;101;102m██[38;2;224;109;112m██[38;2;193;101;101m████[38;2;161;112;118m██[38;2;158;167;109m██[38;2;239;239;204m██[38;2;202;202;172m██[38;2;90;98;57m  [38;2;0;0;0m    
[38;2;31;33;45m  [38;2;125;133;180m    [38;2;222;139;154m  [38;2;199;111;113m  [38;2;131;129;103m  [38;2;172;174;139m██[38;2;129;104;90m██[38;2;225;109;112m██[38;2;224;109;112m██[38;2;122;90;82m██[38;2;123;125;106m██[38;2;100;99;90m██[38;2;224;218;177m██[38;2;158;159;129m██[38;2;33;35;24m██[38;2;0;0;0m    
[38;2;31;33;45m  [38;2;126;133;181m    [38;2;222;139;154m  [38;2;255;142;144m  [38;2;63;35;36m  [38;2;135;118;87m██[38;2;105;89;78m██[38;2;216;112;105m██[38;2;157;131;93m██[38;2;102;86;77m██[38;2;37;39;30m██[38;2;139;150;90m██[38;2;162;138;128m██[38;2;115;131;87m██[38;2;160;128;84m██[38;2;0;0;0m    
[38;2;31;33;45m  [38;2;126;133;181m    [38;2;222;139;154m  [38;2;255;142;145m    [38;2;39;43;21m██[38;2;88;79;71m██[38;2;177;127;95m██[38;2;160;174;85m██[38;2;74;58;42m  [38;2;166;161;92m  [38;2;36;29;32m██[38;2;77;71;67m██[38;2;167;163;91m██[38;2;38;29;23m██[38;2;0;0;0m    
[38;2;31;33;45m  [38;2;126;133;181m    [38;2;222;139;154m  [38;2;255;142;145m    [38;2;145;80;82m  [38;2;135;124;81m██[38;2;211;176;114m██[38;2;56;27;28m██[38;2;255;142;145m    [38;2;140;82;88m    [38;2;68;38;43m██[38;2;31;17;18m██[38;2;0;0;0m    
[38;2;31;33;45m  [38;2;126;133;181m          [38;2;79;84;115m  [38;2;85;92;139m██[38;2;159;77;73m██[38;2;94;99;135m  [38;2;126;133;181m        [38;2;20;22;33m██  [38;2;0;0;0m    
[38;2;8;8;11m  [38;2;32;34;47m          [38;2;6;7;11m  [38;2;27;29;45m██[38;2;31;18;18m  [38;2;24;26;35m  [38;2;32;34;47m        [38;2;0;0;0m        [0m
