
[38;2;0;0;0m                        [38;2;33;9;23m  [38;2;42;12;29m  [38;2;0;0;0m                      
[38;2;0;0;0m                [38;2;0;1;2m  [38;2;169;120;21m  [38;2;98;71;15m  [38;2;0;0;18m  [38;2;91;44;59m██[38;2;95;51;75m██[38;2;45;32;11m  [38;2;0;0;0m                    
[38;2;0;0;0m                [38;2;25;17;5m  [38;2;144;88;24m██[38;2;199;144;33m██[38;2;198;55;128m██[38;2;253;65;166m██[38;2;166;60;96m  [38;2;240;178;43m██[38;2;229;162;28m██[38;2;146;122;45m██[38;2;225;184;55m██[38;2;0;0;0m              
[38;2;0;0;0m        [38;2;70;70;70m  [38;2;207;207;207m    [38;2;20;20;20m  [38;2;197;133;25m██[38;2;111;166;202m██[38;2;193;209;140m██[38;2;247;154;128m██[38;2;227;57;126m██[38;2;248;194;94m██[38;2;178;201;155m██[38;2;146;199;202m██[38;2;224;162;34m██[38;2;87;75;52m██[38;2;0;0;0m              
[38;2;0;0;0m        [38;2;86;86;86m  [38;2;181;181;181m  [38;2;63;46;14m██[38;2;215;152;27m██[38;2;163;201;170m██[38;2;146;190;179m██[38;2;179;170;110m██[38;2;157;112;22m██[38;2;131;98;46m██[38;2;182;135;41m  [38;2;162;147;110m██[38;2;146;190;179m██[38;2;227;213;101m██[38;2;169;206;179m██[38;2;140;100;17m██[38;2;0;0;0m            
[38;2;0;0;0m        [38;2;86;86;86m  [38;2;35;35;35m  [38;2;91;72;73m██[38;2;234;197;70m██[38;2;194;203;154m██[38;2;120;91;88m██[38;2;34;24;4m██[38;2;213;215;214m  [38;2;97;35;62m██[38;2;172;58;119m██[38;2;30;19;4m██[38;2;120;91;88m██[38;2;195;200;141m██[38;2;244;203;60m██[38;2;189;133;59m██[38;2;114;73;20m  [38;2;0;2;2m  [38;2;0;0;0m        
[38;2;0;0;0m        [38;2;86;86;86m  [38;2;173;173;173m  [38;2;116;128;102m██[38;2;102;194;254m██[38;2;208;161;61m██[38;2;57;47;3m██[38;2;255;255;255m    [38;2;80;80;80m  [38;2;97;97;97m  [38;2;255;255;255m  [38;2;140;132;91m  [38;2;168;129;47m██[38;2;104;195;254m██[38;2;180;166;112m██[38;2;253;213;65m██[38;2;83;67;17m██[38;2;0;0;0m        
[38;2;0;0;0m        [38;2;86;86;86m  [38;2;35;35;35m  [38;2;241;178;41m██[38;2;230;178;56m██[38;2;155;111;19m██[38;2;214;214;213m  [38;2;150;150;150m  [38;2;28;28;28m  [38;2;217;171;46m██[38;2;28;28;28m  [38;2;150;150;150m  [38;2;239;239;239m  [38;2;136;96;16m██[38;2;218;167;54m██[38;2;228;170;40m██[38;2;85;76;65m██[38;2;28;24;20m██[38;2;0;0;0m        
[38;2;0;0;0m        [38;2;86;86;86m  [38;2;35;35;35m  [38;2;153;182;162m██[38;2;176;177;125m██[38;2;115;113;81m██[38;2;143;143;143m  [38;2;173;148;51m██[38;2;235;182;57m██[38;2;235;164;31m██[38;2;239;169;31m██[38;2;163;116;20m██[38;2;143;143;143m  [38;2;100;116;105m██[38;2;155;185;164m██[38;2;188;213;162m██[38;2;84;105;144m██[38;2;8;6;0m  [38;2;0;0;0m        
[38;2;0;0;0m        [38;2;86;86;86m  [38;2;35;35;35m  [38;2;92;110;140m██[38;2;189;140;64m██[38;2;142;105;53m██[38;2;225;194;69m██[38;2;233;178;54m██[38;2;236;166;29m██[38;2;239;170;30m████[38;2;240;171;30m██[38;2;191;121;27m██[38;2;218;149;30m██[38;2;127;192;217m██[38;2;230;173;42m██[38;2;68;58;41m██[38;2;0;4;5m  [38;2;0;0;0m        
[38;2;0;0;0m      [38;2;87;62;10m██[38;2;118;98;56m  [38;2;141;141;141m  [38;2;98;100;76m██[38;2;83;132;168m██[38;2;239;190;60m██[38;2;255;218;75m██[38;2;189;138;53m██[38;2;161;122;45m██[38;2;107;101;92m██[38;2;240;171;30m██[38;2;145;113;48m██[38;2;96;182;241m  [38;2;192;179;108m██[38;2;101;189;246m  [38;2;159;150;91m██[38;2;227;155;35m██[38;2;83;66;24m██[38;2;0;0;0m        
[38;2;0;0;0m      [38;2;7;5;0m  [38;2;236;168;29m██[38;2;231;164;28m██[38;2;67;65;64m██[38;2;65;64;64m██[38;2;148;132;69m██[38;2;83;78;65m██[38;2;151;134;116m██[38;2;247;224;183m██[38;2;68;67;67m██[38;2;240;171;30m██[38;2;145;113;48m██[38;2;106;192;241m██[38;2;246;192;42m██[38;2;247;206;57m██[38;2;230;165;30m██[38;2;114;71;20m██[38;2;2;5;2m  [38;2;0;0;0m        
[38;2;0;0;0m        [38;2;157;115;45m██[38;2;227;171;105m██[38;2;254;222;77m  [38;2;255;222;77m██[38;2;213;186;73m██[38;2;249;214;74m██[38;2;255;224;103m██[38;2;68;67;66m██[38;2;152;116;48m██[38;2;239;169;32m██[38;2;229;155;31m██[38;2;133;112;53m██[38;2;150;184;160m██[38;2;172;198;163m██[38;2;96;86;90m██[38;2;0;0;0m            
[38;2;0;0;0m      [38;2;6;4;0m  [38;2;255;239;212m██[38;2;255;236;199m██[38;2;255;227;145m██[38;2;255;222;79m██[38;2;255;221;77m██[38;2;255;219;75m██[38;2;167;147;70m██[38;2;65;64;65m██[38;2;239;170;31m██[38;2;238;168;31m██[38;2;221;146;28m██[38;2;206;126;28m██[38;2;136;104;49m██[38;2;65;60;65m██[38;2;173;130;43m██[38;2;0;0;0m        [38;2;187;133;23m██[38;2;0;0;0m  
[38;2;0;0;0m    [38;2;39;10;26m  [38;2;230;180;61m██[38;2;253;218;82m██[38;2;255;229;137m██[38;2;255;140;126m██[38;2;254;104;136m██[38;2;212;147;60m██[38;2;160;121;48m██[38;2;65;64;65m██[38;2;153;118;47m██[38;2;239;170;31m██[38;2;238;168;31m██[38;2;220;144;29m██[38;2;207;151;31m██[38;2;143;104;44m██[38;2;141;101;45m  [38;2;240;171;30m██[38;2;73;67;58m██[38;2;42;30;5m  [38;2;33;33;33m██[38;2;176;127;30m██[38;2;90;64;11m  [38;2;0;0;0m  
[38;2;0;0;0m    [38;2;73;18;49m  [38;2;253;193;93m██[38;2;254;221;77m██[38;2;254;87;159m██[38;2;227;84;116m██[38;2;203;120;36m██[38;2;214;58;121m██[38;2;242;168;36m██[38;2;238;167;32m██[38;2;68;65;64m██[38;2;239;170;31m██[38;2;239;169;31m██[38;2;235;166;32m██[38;2;95;86;53m██[38;2;246;193;58m██[38;2;223;160;33m██[38;2;171;129;43m██[38;2;89;78;60m██[38;2;128;102;52m██[38;2;96;83;58m██[38;2;115;94;52m██[38;2;0;0;0m    
[38;2;0;0;0m      [38;2;209;182;63m██[38;2;227;168;70m██[38;2;188;50;106m██[38;2;114;161;178m██[38;2;218;156;158m██[38;2;214;132;50m██[38;2;239;169;32m██[38;2;191;71;104m██[38;2;142;91;46m██[38;2;190;139;40m██[38;2;239;169;31m██[38;2;145;113;48m██[38;2;244;191;51m██[38;2;249;203;61m██[38;2;239;169;31m██[38;2;131;104;51m██[38;2;89;78;60m  [38;2;240;171;30m██[38;2;72;65;55m██[38;2;31;22;3m  [38;2;0;0;0m    
[38;2;0;0;0m        [38;2;203;149;29m██[38;2;98;84;58m██[38;2;237;166;33m██[38;2;233;150;40m██[38;2;232;159;31m██[38;2;203;63;126m██[38;2;188;57;127m██[38;2;197;62;131m██[38;2;115;67;85m██[38;2;236;168;30m██[38;2;159;121;46m██[38;2;235;165;29m██[38;2;239;104;112m██[38;2;239;74;151m██[38;2;134;106;51m██[38;2;234;164;30m██[38;2;208;95;100m██[38;2;3;11;21m  [38;2;0;0;0m      
[38;2;0;0;0m      [38;2;31;31;31m  [38;2;153;95;77m██[38;2;211;98;96m██[38;2;238;93;121m██[38;2;248;65;165m██[38;2;240;100;119m██[38;2;127;63;94m██[38;2;65;64;65m██[38;2;166;126;44m██[38;2;155;113;47m██[38;2;238;170;30m██[38;2;151;116;47m██[38;2;208;99;91m██[38;2;97;64;83m██[38;2;89;81;83m██[38;2;118;97;63m██[38;2;221;153;38m██[38;2;83;56;71m██[38;2;60;51;56m██[38;2;111;82;24m██[38;2;0;0;0m    
[38;2;0;0;0m    [38;2;76;65;22m██[38;2;116;106;69m██[38;2;134;65;98m██[38;2;237;63;162m██[38;2;132;58;100m██[38;2;82;70;60m██[38;2;73;66;61m██[38;2;66;64;64m██[38;2;155;119;47m██[38;2;220;159;33m██[38;2;170;140;109m██[38;2;95;63;60m██[38;2;231;165;30m██[38;2;82;74;61m██[38;2;86;79;81m██[38;2;86;81;66m██[38;2;73;70;65m██[38;2;83;79;65m██[38;2;77;71;62m██[38;2;239;170;30m██[38;2;130;104;52m██[38;2;0;0;0m    
[38;2;0;0;0m    [38;2;67;48;13m██[38;2;220;162;51m██[38;2;162;93;52m██[38;2;120;54;82m██[38;2;75;75;75m  [38;2;97;67;35m  [38;2;157;101;40m██[38;2;172;128;43m██[38;2;239;169;32m██[38;2;68;66;64m██[38;2;252;187;118m██[38;2;242;136;32m██[38;2;85;70;28m██[38;2;129;97;51m██[38;2;170;136;58m██[38;2;255;219;75m██[38;2;137;122;68m██[38;2;243;208;71m██[38;2;144;111;47m██[38;2;239;170;30m██[38;2;239;169;32m██[38;2;115;81;14m  [38;2;0;0;0m  
[38;2;0;0;0m    [38;2;96;69;12m██[38;2;239;169;31m██[38;2;238;169;31m██[38;2;239;169;32m██[38;2;96;96;96m  [38;2;255;255;255m  [38;2;37;37;37m    [38;2;204;145;25m██[38;2;197;140;25m██[38;2;156;91;24m██[38;2;37;37;37m  [38;2;124;104;53m  [38;2;15;13;4m██[38;2;247;194;53m██[38;2;241;176;38m████[38;2;111;102;67m██[38;2;137;119;64m██[38;2;214;155;35m████[38;2;70;31;55m██[38;2;7;4;8m  
[38;2;0;0;0m    [38;2;158;121;46m██[38;2;239;169;31m██[38;2;239;169;32m████[38;2;131;102;44m  [38;2;237;237;237m  [38;2;255;255;255m    [38;2;170;170;170m  [38;2;170;171;172m  [38;2;170;170;171m  [38;2;255;255;255m    [38;2;15;13;4m██[38;2;255;220;75m██[38;2;255;220;76m██[38;2;255;219;76m██[38;2;207;151;44m██[38;2;77;58;20m██[38;2;45;28;37m██[38;2;151;59;109m██[38;2;64;19;44m██[38;2;16;5;11m  
[38;2;9;2;6m  [38;2;160;47;108m██[38;2;72;63;68m██[38;2;194;135;38m██[38;2;237;168;31m██[38;2;200;142;26m██[38;2;139;104;33m  [38;2;234;234;234m  [38;2;255;255;255m            [38;2;117;117;117m  [38;2;222;189;74m██[38;2;249;214;72m██[38;2;254;220;75m██[38;2;243;188;48m██[38;2;223;191;83m██[38;2;16;17;9m  [38;2;0;0;0m        
[38;2;15;4;10m  [38;2;57;17;39m██[38;2;170;58;118m██[38;2;66;30;33m██[38;2;69;50;12m██[38;2;9;6;1m  [38;2;28;28;28m  [38;2;75;75;75m              [38;2;34;34;34m  [38;2;195;74;138m██[38;2;115;97;64m██[38;2;240;206;72m██[38;2;118;100;62m██[38;2;249;201;59m██[38;2;82;62;15m██[38;2;0;0;0m        
[38;2;0;0;0m                            [38;2;107;27;72m██[38;2;67;64;66m██[38;2;192;64;137m██[38;2;83;27;62m██[38;2;158;62;117m██[38;2;132;94;23m██[38;2;67;58;18m  [38;2;0;0;0m        
[38;2;0;0;0m                              [38;2;19;16;18m██[38;2;66;16;44m██[38;2;5;1;7m  [38;2;60;16;40m██[38;2;0;1;0m  [38;2;0;0;0m          [0m
