
[38;2;0;0;0m                                                  [38;2;38;21;44m    [38;2;0;1;0m  [38;2;0;0;0m            
[38;2;0;0;0m                                                [38;2;0;1;0m  [38;2;153;75;178m██[38;2;191;93;223m██[38;2;152;75;178m██[38;2;114;57;133m  [38;2;0;3;0m        [38;2;0;0;0m  
[38;2;0;0;0m                                                  [38;2;0;3;0m  [38;2;203;99;238m████[38;2;204;99;238m██████[38;2;191;94;223m██[38;2;153;75;178m██[38;2;38;21;44m  
[38;2;0;0;0m                                                    [38;2;89;45;104m██[38;2;203;99;237m██[38;2;158;87;178m████[38;2;131;72;148m██[38;2;38;22;44m██[38;2;0;1;0m  [38;2;0;0;0m  
[38;2;0;0;0m                                                    [38;2;35;23;39m██[38;2;141;83;157m██[38;2;79;48;87m  [38;2;0;3;0m  [38;2;0;2;0m  [38;2;0;0;0m      
[38;2;0;0;0m                  [38;2;0;2;0m  [38;2;0;3;0m            [38;2;0;0;0m                  [38;2;0;2;0m  [38;2;114;68;126m██[38;2;61;38;68m██[38;2;0;0;0m            
[38;2;0;0;0m            [38;2;13;9;15m  [38;2;55;35;60m██[38;2;56;33;60m██[38;2;166;82;193m██[38;2;203;99;238m████[38;2;230;154;243m██[38;2;248;229;252m██[38;2;251;245;253m██[38;2;242;216;250m██[38;2;50;27;59m██[38;2;53;37;60m██[38;2;63;66;63m██[38;2;53;37;60m██[38;2;51;27;59m██[38;2;50;31;56m██[38;2;34;13;38m  [38;2;0;1;0m    [38;2;26;18;29m  [38;2;141;83;156m██[38;2;35;23;39m██[38;2;0;0;0m            
[38;2;0;0;0m        [38;2;0;3;0m  [38;2;125;74;135m  [38;2;181;106;195m██[38;2;223;131;240m██[38;2;194;110;207m██[38;2;189;110;207m██[38;2;203;99;238m██[38;2;203;99;237m██[38;2;234;195;248m██[38;2;255;255;255m██[38;2;250;235;252m██[38;2;216;147;243m██[38;2;203;99;238m██[38;2;235;196;248m██[38;2;250;235;252m██[38;2;207;118;239m██[38;2;213;128;241m██[38;2;235;211;246m██[38;2;186;98;206m██[38;2;115;60;134m██[38;2;105;63;117m██[38;2;132;78;147m██[38;2;141;83;156m██[38;2;114;68;126m██[38;2;0;2;0m  [38;2;0;0;0m          
[38;2;0;0;0m      [38;2;38;21;44m  [38;2;221;125;240m██[38;2;223;131;241m████████[38;2;223;123;240m██[38;2;129;84;141m██[38;2;206;104;238m██[38;2;203;99;238m████████████████████████[38;2;154;86;172m██[38;2;141;83;157m██████[38;2;105;63;117m██[38;2;0;1;0m  [38;2;0;0;0m        
[38;2;0;0;0m    [38;2;38;21;44m  [38;2;190;93;223m██[38;2;204;101;238m██[38;2;208;107;238m██[38;2;223;130;241m██[38;2;224;131;240m██[38;2;208;107;238m██[38;2;220;123;240m██[38;2;211;108;238m██[38;2;210;110;239m██[38;2;203;99;238m██[38;2;203;99;237m██[38;2;203;99;238m██[38;2;203;99;237m██[38;2;203;99;238m██[38;2;203;99;237m██[38;2;203;99;238m██[38;2;203;99;237m██[38;2;203;99;238m██[38;2;203;99;237m██[38;2;203;99;238m██[38;2;203;99;237m██[38;2;199;98;232m██[38;2;152;86;172m██[38;2;141;83;157m████[38;2;136;87;141m██[38;2;26;16;25m  [38;2;0;0;0m        
[38;2;0;0;0m  [38;2;0;3;0m  [38;2;203;99;238m████████████[38;2;206;104;238m██[38;2;207;104;238m██[38;2;215;117;239m██[38;2;203;99;238m████████████████████████████[38;2;168;90;192m██[38;2;139;82;155m██[38;2;141;83;156m██[38;2;138;106;145m██[38;2;50;61;59m██[38;2;1;1;0m  [38;2;0;0;0m      
[38;2;0;0;0m  [38;2;114;57;133m  [38;2;203;99;238m██[38;2;203;99;237m██[38;2;203;99;238m██[38;2;203;99;237m██[38;2;203;99;238m██[38;2;203;99;237m██[38;2;203;99;238m██[38;2;203;99;237m██[38;2;203;99;238m██[38;2;203;99;237m██[38;2;203;99;238m██[38;2;203;99;237m██[38;2;203;99;238m██[38;2;203;99;237m██[38;2;203;99;238m██[38;2;203;99;237m██[38;2;203;99;238m██[38;2;203;99;237m██[38;2;203;99;238m██[38;2;203;99;237m██[38;2;203;99;238m██[38;2;203;99;237m██[38;2;203;99;238m██[38;2;203;99;237m██[38;2;83;69;87m██[38;2;84;69;88m██[38;2;72;73;88m██[38;2;124;142;144m██[38;2;125;143;141m██[38;2;30;38;35m  [38;2;0;0;0m    
[38;2;12;7;14m  [38;2;164;81;193m██[38;2;203;99;238m██████████████████████████████████████████[38;2;178;92;205m████[38;2;203;99;238m████[38;2;192;96;227m████[38;2;88;61;96m██[38;2;0;3;0m  [38;2;0;0;0m      
[38;2;51;27;59m██[38;2;207;113;239m██[38;2;154;86;201m██[38;2;158;91;196m████[38;2;154;86;201m██[38;2;207;113;239m██[38;2;203;99;237m██[38;2;203;99;238m██[38;2;203;99;237m██[38;2;203;99;238m██[38;2;203;99;237m██[38;2;193;96;227m██[38;2;120;87;141m██[38;2;177;124;198m██[38;2;203;99;237m██[38;2;203;99;238m██[38;2;203;99;237m██[38;2;203;99;238m██[38;2;203;99;237m██[38;2;203;99;238m██[38;2;203;99;237m██[38;2;125;79;141m██[38;2;137;83;156m██[38;2;116;77;127m██[38;2;100;73;109m██[38;2;126;79;141m██[38;2;192;96;227m██[38;2;153;78;182m██[38;2;12;7;14m  [38;2;0;0;0m        
[38;2;46;26;55m██[38;2;166;114;211m██[38;2;225;247;255m██[38;2;230;243;255m████[38;2;225;247;255m██[38;2;160;122;205m██[38;2;162;125;199m██[38;2;169;118;205m██[38;2;188;96;224m██[38;2;192;97;227m██[38;2;203;99;238m██[38;2;174;93;204m██[38;2;143;158;169m██[38;2;86;42;101m██[38;2;203;99;238m██████████████[38;2;177;92;205m██[38;2;100;73;109m██████[38;2;127;143;142m██[38;2;59;61;61m██[38;2;0;2;0m  [38;2;0;0;0m          
[38;2;8;6;11m  [38;2;179;189;202m██[38;2;227;243;255m████████████[38;2;225;233;250m██[38;2;209;204;237m██[38;2;196;175;226m██[38;2;156;89;195m██[38;2;201;98;235m██[38;2;156;79;182m██[38;2;194;97;226m██[38;2;203;99;237m██[38;2;203;99;238m██[38;2;203;99;237m██[38;2;203;99;238m██[38;2;203;99;237m██[38;2;126;79;141m██[38;2;203;99;237m██[38;2;203;99;238m██[38;2;168;91;205m████[38;2;204;99;237m██[38;2;59;61;61m██[38;2;10;13;11m  [38;2;0;0;0m            
[38;2;0;0;0m  [38;2;129;138;143m  [38;2;226;239;250m████[38;2;227;243;255m████████████████[38;2;165;127;201m██[38;2;160;123;206m██[38;2;191;108;226m██[38;2;188;95;223m████[38;2;185;95;215m██[38;2;185;98;213m██[38;2;148;111;166m██[38;2;117;110;129m██[38;2;88;94;100m██[38;2;172;101;196m██[38;2;169;90;195m██[38;2;153;99;173m██[38;2;61;57;62m██[38;2;0;2;0m  [38;2;0;0;0m              
[38;2;0;0;0m  [38;2;0;3;0m  [38;2;189;210;213m██[38;2;224;240;250m██[38;2;193;213;217m██[38;2;228;243;255m██[38;2;216;233;242m██[38;2;217;233;242m██[38;2;227;243;255m██[38;2;192;213;217m██[38;2;229;243;255m██[38;2;227;243;255m██[38;2;228;243;255m██[38;2;227;245;255m██[38;2;205;203;238m██[38;2;206;204;236m████[38;2;167;173;191m██[38;2;154;163;176m██[38;2;161;183;185m██[38;2;165;189;191m██[38;2;127;147;154m██[38;2;103;116;123m██[38;2;140;158;158m██[38;2;24;23;25m██[38;2;11;9;13m  [38;2;0;0;0m                
[38;2;0;0;0m    [38;2;42;48;47m  [38;2;214;228;239m██[38;2;189;210;212m██[38;2;224;239;249m██[38;2;216;233;242m██[38;2;206;223;230m██[38;2;228;243;255m██[38;2;229;243;255m██[38;2;188;210;213m██[38;2;224;240;250m██[38;2;228;243;255m████████[38;2;224;241;251m██[38;2;176;199;201m██[38;2;160;185;185m██[38;2;147;171;173m██[38;2;110;128;138m██[38;2;80;94;103m██[38;2;92;108;106m  [38;2;0;3;0m  [38;2;0;0;0m                    
[38;2;0;0;0m      [38;2;43;48;47m  [38;2;96;111;110m██[38;2;189;210;212m██[38;2;230;243;255m██[38;2;218;233;242m██[38;2;193;213;217m██[38;2;228;243;255m██[38;2;224;240;250m██[38;2;189;209;213m██[38;2;193;213;217m██[38;2;228;243;255m████[38;2;193;213;217m██[38;2;165;186;192m██[38;2;115;134;143m██[38;2;123;143;150m██[38;2;148;171;173m██[38;2;35;44;43m██[38;2;6;9;7m  [38;2;0;0;0m                        
[38;2;0;0;0m          [38;2;0;3;0m  [38;2;43;48;47m  [38;2;173;183;191m██[38;2;158;177;175m██[38;2;165;182;187m██[38;2;198;213;223m██[38;2;198;210;223m██[38;2;189;210;215m██[38;2;115;134;143m██[38;2;105;122;130m██[38;2;74;87;95m██[38;2;87;103;106m██[38;2;122;142;141m██[38;2;0;3;0m    [38;2;0;0;0m                            
[38;2;0;0;0m              [38;2;0;1;0m  [38;2;0;2;0m  [38;2;43;49;47m  [38;2;24;32;32m██[38;2;24;31;32m██[38;2;41;49;48m██[38;2;41;50;47m██[38;2;30;38;35m  [38;2;0;1;0m      [38;2;0;0;0m                                [0m
