
[38;2;0;0;0m                          [38;2;47;47;47m  [38;2;63;63;63m██[38;2;15;15;15m  [38;2;0;0;0m            [38;2;53;54;55m██[38;2;13;13;13m  [38;2;0;0;0m        
[38;2;0;0;0m                        [38;2;47;47;47m  [38;2;239;239;239m██[38;2;255;255;255m██[38;2;188;193;193m██[38;2;39;40;42m  [38;2;158;163;168m██[38;2;134;136;138m  [38;2;0;0;0m  [38;2;174;177;180m██[38;2;160;164;166m██[38;2;173;177;180m██[38;2;13;13;13m  [38;2;0;0;0m        
[38;2;0;0;0m                    [38;2;76;75;76m██[38;2;219;219;219m██[38;2;244;245;247m██[38;2;220;225;229m██[38;2;211;218;224m██[38;2;217;225;228m██[38;2;226;233;234m██[38;2;249;250;251m██[38;2;243;245;249m██[38;2;195;198;201m██[38;2;174;177;180m██[38;2;40;41;41m  [38;2;0;0;0m            
[38;2;0;0;0m                    [38;2;246;248;249m██[38;2;222;227;232m██[38;2;211;218;224m██[38;2;93;95;97m████[38;2;211;218;224m██[38;2;172;178;183m██[38;2;57;58;59m██[38;2;63;63;63m██[38;2;15;15;15m  [38;2;0;0;0m                
[38;2;0;0;0m        [38;2;9;7;5m  [38;2;37;30;23m    [38;2;9;7;5m  [38;2;41;34;27m██[38;2;149;150;151m██[38;2;177;180;182m██[38;2;177;180;183m██[38;2;82;75;68m██[38;2;10;8;6m  [38;2;37;30;23m                [38;2;27;22;17m  [38;2;0;0;0m          
[38;2;0;0;0m        [38;2;37;30;23m  [38;2;148;120;94m  [38;2;148;121;94m  [38;2;37;30;23m  [38;2;162;134;107m██[38;2;164;141;120m██[38;2;161;140;120m████[38;2;167;139;112m██[38;2;40;33;26m██[38;2;148;121;94m  [38;2;148;120;94m  [38;2;148;121;94m  [38;2;148;120;94m  [38;2;148;121;94m  [38;2;148;120;94m  [38;2;148;121;94m  [38;2;148;120;94m  [38;2;111;90;70m  [38;2;0;0;0m          
[38;2;0;0;0m        [38;2;37;30;23m  [38;2;148;121;94m  [38;2;149;121;94m  [38;2;148;121;94m  [38;2;40;33;26m██[38;2;162;134;107m██████[38;2;122;101;80m██[38;2;111;90;70m  [38;2;149;121;94m  [38;2;148;121;94m  [38;2;149;121;94m  [38;2;148;121;94m  [38;2;149;121;94m  [38;2;148;121;94m  [38;2;149;121;94m  [38;2;148;121;94m  [38;2;111;90;70m  [38;2;0;0;0m          
[38;2;0;0;0m        [38;2;37;30;23m  [38;2;148;120;94m  [38;2;148;121;94m  [38;2;148;120;94m  [38;2;93;76;59m  [38;2;131;108;86m██[38;2;162;134;107m████[38;2;58;47;37m  [38;2;139;113;88m  [38;2;121;98;76m  [38;2;37;30;23m  [38;2;148;121;94m  [38;2;148;120;94m  [38;2;148;121;94m  [38;2;148;120;94m  [38;2;148;121;94m  [38;2;148;120;94m  [38;2;111;90;70m  [38;2;0;0;0m          
[38;2;0;0;0m        [38;2;37;30;23m  [38;2;148;121;94m  [38;2;149;121;94m  [38;2;148;121;94m  [38;2;111;90;70m  [38;2;121;100;80m██[38;2;162;134;107m████[38;2;37;30;23m  [38;2;121;98;76m  [38;2;86;99;61m██[38;2;171;200;117m██[38;2;59;61;36m  [38;2;139;113;88m  [38;2;149;121;94m  [38;2;148;121;94m  [38;2;149;121;94m  [38;2;148;121;94m  [38;2;111;90;70m  [38;2;0;0;0m          
[38;2;0;0;0m        [38;2;37;30;23m  [38;2;148;120;94m  [38;2;148;121;94m  [38;2;148;120;94m  [38;2;111;90;70m  [38;2;121;100;80m██[38;2;162;134;107m████[38;2;37;30;23m    [38;2;204;232;140m██[38;2;178;212;122m██[38;2;114;138;78m██[38;2;111;90;70m  [38;2;148;121;94m  [38;2;148;120;94m  [38;2;148;121;94m  [38;2;65;52;41m  [38;2;27;24;17m  [38;2;0;0;0m  [38;2;0;3;0m    [38;2;160;164;166m██[38;2;40;41;41m  
[38;2;0;0;0m        [38;2;37;30;23m  [38;2;148;121;94m  [38;2;149;121;94m  [38;2;148;121;94m  [38;2;111;90;70m  [38;2;121;100;80m██[38;2;153;125;98m██[38;2;155;127;100m██[38;2;37;30;23m  [38;2;148;121;94m  [38;2;58;56;35m  [38;2;114;136;77m██[38;2;65;52;41m  [38;2;148;121;94m  [38;2;149;121;94m  [38;2;121;98;76m  [38;2;99;83;68m  [38;2;207;207;207m██[38;2;201;202;203m██[38;2;54;58;57m██[38;2;231;234;236m██[38;2;207;207;207m██[38;2;120;123;124m  [38;2;0;0;0m  
[38;2;0;0;0m        [38;2;37;30;23m  [38;2;148;120;94m  [38;2;148;121;94m  [38;2;148;120;94m  [38;2;111;90;70m  [38;2;121;100;80m██[38;2;153;125;98m██[38;2;148;120;93m██[38;2;37;30;23m  [38;2;148;120;94m  [38;2;139;113;88m  [38;2;111;90;70m  [38;2;148;121;94m  [38;2;148;120;94m  [38;2;121;98;76m  [38;2;152;151;149m  [38;2;198;200;201m██[38;2;222;227;232m██[38;2;57;58;59m██[38;2;197;199;200m██[38;2;207;207;207m██[38;2;15;15;15m  [38;2;0;0;0m    
[38;2;0;0;0m        [38;2;37;30;23m  [38;2;148;121;94m  [38;2;149;121;94m  [38;2;148;121;94m  [38;2;111;90;70m  [38;2;112;91;71m██[38;2;147;119;92m██[38;2;143;115;88m██[38;2;37;30;23m  [38;2;148;121;94m  [38;2;139;113;88m  [38;2;65;65;43m  [38;2;121;98;76m    [38;2;78;74;70m██[38;2;179;182;185m██[38;2;155;156;157m██[38;2;22;21;19m██[38;2;111;90;70m  [38;2;0;0;0m          
[38;2;0;0;0m        [38;2;37;30;23m  [38;2;148;120;94m  [38;2;148;121;94m  [38;2;148;120;94m  [38;2;111;90;70m  [38;2;106;85;65m██[38;2;143;115;88m██[38;2;138;110;83m██[38;2;37;30;23m  [38;2;148;120;94m  [38;2;139;113;88m  [38;2;65;65;43m  [38;2;121;98;76m  [38;2;37;30;23m  [38;2;166;139;114m██[38;2;158;137;117m██[38;2;144;121;99m██[38;2;40;33;26m██[38;2;111;90;70m  [38;2;0;0;0m          
[38;2;9;11;6m  [38;2;150;175;104m██[38;2;198;227;140m██[38;2;78;92;55m██[38;2;37;30;23m  [38;2;148;121;94m  [38;2;95;78;61m  [38;2;48;41;34m██[38;2;87;72;57m  [38;2;108;87;67m██[38;2;139;111;84m████[38;2;37;30;23m  [38;2;121;98;76m    [38;2;148;121;94m  [38;2;149;121;94m  [38;2;148;121;94m  [38;2;42;35;28m██[38;2;164;136;109m██[38;2;122;101;80m██[38;2;111;90;70m    [38;2;0;0;0m          
[38;2;39;47;26m██[38;2;156;190;104m██[38;2;166;199;112m██[38;2;158;192;108m██[38;2;37;30;23m  [38;2;65;52;41m  [38;2;156;134;112m██[38;2;161;133;106m██[38;2;93;77;62m██[38;2;120;99;79m██[38;2;139;111;84m████[38;2;41;42;39m  [38;2;118;100;84m  [38;2;75;58;41m  [38;2;121;98;76m  [38;2;148;121;94m  [38;2;148;120;94m  [38;2;40;33;26m██[38;2;162;134;107m██[38;2;121;100;80m██[38;2;111;90;70m    [38;2;0;0;0m          
[38;2;0;0;0m    [38;2;117;142;80m████[38;2;37;30;23m    [38;2;156;133;112m██[38;2;112;95;78m██[38;2;164;136;109m██[38;2;121;109;97m██[38;2;112;99;88m██[38;2;184;156;129m██[38;2;145;128;111m██[38;2;155;132;110m██[38;2;88;67;47m██[38;2;111;90;70m  [38;2;149;121;94m  [38;2;148;121;94m  [38;2;40;33;26m██[38;2;157;129;102m██[38;2;108;87;66m██[38;2;111;90;70m    [38;2;0;0;0m          
[38;2;0;0;0m        [38;2;37;30;23m  [38;2;121;98;76m  [38;2;48;41;34m██[38;2;112;94;78m██[38;2;152;124;97m██[38;2;111;98;87m██[38;2;97;90;84m████[38;2;114;91;69m██[38;2;94;81;70m██[38;2;59;52;48m██[38;2;111;90;70m  [38;2;121;98;76m  [38;2;37;30;23m  [38;2;36;31;22m██[38;2;153;125;98m██[38;2;108;87;66m██[38;2;111;90;70m    [38;2;0;0;0m          
[38;2;0;0;0m        [38;2;27;22;17m  [38;2;64;54;44m  [38;2;167;139;112m██[38;2;113;100;89m██[38;2;97;90;84m██[38;2;115;97;80m██[38;2;120;99;79m██[38;2;119;98;78m██[38;2;84;76;70m██[38;2;113;90;69m██[38;2;120;92;65m██[38;2;52;40;28m██[38;2;40;33;26m██[38;2;167;139;112m██[38;2;88;79;69m██[38;2;134;107;82m██[38;2;108;86;66m██[38;2;34;29;24m██[38;2;22;16;11m  [38;2;0;0;0m          
[38;2;0;0;0m        [38;2;0;1;0m  [38;2;69;66;58m██[38;2;95;88;82m██[38;2;167;144;122m██[38;2;186;158;131m██[38;2;163;140;118m██[38;2;162;140;120m████[38;2;174;146;119m██[38;2;142;114;87m██[38;2;130;102;75m██[38;2;120;92;65m██[38;2;69;61;55m██[38;2;137;109;82m██[38;2;176;149;124m██[38;2;175;149;123m██[38;2;169;142;117m██[38;2;134;107;82m██[38;2;88;67;47m██[38;2;0;0;0m          
[38;2;0;0;0m        [38;2;82;92;68m██[38;2;236;238;233m██[38;2;105;105;106m██[38;2;187;177;145m██[38;2;155;145;113m██[38;2;119;116;116m██[38;2;61;61;63m██[38;2;146;130;116m██[38;2;162;140;120m██[38;2;104;92;83m██[38;2;135;107;80m██[38;2;120;92;65m██[38;2;100;82;65m██[38;2;100;82;66m██[38;2;105;84;64m████████[38;2;25;20;15m  [38;2;0;0;0m          
[38;2;0;0;0m        [38;2;167;195;124m██[38;2;127;131;117m██[38;2;140;171;112m██[38;2;163;193;113m██[38;2;166;196;111m██[38;2;201;215;173m██[38;2;203;203;204m██[38;2;216;215;211m██[38;2;186;180;171m██[38;2;134;108;83m██[38;2;118;122;100m██[38;2;117;137;80m██[38;2;134;111;90m██[38;2;125;139;83m██[38;2;158;186;115m██[38;2;149;151;113m██[38;2;106;121;77m██[38;2;106;117;90m██[38;2;90;107;57m██[38;2;0;0;0m          
[38;2;0;0;0m        [38;2;12;12;10m  [38;2;203;204;188m██[38;2;98;100;81m██[38;2;123;142;92m██[38;2;150;161;115m██[38;2;164;184;131m██[38;2;177;196;122m██[38;2;125;137;99m██[38;2;151;162;127m██[38;2;190;220;132m██[38;2;152;188;96m██[38;2;122;148;79m██[38;2;143;117;90m██[38;2;156;143;110m██[38;2;134;148;113m██[38;2;189;190;174m██[38;2;167;164;122m██[38;2;178;186;174m██[38;2;40;44;40m  [38;2;0;0;0m          
[38;2;0;0;0m        [38;2;36;30;25m  [38;2;131;126;121m██[38;2;113;102;93m██[38;2;111;95;97m██[38;2;101;93;90m██[38;2;151;127;117m██[38;2;188;177;173m██[38;2;207;205;206m██[38;2;83;91;71m██[38;2;150;185;99m██[38;2;117;147;87m██[38;2;113;96;69m██[38;2;101;90;82m██[38;2;127;139;92m██[38;2;180;206;139m██[38;2;186;150;147m██[38;2;188;130;150m██[38;2;181;129;144m██[38;2;100;114;100m██[38;2;0;2;0m  [38;2;0;0;0m        
[38;2;0;0;0m  [38;2;37;42;26m    [38;2;0;0;0m  [38;2;26;20;15m  [38;2;147;125;104m██[38;2;170;142;115m██[38;2;169;141;114m██[38;2;179;152;125m██[38;2;118;105;94m██[38;2;97;90;84m████[38;2;170;142;115m██[38;2;124;135;80m██[38;2;109;86;64m██[38;2;119;90;64m██[38;2;74;77;72m██[38;2;156;182;119m██[38;2;177;160;146m██[38;2;176;192;126m██[38;2;154;166;102m██[38;2;180;193;167m██[38;2;87;106;60m  [38;2;0;0;0m          
[38;2;0;0;0m  [38;2;124;149;86m██[38;2;185;212;131m██[38;2;37;42;26m  [38;2;28;22;17m  [38;2;40;33;28m  [38;2;101;92;84m██[38;2;145;121;92m██[38;2;167;151;115m██[38;2;149;121;94m██[38;2;153;125;98m██[38;2;151;123;96m██[38;2;97;85;73m██[38;2;128;100;73m██[38;2;79;71;65m██[38;2;89;76;65m██[38;2;75;70;66m██[38;2;84;82;71m██[38;2;110;89;62m██[38;2;127;110;72m██[38;2;99;80;57m██[38;2;28;35;22m██[38;2;83;68;52m  [38;2;0;0;0m          
[38;2;0;0;0m    [38;2;117;142;77m██[38;2;29;35;19m  [38;2;37;30;23m  [38;2;65;52;41m  [38;2;77;61;48m██[38;2;100;97;84m██[38;2;117;99;79m██[38;2;147;128;101m██[38;2;148;136;99m██[38;2;127;103;73m██[38;2;106;85;65m██[38;2;65;65;65m██[38;2;77;59;42m  [38;2;46;44;42m  [38;2;118;90;63m████[38;2;46;43;42m  [38;2;37;30;23m  [38;2;65;52;41m  [38;2;148;121;94m  [38;2;111;90;70m  [38;2;148;170;105m██[38;2;195;224;137m██[38;2;76;90;52m██[38;2;0;0;0m    
[38;2;0;0;0m        [38;2;37;30;23m  [38;2;148;120;94m  [38;2;111;90;70m    [38;2;38;32;28m██[38;2;120;98;71m██[38;2;29;22;15m██[38;2;30;23;16m██[38;2;76;69;65m██[38;2;28;28;28m██[38;2;121;98;76m    [38;2;29;22;15m████[38;2;121;98;76m  [38;2;148;120;94m  [38;2;148;121;94m  [38;2;148;120;94m  [38;2;57;58;37m  [38;2;154;185;104m██[38;2;163;196;110m██[38;2;156;190;104m██[38;2;0;0;0m    
[38;2;0;0;0m                            [38;2;12;14;8m  [38;2;49;56;35m██[38;2;0;0;0m              [38;2;87;106;60m  [38;2;117;142;80m██[38;2;29;35;20m  [38;2;0;0;0m    
[38;2;0;0;0m                            [38;2;49;56;35m██[38;2;174;206;121m██[38;2;0;0;0m                        [0m
