
[38;2;0;0;0m    [38;2;0;1;0m  [38;2;54;27;53m  [38;2;63;49;62m██[38;2;63;49;63m██[38;2;63;47;61m██[38;2;1;1;1m  [38;2;0;0;0m                  
[38;2;0;0;0m  [38;2;151;69;150m  [38;2;191;87;189m██[38;2;245;110;243m██[38;2;255;153;251m██[38;2;255;186;253m██[38;2;226;158;219m██[38;2;45;56;67m██[38;2;0;3;0m  [38;2;0;2;0m  [38;2;0;0;0m              
[38;2;13;6;13m  [38;2;203;89;202m██[38;2;255;115;253m██[38;2;214;104;213m██[38;2;207;127;200m██[38;2;207;149;207m██[38;2;165;126;166m██[38;2;249;178;250m██[38;2;255;186;254m██[38;2;248;177;249m██[38;2;63;39;63m██[38;2;0;1;0m  [38;2;0;0;0m          
[38;2;52;24;54m██[38;2;204;81;209m██[38;2;209;102;207m██[38;2;72;66;72m██[38;2;120;79;119m██[38;2;207;102;206m██[38;2;228;166;228m██[38;2;254;184;254m██[38;2;255;185;254m██[38;2;254;184;251m██[38;2;254;173;253m██[38;2;185;85;184m██[38;2;47;27;53m  [38;2;0;0;0m        
[38;2;52;24;54m██[38;2;206;81;209m██[38;2;153;75;155m██[38;2;191;86;195m██[38;2;185;90;173m██[38;2;198;99;195m██[38;2;255;138;253m██[38;2;255;168;253m██[38;2;255;169;253m██[38;2;255;167;250m██[38;2;255;115;253m██[38;2;254;116;253m██[38;2;203;96;209m██[38;2;42;20;43m  [38;2;0;0;0m      
[38;2;52;24;54m██[38;2;211;81;209m██[38;2;110;71;117m██[38;2;239;110;239m██[38;2;239;104;227m██[38;2;210;102;208m██[38;2;255;116;253m██[38;2;255;117;253m████[38;2;255;118;253m████[38;2;255;117;253m██[38;2;247;109;246m██[38;2;170;70;175m██[38;2;0;1;0m  [38;2;0;0;0m    
[38;2;52;24;54m██[38;2;200;81;206m██[38;2;127;81;126m██[38;2;93;72;93m██[38;2;207;102;206m██[38;2;236;104;225m██[38;2;255;116;253m██[38;2;255;118;253m██[38;2;184;96;182m██[38;2;66;65;66m██[38;2;106;72;101m██[38;2;125;81;125m██[38;2;255;118;253m██[38;2;171;78;176m██[38;2;64;29;66m██[38;2;0;0;0m    
[38;2;13;6;13m  [38;2;169;69;174m██[38;2;127;81;126m██[38;2;214;104;213m██[38;2;146;63;76m██[38;2;103;66;86m██[38;2;255;115;253m████[38;2;255;117;253m██[38;2;207;101;204m██[38;2;148;75;129m██[38;2;255;115;253m██[38;2;255;118;253m██[38;2;85;67;86m██[38;2;166;68;171m██[38;2;0;2;0m  [38;2;0;0;0m  
[38;2;0;1;0m  [38;2;158;65;163m██[38;2;156;76;160m██[38;2;227;107;225m██[38;2;172;62;79m██[38;2;106;63;73m██[38;2;97;63;72m██[38;2;98;63;72m██[38;2;236;111;230m██[38;2;207;102;206m██[38;2;234;109;232m██[38;2;255;115;253m██[38;2;255;118;253m██[38;2;180;79;185m██[38;2;156;76;160m██[38;2;0;3;0m  [38;2;0;0;0m  
[38;2;0;0;0m  [38;2;39;18;40m  [38;2;202;88;206m██[38;2;248;113;246m██[38;2;172;62;79m██[38;2;193;59;89m██[38;2;166;63;77m██[38;2;168;63;77m██[38;2;125;71;96m██[38;2;134;65;71m██[38;2;171;94;170m██[38;2;255;117;253m██[38;2;255;118;253m██[38;2;109;70;111m██[38;2;87;41;90m██[38;2;0;0;0m    
[38;2;0;0;0m  [38;2;0;3;0m  [38;2;255;115;253m██[38;2;255;118;253m██[38;2;169;62;77m██[38;2;183;75;90m██[38;2;255;121;139m██[38;2;255;122;139m██[38;2;183;76;90m██[38;2;158;66;79m██[38;2;255;116;253m██[38;2;254;117;253m██[38;2;174;80;178m██[38;2;0;3;0m  [38;2;0;0;0m      
[38;2;0;0;0m  [38;2;0;3;0m  [38;2;255;115;253m██[38;2;255;118;253m██[38;2;202;87;156m██[38;2;246;116;134m██[38;2;255;121;139m██[38;2;255;123;139m██[38;2;200;97;113m██[38;2;230;102;209m██[38;2;255;116;253m██[38;2;238;110;236m██[38;2;24;13;25m  [38;2;0;0;0m        
[38;2;0;0;0m  [38;2;0;2;0m  [38;2;211;97;210m██[38;2;255;118;253m██[38;2;226;101;201m██[38;2;160;64;77m██[38;2;230;107;123m██[38;2;230;108;122m██[38;2;206;102;159m██[38;2;209;85;178m██[38;2;253;117;252m██[38;2;176;81;173m  [38;2;0;1;0m  [38;2;0;0;0m  [38;2;0;1;0m  [38;2;0;0;0m    
[38;2;0;0;0m    [38;2;82;40;81m██[38;2;255;118;253m████[38;2;232;103;212m██[38;2;230;102;208m████[38;2;160;89;159m██[38;2;255;118;253m██[38;2;180;88;180m██[38;2;7;3;0m  [38;2;0;0;0m  [38;2;28;30;28m  [38;2;103;110;116m██[38;2;32;38;42m  [38;2;0;0;0m  
[38;2;0;0;0m    [38;2;40;22;42m  [38;2;211;105;219m██[38;2;255;117;253m████[38;2;234;111;232m██[38;2;116;78;115m██[38;2;255;118;253m██[38;2;202;95;204m██[38;2;41;34;43m██[38;2;0;0;0m  [38;2;0;2;0m  [38;2;229;230;233m██[38;2;112;116;123m██[38;2;204;205;205m██[38;2;67;70;67m██
[38;2;0;0;0m    [38;2;0;1;0m  [38;2;163;70;168m██[38;2;216;90;219m██[38;2;250;108;251m██[38;2;154;88;154m██[38;2;253;114;251m██[38;2;213;90;217m██[38;2;66;42;66m██[38;2;22;13;21m  [38;2;0;0;0m  [38;2;36;42;49m  [38;2;116;125;136m██[38;2;198;201;206m██[38;2;177;179;183m██[38;2;32;37;38m██
[38;2;0;0;0m      [38;2;0;3;0m  [38;2;203;81;208m██[38;2;154;85;164m██[38;2;146;74;148m██[38;2;205;81;209m██[38;2;133;73;136m██[38;2;145;66;149m  [38;2;2;2;0m  [38;2;1;3;2m  [38;2;55;64;75m██[38;2;78;89;104m██[38;2;67;74;88m██[38;2;48;54;63m  [38;2;0;0;0m  
[38;2;0;0;0m      [38;2;127;53;131m  [38;2;203;81;208m██[38;2;78;66;78m██[38;2;201;81;206m██[38;2;203;81;208m██[38;2;132;73;136m██[38;2;0;3;0m  [38;2;0;1;0m  [38;2;60;69;82m██[38;2;79;89;104m██[38;2;19;25;26m██[38;2;6;8;8m  [38;2;0;0;0m    
[38;2;0;0;0m  [38;2;33;21;38m  [38;2;112;54;118m██[38;2;207;83;211m██[38;2;203;81;208m██[38;2;200;81;206m██[38;2;99;69;101m████[38;2;183;79;188m██[38;2;195;80;201m██[38;2;67;47;75m██[38;2;52;71;90m  [38;2;0;3;0m  [38;2;0;0;0m        
[38;2;0;1;0m  [38;2;73;37;74m██[38;2;212;95;218m██[38;2;203;83;208m██[38;2;50;23;52m██[38;2;50;23;51m██[38;2;201;81;207m██[38;2;240;106;240m██[38;2;206;92;207m██[38;2;82;63;105m██[38;2;199;84;202m██[38;2;3;4;0m  [38;2;0;0;0m          
[38;2;0;0;0m  [38;2;4;4;0m  [38;2;4;5;0m  [38;2;0;3;0m  [38;2;0;0;0m    [38;2;84;40;84m  [38;2;249;116;246m██[38;2;243;111;243m██[38;2;145;60;149m  [38;2;5;4;0m  [38;2;0;0;0m            
[38;2;0;0;0m            [38;2;0;3;3m  [38;2;57;30;56m  [38;2;52;31;59m██[38;2;0;0;0m                [0m
