
[38;2;0;0;0m      [38;2;1;1;1m  [38;2;44;33;9m  [38;2;0;0;0m                    [38;2;5;4;2m  [38;2;29;21;6m  [38;2;0;0;0m                
[38;2;1;1;1m    [38;2;0;0;0m  [38;2;5;5;5m  [38;2;154;111;24m██[38;2;5;5;5m  [38;2;0;0;0m                [38;2;3;3;3m  [38;2;20;16;8m██[38;2;101;73;17m██[38;2;0;0;0m    [38;2;4;4;4m  [38;2;0;0;0m          
[38;2;65;48;13m██[38;2;56;41;12m██[38;2;0;0;0m    [38;2;55;40;11m  [38;2;100;84;31m██[38;2;57;50;21m  [38;2;0;0;0m            [38;2;4;3;2m  [38;2;91;79;32m██[38;2;145;104;23m  [38;2;1;1;1m  [38;2;0;0;0m  [38;2;4;4;4m  [38;2;199;142;29m██[38;2;2;2;2m  [38;2;0;0;0m        
[38;2;9;7;3m  [38;2;166;119;25m██[38;2;4;4;4m  [38;2;0;0;0m    [38;2;32;29;14m  [38;2;180;159;73m██[38;2;11;11;11m  [38;2;3;3;3m  [38;2;0;0;0m      [38;2;6;6;6m  [38;2;62;61;59m██[38;2;137;120;46m██[38;2;0;0;0m      [38;2;128;92;20m  [38;2;30;23;8m  [38;2;0;0;0m          
[38;2;0;0;0m  [38;2;5;5;5m  [38;2;204;167;54m  [38;2;21;19;9m  [38;2;0;0;0m    [38;2;5;5;5m  [38;2;138;121;46m██[38;2;136;98;22m██[38;2;0;0;0m    [38;2;6;6;6m  [38;2;192;149;42m██[38;2;6;6;6m  [38;2;1;1;1m  [38;2;0;0;0m  [38;2;1;1;1m  [38;2;122;105;40m  [38;2;97;79;27m██[38;2;0;0;0m            
[38;2;0;0;0m    [38;2;36;33;25m██[38;2;19;19;17m██[38;2;0;0;0m      [38;2;6;6;6m  [38;2;136;98;22m██[38;2;0;0;0m    [38;2;6;6;6m  [38;2;119;86;19m██[38;2;0;0;0m      [38;2;4;4;4m  [38;2;70;68;61m██[38;2;7;6;3m  [38;2;0;0;0m            
[38;2;0;0;0m    [38;2;39;29;8m  [38;2;221;175;51m██[38;2;5;5;5m  [38;2;27;27;27m  [38;2;66;54;30m██[38;2;219;156;31m██[38;2;4;4;4m  [38;2;0;0;0m      [38;2;119;86;20m██[38;2;113;82;19m██[38;2;34;34;34m  [38;2;3;3;3m  [38;2;144;115;36m██[38;2;111;80;18m  [38;2;1;1;1m  [38;2;0;0;0m            
[38;2;0;0;0m    [38;2;2;2;2m  [38;2;187;134;27m  [38;2;228;163;32m██[38;2;41;31;11m██[38;2;93;68;17m██[38;2;228;163;33m██[38;2;138;99;22m██[38;2;10;10;9m████[38;2;9;10;9m██[38;2;229;164;33m██[38;2;223;160;33m██[38;2;11;9;7m██[38;2;230;164;32m██[38;2;226;162;32m██[38;2;6;6;6m  [38;2;0;0;0m              
[38;2;0;0;0m      [38;2;2;2;2m  [38;2;38;28;8m  [38;2;106;77;18m██[38;2;134;118;69m██[38;2;71;72;69m██[38;2;198;186;110m██[38;2;213;218;156m██[38;2;215;219;157m██[38;2;197;203;144m██[38;2;160;150;89m██[38;2;126;130;99m██[38;2;122;92;33m██[38;2;100;73;17m  [38;2;3;3;3m  [38;2;0;0;0m                
[38;2;0;0;0m          [38;2;18;19;15m  [38;2;170;179;125m██[38;2;90;91;86m██[38;2;215;219;157m████[38;2;174;183;127m██[38;2;136;149;99m██[38;2;213;217;155m██[38;2;214;218;156m██[38;2;95;99;71m██[38;2;0;0;0m                    
[38;2;0;0;0m      [38;2;3;3;3m  [38;2;111;117;82m██[38;2;165;173;121m██[38;2;91;93;80m██[38;2;161;169;138m██[38;2;215;218;157m██[38;2;215;219;157m██[38;2;177;185;139m██[38;2;172;181;146m██[38;2;132;139;100m██[38;2;189;196;139m██[38;2;215;219;157m██[38;2;129;131;94m  [38;2;4;4;4m  [38;2;0;0;0m                
[38;2;0;0;0m        [38;2;5;5;5m    [38;2;80;80;72m██[38;2;213;217;159m██[38;2;214;219;157m██[38;2;208;213;152m██[38;2;100;100;100m██[38;2;247;247;247m██[38;2;153;164;109m██[38;2;55;55;55m  [38;2;82;86;61m  [38;2;181;184;132m████[38;2;5;5;5m  [38;2;0;0;0m              
[38;2;0;0;0m          [38;2;4;4;4m  [38;2;141;145;103m██[38;2;205;210;150m██[38;2;214;219;157m██[38;2;203;208;148m██[38;2;151;154;111m██[38;2;223;226;183m██[38;2;136;142;106m██[38;2;6;6;6m  [38;2;1;1;1m  [38;2;2;2;2m    [38;2;0;0;0m          [38;2;4;4;4m  [38;2;0;0;0m    
[38;2;0;0;0m          [38;2;6;6;6m  [38;2;203;201;144m██[38;2;160;92;64m██[38;2;126;117;94m██[38;2;212;216;155m██[38;2;210;215;153m██[38;2;174;183;128m██[38;2;140;142;111m██[38;2;54;55;41m  [38;2;0;0;0m          [38;2;1;1;1m  [38;2;40;40;36m  [38;2;92;92;83m██[38;2;113;113;102m██[38;2;1;1;1m  [38;2;0;0;0m  
[38;2;0;0;0m        [38;2;1;1;1m  [38;2;159;158;142m  [38;2;115;88;71m██[38;2;156;81;56m██[38;2;118;75;60m██[38;2;176;183;130m██[38;2;179;187;131m██[38;2;92;94;81m██[38;2;197;201;146m██[38;2;210;214;154m██[38;2;3;3;3m  [38;2;0;0;0m      [38;2;3;3;3m  [38;2;169;171;128m██[38;2;219;218;196m██[38;2;238;237;213m████[38;2;131;133;96m  [38;2;1;1;1m  
[38;2;0;0;0m        [38;2;2;2;2m  [38;2;205;204;184m██[38;2;192;191;174m██[38;2;118;117;110m██[38;2;97;100;84m██[38;2;141;147;109m██[38;2;118;117;110m██[38;2;235;234;210m██[38;2;226;228;185m██[38;2;210;214;154m██[38;2;3;3;3m  [38;2;2;2;2m    [38;2;70;71;52m██[38;2;87;90;72m██[38;2;185;185;168m██[38;2;220;219;197m██[38;2;238;237;213m████[38;2;195;196;164m██[38;2;19;20;15m  
[38;2;0;0;0m        [38;2;2;2;2m  [38;2;205;204;184m██[38;2;238;237;213m████[38;2;210;209;189m████[38;2;238;237;213m████[38;2;226;228;185m██[38;2;211;215;154m██[38;2;29;29;29m  [38;2;149;156;110m██[38;2;181;184;132m██[38;2;215;219;157m██[38;2;210;215;154m██[38;2;191;194;142m██[38;2;126;127;107m██[38;2;238;237;213m██[38;2;224;226;180m██[38;2;214;219;157m██[38;2;61;62;45m██
[38;2;0;0;0m        [38;2;1;1;1m  [38;2;118;120;87m  [38;2;238;237;213m████████████[38;2;222;224;174m██[38;2;68;69;67m██[38;2;215;219;157m████[38;2;223;225;177m██[38;2;236;235;209m██[38;2;218;221;164m██[38;2;215;219;157m██[38;2;198;204;145m██[38;2;92;93;82m██[38;2;215;219;157m██[38;2;197;201;144m██[38;2;38;39;29m  
[38;2;0;0;0m          [38;2;6;6;6m  [38;2;238;237;213m████████████[38;2;147;149;115m██[38;2;201;205;149m██[38;2;215;219;157m██████[38;2;217;220;161m██[38;2;215;219;158m██[38;2;233;233;200m██[38;2;215;218;157m██[38;2;179;182;135m██[38;2;174;177;132m██[38;2;106;116;72m██[38;2;1;1;1m  
[38;2;0;0;0m          [38;2;3;3;3m  [38;2;162;164;127m██[38;2;227;228;187m██[38;2;238;237;213m████[38;2;227;228;187m██[38;2;215;219;157m██[38;2;131;134;105m██[38;2;215;219;156m██[38;2;215;219;157m████[38;2;214;219;157m██[38;2;215;219;157m██[38;2;216;217;171m██[38;2;216;216;176m██[38;2;188;195;135m██[38;2;183;186;135m██[38;2;14;14;14m  [38;2;3;3;3m  [38;2;0;0;0m  
[38;2;0;0;0m            [38;2;86;87;64m██[38;2;215;219;157m██████[38;2;214;218;157m██[38;2;71;71;69m██[38;2;195;196;167m██[38;2;215;219;157m██[38;2;214;218;157m██[38;2;132;146;90m██[38;2;214;218;157m██[38;2;219;212;208m██[38;2;230;227;211m██[38;2;222;223;195m██[38;2;184;191;132m██[38;2;214;218;156m██[38;2;68;69;51m  [38;2;0;0;0m    
[38;2;0;0;0m          [38;2;6;6;6m  [38;2;187;190;140m██[38;2;207;211;152m██[38;2;215;219;157m██[38;2;142;144;112m██[38;2;141;140;123m██[38;2;218;210;207m██[38;2;168;162;160m██[38;2;90;94;67m██[38;2;215;219;157m██[38;2;191;197;139m██[38;2;180;181;156m██[38;2;118;117;106m██[38;2;47;46;42m  [38;2;11;12;9m  [38;2;163;168;118m██[38;2;207;212;151m██[38;2;57;59;43m██[38;2;0;0;0m    
[38;2;0;0;0m            [38;2;81;83;60m  [38;2;203;207;148m██[38;2;6;6;6m  [38;2;155;163;114m  [38;2;126;132;101m██[38;2;71;72;69m██[38;2;39;39;38m██[38;2;174;183;128m██[38;2;214;219;157m██[38;2;215;219;157m██[38;2;94;96;69m██[38;2;0;0;0m      [38;2;136;139;100m  [38;2;183;191;134m██[38;2;78;79;59m██[38;2;15;15;14m  [38;2;0;0;0m  
[38;2;0;0;0m            [38;2;1;1;1m  [38;2;2;2;2m  [38;2;0;0;0m  [38;2;2;2;2m  [38;2;131;136;97m██[38;2;198;204;145m██[38;2;41;43;31m██[38;2;174;183;128m██[38;2;203;209;149m██[38;2;213;217;155m██[38;2;84;87;62m██[38;2;0;0;0m      [38;2;4;4;4m  [38;2;217;220;162m██[38;2;235;234;206m██[38;2;80;79;72m  [38;2;0;0;0m  
[38;2;0;0;0m                    [38;2;106;108;79m██[38;2;189;193;138m██[38;2;3;3;3m  [38;2;9;9;8m  [38;2;167;175;122m██[38;2;185;192;143m██[38;2;221;220;198m██[38;2;5;5;5m  [38;2;0;0;0m    [38;2;4;4;4m  [38;2;199;203;147m██[38;2;196;200;143m██[38;2;4;4;4m  [38;2;0;0;0m  
[38;2;0;0;0m                [38;2;1;1;1m  [38;2;43;43;43m  [38;2;89;89;80m██[38;2;9;9;8m██[38;2;0;0;0m    [38;2;119;121;87m██[38;2;222;225;176m██[38;2;97;98;77m██[38;2;0;0;0m      [38;2;31;31;31m  [38;2;75;75;71m██[38;2;39;40;33m██[38;2;0;0;0m    
[38;2;0;0;0m                  [38;2;5;5;5m    [38;2;0;0;0m    [38;2;1;1;1m  [38;2;44;44;44m██[38;2;175;178;131m██[38;2;2;2;2m  [38;2;0;0;0m      [38;2;3;3;3m  [38;2;5;5;5m  [38;2;1;1;1m  [38;2;0;0;0m    
[38;2;0;0;0m                          [38;2;2;2;2m  [38;2;22;22;22m██[38;2;21;21;21m  [38;2;0;0;0m                  [0m
