
[38;2;0;0;0m          [38;2;6;8;1m  [38;2;49;55;19m██[38;2;51;60;19m██[38;2;11;13;4m  [38;2;0;0;0m              
[38;2;0;0;0m        [38;2;95;103;49m  [38;2;182;206;101m██[38;2;203;233;88m██[38;2;198;231;73m██[38;2;164;191;60m██[38;2;101;118;37m  [38;2;0;0;0m            
[38;2;0;0;0m      [38;2;58;68;21m  [38;2;228;249;115m██[38;2;229;249;114m██[38;2;230;249;114m██[38;2;198;230;73m██████[38;2;73;85;26m██[38;2;0;0;0m          
[38;2;0;0;0m      [38;2;191;223;70m██[38;2;218;242;98m██[38;2;231;249;114m██[38;2;213;239;91m██[38;2;198;231;73m████[38;2;197;231;73m██[38;2;198;231;73m██[38;2;0;0;0m          
[38;2;0;0;0m    [38;2;80;93;29m██[38;2;198;231;73m██[38;2;198;230;73m██[38;2;198;231;73m████[38;2;187;218;72m██[38;2;151;172;69m██[38;2;164;188;75m██[38;2;193;232;71m██[38;2;96;114;36m██[38;2;0;0;0m        
[38;2;0;0;0m    [38;2;80;93;29m██[38;2;198;231;73m██[38;2;198;230;73m██[38;2;198;231;73m██[38;2;198;230;73m██[38;2;101;104;90m██[38;2;48;45;44m██[38;2;173;182;156m██[38;2;87;91;58m██[38;2;80;97;31m██[38;2;0;0;0m        
[38;2;0;0;0m    [38;2;70;61;43m██[38;2;136;113;69m██[38;2;108;118;68m██[38;2;193;224;72m██[38;2;93;99;67m██[38;2;199;199;199m██[38;2;0;0;0m██[38;2;151;156;132m██[38;2;162;179;53m██[38;2;54;60;16m  [38;2;0;0;0m        
[38;2;0;0;0m  [38;2;191;147;57m  [38;2;238;184;73m██[38;2;247;190;73m██[38;2;119;111;75m██[38;2;170;190;53m██[38;2;160;177;53m██[38;2;77;76;77m██[38;2;60;59;60m██[38;2;162;180;53m██[38;2;169;187;52m██[38;2;0;0;0m          
[38;2;62;50;22m██[38;2;231;184;78m██[38;2;195;153;62m██[38;2;110;97;50m██[38;2;109;108;55m██[38;2;169;188;52m██████[38;2;170;188;52m██[38;2;152;161;58m██[38;2;80;52;24m██[38;2;0;0;0m          
[38;2;2;2;1m  [38;2;181;151;69m██[38;2;5;4;2m  [38;2;0;0;0m  [38;2;3;4;1m  [38;2;79;81;64m██[38;2;169;188;52m████[38;2;92;96;62m██[38;2;92;70;65m██[38;2;165;100;49m██[38;2;0;0;0m          
[38;2;0;0;0m        [38;2;50;58;18m  [38;2;86;91;102m██[38;2;76;78;84m████[38;2;85;89;99m██[38;2;72;73;77m██[38;2;162;98;49m██[38;2;91;54;25m██[38;2;0;0;0m        
[38;2;0;0;0m        [38;2;184;230;84m██[38;2;97;105;98m██[38;2;129;147;82m██[38;2;87;97;78m██[38;2;144;148;116m██[38;2;125;140;91m██[38;2;78;80;66m██[38;2;172;102;48m██[38;2;0;0;0m        
[38;2;0;0;0m      [38;2;128;128;128m  [38;2;207;209;74m██[38;2;226;198;78m██[38;2;160;159;76m██[38;2;183;179;187m██[38;2;183;188;175m██[38;2;152;174;70m██[38;2;140;159;69m██[38;2;142;91;52m██[38;2;128;69;32m  [38;2;0;0;0m      
[38;2;0;0;0m      [38;2;247;247;247m██[38;2;133;150;70m██[38;2;147;142;73m██[38;2;189;204;189m██[38;2;133;129;127m██[38;2;223;223;224m██[38;2;114;125;73m██[38;2;197;230;72m██[38;2;154;98;65m██[38;2;247;132;63m██[38;2;4;2;1m  [38;2;0;0;0m    
[38;2;0;0;0m    [38;2;58;58;58m  [38;2;251;251;251m██[38;2;133;136;139m██[38;2;180;180;180m██[38;2;168;172;176m██[38;2;253;151;68m██[38;2;201;161;100m██[38;2;143;142;143m██[38;2;196;219;72m██[38;2;130;115;66m██[38;2;255;137;65m██[38;2;103;55;26m██[38;2;0;0;0m    
[38;2;0;0;0m    [38;2;103;103;103m██[38;2;240;241;242m██[38;2;182;185;189m██[38;2;255;255;255m████[38;2;154;149;131m██[38;2;247;205;82m██[38;2;115;122;65m██[38;2;172;192;53m██[38;2;120;130;58m██[38;2;255;136;65m██[38;2;255;134;65m██[38;2;0;0;0m    
[38;2;0;0;0m    [38;2;93;92;93m██[38;2;90;96;106m██[38;2;255;255;255m████[38;2;237;237;237m██[38;2;218;216;214m██[38;2;142;129;83m██[38;2;140;155;57m██[38;2;168;187;52m██[38;2;145;130;65m██[38;2;255;136;65m██[38;2;255;134;65m██[38;2;130;70;33m  [38;2;0;0;0m  
[38;2;0;0;0m    [38;2;89;81;79m██[38;2;90;93;105m██[38;2;186;186;185m██[38;2;246;245;245m██[38;2;156;157;162m██[38;2;181;180;174m██[38;2;142;137;93m██[38;2;199;188;60m██[38;2;236;183;71m██[38;2;122;127;56m██[38;2;255;136;65m██[38;2;255;134;64m██[38;2;220;117;56m██[38;2;9;4;2m  
[38;2;0;0;0m    [38;2;57;41;33m██[38;2;83;85;89m██[38;2;147;121;105m██[38;2;240;157;115m██[38;2;156;109;86m██[38;2;160;142;127m██[38;2;161;143;70m██[38;2;204;188;61m██[38;2;218;181;72m██[38;2;45;41;17m  [38;2;93;50;23m██[38;2;255;134;65m████[38;2;71;37;18m██
[38;2;0;0;0m      [38;2;52;52;52m  [38;2;74;75;80m██[38;2;84;88;97m██[38;2;68;70;76m██[38;2;72;71;73m██[38;2;185;142;73m██[38;2;166;128;68m██[38;2;6;4;3m  [38;2;0;0;0m  [38;2;6;3;1m  [38;2;210;113;53m██[38;2;177;95;45m  [38;2;0;0;0m  
[38;2;0;0;0m      [38;2;144;142;144m  [38;2;139;119;121m██[38;2;139;90;53m██[38;2;60;43;31m██[38;2;0;0;1m  [38;2;111;67;36m██[38;2;16;12;11m  [38;2;0;0;0m            
[38;2;0;0;0m        [38;2;6;0;0m  [38;2;0;0;0m    [38;2;84;71;62m██[38;2;213;131;75m██[38;2;124;71;33m██[38;2;0;0;0m            
[38;2;0;0;0m              [38;2;69;66;66m██[38;2;45;31;30m██[38;2;43;23;11m  [38;2;0;0;0m            [0m
