
[38;2;5;6;11m  [38;2;20;24;44m    [38;2;3;4;7m  [38;2;6;8;15m  [38;2;20;24;44m  [38;2;12;15;27m  [38;2;14;24;49m  [38;2;8;10;18m  [38;2;20;24;44m                        [38;2;16;19;36m  [38;2;0;0;0m      
[38;2;19;23;43m  [38;2;75;91;166m  [38;2;75;90;166m  [38;2;13;16;29m  [38;2;37;60;119m  [38;2;66;80;147m  [38;2;46;56;102m  [38;2;55;91;184m██[38;2;31;38;69m  [38;2;75;91;166m  [38;2;75;90;166m  [38;2;16;19;35m  [38;2;75;90;166m  [38;2;74;91;166m  [38;2;75;90;166m  [38;2;71;86;158m  [38;2;49;60;110m  [38;2;68;83;152m  [38;2;14;18;33m  [38;2;74;91;166m  [38;2;75;90;166m  [38;2;61;74;136m  [38;2;0;0;0m      
[38;2;19;23;43m  [38;2;75;91;166m    [38;2;13;16;29m  [38;2;47;78;158m██[38;2;45;56;104m  [38;2;46;56;102m  [38;2;58;93;186m██[38;2;37;60;120m██[38;2;70;85;156m  [38;2;40;49;89m  [38;2;27;57;170m██[38;2;37;45;83m  [38;2;75;91;166m  [38;2;61;74;136m  [38;2;10;22;64m██[38;2;21;34;84m██[38;2;16;28;71m  [38;2;22;46;138m██[38;2;32;38;70m  [38;2;58;70;129m  [38;2;41;49;90m  [38;2;0;0;0m      
[38;2;2;3;5m  [38;2;60;73;134m  [38;2;75;91;165m  [38;2;66;81;147m  [38;2;26;43;87m██[38;2;8;14;28m██[38;2;71;86;157m  [38;2;14;20;39m  [38;2;58;96;193m██[38;2;19;16;31m  [38;2;40;49;89m  [38;2;27;57;170m██[38;2;37;45;83m  [38;2;75;91;166m  [38;2;34;41;76m  [38;2;29;59;168m██[38;2;42;59;125m██[38;2;25;54;159m██[38;2;41;51;98m  [38;2;9;12;22m  [38;2;19;37;107m  [38;2;19;41;123m  [38;2;0;0;0m      
[38;2;9;15;31m  [38;2;27;45;91m██[38;2;53;65;119m  [38;2;75;91;166m  [38;2;32;44;85m  [38;2;58;96;193m██[38;2;28;34;63m  [38;2;34;41;76m  [38;2;41;69;151m██[38;2;47;61;84m██[38;2;12;26;79m██[38;2;28;58;173m██[38;2;37;45;83m  [38;2;44;53;98m  [38;2;20;42;125m██[38;2;62;63;71m  [38;2;21;45;133m██[38;2;31;38;69m  [38;2;32;46;88m  [38;2;63;79;121m██[38;2;36;42;64m██[38;2;32;31;54m  [38;2;0;0;0m      
[38;2;0;0;0m  [38;2;48;79;159m██[38;2;42;68;137m  [38;2;4;6;11m  [38;2;49;60;109m  [38;2;53;87;176m██[38;2;37;61;122m  [38;2;68;82;150m  [38;2;10;21;70m██[38;2;46;71;116m██[38;2;36;42;79m██[38;2;2;4;13m██[38;2;72;87;160m  [38;2;0;1;3m██[38;2;46;61;119m██[38;2;30;59;167m██[38;2;48;65;114m██[38;2;10;14;29m  [38;2;60;99;199m██[38;2;4;6;13m██[38;2;47;58;106m  [38;2;61;74;136m  [38;2;0;0;0m      
[38;2;19;23;43m  [38;2;43;53;96m  [38;2;41;68;138m██[38;2;57;82;147m██[38;2;44;54;85m██[38;2;63;83;129m██[38;2;38;70;148m██[38;2;37;46;84m  [38;2;32;74;90m██[38;2;65;177;221m██[38;2;53;98;115m██[38;2;30;32;33m██[38;2;35;66;96m  [38;2;54;146;183m  [38;2;45;64;112m██[38;2;57;74;125m██[38;2;58;91;174m██[38;2;64;87;140m██[38;2;34;47;89m  [38;2;75;91;166m    [38;2;61;74;136m  [38;2;0;0;0m      
[38;2;19;23;43m  [38;2;75;91;166m  [38;2;52;63;116m  [38;2;54;61;91m██[38;2;54;127;220m██[38;2;60;186;234m██[38;2;53;82;96m██[38;2;58;179;224m██[38;2;45;64;114m██[38;2;62;63;71m██[38;2;42;53;123m██[38;2;66;177;221m██[38;2;65;121;145m██[38;2;65;64;65m████[38;2;50;97;211m██[38;2;41;86;148m██[38;2;14;9;16m  [38;2;75;91;166m      [38;2;61;74;136m  [38;2;0;0;0m      
[38;2;19;23;43m  [38;2;75;91;166m    [38;2;46;57;105m  [38;2;35;43;71m  [38;2;55;102;159m██[38;2;42;94;154m██[38;2;46;96;157m██[38;2;49;70;117m██[38;2;58;65;73m██[38;2;44;65;139m██[38;2;46;115;196m██[38;2;54;92;197m██[38;2;62;102;205m██[38;2;67;143;212m██[38;2;46;62;101m██[38;2;22;47;62m██[38;2;46;52;96m  [38;2;75;91;166m      [38;2;61;74;136m  [38;2;0;0;0m      
[38;2;19;23;43m  [38;2;75;91;166m    [38;2;70;86;156m  [38;2;25;34;60m  [38;2;14;17;31m  [38;2;37;62;130m██[38;2;35;76;179m██[38;2;42;91;205m██[38;2;47;97;205m██[38;2;60;103;204m██[38;2;60;104;203m██[38;2;53;79;135m██[38;2;12;7;12m  [38;2;23;42;51m  [38;2;9;11;20m  [38;2;75;91;166m          [38;2;61;74;136m  [38;2;0;0;0m      
[38;2;19;23;43m  [38;2;75;91;166m    [38;2;13;16;29m  [38;2;31;118;150m██[38;2;28;42;71m  [38;2;31;47;96m  [38;2;59;99;202m██[38;2;65;148;217m████[38;2;42;123;189m██[38;2;45;118;199m██[38;2;33;86;105m██[38;2;30;37;67m  [38;2;34;69;97m  [38;2;75;91;166m    [38;2;74;90;166m  [38;2;75;91;166m      [38;2;61;74;136m  [38;2;0;0;0m      
[38;2;19;23;43m  [38;2;75;91;165m  [38;2;75;91;166m  [38;2;75;91;165m  [38;2;19;47;62m  [38;2;41;126;154m██[38;2;63;81;129m██[38;2;66;172;223m██[38;2;61;121;148m██[38;2;73;82;91m██[38;2;63;81;129m██[38;2;59;134;163m██[38;2;62;125;149m██[38;2;66;179;224m██[38;2;32;78;101m  [38;2;75;91;166m  [38;2;74;91;166m  [38;2;75;91;165m  [38;2;75;91;166m  [38;2;75;91;165m  [38;2;74;91;166m  [38;2;61;74;136m  [38;2;0;0;0m  [38;2;24;24;24m  [38;2;0;0;0m  
[38;2;19;23;43m  [38;2;74;91;166m  [38;2;75;91;166m  [38;2;75;91;165m  [38;2;50;61;113m  [38;2;37;82;154m██[38;2;63;121;210m██[38;2;53;98;124m██[38;2;78;132;153m██[38;2;216;249;251m██[38;2;86;136;193m██[38;2;59;186;237m██[38;2;61;164;207m██[38;2;49;139;176m██[38;2;40;49;89m  [38;2;75;91;166m    [38;2;75;91;165m    [38;2;75;91;166m    [38;2;61;74;136m  [38;2;0;0;0m  [38;2;181;181;181m██[38;2;0;0;0m  
[38;2;19;23;43m  [38;2;75;90;166m  [38;2;74;91;166m  [38;2;75;91;166m  [38;2;15;30;69m██[38;2;59;73;127m██[38;2;67;180;225m██[38;2;72;128;226m██[38;2;96;142;226m██[38;2;100;144;226m██[38;2;63;153;189m██[38;2;46;125;156m██[38;2;22;30;42m  [38;2;16;19;35m  [38;2;75;91;166m          [38;2;72;88;161m  [38;2;59;72;132m  [38;2;57;68;117m  [38;2;177;177;177m██[38;2;172;172;173m██[38;2;0;0;0m  
[38;2;19;23;43m  [38;2;75;91;166m      [38;2;38;49;98m  [38;2;28;48;144m██[38;2;69;183;226m██[38;2;22;61;76m██[38;2;32;62;75m██[38;2;53;83;95m██[38;2;39;113;140m██[38;2;10;38;48m██[38;2;65;78;143m  [38;2;75;91;166m            [38;2;24;39;61m  [38;2;47;133;170m██[38;2;67;115;136m██[38;2;232;232;232m██[38;2;160;163;166m██[38;2;32;33;33m  
[38;2;19;23;43m  [38;2;75;91;166m  [38;2;74;91;166m  [38;2;75;91;166m  [38;2;74;91;166m  [38;2;27;33;61m  [38;2;20;24;44m  [38;2;69;84;153m  [38;2;51;62;114m  [38;2;26;95;122m  [38;2;39;138;175m██[38;2;0;2;3m██[38;2;74;91;166m  [38;2;75;91;166m    [38;2;54;66;121m    [38;2;56;69;126m  [38;2;28;34;63m  [38;2;51;168;207m██[38;2;75;144;169m██[38;2;224;225;225m██[38;2;178;179;178m██[38;2;174;179;179m██[38;2;35;36;36m  
[38;2;19;23;43m  [38;2;75;91;166m  [38;2;75;90;166m      [38;2;75;91;166m        [38;2;4;5;9m  [38;2;36;137;174m██[38;2;53;143;179m██[38;2;44;54;99m  [38;2;75;91;166m  [38;2;42;51;94m  [38;2;186;186;186m████[38;2;169;169;171m  [38;2;26;26;33m  [38;2;158;178;183m██[38;2;180;186;186m██[38;2;188;193;193m██[38;2;165;167;166m██[38;2;28;29;29m  [38;2;0;0;0m  
[38;2;19;23;43m  [38;2;75;91;166m          [38;2;59;72;131m  [38;2;75;91;166m    [38;2;4;5;9m  [38;2;67;181;225m██[38;2;67;180;225m██[38;2;39;109;136m██[38;2;76;77;76m██[38;2;123;131;135m██[38;2;233;233;233m  ██[38;2;207;207;207m  [38;2;158;160;158m██[38;2;25;30;55m  [38;2;89;93;101m  [38;2;102;103;103m██[38;2;121;125;125m██[38;2;93;95;96m  [38;2;0;0;0m  
[38;2;19;23;43m  [38;2;75;91;165m    [38;2;75;91;166m  [38;2;75;91;165m  [38;2;19;23;42m  [38;2;39;101;129m  [38;2;68;83;151m  [38;2;47;57;105m  [38;2;55;147;184m  [38;2;69;184;226m██[38;2;67;180;225m██[38;2;123;180;200m██[38;2;80;128;143m██[38;2;76;107;112m██[38;2;233;233;233m██[38;2;190;190;190m██[38;2;222;222;222m██[38;2;88;88;88m██[38;2;75;91;165m  [38;2;68;82;151m  [38;2;53;64;117m  [38;2;0;0;0m      
[38;2;19;23;43m  [38;2;75;91;166m  [38;2;75;91;165m  [38;2;75;90;166m  [38;2;75;91;166m  [38;2;10;12;23m  [38;2;69;184;226m██[38;2;40;83;97m██[38;2;45;68;102m██[38;2;62;98;203m██[38;2;69;184;226m██[38;2;87;155;183m██[38;2;97;142;160m██[38;2;66;179;223m██[38;2;54;95;109m██[38;2;215;217;215m██[38;2;189;189;189m██[38;2;233;233;233m██[38;2;232;232;232m██[38;2;10;12;23m  [38;2;75;91;166m  [38;2;61;74;136m  [38;2;0;0;0m      
[38;2;19;23;43m  [38;2;75;91;166m        [38;2;10;12;23m  [38;2;52;148;190m██[38;2;43;144;183m██[38;2;97;112;157m██[38;2;129;151;212m██[38;2;64;140;214m██[38;2;72;179;218m██[38;2;64;185;232m██[38;2;59;183;234m██[38;2;117;119;121m██[38;2;58;57;58m██[38;2;115;117;115m██[38;2;233;234;233m██[38;2;232;232;232m██[38;2;10;12;23m  [38;2;75;91;166m  [38;2;61;74;136m  [38;2;0;0;0m      
[38;2;19;23;43m  [38;2;75;91;166m  [38;2;75;90;166m  [38;2;75;91;166m  [38;2;75;91;165m    [38;2;30;51;80m  [38;2;21;72;92m██[38;2;91;125;160m  [38;2;156;155;157m██[38;2;59;117;197m██[38;2;53;161;201m██[38;2;51;124;152m██[38;2;131;138;144m██[38;2;120;120;121m██[38;2;147;147;147m  [38;2;117;117;117m██[38;2;155;156;155m██[38;2;232;232;233m██[38;2;192;194;195m██[38;2;55;61;88m  [38;2;61;74;136m  [38;2;0;0;0m      
[38;2;19;23;43m  [38;2;75;91;166m              [38;2;62;62;62m██[38;2;180;186;185m██[38;2;48;87;112m██[38;2;49;49;50m██[38;2;141;140;141m██[38;2;228;228;228m██[38;2;40;49;89m  [38;2;8;8;8m██[38;2;147;147;147m██[38;2;138;137;138m██[38;2;133;134;135m██[38;2;162;169;187m██[38;2;9;20;59m██[38;2;61;74;136m  [38;2;0;0;0m      
[38;2;19;23;43m  [38;2;75;91;166m              [38;2;43;52;96m  [38;2;26;55;163m██[38;2;32;42;77m██[38;2;133;133;133m  [38;2;85;105;156m██[38;2;224;225;227m██[38;2;137;137;137m  [38;2;239;239;239m  [38;2;85;85;85m██[38;2;135;135;135m██[38;2;39;38;39m██[38;2;104;105;112m  [38;2;33;43;86m  [38;2;61;74;136m  [38;2;0;0;0m      
[38;2;19;23;43m  [38;2;74;91;165m  [38;2;75;91;166m        [38;2;75;91;165m    [38;2;150;159;203m  [38;2;15;15;15m  [38;2;101;117;171m██[38;2;8;5;3m██[38;2;48;74;139m██[38;2;139;165;226m██[38;2;130;131;134m  [38;2;239;239;239m  [38;2;62;72;99m██[38;2;32;29;25m  [38;2;96;96;96m  [38;2;159;164;164m██[38;2;49;60;109m  [38;2;61;74;136m  [38;2;0;0;0m      
[38;2;19;23;43m  [38;2;75;91;166m              [38;2;150;159;203m  [38;2;159;159;159m  [38;2;86;93;116m██[38;2;21;38;105m██[38;2;135;143;167m██[38;2;56;99;207m██[38;2;19;35;85m██[38;2;101;99;97m  [38;2;25;46;116m██[38;2;28;26;25m  [38;2;96;96;96m  [38;2;168;175;182m██[38;2;32;44;85m  [38;2;61;74;136m  [38;2;0;0;0m      
[38;2;19;23;43m  [38;2;75;91;165m  [38;2;75;91;166m  [38;2;75;91;165m  [38;2;75;91;166m  [38;2;75;91;165m  [38;2;75;91;166m    [38;2;150;159;203m  [38;2;255;255;255m  [38;2;74;74;75m██[38;2;31;62;173m██[38;2;139;139;139m██[38;2;58;99;201m██[38;2;137;137;137m  [38;2;40;38;41m  [38;2;30;44;85m  [38;2;229;229;229m  [38;2;98;103;113m██[38;2;166;174;186m██[38;2;21;34;69m██[38;2;61;74;136m  [38;2;0;0;0m      
[38;2;19;23;43m  [38;2;75;91;166m  [38;2;75;91;165m  [38;2;75;91;166m          [38;2;150;159;203m  [38;2;255;255;255m  [38;2;28;40;71m██[38;2;43;55;87m██[38;2;162;162;162m██[38;2;114;144;217m██[38;2;137;137;137m  [38;2;249;249;249m  [38;2;219;219;219m  [38;2;246;246;246m  [38;2;70;76;100m  [38;2;73;96;160m██[38;2;41;51;96m  [38;2;61;74;136m  [38;2;0;0;0m      
[38;2;19;23;43m  [38;2;75;90;166m  [38;2;74;91;166m  [38;2;75;91;166m  [38;2;75;90;166m  [38;2;75;91;166m  [38;2;75;90;166m  [38;2;75;91;166m      [38;2;47;57;104m  [38;2;15;18;33m  [38;2;117;140;194m██[38;2;1;4;11m  [38;2;75;91;166m          [38;2;23;28;51m  [38;2;75;90;166m  [38;2;61;74;136m  [38;2;0;0;0m      
[38;2;5;6;11m  [38;2;19;24;44m                      [38;2;5;9;21m  [38;2;0;1;2m  [38;2;19;24;44m              [38;2;16;19;36m  [38;2;0;0;0m      [0m
