
[38;2;0;0;0m      [38;2;26;54;57m  [38;2;0;0;0m                                            
[38;2;0;0;0m    [38;2;0;1;0m  [38;2;101;199;218m██[38;2;0;2;0m  [38;2;0;0;0m                                          
[38;2;0;0;0m    [38;2;22;24;22m██[38;2;73;135;152m██[38;2;66;131;142m██[38;2;0;0;0m    [38;2;42;73;73m██[38;2;8;12;10m  [38;2;0;0;0m                                  
[38;2;0;0;0m    [38;2;21;27;26m██[38;2;79;134;148m██[38;2;66;131;142m██[38;2;0;0;0m  [38;2;0;2;0m  [38;2;76;97;102m██[38;2;40;88;95m██[38;2;0;0;0m                                  
[38;2;0;10;15m  [38;2;0;8;11m  [38;2;49;75;80m██[38;2;84;124;128m██[38;2;96;195;218m██[38;2;42;86;92m██[38;2;57;113;125m██[38;2;63;69;72m██[38;2;35;65;68m██[38;2;0;5;6m  [38;2;0;40;59m  [38;2;4;11;11m  [38;2;6;15;15m  [38;2;18;39;41m  [38;2;0;33;47m  [38;2;0;40;59m  [38;2;0;5;6m  [38;2;0;24;34m  [38;2;0;39;56m  [38;2;0;40;59m            [38;2;0;10;15m  
[38;2;0;5;5m  [38;2;18;103;140m  [38;2;80;121;130m██[38;2;119;152;172m██[38;2;102;159;169m██[38;2;72;85;89m██[38;2;112;219;241m██[38;2;99;205;228m██[38;2;71;137;152m██[38;2;0;5;2m  [38;2;0;82;118m  [38;2;14;31;31m██[38;2;66;133;149m██[38;2;54;108;120m██[38;2;0;95;137m  [38;2;0;82;118m  [38;2;88;175;192m  [38;2;42;93;103m  [38;2;3;25;29m  [38;2;0;117;169m  [38;2;0;117;170m    [38;2;0;117;169m    [38;2;0;116;170m  [38;2;0;31;45m  
[38;2;1;13;17m  [38;2;38;55;64m██[38;2;133;225;239m██[38;2;176;190;192m██[38;2;178;196;197m██[38;2;126;161;182m██[38;2;85;127;136m██[38;2;93;162;179m██[38;2;34;134;172m██[38;2;86;174;198m██[38;2;46;70;71m██[38;2;77;151;170m██[38;2;95;175;192m██[38;2;90;164;177m██[38;2;56;107;113m██[38;2;46;70;71m██[38;2;110;217;237m██[38;2;114;226;248m██[38;2;47;95;102m██[38;2;0;72;103m  [38;2;0;117;170m    [38;2;0;111;162m  [38;2;6;63;85m  [38;2;10;58;76m██[38;2;2;16;20m  
[38;2;2;22;27m██[38;2;57;80;90m██[38;2;140;202;216m██[38;2;92;150;165m██[38;2;84;166;191m██[38;2;34;142;193m██[38;2;92;151;164m██[38;2;63;67;71m██[38;2;14;115;162m██[38;2;126;220;238m██[38;2;82;121;129m██[38;2;138;168;192m██[38;2;66;79;83m██[38;2;39;116;152m██[38;2;105;194;212m██[38;2;111;219;239m██[38;2;108;227;253m██[38;2;84;143;155m██[38;2;115;225;247m██[38;2;105;205;225m██[38;2;0;17;20m  [38;2;0;116;170m  [38;2;2;27;33m  [38;2;27;139;189m██[38;2;3;83;119m██[38;2;0;4;4m  
[38;2;8;22;23m  [38;2;78;90;98m██[38;2;78;107;118m██[38;2;96;157;171m██[38;2;70;104;116m██[38;2;107;100;88m██[38;2;107;106;107m██[38;2;52;74;92m██[38;2;13;107;153m██[38;2;61;161;194m██[38;2;82;120;128m██[38;2;35;105;138m██[38;2;25;139;192m██[38;2;57;116;138m██[38;2;121;198;215m██[38;2;115;227;249m██[38;2;79;164;183m██[38;2;122;145;145m██[38;2;70;112;122m██[38;2;53;143;172m██[38;2;91;150;162m██[38;2;12;53;67m  [38;2;3;56;77m██[38;2;27;143;195m██[38;2;13;78;105m  [38;2;0;14;19m  
[38;2;0;1;0m  [38;2;92;86;92m██[38;2;66;67;68m██[38;2;66;65;66m██[38;2;141;134;104m██[38;2;251;235;162m██[38;2;70;69;70m██[38;2;96;211;238m██[38;2;108;193;212m██[38;2;109;207;227m██[38;2;97;167;181m██[38;2;23;133;184m██[38;2;47;76;90m██[38;2;102;111;115m██[38;2;116;154;163m██[38;2;114;227;249m██[38;2;122;187;202m██[38;2;141;192;195m██[38;2;56;81;86m██[38;2;27;107;137m██[38;2;29;138;189m██[38;2;34;138;187m██[38;2;0;11;6m██[38;2;1;9;8m██[38;2;0;113;164m  [38;2;0;31;45m  
[38;2;0;16;23m  [38;2;98;103;90m  [38;2;190;174;147m██[38;2;255;230;189m██[38;2;178;166;143m██[38;2;69;68;68m██[38;2;102;183;199m██[38;2;64;67;70m██[38;2;54;143;177m██[38;2;107;207;228m██[38;2;73;126;142m██[38;2;57;87;101m██[38;2;84;144;158m██[38;2;81;125;135m██[38;2;147;194;200m██[38;2;88;172;192m██[38;2;102;144;154m██[38;2;101;138;147m██[38;2;47;101;127m██[38;2;56;85;99m██[38;2;47;106;129m██[38;2;32;75;93m██[38;2;0;69;98m  [38;2;0;117;170m    [38;2;0;31;45m  
[38;2;0;1;0m  [38;2;22;115;157m██[38;2;17;127;177m██[38;2;225;212;183m██[38;2;147;160;152m██[38;2;1;76;111m██[38;2;94;185;205m██[38;2;2;67;96m██[38;2;32;143;195m██[38;2;58;68;74m██[38;2;43;76;91m██[38;2;81;160;179m██[38;2;79;181;204m██[38;2;109;151;161m██[38;2;105;194;212m██[38;2;104;196;215m██[38;2;68;73;76m██[38;2;23;138;191m██[38;2;47;68;78m██[38;2;144;153;144m██[38;2;1;97;141m██[38;2;16;122;172m██[38;2;22;126;171m██[38;2;0;77;111m  [38;2;0;116;169m  [38;2;0;31;45m  
[38;2;0;15;21m  [38;2;0;53;75m  [38;2;48;89;106m██[38;2;38;100;132m██[38;2;36;96;121m██[38;2;64;140;160m██[38;2;73;146;165m██[38;2;34;76;96m██[38;2;31;110;147m██[38;2;29;136;186m██[38;2;71;124;140m██[38;2;110;193;212m██[38;2;202;210;194m██[38;2;138;163;155m██[38;2;105;194;212m██[38;2;72;129;145m██[38;2;57;86;102m██[38;2;88;149;162m██[38;2;137;209;233m██[38;2;98;165;178m██[38;2;63;66;68m██[38;2;1;96;139m██[38;2;26;134;184m██[38;2;4;64;88m  [38;2;0;117;169m  [38;2;0;31;45m  
[38;2;0;1;0m  [38;2;0;77;111m██[38;2;23;87;114m██[38;2;65;66;67m██[38;2;69;100;108m██[38;2;74;148;166m██[38;2;73;147;167m██[38;2;66;68;69m██[38;2;68;96;101m██[38;2;9;97;138m██[38;2;65;66;67m██[38;2;101;179;195m██[38;2;250;229;195m██[38;2;85;167;186m██[38;2;75;95;100m██[38;2;28;140;192m██[38;2;64;76;83m██[38;2;113;224;245m████[38;2;115;228;249m██[38;2;63;66;68m██[38;2;1;96;139m██[38;2;3;101;145m██[38;2;26;141;193m██[38;2;0;29;38m  [38;2;0;30;43m  
[38;2;0;2;2m  [38;2;3;66;94m██[38;2;47;74;87m██[38;2;60;107;119m██[38;2;64;97;105m██[38;2;95;190;211m██[38;2;73;147;167m██[38;2;66;68;69m██[38;2;69;99;107m██[38;2;28;142;194m██[38;2;52;91;110m██[38;2;107;209;231m██[38;2;206;207;182m██[38;2;80;140;157m██[38;2;40;104;134m██[38;2;16;77;102m██[38;2;134;142;138m██[38;2;91;178;199m██[38;2;71;105;110m██[38;2;115;227;249m██[38;2;63;66;68m██[38;2;1;97;141m██[38;2;33;80;103m██[38;2;8;109;154m██[38;2;22;115;157m██[38;2;0;1;0m  
[38;2;0;31;45m  [38;2;0;25;32m  [38;2;21;86;117m██[38;2;60;104;115m██[38;2;62;92;100m██[38;2;109;205;224m██[38;2;90;145;156m██[38;2;73;140;156m██[38;2;73;146;164m██[38;2;62;79;87m██[38;2;29;140;191m██[38;2;63;100;115m██[38;2;33;121;155m██[38;2;52;76;87m██[38;2;8;18;20m██[38;2;0;77;111m  [38;2;130;132;123m██[38;2;131;141;138m██[38;2;59;73;76m██[38;2;94;185;205m██[38;2;113;218;240m██[38;2;28;83;109m██[38;2;8;93;132m██[38;2;23;85;115m██[38;2;20;107;146m  [38;2;0;3;3m  
[38;2;0;31;45m  [38;2;0;81;116m  [38;2;0;40;55m██[38;2;47;67;73m██[38;2;64;92;99m██[38;2;65;65;65m██[38;2;90;145;156m██[38;2;66;68;69m██[38;2;71;118;130m██[38;2;73;143;160m██[38;2;50;90;105m██[38;2;60;68;74m██[38;2;47;103;130m██[38;2;29;121;163m██[38;2;2;71;100m  [38;2;0;101;146m  [38;2;51;62;60m  [38;2;120;120;108m██[38;2;176;168;147m██[38;2;80;138;151m██[38;2;112;219;240m██[38;2;22;86;113m██[38;2;21;65;86m██[38;2;9;36;45m██[38;2;0;81;116m  [38;2;0;31;45m  
[38;2;0;27;39m  [38;2;0;101;147m    [38;2;6;14;17m  [38;2;59;84;90m██[38;2;60;111;123m██[38;2;65;64;65m██[38;2;76;78;78m██[38;2;68;95;102m██[38;2;73;145;163m██[38;2;68;89;95m██[38;2;147;150;140m██[38;2;86;88;89m██[38;2;0;35;44m  [38;2;0;101;147m      [38;2;101;94;77m██[38;2;250;228;192m██[38;2;28;34;35m  [38;2;96;188;206m  [38;2;3;52;71m  [38;2;0;20;29m  [38;2;0;101;147m    [38;2;0;27;39m  
[38;2;0;0;0m        [38;2;8;12;12m  [38;2;64;108;119m██[38;2;44;44;44m██[38;2;146;148;139m██[38;2;88;88;86m██[38;2;68;132;148m██[38;2;22;24;22m██[38;2;217;202;171m██[38;2;96;94;81m██[38;2;0;1;0m  [38;2;0;0;0m    [38;2;0;2;0m  [38;2;188;172;145m██[38;2;90;86;72m██[38;2;0;0;0m  [38;2;0;1;0m  [38;2;0;0;0m          
[38;2;0;0;0m          [38;2;0;3;0m  [38;2;5;7;5m  [38;2;134;132;127m██[38;2;51;52;48m  [38;2;0;2;0m    [38;2;252;228;192m██[38;2;67;64;51m██[38;2;0;0;0m    [38;2;0;1;0m  [38;2;48;47;48m  [38;2;54;53;54m██[38;2;2;5;2m  [38;2;0;0;0m              
[38;2;0;0;0m          [38;2;0;2;0m  [38;2;55;54;55m██[38;2;65;64;64m██[38;2;0;1;0m  [38;2;0;0;0m  [38;2;112;102;90m  [38;2;219;200;164m██[38;2;20;20;15m  [38;2;0;0;0m      [38;2;0;1;0m    [38;2;0;0;0m                
[38;2;0;0;0m            [38;2;0;3;0m    [38;2;0;0;0m  [38;2;9;11;7m██[38;2;78;71;65m██[38;2;172;158;131m██[38;2;0;1;0m  [38;2;0;0;0m                          
[38;2;0;0;0m                  [38;2;1;3;1m  [38;2;17;19;17m██[38;2;13;16;13m  [38;2;0;0;0m                            [0m
