
[38;2;0;0;0m    [38;2;8;8;8m██[38;2;3;3;3m  [38;2;0;0;0m                                                    
[38;2;0;0;0m    [38;2;31;32;31m██[38;2;75;78;75m██[38;2;0;0;0m                                                    
[38;2;20;13;3m██[38;2;15;10;2m  [38;2;0;0;0m  [38;2;80;84;80m██[38;2;16;17;16m  [38;2;0;0;0m  [38;2;13;13;13m  [38;2;0;0;0m                                          [38;2;5;5;5m  [38;2;7;7;7m██
[38;2;68;46;13m██[38;2;218;148;41m██[38;2;0;0;0m  [38;2;14;15;14m  [38;2;86;90;86m██[38;2;5;5;5m  [38;2;43;45;43m██[38;2;0;0;0m██                                        [38;2;64;67;64m██[38;2;4;4;4m  
[38;2;0;0;0m  [38;2;134;91;25m  [38;2;198;135;38m██[38;2;67;63;58m██[38;2;81;83;81m██[38;2;125;98;59m██[38;2;57;56;57m██[38;2;93;97;93m██[38;2;0;0;0m                          [38;2;14;15;14m  [38;2;61;64;61m██[38;2;0;0;0m      [38;2;39;41;39m  [38;2;86;89;86m██[38;2;86;84;73m██[38;2;36;32;18m██
[38;2;0;0;0m    [38;2;255;174;48m██[38;2;231;160;50m██[38;2;67;66;67m██[38;2;242;166;50m██[38;2;154;116;59m██[38;2;93;97;93m██[38;2;0;0;0m  [38;2;14;11;3m  [38;2;87;70;22m  [38;2;0;0;0m                    [38;2;78;81;78m██[38;2;63;65;63m██[38;2;0;0;0m  [38;2;5;5;5m  [38;2;79;83;79m██[38;2;89;93;89m██[38;2;175;146;66m██[38;2;190;156;54m██[38;2;9;7;2m  
[38;2;0;0;0m    [38;2;52;35;10m  [38;2;242;164;46m██[38;2;207;146;52m██[38;2;69;66;64m██[38;2;200;142;53m██[38;2;78;82;86m██[38;2;62;58;50m██[38;2;77;73;65m██[38;2;116;96;40m██[38;2;0;0;0m    [38;2;109;88;27m██[38;2;42;34;10m  [38;2;0;0;0m        [38;2;36;36;36m██[38;2;82;85;82m██[38;2;112;105;78m██[38;2;182;152;65m██[38;2;54;55;54m██[38;2;82;84;82m██[38;2;115;104;71m██[38;2;152;130;64m██[38;2;190;153;48m██[38;2;0;0;0m    
[38;2;0;0;0m      [38;2;221;149;41m██[38;2;255;172;48m██[38;2;237;163;50m██[38;2;163;121;56m██[38;2;235;156;51m██[38;2;63;63;69m██[38;2;237;192;65m██[38;2;140;120;65m██[38;2;50;49;50m  [38;2;153;123;39m  [38;2;203;164;51m██[38;2;0;0;0m        [38;2;72;75;72m  [38;2;95;97;95m██[38;2;75;77;75m██[38;2;245;199;65m██[38;2;65;64;65m██[38;2;79;81;79m██[38;2;236;191;65m██[38;2;247;200;63m██[38;2;224;182;54m██[38;2;8;6;2m  [38;2;0;0;0m    
[38;2;0;0;0m  [38;2;85;58;16m██[38;2;71;48;13m  [38;2;30;20;25m  [38;2;211;143;48m██[38;2;255;172;48m██[38;2;217;152;52m██[38;2;144;110;58m██[38;2;116;93;60m██[38;2;255;206;65m██[38;2;140;120;65m██[38;2;126;102;32m██[38;2;255;206;65m██[38;2;0;0;0m        [38;2;57;59;57m██[38;2;82;84;82m██[38;2;144;123;65m██[38;2;247;200;65m██[38;2;123;107;65m██[38;2;144;123;65m██[38;2;203;167;65m██[38;2;255;207;62m██[38;2;190;154;47m██[38;2;0;0;0m        
[38;2;0;0;0m  [38;2;12;8;2m  [38;2;249;170;48m██[38;2;244;166;47m██[38;2;70;66;63m██[38;2;243;166;49m██[38;2;166;122;56m██[38;2;241;188;21m██[38;2;160;135;63m██[38;2;243;197;62m██[38;2;176;147;65m██[38;2;255;206;62m██[38;2;135;117;64m██[38;2;48;48;48m  [38;2;175;142;44m  [38;2;175;144;66m  [38;2;69;72;77m  [38;2;84;86;84m██[38;2;220;179;65m██[38;2;255;206;62m██[38;2;88;81;64m██[38;2;243;197;63m██[38;2;255;206;62m████[38;2;239;193;60m██[38;2;6;4;1m  [38;2;0;0;0m        
[38;2;0;0;0m    [38;2;45;31;8m  [38;2;137;93;26m██[38;2;255;173;48m████[38;2;153;115;57m██[38;2;104;86;59m██[38;2;255;207;65m██[38;2;254;206;62m  [38;2;255;206;63m████[38;2;255;206;64m██[38;2;255;206;65m██[38;2;190;158;65m██[38;2;81;71;52m██[38;2;80;79;74m██[38;2;186;155;64m██[38;2;255;206;63m██[38;2;255;207;62m██[38;2;255;206;63m██[38;2;255;206;62m██[38;2;255;207;62m██[38;2;167;141;63m██[38;2;45;34;4m  [38;2;70;57;20m  [38;2;117;95;28m██[38;2;117;94;29m██[38;2;0;0;0m    
[38;2;0;0;0m        [38;2;105;70;19m██[38;2;255;172;48m██[38;2;166;122;56m██[38;2;252;200;64m██[38;2;167;136;72m██[38;2;255;207;62m████[38;2;230;187;65m██[38;2;68;66;65m██[38;2;255;206;65m██[38;2;252;203;65m██[38;2;251;203;65m████[38;2;130;113;64m██[38;2;255;207;62m██████████[38;2;251;203;65m██[38;2;251;203;63m██[38;2;252;204;62m██[38;2;221;179;53m██[38;2;5;4;1m██[38;2;0;0;0m    
[38;2;0;0;0m          [38;2;30;29;30m  [38;2;204;144;53m██[38;2;160;119;56m██[38;2;115;101;65m██[38;2;254;204;63m██[38;2;195;154;54m██[38;2;147;146;147m██[38;2;65;64;65m██[38;2;255;206;65m██[38;2;185;153;65m██[38;2;158;134;62m██[38;2;159;127;38m██[38;2;255;209;64m██[38;2;255;207;62m██████████[38;2;255;207;61m██[38;2;127;103;32m██[38;2;50;41;12m  [38;2;0;0;0m        
[38;2;0;0;0m        [38;2;5;3;0m██[38;2;238;162;45m██[38;2;255;172;48m██[38;2;65;64;65m██[38;2;253;132;82m██[38;2;144;102;98m██[38;2;117;102;89m██[38;2;234;218;154m██[38;2;206;162;41m██[38;2;217;178;62m██[38;2;192;154;32m██[38;2;223;152;59m██[38;2;231;156;56m██[38;2;255;183;52m██[38;2;255;207;62m██████[38;2;253;205;63m██[38;2;251;203;65m██[38;2;29;29;29m  [38;2;0;0;0m            
[38;2;0;0;0m        [38;2;117;80;22m████[38;2;163;107;46m██[38;2;167;101;74m██[38;2;215;115;96m██[38;2;248;134;85m██[38;2;163;114;98m██[38;2;241;184;71m██[38;2;250;199;66m██[38;2;254;206;64m  [38;2;190;158;66m██[38;2;177;132;51m██[38;2;201;139;63m██[38;2;255;181;52m██[38;2;255;199;59m██[38;2;255;206;63m████[38;2;214;176;63m██[38;2;167;141;63m██[38;2;64;51;16m  [38;2;0;0;0m            
[38;2;0;0;0m            [38;2;127;71;55m██[38;2;247;130;82m██[38;2;184;91;54m██[38;2;8;9;20m  [38;2;197;114;79m██[38;2;255;172;48m██[38;2;128;100;59m██[38;2;76;70;64m██[38;2;199;163;64m██[38;2;199;167;70m██[38;2;128;90;82m██[38;2;159;109;31m  [38;2;0;0;0m      [38;2;239;194;59m██[38;2;239;194;58m██[38;2;239;193;61m██████[38;2;0;0;0m        
[38;2;0;0;0m          [38;2;138;71;44m  [38;2;185;97;59m██[38;2;54;38;38m██[38;2;0;0;0m      [38;2;107;73;20m██[38;2;137;96;38m██[38;2;166;122;59m██[38;2;196;140;53m████[38;2;255;174;48m██[38;2;33;22;13m  [38;2;0;0;0m                        
[38;2;0;0;0m        [38;2;107;53;34m██[38;2;164;75;46m██[38;2;0;0;0m            [38;2;11;6;10m  [38;2;122;79;52m██[38;2;249;171;49m██[38;2;251;171;50m██[38;2;159;106;82m██[38;2;147;89;71m  [38;2;216;140;58m██[38;2;163;111;31m██[38;2;25;17;4m██[38;2;13;9;2m  [38;2;0;0;0m                
[38;2;0;0;0m      [38;2;137;71;44m  [38;2;58;30;19m  [38;2;0;0;3m  [38;2;0;0;0m    [38;2;0;2;2m  [38;2;0;4;4m  [38;2;0;0;0m    [38;2;99;60;49m██[38;2;183;99;66m██[38;2;141;101;57m██[38;2;124;97;63m██[38;2;161;95;74m██[38;2;170;98;70m██[38;2;79;67;70m██[38;2;207;146;52m██[38;2;137;105;58m██[38;2;51;35;9m  [38;2;0;0;0m                
[38;2;0;0;0m    [38;2;73;38;23m██[38;2;29;15;9m  [38;2;0;0;0m        [38;2;119;68;78m██[38;2;81;55;56m██[38;2;14;7;4m  [38;2;23;15;13m██[38;2;176;98;69m██[38;2;71;66;71m██[38;2;213;140;57m██[38;2;235;162;50m██[38;2;124;98;60m██[38;2;171;101;76m██[38;2;112;80;77m██[38;2;239;163;51m██[38;2;102;85;61m██[38;2;29;29;29m  [38;2;0;0;0m                
[38;2;0;0;0m              ██[38;2;164;159;145m██[38;2;62;56;45m██[38;2;135;70;43m██[38;2;184;100;66m██[38;2;28;16;13m  [38;2;68;52;27m██[38;2;163;120;56m██[38;2;115;93;60m██[38;2;255;174;48m██[38;2;128;87;70m██[38;2;146;93;72m██[38;2;166;108;65m██[38;2;89;61;19m██[38;2;0;0;0m                  
[38;2;0;0;0m                      [38;2;212;93;71m██[38;2;0;0;0m    [38;2;39;38;39m  [38;2;115;93;60m██[38;2;227;141;61m██[38;2;144;92;76m██[38;2;209;102;93m██[38;2;181;130;114m██[38;2;93;58;51m██[38;2;24;15;19m  [38;2;0;0;0m                
[38;2;0;0;0m                    [38;2;93;93;93m  [38;2;103;66;60m██[38;2;0;0;0m      [38;2;82;60;27m██[38;2;66;50;25m██[38;2;199;171;158m██[38;2;194;93;108m██[38;2;139;75;82m██[38;2;29;19;17m██[38;2;135;117;109m██[38;2;0;0;0m                
[38;2;0;0;0m                                  [38;2;16;16;16m  [38;2;163;83;101m██[38;2;29;29;29m  [38;2;0;0;0m                    
[38;2;0;0;0m                                    [38;2;14;14;14m  [38;2;34;34;34m  [38;2;0;0;0m                    [0m
