
[38;2;4;6;6m  [38;2;24;30;31m██[38;2;17;22;23m  [38;2;0;0;0m  [38;2;20;28;30m                [38;2;10;14;15m  [38;2;6;23;5m██[38;2;22;57;29m██[38;2;0;1;1m  [38;2;20;28;30m                    [38;2;5;7;7m  
[38;2;3;4;4m██[38;2;48;53;56m██[38;2;87;97;102m██[38;2;79;96;99m██[38;2;14;20;21m    [38;2;76;105;112m    [38;2;75;105;112m  [38;2;76;105;112m      [38;2;39;54;58m  [38;2;66;194;97m██[38;2;14;82;30m██[38;2;61;86;91m  [38;2;76;105;112m      [38;2;75;105;112m    [38;2;76;105;112m    [38;2;75;105;112m  [38;2;76;105;112m    [38;2;19;27;29m  
[38;2;12;17;18m  [38;2;34;40;42m  [38;2;62;73;77m██[38;2;86;107;111m██[38;2;82;95;97m██[38;2;89;110;114m██[38;2;28;39;41m  [38;2;76;105;111m  [38;2;76;105;112m    [38;2;42;56;59m  [38;2;32;41;42m██[38;2;47;62;65m██[38;2;25;102;51m██[38;2;33;81;43m  [38;2;76;105;111m    [38;2;76;105;112m      [38;2;76;105;111m    [38;2;58;81;86m  [38;2;49;69;73m  [38;2;37;49;51m  [38;2;32;41;42m██[38;2;8;10;11m  
[38;2;0;0;0m  [38;2;43;44;45m██[38;2;61;68;70m██[38;2;73;94;97m██[38;2;69;92;96m██[38;2;19;24;25m██[38;2;70;98;103m  [38;2;76;105;112m      [38;2;42;52;55m██[38;2;95;119;124m██[38;2;73;94;97m██[38;2;8;10;11m██[38;2;71;100;105m  [38;2;76;105;112m        [38;2;68;95;100m  [38;2;8;12;12m    [38;2;58;73;76m  [38;2;84;104;108m██[38;2;91;113;118m██[38;2;95;119;124m██[38;2;24;30;32m██
[38;2;19;27;29m  [38;2;16;23;24m  [38;2;61;76;79m██[38;2;62;70;72m██[38;2;77;98;102m██[38;2;93;116;121m██[38;2;41;54;56m  [38;2;43;61;64m  [38;2;26;24;23m██[38;2;39;48;49m██[38;2;96;118;123m██[38;2;73;94;98m██[38;2;40;54;57m██[38;2;32;44;47m  [38;2;76;105;112m      [38;2;73;102;108m  [38;2;41;54;57m  [38;2;46;57;59m██[38;2;69;77;79m██[38;2;95;119;124m██[38;2;95;119;123m██[38;2;93;116;121m██[38;2;78;95;99m██[38;2;39;52;55m  [38;2;8;11;12m  
[38;2;19;27;29m  [38;2;73;102;108m  [38;2;2;3;3m████[38;2;75;96;100m██[38;2;74;95;99m██[38;2;59;58;55m██[38;2;67;63;53m██[38;2;70;78;81m██[38;2;94;118;123m██[38;2;84;108;113m██[38;2;5;7;7m██[38;2;73;101;107m  [38;2;76;105;112m        [38;2;75;105;111m  [38;2;31;44;46m  [38;2;92;115;120m██[38;2;87;108;112m██[38;2;95;118;123m██[38;2;80;102;107m██[38;2;55;55;56m██[38;2;54;53;54m██[38;2;16;23;24m  [38;2;19;27;29m  
[38;2;19;27;29m  [38;2;76;105;112m      [38;2;20;22;20m██[38;2;63;72;73m██[38;2;64;61;55m██[38;2;55;54;54m██[38;2;95;118;123m██[38;2;95;117;122m██[38;2;57;68;69m██[38;2;37;52;55m  [38;2;76;105;112m      [38;2;75;105;112m  [38;2;76;105;112m      [38;2;10;13;13m██[38;2;96;119;123m██[38;2;91;113;118m██[38;2;75;86;88m██[38;2;85;106;110m██[38;2;91;114;120m██[38;2;73;91;95m██[38;2;0;0;0m  
[38;2;19;27;29m  [38;2;76;105;112m    [38;2;73;102;108m  [38;2;25;24;20m██[38;2;56;55;54m██[38;2;69;65;55m██[38;2;53;53;53m██[38;2;80;96;100m██[38;2;54;53;47m██[38;2;36;38;38m██[38;2;73;102;107m  [38;2;76;105;112m            [38;2;30;43;45m  [38;2;95;118;123m██[38;2;94;117;122m██[38;2;93;116;121m██[38;2;79;100;104m██[38;2;68;84;88m██[38;2;51;50;51m██[38;2;19;26;28m  [38;2;19;27;29m  
[38;2;19;27;29m  [38;2;76;105;112m    [38;2;14;19;20m  [38;2;70;67;56m██[38;2;70;66;56m██[38;2;58;56;54m██[38;2;6;109;139m██[38;2;58;174;209m██[38;2;64;71;64m██[38;2;64;77;78m██[38;2;32;45;47m  [38;2;76;105;112m            [38;2;30;43;45m  [38;2;81;103;108m██[38;2;84;100;104m██[38;2;74;89;92m██[38;2;58;60;62m██[38;2;26;29;30m  [38;2;43;61;64m  [38;2;76;105;112m  [38;2;19;27;29m  
[38;2;19;27;29m  [38;2;75;105;112m  [38;2;76;105;112m  [38;2;21;29;31m  [38;2;64;61;51m██[38;2;56;55;54m██[38;2;95;118;123m██[38;2;90;111;115m██[38;2;90;110;115m██[38;2;86;111;116m██[38;2;73;93;97m██[38;2;10;14;14m██[38;2;71;99;105m  [38;2;75;105;112m  [38;2;67;93;99m  [38;2;67;94;99m  [38;2;71;99;104m  [38;2;8;10;11m██[38;2;46;60;62m██[38;2;71;91;95m██[38;2;76;98;102m██[38;2;84;104;108m████[38;2;70;87;91m  [38;2;56;78;82m  [38;2;76;105;112m  [38;2;19;27;29m  
[38;2;19;27;29m  [38;2;75;105;112m  [38;2;76;105;112m    [38;2;23;22;19m██[38;2;82;93;94m██[38;2;67;77;82m██[38;2;64;63;57m██[38;2;64;61;55m██[38;2;64;61;56m██[38;2;66;78;81m██[38;2;72;94;98m██[38;2;34;48;51m  [38;2;26;36;38m  [38;2;42;40;35m██[38;2;45;43;36m  [38;2;45;53;54m  [38;2;71;95;100m██[38;2;71;94;99m██[38;2;27;36;38m  [38;2;49;69;73m      [38;2;54;76;80m  [38;2;76;105;112m    [38;2;19;27;29m  
[38;2;19;27;29m  [38;2;76;106;112m  [38;2;75;105;112m  [38;2;76;105;112m  [38;2;55;77;81m  [38;2;14;20;21m  [38;2;30;32;30m  [38;2;65;64;56m██[38;2;63;62;58m██[38;2;54;53;54m██[38;2;70;77;75m██[38;2;74;93;97m██[38;2;80;102;106m██[38;2;61;59;54m██[38;2;59;57;54m██[38;2;56;55;54m██[38;2;50;53;58m██[38;2;54;72;76m  [38;2;14;20;21m  [38;2;76;105;112m  [38;2;75;105;112m  [38;2;76;105;112m  [38;2;76;106;112m  [38;2;76;105;112m      [38;2;19;27;29m  
[38;2;19;27;29m  [38;2;76;105;112m        [38;2;28;40;42m  [38;2;33;44;46m  [38;2;67;86;90m██[38;2;69;87;90m██[38;2;68;83;87m██[38;2;57;62;63m██[38;2;60;63;65m██[38;2;89;109;114m██[38;2;58;56;54m██[38;2;70;66;56m██[38;2;69;66;55m██[38;2;59;57;54m██[38;2;49;66;69m  [38;2;20;28;30m    [38;2;55;77;81m  [38;2;76;105;112m      [38;2;75;105;112m  [38;2;76;105;112m  [38;2;19;27;29m  
[38;2;19;27;29m  [38;2;76;105;112m    [38;2;59;82;87m  [38;2;19;25;26m██[38;2;65;83;87m██[38;2;59;76;80m██[38;2;53;68;71m██[38;2;58;77;81m██[38;2;93;116;121m██[38;2;64;67;68m██[38;2;65;69;65m██[38;2;95;119;123m██[38;2;95;118;123m██[38;2;65;70;72m████[38;2;81;96;100m██[38;2;65;70;72m██[38;2;66;77;80m██[38;2;72;94;98m  [38;2;38;51;53m██[38;2;20;23;24m  [38;2;55;77;81m    [38;2;34;45;47m  [38;2;16;23;24m  [38;2;19;27;29m  
[38;2;19;27;29m  [38;2;76;105;112m  [38;2;57;80;85m  [38;2;49;66;69m  [38;2;72;94;98m██[38;2;71;94;99m██[38;2;31;43;45m  [38;2;61;85;90m  [38;2;44;61;64m  [38;2;89;111;115m██[38;2;91;112;116m██[38;2;94;117;121m██[38;2;95;119;124m██[38;2;95;118;123m██[38;2;93;119;124m██[38;2;63;67;69m██[38;2;95;118;122m██[38;2;95;118;123m██[38;2;90;110;115m██[38;2;57;60;62m██[38;2;69;81;84m██[38;2;65;79;82m██[38;2;52;49;44m██[38;2;49;52;54m██[38;2;79;97;101m██[38;2;44;43;39m  [38;2;3;5;5m  
[38;2;19;27;29m  [38;2;76;105;112m  [38;2;21;28;29m██[38;2;66;83;86m██[38;2;51;50;48m██[38;2;27;36;38m  [38;2;76;105;112m      [38;2;29;41;44m  [38;2;70;85;88m██[38;2;60;58;56m██[38;2;80;96;99m████[38;2;66;73;76m██[38;2;76;92;95m██[38;2;71;82;85m██[38;2;80;96;99m██[38;2;89;109;113m██[38;2;93;116;120m██[38;2;72;84;86m██[38;2;56;59;60m██[38;2;60;66;68m██[38;2;64;63;57m  [38;2;59;64;64m██[38;2;61;58;52m██[38;2;11;10;9m  
[38;2;19;27;29m  [38;2;23;33;34m  [38;2;60;76;79m██[38;2;68;83;86m██[38;2;27;36;37m  [38;2;74;104;110m  [38;2;76;105;112m      [38;2;13;19;20m  [38;2;70;81;84m██[38;2;69;65;55m██[38;2;71;80;83m██[38;2;90;110;115m██[38;2;71;80;83m██[38;2;56;59;60m██[38;2;71;91;95m██[38;2;56;57;58m██[38;2;93;115;120m██[38;2;91;112;116m██[38;2;63;64;60m██[38;2;71;89;93m██[38;2;75;90;94m██[38;2;56;56;55m██[38;2;69;85;85m██[38;2;21;26;27m  [38;2;17;24;25m  
[38;2;11;15;16m  [38;2;33;44;47m  [38;2;38;51;54m  [38;2;31;33;34m  [38;2;38;51;54m  [38;2;69;96;102m  [38;2;76;105;112m  [38;2;47;66;69m  [38;2;42;56;59m  [38;2;90;112;117m██[38;2;75;85;86m██[38;2;61;62;60m██[38;2;76;88;89m██[38;2;95;118;123m██[38;2;75;86;89m██[38;2;70;79;82m██[38;2;63;68;70m██[38;2;95;119;123m████[38;2;90;111;116m██[38;2;64;61;55m██[38;2;73;94;98m██[38;2;71;84;87m██[38;2;49;49;50m██[38;2;55;61;64m██[38;2;16;23;24m  [38;2;19;27;29m  
[38;2;0;0;0m  [38;2;55;73;77m██[38;2;22;31;33m  [38;2;73;102;108m  [38;2;74;103;109m  [38;2;76;105;112m  [38;2;51;69;72m  [38;2;84;102;105m  [38;2;92;115;120m██[38;2;92;119;125m██[38;2;70;81;84m██[38;2;61;61;58m██[38;2;75;92;95m██[38;2;55;55;56m██[38;2;94;116;121m██[38;2;56;57;59m██[38;2;92;116;121m██[38;2;70;68;58m██[38;2;84;98;96m██[38;2;93;117;122m██[38;2;68;76;78m██[38;2;67;68;57m██[38;2;69;85;84m██[38;2;15;20;21m  [38;2;24;32;34m  [38;2;73;102;108m  [38;2;19;27;29m  
[38;2;9;12;12m██[38;2;37;51;54m  [38;2;76;105;112m        [38;2;22;23;22m██[38;2;74;83;85m██[38;2;70;80;83m██[38;2;62;73;76m██[38;2;55;65;66m██[38;2;56;55;54m██[38;2;74;86;89m██[38;2;54;52;54m██[38;2;68;72;71m██[38;2;62;60;56m██[38;2;71;74;70m██[38;2;83;94;91m██[38;2;86;102;103m██[38;2;72;72;63m██[38;2;69;77;79m██[38;2;70;93;98m██[38;2;23;31;32m██[38;2;76;105;112m    [38;2;76;106;112m  [38;2;19;27;29m  
[38;2;19;27;29m  [38;2;76;106;112m  [38;2;75;105;112m  [38;2;76;105;112m  [38;2;75;105;112m    [38;2;26;26;22m  [38;2;56;55;55m██[38;2;73;94;97m██[38;2;68;91;96m██[38;2;35;49;52m  [38;2;5;7;8m  [38;2;51;50;51m██[38;2;54;53;54m██[38;2;74;84;87m██[38;2;69;65;55m██[38;2;60;58;54m██[38;2;58;59;61m██[38;2;79;85;82m██[38;2;59;61;62m██[38;2;67;74;77m██[38;2;58;78;82m  [38;2;51;72;76m  [38;2;76;106;112m  [38;2;75;105;112m  [38;2;76;105;112m  [38;2;19;27;29m  
[38;2;19;27;29m  [38;2;76;105;112m          [38;2;64;89;94m  [38;2;31;42;44m  [38;2;66;79;82m██[38;2;43;57;60m██[38;2;51;72;76m  [38;2;76;105;112m  [38;2;43;61;64m  [38;2;26;24;23m██[38;2;37;39;39m██[38;2;47;50;55m██[38;2;77;90;93m██[38;2;93;115;120m██[38;2;63;68;70m██[38;2;67;86;89m██[38;2;36;46;49m  [38;2;48;67;71m  [38;2;76;105;112m        [38;2;19;27;29m  
[38;2;19;27;29m  [38;2;75;105;112m    [38;2;76;105;112m      [38;2;46;64;67m  [38;2;85;106;110m██[38;2;63;60;55m██[38;2;71;90;94m██[38;2;37;47;49m██[38;2;73;102;107m  [38;2;76;105;112m    [38;2;71;99;105m  [38;2;13;15;15m██[38;2;68;64;55m██[38;2;69;65;55m████[38;2;8;11;12m  [38;2;76;105;112m  [38;2;75;105;112m  [38;2;76;105;112m  [38;2;75;105;112m  [38;2;76;105;112m    [38;2;19;27;29m  
[38;2;19;27;29m  [38;2;75;105;112m  [38;2;76;105;112m        [38;2;43;58;61m  [38;2;32;40;42m██[38;2;20;20;18m██[38;2;18;22;23m██[38;2;49;69;73m  [38;2;75;104;110m  [38;2;76;105;112m    [38;2;44;57;60m  [38;2;67;74;77m██[38;2;68;76;79m██[38;2;61;60;57m██[38;2;68;73;69m██[38;2;41;44;44m  [38;2;57;80;84m  [38;2;76;105;112m    [38;2;76;106;112m  [38;2;76;105;112m    [38;2;19;27;29m  
[38;2;19;27;29m  [38;2;76;106;112m  [38;2;75;105;112m  [38;2;76;105;112m    [38;2;76;106;112m  [38;2;75;105;112m  [38;2;76;106;112m  [38;2;76;105;112m            [38;2;46;59;61m  [38;2;45;45;46m██[38;2;95;118;123m██[38;2;47;48;49m██[38;2;95;117;121m██[38;2;40;40;35m  [38;2;53;74;78m  [38;2;76;105;112m  [38;2;76;106;112m  [38;2;76;105;112m      [38;2;19;27;29m  
[38;2;5;7;7m  [38;2;20;28;30m                          [38;2;9;13;14m  [38;2;0;1;1m  [38;2;25;31;33m██[38;2;1;2;2m  [38;2;25;31;33m██[38;2;2;3;3m  [38;2;20;28;30m            [38;2;5;7;7m  [0m
