
[38;2;0;0;0m                [38;2;17;9;11m  [38;2;2;1;1m  [38;2;0;0;0m                              
[38;2;0;0;0m                [38;2;70;39;44m██[38;2;10;5;6m██[38;2;0;0;0m                              
[38;2;0;0;0m            [38;2;18;8;20m  [38;2;47;22;53m██[38;2;162;88;98m██[38;2;54;25;55m██[38;2;21;10;24m  [38;2;47;22;53m████[38;2;0;2;2m  [38;2;0;0;0m  [38;2;39;22;24m██[38;2;0;0;0m                  
[38;2;0;0;0m        [38;2;83;47;51m  [38;2;0;0;0m  [38;2;161;75;179m██[38;2;191;89;213m██[38;2;146;70;108m██[38;2;189;89;210m██[38;2;165;77;184m██[38;2;191;89;213m████[38;2;141;89;153m██[38;2;120;65;73m██[38;2;39;22;24m  [38;2;0;0;0m                  
[38;2;0;0;0m        [38;2;156;81;105m██[38;2;166;74;158m██[38;2;191;89;213m██[38;2;191;89;212m██[38;2;191;89;213m██████[38;2;178;82;199m██[38;2;164;76;186m██[38;2;134;53;91m██[38;2;87;36;70m██[38;2;108;56;63m  [38;2;0;0;0m                  
[38;2;0;0;0m        [38;2;188;92;201m██[38;2;123;46;68m██[38;2;188;87;212m██[38;2;191;89;213m████████[38;2;178;83;199m██[38;2;184;86;206m██[38;2;191;88;213m██[38;2;191;89;213m██[38;2;134;63;150m  [38;2;0;0;0m                  
[38;2;0;0;0m      [38;2;156;72;174m██[38;2;191;89;212m██[38;2;160;80;181m██[38;2;188;87;213m██[38;2;191;89;212m██[38;2;191;89;213m██[38;2;161;83;178m██[38;2;159;83;176m██[38;2;190;89;212m██[38;2;191;89;212m██[38;2;151;69;172m██[38;2;166;78;187m██[38;2;172;78;174m██[38;2;180;90;200m██[38;2;42;23;26m████[38;2;0;0;0m            
[38;2;0;0;0m  [38;2;62;61;81m  [38;2;42;20;47m  [38;2;182;84;203m██[38;2;191;89;212m██[38;2;191;89;213m██[38;2;191;89;212m██[38;2;191;89;213m██[38;2;96;70;101m██[38;2;119;118;148m██[38;2;94;95;111m██[38;2;188;88;210m██[38;2;191;89;213m████[38;2;182;86;206m██[38;2;165;72;167m██[38;2;128;59;83m██[38;2;42;23;26m████[38;2;0;0;0m            
[38;2;0;0;0m  [38;2;81;81;110m██[38;2;102;71;109m██[38;2;191;89;213m██[38;2;191;89;212m████[38;2;171;94;188m██[38;2;94;79;97m██[38;2;144;124;180m██[38;2;115;66;131m██[38;2;116;97;137m██[38;2;189;88;210m██[38;2;191;89;212m██[38;2;191;89;213m████[38;2;178;82;200m██[38;2;107;50;120m██[38;2;115;60;67m    [38;2;0;0;0m            
[38;2;0;0;0m  [38;2;20;22;27m  [38;2;87;63;99m██[38;2;181;78;206m██[38;2;187;86;212m██[38;2;135;84;143m██[38;2;111;77;118m██[38;2;137;128;173m██[38;2;143;100;173m██[38;2;145;112;161m██[38;2;133;70;148m██[38;2;187;86;213m██[38;2;96;70;102m██[38;2;98;70;104m██[38;2;191;89;213m██[38;2;176;82;197m██[38;2;174;80;195m██[38;2;0;0;0m                
[38;2;0;0;0m  [38;2;0;2;0m  [38;2;77;74;91m██[38;2;124;70;134m██[38;2;110;75;123m██[38;2;90;83;100m██[38;2;139;121;162m██[38;2;137;70;162m██[38;2;139;141;179m██[38;2;78;62;83m██[38;2;118;75;128m██[38;2;91;68;76m██[38;2;155;90;99m██[38;2;85;64;90m██[38;2;168;83;186m██[38;2;158;82;174m██[38;2;138;62;159m██[38;2;31;14;35m  [38;2;0;0;0m              
[38;2;0;0;0m    [38;2;40;34;44m██[38;2;94;71;98m██[38;2;126;128;161m██[38;2;72;56;85m██[38;2;215;200;104m██[38;2;180;93;201m██[38;2;139;141;179m██[38;2;69;68;71m██[38;2;110;74;91m██[38;2;167;93;103m██[38;2;116;79;84m██[38;2;83;64;88m██[38;2;103;95;122m██[38;2;69;63;70m██[38;2;117;73;129m██[38;2;127;57;143m██[38;2;118;118;118m  [38;2;0;0;0m            
[38;2;0;0;0m    [38;2;66;66;85m██[38;2;139;141;179m██[38;2;138;121;173m██[38;2;206;192;62m██[38;2;200;167;103m██[38;2;120;113;157m██[38;2;91;81;99m██[38;2;120;66;74m██[38;2;128;73;80m██[38;2;86;87;93m██[38;2;111;112;136m██[38;2;138;140;179m██[38;2;112;101;134m██[38;2;100;75;101m██[38;2;112;76;122m██[38;2;80;81;80m██[38;2;158;158;158m  [38;2;0;0;0m            
[38;2;0;0;0m    [38;2;61;54;70m██[38;2;156;126;162m██[38;2;139;141;179m██[38;2;91;91;105m██[38;2;79;80;89m██[38;2;73;75;83m██[38;2;106;65;71m██[38;2;154;81;169m██[38;2;87;89;104m██[38;2;134;138;179m██[38;2;139;141;179m██[38;2;136;138;177m██[38;2;33;30;39m██[38;2;87;82;88m██[38;2;96;86;100m██[38;2;85;86;85m██[38;2;58;57;58m  [38;2;0;0;0m            
[38;2;0;0;0m  [38;2;1;0;1m  [38;2;10;7;13m  [38;2;31;26;40m██[38;2;74;74;84m██[38;2;100;100;133m██[38;2;72;73;90m  [38;2;102;52;59m  [38;2;73;49;52m██[38;2;68;59;67m██[38;2;98;84;109m██[38;2;140;70;163m██[38;2;84;84;99m██[38;2;67;67;67m  [38;2;255;255;255m  [38;2;63;63;63m    [38;2;71;71;65m██[38;2;186;176;19m██[38;2;38;26;30m██[38;2;169;95;105m██[38;2;146;82;90m██[38;2;12;7;7m  [38;2;0;0;0m    
[38;2;37;17;41m  [38;2;101;64;103m██[38;2;131;107;139m██[38;2;109;109;144m██[38;2;77;78;105m██[38;2;26;26;34m██[38;2;215;215;215m  [38;2;197;197;197m  [38;2;191;191;191m  [38;2;27;34;40m  [38;2;90;71;101m██[38;2;128;92;134m██[38;2;103;103;103m  [38;2;255;255;255m        [38;2;16;14;0m██[38;2;130;115;34m██[38;2;127;67;77m██[38;2;161;87;97m██[38;2;171;94;119m██[38;2;55;27;55m██[38;2;0;0;0m    
[38;2;0;0;0m    [38;2;124;70;143m██[38;2;14;14;18m  [38;2;0;0;0m        [38;2;26;26;35m██[38;2;99;100;135m██[38;2;87;86;101m██[38;2;83;82;94m██[38;2;81;86;113m██[38;2;34;34;44m  [38;2;0;0;0m      [38;2;14;6;7m██[38;2;142;68;78m████[38;2;141;67;90m██[38;2;155;79;124m██[38;2;183;83;205m██[38;2;47;22;53m██[38;2;12;5;13m  
[38;2;0;0;0m              [38;2;70;70;95m  [38;2;104;105;142m██[38;2;109;108;138m██[38;2;45;45;54m██[38;2;34;33;44m██[38;2;133;136;174m██[38;2;138;140;179m██[38;2;92;92;117m██[38;2;0;2;0m  [38;2;0;0;0m  [38;2;3;1;1m  [38;2;101;48;55m██[38;2;141;67;77m██[38;2;139;65;89m██[38;2;141;68;161m██[38;2;150;69;169m██[38;2;130;59;146m██[38;2;12;5;13m  
[38;2;0;0;0m              [38;2;70;70;95m  [38;2;86;86;106m██[38;2;46;46;52m██[38;2;3;3;0m  [38;2;0;0;0m  [38;2;52;52;67m  [38;2;104;106;135m██[38;2;86;87;105m██[38;2;24;27;33m  [38;2;0;0;0m      [38;2;14;6;16m  [38;2;103;46;120m██[38;2;104;48;119m██[38;2;31;14;35m  [38;2;0;0;0m    
[38;2;0;0;0m              [38;2;71;70;93m  [38;2;98;99;130m██[38;2;80;80;106m██[38;2;0;0;0m        [38;2;58;58;73m██[38;2;97;98;133m██[38;2;0;0;0m                  
[38;2;0;0;0m            [38;2;57;26;63m  [38;2;107;48;116m██[38;2;83;38;92m  [38;2;0;0;0m        [38;2;42;30;56m██[38;2;110;69;129m██[38;2;81;52;100m  [38;2;0;0;0m                  
[38;2;0;0;0m                          [38;2;41;26;48m  [38;2;23;14;28m  [38;2;0;1;3m  [38;2;0;0;0m                  [0m
