
[38;2;0;0;0m                  [38;2;49;49;49m  [38;2;0;0;0m                    
[38;2;0;0;0m                [38;2;1;1;0m  [38;2;182;182;177m██[38;2;0;0;0m                    
[38;2;0;0;0m                [38;2;57;57;55m██[38;2;155;155;150m██[38;2;80;78;67m██[38;2;0;0;0m                  
[38;2;0;0;0m                [38;2;41;40;38m██[38;2;87;85;77m██[38;2;80;78;67m██[38;2;0;0;0m                  
[38;2;0;0;0m              [38;2;6;3;0m  [38;2;170;169;161m██[38;2;103;100;87m██[38;2;76;74;72m██[38;2;26;26;22m██[38;2;0;0;0m                
[38;2;0;0;0m              [38;2;0;0;10m  [38;2;130;128;112m██[38;2;78;77;73m██[38;2;94;91;82m██[38;2;17;17;17m██[38;2;0;0;0m                
[38;2;0;0;0m        [38;2;90;87;75m██[38;2;126;125;129m  [38;2;126;126;130m  [38;2;60;59;58m██[38;2;115;112;98m██[38;2;76;75;72m██[38;2;88;85;74m██[38;2;83;80;69m██[38;2;31;30;27m  [38;2;0;0;3m  [38;2;13;13;11m    [38;2;0;0;0m        
[38;2;0;0;0m        [38;2;97;94;84m██[38;2;119;116;104m██[38;2;62;61;63m██[38;2;116;113;99m██[38;2;120;118;101m██[38;2;119;116;100m██[38;2;104;101;87m██[38;2;78;76;72m██[38;2;76;75;72m██[38;2;62;61;55m██[38;2;131;129;111m██[38;2;35;34;29m██[38;2;0;0;0m        
[38;2;0;0;0m        [38;2;66;65;57m██[38;2;101;98;89m██[38;2;153;150;133m██[38;2;121;119;111m██[38;2;98;96;89m████[38;2;83;81;76m██[38;2;101;97;86m██[38;2;96;93;83m██[38;2;122;119;105m██[38;2;120;117;101m██[38;2;26;25;22m██[38;2;0;0;0m        
[38;2;0;0;0m      [38;2;0;2;0m  [38;2;66;68;61m██[38;2;77;75;72m██[38;2;160;160;154m██[38;2;162;160;143m██[38;2;141;138;119m████[38;2;106;104;89m██[38;2;77;75;72m████[38;2;107;103;90m██[38;2;98;96;85m██[38;2;18;18;17m██[38;2;0;0;0m        
[38;2;19;17;7m  [38;2;78;70;31m  [38;2;58;53;23m  [38;2;61;63;61m██[38;2;52;51;42m  [38;2;50;47;35m  [38;2;39;38;34m██[38;2;119;112;36m██[38;2;151;146;125m██[38;2;59;57;34m██[38;2;47;46;48m██[38;2;75;73;67m██[38;2;119;69;66m██[38;2;101;98;86m██[38;2;75;74;69m██[38;2;70;71;70m██[38;2;29;29;29m  [38;2;58;53;23m  [38;2;78;70;31m  [38;2;19;17;7m  
[38;2;40;36;16m  [38;2;163;147;65m  [38;2;20;20;20m████[38;2;163;147;65m    [38;2;13;13;17m██[38;2;167;131;11m██[38;2;217;196;4m██[38;2;44;40;4m██[38;2;69;66;60m██[38;2;76;75;73m██[38;2;152;51;50m██[38;2;0;0;8m██[38;2;40;36;16m    [38;2;81;82;81m██[38;2;20;20;20m██[38;2;163;147;65m  [38;2;40;36;16m  
[38;2;40;36;16m  [38;2;163;147;65m  [38;2;73;67;35m  [38;2;41;42;41m██[38;2;104;93;31m  [38;2;182;162;31m  [38;2;67;61;32m  [38;2;125;115;47m██[38;2;155;142;51m████[38;2;80;78;74m██[38;2;168;67;65m██[38;2;40;36;16m  [38;2;163;147;65m      [38;2;20;20;20m██[38;2;52;52;52m██[38;2;99;90;40m  [38;2;40;36;16m  
[38;2;40;36;16m  [38;2;164;147;65m  [38;2;124;112;50m  [38;2;60;60;59m  [38;2;62;62;62m██[38;2;7;5;1m██[38;2;217;156;31m██[38;2;118;113;71m██[38;2;139;132;127m██[38;2;158;154;136m██[38;2;227;192;36m██[38;2;117;87;46m██[38;2;40;36;16m  [38;2;164;147;65m  [38;2;156;141;63m  [38;2;41;38;18m  [38;2;81;81;81m██[38;2;78;78;78m██[38;2;46;41;18m  [38;2;40;36;16m  
[38;2;17;16;7m  [38;2;140;127;56m  [38;2;163;147;65m  [38;2;110;99;44m  [38;2;52;47;32m██[38;2;151;120;62m██[38;2;162;150;121m██[38;2;159;142;52m██[38;2;144;129;67m██[38;2;149;145;126m██[38;2;142;137;102m██[38;2;219;181;47m██[38;2;45;43;35m  [38;2;71;64;28m  [38;2;46;46;46m██[38;2;73;73;73m██[38;2;49;47;36m  [38;2;92;83;37m  [38;2;163;147;65m  [38;2;40;36;16m  
[38;2;46;36;0m  [38;2;60;47;0m██[38;2;50;44;15m  [38;2;150;135;60m  [38;2;42;38;28m██[38;2;156;151;133m██[38;2;120;112;73m██[38;2;211;111;55m██[38;2;194;175;45m██[38;2;121;117;105m██[38;2;151;148;127m██[38;2;203;186;60m██[38;2;178;123;34m██[38;2;76;72;76m██[38;2;59;59;57m  [38;2;14;12;5m  [38;2;163;147;65m  [38;2;153;138;61m  [38;2;149;135;60m  [38;2;37;33;15m  
[38;2;0;0;0m  [38;2;153;120;0m██[38;2;184;145;0m██[38;2;129;101;0m██[38;2;143;113;30m██[38;2;158;135;73m██[38;2;174;154;42m██[38;2;149;132;50m██[38;2;171;139;19m██[38;2;179;159;65m██[38;2;130;127;109m██[38;2;160;157;135m██[38;2;193;176;44m██[38;2;46;45;46m██[38;2;46;44;36m  [38;2;64;57;25m    [38;2;118;107;6m  [38;2;136;124;0m██[38;2;34;31;0m██
[38;2;40;36;16m  [38;2;57;51;22m  [38;2;136;99;0m██[38;2;195;151;0m██[38;2;172;138;16m██[38;2;186;169;40m██[38;2;212;116;54m██[38;2;128;120;79m██[38;2;220;170;38m██[38;2;223;175;41m██[38;2;104;101;101m██[38;2;217;193;63m██[38;2;169;117;37m██[38;2;174;140;14m██[38;2;208;163;0m██[38;2;220;193;0m██[38;2;221;198;0m██[38;2;206;187;6m██[38;2;155;142;0m██[38;2;0;1;0m  
[38;2;40;36;16m  [38;2;163;147;65m  [38;2;31;26;10m██[38;2;115;99;43m██[38;2;194;153;5m██[38;2;155;123;5m██[38;2;138;129;69m██[38;2;166;160;128m██[38;2;147;131;79m██[38;2;121;111;61m██[38;2;156;141;39m██[38;2;135;110;52m██[38;2;157;81;49m██[38;2;196;153;0m██[38;2;210;169;0m██[38;2;222;200;0m██[38;2;218;190;0m██[38;2;181;164;17m██[38;2;47;40;10m  [38;2;26;24;10m  
[38;2;40;36;16m  [38;2;163;147;65m  [38;2;130;117;52m  [38;2;134;106;2m  [38;2;134;107;2m  [38;2;28;29;11m  [38;2;110;83;3m██[38;2;176;118;27m██[38;2;206;187;41m██[38;2;207;187;39m██[38;2;89;65;65m██[38;2;148;58;56m██[38;2;38;18;16m  [38;2;136;108;2m  [38;2;194;177;0m██[38;2;214;178;0m██[38;2;146;114;0m██[38;2;43;37;8m  [38;2;163;147;65m  [38;2;40;36;16m  
[38;2;12;11;5m  [38;2;49;45;20m    [38;2;12;11;5m    [38;2;49;45;20m  [38;2;15;5;4m██[38;2;136;55;53m██[38;2;161;67;64m██[38;2;163;68;60m██[38;2;167;56;53m██[38;2;15;5;4m██[38;2;164;62;53m  [38;2;12;11;5m  [38;2;17;15;0m  [38;2;68;62;0m██[38;2;0;0;0m  [38;2;37;33;15m  [38;2;49;45;20m  [38;2;12;11;5m  
[38;2;0;0;0m            [38;2;202;68;65m  [38;2;83;28;26m  [38;2;169;56;54m████[38;2;83;28;26m  [38;2;203;68;65m  [38;2;152;51;48m  [38;2;0;0;0m              
[38;2;0;0;0m            [38;2;52;17;16m    [38;2;13;4;4m    [38;2;52;17;16m    [38;2;39;13;12m  [38;2;0;0;0m              [0m
