
[38;2;0;0;0m    [38;2;49;47;51m██[38;2;12;11;12m  [38;2;0;0;0m      [38;2;47;47;47m██  [38;2;0;0;0m                                      
[38;2;0;0;0m    [38;2;73;71;76m██[38;2;147;144;153m██[38;2;147;145;153m██[38;2;36;36;38m  [38;2;0;0;0m  [38;2;52;52;52m  [38;2;192;192;192m██[38;2;191;191;191m██[38;2;0;0;0m                                    
[38;2;0;0;0m        [38;2;147;145;153m██[38;2;184;181;192m██[38;2;151;149;158m██[38;2;195;195;195m██[38;2;125;124;126m██[38;2;188;185;196m██[38;2;241;240;243m██[38;2;132;131;133m██[38;2;167;167;168m██[38;2;49;48;51m██[38;2;0;0;0m                            
[38;2;0;0;0m          [38;2;36;36;38m  [38;2;136;133;137m██[38;2;243;242;243m██[38;2;243;243;243m██[38;2;125;124;126m██[38;2;151;148;153m██[38;2;149;147;150m██[38;2;97;98;100m██[38;2;122;120;126m██[38;2;110;109;115m  [38;2;0;0;0m                          
[38;2;0;0;0m            [38;2;108;106;108m██[38;2;251;250;252m██[38;2;255;255;255m████[38;2;108;110;108m██[38;2;97;99;99m██[38;2;201;196;205m██[38;2;122;120;126m██[38;2;97;96;101m██[38;2;49;48;51m██[38;2;0;0;0m                        
[38;2;0;0;0m          [38;2;143;143;143m  [38;2;220;217;225m██[38;2;251;251;252m██[38;2;255;255;255m████[38;2;108;107;108m██[38;2;97;96;99m██[38;2;98;96;100m██[38;2;172;169;178m██[38;2;147;145;152m██[38;2;135;133;140m██[38;2;0;0;0m                        
[38;2;0;0;0m        [38;2;90;88;93m██[38;2;213;210;219m██[38;2;255;255;255m██[38;2;219;219;219m██[38;2;171;171;171m██[38;2;89;88;91m██[38;2;186;86;82m██[38;2;208;96;92m██[38;2;197;109;110m██[38;2;66;76;83m██[38;2;132;131;137m██[38;2;195;193;202m██[38;2;123;121;127m██[38;2;0;0;0m                      
[38;2;21;30;29m  [38;2;86;123;117m  [38;2;64;92;87m  [38;2;143;140;143m  [38;2;244;240;245m██[38;2;148;147;148m██[38;2;112;111;112m██[38;2;147;147;149m██[38;2;65;64;70m██[38;2;196;195;198m██[38;2;209;174;173m██[38;2;141;100;105m██[38;2;155;143;157m██[38;2;144;144;153m██[38;2;144;143;144m██[38;2;133;132;140m██[38;2;156;155;159m██[38;2;36;36;38m  [38;2;64;92;87m  [38;2;48;76;71m  [38;2;36;38;36m  [38;2;64;92;87m  [38;2;86;123;117m          [38;2;21;30;29m  
[38;2;28;41;39m  [38;2;115;165;156m    [38;2;28;41;39m  [38;2;74;86;85m██[38;2;135;138;138m██[38;2;124;123;124m██[38;2;196;195;197m██[38;2;243;243;243m██[38;2;209;210;209m████[38;2;127;134;136m██[38;2;124;130;135m██[38;2;197;194;205m██[38;2;135;138;138m██[38;2;173;176;175m██[38;2;205;204;208m██[38;2;172;170;178m██[38;2;27;48;45m██[38;2;60;110;101m██[38;2;60;97;90m██[38;2;86;123;117m  [38;2;115;165;156m          [38;2;28;41;39m  
[38;2;28;41;39m  [38;2;115;165;156m  [38;2;114;165;156m  [38;2;93;134;126m  [38;2;27;48;45m██[38;2;64;76;74m██[38;2;195;195;195m██[38;2;99;97;99m██[38;2;112;111;112m██[38;2;175;176;175m██[38;2;107;109;107m██[38;2;212;210;217m██[38;2;209;206;216m██[38;2;122;120;126m██[38;2;62;103;95m██[38;2;70;85;81m██[38;2;114;115;114m██[38;2;80;109;103m██[38;2;63;87;81m██[38;2;61;112;103m██[38;2;33;51;48m  [38;2;107;154;146m  [38;2;114;165;156m  [38;2;115;165;156m  [38;2;114;165;156m  [38;2;115;165;156m  [38;2;114;165;156m  [38;2;28;41;39m  
[38;2;28;41;39m  [38;2;115;165;156m  [38;2;107;154;146m  [38;2;86;123;117m  [38;2;27;46;42m██[38;2;62;100;93m██[38;2;108;107;108m██[38;2;229;230;231m██[38;2;240;240;242m██[38;2;210;206;216m██[38;2;200;194;208m██[38;2;173;166;178m██[38;2;65;75;71m██[38;2;62;103;95m██[38;2;62;109;100m██[38;2;64;73;72m██[38;2;83;133;124m██[38;2;84;134;125m██[38;2;79;126;118m██[38;2;73;93;88m██[38;2;36;55;52m  [38;2;107;154;146m  [38;2;115;165;156m          [38;2;28;41;39m  
[38;2;28;41;39m  [38;2;115;165;156m  [38;2;69;78;77m  [38;2;191;191;191m██[38;2;64;73;72m██[38;2;63;91;86m██[38;2;71;98;94m██[38;2;165;166;172m██[38;2;163;162;169m██[38;2;123;118;122m██[38;2;98;96;100m██[38;2;71;98;93m██[38;2;62;112;103m██[38;2;62;84;80m██[38;2;63;83;78m██[38;2;62;99;93m██[38;2;72;94;90m██[38;2;83;133;124m██[38;2;68;77;76m██[38;2;68;77;75m██[38;2;67;86;83m██[38;2;37;56;52m  [38;2;114;165;156m  [38;2;115;165;156m  [38;2;114;165;156m  [38;2;115;165;156m  [38;2;114;165;156m  [38;2;28;41;39m  
[38;2;28;41;39m    [38;2;207;207;207m██[38;2;243;243;243m██[38;2;215;215;216m██[38;2;73;72;74m██[38;2;46;84;77m██[38;2;59;71;67m  [38;2;93;95;96m██[38;2;67;106;98m██[38;2;69;81;80m██████[38;2;81;121;114m██[38;2;80;130;121m██[38;2;62;112;103m██[38;2;63;91;86m██[38;2;65;64;65m██[38;2;133;132;135m██[38;2;241;239;243m██[38;2;218;218;218m██[38;2;39;39;41m██[38;2;93;134;126m  [38;2;115;165;156m        [38;2;28;41;39m  
[38;2;7;10;9m  [38;2;54;85;80m  [38;2;75;102;98m██[38;2;100;99;105m██[38;2;204;203;208m██[38;2;61;60;64m██[38;2;86;123;117m  [38;2;212;222;220m  [38;2;15;19;18m██[38;2;75;116;108m██[38;2;84;134;125m██[38;2;84;134;124m██[38;2;84;134;125m██[38;2;84;134;124m██[38;2;79;120;112m██[38;2;65;77;75m██[38;2;63;91;86m██[38;2;75;102;98m██[38;2;98;96;100m██[38;2;174;170;181m██[38;2;224;221;228m██[38;2;183;183;186m██[38;2;43;46;46m  [38;2;28;41;39m  [38;2;114;165;156m  [38;2;50;72;68m  [38;2;28;41;39m  [38;2;7;10;9m  
[38;2;18;30;28m██[38;2;51;101;92m██[38;2;123;121;116m██[38;2;67;66;67m██[38;2;118;119;125m  [38;2;93;134;126m  [38;2;107;154;146m  [38;2;33;52;48m  [38;2;68;80;78m██[38;2;72;96;90m██[38;2;68;76;76m██[38;2;78;115;109m████[38;2;71;89;87m██[38;2;72;94;90m██[38;2;76;90;86m██[38;2;107;121;118m██[38;2;73;123;114m██[38;2;84;134;125m██[38;2;72;95;89m██[38;2;177;172;179m██[38;2;200;194;208m██[38;2;64;73;72m██[38;2;62;109;100m██[38;2;15;25;23m██[38;2;51;88;82m██[38;2;62;112;103m██[38;2;15;28;25m██
[38;2;50;53;53m██[38;2;106;118;116m██[38;2;51;51;50m██[38;2;69;97;92m  [38;2;93;134;126m  [38;2;115;165;156m  [38;2;33;42;42m  [38;2;58;96;90m██[38;2;62;93;88m██[38;2;79;120;113m██[38;2;75;102;98m██[38;2;75;103;98m████[38;2;78;115;109m██[38;2;83;133;124m██[38;2;71;83;81m██[38;2;99;101;101m██[38;2;166;179;177m██[38;2;76;87;80m██[38;2;80;120;111m██[38;2;98;96;100m██[38;2;123;117;122m██[38;2;62;100;93m██[38;2;63;81;79m██[38;2;62;109;100m██[38;2;64;82;79m██[38;2;50;91;83m██[38;2;3;7;6m  
[38;2;7;10;9m  [38;2;28;41;39m  [38;2;115;165;156m      [38;2;28;41;39m  [38;2;123;120;128m██[38;2;123;120;127m██[38;2;90;88;91m██[38;2;61;88;84m██[38;2;74;111;105m██[38;2;79;116;109m████[38;2;78;115;109m██[38;2;74;120;112m██[38;2;62;100;93m██[38;2;75;102;98m██[38;2;112;111;112m██[38;2;105;104;100m██[38;2;136;135;136m██[38;2;101;99;99m██[38;2;70;98;92m██[38;2;62;112;103m██[38;2;64;76;74m██[38;2;62;109;100m██[38;2;52;60;59m██[38;2;50;72;68m  [38;2;28;41;39m  
[38;2;28;41;39m  [38;2;115;165;156m  [38;2;114;165;156m  [38;2;115;165;156m  [38;2;114;165;156m  [38;2;28;41;39m  [38;2;200;194;208m████[38;2;191;185;198m██[38;2;164;161;170m██[38;2;64;73;72m██[38;2;68;76;76m██████[38;2;63;81;79m██[38;2;64;73;72m██[38;2;219;219;219m██[38;2;255;255;255m██[38;2;207;207;207m██[38;2;243;243;243m████[38;2;107;109;107m██[38;2;62;103;95m██[38;2;63;94;89m██[38;2;15;25;23m██[38;2;68;96;91m  [38;2;114;165;156m  [38;2;28;41;39m  
[38;2;28;41;39m  [38;2;115;165;156m          [38;2;16;19;18m██[38;2;139;140;146m██[38;2;163;162;170m██[38;2;164;162;170m██[38;2;63;81;79m██[38;2;50;88;81m██[38;2;62;112;103m████[38;2;62;100;93m██[38;2;166;161;172m██[38;2;209;205;215m██[38;2;215;215;217m██[38;2;207;207;207m██[38;2;207;207;209m██[38;2;228;227;231m██[38;2;85;84;89m██[38;2;28;41;39m    [38;2;115;165;156m      [38;2;28;41;39m  
[38;2;28;41;39m  [38;2;115;165;156m  [38;2;114;165;156m  [38;2;115;165;156m  [38;2;114;165;156m  [38;2;50;72;68m  [38;2;163;166;165m██[38;2;175;179;177m██[38;2;75;85;82m██[38;2;62;101;93m██[38;2;52;60;59m██[38;2;68;96;91m  [38;2;15;28;25m████[38;2;15;25;23m██[38;2;156;151;162m██[38;2;103;100;106m██[38;2;61;88;86m██[38;2;61;98;92m██[38;2;64;101;97m██[38;2;84;86;85m██[38;2;77;104;100m  [38;2;114;165;156m  [38;2;115;165;156m  [38;2;114;165;156m  [38;2;115;165;156m  [38;2;114;165;156m  [38;2;28;41;39m  
[38;2;21;30;29m  [38;2;86;123;117m          [38;2;0;0;0m        [38;2;21;30;29m  [38;2;86;123;117m        [38;2;26;35;33m  [38;2;49;57;58m██[38;2;80;118;111m██[38;2;90;90;82m██[38;2;83;84;81m██[38;2;69;81;77m  [38;2;86;123;117m            [38;2;21;30;29m  
[38;2;0;0;0m                                  [38;2;47;47;47m  [38;2;31;31;31m████[38;2;47;47;47m  [38;2;0;0;0m              [0m
