
[38;2;0;0;0m  [38;2;49;44;6m  [38;2;66;58;9m            [38;2;16;14;4m    [38;2;66;58;9m                        [38;2;49;44;6m  [38;2;0;0;0m  
[38;2;0;0;0m  [38;2;191;169;26m  [38;2;255;226;35m            [38;2;63;55;16m██[38;2;101;93;54m██[38;2;105;93;14m  [38;2;255;226;35m                  [38;2;55;49;7m  [38;2;205;181;28m  [38;2;191;169;26m  [38;2;0;0;0m  
[38;2;0;0;0m  [38;2;191;169;26m  [38;2;255;226;34m  [38;2;255;226;35m  [38;2;255;226;34m  [38;2;255;226;35m  [38;2;255;226;34m  [38;2;255;226;35m  [38;2;102;89;19m  [38;2;235;203;59m██[38;2;102;89;20m  [38;2;235;208;32m  [38;2;255;226;34m  [38;2;255;226;35m  [38;2;255;226;34m  [38;2;255;226;35m  [38;2;255;226;34m  [38;2;255;226;35m  [38;2;177;157;24m  [38;2;102;89;20m  [38;2;152;145;2m  [38;2;210;186;28m  [38;2;191;169;26m  [38;2;0;0;0m  
[38;2;0;0;0m  [38;2;191;169;26m  [38;2;255;226;35m            [38;2;191;169;26m  [38;2;191;165;47m██[38;2;243;210;61m██[38;2;85;74;17m  [38;2;255;226;35m          [38;2;97;85;13m  [38;2;210;181;52m██[38;2;243;210;61m██[38;2;63;56;8m  [38;2;255;226;35m  [38;2;191;169;26m  [38;2;0;0;0m  
[38;2;0;0;0m  [38;2;191;169;26m  [38;2;255;226;35m            [38;2;213;191;48m  [38;2;163;146;70m  [38;2;250;215;61m██[38;2;237;201;54m██[38;2;88;76;22m████[38;2;108;98;41m  [38;2;166;147;22m  [38;2;88;76;22m██[38;2;213;184;53m██[38;2;232;200;58m██[38;2;108;94;19m  [38;2;255;226;35m    [38;2;191;169;26m  [38;2;0;0;0m  
[38;2;0;0;0m  [38;2;191;169;26m  [38;2;255;226;35m            [38;2;199;177;34m  [38;2;57;57;57m  [38;2;220;188;61m██[38;2;248;228;125m██[38;2;255;231;112m████[38;2;246;214;69m██[38;2;188;157;38m██[38;2;255;220;64m████[38;2;157;131;30m██[38;2;191;169;26m  [38;2;255;226;35m    [38;2;191;169;26m  [38;2;0;0;0m  
[38;2;0;0;0m  [38;2;191;169;26m  [38;2;255;226;35m    [38;2;248;193;67m  [38;2;227;94;166m  [38;2;204;84;149m  [38;2;91;32;64m  [38;2;93;33;66m██[38;2;140;110;75m██[38;2;255;237;139m██████[38;2;255;224;82m██[38;2;255;227;98m██[38;2;255;220;64m██[38;2;235;199;53m██[38;2;211;175;41m██[38;2;34;14;25m  [38;2;138;57;101m  [38;2;227;94;166m        
[38;2;0;0;0m  [38;2;191;169;26m  [38;2;255;226;35m    [38;2;248;193;67m  [38;2;227;94;166m  [38;2;59;20;41m  [38;2;190;60;131m██[38;2;95;79;61m██[38;2;229;196;56m██[38;2;255;225;87m██[38;2;255;237;139m██[38;2;255;233;121m██[38;2;255;220;65m██[38;2;255;220;64m██[38;2;189;158;40m██[38;2;204;168;36m██[38;2;64;52;11m██[38;2;178;56;122m████[38;2;19;8;14m  [38;2;175;72;128m  [38;2;227;94;166m  [38;2;71;29;52m  
[38;2;8;9;11m  [38;2;92;92;94m██[38;2;171;152;23m  [38;2;255;226;35m  [38;2;248;193;67m  [38;2;227;94;166m  [38;2;48;15;33m██[38;2;97;64;82m██[38;2;241;211;79m██[38;2;158;139;59m██[38;2;255;220;64m██████[38;2;215;183;52m██[38;2;187;157;44m██[38;2;189;155;35m██[38;2;204;168;36m██[38;2;99;90;57m██[38;2;197;64;136m██[38;2;218;85;157m██[38;2;222;89;161m██[38;2;127;51;92m██[38;2;95;33;67m  [38;2;32;13;23m  
[38;2;43;44;46m██[38;2;205;205;207m██[38;2;185;185;183m  [38;2;194;171;26m  [38;2;248;193;67m  [38;2;227;94;166m  [38;2;164;68;120m  [38;2;144;47;99m██[38;2;118;117;112m██[38;2;63;63;63m██[38;2;255;220;64m████[38;2;106;86;24m██[38;2;190;188;184m██[38;2;227;218;191m██[38;2;193;158;35m██[38;2;204;168;37m██[38;2;236;201;57m██[38;2;108;70;91m██[38;2;222;89;161m██████[38;2;212;80;151m██[38;2;46;14;32m  
[38;2;44;44;47m██[38;2;179;179;189m██[38;2;208;209;212m██[38;2;68;62;43m██[38;2;121;91;44m  [38;2;199;82;146m    [38;2;102;72;34m  [38;2;115;63;91m██[38;2;170;146;50m██[38;2;255;220;64m██[38;2;183;152;38m██[38;2;197;180;117m████[38;2;204;168;36m██[38;2;222;186;46m██[38;2;164;145;64m████[38;2;144;63;107m██[38;2;205;72;144m██[38;2;209;76;148m████[38;2;179;62;125m██[38;2;33;15;25m██
[38;2;0;0;0m  [38;2;134;134;141m██[38;2;159;155;146m██[38;2;216;185;52m██[38;2;207;181;64m██[38;2;16;16;16m██[38;2;51;42;9m██[38;2;204;168;36m██[38;2;169;142;44m██[38;2;207;181;64m██[38;2;231;197;55m██[38;2;193;158;35m██[38;2;204;168;36m████[38;2;65;65;65m████[38;2;162;62;116m████[38;2;195;62;134m████████[38;2;48;48;48m██  
[38;2;0;0;0m  [38;2;99;86;25m  [38;2;148;129;53m██[38;2;196;165;42m██[38;2;131;101;63m██[38;2;179;62;125m██[38;2;132;76;88m██[38;2;136;117;50m██[38;2;154;125;72m██[38;2;223;180;72m██[38;2;201;169;47m██[38;2;230;195;51m██[38;2;131;101;63m██[38;2;132;63;101m██[38;2;195;61;134m████[38;2;127;63;97m██[38;2;131;63;100m██[38;2;118;55;89m██[38;2;93;29;64m██[38;2;137;118;50m██[38;2;57;52;35m██[38;2;92;40;68m  [38;2;39;39;39m  
[38;2;0;0;0m  [38;2;8;7;1m  [38;2;244;211;61m██[38;2;137;114;30m██[38;2;169;142;43m██[38;2;158;62;114m██[38;2;118;108;64m██[38;2;246;212;61m██[38;2;9;4;7m  [38;2;148;121;28m    [38;2;185;158;47m  [38;2;209;182;64m██[38;2;73;71;64m██[38;2;189;62;130m██[38;2;99;68;85m██[38;2;252;252;252m██[38;2;118;118;118m██[38;2;56;23;41m  [38;2;227;93;166m  [38;2;56;43;14m  [38;2;195;160;35m██[38;2;56;24;41m  [38;2;61;25;45m  
[38;2;0;0;0m  [38;2;83;73;11m  [38;2;154;133;38m██[38;2;121;101;26m██[38;2;125;105;36m██[38;2;123;108;53m██[38;2;220;184;45m██[38;2;51;42;9m██[38;2;227;94;166m  [38;2;152;63;111m  [38;2;156;86;124m  [38;2;168;154;162m  [38;2;174;154;64m██[38;2;255;220;64m██[38;2;145;130;64m██[38;2;151;151;158m██[38;2;183;183;191m██[38;2;222;222;223m██[38;2;52;37;45m  [38;2;194;80;142m  [38;2;74;30;54m  [38;2;94;37;68m██[38;2;146;71;112m██[38;2;105;43;76m  
[38;2;0;0;0m  [38;2;16;14;2m  [38;2;104;96;60m██[38;2;238;206;64m██[38;2;99;90;57m██[38;2;204;168;36m██[38;2;199;164;36m██[38;2;46;38;8m  [38;2;227;94;166m  [38;2;212;87;155m  [38;2;159;68;114m  [38;2;17;14;3m██[38;2;157;136;73m██[38;2;206;179;62m██[38;2;211;184;64m██[38;2;147;147;149m██[38;2;179;179;189m██[38;2;174;173;177m██[38;2;114;104;61m██[38;2;80;69;20m██[38;2;213;88;153m██[38;2;222;89;161m██[38;2;217;87;157m██[38;2;65;26;47m  
[38;2;0;0;0m  [38;2;191;169;26m  [38;2;122;109;22m  [38;2;107;107;111m██[38;2;131;127;118m██[38;2;89;75;24m██[38;2;94;63;36m  [38;2;138;57;101m  [38;2;192;79;140m  [38;2;123;49;89m  [38;2;118;54;74m██[38;2;119;105;54m██[38;2;153;126;31m██[38;2;74;64;22m██[38;2;255;223;81m██[38;2;199;178;81m██[38;2;115;112;106m██[38;2;178;154;56m██[38;2;185;158;44m██[38;2;231;198;57m██[38;2;124;79;72m██[38;2;217;84;156m██[38;2;99;40;72m  [38;2;204;84;149m  
[38;2;0;0;0m  [38;2;191;169;26m  [38;2;199;176;27m  [38;2;125;124;124m    [38;2;181;90;112m  [38;2;230;111;148m  [38;2;227;98;161m  [38;2;177;73;129m  [38;2;134;43;92m  [38;2;201;85;148m██[38;2;183;68;130m██[38;2;69;36;39m  [38;2;74;45;61m  [38;2;230;213;125m██[38;2;255;243;169m██[38;2;124;116;76m██[38;2;233;201;59m██[38;2;120;100;25m██[38;2;78;73;55m██[38;2;178;62;124m██[38;2;69;37;37m██[38;2;197;81;144m    
[38;2;0;0;0m  [38;2;191;169;26m  [38;2;255;226;35m  [38;2;188;167;25m    [38;2;255;226;35m    [38;2;247;191;69m  [38;2;78;32;57m  [38;2;119;90;32m  [38;2;148;125;45m████[38;2;186;153;33m██[38;2;99;93;72m  [38;2;63;60;41m██[38;2;255;245;176m██[38;2;207;200;151m██[38;2;167;145;52m██[38;2;224;194;64m██[38;2;174;154;64m██[38;2;188;166;64m██[38;2;238;206;64m██[38;2;0;0;0m    
[38;2;0;0;0m  [38;2;191;169;26m  [38;2;255;226;35m          [38;2;97;85;13m  [38;2;165;158;138m██[38;2;132;107;24m██[38;2;138;118;49m██[38;2;202;166;36m██[38;2;168;138;30m██[38;2;75;64;12m  [38;2;44;40;12m  [38;2;169;163;119m  [38;2;210;203;148m██[38;2;101;99;85m██[38;2;108;108;112m██[38;2;93;93;95m██[38;2;242;208;59m██[38;2;255;220;64m██[38;2;191;165;47m██[38;2;0;0;0m  
[38;2;0;0;0m  [38;2;191;169;26m  [38;2;255;226;34m  [38;2;255;226;35m  [38;2;255;226;34m  [38;2;255;226;35m  [38;2;255;226;34m  [38;2;255;226;35m  [38;2;177;157;24m    [38;2;60;58;50m██[38;2;58;48;10m██[38;2;177;157;24m  [38;2;235;208;32m  [38;2;255;227;46m  [38;2;196;175;38m  [38;2;177;157;24m  [38;2;59;54;20m  [38;2;99;99;102m██[38;2;172;154;73m██[38;2;183;152;38m██[38;2;255;220;64m██[38;2;191;165;48m██[38;2;0;0;0m  
[38;2;0;0;0m  [38;2;149;132;20m  [38;2;199;176;27m                            [38;2;149;132;20m  [38;2;149;149;149m    [38;2;0;0;0m  [38;2;147;123;38m██[38;2;215;186;84m██[38;2;0;0;0m    
[38;2;0;0;0m                                        [38;2;16;16;16m  [38;2;66;66;66m██[38;2;0;0;0m    [0m
