                   [38;2;7;7;7m▄[38;2;7;7;7m[48;2;86;140;84m▀[0m[38;2;7;7;7m▄[38;2;7;7;7m[48;2;86;140;84m▀[0m[38;2;7;7;7m▄                  
                  [38;2;7;7;7m▄[38;2;7;7;7m[48;2;86;140;84m▀[0m[38;2;86;140;84m[48;2;86;140;84m▀[0m[38;2;75;116;65m[48;2;75;116;65m▀[0m[38;2;86;140;84m[48;2;86;140;84m▀[0m[38;2;7;7;7m[48;2;86;140;84m▀[0m[38;2;7;7;7m▄                 
               [38;2;7;7;7m▄ [38;2;7;7;7m[48;2;7;7;7m▀[0m[38;2;86;140;84m[48;2;86;140;84m▀[0m[38;2;86;140;84m[48;2;86;140;84m▀[0m[38;2;75;116;65m[48;2;75;116;65m▀[0m[38;2;86;140;84m[48;2;86;140;84m▀[0m[38;2;86;140;84m[48;2;86;140;84m▀[0m[38;2;86;140;84m[48;2;86;140;84m▀[0m[38;2;7;7;7m[48;2;86;140;84m▀[0m[38;2;7;7;7m▄[38;2;7;7;7m[48;2;86;140;84m▀[0m[38;2;7;7;7m▄              
              [38;2;7;7;7m[48;2;7;7;7m▀[0m[38;2;86;140;84m[48;2;86;140;84m▀[0m[38;2;7;7;7m[48;2;66;66;66m▀[0m[38;2;86;140;84m[48;2;75;116;65m▀[0m[38;2;86;140;84m[48;2;86;140;84m▀[0m[38;2;86;140;84m[48;2;86;140;84m▀[0m[38;2;75;116;65m[48;2;86;140;84m▀[0m[38;2;86;140;84m[48;2;86;140;84m▀[0m[38;2;86;140;84m[48;2;86;140;84m▀[0m[38;2;86;140;84m[48;2;75;116;65m▀[0m[38;2;75;116;65m[48;2;66;66;66m▀[0m[38;2;66;66;66m[48;2;86;140;84m▀[0m[38;2;86;140;84m[48;2;86;140;84m▀[0m[38;2;7;7;7m[48;2;7;7;7m▀[0m              
              [38;2;7;7;7m▀[38;2;86;140;84m[48;2;7;7;7m▀[0m[38;2;86;140;84m[48;2;86;140;84m▀[0m[38;2;66;66;66m[48;2;86;140;84m▀[0m[38;2;66;66;66m[48;2;86;140;84m▀[0m[38;2;75;116;65m[48;2;66;66;66m▀[0m[38;2;75;116;65m[48;2;75;116;65m▀[0m[38;2;75;116;65m[48;2;66;66;66m▀[0m[38;2;66;66;66m[48;2;86;140;84m▀[0m[38;2;66;66;66m[48;2;86;140;84m▀[0m[38;2;86;140;84m[48;2;86;140;84m▀[0m[38;2;86;140;84m[48;2;86;140;84m▀[0m[38;2;7;7;7m[48;2;7;7;7m▀[0m [38;2;7;7;7m▄             
               [38;2;7;7;7m▀[38;2;86;140;84m[48;2;7;7;7m▀[0m[38;2;86;140;84m[48;2;86;140;84m▀[0m[38;2;86;140;84m[48;2;86;140;84m▀[0m[38;2;86;140;84m[48;2;75;116;65m▀[0m[38;2;66;66;66m[48;2;66;66;66m▀[0m[38;2;86;140;84m[48;2;86;140;84m▀[0m[38;2;86;140;84m[48;2;86;140;84m▀[0m[38;2;86;140;84m[48;2;66;66;66m▀[0m[38;2;86;140;84m[48;2;66;66;66m▀[0m[38;2;7;7;7m[48;2;75;116;65m▀[0m[38;2;7;7;7m▄[38;2;7;7;7m[48;2;75;116;65m▀[0m[38;2;75;116;65m[48;2;75;116;65m▀[0m[38;2;7;7;7m[48;2;7;7;7m▀[0m            
               [38;2;7;7;7m▄[38;2;7;7;7m[48;2;245;252;209m▀[0m[38;2;66;66;66m[48;2;245;252;209m▀[0m[38;2;66;66;66m[48;2;245;252;209m▀[0m[38;2;66;66;66m[48;2;245;252;209m▀[0m[38;2;191;189;139m[48;2;245;252;209m▀[0m[38;2;66;66;66m[48;2;245;252;209m▀[0m[38;2;66;66;66m[48;2;245;252;209m▀[0m[38;2;191;189;139m[48;2;245;252;209m▀[0m[38;2;66;66;66m[48;2;191;189;139m▀[0m[38;2;75;116;65m[48;2;66;66;66m▀[0m[38;2;66;66;66m[48;2;75;116;65m▀[0m[38;2;75;116;65m[48;2;75;116;65m▀[0m[38;2;7;7;7m[48;2;66;66;66m▀[0m[38;2;7;7;7m▄            
  [38;2;7;7;7m▄[38;2;7;7;7m▄           [38;2;7;7;7m[48;2;7;7;7m▀[0m[38;2;245;252;209m[48;2;7;7;7m▀[0m[38;2;7;7;7m[48;2;245;252;209m▀[0m[38;2;245;252;209m[48;2;245;252;209m▀[0m[38;2;245;252;209m[48;2;245;252;209m▀[0m[38;2;245;252;209m[48;2;7;7;7m▀[0m[38;2;245;252;209m[48;2;245;252;209m▀[0m[38;2;245;252;209m[48;2;245;252;209m▀[0m[38;2;245;252;209m[48;2;191;189;139m▀[0m[38;2;245;252;209m[48;2;245;252;209m▀[0m[38;2;191;189;139m[48;2;191;189;139m▀[0m[38;2;66;66;66m[48;2;66;66;66m▀[0m[38;2;66;66;66m[48;2;75;116;65m▀[0m[38;2;75;116;65m[48;2;7;7;7m▀[0m[38;2;7;7;7m▀            
  [38;2;7;7;7m▀[38;2;86;140;84m[48;2;7;7;7m▀[0m[38;2;7;7;7m[48;2;86;140;84m▀[0m[38;2;7;7;7m▄[38;2;7;7;7m[48;2;86;140;84m▀[0m[38;2;7;7;7m[48;2;7;7;7m▀[0m      [38;2;7;7;7m▄[38;2;7;7;7m[48;2;66;66;66m▀[0m[38;2;191;189;139m[48;2;66;66;66m▀[0m[38;2;245;252;209m[48;2;191;189;139m▀[0m[38;2;245;252;209m[48;2;245;252;209m▀[0m[38;2;245;252;209m[48;2;245;252;209m▀[0m[38;2;245;252;209m[48;2;245;252;209m▀[0m[38;2;7;7;7m[48;2;245;252;209m▀[0m[38;2;7;7;7m[48;2;245;252;209m▀[0m[38;2;245;252;209m[48;2;191;189;139m▀[0m[38;2;245;252;209m[48;2;66;66;66m▀[0m[38;2;66;66;66m[48;2;66;66;66m▀[0m[38;2;75;116;65m[48;2;75;116;65m▀[0m[38;2;75;116;65m[48;2;7;7;7m▀[0m[38;2;7;7;7m▀         [38;2;7;7;7m▄[38;2;7;7;7m▄  
[38;2;7;7;7m[48;2;7;7;7m▀[0m[38;2;7;7;7m[48;2;86;140;84m▀[0m[38;2;7;7;7m▄[38;2;7;7;7m▀[38;2;86;140;84m[48;2;7;7;7m▀[0m[38;2;86;140;84m[48;2;86;140;84m▀[0m[38;2;86;140;84m[48;2;86;140;84m▀[0m[38;2;66;66;66m[48;2;66;66;66m▀[0m[38;2;7;7;7m[48;2;86;140;84m▀[0m[38;2;7;7;7m▄ [38;2;7;7;7m▄[38;2;7;7;7m▄[38;2;7;7;7m[48;2;86;140;84m▀[0m[38;2;66;66;66m[48;2;86;140;84m▀[0m[38;2;86;140;84m[48;2;66;66;66m▀[0m[38;2;75;116;65m[48;2;86;140;84m▀[0m[38;2;66;66;66m[48;2;86;140;84m▀[0m[38;2;191;189;139m[48;2;66;66;66m▀[0m[38;2;191;189;139m[48;2;191;189;139m▀[0m[38;2;191;189;139m[48;2;66;66;66m▀[0m[38;2;191;189;139m[48;2;66;66;66m▀[0m[38;2;66;66;66m[48;2;86;140;84m▀[0m[38;2;66;66;66m[48;2;86;140;84m▀[0m[38;2;86;140;84m[48;2;66;66;66m▀[0m[38;2;75;116;65m[48;2;7;7;7m▀[0m[38;2;7;7;7m▀       [38;2;7;7;7m[48;2;7;7;7m▀[0m[38;2;7;7;7m[48;2;86;140;84m▀[0m[38;2;7;7;7m▄[38;2;7;7;7m[48;2;86;140;84m▀[0m[38;2;86;140;84m[48;2;7;7;7m▀[0m[38;2;7;7;7m▀  
 [38;2;7;7;7m[48;2;7;7;7m▀[0m[38;2;86;140;84m[48;2;75;116;65m▀[0m[38;2;7;7;7m[48;2;86;140;84m▀[0m[38;2;7;7;7m[48;2;86;140;84m▀[0m[38;2;75;116;65m[48;2;86;140;84m▀[0m[38;2;86;140;84m[48;2;86;140;84m▀[0m[38;2;86;140;84m[48;2;86;140;84m▀[0m[38;2;86;140;84m[48;2;66;66;66m▀[0m[38;2;7;7;7m[48;2;86;140;84m▀[0m[38;2;7;7;7m[48;2;86;140;84m▀[0m[38;2;7;7;7m[48;2;75;116;65m▀[0m[38;2;86;140;84m[48;2;86;140;84m▀[0m[38;2;75;116;65m[48;2;86;140;84m▀[0m[38;2;86;140;84m[48;2;86;140;84m▀[0m[38;2;86;140;84m[48;2;75;116;65m▀[0m[38;2;66;66;66m[48;2;66;66;66m▀[0m[38;2;86;140;84m[48;2;86;140;84m▀[0m[38;2;86;140;84m[48;2;86;140;84m▀[0m[38;2;66;66;66m[48;2;86;140;84m▀[0m[38;2;75;116;65m[48;2;86;140;84m▀[0m[38;2;86;140;84m[48;2;86;140;84m▀[0m[38;2;86;140;84m[48;2;66;66;66m▀[0m[38;2;66;66;66m[48;2;75;116;65m▀[0m[38;2;75;116;65m[48;2;75;116;65m▀[0m[38;2;66;66;66m[48;2;66;66;66m▀[0m[38;2;7;7;7m[48;2;86;140;84m▀[0m[38;2;7;7;7m▄[38;2;7;7;7m▄   [38;2;7;7;7m▄[38;2;7;7;7m[48;2;86;140;84m▀[0m[38;2;66;66;66m[48;2;66;66;66m▀[0m[38;2;86;140;84m[48;2;86;140;84m▀[0m[38;2;86;140;84m[48;2;75;116;65m▀[0m[38;2;86;140;84m[48;2;7;7;7m▀[0m[38;2;7;7;7m▀[38;2;7;7;7m▄[38;2;7;7;7m[48;2;86;140;84m▀[0m[38;2;7;7;7m[48;2;7;7;7m▀[0m
 [38;2;7;7;7m▄[38;2;7;7;7m[48;2;75;116;65m▀[0m[38;2;75;116;65m[48;2;81;72;72m▀[0m[38;2;81;72;72m[48;2;103;92;95m▀[0m[38;2;81;72;72m[48;2;103;92;95m▀[0m[38;2;86;140;84m[48;2;81;72;72m▀[0m[38;2;86;140;84m[48;2;86;140;84m▀[0m[38;2;86;140;84m[48;2;86;140;84m▀[0m[38;2;86;140;84m[48;2;86;140;84m▀[0m[38;2;75;116;65m[48;2;86;140;84m▀[0m[38;2;86;140;84m[48;2;86;140;84m▀[0m[38;2;86;140;84m[48;2;81;72;72m▀[0m[38;2;81;72;72m[48;2;103;92;95m▀[0m[38;2;81;72;72m[48;2;103;92;95m▀[0m[38;2;66;66;66m[48;2;81;72;72m▀[0m[38;2;86;140;84m[48;2;86;140;84m▀[0m[38;2;86;140;84m[48;2;66;66;66m▀[0m[38;2;66;66;66m[48;2;245;252;209m▀[0m[38;2;66;66;66m[48;2;191;189;139m▀[0m[38;2;86;140;84m[48;2;66;66;66m▀[0m[38;2;86;140;84m[48;2;86;140;84m▀[0m[38;2;75;116;65m[48;2;86;140;84m▀[0m[38;2;66;66;66m[48;2;66;66;66m▀[0m[38;2;75;116;65m[48;2;75;116;65m▀[0m[38;2;75;116;65m[48;2;75;116;65m▀[0m[38;2;86;140;84m[48;2;81;72;72m▀[0m[38;2;86;140;84m[48;2;81;72;72m▀[0m[38;2;7;7;7m[48;2;86;140;84m▀[0m[38;2;7;7;7m▄[38;2;7;7;7m▄[38;2;7;7;7m[48;2;86;140;84m▀[0m[38;2;7;7;7m[48;2;86;140;84m▀[0m[38;2;86;140;84m[48;2;66;66;66m▀[0m[38;2;86;140;84m[48;2;86;140;84m▀[0m[38;2;86;140;84m[48;2;86;140;84m▀[0m[38;2;86;140;84m[48;2;86;140;84m▀[0m[38;2;7;7;7m[48;2;86;140;84m▀[0m[38;2;7;7;7m[48;2;86;140;84m▀[0m[38;2;86;140;84m[48;2;75;116;65m▀[0m[38;2;7;7;7m[48;2;7;7;7m▀[0m 
 [38;2;7;7;7m▀[38;2;7;7;7m[48;2;7;7;7m▀[0m[38;2;103;92;95m[48;2;66;66;66m▀[0m[38;2;103;92;95m[48;2;103;92;95m▀[0m[38;2;103;92;95m[48;2;81;72;72m▀[0m[38;2;81;72;72m[48;2;75;116;65m▀[0m[38;2;86;140;84m[48;2;81;72;72m▀[0m[38;2;86;140;84m[48;2;81;72;72m▀[0m[38;2;86;140;84m[48;2;86;140;84m▀[0m[38;2;75;116;65m[48;2;75;116;65m▀[0m[38;2;81;72;72m[48;2;81;72;72m▀[0m[38;2;103;92;95m[48;2;66;66;66m▀[0m[38;2;103;92;95m[48;2;103;92;95m▀[0m[38;2;103;92;95m[48;2;7;7;7m▀[0m[38;2;81;72;72m[48;2;7;7;7m▀[0m[38;2;66;66;66m[48;2;245;252;209m▀[0m[38;2;245;252;209m[48;2;83;97;78m▀[0m[38;2;83;97;78m[48;2;204;140;74m▀[0m[38;2;245;252;209m[48;2;83;97;78m▀[0m[38;2;245;252;209m[48;2;245;252;209m▀[0m[38;2;66;66;66m[48;2;83;97;78m▀[0m[38;2;86;140;84m[48;2;66;66;66m▀[0m[38;2;66;66;66m[48;2;191;189;139m▀[0m[38;2;75;116;65m[48;2;81;72;72m▀[0m[38;2;81;72;72m[48;2;103;92;95m▀[0m[38;2;103;92;95m[48;2;103;92;95m▀[0m[38;2;103;92;95m[48;2;103;92;95m▀[0m[38;2;81;72;72m[48;2;81;72;72m▀[0m[38;2;86;140;84m[48;2;86;140;84m▀[0m[38;2;86;140;84m[48;2;86;140;84m▀[0m[38;2;75;116;65m[48;2;86;140;84m▀[0m[38;2;86;140;84m[48;2;86;140;84m▀[0m[38;2;86;140;84m[48;2;86;140;84m▀[0m[38;2;86;140;84m[48;2;86;140;84m▀[0m[38;2;86;140;84m[48;2;81;72;72m▀[0m[38;2;81;72;72m[48;2;103;92;95m▀[0m[38;2;81;72;72m[48;2;103;92;95m▀[0m[38;2;75;116;65m[48;2;81;72;72m▀[0m[38;2;7;7;7m[48;2;75;116;65m▀[0m[38;2;7;7;7m▄ 
   [38;2;7;7;7m▀[38;2;7;7;7m[48;2;7;7;7m▀[0m[38;2;75;116;65m[48;2;75;116;65m▀[0m[38;2;81;72;72m[48;2;66;66;66m▀[0m[38;2;103;92;95m[48;2;103;92;95m▀[0m[38;2;103;92;95m[48;2;103;92;95m▀[0m[38;2;81;72;72m[48;2;81;72;72m▀[0m[38;2;75;116;65m[48;2;7;7;7m▀[0m[38;2;7;7;7m▀[38;2;7;7;7m▀[38;2;7;7;7m▀ [38;2;7;7;7m▀[38;2;245;252;209m[48;2;7;7;7m▀[0m[38;2;83;97;78m[48;2;169;79;52m▀[0m[38;2;204;140;74m[48;2;204;140;74m▀[0m[38;2;204;140;74m[48;2;204;140;74m▀[0m[38;2;83;97;78m[48;2;204;140;74m▀[0m[38;2;204;140;74m[48;2;169;79;52m▀[0m[38;2;204;140;74m[48;2;169;79;52m▀[0m[38;2;83;97;78m[48;2;204;140;74m▀[0m[38;2;81;72;72m[48;2;169;79;52m▀[0m[38;2;66;66;66m[48;2;7;7;7m▀[0m[38;2;103;92;95m[48;2;7;7;7m▀[0m[38;2;81;72;72m[48;2;75;116;65m▀[0m[38;2;75;116;65m[48;2;75;116;65m▀[0m[38;2;86;140;84m[48;2;81;72;72m▀[0m[38;2;81;72;72m[48;2;103;92;95m▀[0m[38;2;81;72;72m[48;2;103;92;95m▀[0m[38;2;86;140;84m[48;2;81;72;72m▀[0m[38;2;86;140;84m[48;2;75;116;65m▀[0m[38;2;81;72;72m[48;2;81;72;72m▀[0m[38;2;103;92;95m[48;2;66;66;66m▀[0m[38;2;103;92;95m[48;2;103;92;95m▀[0m[38;2;103;92;95m[48;2;7;7;7m▀[0m[38;2;7;7;7m▀[38;2;7;7;7m▀  
     [38;2;7;7;7m▀[38;2;7;7;7m▀[38;2;66;66;66m[48;2;7;7;7m▀[0m[38;2;103;92;95m[48;2;7;7;7m▀[0m[38;2;7;7;7m▀      [38;2;7;7;7m▀[38;2;204;140;74m[48;2;7;7;7m▀[0m[38;2;169;79;52m[48;2;204;140;74m▀[0m[38;2;169;79;52m[48;2;204;140;74m▀[0m[38;2;169;79;52m[48;2;204;140;74m▀[0m[38;2;204;140;74m[48;2;204;140;74m▀[0m[38;2;204;140;74m[48;2;204;140;74m▀[0m[38;2;204;140;74m[48;2;7;7;7m▀[0m[38;2;7;7;7m▀  [38;2;7;7;7m▀[38;2;7;7;7m▀[38;2;81;72;72m[48;2;7;7;7m▀[0m[38;2;103;92;95m[48;2;66;66;66m▀[0m[38;2;103;92;95m[48;2;103;92;95m▀[0m[38;2;81;72;72m[48;2;7;7;7m▀[0m[38;2;75;116;65m[48;2;75;116;65m▀[0m[38;2;75;116;65m[48;2;7;7;7m▀[0m[38;2;7;7;7m▀[38;2;7;7;7m▀     
                  [38;2;7;7;7m[48;2;7;7;7m▀[0m[38;2;204;140;74m[48;2;169;79;52m▀[0m[38;2;204;140;74m[48;2;204;140;74m▀[0m[38;2;204;140;74m[48;2;204;140;74m▀[0m[38;2;204;140;74m[48;2;169;79;52m▀[0m[38;2;7;7;7m[48;2;169;79;52m▀[0m[38;2;7;7;7m▄     [38;2;7;7;7m▀[38;2;7;7;7m▀ [38;2;7;7;7m▀[38;2;7;7;7m▀       
                 [38;2;7;7;7m[48;2;7;7;7m▀[0m[38;2;169;79;52m[48;2;169;79;52m▀[0m[38;2;169;79;52m[48;2;169;79;52m▀[0m[38;2;169;79;52m[48;2;169;79;52m▀[0m[38;2;169;79;52m[48;2;169;79;52m▀[0m[38;2;169;79;52m[48;2;66;66;66m▀[0m[38;2;169;79;52m[48;2;169;79;52m▀[0m[38;2;7;7;7m[48;2;169;79;52m▀[0m[38;2;7;7;7m▄                
              [38;2;7;7;7m▄[38;2;7;7;7m▄[38;2;7;7;7m[48;2;204;140;74m▀[0m[38;2;204;140;74m[48;2;169;79;52m▀[0m[38;2;169;79;52m[48;2;169;79;52m▀[0m[38;2;66;66;66m[48;2;66;66;66m▀[0m[38;2;169;79;52m[48;2;169;79;52m▀[0m[38;2;204;140;74m[48;2;204;140;74m▀[0m[38;2;7;7;7m[48;2;7;7;7m▀[0m[38;2;7;7;7m▀[38;2;169;79;52m[48;2;7;7;7m▀[0m[38;2;204;140;74m[48;2;169;79;52m▀[0m[38;2;7;7;7m[48;2;204;140;74m▀[0m[38;2;7;7;7m▄[38;2;7;7;7m▄             
           [38;2;7;7;7m▄[38;2;7;7;7m[48;2;204;140;74m▀[0m[38;2;7;7;7m[48;2;204;140;74m▀[0m[38;2;204;140;74m[48;2;169;79;52m▀[0m[38;2;204;140;74m[48;2;7;7;7m▀[0m[38;2;169;79;52m[48;2;7;7;7m▀[0m[38;2;169;79;52m[48;2;7;7;7m▀[0m[38;2;66;66;66m[48;2;191;189;139m▀[0m[38;2;191;189;139m[48;2;191;189;139m▀[0m[38;2;66;66;66m[48;2;7;7;7m▀[0m[38;2;204;140;74m[48;2;169;79;52m▀[0m[38;2;204;140;74m[48;2;204;140;74m▀[0m[38;2;7;7;7m[48;2;7;7;7m▀[0m [38;2;7;7;7m▀[38;2;169;79;52m[48;2;7;7;7m▀[0m[38;2;204;140;74m[48;2;7;7;7m▀[0m[38;2;204;140;74m[48;2;169;79;52m▀[0m[38;2;7;7;7m[48;2;204;140;74m▀[0m[38;2;7;7;7m[48;2;204;140;74m▀[0m[38;2;7;7;7m▄          
            [38;2;7;7;7m▀[38;2;7;7;7m▀[38;2;7;7;7m▀  [38;2;7;7;7m▀[38;2;191;189;139m[48;2;7;7;7m▀[0m[38;2;7;7;7m▀ [38;2;7;7;7m▀[38;2;169;79;52m[48;2;7;7;7m▀[0m[38;2;204;140;74m[48;2;7;7;7m▀[0m[38;2;7;7;7m[48;2;204;140;74m▀[0m[38;2;7;7;7m▄  [38;2;7;7;7m▀[38;2;7;7;7m▀[38;2;7;7;7m▀           
                        [38;2;7;7;7m▀[38;2;7;7;7m▀                
[0m