
[38;2;0;0;0m  [38;2;54;55;33m  [38;2;67;67;41m                              [38;2;0;0;0m  [38;2;68;69;38m  [38;2;29;30;16m  [38;2;67;67;41m      [38;2;18;18;11m  
[38;2;0;0;0m  [38;2;201;203;124m  [38;2;248;249;153m  [38;2;248;250;153m  [38;2;248;249;153m    [38;2;151;152;93m  [38;2;248;250;153m  [38;2;247;249;153m  [38;2;248;250;153m  [38;2;247;250;153m  [38;2;248;250;153m  [38;2;247;249;153m  [38;2;248;250;153m      [38;2;59;59;36m  [38;2;204;207;114m██[38;2;247;250;138m██[38;2;134;135;81m  [38;2;248;250;153m  [38;2;248;249;153m  [38;2;248;250;153m  [38;2;67;67;41m  
[38;2;0;0;0m  [38;2;201;203;124m  [38;2;247;249;153m  [38;2;234;227;129m  [38;2;150;145;82m  [38;2;90;91;50m  [38;2;167;169;93m██[38;2;155;150;84m  [38;2;183;176;99m  [38;2;98;98;54m  [38;2;207;200;112m  [38;2;232;225;127m    [38;2;233;225;127m  [38;2;162;156;88m  [38;2;89;90;49m██[38;2;241;244;135m██[38;2;252;255;141m██[38;2;130;132;100m██[38;2;106;103;52m██[38;2;159;153;86m  [38;2;232;225;127m    [38;2;63;60;34m  
[38;2;0;0;0m  [38;2;201;203;124m  [38;2;248;250;153m  [38;2;47;47;27m  [38;2;133;129;70m██[38;2;247;250;139m██[38;2;252;255;141m██[38;2;213;215;119m  [38;2;145;147;81m  [38;2;215;217;120m██[38;2;160;154;87m  [38;2;233;225;127m    [38;2;167;162;91m  [38;2;196;198;109m  [38;2;252;255;141m██████[38;2;248;249;135m██[38;2;239;241;134m██[38;2;174;167;73m  [38;2;159;153;86m  [38;2;233;225;127m  [38;2;63;60;34m  
[38;2;0;0;0m  [38;2;201;203;124m  [38;2;160;161;98m  [38;2;191;184;80m██[38;2;239;239;124m██[38;2;252;255;141m████[38;2;251;255;141m██[38;2;252;255;141m██[38;2;244;246;137m██[38;2;126;122;64m██[38;2;154;149;84m  [38;2;232;225;127m  [38;2;78;79;44m██[38;2;252;255;141m██[38;2;251;255;141m██[38;2;252;255;141m██████████[38;2;160;162;89m██[38;2;150;145;81m  [38;2;63;60;34m  
[38;2;0;0;0m  [38;2;201;203;124m  [38;2;90;91;50m  [38;2;217;210;95m██[38;2;252;255;141m██████████[38;2;214;206;90m██[38;2;213;205;89m██[38;2;50;50;49m  [38;2;4;4;2m  [38;2;248;251;138m██[38;2;252;255;141m████████████████[38;2;43;42;23m  [38;2;63;60;34m  
[38;2;30;26;0m  [38;2;76;66;38m██[38;2;252;255;141m██████████████[38;2;249;251;137m██[38;2;219;213;97m██[38;2;196;189;87m██[38;2;141;137;77m██[38;2;238;237;122m██[38;2;252;255;141m████████[38;2;232;230;114m██[38;2;240;240;126m██[38;2;245;247;138m██[38;2;205;197;98m██[38;2;173;167;73m██[38;2;0;0;0m  
[38;2;0;0;0m  [38;2;173;151;0m██[38;2;173;164;108m██[38;2;252;255;141m██████████[38;2;244;247;138m██[38;2;75;74;61m████[38;2;105;102;67m██[38;2;104;102;71m██[38;2;204;197;88m██[38;2;243;243;130m██[38;2;250;253;139m██[38;2;252;255;141m██[38;2;233;231;116m██[38;2;248;251;136m██[38;2;235;233;118m██[38;2;80;79;67m██[38;2;214;206;89m██[38;2;211;203;88m██[38;2;54;52;22m  
[38;2;41;39;1m  [38;2;97;87;1m  [38;2;221;219;127m██[38;2;252;255;141m████████[38;2;244;247;138m██[38;2;156;151;53m██[38;2;225;206;13m██[38;2;245;241;85m██[38;2;227;222;72m██[38;2;134;129;63m██[38;2;155;150;80m██[38;2;128;125;75m██[38;2;219;213;97m██[38;2;229;225;110m██[38;2;221;215;99m██[38;2;214;206;90m██[38;2;220;214;98m██[38;2;80;79;67m██[38;2;213;206;89m██[38;2;198;190;83m██[38;2;35;33;14m  
[38;2;69;64;2m  [38;2;78;73;2m  [38;2;228;230;127m██[38;2;252;255;141m██[38;2;252;255;148m██[38;2;216;218;121m██[38;2;92;92;92m██[38;2;203;179;13m██[38;2;224;203;1m██[38;2;249;250;120m████[38;2;182;172;23m██[38;2;184;178;85m██[38;2;152;147;79m██[38;2;192;185;86m██[38;2;214;206;89m  ████  [38;2;124;121;70m██[38;2;182;175;76m████[38;2;33;32;18m  [38;2;9;8;5m  
[38;2;69;64;2m  [38;2;255;239;8m  [38;2;79;73;15m██[38;2;225;208;44m██[38;2;176;178;114m██[38;2;89;79;62m██[38;2;255;255;255m██[38;2;137;121;84m██[38;2;164;156;27m██[38;2;118;113;44m████[38;2;178;172;83m██[38;2;214;206;89m██[38;2;167;161;82m██[38;2;119;116;74m██[38;2;152;147;79m██[38;2;214;206;89m████[38;2;210;203;88m██[38;2;119;115;61m  [38;2;160;154;87m    [38;2;233;225;127m  [38;2;63;60;34m  
[38;2;53;49;1m  [38;2;48;46;13m  [38;2;224;226;129m██[38;2;252;255;141m██[38;2;225;207;19m██[38;2;230;213;1m████[38;2;230;212;3m██[38;2;240;234;98m██[38;2;251;255;141m██[38;2;252;255;141m██[38;2;245;247;138m██[38;2;190;184;94m██[38;2;104;100;50m██[38;2;216;203;8m██[38;2;183;173;20m██[38;2;175;169;82m██[38;2;190;183;80m██[38;2;62;58;4m  [38;2;233;225;127m        [38;2;63;60;34m  
[38;2;0;0;0m  [38;2;169;171;100m██[38;2;224;226;129m██[38;2;252;255;141m██[38;2;248;248;126m██[38;2;243;239;108m████[38;2;243;240;110m██[38;2;252;255;141m██████[38;2;245;247;138m██[38;2;212;214;124m██[38;2;145;138;34m██[38;2;236;221;1m████[38;2;87;92;90m██[38;2;119;112;13m  [38;2;58;54;2m  [38;2;154;149;84m  [38;2;72;69;39m  [38;2;233;225;127m  [38;2;232;225;127m  [38;2;63;60;34m  
[38;2;69;64;2m  [38;2;112;105;3m  [38;2;187;188;106m██[38;2;214;211;125m██[38;2;219;215;132m██[38;2;158;145;91m██[38;2;173;161;89m██[38;2;252;255;141m████[38;2;250;252;138m██[38;2;182;173;100m██[38;2;110;100;73m██[38;2;111;103;44m██[38;2;130;130;73m██[38;2;220;207;11m██[38;2;175;169;42m██[38;2;127;128;75m██[38;2;120;107;10m██[38;2;126;127;89m██[38;2;154;156;86m██[38;2;225;228;126m██[38;2;150;145;82m  [38;2;233;225;127m  [38;2;63;60;34m  
[38;2;69;64;2m  [38;2;255;239;8m  [38;2;147;137;9m  [38;2;182;174;81m██[38;2;209;201;100m██[38;2;214;206;90m██[38;2;224;220;112m██[38;2;252;255;141m████[38;2;246;247;133m██[38;2;165;152;89m██[38;2;168;161;79m██[38;2;97;99;82m██[38;2;222;201;1m██[38;2;235;221;1m██[38;2;227;213;7m██[38;2;216;192;1m██[38;2;83;85;78m██[38;2;252;255;141m████[38;2;53;53;29m  [38;2;220;213;120m  [38;2;233;225;127m  [38;2;63;60;34m  
[38;2;69;64;2m  [38;2;255;239;8m  [38;2;200;187;6m  [38;2;146;147;76m  [38;2;202;194;98m██[38;2;251;254;140m██[38;2;252;255;141m██[38;2;207;203;122m██[38;2;223;221;128m██[38;2;163;151;89m  [38;2;198;188;89m██[38;2;155;150;80m██[38;2;90;92;80m██[38;2;104;105;81m██[38;2;128;116;37m██[38;2;200;184;17m██[38;2;86;93;102m██[38;2;100;98;64m██[38;2;237;236;121m██[38;2;243;244;129m██[38;2;145;147;81m  [38;2;183;176;99m  [38;2;233;225;127m  [38;2;63;60;34m  
[38;2;69;64;2m  [38;2;255;239;8m    [38;2;26;24;0m  [38;2;178;166;91m██[38;2;214;207;93m██[38;2;233;231;116m██[38;2;204;195;90m██[38;2;181;170;91m██[38;2;214;206;89m██[38;2;117;115;73m██[38;2;80;88;103m██[38;2;176;159;29m██[38;2;4;5;5m██[38;2;182;160;1m██[38;2;209;184;3m██[38;2;204;180;7m██[38;2;78;81;82m██[38;2;214;206;90m██[38;2;102;98;43m██[38;2;219;212;119m  [38;2;233;225;127m    [38;2;63;60;34m  
[38;2;69;64;2m  [38;2;255;239;8m      [38;2;117;111;22m  [38;2;141;137;77m██[38;2;214;206;89m████████[38;2;164;159;81m██[38;2;137;126;39m██[38;2;57;55;36m██[38;2;170;160;5m  [38;2;37;34;1m  [38;2;138;130;59m██[38;2;69;68;62m██[38;2;173;167;83m██[38;2;211;203;89m██[38;2;111;107;54m  [38;2;233;225;127m    [38;2;232;225;127m  [38;2;63;60;34m  
[38;2;69;64;2m  [38;2;255;239;8m      [38;2;142;133;4m  [38;2;80;88;103m██[38;2;141;137;78m██[38;2;213;205;89m██[38;2;212;204;89m██[38;2;189;183;86m██[38;2;167;149;21m██[38;2;180;163;26m██[38;2;84;92;106m██[38;2;173;175;96m██[38;2;217;204;6m  [38;2;86;83;35m  [38;2;210;203;89m████[38;2;4;4;2m  [38;2;233;225;127m  [38;2;232;225;127m      [38;2;63;60;34m  
[38;2;69;64;2m  [38;2;255;239;8m      [38;2;93;81;0m██[38;2;156;145;45m██[38;2;151;138;37m██[38;2;96;92;37m  [38;2;113;107;25m  [38;2;36;37;39m██[38;2;128;129;74m██[38;2;101;106;92m██[38;2;232;234;119m██[38;2;120;118;43m  [38;2;238;223;7m  [38;2;165;155;16m  [38;2;140;127;28m██[38;2;148;133;28m██[38;2;119;105;1m  [38;2;180;177;103m  [38;2;241;239;141m      [38;2;65;64;38m  
[38;2;69;64;2m  [38;2;255;239;8m    [38;2;26;24;0m  [38;2;170;146;4m██[38;2;211;185;1m██[38;2;201;176;0m██[38;2;40;38;1m  [38;2;255;239;8m  [38;2;34;32;0m██[38;2;141;140;65m██[38;2;235;221;1m██[38;2;228;226;97m██[38;2;97;91;3m  [38;2;255;239;8m  [38;2;47;38;3m██[38;2;207;181;1m██[38;2;168;142;1m██[38;2;186;164;0m  [38;2;124;125;77m  [38;2;222;223;137m      [38;2;60;60;37m  
[38;2;69;64;2m  [38;2;255;239;8m    [38;2;174;163;5m  [38;2;45;41;13m██[38;2;75;66;0m██[38;2;121;112;2m  [38;2;255;239;8m  [38;2;155;145;4m  [38;2;164;154;0m██[38;2;236;221;1m████[38;2;54;50;0m██[38;2;255;238;8m    [38;2;108;102;12m  [38;2;72;63;1m██[38;2;59;50;0m██[38;2;161;151;5m  [38;2;0;0;0m          
[38;2;69;64;2m  [38;2;255;239;8m  [38;2;255;238;8m  [38;2;255;239;8m          [38;2;129;121;4m  [38;2;166;144;0m██[38;2;198;179;1m██[38;2;137;113;0m██[38;2;76;69;1m  [38;2;255;239;8m          [38;2;249;234;7m  [38;2;0;0;0m          
[38;2;18;17;0m  [38;2;69;64;2m                [38;2;5;4;0m  [38;2;50;43;0m██[38;2;26;21;0m  [38;2;53;49;1m  [38;2;69;64;2m          [38;2;67;63;2m  [38;2;0;0;0m          [0m
