
[38;2;0;0;0m                                        [38;2;5;5;5m  [38;2;19;18;17m██[38;2;0;0;0m    
[38;2;0;0;0m                                      [38;2;44;44;37m  [38;2;101;99;92m██[38;2;15;15;14m  [38;2;0;0;0m    
[38;2;0;0;0m          [38;2;1;1;1m  [38;2;20;20;18m  [38;2;0;0;0m                      [38;2;9;9;9m██[38;2;143;139;129m██[38;2;132;128;119m██[38;2;15;15;14m  [38;2;0;0;0m    
[38;2;0;0;0m          [38;2;6;6;6m  [38;2;72;70;65m██[38;2;0;0;0m      [38;2;1;1;1m  [38;2;0;0;0m            [38;2;54;53;49m  [38;2;109;106;99m██[38;2;143;139;129m██[38;2;142;139;129m██[38;2;121;117;109m██[38;2;4;4;4m  [38;2;0;0;0m  
[38;2;0;0;0m  [38;2;1;1;1m  [38;2;27;26;24m  [38;2;0;0;0m  [38;2;4;4;4m  [38;2;140;136;126m██[38;2;125;122;110m██[38;2;6;6;6m  [38;2;0;0;0m  [38;2;26;26;24m██[38;2;49;48;45m██[38;2;0;0;0m        [38;2;17;16;15m  [38;2;41;40;37m██[38;2;143;139;129m██[38;2;131;128;116m██[38;2;138;134;123m██[38;2;143;139;129m██[38;2;142;139;129m██[38;2;90;88;76m██[38;2;1;1;1m  
[38;2;0;0;0m  [38;2;5;5;5m  [38;2;94;92;85m██[38;2;5;5;5m  [38;2;90;88;78m██[38;2;142;138;128m██[38;2;143;139;129m██[38;2;6;6;6m  [38;2;3;3;3m  [38;2;113;110;102m██[38;2;49;48;45m██[38;2;0;0;0m      [38;2;4;4;4m  [38;2;102;100;88m██[38;2;143;139;129m████[38;2;130;127;116m██[38;2;80;79;76m██[38;2;112;110;96m██[38;2;143;139;129m██[38;2;130;126;116m██[38;2;24;24;20m  
[38;2;0;0;0m  [38;2;4;4;4m  [38;2;121;117;109m██[38;2;143;139;129m██████[38;2;137;133;122m██[38;2;93;92;77m██[38;2;77;76;66m██[38;2;143;139;129m██[38;2;112;110;96m██[38;2;5;5;5m  [38;2;0;0;0m  [38;2;1;1;1m  [38;2;35;34;32m  [38;2;142;139;129m██[38;2;143;139;129m██[38;2;133;130;121m██[38;2;86;85;82m██[38;2;124;121;108m██[38;2;85;84;81m██[38;2;124;121;110m██[38;2;93;92;77m██[38;2;24;24;20m  
[38;2;1;1;1m  [38;2;5;5;5m  [38;2;121;117;109m██[38;2;189;151;84m██[38;2;143;139;129m████[38;2;137;133;122m██[38;2;131;128;117m██[38;2;138;134;124m██[38;2;143;139;129m██[38;2;112;110;96m██[38;2;75;74;62m██[38;2;21;21;18m  [38;2;98;96;87m██[38;2;83;82;78m██[38;2;108;105;100m██[38;2;143;139;129m██[38;2;106;104;98m██[38;2;143;139;129m████[38;2;134;131;122m██[38;2;93;92;83m██[38;2;80;80;67m██[38;2;1;1;1m  
[38;2;39;29;13m  [38;2;100;83;56m██[38;2;124;117;100m██[38;2;203;152;64m██[38;2;172;138;77m██[38;2;150;135;108m██[38;2;131;128;116m██[38;2;143;139;129m████[38;2;118;116;107m██[38;2;89;89;77m██[38;2;86;85;75m████[38;2;135;131;120m██[38;2;143;139;129m██[38;2;99;98;88m██[38;2;128;125;114m██[38;2;115;112;106m██[38;2;90;89;78m██[38;2;102;100;95m██[38;2;124;121;111m██[38;2;71;71;63m██[38;2;4;4;4m  [38;2;0;0;0m  
[38;2;1;1;1m  [38;2;141;103;37m██[38;2;107;89;60m██[38;2;208;154;61m██[38;2;174;137;68m██[38;2;116;104;72m██[38;2;131;128;117m██[38;2;111;109;95m██[38;2;108;105;100m██[38;2;175;134;63m████[38;2;152;120;65m██[38;2;86;85;75m██[38;2;77;77;73m██[38;2;134;131;122m██[38;2;143;139;129m██[38;2;132;129;117m██[38;2;143;139;129m██[38;2;123;120;112m██[38;2;119;117;106m██[38;2;90;89;74m██[38;2;8;8;8m  [38;2;0;0;0m    
[38;2;0;0;0m  [38;2;5;5;5m  [38;2;143;139;129m██[38;2;204;155;69m██[38;2;124;121;108m██[38;2;143;139;129m██[38;2;123;120;113m██[38;2;147;132;105m██[38;2;151;120;66m██[38;2;114;112;98m██[38;2;143;139;129m██[38;2;163;141;101m██[38;2;105;95;77m██[38;2;118;116;109m██[38;2;82;81;79m██[38;2;142;139;129m██[38;2;143;139;129m██[38;2;120;117;104m██[38;2;109;107;93m██[38;2;112;110;96m██[38;2;88;87;73m██[38;2;2;2;2m  [38;2;0;0;0m    
[38;2;0;0;0m  [38;2;1;1;1m  [38;2;95;79;52m██[38;2;210;156;64m██[38;2;190;169;132m██[38;2;44;43;41m██[38;2;202;202;202m██[38;2;100;85;60m██[38;2;194;147;65m██[38;2;194;152;79m████[38;2;107;96;76m██[38;2;138;134;125m██[38;2;136;133;124m██[38;2;90;89;86m██[38;2;143;139;129m██[38;2;111;109;95m██[38;2;103;102;87m██[38;2;109;107;92m██[38;2;97;97;81m██[38;2;26;26;23m  [38;2;0;0;0m      
[38;2;0;0;0m  [38;2;1;1;1m  [38;2;65;63;57m██[38;2;109;107;92m██[38;2;128;99;47m██[38;2;101;87;64m██[38;2;239;225;201m██[38;2;107;92;65m██[38;2;124;107;76m██[38;2;82;81;79m██[38;2;79;78;76m██[38;2;135;131;120m██[38;2;126;123;111m██[38;2;126;123;112m██[38;2;100;88;66m██[38;2;97;88;70m██[38;2;97;96;80m██[38;2;97;97;81m████[38;2;85;84;70m██[38;2;4;4;4m  [38;2;0;0;0m      
[38;2;1;1;1m  [38;2;42;42;42m  [38;2;105;103;98m██[38;2;143;139;129m██[38;2;129;121;99m██[38;2;126;112;76m████[38;2;126;113;79m██[38;2;138;134;124m██[38;2;85;84;81m██[38;2;126;123;112m██[38;2;135;131;120m██[38;2;100;99;83m██[38;2;95;94;84m██[38;2;190;143;63m██[38;2;197;147;63m██[38;2;80;77;69m██[38;2;97;97;81m██[38;2;96;95;79m██[38;2;14;13;12m  [38;2;0;0;0m  [38;2;5;5;5m  [38;2;4;4;4m  [38;2;0;0;0m  
[38;2;1;1;1m  [38;2;89;87;81m  [38;2;143;139;129m████[38;2;138;134;123m██[38;2;123;120;113m██[38;2;127;124;115m██[38;2;143;139;129m████[38;2;85;84;81m██[38;2;95;94;79m██[38;2;96;95;80m██[38;2;89;89;77m██[38;2;104;93;75m██[38;2;207;154;64m██[38;2;199;150;67m██[38;2;88;93;103m██[38;2;91;84;68m██[38;2;66;66;66m██[38;2;60;59;56m██[38;2;50;49;45m██[38;2;117;113;105m██[38;2;89;87;81m  [38;2;1;1;1m  
[38;2;0;0;0m  [38;2;1;1;1m  [38;2;56;55;53m██[38;2;85;84;81m██[38;2;140;139;136m██[38;2;92;91;79m██[38;2;81;81;73m██[38;2;142;139;129m██[38;2;143;139;129m██[38;2;140;136;126m██[38;2;89;88;83m██[38;2;90;82;65m██[38;2;146;111;50m██[38;2;69;71;75m██[38;2;191;144;64m██[38;2;160;130;80m██[38;2;173;137;75m██[38;2;121;97;55m██[38;2;124;121;113m██[38;2;124;121;108m██[38;2;111;109;95m██[38;2;51;50;45m██[38;2;1;1;1m  [38;2;0;0;0m  
[38;2;0;0;0m    [38;2;2;2;2m  [38;2;98;97;84m██[38;2;97;97;81m██[38;2;90;89;77m██[38;2;126;123;111m██[38;2;143;139;129m████████[38;2;138;134;125m██[38;2;155;127;76m██[38;2;144;119;72m██[38;2;74;73;72m██[38;2;208;153;61m██[38;2;153;119;60m██[38;2;74;78;86m██[38;2;142;138;127m██[38;2;123;120;107m██[38;2;98;97;84m██[38;2;2;2;2m  [38;2;0;0;0m    
[38;2;0;0;0m    [38;2;21;21;21m  [38;2;133;129;120m██[38;2;131;128;117m██[38;2;67;67;67m██[38;2;143;139;129m██[38;2;142;139;129m██[38;2;108;105;100m██[38;2;143;139;129m██[38;2;178;148;94m██[38;2;178;145;87m██[38;2;94;92;88m██[38;2;71;71;68m██[38;2;134;104;52m██[38;2;151;119;65m██[38;2;83;90;105m██[38;2;109;92;63m██[38;2;109;107;93m██[38;2;119;116;103m██[38;2;36;36;33m  [38;2;0;0;0m      
[38;2;1;1;1m  [38;2;34;33;31m██[38;2;122;119;112m██[38;2;89;88;77m██[38;2;177;145;88m██[38;2;144;139;127m██[38;2;99;98;92m██[38;2;126;122;113m██[38;2;122;115;93m██[38;2;76;76;70m██[38;2;118;116;104m██[38;2;187;143;65m██[38;2;169;144;100m██[38;2;113;111;102m██[38;2;73;73;69m██[38;2;156;116;48m██[38;2;147;111;49m██[38;2;76;79;83m██[38;2;97;97;81m██[38;2;46;46;39m██[38;2;0;0;0m        
[38;2;0;0;0m  [38;2;33;32;30m  [38;2;41;39;37m██[38;2;63;63;63m██[38;2;206;152;60m██[38;2;144;139;127m██[38;2;93;92;79m██[38;2;75;71;65m██[38;2;177;133;57m██[38;2;96;95;80m██[38;2;78;78;72m██[38;2;83;80;70m██[38;2;124;110;75m██[38;2;76;75;63m██[38;2;29;29;25m██[38;2;91;85;70m██[38;2;67;66;65m██[38;2;93;92;79m██[38;2;96;95;79m██[38;2;14;13;12m  [38;2;0;0;0m        
[38;2;0;0;0m      [38;2;4;4;4m  [38;2;122;104;64m██[38;2;91;90;77m██[38;2;67;68;70m██[38;2;105;100;79m██[38;2;194;147;65m██[38;2;93;92;78m██[38;2;146;112;54m██[38;2;131;106;63m██[38;2;81;81;80m██[38;2;60;60;58m██[38;2;1;1;1m  [38;2;38;38;33m  [38;2;89;89;77m████[38;2;6;6;6m  [38;2;0;0;0m          
[38;2;0;0;0m        [38;2;46;46;39m██[38;2;66;66;66m██[38;2;148;113;55m██[38;2;77;76;70m██[38;2;109;102;79m██[38;2;74;75;73m██[38;2;103;99;95m██[38;2;104;101;98m██[38;2;151;139;116m██[38;2;28;28;26m  [38;2;0;0;0m  [38;2;8;8;8m  [38;2;138;105;48m██[38;2;146;111;50m██[38;2;128;94;34m  [38;2;2;2;2m  [38;2;0;0;0m        
[38;2;0;0;0m      [38;2;6;6;6m  [38;2;122;97;54m██[38;2;171;125;45m██[38;2;151;110;40m██[38;2;5;5;5m  [38;2;61;61;51m██[38;2;87;79;65m██[38;2;144;122;85m██[38;2;212;157;63m██[38;2;132;117;90m██[38;2;3;3;3m  [38;2;0;0;0m  [38;2;42;34;19m██[38;2;168;122;44m██[38;2;139;101;36m██[38;2;128;94;34m  [38;2;2;2;2m  [38;2;0;0;0m        
[38;2;0;0;0m      [38;2;1;1;1m  [38;2;33;28;19m██[38;2;48;36;16m██[38;2;24;18;8m  [38;2;0;0;0m  [38;2;18;18;16m  [38;2;180;137;63m██[38;2;212;157;63m████[38;2;53;41;19m██[38;2;0;0;0m    [38;2;9;9;9m  [38;2;46;35;16m██[38;2;40;30;14m██[38;2;1;1;1m  [38;2;0;0;0m          
[38;2;0;0;0m                [38;2;3;3;3m  [38;2;128;93;34m██[38;2;172;127;48m██[38;2;113;82;29m██[38;2;34;26;12m  [38;2;0;0;0m                      
[38;2;0;0;0m                  [38;2;6;5;3m  [38;2;43;33;15m██[38;2;25;19;9m  [38;2;0;0;0m                        [0m
