
[38;2;0;0;0m                          [38;2;7;43;64m████[38;2;0;0;0m                
[38;2;0;0;0m                    [38;2;1;1;0m  [38;2;2;3;0m  [38;2;57;153;200m██[38;2;28;164;240m██[38;2;15;89;130m██[38;2;0;0;0m                
[38;2;0;0;0m      [38;2;22;21;20m  [38;2;27;26;25m          [38;2;1;1;1m  [38;2;36;100;133m██[38;2;33;125;173m██[38;2;42;172;243m██[38;2;47;133;181m  [38;2;69;111;132m██[38;2;8;50;74m  [38;2;0;0;0m              
[38;2;0;0;0m      [38;2;66;63;61m  [38;2;80;77;73m        [38;2;80;77;74m  [38;2;3;3;3m  [38;2;75;136;166m██[38;2;72;192;251m██[38;2;52;124;164m██[38;2;74;180;230m██[38;2;32;169;242m██[38;2;3;18;27m  [38;2;0;0;0m              
[38;2;0;0;0m      [38;2;66;63;61m  [38;2;80;77;73m        [38;2;45;43;41m  [38;2;114;124;126m██[38;2;36;142;200m██[38;2;49;128;171m██[38;2;67;157;200m██[38;2;29;161;236m██[38;2;27;61;81m██[38;2;50;50;48m  [38;2;34;39;40m██[38;2;0;0;0m            
[38;2;0;0;0m      [38;2;66;63;61m  [38;2;80;77;74m  [38;2;79;77;73m  [38;2;80;77;73m    [38;2;45;43;41m  [38;2;77;195;237m██[38;2;55;55;62m██[38;2;17;155;231m██[38;2;45;113;148m██[38;2;52;59;64m██[38;2;191;207;213m██[38;2;206;232;239m██[38;2;84;95;98m██[38;2;0;0;0m            
[38;2;0;0;0m      [38;2;66;63;61m  [38;2;80;77;73m    [38;2;41;39;38m  [38;2;76;73;70m  [38;2;61;59;57m  [38;2;109;122;126m  [38;2;51;141;194m██[38;2;38;103;141m██[38;2;104;142;157m██[38;2;150;224;250m██[38;2;206;227;233m██[38;2;111;125;129m  [38;2;40;46;47m  [38;2;0;0;0m            
[38;2;0;0;0m      [38;2;66;63;61m  [38;2;79;76;73m  [38;2;11;13;13m  [38;2;101;215;255m██[38;2;8;18;22m██[38;2;80;77;73m  [38;2;4;4;4m  [38;2;52;121;159m██[38;2;79;76;73m██[38;2;143;154;162m██[38;2;212;237;245m██[38;2;105;108;108m██[38;2;18;20;21m  [38;2;83;93;96m  [38;2;0;0;0m            
[38;2;0;0;0m      [38;2;66;63;61m  [38;2;52;50;48m  [38;2;87;186;221m██[38;2;101;215;255m██[38;2;8;18;22m██[38;2;80;77;73m  [38;2;37;36;34m  [38;2;45;72;85m██[38;2;131;156;163m██[38;2;105;144;154m██[38;2;77;140;163m██[38;2;90;182;215m██[38;2;0;0;0m                
[38;2;0;0;0m      [38;2;66;63;61m  [38;2;35;74;88m██[38;2;101;215;255m████[38;2;17;36;42m██[38;2;45;47;47m  [38;2;97;206;244m██[38;2;101;215;255m██[38;2;80;77;73m██[38;2;94;149;167m██[38;2;101;215;255m██[38;2;97;212;253m██[38;2;92;196;232m██[38;2;0;0;0m              
[38;2;0;0;0m      [38;2;24;23;22m  [38;2;76;162;192m██[38;2;101;214;255m██[38;2;100;215;255m██[38;2;101;215;255m██[38;2;60;110;128m██[38;2;101;214;255m██[38;2;101;215;255m██[38;2;93;163;187m██[38;2;138;160;165m██[38;2;66;110;126m██[38;2;69;158;194m██[38;2;97;207;246m██[38;2;24;52;62m  [38;2;0;0;0m            
[38;2;0;0;0m      [38;2;13;28;33m  [38;2;101;214;255m██[38;2;101;215;255m██[38;2;101;214;255m██[38;2;100;215;255m██[38;2;80;153;179m██[38;2;90;183;215m██[38;2;92;187;221m██[38;2;54;74;82m████[38;2;101;214;255m██[38;2;101;215;255m██[38;2;100;215;255m██[38;2;49;127;159m██[38;2;0;19;30m██[38;2;0;6;10m  [38;2;0;0;0m        
[38;2;0;0;0m      [38;2;83;177;210m██[38;2;101;214;255m████[38;2;93;200;245m██[38;2;106;216;255m██[38;2;101;214;255m██[38;2;85;166;195m██[38;2;84;164;192m██[38;2;101;214;255m██[38;2;100;214;255m██[38;2;101;215;255m██[38;2;101;214;255m██[38;2;101;215;255m██[38;2;67;112;129m██[38;2;5;121;188m██[38;2;4;97;150m██[38;2;2;69;107m  [38;2;0;0;0m      
[38;2;0;0;0m    [38;2;7;15;18m  [38;2;87;186;220m██[38;2;48;171;233m██[38;2;209;241;254m██[38;2;133;143;144m██[38;2;51;166;208m██[38;2;113;218;255m██[38;2;101;215;255m████████████[38;2;49;154;198m██[38;2;44;119;150m██[38;2;0;12;18m  [38;2;4;111;172m██[38;2;5;122;190m██[38;2;6;124;191m██[38;2;5;29;43m  [38;2;0;0;0m  
[38;2;0;0;0m    [38;2;30;65;77m██[38;2;101;215;255m██[38;2;125;149;159m██[38;2;129;134;134m██[38;2;226;229;229m██[38;2;81;98;102m██[38;2;158;221;243m██[38;2;92;203;251m██[38;2;97;209;253m██[38;2;101;215;255m████[38;2;94;204;252m██[38;2;151;224;253m██[38;2;76;85;88m██[38;2;16;69;94m██[38;2;0;0;0m  [38;2;0;18;28m  [38;2;21;150;223m██[38;2;19;147;219m██[38;2;8;103;155m██[38;2;0;0;0m  
[38;2;0;0;0m    [38;2;52;110;131m██[38;2;95;180;209m██[38;2;175;174;172m██[38;2;81;79;78m██[38;2;234;233;233m██[38;2;139;137;135m██[38;2;158;185;193m██[38;2;198;238;248m██[38;2;80;179;222m██[38;2;129;223;255m██[38;2;150;224;250m██[38;2;42;144;195m██[38;2;191;216;223m██[38;2;58;104;125m  [38;2;6;45;64m  [38;2;0;0;0m    [38;2;20;148;220m██[38;2;23;154;228m██[38;2;12;133;199m██[38;2;10;45;63m██
[38;2;0;0;0m    [38;2;101;214;255m██[38;2;83;100;105m██[38;2;180;180;180m██[38;2;63;61;59m  [38;2;56;55;53m██[38;2;239;239;239m██[38;2;159;158;156m██[38;2;253;253;253m██[38;2;159;161;160m██[38;2;245;252;255m██[38;2;141;187;203m██[38;2;87;84;81m██[38;2;156;154;152m██[38;2;21;149;211m██[38;2;0;0;0m    [38;2;2;67;102m  [38;2;36;167;237m██[38;2;14;138;209m██[38;2;25;158;233m██[38;2;7;42;62m██
[38;2;0;0;0m  [38;2;79;168;199m██[38;2;86;165;193m██[38;2;140;140;140m██[38;2;47;45;43m  [38;2;53;51;49m  [38;2;46;42;39m  [38;2;112;108;105m██[38;2;189;188;187m██[38;2;147;145;143m██[38;2;223;223;222m██[38;2;145;143;141m██[38;2;220;220;219m██[38;2;58;109;133m██[38;2;37;138;187m██[38;2;28;114;158m██[38;2;4;63;93m██[38;2;20;147;220m██[38;2;16;140;212m██[38;2;12;125;190m██[38;2;13;92;138m██[38;2;14;80;117m  [38;2;0;0;0m  
[38;2;23;51;60m  [38;2;99;210;250m██[38;2;6;13;15m  [38;2;60;57;55m  [38;2;54;52;50m  [38;2;4;96;148m  [38;2;5;69;106m██[38;2;168;164;162m██[38;2;121;117;114m██[38;2;99;96;93m██[38;2;88;85;82m██[38;2;95;92;90m██[38;2;97;150;167m██[38;2;72;88;94m██[38;2;26;166;232m██[38;2;30;58;62m██[38;2;5;121;186m██[38;2;0;10;16m██[38;2;1;13;19m██[38;2;2;12;17m  [38;2;0;0;0m      
[38;2;0;0;0m      [38;2;36;35;33m  [38;2;10;89;135m██[38;2;3;74;114m██[38;2;53;51;49m  [38;2;39;38;36m  [38;2;69;67;65m██[38;2;125;118;113m██[38;2;162;158;154m██[38;2;74;72;69m██[38;2;101;214;255m██[38;2;77;80;80m██[38;2;21;125;173m██[38;2;34;32;30m  [38;2;0;0;0m              
[38;2;0;0;0m        [38;2;28;163;239m██[38;2;3;21;31m██[38;2;80;76;73m    [38;2;78;75;72m  [38;2;6;6;5m  [38;2;6;6;6m██[38;2;181;177;174m██[38;2;91;150;169m██[38;2;94;204;244m██[38;2;34;34;33m██[38;2;73;70;67m  [38;2;0;0;0m              
[38;2;0;0;0m        [38;2;17;142;214m██[38;2;27;161;236m██[38;2;24;66;89m  [38;2;76;73;70m  [38;2;80;77;73m      [38;2;0;0;0m██[38;2;85;111;119m██[38;2;92;144;161m  [38;2;114;137;142m██[38;2;54;103;120m  [38;2;0;0;0m              
[38;2;0;0;0m        [38;2;10;57;83m██[38;2;9;128;197m██[38;2;32;165;238m██[38;2;5;23;32m██[38;2;2;5;7m  [38;2;0;0;0m      [38;2;24;24;25m██[38;2;186;231;243m██[38;2;110;136;144m  [38;2;0;0;0m                
[38;2;0;0;0m        [38;2;4;23;34m  [38;2;39;159;224m██[38;2;35;157;222m  [38;2;22;147;215m██[38;2;25;126;182m██[38;2;0;4;6m  [38;2;0;0;0m    [38;2;40;76;88m██[38;2;101;137;144m██[38;2;53;94;110m  [38;2;0;0;0m                
[38;2;0;0;0m            [38;2;11;57;82m  [38;2;30;147;211m██[38;2;17;136;203m██[38;2;25;157;231m██[38;2;15;92;136m██[38;2;0;15;23m██[38;2;0;0;0m  [38;2;3;7;9m  [38;2;36;78;97m  [38;2;0;0;0m                
[38;2;0;0;0m                [38;2;4;24;35m  [38;2;2;41;64m██[38;2;7;86;131m██[38;2;5;121;188m██[38;2;1;38;59m  [38;2;0;0;0m                    
[38;2;0;0;0m                        [38;2;4;109;169m██[38;2;0;0;0m                    
[38;2;0;0;0m                        [38;2;0;16;26m  [38;2;0;0;0m                    [0m
