
[38;2;0;0;0m                [38;2;17;30;40m  [38;2;0;0;0m                                        
[38;2;0;0;0m                [38;2;66;115;152m██[38;2;0;0;0m                                        
[38;2;0;0;0m              [38;2;97;168;221m██[38;2;11;22;27m  [38;2;0;0;0m                    [38;2;125;208;240m██[38;2;17;29;33m  [38;2;0;0;0m      [38;2;29;49;57m██[38;2;0;0;0m        
[38;2;0;0;0m            [38;2;0;3;2m  [38;2;56;103;131m██[38;2;62;109;142m██[38;2;0;0;0m                    [38;2;133;220;255m██[38;2;52;87;101m██[38;2;0;0;0m      [38;2;89;148;171m██[38;2;0;0;0m        
[38;2;0;0;0m            [38;2;41;70;91m██[38;2;65;117;148m██[38;2;66;115;152m██[38;2;0;0;0m                    [38;2;11;19;21m██[38;2;133;221;255m██[38;2;0;0;0m    [38;2;20;34;39m██[38;2;133;221;255m██[38;2;0;0;0m        
[38;2;0;0;0m            [38;2;89;156;201m██[38;2;102;177;231m██[38;2;4;7;10m  [38;2;0;0;0m                    [38;2;11;19;21m██[38;2;134;222;255m██[38;2;109;181;209m  [38;2;0;0;0m  [38;2;20;34;39m██[38;2;134;222;255m██[38;2;0;0;0m        
[38;2;0;0;0m            [38;2;111;192;252m██[38;2;65;113;148m██[38;2;0;0;0m                        [38;2;80;133;153m██[38;2;128;210;242m  [38;2;51;72;82m██[38;2;140;222;255m██[38;2;63;96;111m██[38;2;11;19;22m  [38;2;112;187;215m██[38;2;103;172;197m██[38;2;0;0;0m  
[38;2;0;0;0m          [38;2;94;161;209m██[38;2;111;191;249m██[38;2;13;23;30m██[38;2;0;0;0m                          [38;2;134;222;255m██[38;2;97;172;207m██[38;2;133;221;255m██[38;2;87;115;127m██[38;2;134;222;255m██[38;2;133;221;255m██[38;2;0;0;0m    
[38;2;0;0;0m          [38;2;94;161;211m██[38;2;111;191;250m██[38;2;13;23;30m██[38;2;0;0;0m                          [38;2;133;221;255m████[38;2;122;196;225m██[38;2;89;120;133m██[38;2;133;221;255m██[38;2;82;137;158m██[38;2;0;0;0m    
[38;2;0;0;0m          [38;2;112;186;215m██[38;2;109;190;248m██[38;2;13;23;30m██[38;2;0;0;0m        [38;2;18;86;112m██[38;2;0;2;3m██[38;2;0;0;0m              [38;2;16;26;30m██[38;2;133;221;255m██[38;2;88;161;196m██[38;2;133;221;255m██[38;2;116;182;208m██[38;2;25;29;31m██[38;2;8;14;17m██[38;2;2;3;4m  
[38;2;0;0;0m          [38;2;112;186;215m██[38;2;110;191;235m██[38;2;71;124;163m██[38;2;31;52;60m  [38;2;6;11;13m  [38;2;0;0;0m  [38;2;75;125;145m  [38;2;51;180;229m██[38;2;0;2;3m██[38;2;0;0;0m              [38;2;16;26;30m██[38;2;133;221;255m████[38;2;105;157;178m██[38;2;105;158;179m██[38;2;125;203;232m██[38;2;115;192;220m██[38;2;13;22;26m  
[38;2;0;0;0m            [38;2;112;193;228m██[38;2;106;186;243m██[38;2;91;126;140m██[38;2;44;91;109m██[38;2;49;42;43m██[38;2;43;183;233m██[38;2;15;90;118m██[38;2;0;0;0m  [38;2;1;11;14m  [38;2;3;22;29m██[38;2;1;10;13m  [38;2;0;0;0m        [38;2;16;26;30m██[38;2;133;221;255m██[38;2;134;222;255m████[38;2;123;200;229m██[38;2;86;115;130m██[38;2;58;68;77m██[38;2;3;6;8m  
[38;2;0;0;0m            [38;2;126;211;246m██[38;2;90;164;207m██[38;2;73;116;137m██[38;2;43;186;238m██[38;2;69;124;140m██[38;2;36;177;228m██[38;2;49;110;131m██[38;2;87;145;167m██[38;2;58;158;196m██[38;2;28;167;219m██[38;2;4;26;34m  [38;2;0;0;0m        [38;2;16;26;30m██[38;2;133;221;255m██[38;2;120;204;253m██[38;2;123;208;253m██[38;2;107;165;191m██[38;2;106;179;233m██[38;2;104;172;224m██[38;2;20;27;32m██
[38;2;0;0;0m    [38;2;4;23;31m  [38;2;0;0;0m      [38;2;48;80;92m██[38;2;92;167;202m██[38;2;66;131;163m██[38;2;43;178;225m██[38;2;65;194;236m██[38;2;39;150;192m██[38;2;66;141;166m██[38;2;29;169;222m██[38;2;26;152;199m██[38;2;0;0;0m            [38;2;39;65;75m██[38;2;114;196;244m██[38;2;126;212;254m██[38;2;124;209;253m██[38;2;101;166;214m██[38;2;82;112;135m██[38;2;57;69;79m██[38;2;0;0;0m  
[38;2;0;0;0m    [38;2;11;68;89m██[38;2;4;23;30m  [38;2;0;0;0m    [38;2;12;21;24m  [38;2;121;201;232m██[38;2;99;143;165m██[38;2;59;94;107m██[38;2;47;147;183m██[38;2;39;138;176m██[38;2;28;168;218m██[38;2;28;168;221m██[38;2;27;45;53m██[38;2;0;0;0m            [38;2;134;222;255m██[38;2;97;173;207m██[38;2;111;193;252m██[38;2;112;194;252m██[38;2;98;157;202m██[38;2;49;82;106m██[38;2;22;39;52m  [38;2;0;0;0m  
[38;2;0;0;0m    [38;2;5;25;33m  [38;2;28;158;207m██[38;2;0;0;0m      [38;2;85;142;164m  [38;2;116;198;233m██[38;2;67;72;76m██[38;2;69;114;130m██[38;2;38;140;180m██[38;2;93;127;140m██[38;2;87;121;130m██[38;2;94;128;134m██[38;2;0;0;0m        [38;2;3;5;5m  [38;2;94;156;180m██[38;2;126;211;246m██[38;2;98;174;223m██[38;2;111;191;248m██[38;2;88;128;159m██[38;2;55;90;115m  [38;2;10;16;19m  [38;2;0;0;0m    
[38;2;0;0;0m    [38;2;7;39;52m  [38;2;28;163;214m██[38;2;0;0;0m        [38;2;47;64;71m██[38;2;141;147;145m██[38;2;157;165;161m██[38;2;62;67;70m██[38;2;81;93;100m██[38;2;232;253;252m██[38;2;107;193;235m██[38;2;51;50;51m  [38;2;0;0;0m      [38;2;108;180;208m██[38;2;132;221;255m██[38;2;90;163;200m██[38;2;108;188;246m██[38;2;74;89;101m██[38;2;98;158;202m██[38;2;111;191;252m██[38;2;32;56;73m██[38;2;0;0;0m    
[38;2;0;0;0m  [38;2;7;43;57m  [38;2;31;163;213m██[38;2;7;28;36m██[38;2;0;0;0m          [38;2;104;107;105m  [38;2;98;109;115m██[38;2;93;116;127m██[38;2;128;189;217m██[38;2;88;179;230m██[38;2;139;216;249m██[38;2;132;220;253m██[38;2;62;89;100m██[38;2;49;81;93m██[38;2;134;220;255m██[38;2;114;194;228m██[38;2;112;193;243m██[38;2;109;186;244m██[38;2;92;149;192m██[38;2;113;191;248m██[38;2;65;91;111m██[38;2;0;0;0m        
[38;2;0;0;0m  [38;2;50;93;129m██[38;2;22;123;162m██[38;2;1;2;3m  [38;2;0;0;0m          [38;2;50;49;50m  [38;2;110;134;144m██[38;2;104;146;162m██[38;2;153;218;252m██[38;2;133;221;254m██[38;2;134;222;255m██[38;2;133;221;254m██[38;2;123;200;229m██[38;2;134;222;255m██[38;2;105;182;216m██[38;2;105;189;232m██[38;2;109;189;248m██[38;2;110;189;248m██[38;2;69;104;131m██[38;2;27;29;32m██[38;2;4;8;11m██[38;2;0;0;0m        
[38;2;18;28;40m██[38;2;70;113;158m██[38;2;68;113;154m██[38;2;33;57;72m██[38;2;0;0;0m      [38;2;23;40;57m  [38;2;44;71;98m██[38;2;82;97;110m██[38;2;156;178;190m██[38;2;213;243;255m██[38;2;213;242;255m██[38;2;121;188;220m██[38;2;125;205;238m██[38;2;133;221;255m██[38;2;128;214;254m██[38;2;91;165;211m██[38;2;111;191;249m██[38;2;108;184;239m██[38;2;26;45;59m  [38;2;8;13;18m  [38;2;47;112;148m██[38;2;27;84;112m██[38;2;50;139;188m██[38;2;19;66;88m██[38;2;4;13;18m  [38;2;0;0;0m    
[38;2;1;1;2m  [38;2;55;88;122m██[38;2;69;112;156m██[38;2;69;113;157m██[38;2;65;106;148m████[38;2;65;105;147m██[38;2;69;111;154m██[38;2;42;71;102m██[38;2;62;73;78m██[38;2;212;242;255m██[38;2;212;243;255m██████[38;2;141;192;216m██[38;2;139;217;254m██[38;2;112;191;248m██[38;2;111;192;252m██[38;2;52;90;118m██[38;2;6;11;15m  [38;2;0;0;0m      [38;2;12;37;49m██[38;2;46;137;183m██[38;2;28;167;219m██[38;2;36;125;165m██[38;2;17;0;2m  [38;2;0;0;0m  
[38;2;0;0;0m    [38;2;10;17;24m  [38;2;37;60;84m██████[38;2;23;38;54m  [38;2;0;0;0m      [38;2;156;178;187m██[38;2;213;243;255m██[38;2;212;242;255m████[38;2;151;203;225m██[38;2;94;171;210m██[38;2;112;191;248m██[38;2;70;118;152m██[38;2;1;1;0m  [38;2;0;0;0m        [38;2;7;8;11m  [38;2;39;112;150m██[38;2;32;163;214m  [38;2;39;141;188m██[38;2;32;134;177m  [38;2;0;0;0m  
[38;2;0;0;0m                    [38;2;91;104;109m██[38;2;213;243;255m██[38;2;187;230;246m██[38;2;160;217;237m████[38;2;76;142;177m██[38;2;112;191;248m██[38;2;111;192;252m██[38;2;47;82;108m██[38;2;0;0;0m████████[38;2;29;169;222m██[38;2;56;131;179m██[38;2;62;123;170m██[38;2;28;169;222m██[38;2;0;0;0m    
[38;2;0;0;0m                      [38;2;70;96;104m  [38;2;160;215;233m████[38;2;118;180;207m██[38;2;111;192;252m██[38;2;128;214;254m██[38;2;102;146;169m██[38;2;49;69;83m██[38;2;36;50;66m██[38;2;55;88;122m██[38;2;70;113;159m██[38;2;70;112;156m██[38;2;30;52;72m██[38;2;20;73;97m██[38;2;10;63;83m  [38;2;0;0;0m      
[38;2;0;0;0m                        [38;2;28;27;28m  [38;2;159;201;214m██[38;2;28;33;35m  [38;2;124;206;238m██[38;2;134;222;255m██[38;2;117;195;225m  [38;2;0;0;0m                      
[38;2;0;0;0m                        [38;2;33;32;33m  [38;2;95;98;101m██[38;2;1;0;0m  [38;2;0;1;1m  [38;2;74;109;122m██[38;2;0;0;0m                        
[38;2;0;0;0m                    [38;2;66;67;68m██[38;2;73;73;74m██[38;2;111;109;111m██[38;2;52;52;52m██[38;2;0;0;0m    [38;2;46;46;46m██[38;2;163;165;163m██[38;2;0;0;0m                      
[38;2;0;0;0m                    [38;2;54;57;59m██[38;2;180;190;196m██[38;2;21;20;21m  [38;2;0;0;0m  [38;2;57;58;57m  [38;2;77;78;77m██[38;2;152;157;152m██[38;2;54;54;54m  [38;2;0;0;0m                      
[38;2;0;0;0m                            [38;2;93;98;101m  [38;2;54;53;54m██[38;2;115;120;122m██[38;2;0;0;0m                        
[38;2;0;0;0m                              [38;2;1;1;1m  [38;2;29;31;31m  [38;2;0;0;0m                        [0m
