
[38;2;0;0;0m      [38;2;37;41;51m  [38;2;0;0;0m                                  
[38;2;0;0;0m      [38;2;149;164;204m██[38;2;0;0;0m        [38;2;61;67;83m  [38;2;134;148;184m██[38;2;0;0;0m                      
[38;2;0;0;0m    [38;2;17;18;15m  [38;2;201;204;179m██[38;2;163;163;121m██[38;2;0;0;0m  [38;2;18;20;24m  [38;2;170;187;232m██[38;2;188;204;239m██[38;2;183;196;248m██[38;2;91;97;124m██[38;2;0;0;0m                    
[38;2;0;0;0m    [38;2;59;64;72m██[38;2;239;242;200m██[38;2;232;232;172m██[38;2;22;22;16m  [38;2;198;201;173m██[38;2;184;201;242m██[38;2;219;227;216m██[38;2;236;235;216m██[38;2;111;133;181m██[38;2;0;5;11m  [38;2;0;0;0m                  
[38;2;0;0;0m    [38;2;75;76;60m██[38;2;197;211;230m██[38;2;168;168;125m██[38;2;209;211;177m██[38;2;243;245;195m██[38;2;254;254;188m██[38;2;240;244;194m██[38;2;152;179;216m██[38;2;191;208;230m██[38;2;198;214;238m██[38;2;179;198;246m██[38;2;41;45;57m  [38;2;0;0;0m              
[38;2;0;0;0m    [38;2;16;17;16m  [38;2;97;101;97m██[38;2;137;136;108m██[38;2;247;247;182m██[38;2;254;254;185m████[38;2;203;218;208m██[38;2;253;253;186m██[38;2;245;247;194m██[38;2;199;212;231m██[38;2;205;217;226m██[38;2;167;183;228m██[38;2;0;0;0m              
[38;2;0;0;0m    [38;2;44;62;80m██[38;2;103;144;188m██[38;2;238;245;248m██[38;2;201;218;231m██[38;2;98;105;110m██[38;2;196;195;173m██[38;2;254;254;186m████[38;2;254;254;187m██[38;2;235;240;203m██[38;2;188;204;239m██[38;2;125;137;171m  [38;2;0;0;0m              
[38;2;0;0;0m  [38;2;130;144;150m  [38;2;154;174;191m██[38;2;235;239;242m██[38;2;255;255;255m██[38;2;254;255;255m██[38;2;217;220;220m██[38;2;172;177;178m██[38;2;170;169;130m██[38;2;254;254;188m████[38;2;133;167;227m██[38;2;92;109;130m██[38;2;0;0;0m                
[38;2;16;16;16m  [38;2;156;175;189m██[38;2;226;230;234m██[38;2;212;211;212m██[38;2;118;124;130m██[38;2;63;72;81m██[38;2;79;78;79m██[38;2;202;208;209m██[38;2;141;141;120m██[38;2;253;253;187m██[38;2;151;181;213m██[38;2;231;236;199m██[38;2;20;22;27m  [38;2;0;0;0m        [38;2;60;61;62m██[38;2;18;18;19m  [38;2;0;0;0m    
[38;2;66;66;66m██[38;2;255;255;255m██[38;2;207;206;207m██[38;2;57;56;57m██[38;2;110;141;170m██[38;2;76;117;153m██[38;2;221;223;224m██[38;2;211;217;218m██[38;2;139;142;143m██[38;2;249;249;182m██[38;2;226;233;208m██[38;2;234;239;204m██[38;2;155;170;212m██[38;2;0;0;0m    [38;2;13;14;15m  [38;2;156;162;166m██[38;2;60;61;62m██[38;2;142;145;147m██[38;2;88;98;103m  [38;2;0;0;0m  
[38;2;50;50;50m  [38;2;211;216;219m██[38;2;167;183;192m██[38;2;120;121;123m██[38;2;182;202;221m██[38;2;225;232;237m██[38;2;214;219;222m██[38;2;213;219;221m██[38;2;139;142;143m██[38;2;249;249;182m██[38;2;245;247;194m██[38;2;198;211;232m██[38;2;155;170;212m██[38;2;0;0;0m    [38;2;74;75;76m██[38;2;74;84;94m  [38;2;201;201;201m  [38;2;122;122;122m  [38;2;131;136;138m██[38;2;13;13;14m  
[38;2;0;0;0m  [38;2;22;26;28m  [38;2;109;113;116m██[38;2;239;244;247m██[38;2;197;209;217m██[38;2;129;151;176m██[38;2;109;124;136m██[38;2;202;212;217m██[38;2;110;120;120m██[38;2;250;250;185m██[38;2;245;247;195m██[38;2;63;63;47m██[38;2;20;22;27m  [38;2;0;0;0m    [38;2;194;203;208m██[38;2;32;46;62m  [38;2;61;76;92m  [38;2;195;195;195m  [38;2;45;46;47m██[38;2;55;57;57m██
[38;2;0;0;0m          [38;2;32;31;32m  [38;2;120;161;203m██[38;2;198;209;215m██[38;2;145;148;124m██[38;2;242;244;199m██[38;2;67;74;92m  [38;2;0;0;0m        [38;2;19;19;19m  [38;2;160;165;166m██[38;2;136;143;145m  [38;2;137;141;145m  [38;2;60;71;81m██[38;2;55;57;57m██
[38;2;0;0;0m            [38;2;134;175;212m██[38;2;209;220;227m██[38;2;142;141;112m██[38;2;206;214;229m██[38;2;76;80;86m  [38;2;0;0;0m        [38;2;22;22;22m  [38;2;191;191;191m  [38;2;193;196;198m  [38;2;64;68;72m  [38;2;103;146;196m██[38;2;13;13;14m  
[38;2;0;0;0m          [38;2;153;186;219m██[38;2;210;230;248m██[38;2;213;233;249m██[38;2;125;133;118m██[38;2;181;195;180m██[38;2;96;99;99m██[38;2;61;59;61m██[38;2;60;61;61m██[38;2;0;0;0m    [38;2;22;22;22m  [38;2;191;191;191m  [38;2;21;33;47m██[38;2;89;107;125m██[38;2;126;130;130m  [38;2;0;0;0m  
[38;2;0;0;0m          [38;2;153;186;219m██[38;2;240;245;247m██[38;2;93;147;196m██[38;2;146;150;151m██[38;2;193;198;200m██[38;2;227;235;237m██[38;2;235;243;247m██[38;2;240;245;247m██[38;2;179;183;186m██[38;2;72;76;75m  [38;2;7;12;11m  [38;2;84;122;157m██[38;2;99;126;156m██[38;2;96;104;109m██[38;2;0;0;0m    
[38;2;0;0;0m        [38;2;62;75;89m██[38;2;174;211;249m██[38;2;194;222;248m██[38;2;224;237;248m██[38;2;239;245;248m██[38;2;230;240;245m██[38;2;213;226;237m██[38;2;237;244;247m██[38;2;122;165;205m██[38;2;175;202;222m██[38;2;176;200;222m██[38;2;102;137;172m██[38;2;109;133;156m██[38;2;133;138;138m  [38;2;132;132;132m  [38;2;0;0;0m    
[38;2;0;0;0m        [38;2;62;75;89m██[38;2;174;211;249m██[38;2;174;211;248m██[38;2;219;234;248m██[38;2;238;245;247m██[38;2;103;146;189m██[38;2;110;161;211m██[38;2;239;244;247m██[38;2;117;159;200m██[38;2;175;203;222m██[38;2;214;225;236m██[38;2;99;128;155m██[38;2;100;106;109m██[38;2;0;0;0m        
[38;2;0;0;0m        [38;2;31;42;51m  [38;2;150;188;227m██[38;2;165;203;242m██[38;2;219;234;248m██[38;2;227;238;249m██[38;2;214;230;239m██[38;2;165;194;219m██[38;2;211;218;222m██[38;2;226;233;235m██[38;2;238;244;248m██[38;2;239;245;248m██[38;2;84;94;98m  [38;2;122;122;122m  [38;2;0;0;0m        
[38;2;0;0;0m          [38;2;25;34;43m  [38;2;122;163;201m██[38;2;131;172;210m██[38;2;122;156;190m██[38;2;236;242;245m██[38;2;239;244;247m██[38;2;129;140;146m██[38;2;163;176;184m██[38;2;243;247;248m██[38;2;229;235;236m██[38;2;27;27;27m  [38;2;233;233;233m  [38;2;0;0;0m        
[38;2;0;0;0m            [38;2;63;67;68m██[38;2;120;153;181m██[38;2;90;108;128m██[38;2;234;240;243m██[38;2;239;245;248m██[38;2;143;153;157m  [38;2;0;0;0m  [38;2;201;209;212m██[38;2;176;183;185m██[38;2;0;0;0m            
[38;2;0;0;0m            [38;2;20;21;21m  [38;2;173;182;186m██[38;2;127;130;132m██[38;2;234;240;243m██[38;2;216;226;230m██[38;2;0;0;0m    [38;2;219;225;228m██[38;2;65;71;73m██[38;2;0;0;0m            
[38;2;0;0;0m              [38;2;163;164;165m  [38;2;94;101;105m██[38;2;213;219;221m██[38;2;178;185;188m██[38;2;0;0;0m                    
[38;2;0;0;0m                [38;2;29;29;29m  [38;2;63;63;63m██[38;2;25;26;26m  [38;2;0;0;0m                    [0m
