
[38;2;0;0;0m                    [38;2;33;28;0m  [38;2;65;56;0m██[38;2;29;25;0m  [38;2;0;0;0m                
[38;2;0;0;0m                    [38;2;225;194;0m██[38;2;252;217;0m██[38;2;222;191;0m██[38;2;0;0;0m                
[38;2;0;0;0m          [38;2;156;156;156m  [38;2;208;208;208m  [38;2;255;255;255m    [38;2;81;81;81m  [38;2;201;130;35m██[38;2;205;108;57m██[38;2;247;205;6m██[38;2;71;61;0m  [38;2;0;0;0m              
[38;2;0;0;0m        [38;2;74;64;0m  [38;2;208;179;0m██[38;2;142;125;17m  [38;2;239;239;239m  [38;2;255;255;255m    [38;2;100;29;44m██[38;2;191;62;89m██[38;2;227;134;47m██[38;2;234;202;0m██[38;2;0;0;0m              
[38;2;0;0;0m    [38;2;27;23;0m  [38;2;225;194;0m██[38;2;252;218;1m██[38;2;231;181;11m██[38;2;240;195;8m██[38;2;18;15;0m██[38;2;255;255;255m    [38;2;127;127;127m  [38;2;212;79;84m██[38;2;225;123;53m██[38;2;235;203;0m██[38;2;0;0;0m              
[38;2;0;0;0m    [38;2;78;67;0m██[38;2;252;217;0m██[38;2;191;149;0m██[38;2;152;37;48m██[38;2;206;119;39m██[38;2;222;191;0m██[38;2;133;133;133m  [38;2;255;255;255m  [38;2;127;127;127m  [38;2;253;111;74m██[38;2;226;143;42m██[38;2;30;26;6m  [38;2;0;0;0m              
[38;2;0;0;0m            [38;2;215;79;84m██[38;2;248;206;6m██[38;2;115;115;115m  [38;2;255;255;255m  [38;2;127;127;127m  [38;2;230;98;81m██[38;2;192;137;22m██[38;2;0;0;0m                
[38;2;0;0;0m          [38;2;205;205;205m  [38;2;104;47;23m██[38;2;249;210;3m██[38;2;137;99;21m  [38;2;22;22;22m  [38;2;116;71;89m  [38;2;195;69;84m██[38;2;114;98;0m██[38;2;0;0;0m                
[38;2;0;0;0m          [38;2;126;126;126m  [38;2;175;145;2m██[38;2;252;217;0m██████[38;2;231;182;23m██[38;2;227;164;25m██[38;2;64;55;0m  [38;2;0;0;0m                
[38;2;0;0;0m          [38;2;214;214;214m  [38;2;252;217;0m██████[38;2;251;217;0m██[38;2;252;217;0m████[38;2;109;94;0m  [38;2;0;0;0m                
[38;2;0;0;0m        [38;2;77;67;0m██[38;2;106;91;0m██[38;2;247;202;2m██[38;2;251;214;0m██[38;2;198;179;60m██[38;2;3;3;3m██[38;2;252;217;0m██[38;2;251;217;0m██[38;2;180;155;0m██[38;2;0;0;0m                
[38;2;0;0;0m        [38;2;252;217;0m████[38;2;253;217;0m██[38;2;253;218;0m██[38;2;138;119;3m██[38;2;223;141;10m██[38;2;252;217;0m██████[38;2;0;0;0m                
[38;2;0;0;0m    [38;2;15;12;10m  [38;2;214;186;5m██[38;2;253;230;85m██[38;2;252;217;0m██[38;2;162;143;31m████[38;2;252;217;0m██[38;2;253;218;0m██[38;2;252;217;0m██[38;2;252;216;0m██[38;2;252;217;0m██[38;2;234;201;0m  [38;2;0;0;0m              
[38;2;2;1;0m  [38;2;10;6;0m██[38;2;177;130;29m██[38;2;219;191;12m██[38;2;252;218;8m██[38;2;252;217;0m██[38;2;252;216;0m██[38;2;251;217;0m██[38;2;252;217;1m██[38;2;252;218;10m██[38;2;252;217;1m██[38;2;251;217;0m██[38;2;247;213;1m██[38;2;234;202;0m██[38;2;4;3;0m  [38;2;0;0;0m    [38;2;51;44;1m██[38;2;253;218;3m██[38;2;200;172;0m██[38;2;2;1;0m  
[38;2;61;40;2m██[38;2;236;156;11m██[38;2;117;92;48m██[38;2;251;230;141m██[38;2;255;251;224m██[38;2;253;221;20m██[38;2;252;217;0m████[38;2;253;229;76m██[38;2;255;254;252m██[38;2;254;231;84m██[38;2;252;217;0m██[38;2;207;180;15m██[38;2;146;129;37m██[38;2;61;46;16m██[38;2;0;0;0m    [38;2;253;220;18m██[38;2;253;222;34m██[38;2;241;177;7m██[38;2;61;40;2m██
[38;2;0;0;0m    [38;2;66;44;3m  [38;2;248;216;46m██[38;2;254;244;167m██[38;2;253;219;5m██[38;2;253;232;103m██[38;2;255;255;255m██[38;2;253;223;24m██[38;2;254;251;227m██[38;2;253;224;25m██[38;2;242;175;9m██[38;2;242;208;2m██[38;2;252;217;0m██[38;2;243;184;5m██[38;2;19;16;0m  [38;2;0;0;0m  [38;2;218;145;10m██[38;2;236;156;11m██[38;2;231;154;10m██[38;2;56;37;2m  
[38;2;0;0;0m      [38;2;211;200;129m██[38;2;252;217;0m████[38;2;253;223;40m██[38;2;253;231;99m██[38;2;252;217;0m██[38;2;254;239;151m██[38;2;252;217;0m██[38;2;248;213;0m██[38;2;155;138;34m██[38;2;146;130;36m██[38;2;253;218;0m██[38;2;222;192;0m██[38;2;0;0;0m  [38;2;15;10;0m  [38;2;92;61;4m██[38;2;72;48;3m  [38;2;0;0;0m  
[38;2;0;0;0m      [38;2;0;2;11m  [38;2;254;243;175m██[38;2;252;221;33m██[38;2;255;255;255m██[38;2;252;224;49m██[38;2;252;217;0m██[38;2;253;222;32m██[38;2;252;219;15m██[38;2;243;214;30m██[38;2;189;198;203m██[38;2;152;159;165m  [38;2;0;0;0m              
[38;2;0;0;0m        [38;2;148;148;148m██[38;2;255;255;255m██████[38;2;254;242;166m██[38;2;254;254;252m██[38;2;212;211;172m██[38;2;191;198;202m██[38;2;122;127;130m██[38;2;0;0;0m                
[38;2;0;0;0m        [38;2;19;12;0m  [38;2;68;64;51m██[38;2;221;221;221m██[38;2;242;243;244m██[38;2;219;223;225m██[38;2;190;198;202m██[38;2;178;186;192m██[38;2;152;159;165m  [38;2;0;0;0m            ██    
[38;2;0;0;0m        [38;2;202;169;1m  [38;2;233;156;10m██[38;2;117;84;24m██[38;2;55;57;58m██[38;2;58;60;61m██[38;2;102;103;105m██[38;2;143;116;67m██[38;2;0;0;0m                    
[38;2;0;0;0m        [38;2;0;0;2m  [38;2;0;0;6m  [38;2;0;0;0m        [38;2;239;170;8m██[38;2;246;212;0m██[38;2;0;0;0m                  
[38;2;0;0;0m                    [38;2;65;56;0m██[38;2;64;55;0m  [38;2;0;0;0m                  [0m
