
[38;2;2;4;11m  [38;2;10;16;47m              [38;2;8;12;35m  [38;2;0;0;0m  [38;2;50;25;51m██[38;2;10;16;47m██[38;2;0;36;41m  [38;2;0;0;0m  [38;2;10;16;47m              [38;2;2;4;11m  
[38;2;10;16;47m  [38;2;43;65;191m              [38;2;16;40;89m  [38;2;32;49;143m██[38;2;82;74;195m██[38;2;162;92;203m██[38;2;32;86;184m██[38;2;72;91;116m██[38;2;18;44;101m  [38;2;43;65;191m            [38;2;10;16;47m  
[38;2;10;16;47m  [38;2;42;65;191m          [38;2;40;61;179m  [38;2;16;24;71m  [38;2;56;80;182m██[38;2;56;80;181m██[38;2;34;90;196m██[38;2;42;65;191m██[38;2;82;74;195m██[38;2;82;75;195m██[38;2;74;61;156m██[38;2;40;44;120m  [38;2;42;65;191m          [38;2;10;16;47m  
[38;2;10;16;47m  [38;2;43;65;191m          [38;2;32;49;143m  ██[38;2;43;65;191m████[38;2;34;90;196m██[38;2;18;139;208m██[38;2;43;65;191m████[38;2;241;110;208m██[38;2;63;28;53m██[38;2;43;65;191m          [38;2;10;16;47m  
[38;2;10;16;47m  [38;2;42;65;191m          [38;2;50;25;51m██[38;2;82;74;195m████[38;2;42;65;191m██████[38;2;215;110;207m██[38;2;186;132;213m██[38;2;191;134;215m████[38;2;10;16;47m  [38;2;42;65;191m        [38;2;10;16;47m  
[38;2;10;16;47m  [38;2;43;65;191m          [38;2;10;16;47m██[38;2;43;65;191m██[38;2;82;74;195m██[38;2;162;92;203m██[38;2;82;74;195m████[38;2;192;103;200m██[38;2;47;182;220m██[38;2;92;189;190m████[38;2;10;16;47m  [38;2;43;65;191m        [38;2;10;16;47m  
[38;2;10;16;47m  [38;2;42;65;191m          [38;2;8;49;77m  [38;2;32;86;184m██[38;2;34;90;196m██[38;2;42;65;191m██████[38;2;129;85;198m██[38;2;200;165;172m██[38;2;193;198;140m██[38;2;189;198;61m██[38;2;18;28;83m  [38;2;42;65;191m        [38;2;10;16;47m  
[38;2;10;16;47m  [38;2;43;65;191m          [38;2;32;49;143m  ██[38;2;34;90;196m██[38;2;18;139;208m██[38;2;34;90;196m████[38;2;186;122;209m██[38;2;14;191;221m██[38;2;175;148;188m██[38;2;34;54;43m██[38;2;43;65;191m          [38;2;10;16;47m  
[38;2;10;16;47m  [38;2;42;65;191m        [38;2;34;53;155m  [38;2;32;49;143m  [38;2;16;24;71m  [38;2;44;57;162m██[38;2;42;64;188m██[38;2;82;74;195m████[38;2;160;87;195m██[38;2;241;110;211m██[38;2;161;82;146m██[38;2;38;53;131m  [38;2;42;65;191m          [38;2;10;16;47m  
[38;2;10;16;47m  [38;2;43;65;191m      [38;2;34;53;155m  [38;2;26;41;119m  [38;2;32;49;143m██[38;2;40;61;179m██[38;2;46;56;136m██[38;2;46;51;81m██[38;2;82;74;195m████[38;2;43;62;164m██[38;2;86;61;87m██[38;2;43;62;164m██[38;2;40;59;161m██[38;2;10;16;47m  [38;2;34;53;155m  [38;2;43;65;191m      [38;2;10;16;47m  
[38;2;8;12;35m  [38;2;40;61;179m  [38;2;32;49;143m  [38;2;40;61;179m  [38;2;32;50;143m  [38;2;16;24;71m  [38;2;14;22;64m  [38;2;39;55;145m██[38;2;35;53;155m██[38;2;42;65;188m██[38;2;46;52;83m████[38;2;43;52;101m██[38;2;41;64;186m██[38;2;41;59;149m██[38;2;35;52;150m██[38;2;38;59;171m██[38;2;16;24;71m  [38;2;42;65;191m      [38;2;10;16;47m  
[38;2;8;12;35m  [38;2;16;24;71m  [38;2;32;49;143m██[38;2;16;24;71m  [38;2;39;54;123m██[38;2;23;28;51m  [38;2;40;61;179m  [38;2;17;21;44m  [38;2;44;49;74m██[38;2;46;51;81m██[38;2;45;55;110m██[38;2;38;58;170m██[38;2;36;50;130m██[38;2;43;52;83m██[38;2;97;116;124m██[38;2;31;42;62m██[38;2;14;22;64m  [38;2;40;61;179m  [38;2;43;65;191m      [38;2;10;16;47m  
[38;2;9;18;49m██[38;2;42;64;187m██[38;2;42;65;188m██[38;2;61;76;160m██[38;2;96;103;131m██[38;2;65;59;100m██[38;2;50;31;45m██[38;2;127;66;114m██[38;2;140;90;137m██[38;2;48;64;169m██[38;2;43;62;164m██[38;2;47;49;56m██[38;2;51;102;112m██[38;2;63;149;163m██[38;2;62;121;130m██[38;2;147;153;154m  [38;2;239;239;239m  [38;2;63;66;63m  [38;2;15;23;43m██[38;2;23;26;23m██[38;2;26;41;119m  [38;2;2;4;11m  
[38;2;1;3;9m  [38;2;9;15;43m██[38;2;36;55;160m██[38;2;59;74;154m██[38;2;101;106;132m██[38;2;59;60;88m██[38;2;50;27;45m██[38;2;156;150;154m  [38;2;23;24;54m██[38;2;41;63;183m██[38;2;41;63;184m██[38;2;45;49;77m██[38;2;62;77;80m  [38;2;60;77;80m  [38;2;28;58;61m██[38;2;16;151;169m██[38;2;77;60;61m  [38;2;46;65;137m██[38;2;95;103;137m██[38;2;62;77;159m██[38;2;34;53;155m██[38;2;10;16;47m██
[38;2;10;16;47m  [38;2;42;65;191m  [38;2;29;34;57m  [38;2;86;88;87m██[38;2;36;47;102m██[38;2;64;65;64m  [38;2;255;255;255m    [38;2;154;147;147m  [38;2;30;53;113m██[38;2;51;73;121m██[38;2;197;155;145m██[38;2;63;63;63m  [38;2;255;255;255m  [38;2;210;208;208m  [38;2;27;132;146m  [38;2;24;127;142m██[38;2;38;58;140m██[38;2;97;103;130m██[38;2;43;65;181m██[38;2;30;47;136m██[38;2;0;0;0m  
[38;2;10;16;47m  [38;2;43;65;191m  [38;2;40;61;179m  [38;2;32;49;143m    [38;2;80;97;191m  [38;2;96;113;207m  [38;2;71;76;99m  [38;2;50;112;119m██[38;2;44;121;128m██[38;2;177;193;84m██[38;2;147;148;106m██[38;2;149;152;52m  [38;2;63;63;63m  [38;2;71;76;99m  [38;2;48;65;159m  [38;2;28;41;111m  [38;2;71;75;99m██[38;2;65;77;137m██[38;2;97;104;126m██[38;2;14;22;64m  [38;2;8;12;35m  
[38;2;10;16;47m  [38;2;42;65;191m            [38;2;18;28;83m  [38;2;199;163;93m██[38;2;105;206;165m██[38;2;44;193;178m██[38;2;0;184;208m██[38;2;177;230;104m██[38;2;222;239;74m██[38;2;110;111;79m██[38;2;32;49;143m  [38;2;42;65;191m  [38;2;18;28;83m  [38;2;10;16;47m    [38;2;42;65;191m  [38;2;10;16;47m  
[38;2;10;16;47m  [38;2;43;65;191m              [38;2;39;49;114m  [38;2;203;121;139m██[38;2;52;57;48m  [38;2;8;49;77m  [38;2;143;215;117m██[38;2;58;191;167m██[38;2;52;57;48m  [38;2;40;61;179m  [38;2;43;65;191m          [38;2;10;16;47m  
[38;2;10;16;47m  [38;2;42;65;191m          [38;2;40;61;179m  [38;2;21;51;77m  [38;2;10;53;89m██[38;2;18;28;83m██[38;2;34;53;155m  [38;2;42;65;191m  [38;2;45;81;77m██[38;2;61;62;41m██[38;2;34;55;155m  [38;2;42;65;191m            [38;2;10;16;47m  
[38;2;10;16;47m  [38;2;43;65;191m          [38;2;32;49;143m  [38;2;55;156;166m██[38;2;10;164;214m██[38;2;18;28;83m██[38;2;34;53;155m  [38;2;43;65;191m  [38;2;10;16;47m██[38;2;169;113;186m██[38;2;146;91;136m  [38;2;34;53;155m  [38;2;43;65;191m          [38;2;10;16;47m  
[38;2;10;16;47m  [38;2;42;65;191m            [38;2;18;28;83m  [38;2;29;46;133m██[38;2;13;20;60m  [38;2;42;65;191m    [38;2;32;49;143m  [38;2;151;75;155m██[38;2;154;80;167m██[38;2;26;41;119m  [38;2;42;65;191m          [38;2;10;16;47m  
[38;2;2;4;11m  [38;2;10;16;47m              [38;2;0;1;2m  [38;2;8;12;36m  [38;2;10;16;47m    [38;2;8;12;35m    [38;2;10;16;47m██[38;2;2;4;11m  [38;2;10;16;47m          [38;2;2;4;11m  [0m
