
[38;2;0;0;0m        [38;2;7;7;7m  [38;2;49;49;51m██[38;2;0;0;0m                                
[38;2;0;0;0m        [38;2;57;57;57m██[38;2;189;189;197m██[38;2;67;67;69m  [38;2;0;0;0m                              
[38;2;0;0;0m        [38;2;162;162;165m██[38;2;255;255;255m██[38;2;187;188;195m██[38;2;26;31;24m██[38;2;102;178;82m██[38;2;20;52;12m  [38;2;88;166;67m  [38;2;96;181;73m        [38;2;67;126;51m  [38;2;96;181;73m  [38;2;96;180;73m  [38;2;93;176;71m  [38;2;67;126;51m  [38;2;54;103;42m  [38;2;0;0;0m  
[38;2;0;0;0m        [38;2;104;104;108m██[38;2;200;200;207m██[38;2;163;167;174m██[38;2;65;65;65m██[38;2;91;145;77m██[38;2;82;164;60m██[38;2;20;50;12m  [38;2;96;181;73m    [38;2;67;127;51m  [38;2;17;32;13m  [38;2;55;125;37m██[38;2;17;32;13m  [38;2;96;181;73m  [38;2;34;48;31m  [38;2;209;209;209m██[38;2;171;171;171m  [38;2;0;0;0m  
[38;2;0;0;0m          [38;2;117;151;120m██[38;2;169;169;176m██[38;2;139;139;144m██[38;2;65;65;65m██[38;2;84;140;69m██[38;2;45;101;30m██[38;2;33;48;29m  [38;2;21;55;12m  [38;2;20;69;7m██[38;2;57;142;35m██[38;2;100;172;81m██[38;2;107;192;85m██[38;2;45;45;46m██[38;2;241;241;242m██[38;2;78;80;82m██[38;2;130;135;139m██[38;2;69;69;69m██
[38;2;42;38;58m  [38;2;157;141;214m        [38;2;14;26;11m██[38;2;119;111;145m██[38;2;79;79;79m██[38;2;228;228;228m██[38;2;193;207;190m██[38;2;39;112;20m██[38;2;81;154;62m██[38;2;34;116;12m██[38;2;57;142;35m██[38;2;106;191;84m██[38;2;68;74;66m██[38;2;70;82;67m██[38;2;132;132;136m██[38;2;242;242;243m██[38;2;83;85;88m██[38;2;140;145;151m██[38;2;69;69;69m██
[38;2;49;44;67m  [38;2;183;163;249m  [38;2;183;163;248m    [38;2;151;135;205m  [38;2;68;61;93m██[38;2;170;151;236m██[38;2;108;101;133m████[38;2;182;182;182m████[38;2;108;101;133m██[38;2;57;99;51m██[38;2;89;174;67m██[38;2;68;76;66m██[38;2;65;65;65m██[38;2;122;131;139m██[38;2;106;106;109m██[38;2;192;192;200m██[38;2;229;229;232m██[38;2;129;129;129m  [38;2;0;0;0m  
[38;2;49;44;67m  [38;2;183;163;249m  [38;2;182;163;249m    [38;2;99;89;135m  [38;2;129;110;195m██[38;2;177;158;243m██[38;2;179;161;246m████[38;2;159;142;218m██[38;2;154;137;214m██[38;2;155;143;211m██[38;2;69;70;75m██[38;2;163;199;154m██[38;2;97;174;77m██[38;2;65;65;65m██[38;2;123;131;139m██[38;2;88;92;95m██[38;2;77;77;78m████[38;2;45;108;29m  [38;2;0;0;0m  
[38;2;49;44;67m  [38;2;183;163;249m      [38;2;92;82;125m  [38;2;179;161;246m████████████[38;2;115;124;150m██[38;2;70;78;73m██[38;2;255;255;255m██[38;2;138;183;127m██[38;2;93;136;82m██[38;2;65;65;65m██[38;2;98;103;107m██[38;2;95;99;104m██[38;2;64;86;58m██[38;2;29;69;18m  [38;2;0;0;0m  
[38;2;49;44;67m  [38;2;182;163;249m  [38;2;183;163;249m  [38;2;182;163;249m  [38;2;81;73;111m██[38;2;179;161;246m████████[38;2;160;144;215m██[38;2;150;136;199m██[38;2;179;161;246m██[38;2;174;156;237m██[38;2;141;141;141m██[38;2;255;255;255m██[38;2;248;251;248m██[38;2;36;116;16m██[38;2;65;65;65m██[38;2;64;72;62m██[38;2;24;57;16m██[38;2;73;139;56m  [38;2;0;0;0m  
[38;2;49;44;67m  [38;2;183;163;249m  [38;2;98;88;134m  [38;2;60;51;91m  [38;2;84;75;114m██[38;2;179;161;246m██[38;2;133;114;199m██[38;2;177;158;243m  [38;2;117;104;164m██[38;2;171;171;171m██[38;2;178;164;226m██[38;2;179;161;246m████[38;2;134;134;134m██[38;2;255;255;255m██████[38;2;136;182;124m██[38;2;50;131;29m  [38;2;41;80;31m██[38;2;42;79;32m  [38;2;0;0;0m  
[38;2;49;44;67m  [38;2;36;32;49m  [38;2;111;92;175m██[38;2;95;76;161m██[38;2;117;108;147m██[38;2;179;161;246m██[38;2;179;160;245m██[38;2;93;76;154m██[38;2;62;115;49m██[38;2;122;187;117m██[38;2;180;161;246m██[38;2;95;95;131m██[38;2;170;151;236m██[38;2;134;134;134m██[38;2;255;255;255m██[38;2;68;68;68m████[38;2;255;255;255m██[38;2;231;240;228m██[38;2;52;137;30m██[38;2;0;0;0m    
[38;2;0;0;0m  [38;2;89;74;143m██[38;2;114;95;180m██[38;2;70;68;76m██[38;2;179;161;245m██[38;2;179;161;246m████████[38;2;179;161;245m██[38;2;144;135;195m██[38;2;151;139;114m██[38;2;112;99;125m██[38;2;220;220;220m██[38;2;125;117;155m██[38;2;179;161;245m██[38;2;179;161;246m██[38;2;142;138;157m██[38;2;245;248;244m██[38;2;83;153;65m██[38;2;50;120;32m██[38;2;0;0;0m  
[38;2;33;28;51m██[38;2;123;104;189m██[38;2;114;96;179m██[38;2;68;66;76m██[38;2;130;112;195m██[38;2;178;159;244m██[38;2;142;123;208m██[38;2;178;159;243m████[38;2;84;91;106m██[38;2;160;144;114m██[38;2;155;138;104m██[38;2;65;65;65m██[38;2;183;183;184m██[38;2;168;151;228m██[38;2;178;159;244m██[38;2;179;161;246m██[38;2;118;109;149m██[38;2;245;245;246m██[38;2;90;145;79m██[38;2;50;120;32m██[38;2;0;0;0m  
[38;2;43;40;51m██[38;2;106;89;166m██[38;2;115;106;149m██[38;2;57;48;87m██[38;2;98;88;134m  [38;2;57;48;87m██[38;2;166;150;177m██[38;2;161;153;136m████[38;2;122;111;89m██[38;2;145;133;110m██[38;2;174;159;130m██[38;2;167;153;126m██[38;2;86;79;110m██[38;2;151;132;217m██[38;2;154;135;220m██[38;2;149;130;215m██[38;2;179;161;246m██[38;2;76;76;76m██[38;2;143;168;143m██[38;2;38;108;20m██[38;2;0;0;0m  
[38;2;2;2;4m  [38;2;10;9;14m  [38;2;73;65;100m  [38;2;183;163;249m      [38;2;38;37;40m  [38;2;74;73;70m████[38;2;229;207;162m██████[38;2;94;90;82m██[38;2;177;158;243m██[38;2;132;113;198m██[38;2;178;159;244m  [38;2;179;161;246m██[38;2;92;83;118m██[38;2;182;182;189m██[38;2;189;189;197m██[38;2;145;145;151m  [38;2;0;0;0m  
[38;2;49;44;67m  [38;2;182;163;249m    [38;2;183;163;249m      [38;2;55;51;68m  [38;2;177;148;107m██[38;2;210;185;142m██[38;2;229;207;163m██[38;2;228;207;163m██[38;2;177;148;107m██[38;2;85;80;72m██[38;2;180;168;222m██[38;2;177;158;243m██[38;2;152;133;218m██[38;2;113;105;141m██[38;2;90;77;90m██[38;2;76;76;76m██[38;2;189;189;197m██[38;2;0;0;0m    
[38;2;49;44;67m  [38;2;183;163;249m      [38;2;174;156;237m  [38;2;12;10;19m██[38;2;124;105;190m██[38;2;83;80;84m██[38;2;172;143;104m██[38;2;148;116;76m████[38;2;227;205;161m██[38;2;197;173;126m██[38;2;131;129;127m██[38;2;128;113;182m██[38;2;76;74;83m██[38;2;179;161;246m████[38;2;77;75;83m██[38;2;61;61;64m  [38;2;0;0;0m    
[38;2;49;44;67m  [38;2;183;163;249m      [38;2;99;89;135m  [38;2;124;105;190m████[38;2;120;101;184m██[38;2;111;101;110m██[38;2;145;134;113m██[38;2;211;188;143m██[38;2;192;167;122m██[38;2;159;129;86m██[38;2;132;115;86m██[38;2;129;119;167m██[38;2;179;161;246m██████[38;2;86;69;146m██[38;2;0;0;0m      
[38;2;49;44;67m  [38;2;183;164;249m  [38;2;183;163;249m    [38;2;111;99;151m  [38;2;106;90;163m██[38;2;124;105;190m██[38;2;118;99;184m██[38;2;114;95;180m██[38;2;114;98;170m██[38;2;60;59;63m██[38;2;132;105;69m██[38;2;164;143;102m██[38;2;96;89;120m██[38;2;178;159;244m██[38;2;179;161;246m████[38;2;173;154;239m██[38;2;101;82;167m██[38;2;45;38;69m██[38;2;0;0;0m    
[38;2;49;44;67m  [38;2;183;163;249m        [38;2;120;108;164m  [38;2;65;59;87m██[38;2;79;72;106m██[38;2;123;105;190m██[38;2;77;70;99m██[38;2;99;88;137m  [38;2;120;108;164m    [38;2;41;34;65m██[38;2;123;104;189m██[38;2;179;161;246m████[38;2;118;99;184m██[38;2;124;105;190m██[38;2;45;38;69m██[38;2;0;0;0m    
[38;2;49;44;67m  [38;2;183;163;249m  [38;2;182;163;249m    [38;2;183;163;249m  [38;2;32;29;44m  [38;2;174;174;174m██[38;2;161;161;162m  [38;2;32;29;44m  [38;2;60;53;81m  [38;2;183;163;249m    [38;2;183;163;248m  [38;2;128;115;174m  [38;2;95;80;145m  [38;2;100;81;166m████[38;2;124;105;190m██[38;2;107;90;167m██[38;2;0;0;0m      
[38;2;49;44;67m  [38;2;183;163;248m  [38;2;183;163;249m  [38;2;183;163;248m      [38;2;128;114;174m  [38;2;133;119;181m  [38;2;183;163;249m  [38;2;183;163;248m      [38;2;183;163;249m  [38;2;136;122;185m  [38;2;167;166;169m  [38;2;103;84;169m██████[38;2;204;199;222m██[38;2;64;64;64m  [38;2;0;0;0m    
[38;2;0;0;0m                              [38;2;90;90;90m  [38;2;255;255;255m██[38;2;90;90;90m  [38;2;0;0;0m        
[38;2;0;0;0m                                [38;2;66;66;66m██[38;2;0;0;0m          [0m
