                 [38;2;7;7;7m▄[38;2;7;7;7m[48;2;247;231;236m▀[0m[38;2;7;7;7m[48;2;102;91;96m▀[0m[38;2;7;7;7m▄          
            [38;2;7;7;7m▄[38;2;7;7;7m▄[38;2;7;7;7m▄  [38;2;7;7;7m[48;2;7;7;7m▀[0m[38;2;247;231;236m[48;2;247;231;236m▀[0m[38;2;178;159;165m[48;2;178;159;165m▀[0m[38;2;102;91;96m[48;2;102;91;96m▀[0m[38;2;7;7;7m[48;2;178;159;165m▀[0m[38;2;7;7;7m▄        
         [38;2;7;7;7m▄[38;2;7;7;7m[48;2;247;231;236m▀[0m[38;2;7;7;7m[48;2;247;231;236m▀[0m[38;2;247;231;236m[48;2;178;159;165m▀[0m[38;2;247;231;236m[48;2;247;231;236m▀[0m[38;2;247;231;236m[48;2;247;231;236m▀[0m[38;2;7;7;7m[48;2;247;231;236m▀[0m[38;2;7;7;7m[48;2;66;66;66m▀[0m[38;2;247;231;236m[48;2;247;231;236m▀[0m[38;2;178;159;165m[48;2;178;159;165m▀[0m[38;2;178;159;165m[48;2;178;159;165m▀[0m[38;2;178;159;165m[48;2;178;159;165m▀[0m[38;2;178;159;165m[48;2;102;91;96m▀[0m[38;2;7;7;7m[48;2;102;91;96m▀[0m[38;2;7;7;7m▄       
        [38;2;7;7;7m[48;2;7;7;7m▀[0m[38;2;247;231;236m[48;2;106;102;102m▀[0m[38;2;247;231;236m[48;2;247;231;236m▀[0m[38;2;178;159;165m[48;2;247;231;236m▀[0m[38;2;247;231;236m[48;2;7;7;7m▀[0m[38;2;178;159;165m[48;2;247;231;236m▀[0m[38;2;66;66;66m[48;2;7;7;7m▀[0m[38;2;66;66;66m[48;2;66;66;66m▀[0m[38;2;247;231;236m[48;2;66;66;66m▀[0m[38;2;247;231;236m[48;2;247;231;236m▀[0m[38;2;247;231;236m[48;2;178;159;165m▀[0m[38;2;178;159;165m[48;2;178;159;165m▀[0m[38;2;178;159;165m[48;2;178;159;165m▀[0m[38;2;178;159;165m[48;2;7;7;7m▀[0m[38;2;178;159;165m[48;2;7;7;7m▀[0m[38;2;7;7;7m▀       
       [38;2;7;7;7m[48;2;7;7;7m▀[0m[38;2;166;163;163m[48;2;166;163;163m▀[0m[38;2;106;102;102m[48;2;166;163;163m▀[0m[38;2;247;231;236m[48;2;106;102;102m▀[0m[38;2;7;7;7m[48;2;247;231;236m▀[0m[38;2;66;66;66m[48;2;247;231;236m▀[0m[38;2;178;159;165m[48;2;247;231;236m▀[0m[38;2;247;231;236m[48;2;247;231;236m▀[0m[38;2;247;231;236m[48;2;247;231;236m▀[0m[38;2;247;231;236m[48;2;247;231;236m▀[0m[38;2;247;231;236m[48;2;178;159;165m▀[0m[38;2;178;159;165m[48;2;178;159;165m▀[0m[38;2;7;7;7m[48;2;7;7;7m▀[0m[38;2;7;7;7m▀          
     [38;2;7;7;7m▄[38;2;7;7;7m[48;2;166;163;163m▀[0m[38;2;166;163;163m[48;2;166;163;163m▀[0m[38;2;166;163;163m[48;2;166;163;163m▀[0m[38;2;106;102;102m[48;2;166;163;163m▀[0m[38;2;166;163;163m[48;2;166;163;163m▀[0m[38;2;166;163;163m[48;2;166;163;163m▀[0m[38;2;166;163;163m[48;2;106;102;102m▀[0m[38;2;106;102;102m[48;2;178;159;165m▀[0m[38;2;247;231;236m[48;2;178;159;165m▀[0m[38;2;247;231;236m[48;2;178;159;165m▀[0m[38;2;178;159;165m[48;2;178;159;165m▀[0m[38;2;178;159;165m[48;2;178;159;165m▀[0m[38;2;178;159;165m[48;2;7;7;7m▀[0m[38;2;7;7;7m▀           
[38;2;7;7;7m▄[38;2;7;7;7m[48;2;166;163;163m▀[0m[38;2;7;7;7m[48;2;106;102;102m▀[0m[38;2;7;7;7m▄[38;2;7;7;7m[48;2;166;163;163m▀[0m[38;2;166;163;163m[48;2;166;163;163m▀[0m[38;2;166;163;163m[48;2;166;163;163m▀[0m[38;2;166;163;163m[48;2;7;7;7m▀[0m[38;2;7;7;7m▀[38;2;7;7;7m▀[38;2;106;102;102m[48;2;7;7;7m▀[0m[38;2;106;102;102m[48;2;7;7;7m▀[0m[38;2;7;7;7m▀[38;2;178;159;165m[48;2;7;7;7m▀[0m[38;2;178;159;165m[48;2;178;159;165m▀[0m[38;2;178;159;165m[48;2;178;159;165m▀[0m[38;2;178;159;165m[48;2;178;159;165m▀[0m[38;2;178;159;165m[48;2;7;7;7m▀[0m[38;2;7;7;7m▀            
[38;2;7;7;7m[48;2;7;7;7m▀[0m[38;2;166;163;163m[48;2;166;163;163m▀[0m[38;2;166;163;163m[48;2;7;7;7m▀[0m[38;2;166;163;163m[48;2;7;7;7m▀[0m[38;2;166;163;163m[48;2;7;7;7m▀[0m[38;2;7;7;7m▀[38;2;7;7;7m▀     [38;2;7;7;7m▄[38;2;7;7;7m[48;2;178;159;165m▀[0m[38;2;178;159;165m[48;2;178;159;165m▀[0m[38;2;178;159;165m[48;2;178;159;165m▀[0m[38;2;102;91;96m[48;2;7;7;7m▀[0m[38;2;7;7;7m▀             
[38;2;7;7;7m▀[38;2;7;7;7m▀         [38;2;7;7;7m▄[38;2;7;7;7m[48;2;66;66;66m▀[0m[38;2;178;159;165m[48;2;178;159;165m▀[0m[38;2;178;159;165m[48;2;247;231;236m▀[0m[38;2;178;159;165m[48;2;178;159;165m▀[0m[38;2;7;7;7m[48;2;178;159;165m▀[0m[38;2;7;7;7m[48;2;102;91;96m▀[0m[38;2;7;7;7m▄            
          [38;2;7;7;7m[48;2;7;7;7m▀[0m[38;2;205;192;192m[48;2;102;91;96m▀[0m[38;2;102;91;96m[48;2;247;231;236m▀[0m[38;2;247;231;236m[48;2;247;231;236m▀[0m[38;2;247;231;236m[48;2;247;231;236m▀[0m[38;2;247;231;236m[48;2;247;231;236m▀[0m[38;2;178;159;165m[48;2;102;91;96m▀[0m[38;2;102;91;96m[48;2;205;192;192m▀[0m[38;2;178;159;165m[48;2;66;66;66m▀[0m[38;2;7;7;7m[48;2;66;66;66m▀[0m[38;2;7;7;7m▄[38;2;7;7;7m▄[38;2;7;7;7m[48;2;247;231;236m▀[0m[38;2;7;7;7m[48;2;247;231;236m▀[0m[38;2;7;7;7m▄      
         [38;2;7;7;7m[48;2;7;7;7m▀[0m[38;2;247;231;236m[48;2;247;231;236m▀[0m[38;2;102;91;96m[48;2;102;91;96m▀[0m[38;2;247;231;236m[48;2;247;231;236m▀[0m[38;2;178;159;165m[48;2;102;91;96m▀[0m[38;2;247;231;236m[48;2;247;231;236m▀[0m[38;2;247;231;236m[48;2;178;159;165m▀[0m[38;2;102;91;96m[48;2;102;91;96m▀[0m[38;2;247;231;236m[48;2;247;231;236m▀[0m[38;2;247;231;236m[48;2;247;231;236m▀[0m[38;2;205;192;192m[48;2;247;231;236m▀[0m[38;2;66;66;66m[48;2;66;66;66m▀[0m[38;2;247;231;236m[48;2;247;231;236m▀[0m[38;2;247;231;236m[48;2;247;231;236m▀[0m[38;2;247;231;236m[48;2;247;231;236m▀[0m[38;2;247;231;236m[48;2;247;231;236m▀[0m[38;2;7;7;7m[48;2;247;231;236m▀[0m[38;2;7;7;7m▄    
         [38;2;7;7;7m▀[38;2;247;231;236m[48;2;7;7;7m▀[0m[38;2;247;231;236m[48;2;247;231;236m▀[0m[38;2;102;91;96m[48;2;247;231;236m▀[0m[38;2;102;91;96m[48;2;205;192;192m▀[0m[38;2;247;231;236m[48;2;102;91;96m▀[0m[38;2;102;91;96m[48;2;247;231;236m▀[0m[38;2;247;231;236m[48;2;247;231;236m▀[0m[38;2;247;231;236m[48;2;247;231;236m▀[0m[38;2;247;231;236m[48;2;247;231;236m▀[0m[38;2;247;231;236m[48;2;66;66;66m▀[0m[38;2;66;66;66m[48;2;247;231;236m▀[0m[38;2;247;231;236m[48;2;247;231;236m▀[0m[38;2;247;231;236m[48;2;247;231;236m▀[0m[38;2;247;231;236m[48;2;247;231;236m▀[0m[38;2;247;231;236m[48;2;247;231;236m▀[0m[38;2;178;159;165m[48;2;178;159;165m▀[0m[38;2;7;7;7m[48;2;7;7;7m▀[0m    
          [38;2;7;7;7m▀[38;2;247;231;236m[48;2;7;7;7m▀[0m[38;2;247;231;236m[48;2;247;231;236m▀[0m[38;2;247;231;236m[48;2;247;231;236m▀[0m[38;2;247;231;236m[48;2;247;231;236m▀[0m[38;2;247;231;236m[48;2;247;231;236m▀[0m[38;2;247;231;236m[48;2;102;91;96m▀[0m[38;2;247;231;236m[48;2;247;231;236m▀[0m[38;2;205;192;192m[48;2;102;91;96m▀[0m[38;2;66;66;66m[48;2;247;231;236m▀[0m[38;2;178;159;165m[48;2;66;66;66m▀[0m[38;2;247;231;236m[48;2;178;159;165m▀[0m[38;2;247;231;236m[48;2;178;159;165m▀[0m[38;2;247;231;236m[48;2;178;159;165m▀[0m[38;2;178;159;165m[48;2;178;159;165m▀[0m[38;2;178;159;165m[48;2;178;159;165m▀[0m[38;2;178;159;165m[48;2;178;159;165m▀[0m[38;2;7;7;7m[48;2;7;7;7m▀[0m   
            [38;2;7;7;7m[48;2;7;7;7m▀[0m[38;2;247;231;236m[48;2;247;231;236m▀[0m[38;2;247;231;236m[48;2;247;231;236m▀[0m[38;2;247;231;236m[48;2;247;231;236m▀[0m[38;2;247;231;236m[48;2;247;231;236m▀[0m[38;2;102;91;96m[48;2;247;231;236m▀[0m[38;2;247;231;236m[48;2;247;231;236m▀[0m[38;2;247;231;236m[48;2;247;231;236m▀[0m[38;2;66;66;66m[48;2;66;66;66m▀[0m[38;2;178;159;165m[48;2;66;66;66m▀[0m[38;2;178;159;165m[48;2;178;159;165m▀[0m[38;2;178;159;165m[48;2;178;159;165m▀[0m[38;2;178;159;165m[48;2;178;159;165m▀[0m[38;2;178;159;165m[48;2;178;159;165m▀[0m[38;2;178;159;165m[48;2;66;66;66m▀[0m[38;2;7;7;7m[48;2;178;159;165m▀[0m[38;2;7;7;7m▄  
             [38;2;7;7;7m[48;2;7;7;7m▀[0m[38;2;247;231;236m[48;2;247;231;236m▀[0m[38;2;247;231;236m[48;2;247;231;236m▀[0m[38;2;247;231;236m[48;2;247;231;236m▀[0m[38;2;247;231;236m[48;2;247;231;236m▀[0m[38;2;247;231;236m[48;2;247;231;236m▀[0m[38;2;66;66;66m[48;2;66;66;66m▀[0m[38;2;96;78;87m[48;2;96;78;87m▀[0m[38;2;66;66;66m[48;2;96;78;87m▀[0m[38;2;66;66;66m[48;2;66;66;66m▀[0m[38;2;178;159;165m[48;2;66;66;66m▀[0m[38;2;178;159;165m[48;2;66;66;66m▀[0m[38;2;178;159;165m[48;2;178;159;165m▀[0m[38;2;178;159;165m[48;2;178;159;165m▀[0m[38;2;178;159;165m[48;2;66;66;66m▀[0m[38;2;178;159;165m[48;2;7;7;7m▀[0m[38;2;7;7;7m▀ 
            [38;2;7;7;7m▄[38;2;7;7;7m[48;2;247;231;236m▀[0m[38;2;247;231;236m[48;2;247;231;236m▀[0m[38;2;247;231;236m[48;2;247;231;236m▀[0m[38;2;247;231;236m[48;2;205;192;192m▀[0m[38;2;247;231;236m[48;2;205;192;192m▀[0m[38;2;205;192;192m[48;2;205;192;192m▀[0m[38;2;66;66;66m[48;2;66;66;66m▀[0m[38;2;66;66;66m[48;2;96;78;87m▀[0m[38;2;96;78;87m[48;2;66;66;66m▀[0m[38;2;66;66;66m[48;2;96;78;87m▀[0m[38;2;96;78;87m[48;2;66;66;66m▀[0m[38;2;96;78;87m[48;2;96;78;87m▀[0m[38;2;66;66;66m[48;2;96;78;87m▀[0m[38;2;66;66;66m[48;2;66;66;66m▀[0m[38;2;96;78;87m[48;2;96;78;87m▀[0m[38;2;96;78;87m[48;2;96;78;87m▀[0m[38;2;7;7;7m[48;2;96;78;87m▀[0m[38;2;7;7;7m▄
           [38;2;7;7;7m▄[38;2;7;7;7m[48;2;102;91;96m▀[0m[38;2;205;192;192m[48;2;205;192;192m▀[0m[38;2;205;192;192m[48;2;205;192;192m▀[0m[38;2;205;192;192m[48;2;205;192;192m▀[0m[38;2;205;192;192m[48;2;102;91;96m▀[0m[38;2;205;192;192m[48;2;102;91;96m▀[0m[38;2;102;91;96m[48;2;205;192;192m▀[0m[38;2;66;66;66m[48;2;66;66;66m▀[0m[38;2;96;78;87m[48;2;66;66;66m▀[0m[38;2;66;66;66m[48;2;166;163;163m▀[0m[38;2;66;66;66m[48;2;66;66;66m▀[0m[38;2;66;66;66m[48;2;96;78;87m▀[0m[38;2;96;78;87m[48;2;96;78;87m▀[0m[38;2;96;78;87m[48;2;96;78;87m▀[0m[38;2;96;78;87m[48;2;96;78;87m▀[0m[38;2;66;66;66m[48;2;96;78;87m▀[0m[38;2;96;78;87m[48;2;7;7;7m▀[0m[38;2;96;78;87m[48;2;7;7;7m▀[0m[38;2;7;7;7m▀
        [38;2;7;7;7m▄[38;2;7;7;7m▄[38;2;7;7;7m[48;2;205;192;192m▀[0m[38;2;205;192;192m[48;2;205;192;192m▀[0m[38;2;205;192;192m[48;2;205;192;192m▀[0m[38;2;102;91;96m[48;2;205;192;192m▀[0m[38;2;102;91;96m[48;2;205;192;192m▀[0m[38;2;102;91;96m[48;2;205;192;192m▀[0m[38;2;205;192;192m[48;2;205;192;192m▀[0m[38;2;205;192;192m[48;2;205;192;192m▀[0m[38;2;205;192;192m[48;2;66;66;66m▀[0m[38;2;66;66;66m[48;2;106;102;102m▀[0m[38;2;106;102;102m[48;2;166;163;163m▀[0m[38;2;166;163;163m[48;2;7;7;7m▀[0m[38;2;7;7;7m▀[38;2;96;78;87m[48;2;7;7;7m▀[0m[38;2;96;78;87m[48;2;7;7;7m▀[0m[38;2;96;78;87m[48;2;7;7;7m▀[0m[38;2;7;7;7m▀[38;2;7;7;7m▀   
    [38;2;7;7;7m▄[38;2;7;7;7m[48;2;247;231;236m▀[0m[38;2;7;7;7m[48;2;247;231;236m▀[0m[38;2;7;7;7m[48;2;205;192;192m▀[0m[38;2;247;231;236m[48;2;247;231;236m▀[0m[38;2;247;231;236m[48;2;247;231;236m▀[0m[38;2;205;192;192m[48;2;247;231;236m▀[0m[38;2;205;192;192m[48;2;247;231;236m▀[0m[38;2;205;192;192m[48;2;205;192;192m▀[0m[38;2;205;192;192m[48;2;205;192;192m▀[0m[38;2;205;192;192m[48;2;205;192;192m▀[0m[38;2;205;192;192m[48;2;247;231;236m▀[0m[38;2;205;192;192m[48;2;66;66;66m▀[0m[38;2;66;66;66m[48;2;66;66;66m▀[0m[38;2;66;66;66m[48;2;166;163;163m▀[0m[38;2;66;66;66m[48;2;106;102;102m▀[0m[38;2;166;163;163m[48;2;166;163;163m▀[0m[38;2;7;7;7m[48;2;66;66;66m▀[0m[38;2;7;7;7m▄[38;2;7;7;7m▄       
    [38;2;7;7;7m▀[38;2;247;231;236m[48;2;7;7;7m▀[0m[38;2;205;192;192m[48;2;7;7;7m▀[0m[38;2;247;231;236m[48;2;247;231;236m▀[0m[38;2;247;231;236m[48;2;205;192;192m▀[0m[38;2;205;192;192m[48;2;247;231;236m▀[0m[38;2;205;192;192m[48;2;247;231;236m▀[0m[38;2;247;231;236m[48;2;247;231;236m▀[0m[38;2;247;231;236m[48;2;247;231;236m▀[0m[38;2;247;231;236m[48;2;247;231;236m▀[0m[38;2;247;231;236m[48;2;7;7;7m▀[0m[38;2;66;66;66m[48;2;7;7;7m▀[0m[38;2;96;78;87m[48;2;7;7;7m▀[0m[38;2;66;66;66m[48;2;96;78;87m▀[0m[38;2;106;102;102m[48;2;66;66;66m▀[0m[38;2;166;163;163m[48;2;7;7;7m▀[0m[38;2;166;163;163m[48;2;7;7;7m▀[0m[38;2;66;66;66m[48;2;7;7;7m▀[0m[38;2;96;78;87m[48;2;7;7;7m▀[0m[38;2;7;7;7m▀       
       [38;2;7;7;7m▀[38;2;7;7;7m▀[38;2;7;7;7m▀[38;2;7;7;7m▀[38;2;7;7;7m▀[38;2;7;7;7m▀[38;2;7;7;7m▀  [38;2;7;7;7m▀[38;2;7;7;7m▀[38;2;7;7;7m▀            
[0m