
[38;2;0;0;0m      [38;2;1;1;1m  [38;2;29;29;29m  [38;2;4;4;4m  [38;2;0;0;0m                                          
[38;2;0;0;0m      [38;2;5;5;5m  [38;2;91;91;91m██[38;2;80;80;80m██[38;2;3;3;3m  [38;2;0;0;0m                                        
[38;2;0;0;0m      [38;2;5;5;5m  [38;2;105;105;105m██[38;2;71;71;71m██[38;2;75;75;75m██[38;2;35;35;35m██[38;2;1;1;1m  [38;2;0;0;0m                          [38;2;2;2;2m  [38;2;8;8;8m  [38;2;36;36;36m████[38;2;10;10;10m  
[38;2;0;0;0m      [38;2;5;5;5m  [38;2;105;105;105m██[38;2;71;71;71m██[38;2;90;90;90m██[38;2;100;100;100m██[38;2;35;35;35m  [38;2;0;0;0m                      [38;2;3;3;3m  [38;2;17;17;17m  [38;2;87;87;87m██[38;2;90;90;90m██[38;2;105;105;105m██[38;2;100;100;100m██[38;2;27;27;27m██
[38;2;0;0;0m        [38;2;39;39;39m██[38;2;104;104;104m██[38;2;95;95;95m██[38;2;102;102;102m██[38;2;81;81;81m██[38;2;14;14;14m██[38;2;0;0;0m                [38;2;1;1;1m  [38;2;40;40;40m██[38;2;81;81;81m██[38;2;105;105;105m██[38;2;104;104;104m██[38;2;103;103;103m██[38;2;93;93;93m██[38;2;66;66;66m██[38;2;10;10;10m  
[38;2;0;0;0m        [38;2;7;7;7m  [38;2;92;92;92m██[38;2;105;105;105m████[38;2;101;101;101m██[38;2;61;61;61m██[38;2;3;3;3m  [38;2;0;0;0m              [38;2;56;56;56m  [38;2;105;105;105m██████[38;2;91;91;91m██[38;2;70;70;70m██[38;2;76;76;76m██[38;2;80;80;80m██[38;2;26;26;26m██
[38;2;0;0;0m          [38;2;3;3;3m  [38;2;81;81;81m██[38;2;105;105;105m██[38;2;93;93;93m██[38;2;72;72;72m██[38;2;48;48;48m██[38;2;0;0;0m            [38;2;14;14;14m██[38;2;105;105;105m██[38;2;104;104;104m██[38;2;96;96;96m██[38;2;80;80;80m██[38;2;72;72;72m██[38;2;81;81;81m██[38;2;77;77;77m██[38;2;42;42;42m  [38;2;1;1;1m  
[38;2;0;0;0m        [38;2;2;2;2m  [38;2;0;0;0m  [38;2;30;30;30m██[38;2;101;101;101m██[38;2;82;82;82m██[38;2;81;81;81m██[38;2;70;70;70m██[38;2;8;8;8m  [38;2;0;0;0m        [38;2;3;3;3m  [38;2;95;95;95m██[38;2;105;105;105m██[38;2;84;84;84m██[38;2;81;81;81m██████[38;2;67;67;67m██[38;2;29;29;29m██[38;2;0;0;0m    
[38;2;0;0;0m    [38;2;2;2;2m  [38;2;5;5;5m  [38;2;67;67;67m██[38;2;56;57;55m██[38;2;19;19;19m  [38;2;69;69;69m██[38;2;75;75;75m██[38;2;81;81;81m██[38;2;62;62;62m██[38;2;5;5;5m  [38;2;0;0;0m        [38;2;3;3;3m  [38;2;105;105;105m██[38;2;91;91;91m██[38;2;75;77;90m██[38;2;81;81;81m██[38;2;80;80;80m██[38;2;72;72;72m██[38;2;81;81;81m██[38;2;77;77;77m██[38;2;5;5;5m  [38;2;0;0;0m  
[38;2;0;0;0m  [38;2;5;5;5m  [38;2;71;71;71m  [38;2;81;81;81m  [38;2;104;105;103m██[38;2;104;105;104m██[38;2;79;79;79m██[38;2;100;103;98m██[38;2;93;93;93m██[38;2;68;68;68m██[38;2;48;48;48m██[38;2;0;0;0m          [38;2;3;3;3m  [38;2;103;103;103m██[38;2;73;76;94m██[38;2;66;72;101m██[38;2;81;81;81m██████[38;2;66;66;66m██[38;2;27;27;27m██[38;2;0;0;0m    
[38;2;0;0;0m  [38;2;41;41;41m  [38;2;104;105;104m████[38;2;88;128;139m██[38;2;94;94;94m██[38;2;96;97;96m██[38;2;104;105;104m██[38;2;97;98;96m██[38;2;104;105;104m██[38;2;75;75;75m██[38;2;42;42;42m██[38;2;1;1;1m  [38;2;0;0;0m  [38;2;1;1;1m  [38;2;5;5;5m  [38;2;81;81;81m██[38;2;92;93;94m██[38;2;68;73;99m██[38;2;65;71;104m██[38;2;70;74;96m██[38;2;74;76;89m  [38;2;73;73;73m██[38;2;39;39;39m  [38;2;1;1;1m  [38;2;0;0;0m    
[38;2;18;50;60m  [38;2;92;120;128m██[38;2;98;98;98m██[38;2;57;160;190m██[38;2;97;214;233m██[38;2;97;115;121m██[38;2;96;96;96m██[38;2;55;167;200m██[38;2;105;105;105m██[38;2;104;104;104m██[38;2;73;73;73m██[38;2;81;81;81m██[38;2;45;45;45m  [38;2;6;6;6m  [38;2;56;56;56m  [38;2;103;103;103m██[38;2;92;92;92m██[38;2;80;81;83m██[38;2;65;71;104m██[38;2;65;70;104m██[38;2;65;71;104m██[38;2;65;70;98m██[38;2;27;27;27m██[38;2;0;0;0m        
[38;2;36;65;68m██[38;2;137;220;236m██[38;2;75;199;226m██[38;2;108;224;238m██[38;2;98;215;234m██[38;2;64;138;159m██[38;2;121;213;232m██[38;2;167;239;245m██[38;2;73;149;171m██[38;2;104;105;103m██[38;2;85;85;85m██[38;2;104;104;104m██[38;2;95;95;95m██[38;2;73;73;73m██[38;2;99;99;99m██[38;2;73;76;93m██[38;2;68;73;99m██[38;2;65;71;104m██████[38;2;65;69;92m██[38;2;61;64;80m██[38;2;14;15;20m  [38;2;0;0;0m        
[38;2;1;1;1m  [38;2;98;183;190m██[38;2;199;247;249m██[38;2;121;233;242m██[38;2;75;198;226m██[38;2;216;251;250m██[38;2;163;241;246m██[38;2;70;188;220m██[38;2;91;91;91m██[38;2;104;104;104m██[38;2;87;87;87m██[38;2;102;102;103m██[38;2;85;86;86m██[38;2;81;81;81m██[38;2;73;76;93m██[38;2;65;71;104m██[38;2;65;70;104m██[38;2;65;70;103m████[38;2;65;65;66m██[38;2;28;28;28m  [38;2;5;5;5m  [38;2;0;0;0m          
[38;2;0;0;0m  [38;2;87;94;93m  [38;2;116;190;215m██[38;2;81;191;218m██[38;2;109;224;238m██[38;2;127;212;232m██[38;2;109;181;200m██[38;2;78;138;155m██[38;2;104;105;104m██[38;2;75;75;75m██[38;2;78;83;111m██[38;2;78;84;121m██[38;2;68;73;99m██[38;2;81;81;81m██[38;2;68;73;99m██[38;2;65;70;103m██[38;2;65;69;94m██[38;2;65;68;86m  [38;2;46;49;65m██[38;2;30;32;46m  [38;2;1;1;1m  [38;2;0;0;0m            
[38;2;0;0;0m  [38;2;8;8;8m  [38;2;99;103;132m██[38;2;66;165;194m██[38;2;108;180;200m██[38;2;223;224;230m██[38;2;89;95;134m██[38;2;83;84;88m██[38;2;81;81;81m████[38;2;75;78;97m██[38;2;89;95;135m██[38;2;89;95;136m██[38;2;66;72;105m██[38;2;66;69;86m██[38;2;65;70;101m██[38;2;66;68;82m██[38;2;64;64;64m██[38;2;5;5;5m  [38;2;0;0;0m                
[38;2;1;1;1m  [38;2;134;119;55m██[38;2;237;205;72m██[38;2;193;168;81m██[38;2;139;129;92m██[38;2;141;144;168m██[38;2;75;77;87m██[38;2;89;90;88m██[38;2;83;84;82m██[38;2;34;34;34m██[38;2;65;69;91m██[38;2;75;81;116m██[38;2;82;88;126m██[38;2;89;96;136m██[38;2;77;83;120m██[38;2;65;68;87m██[38;2;74;74;74m██[38;2;91;91;91m██[38;2;75;75;75m██[38;2;63;63;63m██[38;2;55;55;55m██[38;2;4;4;4m  [38;2;1;1;1m  [38;2;0;0;0m        
[38;2;69;60;23m██[38;2;246;214;71m██[38;2;227;197;68m██[38;2;233;196;68m██[38;2;114;52;59m██[38;2;157;138;73m██[38;2;6;6;6m  [38;2;66;66;66m  [38;2;46;46;46m  [38;2;0;0;0m  [38;2;33;36;51m██[38;2;65;70;100m██[38;2;65;71;103m██[38;2;65;71;104m██[38;2;77;83;119m██[38;2;86;92;131m██[38;2;65;68;82m██[38;2;81;81;81m████[38;2;84;84;84m██[38;2;101;101;101m██[38;2;98;98;98m██[38;2;29;29;29m██[38;2;0;0;0m        
[38;2;27;24;10m  [38;2;213;185;62m██[38;2;40;55;44m██[38;2;56;37;35m██[38;2;171;95;60m  [38;2;33;30;18m██[38;2;0;0;0m  [38;2;2;2;2m  [38;2;3;3;3m  [38;2;4;4;4m  [38;2;56;61;88m██[38;2;80;84;109m██[38;2;48;50;62m██[38;2;65;71;104m██[38;2;69;75;110m██[38;2;65;70;103m██[38;2;45;46;52m██[38;2;72;72;72m██[38;2;78;78;78m██[38;2;73;73;73m██[38;2;78;78;78m██[38;2;30;30;30m  [38;2;2;2;2m  [38;2;0;0;0m        
[38;2;0;0;0m  [38;2;4;4;4m  [38;2;1;1;1m  [38;2;128;53;33m  [38;2;111;97;49m  [38;2;0;0;0m      [38;2;38;38;37m██[38;2;164;145;79m██[38;2;141;129;90m██[38;2;89;95;134m██[38;2;3;3;3m  [38;2;7;7;7m██[38;2;87;83;67m██[38;2;63;68;95m██[38;2;7;7;7m  [38;2;6;6;6m  [38;2;36;36;36m  [38;2;64;64;64m  [38;2;6;6;6m  [38;2;0;0;0m            
[38;2;0;0;0m      [38;2;1;1;1m    [38;2;0;0;0m    [38;2;6;6;6m  [38;2;70;71;68m██[38;2;139;124;73m██[38;2;189;165;81m██[38;2;40;41;52m██[38;2;3;3;3m  [38;2;71;73;69m██[38;2;117;107;69m██[38;2;179;158;67m██[38;2;13;13;13m  [38;2;0;0;0m  [38;2;1;1;1m  [38;2;2;2;2m  [38;2;0;0;0m              
[38;2;0;0;0m              [38;2;5;5;5m  [38;2;3;3;3m  [38;2;6;6;6m  [38;2;203;177;75m██[38;2;13;12;9m██[38;2;2;2;2m  [38;2;86;89;84m██[38;2;92;92;82m██[38;2;91;86;69m██[38;2;87;77;40m██[38;2;0;0;0m                    
[38;2;0;0;0m                [38;2;1;1;1m  [38;2;69;71;67m  [38;2;78;76;63m██[38;2;4;4;3m  [38;2;0;0;0m  [38;2;2;2;2m  [38;2;108;96;54m██[38;2;184;160;80m██[38;2;28;25;14m  [38;2;0;0;0m                    
[38;2;0;0;0m                  [38;2;5;5;5m  [38;2;3;3;3m  [38;2;0;0;0m    [38;2;1;1;1m  [38;2;52;52;51m██[38;2;143;125;63m  [38;2;2;2;2m  [38;2;0;0;0m                    
[38;2;0;0;0m                          [38;2;1;1;1m  [38;2;32;32;31m██[38;2;1;1;1m  [38;2;0;0;0m                      [0m
