
[38;2;0;0;0m      [38;2;13;16;13m  [38;2;11;13;11m  [38;2;0;0;0m                                            
[38;2;0;0;0m      [38;2;11;14;11m  [38;2;26;28;26m██[38;2;7;10;7m  [38;2;0;0;0m                                          
[38;2;5;6;5m  [38;2;19;21;19m██[38;2;0;0;0m      [38;2;0;3;0m  [38;2;0;0;0m  [38;2;0;1;0m  [38;2;29;24;19m██[38;2;1;2;1m  [38;2;68;64;64m                                [38;2;17;16;16m  
[38;2;3;4;3m  [38;2;11;14;11m██[38;2;38;38;38m  [38;2;0;0;0m      [38;2;0;2;0m  [38;2;0;3;0m  [38;2;169;143;139m██[38;2;7;9;5m██[38;2;229;216;213m  [38;2;229;215;213m  [38;2;229;216;214m  [38;2;230;216;213m  [38;2;229;216;213m  [38;2;230;216;213m      [38;2;229;216;213m  [38;2;230;216;213m  [38;2;229;215;213m  [38;2;230;216;213m  [38;2;229;216;213m  [38;2;230;216;213m  [38;2;230;215;213m    [38;2;59;56;55m  
[38;2;0;0;0m    [38;2;0;2;0m  [38;2;0;3;0m  [38;2;0;0;0m    [38;2;0;1;0m  [38;2;0;4;0m██[38;2;241;215;211m██[38;2;113;87;83m██[38;2;102;99;98m  [38;2;230;215;214m      [38;2;230;216;213m  [38;2;230;215;214m  [38;2;229;215;214m  [38;2;230;216;214m  [38;2;230;215;214m    [38;2;180;170;168m  [38;2;151;143;141m  [38;2;74;67;64m  [38;2;36;29;25m████[38;2;151;143;141m  [38;2;39;37;36m  
[38;2;0;0;0m        [38;2;0;2;0m  [38;2;0;0;0m    [38;2;0;3;0m  [38;2;193;167;163m██[38;2;216;190;186m██[38;2;61;50;47m  [38;2;222;209;207m  [38;2;229;216;214m  [38;2;230;216;214m            [38;2;32;33;29m  [38;2;69;56;52m  [38;2;91;69;65m██[38;2;101;76;72m██[38;2;106;80;76m████[38;2;91;69;65m██[38;2;23;20;16m  
[38;2;0;0;0m          [38;2;0;1;0m  [38;2;0;0;0m  [38;2;0;3;0m  [38;2;125;99;95m██[38;2;230;204;200m██[38;2;87;74;70m██[38;2;221;208;206m  [38;2;230;215;213m      [38;2;230;215;214m  [38;2;230;216;213m  [38;2;135;127;124m  [38;2;40;32;34m██[38;2;162;146;143m██[38;2;163;147;144m██[38;2;255;255;255m████[38;2;198;188;187m██[38;2;173;159;157m██[38;2;105;80;76m██[38;2;27;23;19m██
[38;2;0;0;0m          [38;2;0;3;0m  [38;2;0;0;0m    [38;2;46;38;36m██[38;2;157;131;127m██[38;2;177;152;148m██[38;2;25;26;23m  [38;2;230;216;214m        [38;2;114;109;106m  [38;2;106;85;81m██[38;2;240;237;237m██[38;2;255;255;255m██████[38;2;166;150;148m██[38;2;240;237;237m██[38;2;250;249;249m██[38;2;106;80;76m██[38;2;27;23;19m██
[38;2;0;0;0m            [38;2;0;3;0m  [38;2;0;1;0m  [38;2;85;81;80m██[38;2;96;79;82m██[38;2;205;179;175m██[38;2;6;7;4m██[38;2;230;216;213m  [38;2;230;216;214m    [38;2;221;208;206m  [38;2;93;87;83m██[38;2;255;255;255m██████[38;2;215;208;207m██[38;2;169;154;151m██[38;2;226;221;220m██[38;2;192;181;180m██[38;2;132;110;107m██[38;2;82;63;59m██[38;2;0;1;0m  
[38;2;0;0;0m        [38;2;0;1;0m  [38;2;0;3;0m  [38;2;105;93;143m██[38;2;117;107;160m██[38;2;93;86;111m██[38;2;138;131;153m██[38;2;79;75;80m██[38;2;3;3;2m██[38;2;230;215;213m  [38;2;230;216;214m  [38;2;230;215;213m  [38;2;22;24;21m  [38;2;248;248;248m██[38;2;255;255;255m██[38;2;202;188;185m██[38;2;115;90;86m██[38;2;197;187;186m██[38;2;234;230;230m██[38;2;115;91;87m██[38;2;220;214;213m██[38;2;105;80;76m██[38;2;52;51;48m  [38;2;56;52;52m  
[38;2;0;0;0m    [38;2;7;34;7m  [38;2;4;23;4m  [38;2;68;119;73m██[38;2;138;129;190m██[38;2;160;143;226m██[38;2;159;144;225m██[38;2;119;109;163m██[38;2;136;120;188m██[38;2;138;121;189m██[38;2;67;60;90m██[38;2;175;165;162m  [38;2;230;216;214m  [38;2;110;106;103m  [38;2;252;252;251m  [38;2;186;174;173m██[38;2;175;161;158m████[38;2;129;103;99m██[38;2;105;80;76m██[38;2;186;174;173m  [38;2;255;255;255m██[38;2;171;157;155m██[38;2;31;26;22m██[38;2;230;216;214m  [38;2;59;56;55m  
[38;2;0;0;0m    [38;2;0;2;0m  [38;2;101;205;101m  [38;2;65;208;65m██[38;2;114;120;161m██[38;2;158;144;223m██[38;2;161;143;226m██[38;2;91;128;119m██[38;2;3;116;4m██[38;2;62;118;85m██[38;2;137;121;186m██[38;2;73;65;98m  [38;2;230;216;214m  [38;2;131;133;131m  [38;2;115;90;86m██[38;2;252;251;251m██[38;2;255;255;255m████[38;2;236;233;233m██[38;2;198;188;186m██[38;2;255;255;255m██[38;2;157;140;138m██[38;2;86;66;62m██[38;2;159;150;148m  [38;2;230;216;214m  [38;2;59;56;55m  
[38;2;0;0;0m    [38;2;1;32;1m  [38;2;55;208;55m██[38;2;48;120;65m██[38;2;136;122;189m██[38;2;136;121;189m██[38;2;78;119;105m██[38;2;83;213;83m██[38;2;118;255;118m██[38;2;55;190;55m██[38;2;99;94;122m██[38;2;104;92;143m██[38;2;115;108;107m  [38;2;114;108;106m██[38;2;255;255;255m████[38;2;249;248;248m██[38;2;181;168;165m██[38;2;189;177;175m██[38;2;208;200;198m██[38;2;180;168;165m██[38;2;130;109;105m██[38;2;42;43;39m  [38;2;230;215;213m  [38;2;230;216;214m  [38;2;59;56;55m  
[38;2;0;0;0m    [38;2;2;63;2m  [38;2;2;134;2m██[38;2;135;119;186m██[38;2;136;120;188m██[38;2;137;121;188m██[38;2;17;116;23m██[38;2;125;254;125m██[38;2;127;255;127m██[38;2;72;233;72m██[38;2;63;70;63m██[38;2;121;113;164m██[38;2;84;82;84m██[38;2;255;254;254m██[38;2;254;254;254m██[38;2;171;156;154m██[38;2;107;81;77m██[38;2;109;84;80m████[38;2;201;191;190m██[38;2;233;229;228m██[38;2;35;29;25m██[38;2;230;216;214m      [38;2;59;56;55m  
[38;2;0;0;0m    [38;2;0;2;0m  [38;2;0;90;0m██[38;2;144;84;98m██[38;2;108;92;120m██[38;2;112;101;145m██[38;2;73;71;79m██[38;2;30;216;30m██[38;2;62;229;62m██[38;2;8;208;8m██[38;2;63;70;63m██[38;2;94;94;122m██[38;2;168;167;168m██[38;2;213;206;205m██[38;2;175;161;159m██[38;2;186;174;173m██[38;2;191;180;179m  [38;2;255;255;255m██████[38;2;164;149;146m██[38;2;35;29;25m██[38;2;230;215;214m  [38;2;230;215;213m  [38;2;230;216;214m  [38;2;59;56;55m  
[38;2;0;0;0m    [38;2;15;71;15m  [38;2;20;58;20m  [38;2;246;135;154m██[38;2;245;134;153m██[38;2;142;72;84m██[38;2;99;100;133m██[38;2;46;126;56m██[38;2;11;199;11m██[38;2;36;140;37m██[38;2;102;103;139m██[38;2;94;91;102m██[38;2;246;244;244m██[38;2;188;176;174m██[38;2;246;244;244m████████[38;2;255;255;255m██[38;2;249;248;248m██[38;2;105;79;75m██[38;2;42;36;32m  [38;2;230;216;214m  [38;2;230;215;214m  [38;2;229;216;214m  [38;2;59;56;55m  
[38;2;0;0;0m      [38;2;75;78;75m  [38;2;87;43;48m██[38;2;192;144;149m██[38;2;109;79;92m██[38;2;102;103;138m██[38;2;94;94;125m██[38;2;88;88;110m██[38;2;95;95;124m██[38;2;82;82;99m██[38;2;109;106;122m██[38;2;101;75;71m██[38;2;168;153;151m██[38;2;192;181;179m██[38;2;189;171;168m██[38;2;185;160;156m██[38;2;192;181;180m██[38;2;169;154;151m██[38;2;130;108;104m██[38;2;90;68;64m██[38;2;153;145;142m  [38;2;230;216;214m    [38;2;230;215;214m  [38;2;59;56;55m  
[38;2;0;0;0m        [38;2;246;141;136m  [38;2;36;21;20m  [38;2;78;70;70m██[38;2;75;65;67m██[38;2;102;103;137m██[38;2;85;74;79m██[38;2;91;84;101m██[38;2;104;108;144m██[38;2;121;111;162m██[38;2;98;75;75m██[38;2;214;189;185m██[38;2;224;199;195m██[38;2;247;231;229m██[38;2;252;248;247m██[38;2;249;240;238m██[38;2;253;253;253m██[38;2;156;138;136m██[38;2;34;35;31m  [38;2;230;215;214m  [38;2;230;216;214m      [38;2;59;56;55m  
[38;2;0;0;0m        [38;2;247;141;136m  [38;2;167;96;91m  [38;2;98;48;55m██[38;2;112;66;74m██[38;2;98;98;130m██[38;2;132;92;101m██[38;2;218;124;141m██[38;2;89;92;108m██[38;2;119;113;164m██[38;2;104;105;142m██[38;2;130;116;115m██[38;2;148;123;118m██[38;2;204;178;175m██[38;2;249;239;237m██[38;2;188;172;169m██[38;2;136;121;117m██[38;2;40;32;28m██[38;2;155;147;144m  [38;2;230;216;214m        [38;2;59;56;55m  
[38;2;0;0;0m        [38;2;247;141;136m    [38;2;168;97;92m  [38;2;34;23;19m  [38;2;81;79;103m██[38;2;211;122;139m██[38;2;236;131;150m██[38;2;74;71;79m██[38;2;104;105;140m██[38;2;104;102;127m██[38;2;140;126;127m██[38;2;241;215;211m██[38;2;165;139;135m██[38;2;105;79;74m██[38;2;105;79;75m██[38;2;25;27;23m  [38;2;230;216;214m          [38;2;230;216;213m  [38;2;59;56;55m  
[38;2;0;0;0m        [38;2;247;141;136m        [38;2;113;72;72m  [38;2;55;62;71m██[38;2;106;89;109m██[38;2;98;110;141m██[38;2;84;92;115m██[38;2;20;22;23m██[38;2;98;61;56m  [38;2;155;129;125m██[38;2;242;216;212m██[38;2;234;208;204m██[38;2;124;98;94m██[38;2;25;27;23m  [38;2;229;215;214m  [38;2;230;216;214m        [38;2;230;216;213m  [38;2;59;56;55m  
[38;2;0;0;0m        [38;2;247;140;136m  [38;2;247;141;136m  [38;2;247;140;136m  [38;2;247;141;136m    [38;2;30;14;10m  [38;2;145;74;87m██[38;2;66;65;66m██[38;2;125;73;84m██[38;2;187;76;95m██[38;2;97;93;91m  [38;2;0;3;0m  [38;2;44;37;36m  [38;2;86;66;62m██[38;2;35;28;25m  [38;2;188;177;175m              [38;2;48;45;45m  
[38;2;0;0;0m        [38;2;246;141;136m      [38;2;247;141;136m  [38;2;246;141;136m  [38;2;18;14;10m  [38;2;187;76;95m██[38;2;70;65;67m██[38;2;100;48;59m██[38;2;190;79;97m██[38;2;83;47;53m  [38;2;0;0;0m    [38;2;0;1;0m  [38;2;0;0;0m                  
[38;2;0;0;0m        [38;2;246;141;136m  [38;2;247;141;136m        [38;2;68;42;37m  [38;2;114;76;83m██[38;2;59;36;33m  [38;2;128;75;70m  [38;2;235;124;143m██[38;2;119;68;75m██[38;2;0;0;0m                        
[38;2;0;0;0m        [38;2;64;36;35m            [38;2;0;1;0m  [38;2;61;35;34m  [38;2;33;19;18m  [38;2;48;22;24m██[38;2;31;19;19m  [38;2;0;0;0m                        [0m
