
[38;2;0;0;0m            [38;2;4;4;4m██  [38;2;0;0;0m                            
[38;2;0;0;0m            [38;2;4;4;4m  ██[38;2;0;0;0m              [38;2;36;36;36m  [38;2;0;0;0m            
[38;2;0;0;0m              [38;2;143;54;32m  [38;2;44;20;14m  [38;2;0;0;0m        [38;2;15;14;12m  [38;2;143;54;32m  [38;2;0;0;0m              
[38;2;0;0;0m                [38;2;111;52;38m██[38;2;0;1;2m  [38;2;0;0;0m    [38;2;47;18;10m  [38;2;63;32;23m██[38;2;0;0;0m                
[38;2;0;0;0m                [38;2;37;20;18m██[38;2;49;29;24m██[38;2;0;0;0m  [38;2;47;18;10m  [38;2;46;43;38m  [38;2;0;0;0m                  
[38;2;0;0;0m                [38;2;30;30;32m██[38;2;88;72;63m██[38;2;59;56;50m██[38;2;205;85;54m██[38;2;36;36;36m  [38;2;0;0;0m                  
[38;2;0;0;0m        [38;2;20;19;17m████[38;2;0;1;1m  [38;2;47;12;12m  [38;2;124;68;55m██[38;2;122;82;67m██[38;2;102;71;63m██[38;2;73;69;65m██[38;2;112;62;62m██[38;2;42;29;28m██[38;2;0;0;0m                
[38;2;0;0;0m    [38;2;15;14;12m██  [38;2;66;64;55m██[38;2;66;63;55m██[38;2;15;7;8m  [38;2;207;52;50m██[38;2;85;69;64m██[38;2;78;66;64m██[38;2;209;90;58m██[38;2;175;63;60m██[38;2;201;60;66m██[38;2;120;69;65m██[38;2;42;41;38m  [38;2;0;0;0m              
[38;2;0;15;5m  [38;2;0;63;21m  [38;2;5;6;5m  [38;2;58;85;50m██[38;2;66;104;62m██[38;2;109;70;64m██[38;2;209;59;58m██[38;2;107;65;63m██[38;2;110;115;119m██[38;2;102;102;102m██[38;2;108;66;63m██[38;2;212;61;59m██[38;2;175;63;60m██[38;2;67;65;65m██[38;2;83;60;59m██[38;2;79;32;34m██[38;2;0;0;0m  [38;2;15;14;12m  [38;2;61;59;51m██[38;2;0;47;15m  [38;2;0;63;21m  [38;2;0;15;5m  
[38;2;0;63;21m  [38;2;0;255;85m  [38;2;5;46;10m██[38;2;74;133;52m██[38;2;105;99;53m██[38;2;130;71;64m██[38;2;76;73;66m██[38;2;67;65;65m██[38;2;174;178;181m██[38;2;96;98;100m██[38;2;67;65;65m██[38;2;69;67;65m██[38;2;70;68;65m██[38;2;78;73;70m██[38;2;222;60;59m██[38;2;255;57;56m██[38;2;157;45;44m██[38;2;75;72;63m██[38;2;61;58;51m██[38;2;0;191;63m  [38;2;0;63;21m  [38;2;0;15;5m  
[38;2;0;63;21m    [38;2;58;154;42m██[38;2;225;92;95m██[38;2;220;88;91m██[38;2;77;64;62m██[38;2;101;62;64m██[38;2;179;181;185m██[38;2;119;123;123m██[38;2;68;67;65m██[38;2;71;69;66m██[38;2;77;74;67m██[38;2;86;70;63m██[38;2;29;174;46m██[38;2;64;108;63m██[38;2;177;70;60m██[38;2;60;100;58m██[38;2;70;69;65m██[38;2;71;69;66m██[38;2;34;33;29m██[38;2;46;60;43m  [38;2;0;15;5m  
[38;2;0;63;21m    [38;2;135;102;90m██[38;2;245;122;124m██[38;2;156;111;113m██[38;2;180;55;56m██[38;2;132;94;96m██[38;2;152;153;155m██[38;2;85;82;80m██[38;2;70;67;65m██[38;2;103;65;64m██[38;2;207;58;58m██[38;2;156;111;113m██[38;2;103;112;90m██[38;2;44;133;52m██[38;2;64;109;60m██[38;2;72;128;51m██[38;2;66;105;60m██[38;2;80;77;67m██[38;2;71;69;66m██[38;2;0;63;21m    
[38;2;0;11;1m  [38;2;191;53;44m██[38;2;220;60;56m██[38;2;102;96;48m██[38;2;87;95;58m██[38;2;119;84;85m██[38;2;143;109;111m██[38;2;89;90;91m██[38;2;65;64;65m██[38;2;206;103;73m██[38;2;253;82;73m██[38;2;239;167;170m██[38;2;236;189;192m██[38;2;223;190;192m██[38;2;166;63;58m██[38;2;122;105;97m██[38;2;231;59;55m██[38;2;62;154;39m██[38;2;7;206;35m██[38;2;7;41;11m██[38;2;0;255;85m  [38;2;0;63;21m  
[38;2;0;53;7m██[38;2;126;104;51m██[38;2;254;56;53m██[38;2;63;158;32m██[38;2;40;81;46m██[38;2;57;47;48m██[38;2;167;163;159m██[38;2;178;111;79m██[38;2;65;64;65m██[38;2;193;173;165m██[38;2;239;197;179m██[38;2;252;127;88m██[38;2;255;56;56m██[38;2;242;56;56m██[38;2;101;71;65m██[38;2;204;92;92m██[38;2;236;189;192m██[38;2;129;104;95m██[38;2;62;113;56m██[38;2;15;152;30m██[38;2;0;111;37m  [38;2;0;63;21m  
[38;2;0;0;0m  [38;2;86;56;45m██[38;2;93;95;52m██[38;2;7;172;30m██[38;2;111;111;111m  [38;2;116;113;116m  [38;2;88;64;53m██[38;2;109;79;64m██[38;2;67;65;65m██[38;2;76;73;65m██[38;2;196;174;166m██[38;2;211;121;80m██[38;2;211;93;69m██[38;2;114;72;65m██[38;2;75;77;65m██[38;2;51;98;57m██[38;2;154;60;58m██[38;2;237;58;58m██[38;2;221;60;58m██[38;2;37;169;43m██[38;2;0;168;26m██[38;2;0;0;0m  
[38;2;0;0;0m  [38;2;169;142;143m██[38;2;213;63;53m██[38;2;122;52;44m██[38;2;111;111;111m  [38;2;255;255;255m  [38;2;148;149;151m  [38;2;158;95;71m██[38;2;107;80;68m██[38;2;209;119;77m██[38;2;72;67;65m██[38;2;69;67;65m████[38;2;72;67;65m██[38;2;16;187;39m██[38;2;2;91;15m██[38;2;79;32;34m██[38;2;255;56;56m██[38;2;142;70;54m██[38;2;76;92;62m██[38;2;69;86;50m██[38;2;17;11;11m  
[38;2;0;15;5m  [38;2;152;140;130m  [38;2;189;119;116m██[38;2;140;67;53m██[38;2;47;89;53m  [38;2;239;239;239m  [38;2;255;255;255m  [38;2;63;63;63m  [38;2;119;68;62m██[38;2;185;99;74m██[38;2;189;105;81m██[38;2;196;154;156m██[38;2;189;58;59m██[38;2;100;63;65m██[38;2;66;48;50m██[38;2;93;91;86m  [38;2;191;191;191m  [38;2;119;50;39m██[38;2;73;100;53m██[38;2;7;210;37m██[38;2;0;178;29m██[38;2;0;6;0m  
[38;2;0;63;21m  [38;2;9;66;25m  [38;2;110;79;83m██[38;2;32;155;45m██[38;2;23;125;34m██[38;2;191;191;191m  [38;2;255;255;255m  [38;2;207;207;207m  [38;2;75;26;26m██[38;2;183;59;60m██[38;2;209;87;88m██[38;2;156;111;113m██[38;2;189;58;59m██[38;2;100;63;65m██[38;2;77;59;61m  [38;2;95;95;95m  [38;2;95;70;72m  [38;2;237;53;56m██[38;2;93;110;50m██[38;2;0;224;34m██[38;2;0;91;23m  [38;2;0;48;16m  
[38;2;0;63;21m  [38;2;0;113;41m  [38;2;0;175;31m██[38;2;36;78;42m██[38;2;35;34;29m  [38;2;211;210;208m  [38;2;191;191;191m  [38;2;48;93;56m  [38;2;78;64;64m██[38;2;68;66;65m██[38;2;74;63;62m██[38;2;91;52;52m██[38;2;67;65;65m██[38;2;65;65;65m██[38;2;52;52;52m██[38;2;48;68;50m██[38;2;111;45;46m██[38;2;133;67;58m██[38;2;93;135;48m██[38;2;23;140;37m██[38;2;0;111;37m  [38;2;0;63;21m  
[38;2;0;63;21m  [38;2;0;255;85m  [38;2;0;191;63m    [38;2;211;210;208m  [38;2;100;100;99m  [38;2;23;114;30m██[38;2;0;209;36m██[38;2;152;62;62m██[38;2;104;65;64m██[38;2;79;75;67m██[38;2;32;153;46m████[38;2;102;65;62m██[38;2;159;82;47m██[38;2;48;102;53m██[38;2;51;112;57m██[38;2;28;154;47m██[38;2;36;91;44m██[38;2;46;57;40m  [38;2;0;255;85m  [38;2;0;63;21m  
[38;2;0;63;21m  [38;2;0;255;85m      [38;2;148;148;147m  [38;2;60;55;53m██[38;2;16;187;39m██[38;2;2;190;24m██[38;2;239;52;53m██[38;2;95;58;58m  [38;2;36;88;43m██[38;2;0;198;25m████[38;2;61;83;41m██[38;2;202;57;61m██[38;2;63;157;30m██[38;2;41;40;40m  [38;2;52;52;52m  [38;2;111;111;111m  [38;2;255;255;255m  [38;2;0;255;85m  [38;2;0;63;21m  
[38;2;0;63;21m  [38;2;0;255;85m      [38;2;148;148;147m  [38;2;18;97;23m██[38;2;16;137;26m██[38;2;2;187;23m██[38;2;95;58;58m  [38;2;239;239;239m  [38;2;7;39;10m██[38;2;49;119;53m████[38;2;23;47;19m██[38;2;159;153;153m  [38;2;87;63;25m██[38;2;5;112;16m  [38;2;196;196;195m  [38;2;255;255;255m    [38;2;0;255;85m  [38;2;0;63;21m  
[38;2;0;63;21m  [38;2;0;255;85m        [38;2;0;73;30m  [38;2;0;221;39m██[38;2;143;85;44m██[38;2;111;111;111m  [38;2;255;255;255m  [38;2;61;60;60m  [38;2;55;76;51m██[38;2;67;77;63m██[38;2;13;26;14m██[38;2;0;208;69m  [38;2;143;57;41m  [38;2;0;143;16m██[38;2;0;191;63m  [38;2;0;255;85m      [38;2;0;63;21m  
[38;2;0;63;21m  [38;2;0;255;85m        [38;2;0;66;21m  [38;2;0;224;40m██[38;2;0;59;10m██[38;2;255;255;255m    [38;2;191;192;193m  [38;2;0;159;29m██[38;2;12;194;39m██[38;2;0;56;8m██[38;2;0;255;85m  [38;2;0;63;21m  [38;2;0;143;16m██[38;2;0;191;63m  [38;2;0;255;85m      [38;2;0;63;21m  
[38;2;63;63;63m  [38;2;255;255;255m          [38;2;0;63;21m  [38;2;0;141;47m  [38;2;255;255;255m      [38;2;63;63;63m  [38;2;0;136;17m██[38;2;191;192;191m  [38;2;255;255;255m    [38;2;111;111;111m  [38;2;255;255;255m        [38;2;63;63;63m  
[38;2;15;15;15m  [38;2;63;63;63m          [38;2;0;63;21m    [38;2;63;63;63m      [38;2;15;15;15m  [38;2;0;46;9m  [38;2;47;48;47m  [38;2;63;63;63m              [38;2;15;15;15m  [0m
