
[38;2;0;0;0m              [38;2;33;37;47m  [38;2;44;50;63m████[38;2;33;37;47m  [38;2;0;0;0m  [38;2;44;50;63m████[38;2;33;37;47m  [38;2;0;0;0m              
[38;2;0;0;0m        [38;2;0;3;0m  [38;2;41;71;73m  [38;2;134;151;191m██[38;2;111;124;176m██[38;2;103;120;170m██[38;2;156;176;233m██[38;2;168;189;239m██[38;2;76;86;129m██[38;2;120;133;193m██[38;2;121;148;189m██[38;2;92;103;155m██[38;2;56;84;100m██[38;2;0;9;0m  [38;2;0;0;0m          
[38;2;0;0;0m      [38;2;7;20;14m  [38;2;42;104;79m██[38;2;46;92;84m██[38;2;67;92;127m██[38;2;47;104;87m██[38;2;39;103;76m██[38;2;60;105;112m██[38;2;89;112;152m██[38;2;154;173;227m██[38;2;67;96;126m██[38;2;46;88;90m██[38;2;40;109;74m██[38;2;45;96;81m██[38;2;45;96;82m██[38;2;17;47;33m██[38;2;0;0;0m        
[38;2;0;0;0m      [38;2;30;82;56m██[38;2;40;110;75m████████████[38;2;43;107;78m██[38;2;50;103;91m██[38;2;40;109;74m██[38;2;43;106;75m██[38;2;50;100;74m██[38;2;40;110;75m██████[38;2;23;61;43m  [38;2;0;0;0m      
[38;2;0;0;0m    [38;2;10;27;19m██[38;2;40;109;76m██[38;2;40;110;76m██[38;2;40;110;75m██[38;2;40;110;76m██[38;2;40;110;75m██[38;2;40;110;76m██[38;2;40;110;75m██[38;2;42;106;77m██[38;2;91;115;91m██[38;2;52;87;67m██[38;2;40;110;75m██[38;2;51;99;74m██[38;2;42;108;75m██[38;2;40;110;76m██[38;2;40;110;75m██[38;2;33;88;63m██[38;2;2;6;4m  [38;2;0;0;0m    
[38;2;47;45;35m██  [38;2;46;63;56m██[38;2;40;109;76m██[38;2;40;110;75m████████████[38;2;46;97;74m██[38;2;207;198;162m██[38;2;168;171;138m██[38;2;45;100;75m██[38;2;44;105;75m████[38;2;40;110;75m████[38;2;40;109;76m██[38;2;10;27;19m██[38;2;47;45;36m    
[38;2;63;60;47m██[38;2;158;153;131m██[38;2;58;75;68m██[38;2;42;107;76m██[38;2;40;110;76m██[38;2;40;110;75m██[38;2;40;110;76m██[38;2;40;110;75m██[38;2;40;110;76m██[38;2;40;110;75m██[38;2;46;97;74m██[38;2;165;142;80m██[38;2;205;191;143m██[38;2;62;97;75m██[38;2;43;106;75m████[38;2;40;110;76m██[38;2;40;110;75m██[38;2;40;110;76m██[38;2;10;27;19m██[38;2;240;226;174m██[38;2;63;60;48m██
[38;2;17;16;12m  [38;2;163;145;93m██[38;2;127;121;76m██[38;2;44;102;74m██[38;2;40;110;75m████████████[38;2;46;97;74m██[38;2;199;165;100m██[38;2;232;191;105m██[38;2;109;97;76m██[38;2;40;110;75m██████████[38;2;48;64;57m██[38;2;189;157;89m██[38;2;15;15;12m  
[38;2;0;0;0m  [38;2;136;112;61m  [38;2;208;174;101m██[38;2;62;97;75m██[38;2;42;108;77m██[38;2;42;108;75m██[38;2;40;110;76m██[38;2;40;110;75m██[38;2;40;110;76m██[38;2;40;110;75m██[38;2;46;97;74m██[38;2;199;165;100m██[38;2;232;192;107m██[38;2;109;97;76m██[38;2;50;94;72m██[38;2;49;95;72m██[38;2;40;110;76m██[38;2;43;106;75m██[38;2;48;100;73m██[38;2;96;94;76m██[38;2;136;112;61m  [38;2;0;0;0m  
[38;2;0;0;0m    [38;2;242;200;110m██[38;2;209;178;103m██[38;2;54;87;73m██[38;2;47;96;73m██[38;2;43;106;75m████[38;2;50;100;74m██[38;2;40;110;75m██[38;2;54;87;72m██[38;2;165;143;87m██[38;2;165;145;85m██[38;2;69;87;72m██[38;2;56;83;71m██[38;2;58;85;71m██[38;2;52;97;74m██[38;2;56;94;74m██[38;2;61;75;66m██[38;2;197;167;98m██[38;2;0;0;0m    
[38;2;0;0;0m    [38;2;45;37;20m  [38;2;191;163;91m██[38;2;156;137;83m██[38;2;57;96;72m██[38;2;55;90;72m██[38;2;51;98;74m██[38;2;47;101;74m██[38;2;56;92;73m██[38;2;58;81;70m██[38;2;153;137;83m██[38;2;131;120;79m██[38;2;56;85;72m████[38;2;55;92;73m██[38;2;56;90;73m██[38;2;58;85;71m██[38;2;104;100;69m██[38;2;34;30;16m  [38;2;0;0;0m    
[38;2;0;0;0m      [38;2;45;38;21m  [38;2;78;69;38m██[38;2;160;143;85m██[38;2;131;122;78m██[38;2;60;77;67m██[38;2;54;90;71m██[38;2;56;93;73m██[38;2;85;88;69m██[38;2;175;156;88m██[38;2;62;70;67m██[38;2;60;75;68m██[38;2;58;80;70m██[38;2;62;70;67m██[38;2;85;87;71m██[38;2;153;137;83m██[38;2;34;30;16m  [38;2;0;0;0m      
[38;2;0;0;0m            [38;2;142;125;71m██[38;2;153;137;84m██[38;2;72;70;66m██[38;2;94;88;71m██[38;2;183;161;88m██[38;2;116;110;75m██[38;2;70;76;66m██[38;2;94;88;71m██[38;2;116;106;75m██[38;2;149;131;72m██[38;2;103;90;50m  [38;2;0;0;0m          
[38;2;0;0;0m            [38;2;86;81;61m██[38;2;165;144;80m██[38;2;174;159;105m██[38;2;139;136;126m██[38;2;135;130;123m██[38;2;197;179;115m██[38;2;138;126;76m██[38;2;94;88;71m██[38;2;66;81;52m██[38;2;12;10;5m  [38;2;0;0;0m            
[38;2;0;0;0m          [38;2;115;99;57m██[38;2;217;186;103m██[38;2;237;224;166m██[38;2;239;224;167m██[38;2;201;176;113m██[38;2;129;122;87m██[38;2;63;73;73m██[38;2;60;71;67m██[38;2;72;116;108m██[38;2;81;132;125m██[38;2;20;33;31m██[38;2;0;0;0m            
[38;2;0;0;0m          [38;2;12;12;12m  [38;2;97;94;75m██[38;2;191;171;111m██[38;2;111;110;100m██[38;2;111;108;95m██[38;2;149;173;209m██[38;2;147;174;209m██[38;2;48;93;73m██[38;2;73;113;107m██[38;2;153;184;221m██[38;2;18;33;29m██[38;2;0;0;0m            
[38;2;0;0;0m            [38;2;7;20;14m  [38;2;50;80;63m██[38;2;122;155;175m██[38;2;58;75;68m██[38;2;73;113;107m██[38;2;67;125;110m██[38;2;51;89;72m████[38;2;23;61;43m  [38;2;0;0;0m              
[38;2;0;0;0m              [38;2;10;15;12m  [38;2;60;76;68m██[38;2;127;119;79m██[38;2;124;123;81m██[38;2;59;75;69m██[38;2;49;92;72m██[38;2;128;144;171m██[38;2;32;55;47m  [38;2;0;5;0m  [38;2;0;0;0m            
[38;2;0;0;0m              [38;2;47;55;50m██[38;2;96;96;73m██[38;2;231;195;108m████[38;2;83;116;79m██[38;2;49;94;72m██[38;2;58;77;65m██[38;2;152;187;222m██[38;2;21;29;31m██[38;2;0;0;0m            
[38;2;0;0;0m            [38;2;12;12;12m  [38;2;167;162;134m██[38;2;98;96;72m██[38;2;232;191;107m████[38;2;98;96;72m██[38;2;207;200;162m██[38;2;100;104;89m██[38;2;121;136;193m██[38;2;68;111;107m██[38;2;0;0;0m            
[38;2;0;0;0m            [38;2;19;21;35m██[38;2;57;66;102m██[38;2;62;68;96m██[38;2;137;123;83m██[38;2;103;101;86m██[38;2;107;102;89m██[38;2;51;51;58m██[38;2;128;142;190m██[38;2;96;109;146m██[38;2;117;131;168m██[38;2;0;0;0m            
[38;2;0;0;0m            [38;2;4;5;8m  [38;2;19;22;35m██[38;2;5;5;4m  [38;2;124;111;71m██[38;2;102;100;91m██[38;2;65;63;54m██[38;2;5;6;8m  [38;2;22;24;33m██[38;2;32;36;48m  [38;2;0;0;0m              
[38;2;0;0;0m                  [38;2;103;90;50m  [38;2;115;112;99m██[38;2;63;60;47m██[38;2;0;0;0m                    
[38;2;0;0;0m                    [38;2;31;30;26m██[38;2;15;15;11m  [38;2;0;0;0m                    [0m
