    [38;2;7;7;7m▄[38;2;7;7;7m▄[38;2;7;7;7m[48;2;237;247;222m▀[0m[38;2;7;7;7m[48;2;237;247;222m▀[0m[38;2;7;7;7m[48;2;237;247;222m▀[0m[38;2;7;7;7m[48;2;180;188;167m▀[0m[38;2;7;7;7m[48;2;103;101;67m▀[0m[38;2;7;7;7m[48;2;166;152;70m▀[0m[38;2;7;7;7m▄  
 [38;2;7;7;7m[48;2;7;7;7m▀[0m[38;2;7;7;7m[48;2;180;188;167m▀[0m[38;2;7;7;7m[48;2;180;188;167m▀[0m[38;2;237;247;222m[48;2;66;66;66m▀[0m[38;2;237;247;222m[48;2;237;247;222m▀[0m[38;2;237;247;222m[48;2;237;247;222m▀[0m[38;2;237;247;222m[48;2;237;247;222m▀[0m[38;2;237;247;222m[48;2;237;247;222m▀[0m[38;2;237;247;222m[48;2;237;247;222m▀[0m[38;2;237;247;222m[48;2;237;247;222m▀[0m[38;2;103;101;67m[48;2;180;188;167m▀[0m[38;2;7;7;7m[48;2;180;188;167m▀[0m[38;2;7;7;7m▄ 
 [38;2;7;7;7m▄[38;2;7;7;7m[48;2;230;227;159m▀[0m[38;2;230;227;159m[48;2;230;227;159m▀[0m[38;2;230;227;159m[48;2;230;227;159m▀[0m[38;2;103;101;67m[48;2;230;227;159m▀[0m[38;2;66;66;66m[48;2;230;227;159m▀[0m[38;2;66;66;66m[48;2;230;227;159m▀[0m[38;2;66;66;66m[48;2;230;227;159m▀[0m[38;2;66;66;66m[48;2;230;227;159m▀[0m[38;2;66;66;66m[48;2;66;66;66m▀[0m[38;2;180;188;167m[48;2;180;188;167m▀[0m[38;2;180;188;167m[48;2;180;188;167m▀[0m[38;2;7;7;7m[48;2;7;7;7m▀[0m 
[38;2;7;7;7m▀[38;2;180;188;167m[48;2;7;7;7m▀[0m[38;2;103;101;67m[48;2;66;66;66m▀[0m[38;2;230;227;159m[48;2;230;227;159m▀[0m[38;2;230;227;159m[48;2;230;227;159m▀[0m[38;2;166;152;70m[48;2;73;107;134m▀[0m[38;2;230;227;159m[48;2;230;227;159m▀[0m[38;2;230;227;159m[48;2;166;152;70m▀[0m[38;2;230;227;159m[48;2;66;66;66m▀[0m[38;2;166;152;70m[48;2;66;66;66m▀[0m[38;2;73;107;134m[48;2;230;227;159m▀[0m[38;2;66;66;66m[48;2;230;227;159m▀[0m[38;2;237;247;222m[48;2;66;66;66m▀[0m[38;2;237;247;222m[48;2;7;7;7m▀[0m[38;2;7;7;7m▀
 [38;2;7;7;7m▀[38;2;103;101;67m[48;2;7;7;7m▀[0m[38;2;230;227;159m[48;2;224;147;73m▀[0m[38;2;230;227;159m[48;2;230;227;159m▀[0m[38;2;73;107;134m[48;2;230;227;159m▀[0m[38;2;66;66;66m[48;2;103;101;67m▀[0m[38;2;66;66;66m[48;2;66;66;66m▀[0m[38;2;66;66;66m[48;2;66;66;66m▀[0m[38;2;66;66;66m[48;2;230;227;159m▀[0m[38;2;230;227;159m[48;2;230;227;159m▀[0m[38;2;230;227;159m[48;2;166;152;70m▀[0m[38;2;73;107;134m[48;2;73;107;134m▀[0m[38;2;7;7;7m[48;2;7;7;7m▀[0m 
 [38;2;7;7;7m[48;2;7;7;7m▀[0m[38;2;255;180;61m[48;2;255;180;61m▀[0m[38;2;255;180;61m[48;2;255;180;61m▀[0m[38;2;224;147;73m[48;2;255;180;61m▀[0m[38;2;230;227;159m[48;2;103;101;67m▀[0m[38;2;230;227;159m[48;2;103;101;67m▀[0m[38;2;230;227;159m[48;2;103;101;67m▀[0m[38;2;230;227;159m[48;2;103;101;67m▀[0m[38;2;103;101;67m[48;2;166;152;70m▀[0m[38;2;166;152;70m[48;2;73;107;134m▀[0m[38;2;166;152;70m[48;2;7;7;7m▀[0m[38;2;7;7;7m▀  
  [38;2;7;7;7m▀[38;2;255;180;61m[48;2;7;7;7m▀[0m[38;2;66;66;66m[48;2;73;107;134m▀[0m[38;2;237;247;222m[48;2;66;66;66m▀[0m[38;2;103;101;67m[48;2;66;66;66m▀[0m[38;2;166;152;70m[48;2;66;66;66m▀[0m[38;2;166;152;70m[48;2;66;66;66m▀[0m[38;2;66;66;66m[48;2;73;107;134m▀[0m[38;2;66;66;66m[48;2;73;107;134m▀[0m[38;2;7;7;7m[48;2;73;107;134m▀[0m[38;2;7;7;7m[48;2;73;107;134m▀[0m[38;2;7;7;7m▄ 
   [38;2;7;7;7m▀[38;2;7;7;7m[48;2;7;7;7m▀[0m[38;2;73;107;134m[48;2;73;107;134m▀[0m[38;2;73;107;134m[48;2;73;107;134m▀[0m[38;2;73;107;134m[48;2;66;66;66m▀[0m[38;2;66;66;66m[48;2;166;152;70m▀[0m[38;2;66;66;66m[48;2;166;152;70m▀[0m[38;2;73;107;134m[48;2;66;66;66m▀[0m[38;2;73;107;134m[48;2;7;7;7m▀[0m[38;2;7;7;7m[48;2;7;7;7m▀[0m  
    [38;2;7;7;7m▀[38;2;7;7;7m[48;2;7;7;7m▀[0m[38;2;66;66;66m[48;2;230;227;159m▀[0m[38;2;166;152;70m[48;2;7;7;7m▀[0m[38;2;166;152;70m[48;2;7;7;7m▀[0m[38;2;166;152;70m[48;2;66;66;66m▀[0m[38;2;166;152;70m[48;2;103;101;67m▀[0m[38;2;166;152;70m[48;2;103;101;67m▀[0m[38;2;7;7;7m[48;2;7;7;7m▀[0m  
     [38;2;7;7;7m▀[38;2;7;7;7m▀  [38;2;7;7;7m[48;2;7;7;7m▀[0m[38;2;230;227;159m[48;2;7;7;7m▀[0m[38;2;7;7;7m▀   
[0m