
[38;2;0;0;0m                      [38;2;49;20;17m  [38;2;0;0;0m                        
[38;2;0;0;0m                      [38;2;181;76;62m██[38;2;0;0;0m                        
[38;2;0;0;0m                      [38;2;201;84;69m██[38;2;19;8;6m  [38;2;0;0;0m                      
[38;2;0;0;0m                      [38;2;70;29;24m██[38;2;54;22;18m██[38;2;0;0;0m                      
[38;2;0;0;0m                      [38;2;54;22;18m  [38;2;236;99;81m██[38;2;0;0;0m                      
[38;2;0;0;0m                      [38;2;238;126;65m██[38;2;236;105;77m██[38;2;0;0;0m                      
[38;2;0;0;0m                    [38;2;162;68;55m██[38;2;238;126;65m██[38;2;54;28;14m██[38;2;0;0;0m                      
[38;2;0;0;0m                  [38;2;34;15;10m██[38;2;236;102;77m██[38;2;238;129;60m██[38;2;54;28;14m██[38;2;0;0;0m                      
[38;2;0;0;0m                  [38;2;35;20;5m██[38;2;244;151;27m██[38;2;243;146;35m██[38;2;171;83;44m██[38;2;0;0;0m                      
[38;2;0;0;0m                  [38;2;36;23;0m██[38;2;250;163;0m██[38;2;253;188;78m██[38;2;249;168;0m██[38;2;0;0;0m                      
[38;2;0;0;0m                  [38;2;10;6;0m  [38;2;197;143;62m██[38;2;254;193;95m██[38;2;110;78;16m██[38;2;0;0;0m                      
[38;2;0;0;0m                  [38;2;13;15;16m██[38;2;170;145;111m██[38;2;114;104;77m██[38;2;127;117;90m██[38;2;14;14;13m  [38;2;0;0;0m                    
[38;2;0;0;0m          [38;2;189;79;64m  [38;2;0;0;0m      [38;2;119;188;133m██[38;2;77;76;72m██[38;2;95;96;87m██[38;2;74;73;70m██[38;2;96;116;106m██[38;2;58;77;83m██[38;2;0;0;0m                  
[38;2;63;26;21m██[38;2;44;18;15m██[38;2;0;0;0m    [38;2;37;28;10m  [38;2;229;179;65m██[38;2;0;0;0m  [38;2;8;9;8m██[38;2;190;211;197m██[38;2;220;245;226m██[38;2;148;159;143m██[38;2;107;161;127m██[38;2;97;120;93m██[38;2;150;255;177m██[38;2;156;255;175m██[38;2;62;85;81m██[38;2;0;0;0m      [38;2;48;20;16m  [38;2;0;0;0m    [38;2;44;18;15m██[38;2;63;26;21m██
[38;2;64;34;17m██[38;2;221;118;57m██[38;2;0;0;0m    [38;2;110;84;43m██[38;2;253;193;98m██[38;2;28;28;28m  [38;2;67;70;70m██[38;2;189;252;224m██[38;2;93;94;79m██[38;2;132;200;151m██[38;2;147;255;236m██[38;2;97;118;106m██[38;2;109;144;110m██[38;2;156;255;183m██[38;2;124;183;132m██[38;2;4;4;3m  [38;2;0;0;0m    [38;2;132;55;45m██[38;2;0;0;0m  [38;2;4;2;0m  [38;2;235;163;64m██[38;2;68;49;1m██
[38;2;37;25;0m  [38;2;230;166;43m██[38;2;77;56;37m  [38;2;29;28;26m  [38;2;72;71;65m██[38;2;77;76;65m██[38;2;51;50;51m██[38;2;219;62;167m██[38;2;112;132;119m██[38;2;91;106;87m██[38;2;127;200;156m██[38;2;132;213;200m██[38;2;135;77;113m██[38;2;127;76;108m██[38;2;144;228;163m██[38;2;156;255;176m██[38;2;9;15;11m██[38;2;0;0;0m    [38;2;147;87;62m██[38;2;202;113;77m██[38;2;54;55;59m██[38;2;176;132;68m██[38;2;47;38;8m██
[38;2;2;1;0m  [38;2;50;60;69m██[38;2;65;70;81m██[38;2;70;70;67m██[38;2;31;30;28m██[38;2;1;1;1m██[38;2;0;0;0m  [38;2;73;69;65m██[38;2;118;181;171m██[38;2;81;81;65m████[38;2;73;69;65m██[38;2;213;88;170m██[38;2;195;84;159m██[38;2;142;227;159m██[38;2;120;179;132m██[38;2;4;4;4m██[38;2;0;0;0m  [38;2;64;63;64m██[38;2;146;99;47m██[38;2;236;177;82m██[38;2;68;66;68m██[38;2;66;63;55m██[38;2;0;0;0m  
[38;2;0;0;0m    [38;2;24;23;20m  [38;2;0;0;0m    ██  [38;2;13;9;9m██[38;2;127;216;203m██[38;2;86;92;77m██[38;2;116;170;156m██[38;2;145;255;191m██[38;2;121;189;168m██[38;2;99;127;100m██[38;2;156;255;175m██[38;2;68;95;89m██[38;2;0;0;0m        [38;2;81;77;67m██[38;2;68;67;66m██[38;2;24;24;24m  [38;2;0;0;0m  
[38;2;0;0;0m                  [38;2;126;209;197m██[38;2;80;76;67m██[38;2;140;237;225m██[38;2;79;117;109m██[38;2;121;177;166m██[38;2;10;10;9m  [38;2;0;0;0m      [38;2;58;57;58m██[38;2;0;0;0m  [38;2;60;59;60m██[38;2;23;23;23m██[38;2;0;0;0m    
[38;2;0;0;0m                  [38;2;3;3;3m  [38;2;59;58;54m██[38;2;76;73;67m██[38;2;34;39;36m██[38;2;3;1;0m  [38;2;0;0;0m            [38;2;40;39;40m██[38;2;8;8;8m  [38;2;0;0;0m    
[38;2;0;0;0m                      [38;2;63;60;52m██[38;2;0;0;0m            ██          
[38;2;0;0;0m                      [38;2;17;16;14m  [38;2;0;0;0m                        [0m
