         [38;2;7;7;7m▄[38;2;7;7;7m[48;2;34;153;255m▀[0m[38;2;7;7;7m[48;2;34;153;255m▀[0m[38;2;7;7;7m▄
     [38;2;7;7;7m▄[38;2;7;7;7m▄[38;2;7;7;7m[48;2;172;56;64m▀[0m[38;2;7;7;7m[48;2;245;66;69m▀[0m[38;2;34;153;255m[48;2;255;118;213m▀[0m[38;2;82;82;82m[48;2;255;118;213m▀[0m[38;2;7;7;7m[48;2;7;7;7m▀[0m 
  [38;2;7;7;7m▄[38;2;7;7;7m[48;2;82;82;82m▀[0m[38;2;7;7;7m[48;2;115;115;115m▀[0m[38;2;245;66;69m[48;2;115;115;115m▀[0m[38;2;82;82;82m[48;2;245;66;69m▀[0m[38;2;82;82;82m[48;2;245;66;69m▀[0m[38;2;245;66;69m[48;2;82;82;82m▀[0m[38;2;245;66;69m[48;2;82;82;82m▀[0m[38;2;245;66;69m[48;2;245;66;69m▀[0m[38;2;245;66;69m[48;2;7;7;7m▀[0m[38;2;7;7;7m▀
 [38;2;7;7;7m[48;2;7;7;7m▀[0m[38;2;115;115;115m[48;2;82;82;82m▀[0m[38;2;148;148;148m[48;2;148;148;148m▀[0m[38;2;148;148;148m[48;2;148;148;148m▀[0m[38;2;115;115;115m[48;2;115;115;115m▀[0m[38;2;115;115;115m[48;2;115;115;115m▀[0m[38;2;245;66;69m[48;2;115;115;115m▀[0m[38;2;202;31;43m[48;2;245;66;69m▀[0m[38;2;82;82;82m[48;2;245;66;69m▀[0m[38;2;7;7;7m[48;2;202;31;43m▀[0m[38;2;7;7;7m▄ 
[38;2;7;7;7m[48;2;7;7;7m▀[0m[38;2;82;82;82m[48;2;115;115;115m▀[0m[38;2;115;115;115m[48;2;115;115;115m▀[0m[38;2;115;115;115m[48;2;115;115;115m▀[0m[38;2;82;82;82m[48;2;82;82;82m▀[0m[38;2;82;82;82m[48;2;82;82;82m▀[0m[38;2;115;115;115m[48;2;115;115;115m▀[0m[38;2;245;66;69m[48;2;115;115;115m▀[0m[38;2;245;66;69m[48;2;115;115;115m▀[0m[38;2;115;115;115m[48;2;115;115;115m▀[0m[38;2;245;66;69m[48;2;82;82;82m▀[0m[38;2;255;150;59m[48;2;255;150;59m▀[0m[38;2;7;7;7m[48;2;7;7;7m▀[0m
 [38;2;7;7;7m[48;2;7;7;7m▀[0m[38;2;82;82;82m[48;2;82;82;82m▀[0m[38;2;115;115;115m[48;2;82;82;82m▀[0m[38;2;115;115;115m[48;2;115;115;115m▀[0m[38;2;115;115;115m[48;2;115;115;115m▀[0m[38;2;115;115;115m[48;2;115;115;115m▀[0m[38;2;115;115;115m[48;2;0;121;221m▀[0m[38;2;115;115;115m[48;2;198;214;223m▀[0m[38;2;115;115;115m[48;2;82;82;82m▀[0m[38;2;82;82;82m[48;2;82;82;82m▀[0m[38;2;202;31;43m[48;2;7;7;7m▀[0m[38;2;7;7;7m▀
 [38;2;7;7;7m▄[38;2;7;7;7m[48;2;202;31;43m▀[0m[38;2;115;115;115m[48;2;82;82;82m▀[0m[38;2;115;115;115m[48;2;82;82;82m▀[0m[38;2;82;82;82m[48;2;115;115;115m▀[0m[38;2;255;240;59m[48;2;34;153;255m▀[0m[38;2;34;153;255m[48;2;198;214;223m▀[0m[38;2;249;249;249m[48;2;82;82;82m▀[0m[38;2;82;82;82m[48;2;7;7;7m▀[0m[38;2;7;7;7m▀[38;2;7;7;7m▄[38;2;7;7;7m▄
[38;2;7;7;7m[48;2;7;7;7m▀[0m[38;2;202;31;43m[48;2;202;31;43m▀[0m[38;2;82;82;82m[48;2;82;82;82m▀[0m[38;2;202;31;43m[48;2;7;7;7m▀[0m[38;2;7;7;7m▀[38;2;82;82;82m[48;2;7;7;7m▀[0m[38;2;82;82;82m[48;2;255;118;0m▀[0m[38;2;202;31;43m[48;2;255;118;0m▀[0m[38;2;202;31;43m[48;2;245;66;69m▀[0m[38;2;245;66;69m[48;2;148;148;148m▀[0m[38;2;7;7;7m[48;2;148;148;148m▀[0m[38;2;255;150;59m[48;2;7;7;7m▀[0m[38;2;7;7;7m▀
 [38;2;7;7;7m▀[38;2;7;7;7m▀ [38;2;7;7;7m[48;2;7;7;7m▀[0m[38;2;245;66;69m[48;2;82;82;82m▀[0m[38;2;202;31;43m[48;2;82;82;82m▀[0m[38;2;255;118;0m[48;2;115;115;115m▀[0m[38;2;115;115;115m[48;2;115;115;115m▀[0m[38;2;82;82;82m[48;2;82;82;82m▀[0m[38;2;245;66;69m[48;2;245;66;69m▀[0m[38;2;245;66;69m[48;2;245;66;69m▀[0m[38;2;7;7;7m[48;2;7;7;7m▀[0m
    [38;2;7;7;7m▀[38;2;202;31;43m[48;2;7;7;7m▀[0m[38;2;7;7;7m[48;2;7;7;7m▀[0m[38;2;7;7;7m▀[38;2;82;82;82m[48;2;7;7;7m▀[0m[38;2;115;115;115m[48;2;245;66;69m▀[0m[38;2;82;82;82m[48;2;245;66;69m▀[0m[38;2;7;7;7m[48;2;7;7;7m▀[0m 
         [38;2;7;7;7m▀[38;2;7;7;7m▀  
[0m