
[38;2;0;0;0m                    [38;2;29;9;6m  [38;2;2;0;0m  [38;2;0;0;0m                              
[38;2;0;0;0m                    [38;2;113;36;25m██[38;2;9;2;2m██[38;2;0;0;0m    [38;2;102;32;22m  [38;2;0;0;0m                        
[38;2;0;0;0m                    [38;2;113;48;25m██[38;2;255;82;56m██[38;2;0;0;0m    [38;2;132;42;29m██[38;2;70;22;15m  [38;2;0;0;0m                      
[38;2;0;0;0m                    [38;2;113;97;4m██[38;2;255;133;62m██[38;2;0;0;0m    [38;2;132;80;22m██[38;2;245;77;54m██[38;2;0;0;0m                      
[38;2;0;0;0m                [38;2;1;1;1m  [38;2;75;26;19m  [38;2;218;182;10m██[38;2;6;6;0m  [38;2;0;0;0m  [38;2;81;32;18m██[38;2;255;197;27m██[38;2;0;0;0m              [38;2;54;17;12m  [38;2;141;44;31m  [38;2;0;0;0m      
[38;2;0;0;0m  [38;2;48;40;57m  [38;2;62;51;74m            [38;2;22;22;21m  [38;2;146;108;129m██[38;2;51;30;38m  [38;2;62;51;74m  [38;2;102;40;22m  [38;2;255;101;56m██[38;2;144;140;0m██[38;2;62;51;74m            [38;2;31;10;7m  [38;2;99;31;22m██[38;2;0;0;0m        
[38;2;0;0;0m  [38;2;58;48;69m  [38;2;70;55;85m  [38;2;112;91;111m  [38;2;121;99;118m  [38;2;121;100;118m  [38;2;106;87;102m  [38;2;59;45;58m  [38;2;95;85;91m██[38;2;93;83;91m██[38;2;53;42;56m  [38;2;51;42;49m  [38;2;132;114;134m██[38;2;48;45;45m██[38;2;83;68;80m  [38;2;79;63;74m  [38;2;83;48;51m  [38;2;70;55;85m      [38;2;26;20;31m  [38;2;255;81;56m██[38;2;84;26;18m██[38;2;0;0;0m        
[38;2;0;0;0m  [38;2;58;48;69m  [38;2;63;43;79m  [38;2;111;89;110m  [38;2;121;100;117m  [38;2;32;26;31m  [38;2;58;48;60m  [38;2;105;82;118m██[38;2;144;118;139m████[38;2;131;107;128m██[38;2;143;117;138m██[38;2;57;45;64m██[38;2;106;86;102m  [38;2;121;100;117m  [38;2;9;3;2m██[38;2;113;35;25m██[38;2;63;42;79m      [38;2;23;15;29m  [38;2;255;149;75m██[38;2;231;73;51m██[38;2;0;0;0m        
[38;2;0;0;0m  [38;2;58;48;69m  [38;2;62;43;79m  [38;2;111;89;110m  [38;2;81;66;78m  [38;2;106;85;110m██[38;2;112;93;113m██[38;2;138;114;133m██[38;2;115;93;118m██[38;2;152;134;74m██[38;2;139;113;134m██[38;2;144;118;139m██[38;2;80;61;64m██[38;2;78;62;82m  [38;2;96;52;15m██[38;2;245;77;54m██[38;2;67;55;65m  [38;2;63;43;79m    [38;2;62;43;79m  [38;2;47;32;60m  [38;2;120;83;37m██[38;2;255;183;72m██[38;2;0;0;0m        
[38;2;0;0;0m  [38;2;58;48;69m  [38;2;63;43;79m  [38;2;111;89;110m  [38;2;81;66;78m  [38;2;80;61;96m██[38;2;85;62;102m██[38;2;36;21;48m██[38;2;168;162;72m██[38;2;253;245;0m██[38;2;143;117;138m██[38;2;101;78;116m██[38;2;132;100;75m██[38;2;228;177;39m██[38;2;136;74;21m██[38;2;30;11;9m  [38;2;116;95;112m  [38;2;63;43;79m    [38;2;56;38;71m  [38;2;146;99;49m  [38;2;255;177;78m██[38;2;103;80;23m██[38;2;0;0;0m        
[38;2;0;0;0m  [38;2;58;48;69m  [38;2;55;37;69m  [38;2;54;44;54m  [38;2;87;71;84m██[38;2;119;94;125m██[38;2;86;75;84m██[38;2;123;99;119m██[38;2;113;98;113m██[38;2;112;94;110m██[38;2;180;155;33m██[38;2;190;175;45m██[38;2;189;175;46m██[38;2;95;72;113m██[38;2;63;51;61m  [38;2;122;100;118m  [38;2;94;77;91m  [38;2;39;26;49m  [38;2;63;43;79m  [38;2;28;27;0m██[38;2;255;219;30m██[38;2;239;168;69m██[38;2;50;48;0m  [38;2;0;0;0m        
[38;2;0;0;0m  [38;2;58;48;69m  [38;2;44;30;55m  [38;2;117;96;113m██[38;2;128;103;130m██[38;2;224;213;32m██[38;2;144;118;139m██[38;2;86;70;85m██[38;2;142;127;53m██[38;2;91;71;106m██[38;2;103;80;106m██[38;2;69;65;70m██[38;2;95;72;113m████[38;2;63;51;61m  [38;2;117;96;113m  [38;2;135;44;33m  [38;2;4;3;5m  [38;2;28;19;35m  [38;2;146;62;61m██[38;2;221;173;36m██[38;2;31;16;22m  [38;2;19;13;24m  [38;2;0;0;0m        
[38;2;0;0;0m  [38;2;58;48;69m  [38;2;54;37;68m  [38;2;72;64;43m  [38;2;110;93;109m██[38;2;104;89;103m██[38;2;115;98;111m██[38;2;171;148;59m██[38;2;46;36;50m██[38;2;53;47;56m  [38;2;52;50;51m██[38;2;93;71;111m██[38;2;95;72;113m██[38;2;53;40;63m██[38;2;61;50;59m  [38;2;117;37;26m██[38;2;175;55;39m██[38;2;41;27;43m  [38;2;196;133;63m██[38;2;255;200;45m██[38;2;211;150;59m██[38;2;104;67;44m  [38;2;11;8;14m  [38;2;0;0;0m        
[38;2;0;0;0m  [38;2;58;48;69m  [38;2;44;30;55m  [38;2;150;136;79m██[38;2;186;185;144m██[38;2;66;65;66m██[38;2;85;74;94m██[38;2;11;10;11m██[38;2;116;95;112m  [38;2;13;11;13m  [38;2;109;101;116m██[38;2;94;71;111m██[38;2;95;72;113m██[38;2;0;0;0m██[38;2;58;48;56m  [38;2;255;81;56m████[38;2;244;84;56m██[38;2;255;214;35m██[38;2;255;246;0m██[38;2;180;146;33m██[38;2;52;31;21m██[38;2;81;55;26m  [38;2;0;0;0m        
[38;2;31;21;9m██[38;2;57;43;45m  [38;2;123;100;22m██[38;2;255;230;88m██[38;2;175;152;94m██[38;2;255;212;160m██[38;2;191;75;60m██[38;2;134;42;30m██[38;2;65;54;63m  [38;2;138;113;133m██[38;2;144;117;139m██[38;2;141;91;108m██[38;2;105;44;31m██[38;2;121;100;118m  [38;2;88;72;85m  [38;2;139;44;31m██[38;2;255;177;162m██[38;2;255;213;159m██[38;2;255;233;142m██[38;2;249;236;3m██[38;2;150;128;12m██[38;2;28;19;35m  [38;2;0;0;0m          
[38;2;1;0;0m  [38;2;196;133;63m██[38;2;253;245;0m██[38;2;50;48;1m██[38;2;81;66;77m  [38;2;217;149;72m██[38;2;255;138;72m██[38;2;255;144;71m██[38;2;101;78;95m██[38;2;144;118;139m██[38;2;144;86;101m██[38;2;155;66;68m██[38;2;253;95;60m██[38;2;1;1;1m  [38;2;59;48;57m  [38;2;251;169;80m██[38;2;255;173;83m██[38;2;255;254;247m██[38;2;255;246;244m██[38;2;255;254;216m██[38;2;255;247;0m██[38;2;251;238;5m██[38;2;83;69;13m  [38;2;0;0;0m    [38;2;55;17;12m  [38;2;65;20;14m  
[38;2;0;0;0m  [38;2;29;24;34m  [38;2;31;21;39m  [38;2;105;85;103m  [38;2;121;99;118m  [38;2;18;14;17m  [38;2;238;175;57m██[38;2;146;103;100m██[38;2;147;121;142m██[38;2;155;69;71m██[38;2;233;85;58m██[38;2;253;81;57m██[38;2;255;109;58m██[38;2;255;181;44m██[38;2;193;168;21m██[38;2;255;245;6m██[38;2;255;236;208m██[38;2;255;199;166m██[38;2;255;150;45m██[38;2;255;225;38m██[38;2;255;235;140m██[38;2;255;237;118m██[38;2;169;133;34m██[38;2;0;0;0m  [38;2;89;28;20m  [38;2;226;72;50m██[38;2;33;10;7m  
[38;2;0;0;0m  [38;2;1;1;1m  ██[38;2;98;80;95m  [38;2;81;66;78m  [38;2;217;210;0m██[38;2;134;71;75m██[38;2;137;113;131m██[38;2;157;68;64m██[38;2;247;152;72m██[38;2;254;173;81m██[38;2;253;85;58m██[38;2;254;84;70m██[38;2;255;168;54m██[38;2;255;247;3m██[38;2;255;254;243m██[38;2;255;198;163m██[38;2;254;100;35m██[38;2;150;65;79m██[38;2;115;88;29m  [38;2;3;0;7m  [38;2;251;212;32m██[38;2;253;171;81m██[38;2;255;173;81m██[38;2;255;109;64m██[38;2;195;62;43m  [38;2;0;0;0m  
[38;2;7;6;7m  [38;2;85;71;97m██[38;2;85;62;103m██[38;2;56;42;67m██[38;2;57;45;49m  [38;2;153;140;31m██[38;2;149;92;103m  [38;2;202;153;38m██[38;2;202;150;35m████[38;2;180;103;86m██[38;2;149;93;104m██[38;2;175;104;89m██[38;2;255;174;81m██[38;2;255;232;136m██[38;2;255;247;0m██[38;2;255;220;31m██[38;2;123;91;30m██[38;2;220;75;64m██[38;2;123;40;30m  [38;2;50;34;63m  [38;2;33;22;41m  [38;2;90;62;39m  [38;2;119;61;30m██[38;2;119;44;28m██[38;2;0;0;0m    
[38;2;51;47;48m██[38;2;94;90;90m██[38;2;90;68;107m██[38;2;94;71;112m██[38;2;85;69;96m██[38;2;115;94;112m██[38;2;148;99;113m██[38;2;155;68;69m██[38;2;144;118;139m██[38;2;143;118;139m██[38;2;140;115;135m████[38;2;144;118;139m██[38;2;155;68;69m██[38;2;246;237;8m██[38;2;234;227;0m  [38;2;5;4;5m  [38;2;58;39;73m  [38;2;56;42;66m██[38;2;230;79;65m██[38;2;37;28;45m██[38;2;60;41;75m  [38;2;20;14;26m  [38;2;0;0;0m        
[38;2;22;20;21m  [38;2;98;102;102m██[38;2;35;24;44m  [38;2;40;30;48m  [38;2;109;99;76m██[38;2;197;166;59m██[38;2;206;175;78m██[38;2;150;124;135m██[38;2;180;160;92m██[38;2;103;90;101m██[38;2;87;80;84m██[38;2;82;73;91m██[38;2;100;86;98m██[38;2;144;118;139m██[38;2;65;46;46m  [38;2;70;57;68m  [38;2;121;100;118m  [38;2;60;41;76m  [38;2;39;28;47m  [38;2;95;71;113m██[38;2;95;72;113m██[38;2;9;6;11m  [38;2;20;14;26m  [38;2;0;0;0m        
[38;2;0;0;0m  [38;2;58;48;69m  [38;2;63;43;79m  [38;2;103;83;103m  [38;2;97;86;12m██[38;2;255;228;213m██[38;2;255;226;162m██[38;2;255;244;17m██[38;2;116;101;108m██[38;2;89;75;102m██[38;2;173;173;159m██[38;2;149;125;143m██[38;2;140;115;136m██[38;2;144;118;139m██[38;2;69;57;67m██[38;2;132;111;128m  [38;2;126;105;122m  [38;2;63;43;79m  [38;2;25;17;32m  [38;2;95;72;113m████[38;2;80;61;96m██[38;2;0;0;0m          
[38;2;0;0;0m  [38;2;58;48;69m  [38;2;63;43;79m  [38;2;11;7;14m  [38;2;255;252;164m██[38;2;255;250;122m██[38;2;255;255;246m██[38;2;214;213;168m██[38;2;179;170;136m██[38;2;49;47;46m██[38;2;160;160;155m██[38;2;247;243;231m██[38;2;103;90;100m██[38;2;97;86;95m██[38;2;92;81;93m██[38;2;109;109;109m  [38;2;181;168;178m  [38;2;60;41;75m  [38;2;37;26;46m  [38;2;95;72;113m████[38;2;89;67;106m██[38;2;18;14;22m  [38;2;0;0;0m        
[38;2;0;0;0m  [38;2;58;48;69m  [38;2;44;30;55m  [38;2;53;52;53m██[38;2;255;252;173m██[38;2;255;253;191m██[38;2;255;252;165m██[38;2;255;247;2m██[38;2;255;250;116m██[38;2;255;248;42m██[38;2;161;119;53m██[38;2;80;74;72m██[38;2;144;118;138m██[38;2;144;118;139m██[38;2;144;118;138m██[38;2;69;67;69m██[38;2;7;10;18m██[38;2;12;10;13m██[38;2;80;68;89m██[38;2;80;57;98m██[38;2;94;71;112m██[38;2;118;97;96m██[38;2;84;82;0m██[38;2;0;0;0m        
[38;2;0;0;0m  [38;2;58;48;69m  [38;2;31;23;38m  [38;2;77;64;88m██[38;2;176;176;172m  [38;2;255;248;36m██[38;2;255;251;150m██[38;2;255;252;163m██[38;2;255;255;247m████[38;2;255;202;38m██[38;2;214;198;53m██[38;2;144;118;139m██████[38;2;145;119;140m██[38;2;89;76;91m██[38;2;76;54;94m██[38;2;72;57;82m██[38;2;77;66;84m██[38;2;142;114;75m██[38;2;162;135;49m██[38;2;32;31;0m  [38;2;0;0;0m        
[38;2;0;0;0m  [38;2;58;48;69m  [38;2;24;19;29m██[38;2;90;69;108m██[38;2;123;119;122m██[38;2;251;248;215m██[38;2;251;251;238m██[38;2;253;247;55m██[38;2;255;254;227m██[38;2;255;255;247m██[38;2;255;227;152m██[38;2;137;114;125m██[38;2;143;118;139m██[38;2;144;118;139m████[38;2;143;118;138m██[38;2;106;92;103m██[38;2;75;55;91m██[38;2;77;54;95m██[38;2;90;88;53m██[38;2;176;155;54m██[38;2;188;188;183m  [38;2;2;1;3m  [38;2;0;0;0m        
[38;2;0;0;0m  [38;2;58;48;69m  [38;2;38;27;47m  [38;2;68;48;84m██[38;2;82;64;94m██[38;2;125;104;51m██[38;2;180;179;120m██[38;2;251;247;97m██[38;2;255;253;195m██[38;2;255;255;247m████[38;2;72;72;72m██[38;2;144;118;139m██████[38;2;143;118;139m██[38;2;144;118;139m██[38;2;75;73;63m██[38;2;192;179;33m██[38;2;255;252;160m██[38;2;150;149;113m██[38;2;44;30;55m  [38;2;20;14;26m  [38;2;0;0;0m        
[38;2;0;0;0m  [38;2;58;48;69m  [38;2;63;43;79m  [38;2;28;21;30m  [38;2;39;31;44m  [38;2;83;64;98m██[38;2;86;69;98m██[38;2;70;66;73m██[38;2;134;130;133m██[38;2;213;210;206m██[38;2;212;212;205m██[38;2;56;58;57m██[38;2;147;121;142m██[38;2;144;118;139m██[38;2;139;114;136m██[38;2;143;117;138m██[38;2;143;117;140m██[38;2;62;64;63m██[38;2;212;212;205m██[38;2;10;7;13m  [38;2;43;29;54m  [38;2;63;43;79m  [38;2;20;14;26m  [38;2;0;0;0m        
[38;2;0;0;0m  [38;2;58;48;69m  [38;2;63;43;79m  [38;2;43;33;45m  [38;2;43;34;47m  [38;2;60;44;72m██[38;2;95;72;113m████[38;2;67;53;77m██[38;2;79;65;76m  [38;2;83;68;80m  [38;2;83;70;85m  [38;2;94;77;90m██[38;2;144;118;139m██[38;2;119;95;126m██[38;2;111;87;121m██[38;2;83;67;83m██[38;2;42;31;58m  [38;2;42;29;53m  [38;2;63;43;79m      [38;2;20;14;26m  [38;2;0;0;0m        
[38;2;0;0;0m  [38;2;58;48;69m  [38;2;48;32;60m  [38;2;120;120;121m  [38;2;93;87;98m██[38;2;81;63;96m██[38;2;76;57;90m██[38;2;29;23;30m  [38;2;63;52;61m  [38;2;121;100;117m  [38;2;121;99;117m  [38;2;121;99;118m  [38;2;156;156;156m  [38;2;115;94;111m██[38;2;108;88;113m██[38;2;134;109;134m██[38;2;144;117;139m██[38;2;4;3;5m  [38;2;63;43;79m      [38;2;62;43;79m  [38;2;20;14;26m  [38;2;0;0;0m        
[38;2;0;0;0m  [38;2;58;48;69m  [38;2;62;43;79m  [38;2;82;65;83m  [38;2;52;52;52m██[38;2;81;68;79m  [38;2;86;71;84m  [38;2;118;96;114m  [38;2;121;100;118m      [38;2;121;99;118m  [38;2;167;167;167m  [38;2;67;51;80m██[38;2;104;89;108m██[38;2;130;105;131m██[38;2;144;118;139m██[38;2;4;3;5m  [38;2;63;43;79m        [38;2;20;14;26m  [38;2;0;0;0m        
[38;2;0;0;0m                        [38;2;70;63;63m██[38;2;140;120;136m██[38;2;139;123;130m██[38;2;248;243;240m██[38;2;39;27;34m  [38;2;0;0;0m                    
[38;2;0;0;0m                        [38;2;4;0;0m  [38;2;65;65;65m██[38;2;4;0;0m  [38;2;63;62;61m  [38;2;3;0;0m  [38;2;0;0;0m                    [0m
