
[38;2;0;0;0m                        [38;2;61;35;8m██[38;2;60;34;9m██[38;2;62;33;11m██[38;2;3;0;2m  [38;2;0;0;0m                                      
[38;2;0;0;0m                    [38;2;72;41;11m  [38;2;180;104;28m██[38;2;237;136;34m██[38;2;233;135;36m██[38;2;141;84;50m██[38;2;133;62;31m██[38;2;69;23;17m  [38;2;0;0;0m  [38;2;70;25;17m  [38;2;0;0;0m                                
[38;2;0;0;0m                    [38;2;190;87;45m██[38;2;232;177;46m██[38;2;208;104;38m██[38;2;120;87;55m██[38;2;156;102;49m██[38;2;143;61;51m██[38;2;162;60;47m██[38;2;126;45;32m██[38;2;61;22;15m  [38;2;0;0;0m                                
[38;2;0;0;0m                [38;2;85;88;87m  [38;2;127;42;32m  [38;2;193;101;55m██[38;2;179;66;46m██[38;2;233;135;36m████[38;2;100;92;81m██[38;2;103;109;106m██[38;2;74;64;62m██[38;2;136;141;138m                                  [38;2;35;36;35m  
[38;2;0;0;0m            [38;2;26;28;27m  [38;2;109;115;111m██[38;2;78;72;51m██[38;2;105;96;69m██[38;2;174;113;62m██[38;2;146;71;53m██[38;2;151;108;56m██[38;2;114;104;70m██[38;2;107;103;84m██[38;2;97;102;100m██[38;2;97;98;98m██[38;2;54;56;55m████[38;2;117;121;119m  [38;2;170;176;173m          [38;2;170;176;172m  [38;2;170;176;173m                [38;2;43;45;44m  
[38;2;0;0;0m              [38;2;57;59;57m██[38;2;110;117;111m██[38;2;85;82;71m██[38;2;210;179;80m██[38;2;198;170;79m██[38;2;150;133;74m██[38;2;91;84;67m██[38;2;119;118;107m██[38;2;152;157;155m██[38;2;170;176;173m████[38;2;97;100;98m██[38;2;142;147;144m  [38;2;170;176;173m        [38;2;169;176;173m    [38;2;170;176;173m      [38;2;169;176;173m  [38;2;170;176;173m        [38;2;43;45;44m  
[38;2;0;0;0m            [38;2;25;26;26m  [38;2;74;78;76m██[38;2;91;97;105m██[38;2;232;228;227m██[38;2;142;97;67m██[38;2;117;89;67m██[38;2;145;100;81m██[38;2;249;246;245m██[38;2;148;145;147m██[38;2;191;174;184m██[38;2;136;140;138m██[38;2;110;114;111m██[38;2;87;90;88m  [38;2;169;175;173m  [38;2;170;176;173m        [38;2;170;176;172m  [38;2;170;176;173m        [38;2;169;176;173m  [38;2;170;176;173m        [38;2;43;45;44m  
[38;2;0;0;0m        [38;2;151;71;0m  [38;2;0;0;0m  [38;2;50;52;51m  [38;2;146;151;149m  [38;2;38;37;31m██[38;2;101;100;108m██[38;2;138;106;98m██[38;2;167;163;151m██[38;2;169;171;167m██[38;2;109;111;125m██[38;2;61;59;69m██[38;2;174;171;173m██[38;2;169;176;173m██[38;2;93;92;58m██[38;2;60;63;58m  [38;2;170;176;173m  [38;2;169;176;173m  [38;2;170;176;173m                  [38;2;169;176;173m  [38;2;170;175;173m  [38;2;170;176;173m    [38;2;43;45;44m  
[38;2;0;0;0m            [38;2;37;38;36m  [38;2;54;55;49m  [38;2;119;119;74m██[38;2;57;56;58m██[38;2;93;88;89m  [38;2;188;185;187m██[38;2;115;118;117m██[38;2;69;74;80m██[38;2;161;143;159m  [38;2;100;99;100m  [38;2;61;61;61m██[38;2;124;121;72m██[38;2;122;125;102m██[38;2;48;49;43m  [38;2;140;145;143m  [38;2;170;176;173m                          [38;2;43;45;44m  
[38;2;0;0;0m            [38;2;37;37;32m  [38;2;89;90;77m██[38;2;73;71;63m██[38;2;59;58;58m██[38;2;106;97;102m  [38;2;232;180;210m██[38;2;107;114;109m██[38;2;200;152;179m██[38;2;27;27;27m  [38;2;248;248;248m  [38;2;84;87;85m  [38;2;118;121;110m██[38;2;137;130;63m██[38;2;155;162;165m██[38;2;79;82;80m  [38;2;169;176;173m    [38;2;170;176;173m  [38;2;169;176;173m  [38;2;170;176;173m  [38;2;169;176;173m  [38;2;170;176;173m  [38;2;169;176;173m      [38;2;170;176;173m  [38;2;169;176;173m  [38;2;170;176;173m  [38;2;43;45;44m  
[38;2;0;0;0m            [38;2;56;58;56m██[38;2;71;72;72m██[38;2;112;121;117m██[38;2;113;121;115m██[38;2;84;87;85m██[38;2;92;96;93m██[38;2;192;162;180m██[38;2;195;179;186m██[38;2;178;165;171m██[38;2;44;41;42m██[38;2;85;88;86m  [38;2;66;69;67m██[38;2;181;166;108m██[38;2;222;189;81m██[38;2;170;176;173m██[38;2;69;71;70m██[38;2;87;90;88m  [38;2;106;110;108m  [38;2;170;176;173m                    [38;2;43;45;44m  
[38;2;0;0;0m          [38;2;195;92;0m  [38;2;81;83;82m██[38;2;109;117;111m██[38;2;68;68;68m██[38;2;146;147;146m██[38;2;68;70;68m██[38;2;65;64;65m██[38;2;119;120;124m██[38;2;166;172;169m██[38;2;160;153;155m██[38;2;13;12;12m██[38;2;163;169;166m  [38;2;157;162;159m  [38;2;95;97;91m██[38;2;175;177;163m██[38;2;219;188;86m██[38;2;170;176;173m██[38;2;162;168;165m██[38;2;144;149;147m  [38;2;12;13;13m  [38;2;30;31;31m  [38;2;170;176;173m    [38;2;169;176;173m  [38;2;170;176;173m      [38;2;169;176;173m  [38;2;170;176;173m  [38;2;43;45;44m  
[38;2;0;0;0m          [38;2;118;56;5m  [38;2;218;108;17m██[38;2;99;87;88m██[38;2;111;108;98m██[38;2;74;72;68m██[38;2;142;146;144m██[38;2;170;176;173m██[38;2;151;158;155m██[38;2;126;129;128m██[38;2;117;108;112m██[38;2;110;110;110m  [38;2;170;176;173m    [38;2;85;88;86m  [38;2;170;170;152m██[38;2;200;183;120m██[38;2;170;176;173m████████[38;2;159;164;161m██[38;2;74;77;76m██[38;2;71;73;72m  [38;2;49;53;51m████[38;2;80;84;82m  [38;2;95;98;96m    [38;2;169;176;173m  [38;2;43;45;44m  
[38;2;0;0;0m          [38;2;133;61;13m  [38;2;213;100;26m██[38;2;230;107;9m██[38;2;175;121;71m██[38;2;65;65;66m██[38;2;132;63;55m██[38;2;69;69;69m████[38;2;216;128;40m██[38;2;146;87;35m██[38;2;18;14;11m  [38;2;86;89;88m  [38;2;170;176;173m  [38;2;86;80;65m  [38;2;90;84;69m██[38;2;170;176;173m██████████[38;2;169;176;173m██[38;2;170;176;173m██[38;2;169;175;172m██[38;2;131;138;135m██[38;2;113;121;117m██[38;2;110;116;113m██[38;2;109;114;111m████[38;2;7;8;7m  [38;2;1;2;2m  
[38;2;0;0;0m    [38;2;158;74;4m██[38;2;114;52;16m██[38;2;149;68;16m  [38;2;247;118;2m██[38;2;254;126;5m██[38;2;254;135;16m██[38;2;221;120;17m██[38;2;155;90;50m██[38;2;145;71;46m██[38;2;165;79;46m██[38;2;237;136;34m██[38;2;206;180;57m██[38;2;156;90;42m██[38;2;254;135;16m██[38;2;189;89;0m██[38;2;119;56;0m██[38;2;254;128;8m██[38;2;250;134;18m██[38;2;125;115;86m██[38;2;170;176;173m████  ██████[38;2;166;172;169m██[38;2;123;130;127m██[38;2;87;90;88m████[38;2;90;94;91m████[38;2;84;85;82m██[38;2;16;16;15m  
[38;2;0;0;0m    [38;2;254;121;0m██[38;2;252;121;0m██[38;2;183;103;71m██[38;2;175;86;71m██[38;2;234;154;47m██[38;2;254;196;63m██[38;2;252;151;34m██[38;2;81;71;76m██[38;2;188;154;64m██[38;2;75;71;64m██[38;2;174;60;44m██[38;2;240;196;56m██[38;2;131;115;68m██[38;2;249;150;32m██[38;2;254;151;34m██[38;2;254;152;34m████[38;2;253;153;35m██[38;2;236;175;53m██[38;2;88;71;48m██[38;2;170;174;158m██[38;2;170;176;173m████████[38;2;113;121;117m██[38;2;81;84;82m██[38;2;73;74;74m██[38;2;113;121;115m██[38;2;112;120;114m██[38;2;112;120;116m██[38;2;39;40;39m  [38;2;43;44;43m  
[38;2;0;0;0m    [38;2;163;77;0m██[38;2;254;121;0m██[38;2;189;123;71m██[38;2;255;210;58m██[38;2;192;108;71m██[38;2;173;140;66m██[38;2;159;124;61m██[38;2;165;136;141m██[38;2;111;89;73m██[38;2;160;108;48m██[38;2;155;137;65m██[38;2;236;196;213m██[38;2;170;132;75m██[38;2;254;178;50m██[38;2;254;190;60m██[38;2;254;178;51m██[38;2;254;190;55m██[38;2;209;132;71m██[38;2;182;84;64m██[38;2;208;150;75m██[38;2;90;57;27m██[38;2;85;88;86m██[38;2;119;124;121m██[38;2;139;144;141m██[38;2;113;120;116m██[38;2;109;116;113m██[38;2;104;111;106m██[38;2;108;116;110m██[38;2;89;92;89m██[38;2;88;92;89m██[38;2;88;91;89m██[38;2;63;66;64m  [38;2;21;22;22m  
[38;2;0;0;0m    [38;2;254;120;0m██[38;2;179;74;59m██[38;2;255;250;65m██[38;2;253;208;65m██[38;2;125;63;70m██[38;2;172;128;65m██[38;2;232;187;210m██[38;2;116;104;109m██[38;2;157;65;73m████[38;2;252;151;32m██[38;2;251;222;227m██[38;2;169;142;83m██[38;2;253;202;67m██[38;2;254;202;67m████[38;2;206;130;71m██[38;2;222;153;57m██[38;2;209;112;51m██[38;2;253;149;32m██[38;2;109;52;1m  [38;2;169;175;172m  [38;2;68;70;69m  [38;2;15;15;15m  [38;2;112;118;115m██[38;2;113;120;116m██[38;2;81;84;82m██[38;2;65;64;65m██[38;2;97;102;99m██[38;2;111;119;113m██[38;2;39;39;40m  [38;2;170;176;173m  [38;2;43;45;44m  
[38;2;0;0;0m  [38;2;104;47;12m  [38;2;209;103;28m██[38;2;245;160;51m██[38;2;255;233;59m██[38;2;172;87;69m██[38;2;225;175;66m██[38;2;111;80;66m██[38;2;185;95;92m██[38;2;200;115;67m██[38;2;247;182;43m██[38;2;206;109;52m██[38;2;144;106;68m██[38;2;209;122;123m██[38;2;146;89;72m██[38;2;153;116;65m██[38;2;202;128;69m██[38;2;206;128;62m██[38;2;202;116;62m██[38;2;252;166;49m██[38;2;209;112;51m██[38;2;240;114;0m██[38;2;45;47;46m  [38;2;84;81;74m  [38;2;101;75;48m  [38;2;70;73;71m  [38;2;0;0;0m  [38;2;54;56;54m██████[38;2;37;38;38m██[38;2;0;0;0m  [38;2;57;59;58m  [38;2;79;82;81m  [38;2;20;21;20m  
[38;2;0;0;0m  [38;2;196;93;0m██[38;2;188;106;69m██[38;2;254;216;65m██[38;2;255;220;55m██[38;2;181;83;66m██[38;2;252;197;55m██[38;2;170;83;72m██[38;2;254;172;42m██[38;2;254;162;35m██[38;2;241;210;62m██[38;2;172;77;71m██[38;2;254;203;68m██[38;2;92;66;65m██[38;2;82;55;68m██[38;2;142;86;62m██[38;2;204;107;53m██[38;2;254;157;42m██[38;2;237;176;57m██[38;2;170;74;72m██[38;2;255;177;49m██[38;2;254;150;33m██[38;2;115;54;9m██[38;2;179;83;14m██[38;2;101;48;0m██[38;2;0;0;0m                    
[38;2;36;17;0m  [38;2;228;109;0m██[38;2;226;105;21m██[38;2;235;158;52m██[38;2;254;232;65m  [38;2;243;208;58m██[38;2;195;108;67m██[38;2;217;150;68m██[38;2;222;147;56m██[38;2;255;246;64m██[38;2;218;159;68m██[38;2;247;190;51m██[38;2;254;202;66m██[38;2;202;124;73m██[38;2;226;169;56m██[38;2;255;205;54m██[38;2;232;161;48m██[38;2;255;249;68m██[38;2;205;117;58m██[38;2;254;202;58m██[38;2;254;187;59m██[38;2;254;151;34m██[38;2;254;127;12m██[38;2;254;119;6m██[38;2;101;48;0m██[38;2;0;0;0m                    
[38;2;65;31;0m██[38;2;254;121;0m██[38;2;254;130;9m██[38;2;181;87;63m██[38;2;187;110;70m██[38;2;253;234;62m██[38;2;204;146;69m██[38;2;163;72;70m██[38;2;236;177;59m██[38;2;255;245;76m██[38;2;242;187;61m██[38;2;175;78;70m██[38;2;163;72;72m██[38;2;249;170;52m██[38;2;255;211;137m██[38;2;255;252;239m██[38;2;253;234;155m██[38;2;254;153;32m██[38;2;203;107;53m██[38;2;254;202;65m██[38;2;254;179;52m██[38;2;254;196;66m██[38;2;254;137;15m██[38;2;232;111;0m██[38;2;0;0;0m    [38;2;12;5;0m  [38;2;0;0;0m                
[38;2;65;31;0m██[38;2;255;121;0m██[38;2;254;143;23m██[38;2;254;198;47m██[38;2;208;111;51m██[38;2;194;125;68m██[38;2;244;220;148m██[38;2;254;191;80m██[38;2;255;238;106m██[38;2;255;251;146m██[38;2;254;242;65m██[38;2;254;212;61m██[38;2;254;218;63m██[38;2;254;222;64m██[38;2;246;191;56m██[38;2;202;128;61m██[38;2;195;129;70m██[38;2;196;100;56m██[38;2;234;134;41m██[38;2;254;203;70m██[38;2;254;213;65m██[38;2;254;209;51m██[38;2;254;151;19m██[38;2;95;45;0m  [38;2;0;0;0m    [38;2;65;31;0m  [38;2;0;0;0m                
[38;2;65;31;0m██[38;2;255;120;0m██[38;2;254;175;43m██[38;2;255;235;81m██[38;2;254;191;53m██[38;2;254;194;54m██[38;2;199;121;68m██[38;2;254;245;200m██[38;2;255;254;234m██[38;2;254;246;90m██[38;2;252;194;59m██[38;2;250;191;64m██[38;2;229;136;56m██[38;2;169;80;72m██[38;2;169;78;68m██[38;2;225;158;59m██[38;2;254;157;38m████[38;2;254;180;52m██[38;2;254;209;65m██[38;2;254;227;65m██[38;2;254;150;33m██[38;2;255;118;9m██[38;2;16;7;14m  [38;2;16;7;0m  [38;2;0;0;0m                    
[38;2;24;11;0m  [38;2;218;103;0m██[38;2;254;178;43m██[38;2;255;252;216m██[38;2;254;246;147m██[38;2;254;207;63m██[38;2;246;179;52m██[38;2;254;226;70m██[38;2;254;209;60m██[38;2;254;173;42m██[38;2;247;176;60m██[38;2;236;165;63m██[38;2;245;198;61m██[38;2;255;231;64m██[38;2;254;202;64m██[38;2;254;202;63m██[38;2;254;202;69m██[38;2;254;203;69m██[38;2;254;202;67m██[38;2;254;221;66m██[38;2;254;233;64m██[38;2;254;150;33m██[38;2;254;120;3m██[38;2;216;102;5m██[38;2;216;102;0m██[38;2;0;0;0m                    
[38;2;0;0;0m  [38;2;196;93;0m██[38;2;254;175;39m██[38;2;254;252;197m██[38;2;255;253;195m██[38;2;254;211;67m██[38;2;254;202;64m██[38;2;254;202;58m██[38;2;253;175;51m██[38;2;254;203;69m██[38;2;254;206;67m  [38;2;254;247;88m██[38;2;255;244;161m██[38;2;255;250;75m██[38;2;254;203;66m██[38;2;254;203;68m██[38;2;253;203;68m██[38;2;254;203;67m██[38;2;254;206;67m██[38;2;254;202;67m██[38;2;254;172;46m██[38;2;254;146;28m██[38;2;247;117;1m██[38;2;250;119;3m██[38;2;88;41;0m  [38;2;0;0;0m                    
[38;2;0;0;0m  [38;2;68;32;0m  [38;2;254;135;13m██[38;2;254;234;68m██[38;2;254;251;110m  [38;2;254;211;67m██[38;2;253;203;68m██[38;2;254;203;68m██████[38;2;254;221;66m██[38;2;255;254;238m██[38;2;255;255;255m██[38;2;255;250;75m██[38;2;254;203;66m██[38;2;254;202;68m████[38;2;254;233;65m██[38;2;254;211;67m██[38;2;254;170;44m██[38;2;254;153;35m██[38;2;254;121;0m██[38;2;141;67;7m██[38;2;78;36;14m  [38;2;0;0;0m                      
[38;2;0;0;0m    [38;2;224;114;8m██[38;2;254;183;57m██[38;2;254;223;64m██[38;2;254;202;66m██[38;2;254;220;121m██[38;2;255;251;114m██[38;2;255;221;84m██[38;2;254;204;67m██[38;2;254;221;66m██[38;2;255;254;238m██[38;2;255;254;241m██[38;2;254;242;74m██[38;2;254;203;65m██[38;2;254;241;65m██[38;2;255;199;66m██[38;2;254;202;56m██[38;2;254;213;66m██[38;2;254;193;63m  [38;2;254;132;13m██[38;2;240;114;0m██[38;2;0;0;0m                          
[38;2;0;0;0m    [38;2;23;10;0m  [38;2;219;113;8m██[38;2;254;157;38m██[38;2;254;196;65m██[38;2;254;208;68m██[38;2;254;246;116m██[38;2;254;215;105m██[38;2;254;203;67m██[38;2;254;208;66m██[38;2;254;248;120m██[38;2;254;237;99m██[38;2;254;204;67m██[38;2;254;203;67m████[38;2;254;177;52m██[38;2;254;167;42m██[38;2;254;169;47m██[38;2;254;130;10m██[38;2;255;121;0m██[38;2;76;36;0m  [38;2;0;0;0m                          
[38;2;0;0;0m        [38;2;220;112;8m██[38;2;254;147;29m██[38;2;254;163;39m██[38;2;254;192;59m██[38;2;254;203;68m████[38;2;254;203;67m██[38;2;254;203;65m██[38;2;254;197;62m██[38;2;254;203;68m██[38;2;254;177;49m██[38;2;254;163;40m██[38;2;254;173;49m██[38;2;254;152;35m██[38;2;254;133;13m██[38;2;253;120;0m██[38;2;93;44;0m  [38;2;0;0;0m                            
[38;2;0;0;0m        [38;2;23;10;0m  [38;2;73;37;1m██[38;2;254;131;8m██[38;2;254;129;10m██[38;2;254;166;45m████[38;2;254;181;54m██[38;2;255;170;44m██[38;2;254;179;54m██[38;2;254;201;67m██[38;2;254;160;39m██[38;2;254;166;45m██[38;2;254;141;22m██[38;2;254;129;10m██[38;2;161;76;0m██[38;2;71;33;0m  [38;2;0;0;0m                              
[38;2;0;0;0m              [38;2;168;80;0m  [38;2;197;93;0m██[38;2;248;117;0m██[38;2;254;144;27m████████[38;2;254;134;14m██[38;2;198;94;0m██[38;2;197;93;0m██[38;2;0;0;0m                                    
[38;2;0;0;0m                  [38;2;58;27;0m  [38;2;65;31;0m██████████[38;2;1;0;0m  [38;2;0;0;0m                                      [0m
