
[38;2;0;0;0m                [38;2;29;34;16m  [38;2;0;0;0m                    
[38;2;0;0;0m            [38;2;41;50;0m  [38;2;163;188;90m██[38;2;20;24;11m  [38;2;0;0;0m        [38;2;19;21;14m  [38;2;67;76;51m  [38;2;0;0;0m        
[38;2;0;0;0m        [38;2;26;30;15m  [38;2;195;227;109m██[38;2;154;181;67m██[38;2;4;5;0m  [38;2;0;0;0m      [38;2;39;51;2m██[38;2;140;165;82m██[38;2;130;147;99m  [38;2;0;0;0m          
[38;2;0;0;0m        [38;2;115;142;4m██[38;2;201;234;105m██[38;2;12;14;7m  [38;2;0;0;0m      [38;2;103;120;76m  [38;2;208;243;147m██[38;2;105;122;83m██[38;2;0;0;0m            
[38;2;0;0;0m      [38;2;77;89;43m  [38;2;186;215;108m██[38;2;109;115;76m██[38;2;19;16;17m  [38;2;93;105;71m  [38;2;131;156;80m██[38;2;226;255;172m██[38;2;136;160;70m██[38;2;117;135;86m  [38;2;0;0;0m              
[38;2;0;0;0m    [38;2;61;73;36m  [38;2;89;94;74m██[38;2;77;76;75m██[38;2;69;67;60m██[38;2;213;247;141m██[38;2;219;254;157m██[38;2;224;253;170m██[38;2;111;145;3m██[38;2;2;2;1m  [38;2;0;0;0m                
[38;2;0;0;0m    [38;2;25;24;24m██[38;2;104;106;87m██[38;2;100;103;88m██[38;2;141;154;112m██[38;2;182;208;129m██[38;2;176;208;86m██[38;2;117;131;77m██[38;2;7;40;74m██[38;2;3;0;0m  [38;2;30;63;97m        [38;2;25;53;82m  [38;2;0;0;0m      
[38;2;3;4;3m  [38;2;2;3;3m  [38;2;76;74;74m██[38;2;93;89;88m██[38;2;125;139;104m██[38;2;217;244;164m██[38;2;69;74;75m██[38;2;64;82;82m██[38;2;40;104;169m██[38;2;17;81;146m██[38;2;69;131;194m██[38;2;15;21;24m  [38;2;67;130;190m      [38;2;58;112;162m  [38;2;13;15;14m  [38;2;10;12;11m  [38;2;0;0;0m  
[38;2;21;26;24m  [38;2;62;64;62m  [38;2;88;86;85m██[38;2;67;66;67m██[38;2;119;126;89m██[38;2;144;139;126m██[38;2;189;185;176m██[38;2;175;228;213m██[38;2;35;99;164m██[38;2;69;133;198m██[38;2;79;104;112m  [38;2;210;251;237m            [38;2;165;198;187m  [38;2;0;0;0m  
[38;2;40;53;49m  [38;2;97;113;109m██[38;2;113;136;129m██[38;2;181;237;220m██[38;2;189;186;160m██[38;2;213;241;237m██[38;2;146;165;144m██[38;2;31;94;155m██[38;2;70;134;199m██[38;2;58;113;169m██[38;2;125;149;141m  [38;2;210;250;237m    [38;2;210;251;237m    [38;2;205;245;231m  [38;2;179;214;202m  [38;2;141;169;159m  [38;2;0;0;0m  
[38;2;37;45;42m  [38;2;75;94;88m  [38;2;180;236;219m██[38;2;178;236;219m██[38;2;154;191;179m██[38;2;126;132;128m██[38;2;94;125;139m██[38;2;55;119;183m██[38;2;54;118;183m██[38;2;0;0;0m██[38;2;210;250;237m        [38;2;118;142;134m  [38;2;74;91;86m  [38;2;124;162;151m██[38;2;0;0;0m    
[38;2;55;66;62m  [38;2;210;250;236m  [38;2;50;57;54m  [38;2;28;94;74m  [38;2;101;119;112m██[38;2;110;181;178m██[38;2;77;146;173m██[38;2;68;132;197m██[38;2;27;91;156m██[38;2;18;15;12m██[38;2;103;122;107m  [38;2;11;13;14m  [38;2;210;250;236m  [38;2;149;178;168m  [38;2;133;169;156m██[38;2;169;230;211m██[38;2;64;83;77m██[38;2;127;152;144m  [38;2;0;0;0m  
[38;2;55;66;62m  [38;2;210;250;237m  [38;2;158;189;179m  [38;2;50;51;51m  [38;2;211;211;211m██[38;2;92;102;115m██[38;2;74;108;144m██[38;2;70;134;199m██[38;2;47;111;176m██[38;2;81;67;54m██[38;2;198;227;151m██[38;2;62;51;44m  [38;2;48;57;54m  [38;2;153;171;141m██[38;2;96;107;97m██[38;2;130;206;184m██[38;2;125;188;170m██[38;2;82;128;115m██[38;2;0;0;0m  
[38;2;55;66;62m  [38;2;210;250;237m  [38;2;101;109;106m  [38;2;220;220;220m██[38;2;233;227;227m██[38;2;255;255;255m██[38;2;175;174;175m██[38;2;68;129;191m██[38;2;54;118;183m██[38;2;115;147;0m██[38;2;151;161;115m██[38;2;76;116;153m██[38;2;179;200;141m██[38;2;66;72;79m██[38;2;69;133;197m██[38;2;77;88;85m██[38;2;121;179;163m██[38;2;0;0;0m    
[38;2;55;66;62m  [38;2;210;251;237m  [38;2;90;94;92m  [38;2;239;238;239m██[38;2;255;255;255m██[38;2;206;206;206m██[38;2;234;243;243m██[38;2;53;89;99m██[38;2;87;138;118m██[38;2;208;239;143m██[38;2;214;241;162m██[38;2;206;230;156m██[38;2;160;197;82m██[38;2;58;72;74m██[38;2;65;114;159m██[38;2;36;84;130m██[38;2;110;157;144m██[38;2;91;141;127m  [38;2;0;0;0m  
[38;2;55;66;62m  [38;2;210;251;237m  [38;2;70;70;70m██[38;2;249;249;249m██[38;2;247;245;245m██[38;2;235;229;228m██[38;2;60;78;90m██[38;2;69;132;195m██[38;2;90;139;104m██[38;2;217;247;126m██[38;2;189;204;142m██[38;2;210;245;108m██[38;2;173;201;103m██[38;2;143;165;99m██[38;2;48;102;152m██[38;2;69;122;177m██[38;2;77;107;99m██[38;2;65;78;74m  [38;2;0;0;0m  
[38;2;55;66;62m  [38;2;210;250;237m  [38;2;140;166;157m  [38;2;152;152;152m██[38;2;206;193;194m██[38;2;205;190;189m██[38;2;142;134;136m██[38;2;68;129;191m██[38;2;90;139;104m██[38;2;141;135;95m██[38;2;52;112;171m██[38;2;51;109;157m██[38;2;34;36;34m██[38;2;52;113;174m██[38;2;69;133;197m██[38;2;37;91;146m██[38;2;136;162;153m  [38;2;165;198;187m  [38;2;0;0;0m  
[38;2;55;66;62m  [38;2;210;251;237m  [38;2;178;213;201m  [38;2;100;97;95m  [38;2;181;167;167m██[38;2;133;125;125m██[38;2;95;108;122m██[38;2;50;77;111m██[38;2;70;134;199m████[38;2;67;97;128m██[38;2;128;199;179m██[38;2;121;145;137m  [38;2;92;113;110m  [38;2;34;87;140m██[38;2;50;77;106m██[38;2;84;99;94m  [38;2;165;198;187m  [38;2;0;0;0m  
[38;2;55;66;62m  [38;2;210;251;237m    [38;2;36;44;41m  [38;2;26;26;26m  [38;2;80;79;80m██[38;2;25;61;98m██[38;2;198;237;224m  [38;2;36;66;97m██[38;2;68;132;197m██[38;2;54;83;115m██[38;2;11;13;12m  [38;2;210;250;237m  [38;2;210;251;237m  [38;2;82;92;87m  [38;2;68;84;80m██[38;2;44;69;62m██[38;2;162;194;183m  [38;2;0;0;0m  
[38;2;55;66;62m  [38;2;210;250;237m    [38;2;210;251;237m  [38;2;80;91;88m  [38;2;106;144;134m██[38;2;65;89;82m██[38;2;198;237;224m  [38;2;18;48;79m██[38;2;40;104;169m██[38;2;48;60;74m██[38;2;122;146;138m  [38;2;210;250;237m  [38;2;210;250;236m  [38;2;79;92;87m  [38;2;105;141;129m██[38;2;136;211;190m██[38;2;0;0;0m    
[38;2;55;66;62m  [38;2;210;250;237m  [38;2;203;242;229m  [38;2;37;43;41m  [38;2;80;106;99m██[38;2;134;208;187m██[38;2;79;120;108m  [38;2;200;239;225m  [38;2;110;132;124m  [38;2;93;90;89m██[38;2;58;63;61m██[38;2;189;226;213m  [38;2;210;250;237m  [38;2;190;227;214m  [38;2;45;44;43m  [38;2;84;79;77m██[38;2;102;147;135m██[38;2;17;20;19m  [38;2;0;0;0m  
[38;2;55;66;62m  [38;2;210;251;237m  [38;2;186;222;210m  [38;2;49;52;51m  [38;2;30;28;27m██[38;2;45;68;62m██[38;2;166;199;188m  [38;2;210;250;237m  [38;2;110;132;124m  [38;2;149;184;173m██[38;2;181;237;220m██[38;2;11;13;12m  [38;2;209;251;237m  [38;2;210;251;237m  [38;2;163;194;183m  [38;2;135;162;153m    [38;2;165;198;187m  [38;2;0;0;0m  
[38;2;55;66;62m  [38;2;210;250;237m  [38;2;210;250;236m  [38;2;210;251;237m  [38;2;210;250;237m  [38;2;210;251;237m    [38;2;172;206;194m  [38;2;53;52;51m██[38;2;72;68;65m██[38;2;169;220;204m██[38;2;11;13;12m  [38;2;210;250;236m  [38;2;210;251;237m  [38;2;210;251;236m  [38;2;210;251;237m  [38;2;210;251;236m  [38;2;165;198;187m  [38;2;0;0;0m  
[38;2;14;17;16m  [38;2;56;67;64m            [38;2;2;3;3m  [38;2;25;24;24m██[38;2;26;28;28m██[38;2;34;41;38m██[38;2;2;3;3m  [38;2;56;67;64m          [38;2;44;53;50m  [38;2;0;0;0m  [0m
