
[38;2;4;3;7m  [38;2;15;15;30m  [38;2;0;0;0m  [38;2;12;12;24m  [38;2;15;15;30m                [38;2;7;7;15m  [38;2;16;16;30m████[38;2;15;15;28m  [38;2;9;8;17m  [38;2;15;15;30m              [38;2;4;3;7m  
[38;2;14;14;28m  [38;2;57;56;110m  [38;2;14;14;27m██[38;2;17;17;33m  [38;2;56;56;110m    [38;2;117;83;138m  [38;2;215;129;185m      [38;2;10;10;19m    [38;2;29;28;39m  [38;2;204;131;180m████[38;2;56;55;106m██[38;2;125;75;107m  [38;2;215;129;185m    [38;2;56;56;110m      [38;2;57;56;110m  [38;2;56;56;110m  [38;2;14;14;28m  
[38;2;0;0;0m████[38;2;31;31;61m  [38;2;21;21;41m██[38;2;43;42;83m  [38;2;56;56;110m  [38;2;130;90;144m  [38;2;251;146;202m  [38;2;110;65;88m  [38;2;21;30;38m██[38;2;86;92;127m██[38;2;101;65;118m██[38;2;215;132;176m██[38;2;236;147;194m██[38;2;224;133;181m██[38;2;205;117;165m██[38;2;24;25;41m██[38;2;251;146;202m    [38;2;56;56;109m      [38;2;17;16;32m  [38;2;12;12;24m  [38;2;14;14;28m  
[38;2;13;13;26m  [38;2;51;50;100m  [38;2;17;17;33m██[38;2;60;58;113m██[38;2;37;37;71m  [38;2;49;48;95m  [38;2;130;90;144m  [38;2;45;26;36m  [38;2;142;102;123m██[38;2;66;88;111m██[38;2;208;216;198m██[38;2;172;76;127m██[38;2;236;147;195m██[38;2;234;145;192m██[38;2;176;77;130m██[38;2;176;83;132m██[38;2;109;116;98m██[38;2;45;26;36m  [38;2;251;146;202m  [38;2;56;56;110m  [38;2;22;22;43m  [38;2;14;14;27m  [38;2;17;16;32m  [38;2;12;12;24m  [38;2;14;14;28m  
[38;2;7;6;13m  [38;2;5;5;11m██[38;2;60;59;113m  ██[38;2;39;38;74m██[38;2;49;48;94m  [38;2;35;34;68m  [38;2;54;53;101m██[38;2;215;123;172m██[38;2;175;77;130m██[38;2;189;164;169m██[38;2;175;143;153m██[38;2;120;129;114m██[38;2;172;74;126m██[38;2;201;182;180m██[38;2;211;219;199m████[38;2;56;55;106m██[38;2;95;59;87m  [38;2;56;56;109m  [38;2;19;19;37m  [38;2;54;53;101m██[38;2;31;30;58m██[38;2;27;26;52m  [38;2;8;7;15m  
[38;2;0;0;0m██[38;2;44;43;85m  [38;2;17;17;33m██[38;2;60;59;113m██[38;2;19;19;37m  [38;2;56;56;110m  [38;2;22;22;42m██[38;2;196;203;190m██[38;2;198;106;155m██[38;2;236;147;194m██[38;2;103;106;97m██[38;2;222;229;209m██[38;2;211;219;199m██[38;2;77;76;68m██[38;2;218;225;205m██[38;2;211;219;199m██[38;2;188;134;156m██[38;2;160;98;136m██[38;2;20;20;41m██[38;2;56;56;110m    [38;2;10;10;20m██[38;2;17;17;33m██[38;2;44;43;85m  [38;2;0;0;0m██
[38;2;14;14;28m  [38;2;56;56;109m  [38;2;31;30;59m  [38;2;27;27;52m  [38;2;30;29;57m  [38;2;52;51;101m  [38;2;32;27;39m██[38;2;199;204;189m██[38;2;147;93;122m██[38;2;143;90;70m██[38;2;111;104;94m██[38;2;150;157;137m██[38;2;149;156;136m██[38;2;74;72;67m██[38;2;197;148;167m██[38;2;191;139;160m██[38;2;207;113;163m██[38;2;238;144;194m  [38;2;127;91;143m██[38;2;31;31;60m  [38;2;46;45;89m  [38;2;30;29;58m  [38;2;50;49;94m██[38;2;31;31;59m██[38;2;7;6;13m  
[38;2;14;14;28m  [38;2;56;56;110m    [38;2;52;51;101m  [38;2;3;3;6m██[38;2;49;48;94m  [38;2;38;30;35m██[38;2;109;83;97m██[38;2;169;162;156m██[38;2;188;104;67m██[38;2;41;43;41m██[38;2;144;150;131m██[38;2;133;135;126m██[38;2;87;75;67m██[38;2;158;110;129m██[38;2;234;146;193m██[38;2;236;147;194m██[38;2;224;134;182m██[38;2;196;160;169m██[38;2;51;50;97m██[38;2;37;36;72m  [38;2;9;9;18m██[38;2;19;19;37m  [38;2;16;16;31m  [38;2;14;14;28m  
[38;2;14;14;28m  [38;2;56;56;109m    [38;2;10;10;19m  [38;2;26;26;50m  [38;2;54;53;104m  [38;2;31;30;53m  [38;2;84;70;88m██[38;2;175;153;157m██[38;2;81;79;72m██[38;2;103;82;66m██[38;2;81;79;68m██[38;2;169;105;74m██[38;2;100;56;33m██[38;2;187;104;70m██[38;2;236;128;185m██[38;2;194;102;151m██[38;2;198;171;175m██[38;2;188;129;154m██[38;2;51;50;97m██[38;2;37;36;72m  [38;2;0;0;0m██[38;2;39;39;77m  [38;2;56;56;109m  [38;2;14;14;28m  
[38;2;14;14;28m  [38;2;57;56;110m  [38;2;56;55;110m  [38;2;18;18;36m  [38;2;36;35;68m██[38;2;1;1;2m██[38;2;52;44;82m  [38;2;48;46;86m  [38;2;197;118;166m██[38;2;109;83;97m██[38;2;165;165;162m██[38;2;113;109;100m██[38;2;149;118;99m██[38;2;219;124;78m██[38;2;111;93;98m██[38;2;148;119;131m██[38;2;211;219;199m██[38;2;204;178;180m██[38;2;216;122;172m██[38;2;51;50;97m██[38;2;37;36;72m  [38;2;17;17;33m  [38;2;22;21;42m██[38;2;48;48;94m  [38;2;14;14;28m  
[38;2;14;14;28m  [38;2;56;56;110m      [38;2;32;32;63m  [38;2;2;2;4m██[38;2;35;24;39m  [38;2;46;42;79m  [38;2;93;93;113m██[38;2;171;110;143m██[38;2;139;112;129m██[38;2;248;253;253m██[38;2;171;164;166m██[38;2;185;188;173m██[38;2;199;205;187m██[38;2;210;212;195m██[38;2;182;115;147m██[38;2;224;128;178m██[38;2;144;106;150m██[38;2;51;50;97m██[38;2;37;36;72m  [38;2;54;53;104m  [38;2;23;23;45m  [38;2;12;12;24m  [38;2;14;14;28m  
[38;2;14;14;28m  [38;2;56;56;110m          [38;2;130;90;144m  [38;2;86;50;69m  [38;2;104;113;116m██[38;2;182;138;157m██[38;2;123;76;102m██[38;2;218;137;180m██[38;2;141;130;136m██[38;2;188;93;144m██[38;2;190;92;144m██[38;2;194;94;148m  [38;2;234;147;194m██[38;2;228;148;190m██[38;2;103;75;114m██[38;2;21;20;41m  [38;2;56;56;110m  [38;2;33;33;65m  [38;2;0;0;0m██[38;2;24;24;47m  [38;2;14;14;28m  
[38;2;14;14;28m  [38;2;56;56;110m  [38;2;43;42;83m  [38;2;10;10;20m  [38;2;56;56;110m    [38;2;130;90;144m  [38;2;251;146;202m  [38;2;25;24;47m██[38;2;132;95;115m██[38;2;118;107;104m██[38;2;197;79;142m██[38;2;119;98;101m██[38;2;183;89;140m██[38;2;216;117;170m██[38;2;98;78;89m██[38;2;97;79;89m██[38;2;114;81;99m██[38;2;136;79;108m  [38;2;56;56;110m    [38;2;8;8;16m  [38;2;46;45;89m  [38;2;56;56;110m  [38;2;14;14;28m  
[38;2;9;9;18m  [38;2;36;35;70m  [38;2;46;45;89m  [38;2;3;3;7m  [38;2;43;42;83m  [38;2;39;38;75m  [38;2;117;77;120m  [38;2;251;146;202m  [38;2;25;24;47m██[38;2;155;162;146m██[38;2;145;123;123m██[38;2;239;148;197m██[38;2;137;98;122m██[38;2;158;163;150m██[38;2;122;128;124m██[38;2;121;128;108m██[38;2;110;117;105m██[38;2;43;39;72m  [38;2;91;53;73m  [38;2;5;4;9m  [38;2;12;12;23m  [38;2;27;26;52m  [38;2;56;56;109m  [38;2;56;56;110m  [38;2;14;14;28m  
[38;2;0;0;0m  [38;2;42;41;80m██[38;2;5;5;9m  [38;2;45;44;86m  [38;2;37;37;71m  [38;2;47;46;89m  [38;2;8;5;6m  [38;2;192;188;177m  [38;2;25;24;47m██[38;2;191;197;182m██[38;2;137;144;124m██[38;2;214;212;198m██[38;2;147;147;132m██[38;2;198;205;186m██[38;2;172;179;159m██[38;2;79;86;66m██[38;2;103;103;85m██[38;2;21;20;19m  [38;2;211;207;194m  [38;2;51;50;100m    [38;2;56;55;110m  [38;2;56;56;110m  [38;2;56;55;110m  [38;2;14;14;28m  
[38;2;14;14;28m  [38;2;32;32;63m  [38;2;27;27;53m  [38;2;55;54;103m██[38;2;50;49;95m██[38;2;26;26;51m  [38;2;35;34;72m  [38;2;22;25;18m██[38;2;92;94;115m██[38;2;148;155;138m██[38;2;173;180;160m██[38;2;150;157;137m██[38;2;136;143;123m██[38;2;183;190;170m██[38;2;110;117;97m██[38;2;144;151;133m  [38;2;26;27;38m██[38;2;207;213;194m  [38;2;207;214;194m  [38;2;57;56;110m  [38;2;56;56;110m        [38;2;14;14;28m  
[38;2;14;14;28m  [38;2;12;12;24m  [38;2;17;17;33m██[38;2;10;10;20m██[38;2;19;19;37m  [38;2;56;56;110m  [38;2;20;23;15m██[38;2;190;197;177m██[38;2;157;164;144m██[38;2;211;218;198m██[38;2;216;223;203m██[38;2;77;84;64m██[38;2;211;219;199m██[38;2;148;155;135m██[38;2;115;122;102m██[38;2;53;61;77m██[38;2;120;124;112m  [38;2;207;214;194m    [38;2;56;56;110m          [38;2;14;14;28m  
[38;2;14;14;28m  [38;2;36;36;70m  [38;2;31;30;59m  [38;2;52;51;100m  [38;2;56;55;110m  [38;2;56;56;110m  [38;2;22;22;42m██[38;2;122;124;148m██[38;2;132;139;119m██[38;2;220;227;207m██[38;2;147;154;134m██[38;2;219;226;206m██[38;2;199;206;186m██[38;2;148;155;135m██[38;2;115;122;102m██[38;2;56;55;106m██[38;2;54;56;51m  [38;2;105;108;98m  [38;2;207;214;194m  [38;2;25;25;50m    [38;2;26;26;50m██[38;2;0;0;0m██[38;2;56;55;110m  [38;2;14;14;28m  
[38;2;14;14;28m  [38;2;56;56;110m    [38;2;56;55;110m    [38;2;56;56;110m  [38;2;42;42;74m  [38;2;18;19;17m  [38;2;54;53;102m██[38;2;182;188;175m██[38;2;144;151;132m██[38;2;211;219;199m██[38;2;179;186;166m██[38;2;76;83;63m██[38;2;101;104;124m██[38;2;12;12;11m  [38;2;86;89;81m  [38;2;23;24;26m  [38;2;71;73;67m  [38;2;59;59;113m████[38;2;13;13;26m  [38;2;55;54;107m  [38;2;56;55;110m  [38;2;14;14;28m  
[38;2;14;14;28m  [38;2;56;56;109m    [38;2;56;56;110m  [38;2;56;56;109m    [38;2;114;116;141m  [38;2;207;213;194m  [38;2;131;136;123m  [38;2;27;28;32m  [38;2;64;65;80m██[38;2;115;117;144m██[38;2;98;102;106m██[38;2;122;129;109m██[38;2;75;75;117m██[38;2;12;12;11m  [38;2;163;168;153m  [38;2;19;19;36m██[38;2;81;84;76m  [38;2;27;26;51m██[38;2;60;59;113m██[38;2;24;24;46m██[38;2;25;25;49m  [38;2;56;56;109m  [38;2;14;14;28m  
[38;2;14;14;28m  [38;2;56;56;110m  [38;2;57;56;110m  [38;2;56;55;110m  [38;2;56;56;110m            [38;2;35;34;68m  [38;2;10;10;19m  [38;2;29;29;56m  [38;2;49;48;92m██[38;2;28;27;53m  [38;2;56;55;110m  [38;2;56;56;110m      [38;2;41;40;80m  [38;2;3;3;6m██[38;2;48;47;93m  [38;2;10;10;19m  [38;2;56;55;110m  [38;2;14;14;28m  
[38;2;4;3;7m  [38;2;15;15;30m                      [38;2;7;7;15m  [38;2;0;0;0m  [38;2;8;8;16m  [38;2;15;15;30m        [38;2;2;2;4m██[38;2;5;5;10m  [38;2;15;15;30m      [38;2;4;3;7m  [0m
