
[38;2;0;0;0m                        [38;2;58;58;58m  [38;2;69;69;69m██[38;2;1;1;1m  [38;2;0;0;0m          
[38;2;0;0;0m                      [38;2;21;21;21m  [38;2;106;106;106m██[38;2;207;208;207m██[38;2;162;163;162m██[38;2;0;0;0m          
[38;2;0;0;0m    [38;2;92;92;92m    [38;2;48;48;48m  [38;2;1;1;2m  [38;2;47;70;92m██[38;2;41;61;81m  [38;2;0;0;0m  [38;2;11;14;16m  [38;2;73;81;88m██[38;2;147;156;168m██[38;2;159;167;180m██[38;2;91;106;115m██[38;2;147;148;148m██[38;2;174;174;174m██[38;2;21;22;21m  [38;2;0;0;0m      
[38;2;0;0;0m    [38;2;255;255;255m    [38;2;69;95;122m  [38;2;120;176;232m██[38;2;131;194;255m██[38;2;130;191;252m██[38;2;120;176;231m██[38;2;109;153;197m██[38;2;31;33;35m██[38;2;233;233;233m  [38;2;52;55;52m  [38;2;71;74;77m██[38;2;85;136;182m██[38;2;81;105;128m██[38;2;214;115;184m██[38;2;209;110;179m██[38;2;0;0;0m    
[38;2;0;0;0m    [38;2;139;139;140m  [38;2;65;91;117m  [38;2;117;165;213m██[38;2;97;137;163m██[38;2;87;113;139m██[38;2;97;136;163m██[38;2;95;123;151m██[38;2;108;148;188m██[38;2;131;194;255m██[38;2;64;93;120m██[38;2;75;101;125m██[38;2;89;145;197m██[38;2;79;123;161m██[38;2;88;114;132m██[38;2;73;65;67m██[38;2;197;99;131m██[38;2;0;0;0m    
[38;2;0;0;0m  [38;2;210;202;135m██[38;2;184;183;121m██[38;2;127;185;239m██[38;2;96;125;155m██[38;2;68;98;121m██[38;2;138;196;255m██[38;2;76;108;133m██[38;2;102;160;215m██[38;2;70;81;91m██[38;2;89;143;193m██[38;2;89;145;197m████[38;2;60;99;129m██[38;2;87;145;199m██[38;2;75;103;129m██[38;2;133;173;194m██[38;2;136;79;85m██[38;2;189;99;162m██[38;2;0;0;0m  
[38;2;38;36;24m  [38;2;214;201;124m██[38;2;199;191;119m██[38;2;111;132;148m██[38;2;110;169;226m██[38;2;131;193;254m██[38;2;110;169;225m██[38;2;106;164;220m██[38;2;80;115;148m██[38;2;141;126;78m██[38;2;130;128;82m██[38;2;75;102;127m  [38;2;88;140;188m██[38;2;81;134;181m██[38;2;71;122;166m██[38;2;12;22;27m  [38;2;68;84;96m██[38;2;125;107;129m██[38;2;189;99;162m██[38;2;0;0;0m  
[38;2;51;44;22m  [38;2;86;81;61m██[38;2;245;232;137m██[38;2;95;89;73m██[38;2;71;104;132m██[38;2;87;138;185m██[38;2;86;140;188m██[38;2;75;74;67m██[38;2;163;144;82m██[38;2;202;181;95m██[38;2;110;103;72m██[38;2;206;200;125m██[38;2;94;100;80m██[38;2;84;141;193m██[38;2;80;133;182m██[38;2;5;8;10m  [38;2;13;13;8m  [38;2;115;118;80m██[38;2;16;13;2m  [38;2;0;0;0m  
[38;2;0;0;0m  [38;2;19;19;17m  [38;2;123;129;107m██[38;2;223;238;226m██[38;2;132;170;177m██[38;2;147;169;153m██[38;2;148;171;154m██[38;2;109;125;81m██[38;2;223;208;125m██[38;2;208;197;122m██[38;2;255;244;155m██[38;2;177;172;119m██[38;2;59;60;44m██[38;2;54;82;106m  [38;2;84;121;152m  [38;2;63;90;113m  [38;2;12;10;2m  [38;2;194;172;55m██[38;2;183;153;26m██[38;2;0;0;0m  
[38;2;0;0;0m    [38;2;70;85;74m██[38;2;124;184;233m██[38;2;135;183;198m██[38;2;196;230;205m██[38;2;132;173;209m██[38;2;182;215;190m██[38;2;177;174;121m██[38;2;185;179;121m██[38;2;151;137;81m██[38;2;155;150;105m  [38;2;228;228;228m  [38;2;155;202;241m  [38;2;252;253;254m  [38;2;121;121;121m  [38;2;58;50;10m██[38;2;233;197;37m██[38;2;221;192;65m██[38;2;60;50;9m██
[38;2;0;0;0m    [38;2;33;45;38m██[38;2;154;197;191m██[38;2;187;224;207m██[38;2;195;230;206m██[38;2;109;165;207m██[38;2;189;229;197m██[38;2;107;117;110m██[38;2;83;123;160m██[38;2;32;41;49m██[38;2;208;208;208m  [38;2;255;255;255m      [38;2;121;121;121m  [38;2;236;200;40m██[38;2;237;217;133m██[38;2;216;216;192m██[38;2;58;55;39m██
[38;2;0;0;0m  [38;2;0;0;6m  [38;2;71;100;113m██[38;2;72;89;105m██[38;2;109;141;135m██[38;2;77;98;118m██[38;2;169;191;176m██[38;2;65;86;105m██[38;2;93;135;172m██[38;2;61;104;143m██[38;2;103;148;185m  [38;2;255;255;255m        [38;2;121;121;129m  [38;2;203;179;48m██[38;2;227;189;33m██[38;2;215;213;136m██[38;2;36;34;21m  
[38;2;0;0;0m  [38;2;0;0;1m  [38;2;78;115;144m██[38;2;65;76;74m██[38;2;50;82;111m██[38;2;90;152;209m██[38;2;83;132;177m██[38;2;82;136;185m██[38;2;112;156;200m██[38;2;32;48;61m  [38;2;204;223;239m  [38;2;255;255;255m        [38;2;76;71;76m  [38;2;92;71;50m██[38;2;224;188;33m██[38;2;198;159;75m██[38;2;0;0;5m  
[38;2;0;0;0m    [38;2;69;114;154m██[38;2;41;60;91m██[38;2;67;96;121m  [38;2;48;71;86m  [38;2;54;74;89m██[38;2;93;123;148m██[38;2;99;146;192m██[38;2;77;102;122m  [38;2;237;245;252m  [38;2;255;255;255m      [38;2;6;9;9m  [38;2;136;77;76m██[38;2;155;165;180m██[38;2;91;69;72m██[38;2;132;82;64m██[38;2;54;32;19m██
[38;2;0;0;0m    [38;2;32;55;75m██[38;2;73;103;127m██[38;2;36;38;41m  [38;2;14;21;26m  [38;2;123;179;235m██[38;2;131;194;255m██[38;2;42;63;82m██[38;2;160;205;242m  [38;2;255;255;255m        [38;2;6;14;14m  [38;2;143;136;143m██[38;2;80;75;77m██[38;2;176;88;96m██[38;2;241;96;83m██[38;2;67;26;22m██
[38;2;0;0;0m    [38;2;127;109;107m  [38;2;81;49;46m██[38;2;216;93;89m██[38;2;214;94;85m██[38;2;86;108;121m██[38;2;63;92;124m  [38;2;48;70;87m  [38;2;139;139;139m            [38;2;125;134;143m██[38;2;121;116;118m██[38;2;215;91;79m██[38;2;148;73;80m██[38;2;0;0;0m  
[38;2;0;0;0m    [38;2;221;93;88m██[38;2;179;89;97m██[38;2;188;146;149m██[38;2;124;45;42m██[38;2;212;102;93m██[38;2;56;56;56m██[38;2;0;0;0m      [38;2;60;31;39m██[38;2;186;97;123m██[38;2;0;0;0m██[38;2;184;228;248m██[38;2;102;120;124m██[38;2;191;192;191m██[38;2;114;115;114m██[38;2;0;0;0m    
[38;2;0;0;0m    [38;2;125;57;50m██[38;2;238;95;81m██[38;2;211;187;189m██[38;2;249;161;154m██[38;2;173;89;81m██[38;2;84;79;60m██[38;2;153;128;22m██[38;2;116;103;24m██[38;2;106;66;81m██[38;2;157;103;94m██[38;2;120;79;91m██[38;2;128;127;143m██[38;2;102;116;122m██[38;2;212;213;213m██[38;2;129;129;129m██[38;2;33;33;33m  [38;2;0;0;0m    
[38;2;0;0;0m    [38;2;83;33;27m  [38;2;244;96;81m██[38;2;228;92;78m██[38;2;253;237;235m██[38;2;236;95;81m██[38;2;96;90;65m██[38;2;243;230;175m██[38;2;207;185;44m██[38;2;255;210;66m██[38;2;92;93;112m██[38;2;132;171;192m██[38;2;108;89;102m██[38;2;61;59;61m██[38;2;231;229;231m██[38;2;0;0;0m        
[38;2;0;0;0m      [38;2;82;32;27m  [38;2;46;18;15m  [38;2;90;47;40m██[38;2;151;110;69m██[38;2;215;192;92m██[38;2;240;223;154m██[38;2;211;188;44m██[38;2;139;113;68m██[38;2;134;97;82m██[38;2;142;85;100m██[38;2;158;82;114m██[38;2;1;0;1m  [38;2;0;0;0m          
[38;2;0;0;0m            [38;2;104;87;15m  [38;2;171;144;30m██[38;2;204;179;53m██[38;2;244;212;46m██[38;2;46;40;9m  [38;2;188;99;161m████[38;2;0;0;0m              
[38;2;0;0;0m              [38;2;8;7;1m  [38;2;69;60;13m██[38;2;53;46;10m  [38;2;0;0;0m                    [0m
