
[38;2;0;0;0m                            [38;2;17;15;9m  [38;2;68;62;36m██[38;2;68;57;17m██[38;2;17;14;5m  [38;2;0;0;1m  [38;2;0;0;0m                  
[38;2;0;0;0m                          [38;2;153;141;84m  [38;2;216;200;118m██[38;2;255;224;94m██[38;2;255;216;65m██[38;2;114;100;46m██[38;2;204;183;93m██[38;2;204;173;52m██[38;2;153;130;39m  [38;2;0;0;0m              
[38;2;0;0;0m                        [38;2;38;38;17m██[38;2;181;180;80m██[38;2;251;223;79m██[38;2;204;174;54m██[38;2;116;98;63m██[38;2;225;206;121m██[38;2;255;232;125m██[38;2;255;218;71m██[38;2;255;215;65m██[38;2;213;180;54m██[38;2;0;6;4m  [38;2;0;0;0m          
[38;2;0;0;0m                    [38;2;0;3;2m  [38;2;0;13;10m  [38;2;51;72;57m██[38;2;67;120;81m██[38;2;211;194;54m██[38;2;70;82;67m██[38;2;111;141;75m██[38;2;245;221;120m██[38;2;255;234;130m██[38;2;255;229;96m██[38;2;91;85;65m██[38;2;59;88;54m██[38;2;27;61;37m  [38;2;0;0;0m          
[38;2;0;0;0m                  [38;2;0;4;3m  [38;2;87;75;28m██[38;2;86;94;46m██[38;2;53;99;67m██[38;2;176;155;41m██[38;2;148;151;58m██[38;2;77;96;62m██[38;2;109;149;73m██[38;2;113;121;68m██[38;2;65;90;72m██[38;2;64;90;71m██[38;2;55;105;69m██[38;2;52;80;60m██[38;2;38;75;46m██[38;2;6;18;11m  [38;2;0;0;0m        
[38;2;0;0;0m                  [38;2;0;12;8m  [38;2;83;84;40m██[38;2;192;193;116m██[38;2;55;73;62m██[38;2;71;122;74m██[38;2;66;123;76m██[38;2;55;105;63m██[38;2;200;192;69m██[38;2;177;159;32m██[38;2;175;157;33m██[38;2;48;103;62m██[38;2;42;93;56m██[38;2;60;72;63m██[38;2;64;65;59m██[38;2;162;131;37m██[38;2;156;119;9m  [38;2;0;0;0m      
[38;2;0;0;0m                    [38;2;60;75;44m██[38;2;218;191;102m██[38;2;204;190;67m██[38;2;52;109;67m██[38;2;51;109;66m██[38;2;60;123;75m██[38;2;49;105;64m██[38;2;58;97;70m██[38;2;61;102;72m██[38;2;60;123;75m██[38;2;78;93;70m██[38;2;228;200;73m██[38;2;179;146;27m██[38;2;44;89;57m██[38;2;105;90;34m██[38;2;0;4;3m  [38;2;0;0;0m    
[38;2;0;0;0m                    [38;2;13;21;17m██[38;2;55;84;68m██[38;2;63;128;79m██[38;2;69;120;84m██[38;2;206;191;49m██[38;2;60;129;77m██[38;2;55;75;60m██[38;2;205;195;114m██[38;2;207;174;48m██[38;2;65;65;65m██[38;2;98;117;59m██[38;2;255;217;65m██[38;2;51;79;59m██[38;2;59;72;63m██[38;2;0;0;0m        
[38;2;0;0;0m                    [38;2;137;106;15m██[38;2;152;119;41m██[38;2;119;128;62m██[38;2;204;174;37m██[38;2;241;208;86m██[38;2;187;185;65m██[38;2;143;129;58m██[38;2;146;147;62m██[38;2;120;130;40m██[38;2;53;89;64m██[38;2;115;114;45m██[38;2;122;112;40m██[38;2;54;79;63m██[38;2;54;78;61m██[38;2;26;29;20m  [38;2;0;5;3m  [38;2;0;0;0m    
[38;2;0;0;0m                  [38;2;0;2;1m  [38;2;223;173;30m██[38;2;181;153;61m██[38;2;130;118;61m██[38;2;244;227;125m██[38;2;206;188;56m██[38;2;167;155;63m██[38;2;251;215;58m██[38;2;220;175;28m██[38;2;216;166;18m██[38;2;111;113;60m██[38;2;244;201;44m██[38;2;211;164;19m██[38;2;96;105;53m██[38;2;223;170;14m██[38;2;165;137;40m██[38;2;19;22;15m██[38;2;4;8;5m██[38;2;1;2;1m  
[38;2;0;0;0m                [38;2;84;93;90m  [38;2;29;39;26m  [38;2;152;119;42m██[38;2;77;70;35m██[38;2;81;119;69m██[38;2;74;131;69m██[38;2;163;172;65m██[38;2;177;161;56m██[38;2;235;217;81m██[38;2;68;99;50m██[38;2;203;161;87m██[38;2;160;168;99m██[38;2;246;205;53m██[38;2;87;112;46m██[38;2;63;96;53m██[38;2;199;154;21m██[38;2;63;130;83m████[38;2;63;129;82m██[38;2;16;31;20m██
[38;2;0;0;0m                [38;2;169;175;172m██[38;2;146;148;146m██[38;2;73;78;74m██[38;2;83;99;65m██[38;2;254;208;23m██[38;2;111;150;73m██[38;2;111;151;76m██[38;2;114;127;53m██[38;2;198;163;41m██[38;2;229;196;62m██[38;2;192;180;68m██[38;2;192;185;59m██[38;2;236;200;54m██[38;2;77;107;53m██[38;2;42;92;56m██[38;2;60;71;63m██[38;2;63;130;82m██[38;2;63;128;80m██[38;2;45;92;56m██[38;2;0;0;0m  
[38;2;0;0;0m                [38;2;13;13;11m  [38;2;118;124;118m██[38;2;87;101;90m██[38;2;110;140;74m██[38;2;157;176;86m██[38;2;111;151;76m██[38;2;79;126;78m██[38;2;116;101;60m██[38;2;123;140;130m██[38;2;145;160;155m██[38;2;120;115;106m██[38;2;75;121;77m██[38;2;230;195;46m██[38;2;71;105;53m██[38;2;42;93;56m██[38;2;47;86;58m██[38;2;61;96;71m██[38;2;62;127;80m██[38;2;10;23;13m  [38;2;0;0;0m  
[38;2;0;0;0m                  [38;2;0;7;5m  [38;2;130;123;80m██[38;2;244;219;101m██[38;2;100;146;76m██[38;2;101;147;79m██[38;2;100;99;100m██[38;2;242;242;242m██[38;2;96;100;99m██[38;2;168;185;180m██[38;2;129;128;128m██[38;2;63;113;78m██[38;2;104;131;71m██[38;2;85;112;51m██[38;2;42;92;55m████[38;2;55;88;64m██[38;2;14;17;15m██[38;2;0;0;0m    
[38;2;0;0;0m                  [38;2;63;68;49m  [38;2;138;139;83m██[38;2;219;206;108m██[38;2;63;130;83m████[38;2;100;103;102m██[38;2;202;219;212m██[38;2;118;126;124m██[38;2;119;121;120m██[38;2;127;128;127m██[38;2;63;113;78m██[38;2;63;122;68m██[38;2;55;102;56m██[38;2;42;93;56m██████[38;2;10;23;14m██[38;2;0;0;0m    
[38;2;0;0;0m                [38;2;106;91;32m██[38;2;242;219;116m██[38;2;206;205;107m██[38;2;167;177;70m██[38;2;63;130;83m██[38;2;50;102;65m██[38;2;183;143;26m██[38;2;132;143;140m██[38;2;147;160;156m██[38;2;118;134;122m██[38;2;65;93;73m██[38;2;63;130;83m██[38;2;57;119;73m██[38;2;42;93;56m██[38;2;51;109;67m██[38;2;64;94;73m██[38;2;59;82;66m██[38;2;54;82;63m██[38;2;0;0;0m    
[38;2;0;0;0m              [38;2;39;76;49m  [38;2;101;150;84m██[38;2;196;174;51m██[38;2;206;195;69m██[38;2;62;129;81m██[38;2;63;128;79m██[38;2;47;101;62m██[38;2;89;80;58m██[38;2;69;125;112m██[38;2;63;136;115m██[38;2;63;117;78m██[38;2;68;127;85m██[38;2;63;130;83m██[38;2;57;119;73m██[38;2;54;75;60m██[38;2;55;128;76m██[38;2;177;182;71m██[38;2;180;152;27m██[38;2;146;129;60m██[38;2;29;16;0m  [38;2;0;0;0m  
[38;2;0;0;0m            [38;2;32;63;40m██[38;2;64;127;80m██[38;2;63;130;83m██[38;2;141;149;48m██[38;2;207;195;70m██[38;2;63;130;83m██[38;2;57;119;73m██[38;2;48;85;58m██[38;2;68;115;105m██[38;2;64;180;153m██[38;2;54;178;131m██[38;2;64;129;83m██[38;2;63;130;83m████[38;2;57;119;73m██[38;2;49;94;61m██[38;2;69;79;64m██[38;2;190;178;78m██[38;2;171;200;182m██[38;2;204;196;156m██[38;2;112;104;72m██[38;2;0;0;0m  
[38;2;0;0;0m        [38;2;14;27;17m  [38;2;57;110;71m██[38;2;64;127;80m██[38;2;187;210;192m██[38;2;63;130;83m██[38;2;61;129;78m██[38;2;80;138;77m██[38;2;63;130;82m██[38;2;44;96;58m██[38;2;60;72;63m██[38;2;65;178;152m██[38;2;45;221;181m██[38;2;59;150;104m████[38;2;63;130;83m██[38;2;63;130;82m██[38;2;57;119;73m██[38;2;42;93;56m██[38;2;66;95;54m██[38;2;210;209;184m██[38;2;160;168;163m██[38;2;193;204;199m██[38;2;19;18;14m  [38;2;0;0;0m  
[38;2;0;0;0m      [38;2;19;38;24m  [38;2;63;130;82m██[38;2;119;164;133m██[38;2;205;219;211m██[38;2;83;126;92m██[38;2;63;130;82m██[38;2;63;130;83m██[38;2;63;129;82m██[38;2;56;117;72m██[38;2;47;85;58m██[38;2;70;140;125m██[38;2;67;174;151m██[38;2;47;217;179m██[38;2;65;177;144m██[38;2;65;133;89m██[38;2;63;130;82m██[38;2;63;130;83m██[38;2;63;130;82m██[38;2;47;102;62m██[38;2;42;93;56m██[38;2;59;72;63m██[38;2;165;162;165m██[38;2;65;93;73m██[38;2;87;88;29m██[38;2;0;0;0m  
[38;2;0;0;0m    [38;2;119;118;119m██[38;2;62;112;77m██[38;2;83;136;99m██[38;2;175;198;187m██[38;2;60;109;75m██[38;2;62;128;81m██[38;2;63;130;83m████[38;2;63;129;82m██[38;2;47;101;61m██[38;2;65;89;83m██[38;2;71;164;144m██[38;2;71;166;145m██[38;2;70;168;147m██[38;2;45;222;182m██[38;2;58;152;107m██[38;2;63;130;83m██████[38;2;47;102;62m██[38;2;42;93;56m██[38;2;46;91;60m██[38;2;88;109;49m██[38;2;211;163;17m██[38;2;43;73;42m██[38;2;0;0;0m  
[38;2;0;0;0m  [38;2;107;114;108m██[38;2;64;86;70m██[38;2;63;130;83m██[38;2;170;197;177m██[38;2;146;172;155m██[38;2;56;114;72m██[38;2;63;130;83m██[38;2;70;130;89m██[38;2;64;130;84m██[38;2;60;125;79m██[38;2;44;97;59m██[38;2;66;78;76m██[38;2;70;154;135m██[38;2;71;166;145m██[38;2;72;166;146m██[38;2;60;183;152m██[38;2;64;134;90m██[38;2;63;130;83m██████[38;2;110;129;48m██[38;2;43;93;57m██[38;2;114;123;39m██[38;2;66;101;54m██[38;2;128;128;38m██[38;2;126;117;32m██[38;2;21;22;10m  
[38;2;36;37;36m██[38;2;79;89;81m██[38;2;88;117;95m██[38;2;63;130;83m██[38;2;154;163;158m██[38;2;79;120;91m██[38;2;63;128;80m██[38;2;63;130;83m██[38;2;141;179;158m██[38;2;54;121;74m██[38;2;57;120;76m██[38;2;42;93;56m██[38;2;67;90;85m██████[38;2;72;166;146m████[38;2;65;139;98m██[38;2;63;130;83m██████[38;2;50;102;65m██[38;2;44;93;58m██[38;2;42;93;56m██[38;2;178;150;25m██[38;2;46;93;60m██[38;2;189;146;18m██[38;2;22;31;17m██
[38;2;36;37;36m██[38;2;86;86;86m██[38;2;62;129;81m██[38;2;206;223;210m██[38;2;151;178;165m██[38;2;58;120;77m██[38;2;62;129;81m██[38;2;206;223;210m██[38;2;80;120;89m██[38;2;61;122;76m██[38;2;49;105;64m██[38;2;59;72;63m██[38;2;72;166;146m██[38;2;62;185;158m██[38;2;48;204;169m██[38;2;61;122;108m██[38;2;72;166;146m██[38;2;68;151;120m██[38;2;63;130;83m██████[38;2;183;160;31m██[38;2;44;93;59m██[38;2;42;93;56m██[38;2;66;101;54m██[38;2;128;128;38m██[38;2;39;80;51m██[38;2;4;10;6m  
[38;2;34;34;34m  [38;2;82;85;83m██[38;2;95;133;105m██[38;2;174;179;177m██[38;2;123;131;125m██[38;2;60;116;76m██[38;2;86;136;101m██[38;2;152;150;152m██[38;2;47;101;61m██[38;2;63;128;79m██[38;2;43;94;57m██[38;2;60;71;63m██[38;2;72;165;146m██[38;2;70;160;140m██[38;2;67;95;89m██[38;2;67;90;85m██[38;2;70;153;132m██[38;2;72;162;141m██[38;2;63;130;82m████[38;2;64;130;76m██[38;2;185;161;29m██[38;2;48;94;59m██[38;2;57;98;56m██[38;2;52;92;59m██[38;2;12;22;14m  [38;2;0;0;0m    
[38;2;0;0;0m  [38;2;31;69;42m██[38;2;84;126;97m██[38;2;197;210;206m██[38;2;126;129;126m██[38;2;50;100;62m██[38;2;115;154;126m██[38;2;177;175;177m██[38;2;47;101;61m██[38;2;63;128;80m██[38;2;57;120;75m██[38;2;49;84;58m██[38;2;64;120;107m██[38;2;66;89;86m██[38;2;59;132;105m██[38;2;60;97;79m██[38;2;0;0;0m  [38;2;21;49;43m  [38;2;63;92;72m██[38;2;58;96;69m██[38;2;196;190;69m██[38;2;231;181;26m██[38;2;146;131;35m██[38;2;128;106;45m██[38;2;30;61;37m██[38;2;0;0;0m      
[38;2;0;0;0m    [38;2;38;83;52m██[38;2;117;148;131m██[38;2;127;128;127m██[38;2;45;87;54m██[38;2;149;155;153m██[38;2;152;150;152m██[38;2;48;97;61m██[38;2;62;128;80m████[38;2;46;100;60m██[38;2;56;90;63m██[38;2;45;87;56m██[38;2;42;90;54m██[38;2;16;23;12m██[38;2;0;0;0m    [38;2;16;20;15m██[38;2;177;146;41m██[38;2;79;78;73m██[38;2;86;78;59m██[38;2;63;78;67m██[38;2;60;100;51m██[38;2;48;77;37m██[38;2;0;0;0m      
[38;2;0;0;0m    [38;2;5;7;5m  [38;2;40;48;42m██[38;2;141;142;141m██[38;2;69;88;74m██[38;2;157;164;161m██[38;2;160;163;162m██[38;2;60;72;63m██[38;2;47;101;61m████[38;2;42;93;56m██[38;2;41;93;56m██[38;2;42;93;56m██[38;2;34;77;46m██[38;2;3;7;4m  [38;2;0;0;0m    [38;2;38;37;33m██[38;2;138;127;89m██[38;2;158;168;146m██[38;2;147;150;84m██[38;2;176;153;41m██[38;2;208;163;17m██[38;2;55;42;3m  [38;2;0;0;0m      
[38;2;0;0;0m          [38;2;88;87;88m  [38;2;73;73;73m██[38;2;140;142;140m██[38;2;127;128;127m██[38;2;51;81;60m██[38;2;42;92;55m██████[38;2;35;79;47m██[38;2;24;55;33m  [38;2;0;0;0m          [38;2;102;116;111m██[38;2;101;114;109m██[38;2;91;102;98m  [38;2;0;0;0m          
[38;2;0;0;0m              [38;2;29;29;29m  [38;2;61;61;61m██[38;2;126;125;126m██[38;2;51;64;55m██[38;2;11;24;14m████[38;2;2;6;3m  [38;2;0;0;0m            [38;2;0;1;0m  [38;2;0;0;0m              [0m
