
[38;2;8;7;7m    [38;2;46;43;41m                                                      [38;2;11;10;10m      
[38;2;33;29;27m████[38;2;179;168;161m                                                    [38;2;145;135;129m  [38;2;87;78;73m  [38;2;44;42;40m    
[38;2;33;29;27m██[38;2;133;119;110m██[38;2;44;42;40m  [38;2;179;168;161m                                                [38;2;140;131;125m  [38;2;62;55;51m██[38;2;133;119;110m██[38;2;44;42;40m    
[38;2;33;29;27m██[38;2;133;119;110m██[38;2;89;80;74m  [38;2;143;133;128m  [38;2;179;168;161m      [38;2;70;65;63m  [38;2;179;168;161m                                    [38;2;143;133;128m  [38;2;89;80;74m  [38;2;133;119;110m████[38;2;44;42;40m    
[38;2;0;0;0m  [38;2;101;90;83m██[38;2;110;98;91m██[38;2;101;94;90m  [38;2;179;168;161m  [38;2;179;167;161m  [38;2;134;125;120m  [38;2;99;89;82m██[38;2;44;42;40m  [38;2;135;126;121m  [38;2;179;168;161m  [38;2;179;167;161m  [38;2;179;168;161m  [38;2;179;167;161m  [38;2;179;168;161m  [38;2;179;167;161m  [38;2;179;168;161m  [38;2;179;167;161m  [38;2;179;168;161m  [38;2;179;167;161m  [38;2;179;168;161m  [38;2;179;167;161m  [38;2;179;168;161m  [38;2;179;167;161m  [38;2;165;154;147m  [38;2;62;57;54m  [38;2;75;66;52m██[38;2;172;148;103m██[38;2;190;158;87m██[38;2;33;29;27m██[38;2;179;168;161m  [38;2;44;42;40m  
[38;2;0;0;0m  [38;2;77;60;62m██[38;2;133;119;110m██[38;2;117;105;97m██[38;2;65;61;58m  [38;2;179;168;161m  [38;2;49;44;41m  [38;2;127;114;105m██[38;2;91;81;75m    [38;2;65;61;58m    [38;2;179;168;161m                      [38;2;65;61;58m  [38;2;49;44;41m  [38;2;127;114;105m██[38;2;240;198;91m██[38;2;177;151;102m██[38;2;104;93;86m██[38;2;119;111;106m  [38;2;179;168;161m  [38;2;44;42;40m  
[38;2;44;42;40m    [38;2;108;89;86m██[38;2;79;75;74m██[38;2;127;117;110m██[38;2;92;86;83m  [38;2;70;61;55m██[38;2;104;95;93m██[38;2;116;105;99m██[38;2;82;78;77m██[38;2;130;118;112m██[38;2;129;117;111m██[38;2;44;42;40m  [38;2;179;168;161m              [38;2;163;152;146m  [38;2;114;107;102m  [38;2;48;43;39m██[38;2;111;100;92m██[38;2;144;127;106m██[38;2;202;170;89m██[38;2;133;119;110m██[38;2;131;115;108m██[38;2;54;46;42m  [38;2;114;107;102m  [38;2;131;122;117m  [38;2;44;42;40m  
[38;2;44;42;40m  [38;2;163;152;146m  [38;2;36;29;28m██[38;2;76;70;70m██[38;2;159;146;137m██[38;2;81;77;76m██[38;2;104;89;88m██[38;2;119;107;103m██[38;2;131;122;117m██[38;2;129;119;114m██[38;2;134;120;111m████[38;2;112;103;98m  [38;2;21;20;19m  [38;2;179;168;161m            [38;2;45;41;38m  [38;2;116;104;96m██[38;2;126;110;103m██[38;2;127;111;104m██[38;2;136;121;108m████[38;2;133;119;110m██[38;2;130;115;107m██[38;2;123;108;101m██[38;2;116;104;96m██[38;2;93;83;77m  [38;2;5;5;4m  
[38;2;44;42;40m  [38;2;179;168;161m  [38;2;69;62;60m  [38;2;77;67;67m██[38;2;133;123;117m██[38;2;153;140;131m██[38;2;115;108;107m██[38;2;137;123;114m██[38;2;123;111;103m██[38;2;125;112;105m██[38;2;108;97;87m██[38;2;133;119;110m████[38;2;94;85;78m██[38;2;80;75;72m  [38;2;58;50;48m  [38;2;66;60;56m  [38;2;108;101;97m  [38;2;39;33;32m██[38;2;46;41;39m██[38;2;130;115;107m██[38;2;121;105;98m██[38;2;131;111;93m██[38;2;180;153;99m████[38;2;144;126;105m██[38;2;150;130;103m██[38;2;206;172;94m████[38;2;150;130;103m██[38;2;80;71;66m██[38;2;20;17;16m  
[38;2;44;42;40m  [38;2;179;168;161m  [38;2;134;125;120m  [38;2;79;63;62m██[38;2;89;85;83m██[38;2;140;126;117m██[38;2;134;121;112m██[38;2;133;119;110m██[38;2;112;99;96m██[38;2;26;22;21m██[38;2;110;93;87m██[38;2;133;119;110m██[38;2;123;107;101m██[38;2;23;20;18m██[38;2;134;125;120m  [38;2;78;62;61m██[38;2;111;93;89m██[38;2;97;78;79m██[38;2;83;78;77m██[38;2;131;117;108m██[38;2;125;110;103m██[38;2;123;107;100m██[38;2;135;120;109m██[38;2;143;126;107m████[38;2;135;120;109m██[38;2;133;119;110m██[38;2;94;74;74m██[38;2;17;15;9m██[38;2;11;10;9m██[38;2;164;153;147m  [38;2;41;38;36m  
[38;2;44;42;40m  [38;2;179;168;161m    [38;2;44;45;40m  [38;2;103;96;93m██[38;2;131;118;111m██[38;2;133;119;110m██[38;2;107;97;93m██[38;2;86;82;89m██[38;2;0;0;0m██[38;2;112;93;89m██[38;2;132;118;109m██[38;2;101;93;89m██[38;2;123;111;103m██[38;2;68;62;58m  [38;2;64;55;51m  [38;2;99;78;78m██[38;2;112;93;90m██[38;2;104;95;91m██[38;2;123;107;100m██[38;2;121;104;98m██[38;2;169;144;95m██[38;2;185;157;100m██[38;2;182;153;93m██[38;2;129;113;106m██[38;2;160;130;85m██[38;2;145;110;80m██[38;2;69;56;54m██[38;2;102;95;91m  [38;2;160;149;143m  [38;2;179;168;161m  [38;2;44;42;40m  
[38;2;44;42;40m  [38;2;179;168;161m    [38;2;44;42;40m  [38;2;101;80;81m██[38;2;84;79;78m██[38;2;53;48;36m██[38;2;13;35;56m██[38;2;185;141;69m██[38;2;69;56;55m██[38;2;131;117;108m██[38;2;85;80;78m██[38;2;130;116;108m██[38;2;133;119;110m██[38;2;158;136;99m██[38;2;109;96;67m██[38;2;67;64;65m██[38;2;115;103;97m██[38;2;114;93;91m██[38;2;127;111;104m██[38;2;132;118;109m██[38;2;137;122;108m██[38;2;139;123;108m██[38;2;139;123;107m██[38;2;132;118;109m██[38;2;137;121;108m██[38;2;175;129;79m██[38;2;219;156;90m██[38;2;136;96;67m██[38;2;38;34;32m  [38;2;179;168;161m  [38;2;44;42;40m  
[38;2;44;42;40m  [38;2;179;168;161m  [38;2;159;148;142m  [38;2;47;45;44m  [38;2;112;105;101m██[38;2;100;92;88m██[38;2;84;72;73m██[38;2;105;84;92m██[38;2;107;85;92m██[38;2;130;115;107m██[38;2;50;48;49m██[38;2;64;60;58m██[38;2;101;93;89m██[38;2;125;112;104m██[38;2;202;163;80m██[38;2;161;138;99m██[38;2;172;146;94m██[38;2;120;103;97m██[38;2;140;118;95m██[38;2;239;196;82m██[38;2;167;144;92m██[38;2;125;112;104m██[38;2;141;120;99m██[38;2;162;137;74m██[38;2;90;83;81m██[38;2;71;65;66m██[38;2;83;80;79m  [38;2;83;80;82m  [38;2;83;79;81m  [38;2;155;145;139m  [38;2;179;168;161m  [38;2;44;42;40m  
[38;2;44;42;40m  [38;2;179;168;161m  [38;2;134;125;120m  [38;2;118;107;101m██[38;2;134;119;111m██[38;2;132;118;109m██[38;2;115;104;98m██[38;2;66;65;66m██[38;2;83;79;77m██[38;2;59;54;53m██[38;2;71;63;59m██[38;2;72;64;60m██[38;2;71;64;60m██[38;2;68;65;65m██[38;2;119;98;95m██[38;2;130;114;106m██[38;2;224;186;82m██[38;2;131;117;108m██[38;2;133;119;110m██[38;2;134;120;109m██[38;2;134;119;109m██[38;2;83;78;77m██[38;2;119;98;95m██[38;2;131;115;105m██[38;2;244;193;76m██[38;2;163;108;63m██[38;2;47;44;42m  [38;2;179;168;161m  [38;2;179;167;161m  [38;2;179;168;161m  [38;2;179;167;161m  [38;2;44;42;40m  
[38;2;44;42;40m  [38;2;179;168;161m  [38;2;134;126;120m  [38;2;111;100;94m██[38;2;117;106;97m██[38;2;104;89;86m██[38;2;101;91;92m██[38;2;88;79;80m██[38;2;69;63;62m██[38;2;60;53;49m██[38;2;72;64;60m████[38;2;64;56;52m████[38;2;87;79;75m██[38;2;114;99;94m██[38;2;145;126;102m██[38;2;136;113;93m██[38;2;219;179;77m██[38;2;128;112;105m██[38;2;146;127;105m██[38;2;133;110;93m██[38;2;85;74;74m██[38;2;87;76;76m██[38;2;100;90;87m██[38;2;80;70;63m██[38;2;72;65;61m  [38;2;157;147;140m  [38;2;179;168;161m      [38;2;44;42;40m  
[38;2;44;42;40m  [38;2;179;168;161m  [38;2;135;126;121m  [38;2;98;88;81m  [38;2;47;44;42m    [38;2;10;10;10m  [38;2;50;45;41m██[38;2;60;53;48m██[38;2;71;63;59m██[38;2;72;64;60m████[38;2;71;63;59m████[38;2;50;45;41m██[38;2;87;71;70m██[38;2;66;65;66m██[38;2;114;104;97m████[38;2;66;65;66m██[38;2;127;112;105m██[38;2;213;170;73m██[38;2;120;104;98m██[38;2;98;77;76m██[38;2;79;63;62m██[38;2;134;125;120m  [38;2;179;168;161m          [38;2;44;42;40m  
[38;2;44;42;40m  [38;2;179;168;161m    [38;2;117;109;104m  [38;2;179;168;161m    [38;2;70;65;62m  [38;2;51;44;41m██[38;2;49;44;42m██[38;2;70;62;58m██[38;2;72;64;60m██[38;2;67;59;55m██[38;2;46;42;40m██[38;2;53;49;47m██[38;2;57;51;49m██[38;2;96;77;76m██[38;2;106;85;83m██[38;2;92;78;77m██[38;2;87;75;75m██[38;2;102;84;82m██[38;2;93;79;78m██[38;2;69;57;55m██[38;2;72;65;60m  [38;2;61;53;50m  [38;2;61;52;50m  [38;2;159;148;142m  [38;2;179;168;161m          [38;2;44;42;40m  
[38;2;44;42;40m  [38;2;179;168;161m          [38;2;138;129;124m  [38;2;26;26;26m  [38;2;60;55;51m██[38;2;53;47;45m██[38;2;61;55;52m██[38;2;35;33;34m██[38;2;71;63;58m██[38;2;44;41;41m██[38;2;78;70;66m██[38;2;40;37;37m██[38;2;93;78;77m██[38;2;68;66;67m██[38;2;94;78;77m██[38;2;66;64;65m██[38;2;53;51;51m██[38;2;129;121;116m  [38;2;170;159;152m  [38;2;177;165;158m  [38;2;179;168;161m              [38;2;44;42;40m  
[38;2;44;42;40m  [38;2;179;168;161m          [38;2;198;189;184m  [38;2;63;63;63m  [38;2;35;34;34m██[38;2;48;44;43m██[38;2;59;53;51m██[38;2;72;64;60m██[38;2;53;49;47m██[38;2;76;69;65m██[38;2;38;36;35m██[38;2;47;42;40m██[38;2;100;90;84m██[38;2;133;119;110m██[38;2;94;88;84m██[38;2;94;79;77m██[38;2;115;98;93m██[38;2;70;59;58m██[38;2;75;67;62m██[38;2;77;71;67m  [38;2;77;72;69m  [38;2;154;144;138m  [38;2;179;168;161m          [38;2;44;42;40m  
[38;2;44;42;40m  [38;2;180;168;161m          [38;2;198;189;184m  [38;2;80;80;80m  [38;2;79;71;67m██[38;2;73;65;61m████[38;2;83;75;70m██[38;2;73;67;63m██[38;2;34;33;33m██[38;2;50;45;41m██[38;2;107;97;90m██[38;2;128;115;107m██[38;2;133;119;110m██[38;2;68;66;67m██[38;2;99;83;82m██[38;2;102;83;81m██[38;2;106;85;83m██[38;2;97;78;76m██[38;2;103;83;81m████[38;2;36;30;29m  [38;2;180;168;161m          [38;2;44;42;40m  
[38;2;44;42;40m  [38;2;179;168;161m          [38;2;198;189;184m  [38;2;255;255;255m  [38;2;124;123;122m  [38;2;35;32;30m██[38;2;68;60;56m██[38;2;46;42;39m██[38;2;56;49;44m██[38;2;56;50;44m██[38;2;54;50;47m██[38;2;124;111;103m██[38;2;82;78;77m██[38;2;133;119;110m██[38;2;124;114;109m██[38;2;54;43;43m██[38;2;94;86;81m  [38;2;42;33;32m██[38;2;108;101;97m  [38;2;58;50;48m    [38;2;162;151;145m  [38;2;179;168;161m          [38;2;44;42;40m  
[38;2;44;42;40m  [38;2;180;167;161m          [38;2;198;189;184m  [38;2;255;255;255m      [38;2;41;39;33m  [38;2;53;47;43m██[38;2;38;36;35m██[38;2;56;50;45m██[38;2;58;51;51m██[38;2;141;125;119m██[38;2;92;85;84m██[38;2;155;141;133m██[38;2;101;82;80m██[38;2;39;33;32m  [38;2;180;167;161m                      [38;2;44;42;40m  
[38;2;44;42;40m  [38;2;179;168;161m  [38;2;180;168;161m  [38;2;179;168;161m  [38;2;180;168;161m  [38;2;179;168;161m  [38;2;198;189;184m  [38;2;255;255;255m      [38;2;74;74;74m  [38;2;41;41;41m██[38;2;46;45;45m██[38;2;41;38;36m██[38;2;38;30;30m██[38;2;37;29;29m██[38;2;106;85;83m██[38;2;105;85;83m██[38;2;58;46;46m██[38;2;54;50;48m  [38;2;180;168;161m  [38;2;179;168;161m  [38;2;180;168;161m  [38;2;179;168;161m  [38;2;180;168;161m  [38;2;179;168;161m  [38;2;180;168;161m  [38;2;179;168;161m  [38;2;180;168;161m  [38;2;179;168;161m  [38;2;180;168;161m  [38;2;44;42;40m  
[38;2;44;42;40m  [38;2;179;168;161m              [38;2;173;161;154m  [38;2;50;45;43m  [38;2;88;68;69m██[38;2;45;39;38m  [38;2;43;37;36m  [38;2;22;18;17m██[38;2;179;168;161m    [38;2;27;26;24m  [38;2;27;27;27m  [38;2;57;51;52m██[38;2;32;30;30m  [38;2;179;168;161m                      [38;2;44;42;40m  
[38;2;44;42;40m  [38;2;179;167;161m  [38;2;179;168;161m  [38;2;179;167;161m  [38;2;179;168;161m  [38;2;179;167;161m  [38;2;179;168;161m  [38;2;179;167;161m  [38;2;134;125;120m  [38;2;80;64;62m██[38;2;58;51;49m  [38;2;165;154;147m  [38;2;134;125;120m  [38;2;90;84;81m  [38;2;179;168;161m  [38;2;179;167;161m  [38;2;179;168;161m  [38;2;44;42;40m  [38;2;60;53;54m██[38;2;134;126;121m  [38;2;179;168;161m  [38;2;179;167;161m  [38;2;179;168;161m  [38;2;179;167;161m  [38;2;179;168;161m  [38;2;179;167;161m  [38;2;179;168;161m  [38;2;179;167;161m  [38;2;179;168;161m  [38;2;179;167;161m  [38;2;179;168;161m  [38;2;44;42;40m  
[38;2;44;42;40m  [38;2;179;168;161m              [38;2;143;133;128m  [38;2;34;31;30m  [38;2;179;168;161m            [38;2;112;105;100m  [38;2;55;48;50m██[38;2;75;64;66m██[38;2;31;26;26m██[38;2;154;144;138m  [38;2;179;168;161m                    [38;2;44;42;40m  
[38;2;44;42;40m  [38;2;179;168;161m                            [38;2;84;78;75m  [38;2;87;79;74m██[38;2;94;86;82m██[38;2;49;44;43m  [38;2;55;48;46m  [38;2;44;42;40m  [38;2;179;168;161m                    [38;2;44;42;40m  
[38;2;44;42;40m  [38;2;179;167;161m                          [38;2;145;135;129m  [38;2;72;59;57m  [38;2;45;39;38m  [38;2;117;101;95m██[38;2;44;42;40m  [38;2;179;167;161m                        [38;2;44;42;40m  
[38;2;11;10;10m  [38;2;46;43;41m                            [38;2;11;10;10m  [38;2;35;33;31m  [38;2;26;23;21m  [38;2;11;10;10m  [38;2;46;43;41m                        [38;2;11;10;10m  [0m
