
[38;2;0;0;0m          [38;2;61;55;25m██[38;2;41;37;17m  [38;2;0;0;0m                            
[38;2;0;0;0m          [38;2;40;36;16m  [38;2;204;180;90m██[38;2;208;187;86m██[38;2;0;0;0m                          
[38;2;0;0;0m            [38;2;148;129;70m██[38;2;250;224;104m██[38;2;254;229;107m██[38;2;96;86;40m██[38;2;0;0;0m                      
[38;2;0;0;0m            [38;2;76;66;36m██[38;2;194;170;91m██[38;2;254;229;109m██[38;2;254;229;106m██[38;2;115;104;48m  [38;2;0;0;0m                    
[38;2;0;0;0m            [38;2;53;48;31m██[38;2;184;161;89m██[38;2;254;229;109m████[38;2;184;166;78m██[38;2;0;0;0m  [38;2;63;63;50m  [38;2;0;0;0m  [38;2;68;68;49m  [38;2;115;115;83m██████[38;2;35;35;25m  [38;2;24;24;19m  [38;2;30;30;24m  
[38;2;0;0;0m        [38;2;36;64;71m  [38;2;12;21;23m  [38;2;120;208;235m██[38;2;64;83;83m██[38;2;255;229;105m██[38;2;254;229;108m██[38;2;254;229;107m██[38;2;0;0;0m    [38;2;255;255;184m████████████[38;2;200;200;144m██[38;2;0;0;0m  
[38;2;0;0;0m          [38;2;104;181;205m██[38;2;113;200;227m██[38;2;89;174;200m██[38;2;150;139;83m██[38;2;254;229;108m██[38;2;254;228;108m██[38;2;249;224;105m██[38;2;126;150;120m██[38;2;198;245;191m██[38;2;157;237;196m██[38;2;156;238;196m██[38;2;157;238;196m██[38;2;164;239;194m██[38;2;238;252;185m██[38;2;230;230;166m██[38;2;36;36;26m  
[38;2;0;0;0m        [38;2;32;64;73m██[38;2;91;176;202m██[38;2;89;168;190m██[38;2;80;84;76m██[38;2;167;154;86m██[38;2;249;225;107m██[38;2;254;228;109m██[38;2;249;225;107m██[38;2;112;158;136m██[38;2;106;203;180m██[38;2;97;186;165m██[38;2;98;188;167m██[38;2;136;224;190m██[38;2;153;235;194m██[38;2;157;238;195m██[38;2;255;255;184m██[38;2;66;66;48m██
[38;2;0;0;0m        [38;2;45;71;70m██[38;2;68;107;106m██[38;2;138;147;92m██[38;2;146;171;112m██[38;2;123;124;75m██[38;2;249;225;107m██[38;2;254;228;109m██[38;2;249;225;107m██[38;2;46;78;68m██[38;2;47;80;70m  [38;2;162;162;129m  [38;2;147;151;121m  [38;2;81;158;139m██[38;2;110;206;182m██[38;2;147;231;192m██[38;2;255;255;184m██[38;2;66;66;48m██
[38;2;7;6;3m  [38;2;29;25;11m██[38;2;71;60;28m██[38;2;148;128;64m██[38;2;154;142;83m██[38;2;227;223;115m██[38;2;132;212;191m██[38;2;102;180;138m██[38;2;136;126;80m██[38;2;250;225;108m██[38;2;254;229;107m██[38;2;204;184;85m  [38;2;160;160;127m  [38;2;255;255;203m      [38;2;91;91;72m  [38;2;107;205;182m██[38;2;141;227;190m██[38;2;245;245;176m██[38;2;54;54;39m  
[38;2;11;10;4m  [38;2;138;118;54m██[38;2;141;123;64m██[38;2;184;165;84m██[38;2;255;226;105m██[38;2;203;204;99m██[38;2;148;138;189m██[38;2;169;150;195m██[38;2;150;138;83m██[38;2;254;228;108m██[38;2;254;228;107m██[38;2;6;6;4m  [38;2;255;255;203m        [38;2;91;91;72m  [38;2;113;208;183m██[38;2;171;239;201m██[38;2;200;200;132m██[38;2;0;0;0m  
[38;2;0;0;0m    [38;2;36;32;18m  [38;2;58;56;48m██[38;2;77;74;52m██[38;2;142;132;83m██[38;2;139;131;106m██[38;2;138;122;67m██[38;2;255;228;105m██[38;2;254;229;108m██[38;2;127;118;67m  [38;2;255;255;203m        [38;2;246;246;196m  [38;2;84;102;84m  [38;2;126;218;187m██[38;2;224;249;176m██[38;2;54;54;43m  [38;2;66;66;53m  
[38;2;0;0;0m        [38;2;30;52;58m  [38;2;84;147;164m  [38;2;96;87;46m██[38;2;252;226;105m██[38;2;184;168;90m██[38;2;47;42;20m██[38;2;231;231;184m  [38;2;255;255;203m        [38;2;224;224;178m  [38;2;67;131;115m██[38;2;170;240;193m██[38;2;105;109;80m██[38;2;218;218;173m  [38;2;66;66;53m  
[38;2;0;0;0m        [38;2;36;64;71m  [38;2;103;179;200m  [38;2;38;56;59m  [38;2;103;97;64m██[38;2;130;78;148m██[38;2;62;32;73m██[38;2;92;63;103m      [38;2;146;99;162m  [38;2;114;78;126m  [38;2;48;91;79m██[38;2;145;230;193m██[38;2;92;132;114m  [38;2;117;80;130m  [38;2;0;0;0m    
[38;2;0;0;0m        [38;2;36;64;71m  [38;2;103;179;201m  [38;2;62;110;122m  [38;2;161;145;75m██[38;2;166;86;194m████[38;2;105;69;117m██[38;2;150;78;175m██[38;2;129;83;145m██[38;2;13;16;21m  [38;2;68;111;104m  [38;2;133;230;208m██[38;2;35;42;38m██[38;2;134;92;149m  [38;2;146;100;162m  [38;2;0;0;0m    
[38;2;0;0;0m        [38;2;20;35;39m  [38;2;56;106;112m  [38;2;117;111;62m  [38;2;255;230;110m██[38;2;210;119;241m██[38;2;186;101;216m██[38;2;185;100;215m██[38;2;184;100;214m██[38;2;109;113;139m██[38;2;72;131;116m██[38;2;91;137;127m██[38;2;106;78;125m██[38;2;110;74;123m██[38;2;75;39;88m████[38;2;0;0;0m    
[38;2;0;0;0m      ██[38;2;70;169;149m██[38;2;54;80;75m██[38;2;82;133;149m██[38;2;64;65;64m██[38;2;130;89;144m██[38;2;209;118;241m████[38;2;205;116;236m██[38;2;64;65;64m██[38;2;105;205;179m██[38;2;80;121;110m██[38;2;78;76;67m██[38;2;189;165;89m██[38;2;0;0;0m████    
[38;2;0;0;0m    [38;2;47;117;103m██[38;2;67;121;110m██[38;2;65;95;88m  [38;2;88;163;186m██[38;2;106;126;113m██[38;2;92;128;136m██[38;2;105;174;195m██[38;2;81;119;134m██[38;2;161;93;178m██[38;2;167;87;195m████[38;2;119;76;134m██[38;2;76;86;103m██[38;2;51;99;87m██[38;2;66;126;112m██[38;2;66;45;73m  [38;2;121;83;134m  [38;2;0;0;0m    
[38;2;0;0;0m    [38;2;62;155;137m██[38;2;63;153;135m██[38;2;39;100;89m  [38;2;0;0;0m  [38;2;241;216;100m██[38;2;249;223;104m██[38;2;74;108;114m██[38;2;60;134;157m██[38;2;68;79;72m██[38;2;157;84;183m██[38;2;156;84;182m██[38;2;141;74;165m  [38;2;102;77;106m  [38;2;140;103;148m  [38;2;69;128;111m  [38;2;107;204;182m██[38;2;39;76;67m██[38;2;0;0;0m    
[38;2;0;0;0m            [38;2;37;33;15m  [38;2;70;61;33m██[38;2;164;146;85m██[38;2;140;128;83m██[38;2;74;102;81m██[38;2;118;170;144m████[38;2;94;142;117m  [38;2;92;92;73m    [38;2;94;127;104m  [38;2;128;218;185m██[38;2;105;205;180m██[38;2;0;0;0m    
[38;2;0;0;0m                [38;2;46;46;36m  [38;2;46;49;43m  [38;2;150;152;123m  [38;2;46;46;36m  [38;2;87;124;101m  [38;2;121;188;155m██[38;2;138;213;176m██[38;2;149;229;190m██[38;2;149;230;190m██[38;2;143;223;183m  [38;2;96;174;149m██[38;2;0;0;0m    
[38;2;0;0;0m                [38;2;69;69;55m        [38;2;31;31;25m  [38;2;0;0;0m  [38;2;24;37;30m  [38;2;40;62;51m████[38;2;33;52;43m  [38;2;0;0;0m      [0m
