
[38;2;0;0;0m                [38;2;69;69;69m██████[38;2;65;65;65m  [38;2;0;0;0m              
[38;2;0;0;0m            [38;2;87;87;87m  [38;2;208;208;208m██[38;2;255;255;255m██████[38;2;252;252;252m██[38;2;208;208;208m██[38;2;186;186;186m  [38;2;0;0;0m          
[38;2;0;0;0m        [38;2;34;34;34m  [38;2;237;237;237m██[38;2;255;255;255m████████████████[38;2;152;152;152m██[38;2;0;0;0m        
[38;2;0;0;0m        [38;2;93;93;93m██[38;2;255;255;255m████████████████████[38;2;195;195;195m  [38;2;0;0;0m      
[38;2;0;0;0m        [38;2;255;255;255m██████████████████████[38;2;233;233;233m██[38;2;36;36;36m  [38;2;0;0;0m    
[38;2;0;0;0m        [38;2;255;255;255m████[38;2;183;202;215m██[38;2;246;248;250m██[38;2;255;255;255m████████████████[38;2;80;80;80m██[38;2;0;0;0m    
[38;2;0;0;0m      [38;2;84;122;148m██[38;2;206;219;228m██[38;2;167;192;207m██[38;2;169;195;213m██[38;2;181;201;214m██[38;2;206;219;228m██[38;2;255;255;255m██[38;2;206;219;228m██[38;2;255;255;255m████████[38;2;251;251;252m██[38;2;72;74;75m██[38;2;0;0;0m    
[38;2;0;0;0m        [38;2;251;252;253m██[38;2;255;255;255m██[38;2;109;152;181m██[38;2;98;140;168m██[38;2;255;255;255m████[38;2;112;155;184m██[38;2;105;144;171m██[38;2;255;255;255m██[38;2;254;254;254m██[38;2;250;251;252m██[38;2;197;212;218m██[38;2;56;61;63m  [38;2;0;0;0m    
[38;2;0;0;0m      [38;2;74;98;115m  [38;2;126;134;137m██[38;2;220;230;234m██[38;2;228;235;240m██[38;2;248;252;253m██[38;2;255;255;255m████[38;2;221;230;236m██[38;2;250;253;253m██[38;2;219;230;233m██[38;2;217;228;232m██[38;2;199;215;222m██[38;2;167;181;186m██[38;2;0;0;0m      
[38;2;0;0;0m  [38;2;26;36;21m  [38;2;33;45;27m  [38;2;128;172;175m  [38;2;80;93;84m  [38;2;194;211;217m██[38;2;193;213;219m██[38;2;200;216;221m████[38;2;200;215;222m████[38;2;200;216;222m████[38;2;199;215;222m██[38;2;189;206;213m██[38;2;39;39;39m  [38;2;0;0;0m      
[38;2;0;0;0m  [38;2;143;199;120m  [38;2;182;253;152m    [38;2;114;159;95m  [38;2;141;172;138m██[38;2;81;97;102m██[38;2;197;222;228m██[38;2;175;202;207m██[38;2;157;191;150m██[38;2;180;209;193m██[38;2;200;216;222m██[38;2;199;216;222m██[38;2;141;159;166m██[38;2;190;199;203m██[38;2;244;244;244m██[38;2;58;58;58m  [38;2;0;0;0m    
[38;2;0;0;0m  [38;2;143;199;120m  [38;2;182;253;152m  [38;2;181;253;152m  [38;2;59;62;59m██[38;2;151;195;131m██[38;2;103;121;93m██[38;2;123;186;92m██[38;2;165;203;167m██[38;2;0;0;0m██[38;2;108;114;118m██[38;2;132;164;120m██[38;2;183;198;202m██[38;2;255;255;255m██████[38;2;128;128;128m██[38;2;0;0;0m    
[38;2;0;0;0m  [38;2;143;199;120m  [38;2;182;253;152m  [38;2;56;78;47m  [38;2;128;130;132m██[38;2;228;233;226m██[38;2;209;228;200m██[38;2;224;239;216m██[38;2;102;179;71m██[38;2;208;208;208m██[38;2;160;198;145m██[38;2;221;226;219m██[38;2;206;209;210m██[38;2;255;255;255m████████[38;2;0;0;0m    
[38;2;0;0;0m  [38;2;143;199;120m  [38;2;102;134;91m  [38;2;178;193;199m██[38;2;111;116;120m██[38;2;198;199;200m██[38;2;154;155;156m██[38;2;182;184;185m██[38;2;255;255;255m██[38;2;188;202;179m██[38;2;208;215;204m██[38;2;183;184;186m██[38;2;204;205;206m██[38;2;251;252;252m██[38;2;189;199;203m██[38;2;197;196;197m██[38;2;255;255;255m██[38;2;112;125;133m██[38;2;19;20;20m  
[38;2;0;0;0m  [38;2;13;18;10m  [38;2;221;226;228m██[38;2;200;216;222m██[38;2;149;159;164m██[38;2;224;224;225m██[38;2;242;242;243m██[38;2;238;239;239m██[38;2;83;82;83m██[38;2;205;219;224m██[38;2;141;149;154m██[38;2;130;132;135m██[38;2;255;255;255m██[38;2;147;160;165m██[38;2;255;255;255m██[38;2;88;89;91m██[38;2;205;219;224m██[38;2;194;210;213m██[38;2;52;56;57m██
[38;2;0;0;0m  [38;2;91;91;91m  [38;2;255;255;255m██[38;2;230;237;239m██[38;2;98;116;101m  [38;2;83;89;87m  [38;2;175;181;185m██[38;2;251;252;252m██[38;2;255;255;255m██[38;2;182;191;194m██[38;2;175;179;181m██[38;2;157;156;157m  [38;2;255;255;255m██[38;2;116;118;122m██[38;2;255;255;255m██[38;2;225;224;225m██[38;2;156;167;172m██[38;2;179;194;200m██[38;2;28;30;31m  
[38;2;0;0;0m  [38;2;201;201;201m██[38;2;255;255;255m████[38;2;67;93;56m  [38;2;19;26;15m  [38;2;198;215;222m████[38;2;101;141;145m██[38;2;65;65;65m██[38;2;165;165;165m██[38;2;255;255;255m██[38;2;223;232;235m██[38;2;85;84;85m██[38;2;255;255;255m████[38;2;125;124;125m██[38;2;156;169;175m██[38;2;0;0;0m  
[38;2;48;50;51m██[38;2;239;241;242m██[38;2;231;231;231m██[38;2;197;198;199m██[38;2;141;147;149m██[38;2;74;102;61m  [38;2;102;109;114m██[38;2;110;153;182m██[38;2;172;194;210m██[38;2;225;233;237m████[38;2;200;215;222m██[38;2;157;168;172m██[38;2;178;177;178m██[38;2;255;255;255m██[38;2;254;254;254m  [38;2;101;100;101m██[38;2;0;0;0m    
[38;2;0;0;0m  [38;2;53;61;50m██[38;2;103;112;101m██[38;2;86;98;88m██[38;2;67;93;56m  [38;2;33;47;28m  [38;2;136;165;173m██[38;2;77;80;82m██[38;2;129;167;177m██[38;2;190;207;212m██[38;2;199;216;222m██[38;2;199;215;221m██[38;2;126;132;135m██[38;2;255;255;255m██████[38;2;96;96;96m██[38;2;0;0;0m    
[38;2;0;0;0m  [38;2;23;49;13m  [38;2;30;57;17m██[38;2;37;62;17m██[38;2;140;194;117m  [38;2;78;108;65m  [38;2;104;157;83m██[38;2;106;171;95m██[38;2;67;104;39m██[38;2;34;48;48m██[38;2;70;83;84m██[38;2;111;120;124m██[38;2;129;131;134m██[38;2;255;255;255m████████[38;2;0;0;0m    
[38;2;0;0;0m  [38;2;143;199;120m  [38;2;182;253;151m  [38;2;181;253;152m  [38;2;182;253;151m  [38;2;182;253;152m  [38;2;33;45;27m    [38;2;103;144;86m  [38;2;182;253;152m  [38;2;181;253;151m  [38;2;7;11;5m██[38;2;115;156;105m██[38;2;216;223;207m██[38;2;190;200;189m██[38;2;140;156;155m  [38;2;155;158;160m██[38;2;0;0;0m    
[38;2;0;0;0m  [38;2;143;199;120m  [38;2;182;253;152m      [38;2;181;253;152m  [38;2;182;253;152m    [38;2;181;253;152m  [38;2;182;253;152m    [38;2;126;176;105m  [38;2;105;154;76m██[38;2;133;204;90m██[38;2;121;192;79m██[38;2;98;169;62m██[38;2;43;60;34m██[38;2;0;0;0m    [0m
