
[38;2;0;0;0m                [38;2;0;1;0m  [38;2;60;61;47m████[38;2;0;0;0m          
[38;2;0;0;0m              [38;2;37;39;30m  [38;2;176;175;141m██[38;2;207;204;166m██[38;2;166;163;138m██[38;2;0;2;0m  [38;2;0;0;0m        
[38;2;0;0;0m              [38;2;91;92;72m██[38;2;216;214;171m██[38;2;158;157;128m██[38;2;14;14;12m  [38;2;0;0;0m          
[38;2;0;0;0m    [38;2;173;41;39m      [38;2;157;37;35m  [38;2;94;8;5m  [38;2;201;197;160m██[38;2;53;55;44m██[38;2;0;0;0m              
[38;2;0;0;0m    [38;2;211;50;48m  [38;2;142;34;32m  [38;2;82;45;45m  [38;2;35;31;32m██[38;2;168;43;42m██[38;2;52;99;105m██[38;2;7;13;13m  [38;2;0;0;0m              
[38;2;0;0;0m    [38;2;137;33;31m  [38;2;57;86;106m  [38;2;71;147;169m██[38;2;65;63;74m██[38;2;81;125;132m██[38;2;78;168;183m██[38;2;70;152;163m██[38;2;44;98;103m  [38;2;0;3;0m  [38;2;0;1;0m  [38;2;0;0;0m        
[38;2;0;0;0m  [38;2;0;1;0m  [38;2;43;68;79m██[38;2;77;166;182m██[38;2;75;151;168m██[38;2;75;157;180m██[38;2;75;155;172m██[38;2;74;149;167m██[38;2;78;170;183m██[38;2;73;126;135m██[38;2;79;169;183m██[38;2;26;57;59m  [38;2;0;0;0m        
[38;2;0;1;0m  [38;2;51;79;97m  [38;2;68;99;113m██[38;2;77;168;183m██[38;2;78;170;183m██[38;2;67;75;77m██[38;2;67;87;96m██[38;2;76;163;180m██[38;2;77;169;184m████[38;2;69;115;138m██[38;2;32;51;61m  [38;2;0;3;0m  [38;2;0;0;0m      
[38;2;3;22;24m  [38;2;25;36;36m  [38;2;70;97;102m██[38;2;74;125;133m██[38;2;67;79;82m██[38;2;68;88;92m██[38;2;76;150;159m██[38;2;76;162;179m██[38;2;73;141;161m██[38;2;75;151;168m██[38;2;72;115;121m██[38;2;74;139;146m██[38;2;45;96;102m  [38;2;0;0;0m      
[38;2;0;1;2m  [38;2;66;86;90m██[38;2;114;65;66m██[38;2;136;62;62m██[38;2;69;91;94m██[38;2;66;65;66m██[38;2;66;71;73m██[38;2;69;97;102m██[38;2;66;67;69m██[38;2;78;168;181m██[38;2;78;169;183m██[38;2;53;87;110m██[38;2;0;0;0m        
[38;2;12;17;16m  [38;2;56;66;68m██[38;2;111;109;108m██[38;2;104;63;68m██[38;2;125;55;55m██[38;2;124;65;67m██[38;2;134;61;62m██[38;2;67;75;76m██[38;2;79;146;162m██[38;2;74;152;173m██[38;2;72;138;158m██[38;2;63;99;126m██[38;2;30;48;57m  [38;2;0;0;0m      
[38;2;6;36;41m  [38;2;4;24;23m  [38;2;222;191;183m██[38;2;69;67;76m██[38;2;228;68;66m██[38;2;74;93;96m██[38;2;46;68;70m██[38;2;202;213;213m██[38;2;63;64;76m██[38;2;68;109;135m██[38;2;65;102;128m██[38;2;65;85;99m██[38;2;1;5;2m  [38;2;0;0;0m      
[38;2;3;19;20m  [38;2;31;55;56m  [38;2;105;121;125m██[38;2;80;109;100m██[38;2;124;100;81m██[38;2;225;187;169m██[38;2;255;230;223m██[38;2;211;169;147m██[38;2;68;111;119m██[38;2;65;102;128m██[38;2;65;85;99m██[38;2;17;19;17m  [38;2;0;0;0m        
[38;2;6;37;41m  [38;2;23;130;146m  [38;2;44;12;14m██[38;2;71;98;102m██[38;2;69;101;106m██[38;2;69;97;102m██[38;2;173;116;97m██[38;2;158;158;136m██[38;2;64;66;69m██[38;2;63;97;110m██[38;2;6;16;21m██[38;2;132;132;132m  [38;2;0;0;0m        
[38;2;3;17;19m  [38;2;38;88;93m  [38;2;134;46;51m██[38;2;156;66;65m██[38;2;66;72;74m██[38;2;160;65;64m██[38;2;113;63;70m██[38;2;72;126;136m██[38;2;77;144;160m██[38;2;65;152;174m██[38;2;76;161;180m██[38;2;42;93;99m██[38;2;0;2;0m  [38;2;0;0;0m      
[38;2;1;4;3m  [38;2;69;144;155m██[38;2;47;111;128m██[38;2;224;68;66m██[38;2;218;66;64m██[38;2;213;67;66m██[38;2;45;114;131m██[38;2;78;169;183m████[38;2;75;167;182m██[38;2;24;130;146m██[38;2;45;140;154m██[38;2;73;154;165m  [38;2;0;1;0m  [38;2;0;0;0m    
[38;2;9;21;21m  [38;2;34;73;76m██[38;2;122;59;56m██[38;2;120;49;46m██[38;2;94;68;58m██[38;2;117;41;39m██[38;2;92;38;36m██[38;2;52;91;95m██[38;2;72;152;164m██[38;2;58;136;148m██[38;2;71;109;115m██[38;2;71;81;79m██[38;2;1;5;1m  [38;2;38;44;42m    [38;2;10;12;12m  
[38;2;18;21;20m  [38;2;60;70;67m  [38;2;19;24;27m██[38;2;64;99;125m██[38;2;135;128;107m██[38;2;176;165;138m██[38;2;169;167;135m██[38;2;156;180;143m██[38;2;32;36;36m██[38;2;70;76;75m██[38;2;75;94;88m██[38;2;158;164;137m██[38;2;9;14;10m  [38;2;63;74;70m  [38;2;65;77;73m  [38;2;18;21;20m  
[38;2;18;21;20m  [38;2;10;15;11m  [38;2;60;73;69m██[38;2;47;60;68m██[38;2;37;38;35m██[38;2;221;207;165m██[38;2;219;208;167m██[38;2;55;87;95m██[38;2;37;62;65m██[38;2;76;94;89m██[38;2;75;94;89m██[38;2;107;120;107m██[38;2;166;161;126m██[38;2;39;47;43m  [38;2;65;77;73m  [38;2;18;21;20m  
[38;2;0;1;0m  [38;2;64;79;75m██[38;2;58;71;67m██[38;2;40;48;46m████[38;2;52;45;39m██[38;2;203;180;147m██[38;2;166;171;139m██[38;2;188;157;123m██[38;2;61;65;60m██[38;2;75;93;88m██[38;2;87;103;95m██[38;2;206;192;145m██[38;2;53;60;50m██[38;2;58;68;65m  [38;2;18;21;20m  
[38;2;14;19;16m  [38;2;71;89;84m██[38;2;39;45;42m██[38;2;39;48;45m██[38;2;38;42;40m██[38;2;157;128;107m██[38;2;203;179;147m██[38;2;91;82;72m██[38;2;178;158;131m██[38;2;144;129;108m██[38;2;71;88;83m██[38;2;158;164;137m██[38;2;75;93;88m██[38;2;69;86;81m██[38;2;45;57;53m  [38;2;6;8;7m  
[38;2;17;24;20m  [38;2;37;46;43m██[38;2;20;26;23m  [38;2;69;78;66m██[38;2;135;123;102m██[38;2;132;109;88m██[38;2;84;74;59m██[38;2;58;89;110m██[38;2;40;49;53m██[38;2;191;185;149m██[38;2;47;48;43m██[38;2;67;83;78m██[38;2;71;86;82m██[38;2;61;75;71m██[38;2;62;78;75m██[38;2;17;24;20m  
[38;2;12;15;14m  [38;2;46;55;51m  [38;2;39;47;43m  [38;2;40;114;120m██[38;2;60;56;44m████[38;2;50;54;48m  [38;2;40;50;48m  [38;2;138;139;115m██[38;2;136;144;122m██[38;2;168;166;135m██[38;2;72;89;84m██[38;2;66;79;75m██[38;2;22;30;26m██[38;2;46;56;55m  [38;2;12;15;14m  
[38;2;14;16;16m  [38;2;51;60;57m  [38;2;107;116;113m  [38;2;8;34;35m  [38;2;83;103;102m  [38;2;107;116;113m    [38;2;84;91;88m  [38;2;68;96;92m██[38;2;180;177;141m██[38;2;95;127;120m██[38;2;27;37;38m  [38;2;1;4;1m  [38;2;51;60;57m    [38;2;14;16;16m  
[38;2;0;0;0m    [38;2;66;66;66m  [38;2;8;35;39m  [38;2;38;51;53m  [38;2;66;66;66m    [38;2;51;52;51m  [38;2;13;38;38m  [38;2;0;1;0m  [38;2;15;44;45m  [38;2;0;0;0m          [0m
