
[38;2;0;0;0m          [38;2;1;1;1m  [38;2;0;0;0m  [38;2;52;52;52m  [38;2;5;5;5m  [38;2;1;1;1m  [38;2;0;0;0m            
[38;2;0;0;0m        [38;2;1;1;1m  [38;2;147;147;147m██[38;2;52;52;52m  [38;2;234;234;234m██[38;2;6;6;6m  [38;2;147;147;147m  [38;2;4;4;4m  [38;2;0;0;0m          
[38;2;0;0;0m        [38;2;1;1;1m  [38;2;133;133;133m  [38;2;248;248;248m██[38;2;248;234;214m██[38;2;248;248;248m██[38;2;247;247;247m██[38;2;61;61;61m██[38;2;1;1;1m  [38;2;0;0;0m        
[38;2;0;0;0m          [38;2;5;5;5m  [38;2;250;210;155m██[38;2;251;202;134m██[38;2;250;210;155m████[38;2;38;38;38m  [38;2;0;0;0m          
[38;2;0;0;0m      [38;2;1;1;1m  [38;2;24;18;11m  [38;2;90;68;37m██[38;2;238;166;83m██[38;2;248;181;93m██[38;2;188;145;86m██[38;2;144;116;79m██[38;2;119;97;66m██[38;2;24;18;11m  [38;2;1;1;1m  [38;2;0;0;0m      
[38;2;0;0;0m    [38;2;1;1;1m  [38;2;142;52;54m  [38;2;226;168;87m██[38;2;252;187;97m██[38;2;238;166;82m██[38;2;122;94;66m██[38;2;225;170;92m██[38;2;245;182;95m██[38;2;252;187;97m██[38;2;226;168;87m██[38;2;142;52;54m  [38;2;1;1;1m  [38;2;0;0;0m    
[38;2;0;0;0m    [38;2;50;20;21m██[38;2;208;73;76m██[38;2;222;94;83m██[38;2;248;176;95m██[38;2;233;159;77m██[38;2;252;187;97m██[38;2;252;186;97m██[38;2;252;187;97m██[38;2;248;176;95m██[38;2;222;94;83m██[38;2;216;78;81m██[38;2;103;36;38m██[38;2;1;1;1m  [38;2;0;0;0m  
[38;2;0;0;0m  [38;2;4;4;4m  [38;2;201;72;75m██[38;2;217;78;81m██[38;2;179;58;61m██[38;2;219;86;82m██[38;2;228;113;86m██[38;2;252;187;97m████[38;2;228;113;86m██[38;2;219;86;82m██[38;2;217;78;81m████[38;2;212;75;78m██[38;2;5;5;5m  [38;2;0;0;0m  
[38;2;0;0;0m  [38;2;72;28;29m  [38;2;145;68;70m██[38;2;169;59;62m██[38;2;217;78;81m██[38;2;199;68;71m██[38;2;217;78;81m████████████[38;2;211;74;77m████[38;2;164;60;62m██[38;2;1;1;1m  
[38;2;1;1;1m  [38;2;16;10;10m██[38;2;19;19;19m  [38;2;179;75;77m██[38;2;75;66;66m██[38;2;72;65;65m██[38;2;217;78;81m██[38;2;178;57;60m██[38;2;217;78;81m██[38;2;178;57;60m██[38;2;217;78;81m██[38;2;178;57;60m██[38;2;216;77;80m██[38;2;177;57;60m██[38;2;213;76;79m██[38;2;56;23;24m  
[38;2;0;0;0m    [38;2;42;23;23m██[38;2;149;130;130m██[38;2;91;79;77m██[38;2;196;76;78m██[38;2;143;79;76m████[38;2;199;76;79m██[38;2;134;94;82m██[38;2;164;73;75m██[38;2;155;73;74m██[38;2;103;69;69m██[38;2;144;53;55m██[38;2;3;3;3m    
[38;2;0;0;0m  [38;2;5;5;5m  [38;2;135;52;54m██[38;2;202;202;202m██[38;2;103;69;69m██[38;2;106;69;69m██[38;2;208;162;95m██[38;2;71;73;72m██[38;2;179;75;77m██[38;2;68;67;66m██[38;2;103;69;69m██[38;2;106;69;69m██[38;2;165;165;165m██[38;2;65;65;65m██[38;2;5;5;5m  [38;2;0;0;0m  
[38;2;0;0;0m  [38;2;2;2;2m  [38;2;91;35;36m██[38;2;113;57;58m██[38;2;139;140;140m██[38;2;87;95;91m██[38;2;189;160;113m██[38;2;250;217;172m██[38;2;180;172;160m██[38;2;181;149;104m██[38;2;122;70;71m██[38;2;167;167;167m██[38;2;128;114;114m██[38;2;149;51;53m██[38;2;5;5;5m  [38;2;0;0;0m  
[38;2;0;0;0m    [38;2;59;24;25m██[38;2;106;69;69m██[38;2;79;79;79m██[38;2;110;119;118m██[38;2;104;113;111m██[38;2;73;73;72m██[38;2;203;154;88m██[38;2;180;75;77m██[38;2;213;77;80m██[38;2;102;68;69m██[38;2;91;64;64m██[38;2;44;17;17m  [38;2;0;0;0m    
[38;2;0;0;0m  [38;2;2;2;2m  [38;2;111;79;56m██[38;2;196;76;78m██[38;2;182;79;69m██[38;2;106;100;88m██[38;2;91;82;70m██[38;2;204;91;81m██[38;2;144;72;73m██[38;2;135;71;72m██[38;2;130;108;78m████[38;2;199;193;150m██[38;2;28;23;15m  [38;2;2;2;2m  [38;2;0;0;0m  
[38;2;0;0;0m  [38;2;13;11;9m  [38;2;186;145;89m██[38;2;96;85;71m██[38;2;120;101;75m██[38;2;243;181;95m████[38;2;120;101;75m██[38;2;174;74;76m██[38;2;152;121;82m██[38;2;186;146;90m████[38;2;183;141;88m██[38;2;186;145;89m██[38;2;141;110;68m██[38;2;1;1;1m  
[38;2;1;1;1m  [38;2;141;110;68m██[38;2;159;115;80m██[38;2;95;85;71m██[38;2;225;169;92m██[38;2;164;157;148m██[38;2;144;137;127m██[38;2;225;169;92m██[38;2;103;69;69m████[38;2;197;166;112m████[38;2;158;114;80m██[38;2;151;106;77m██[38;2;167;130;80m██[38;2;30;24;16m  
[38;2;46;37;24m  [38;2;132;90;72m██[38;2;150;119;81m██[38;2;183;75;77m██[38;2;75;65;65m██[38;2;182;182;182m██[38;2;211;211;211m██[38;2;118;107;108m██[38;2;183;75;77m██[38;2;150;119;81m██[38;2;176;139;87m██[38;2;145;99;76m██[38;2;173;137;86m██[38;2;92;83;71m██[38;2;54;52;51m██[38;2;1;1;1m  
[38;2;0;0;0m  [38;2;22;22;22m  [38;2;102;76;67m██[38;2;193;76;78m██[38;2;66;27;28m██[38;2;3;3;3m  [38;2;111;111;111m██[38;2;129;90;91m██[38;2;193;76;78m██[38;2;102;76;67m██[38;2;77;73;68m██[38;2;111;96;74m██[38;2;95;78;66m██[38;2;45;41;38m██[38;2;86;66;52m██[38;2;1;1;1m  
[38;2;0;0;0m  [38;2;4;4;4m  [38;2;75;57;45m  [38;2;142;52;54m  [38;2;4;4;4m  [38;2;0;0;0m  [38;2;1;1;1m  [38;2;65;65;65m██[38;2;168;78;80m██[38;2;101;83;71m██[38;2;111;85;66m████[38;2;81;64;51m██[38;2;1;1;1m  [38;2;4;4;4m  [38;2;0;0;0m  
[38;2;0;0;0m    [38;2;1;1;1m    [38;2;0;0;0m    [38;2;37;37;37m  [38;2;184;184;184m██[38;2;134;134;134m██[38;2;38;38;38m██[38;2;100;93;88m████[38;2;20;20;20m  [38;2;0;0;0m      
[38;2;0;0;0m        [38;2;11;11;11m  [38;2;23;23;23m██[38;2;82;82;82m██[38;2;132;132;132m██[38;2;5;5;5m  [38;2;0;0;0m  [38;2;57;57;57m██[38;2;209;209;209m██[38;2;5;5;5m  [38;2;0;0;0m      
[38;2;0;0;0m        [38;2;55;55;55m██[38;2;68;68;68m██[38;2;24;24;24m████[38;2;1;1;1m  [38;2;3;3;3m  [38;2;80;80;80m██[38;2;177;177;177m██[38;2;37;37;37m  [38;2;1;1;1m  [38;2;0;0;0m    
[38;2;0;0;0m        [38;2;1;1;1m    [38;2;0;0;0m      [38;2;5;5;5m  [38;2;171;171;171m██[38;2;53;53;53m██[38;2;160;160;160m██[38;2;1;1;1m  [38;2;0;0;0m    
[38;2;0;0;0m                  [38;2;1;1;1m  [38;2;52;52;52m  [38;2;1;1;1m  [38;2;52;52;52m  [38;2;0;0;0m      [0m
