
[38;2;0;0;0m                [38;2;14;12;13m    [38;2;0;0;0m                        
[38;2;0;0;0m                [38;2;59;49;53m██[38;2;193;160;173m██[38;2;0;0;0m        [38;2;143;143;143m  [38;2;0;0;0m              
[38;2;0;0;0m            [38;2;1;0;0m  [38;2;48;37;40m  [38;2;238;198;212m████[38;2;45;37;39m  [38;2;48;46;47m  [38;2;111;111;111m██[38;2;255;255;255m██[38;2;191;191;191m██[38;2;0;0;0m              
[38;2;0;0;0m        [38;2;44;37;39m██[38;2;178;148;159m██[38;2;33;24;27m  [38;2;225;173;187m██[38;2;241;198;211m██[38;2;240;198;211m██[38;2;213;179;189m██[38;2;224;215;222m██[38;2;255;255;255m████[38;2;191;191;191m██[38;2;0;0;0m              
[38;2;0;0;0m        [38;2;59;49;53m██[38;2;240;198;211m██[38;2;237;191;206m██[38;2;208;143;166m██[38;2;192;139;156m██[38;2;192;126;149m██[38;2;205;145;165m██[38;2;240;222;230m██[38;2;252;244;246m██[38;2;255;255;255m██[38;2;250;239;242m██[38;2;107;102;104m██[38;2;63;63;63m██[38;2;15;15;15m██[38;2;0;0;0m        
[38;2;0;0;0m        [38;2;14;12;13m  [38;2;187;162;171m██[38;2;200;147;164m██[38;2;227;183;198m██[38;2;244;212;222m██[38;2;250;232;238m██[38;2;227;183;197m██[38;2;203;143;164m██[38;2;239;201;215m██[38;2;233;177;195m██[38;2;251;243;245m██[38;2;252;249;250m██[38;2;255;255;255m██[38;2;63;63;63m██[38;2;0;0;0m        
[38;2;0;0;0m          [38;2;98;56;69m  [38;2;249;224;234m██[38;2;252;244;246m██[38;2;255;255;255m██[38;2;247;222;230m██[38;2;244;222;229m██[38;2;219;171;188m██[38;2;187;121;143m██[38;2;228;159;181m██[38;2;241;207;218m██[38;2;254;251;252m██[38;2;236;225;230m██[38;2;45;37;39m  [38;2;0;0;0m        
[38;2;0;0;0m          [38;2;92;61;70m  [38;2;242;187;205m██[38;2;255;255;255m██████[38;2;239;199;212m██[38;2;233;177;195m██[38;2;183;109;132m██[38;2;234;182;198m██[38;2;241;198;211m██[38;2;243;208;219m██[38;2;146;134;142m██[38;2;2;0;0m  [38;2;0;0;0m        
[38;2;0;0;0m        [38;2;44;40;43m██[38;2;172;124;146m██[38;2;216;171;188m██[38;2;241;207;218m██[38;2;249;236;240m██[38;2;234;181;198m██[38;2;243;219;227m██[38;2;227;166;187m██[38;2;148;94;112m██[38;2;99;91;96m██[38;2;95;96;97m██[38;2;154;121;126m██[38;2;0;0;0m            
[38;2;0;0;0m        [38;2;170;161;166m██[38;2;164;113;123m██[38;2;143;107;115m██[38;2;225;164;183m██[38;2;223;164;184m██[38;2;246;201;217m██[38;2;212;152;171m██[38;2;144;111;122m██[38;2;100;100;103m██[38;2;116;112;114m██[38;2;153;131;136m██[38;2;96;89;89m██[38;2;133;111;119m  [38;2;0;0;0m          
[38;2;0;0;0m    [38;2;15;15;15m  [38;2;207;207;207m██[38;2;214;201;208m██[38;2;107;88;85m██[38;2;177;133;139m██[38;2;167;123;125m██[38;2;167;109;126m██[38;2;155;98;119m██[38;2;183;87;105m██[38;2;153;92;96m██[38;2;102;101;104m██[38;2;96;96;98m██[38;2;95;93;96m██[38;2;184;133;145m██[38;2;234;186;203m██[38;2;105;93;97m██[38;2;0;0;0m        
[38;2;0;0;0m  [38;2;143;143;143m  [38;2;207;207;207m██[38;2;233;188;203m██[38;2;195;151;166m██[38;2;176;73;77m██[38;2;207;181;183m██[38;2;108;101;93m██[38;2;93;93;89m██[38;2;105;104;107m██[38;2;209;193;203m██[38;2;216;98;101m██[38;2;108;107;110m██[38;2;74;76;79m██[38;2;64;50;53m██[38;2;228;171;191m██[38;2;222;152;176m██[38;2;243;225;231m██[38;2;138;131;133m  [38;2;0;0;0m      
[38;2;61;56;57m██[38;2;252;247;248m██[38;2;245;225;232m██[38;2;220;148;173m██[38;2;241;198;211m██[38;2;96;81;86m██[38;2;158;121;135m██[38;2;108;107;110m██████[38;2;237;122;146m██[38;2;197;105;116m██[38;2;90;90;94m██[38;2;13;13;14m  [38;2;0;0;0m  [38;2;178;148;159m██[38;2;232;182;200m██[38;2;238;203;215m██[38;2;255;255;255m██[38;2;111;111;111m██[38;2;47;47;47m  [38;2;0;0;0m  
[38;2;60;51;54m██[38;2;251;242;245m██[38;2;224;159;181m██[38;2;232;182;200m██[38;2;194;160;172m██[38;2;15;14;14m  [38;2;47;47;48m██[38;2;109;109;111m██[38;2;106;94;100m██[38;2;108;107;110m██[38;2;141;108;116m██[38;2;100;90;95m██[38;2;13;13;14m  [38;2;0;0;0m    [38;2;44;37;39m  [38;2;236;194;209m██[38;2;220;148;173m██[38;2;233;188;203m██[38;2;255;255;255m██[38;2;239;239;239m██[38;2;47;47;47m  
[38;2;58;45;50m██[38;2;228;170;190m██[38;2;226;166;186m████[38;2;133;111;119m  [38;2;0;0;0m  [38;2;0;1;1m  [38;2;29;34;36m  [38;2;111;86;86m██[38;2;82;80;84m██[38;2;75;77;77m██[38;2;38;39;37m██[38;2;0;0;0m        [38;2;59;49;53m██[38;2;238;198;213m██[38;2;217;137;163m██[38;2;238;203;215m██[38;2;249;229;236m██[38;2;60;49;52m██
[38;2;13;8;10m██[38;2;61;56;58m██[38;2;63;63;63m████[38;2;0;0;0m      [38;2;133;131;96m  [38;2;106;93;88m██[38;2;75;78;74m██[38;2;202;198;149m██[38;2;106;105;89m██[38;2;133;54;92m  [38;2;0;0;0m      [38;2;14;12;13m  [38;2;193;160;173m██[38;2;224;159;181m██[38;2;245;225;232m██[38;2;231;162;185m██[38;2;60;48;53m██
[38;2;0;0;0m        [38;2;4;4;4m  [38;2;19;19;19m██[38;2;240;95;165m██[38;2;133;66;93m██[38;2;209;157;175m██[38;2;202;153;166m██[38;2;193;146;150m██[38;2;189;84;137m██[38;2;238;96;163m██[38;2;238;96;161m██[38;2;14;14;14m  [38;2;0;0;0m    [38;2;98;89;95m  [38;2;192;181;191m██[38;2;191;191;191m██[38;2;177;163;175m██[38;2;32;29;31m  
[38;2;0;0;0m        [38;2;4;4;4m  [38;2;19;19;19m██[38;2;223;89;155m██[38;2;204;80;140m██[38;2;203;116;142m██[38;2;196;108;133m██[38;2;225;85;149m██[38;2;221;89;153m██[38;2;189;76;132m██[38;2;136;76;106m██[38;2;97;97;98m██[38;2;20;20;20m  [38;2;0;0;0m  [38;2;1;0;0m    [38;2;0;0;0m  [38;2;2;0;0m  [38;2;0;0;0m  
[38;2;0;0;0m            [38;2;48;22;35m██[38;2;230;93;157m██[38;2;231;85;149m██[38;2;227;85;149m██[38;2;238;96;164m████[38;2;172;88;129m██[38;2;56;57;59m██[38;2;4;6;4m  [38;2;0;0;0m              
[38;2;0;0;0m            [38;2;107;102;102m██[38;2;112;83;94m██[38;2;136;80;108m██[38;2;237;96;164m██[38;2;204;90;145m██[38;2;102;75;89m██[38;2;217;166;182m██[38;2;184;122;142m██[38;2;0;0;0m                
[38;2;0;0;0m            [38;2;141;131;131m██[38;2;128;121;122m██[38;2;125;119;119m██[38;2;78;87;87m██[38;2;78;86;88m██[38;2;74;79;78m██[38;2;241;198;211m██[38;2;226;163;184m██[38;2;162;102;122m██[38;2;0;0;0m              
[38;2;0;0;0m            [38;2;61;57;57m██[38;2;128;121;122m██[38;2;104;101;102m██[38;2;122;118;120m██[38;2;107;106;108m██[38;2;100;100;102m██[38;2;144;123;129m██[38;2;204;177;188m██[38;2;184;164;174m██[38;2;0;0;0m              
[38;2;0;0;0m            [38;2;14;15;15m  [38;2;86;84;87m██[38;2;89;88;90m██[38;2;107;105;108m██[38;2;123;117;119m██[38;2;82;81;85m██[38;2;97;85;89m██[38;2;192;175;184m██[38;2;4;0;0m  [38;2;0;0;0m              
[38;2;0;0;0m              [38;2;14;14;14m  [38;2;88;88;91m████[38;2;82;81;85m██[38;2;75;75;79m██[38;2;71;64;68m██[38;2;12;11;12m  [38;2;0;0;0m                
[38;2;0;0;0m                [38;2;19;19;19m██[38;2;76;75;79m██[38;2;71;71;74m██[38;2;14;14;14m  [38;2;0;0;0m                    
[38;2;0;0;0m                [38;2;4;4;4m  [38;2;19;19;19m██[38;2;14;14;14m  [38;2;0;0;0m                      [0m
