  [38;2;7;7;7m▄[38;2;7;7;7m▄[38;2;7;7;7m[48;2;82;82;82m▀[0m[38;2;7;7;7m[48;2;97;148;84m▀[0m[38;2;7;7;7m▄[38;2;7;7;7m▄ [38;2;7;7;7m▄[38;2;7;7;7m▄[38;2;7;7;7m[48;2;97;148;84m▀[0m[38;2;7;7;7m[48;2;82;82;82m▀[0m[38;2;7;7;7m▄[38;2;7;7;7m▄[38;2;7;7;7m▄   
[38;2;7;7;7m▄[38;2;7;7;7m[48;2;103;92;95m▀[0m[38;2;103;92;95m[48;2;103;92;95m▀[0m[38;2;103;92;95m[48;2;103;92;95m▀[0m[38;2;103;92;95m[48;2;103;92;95m▀[0m[38;2;82;82;82m[48;2;82;82;82m▀[0m[38;2;97;148;84m[48;2;97;148;84m▀[0m[38;2;97;148;84m[48;2;75;116;65m▀[0m[38;2;7;7;7m[48;2;75;116;65m▀[0m[38;2;97;148;84m[48;2;75;116;65m▀[0m[38;2;97;148;84m[48;2;97;148;84m▀[0m[38;2;97;148;84m[48;2;82;82;82m▀[0m[38;2;82;82;82m[48;2;81;72;72m▀[0m[38;2;103;92;95m[48;2;81;72;72m▀[0m[38;2;103;92;95m[48;2;103;92;95m▀[0m[38;2;103;92;95m[48;2;103;92;95m▀[0m[38;2;7;7;7m[48;2;103;92;95m▀[0m[38;2;7;7;7m▄ 
[38;2;7;7;7m▀[38;2;103;92;95m[48;2;7;7;7m▀[0m[38;2;103;92;95m[48;2;81;72;72m▀[0m[38;2;103;92;95m[48;2;81;72;72m▀[0m[38;2;81;72;72m[48;2;81;72;72m▀[0m[38;2;81;72;72m[48;2;82;82;82m▀[0m[38;2;82;82;82m[48;2;97;148;84m▀[0m[38;2;97;148;84m[48;2;97;148;84m▀[0m[38;2;97;148;84m[48;2;97;148;84m▀[0m[38;2;97;148;84m[48;2;97;148;84m▀[0m[38;2;75;116;65m[48;2;97;148;84m▀[0m[38;2;82;82;82m[48;2;75;116;65m▀[0m[38;2;81;72;72m[48;2;75;116;65m▀[0m[38;2;81;72;72m[48;2;81;72;72m▀[0m[38;2;103;92;95m[48;2;81;72;72m▀[0m[38;2;103;92;95m[48;2;103;92;95m▀[0m[38;2;103;92;95m[48;2;103;92;95m▀[0m[38;2;103;92;95m[48;2;103;92;95m▀[0m[38;2;7;7;7m[48;2;7;7;7m▀[0m
 [38;2;7;7;7m▀[38;2;7;7;7m▀[38;2;81;72;72m[48;2;7;7;7m▀[0m[38;2;82;82;82m[48;2;75;116;65m▀[0m[38;2;97;148;84m[48;2;97;148;84m▀[0m[38;2;97;148;84m[48;2;97;148;84m▀[0m[38;2;97;148;84m[48;2;82;82;82m▀[0m[38;2;82;82;82m[48;2;239;238;175m▀[0m[38;2;97;148;84m[48;2;82;82;82m▀[0m[38;2;97;148;84m[48;2;97;148;84m▀[0m[38;2;97;148;84m[48;2;97;148;84m▀[0m[38;2;97;148;84m[48;2;97;148;84m▀[0m[38;2;75;116;65m[48;2;97;148;84m▀[0m[38;2;81;72;72m[48;2;75;116;65m▀[0m[38;2;81;72;72m[48;2;82;82;82m▀[0m[38;2;81;72;72m[48;2;7;7;7m▀[0m[38;2;7;7;7m▀ 
  [38;2;7;7;7m▄[38;2;7;7;7m[48;2;97;148;84m▀[0m[38;2;97;148;84m[48;2;82;82;82m▀[0m[38;2;97;148;84m[48;2;82;82;82m▀[0m[38;2;82;82;82m[48;2;239;238;175m▀[0m[38;2;217;217;115m[48;2;239;238;175m▀[0m[38;2;239;238;175m[48;2;239;238;175m▀[0m[38;2;217;217;115m[48;2;239;238;175m▀[0m[38;2;82;82;82m[48;2;217;217;115m▀[0m[38;2;97;148;84m[48;2;82;82;82m▀[0m[38;2;97;148;84m[48;2;75;116;65m▀[0m[38;2;97;148;84m[48;2;97;148;84m▀[0m[38;2;97;148;84m[48;2;97;148;84m▀[0m[38;2;7;7;7m[48;2;7;7;7m▀[0m   
  [38;2;7;7;7m▀[38;2;7;7;7m[48;2;7;7;7m▀[0m[38;2;217;217;115m[48;2;82;82;82m▀[0m[38;2;82;82;82m[48;2;248;248;248m▀[0m[38;2;239;238;175m[48;2;82;82;82m▀[0m[38;2;239;238;175m[48;2;239;238;175m▀[0m[38;2;239;238;175m[48;2;239;238;175m▀[0m[38;2;239;238;175m[48;2;82;82;82m▀[0m[38;2;82;82;82m[48;2;248;248;248m▀[0m[38;2;217;217;115m[48;2;82;82;82m▀[0m[38;2;82;82;82m[48;2;239;238;175m▀[0m[38;2;82;82;82m[48;2;239;238;175m▀[0m[38;2;97;148;84m[48;2;7;7;7m▀[0m[38;2;97;148;84m[48;2;7;7;7m▀[0m[38;2;7;7;7m[48;2;7;7;7m▀[0m  
    [38;2;7;7;7m[48;2;7;7;7m▀[0m[38;2;248;248;248m[48;2;82;82;82m▀[0m[38;2;82;82;82m[48;2;239;238;175m▀[0m[38;2;239;238;175m[48;2;239;238;175m▀[0m[38;2;239;238;175m[48;2;239;238;175m▀[0m[38;2;82;82;82m[48;2;239;238;175m▀[0m[38;2;248;248;248m[48;2;82;82;82m▀[0m[38;2;82;82;82m[48;2;239;238;175m▀[0m[38;2;239;238;175m[48;2;217;217;115m▀[0m[38;2;217;217;115m[48;2;217;217;115m▀[0m[38;2;7;7;7m[48;2;7;7;7m▀[0m    
     [38;2;7;7;7m▀[38;2;217;217;115m[48;2;7;7;7m▀[0m[38;2;239;238;175m[48;2;82;82;82m▀[0m[38;2;239;238;175m[48;2;217;217;115m▀[0m[38;2;239;238;175m[48;2;217;217;115m▀[0m[38;2;217;217;115m[48;2;82;82;82m▀[0m[38;2;82;82;82m[48;2;97;148;84m▀[0m[38;2;82;82;82m[48;2;7;7;7m▀[0m[38;2;7;7;7m▀     
 [38;2;7;7;7m[48;2;7;7;7m▀[0m[38;2;7;7;7m[48;2;97;148;84m▀[0m[38;2;7;7;7m[48;2;97;148;84m▀[0m[38;2;7;7;7m[48;2;97;148;84m▀[0m[38;2;7;7;7m[48;2;97;148;84m▀[0m[38;2;75;116;65m[48;2;97;148;84m▀[0m[38;2;97;148;84m[48;2;82;82;82m▀[0m[38;2;82;82;82m[48;2;75;116;65m▀[0m[38;2;82;82;82m[48;2;97;148;84m▀[0m[38;2;97;148;84m[48;2;75;116;65m▀[0m[38;2;82;82;82m[48;2;82;82;82m▀[0m[38;2;97;148;84m[48;2;97;148;84m▀[0m[38;2;7;7;7m[48;2;97;148;84m▀[0m[38;2;7;7;7m[48;2;97;148;84m▀[0m[38;2;7;7;7m[48;2;97;148;84m▀[0m[38;2;7;7;7m▄[38;2;7;7;7m▄[38;2;7;7;7m▄
  [38;2;7;7;7m▀[38;2;97;148;84m[48;2;7;7;7m▀[0m[38;2;97;148;84m[48;2;82;82;82m▀[0m[38;2;97;148;84m[48;2;82;82;82m▀[0m[38;2;82;82;82m[48;2;75;116;65m▀[0m[38;2;82;82;82m[48;2;82;82;82m▀[0m[38;2;97;148;84m[48;2;97;148;84m▀[0m[38;2;75;116;65m[48;2;97;148;84m▀[0m[38;2;97;148;84m[48;2;97;148;84m▀[0m[38;2;97;148;84m[48;2;97;148;84m▀[0m[38;2;82;82;82m[48;2;82;82;82m▀[0m[38;2;97;148;84m[48;2;82;82;82m▀[0m[38;2;97;148;84m[48;2;75;116;65m▀[0m[38;2;97;148;84m[48;2;97;148;84m▀[0m[38;2;97;148;84m[48;2;97;148;84m▀[0m[38;2;97;148;84m[48;2;7;7;7m▀[0m[38;2;7;7;7m▀
    [38;2;7;7;7m[48;2;7;7;7m▀[0m[38;2;75;116;65m[48;2;82;82;82m▀[0m[38;2;82;82;82m[48;2;97;148;84m▀[0m[38;2;97;148;84m[48;2;97;148;84m▀[0m[38;2;97;148;84m[48;2;97;148;84m▀[0m[38;2;97;148;84m[48;2;75;116;65m▀[0m[38;2;97;148;84m[48;2;82;82;82m▀[0m[38;2;97;148;84m[48;2;97;148;84m▀[0m[38;2;82;82;82m[48;2;97;148;84m▀[0m[38;2;75;116;65m[48;2;82;82;82m▀[0m[38;2;82;82;82m[48;2;75;116;65m▀[0m[38;2;82;82;82m[48;2;7;7;7m▀[0m[38;2;7;7;7m▀  
  [38;2;7;7;7m[48;2;7;7;7m▀[0m[38;2;7;7;7m[48;2;217;217;115m▀[0m[38;2;75;116;65m[48;2;82;82;82m▀[0m[38;2;82;82;82m[48;2;97;148;84m▀[0m[38;2;97;148;84m[48;2;97;148;84m▀[0m[38;2;97;148;84m[48;2;7;7;7m▀[0m[38;2;75;116;65m[48;2;82;82;82m▀[0m[38;2;217;217;115m[48;2;217;217;115m▀[0m[38;2;82;82;82m[48;2;217;217;115m▀[0m[38;2;75;116;65m[48;2;82;82;82m▀[0m[38;2;97;148;84m[48;2;97;148;84m▀[0m[38;2;82;82;82m[48;2;97;148;84m▀[0m[38;2;75;116;65m[48;2;82;82;82m▀[0m[38;2;7;7;7m[48;2;217;217;115m▀[0m[38;2;7;7;7m▄  
   [38;2;7;7;7m▀[38;2;82;82;82m[48;2;7;7;7m▀[0m[38;2;97;148;84m[48;2;7;7;7m▀[0m[38;2;7;7;7m▀ [38;2;7;7;7m[48;2;7;7;7m▀[0m[38;2;217;217;115m[48;2;82;82;82m▀[0m[38;2;239;238;175m[48;2;239;238;175m▀[0m[38;2;7;7;7m[48;2;7;7;7m▀[0m[38;2;7;7;7m▀[38;2;97;148;84m[48;2;7;7;7m▀[0m[38;2;7;7;7m[48;2;7;7;7m▀[0m[38;2;7;7;7m▀[38;2;7;7;7m▀  
         [38;2;7;7;7m▀[38;2;7;7;7m▀        
[0m