
[38;2;0;0;0m                [38;2;21;26;27m██[38;2;2;3;2m  [38;2;10;13;13m  [38;2;1;5;2m██[38;2;0;0;0m                                      
[38;2;0;0;0m            [38;2;0;3;0m  [38;2;53;59;69m  [38;2;63;70;82m██[38;2;67;76;86m██[38;2;53;63;68m██[38;2;1;2;2m  [38;2;0;0;0m            [38;2;0;1;0m  [38;2;54;63;75m  [38;2;0;1;0m  [38;2;0;0;0m  [38;2;35;42;49m  [38;2;0;2;0m  [38;2;0;0;0m              
[38;2;0;0;0m        [38;2;11;13;5m  [38;2;53;58;14m██[38;2;171;177;60m██[38;2;92;96;88m██[38;2;91;102;116m██[38;2;99;115;128m██[38;2;96;102;22m  [38;2;230;238;53m  [38;2;230;239;54m  [38;2;230;239;53m    [38;2;230;239;54m  [38;2;230;239;53m    [38;2;103;110;24m  [38;2;80;91;105m██[38;2;56;67;71m██[38;2;157;165;39m  [38;2;55;64;75m██[38;2;80;90;102m██[38;2;116;123;32m  [38;2;230;238;54m  [38;2;230;239;54m  [38;2;230;238;54m  [38;2;230;239;53m  [38;2;230;238;54m  [38;2;59;61;13m  
[38;2;0;0;0m    [38;2;0;3;0m  [38;2;0;12;9m  [38;2;115;121;6m██[38;2;156;163;14m██[38;2;111;113;45m██[38;2;123;125;72m██[38;2;105;111;126m██[38;2;32;42;42m██[38;2;196;204;46m  [38;2;230;239;53m  [38;2;230;238;54m  [38;2;230;239;53m  [38;2;230;238;53m  [38;2;230;239;54m  [38;2;230;238;53m  [38;2;224;233;52m  [38;2;58;65;50m  [38;2;81;89;104m██[38;2;93;106;119m██[38;2;52;53;55m██[38;2;76;89;106m██[38;2;126;132;81m██[38;2;31;36;37m██[38;2;230;238;54m  [38;2;230;239;53m  [38;2;230;238;54m  [38;2;230;239;53m  [38;2;229;238;54m  [38;2;59;61;13m  
[38;2;0;0;0m  [38;2;0;2;0m  [38;2;112;119;0m██[38;2;88;92;1m██[38;2;115;119;21m██[38;2;125;131;11m████[38;2;186;193;55m██[38;2;145;153;72m██[38;2;21;27;23m██[38;2;172;180;40m  [38;2;226;235;53m  [38;2;230;239;54m  [38;2;230;239;53m    [38;2;230;239;54m  [38;2;230;239;53m  [38;2;222;231;52m  [38;2;42;50;58m██[38;2;104;111;76m██[38;2;172;184;85m██[38;2;96;112;124m██[38;2;113;122;42m██[38;2;169;174;60m██[38;2;150;161;86m██[38;2;48;55;32m  [38;2;172;180;40m  [38;2;172;182;42m  [38;2;172;180;41m  [38;2;172;180;40m  [38;2;44;46;10m  
[38;2;0;0;0m    [38;2;132;139;28m  [38;2;117;124;0m██[38;2;131;138;6m██[38;2;134;140;3m██[38;2;91;93;42m██[38;2;218;226;47m██[38;2;94;98;75m██[38;2;75;83;94m██[38;2;58;67;80m██[38;2;57;63;17m  [38;2;57;62;13m          [38;2;57;62;15m  [38;2;69;79;94m██[38;2;142;150;4m██[38;2;230;239;54m██[38;2;189;200;67m██[38;2;131;138;11m██[38;2;214;222;55m██[38;2;186;192;57m██[38;2;177;188;75m██[38;2;74;87;95m██[38;2;86;91;56m██[38;2;163;170;52m██[38;2;172;180;40m██[38;2;44;48;10m  
[38;2;0;0;0m    [38;2;230;239;54m  [38;2;90;96;21m  [38;2;72;77;9m  [38;2;131;138;0m██[38;2;138;145;1m██[38;2;75;75;57m██[38;2;79;89;104m████[38;2;71;75;81m██[38;2;79;89;104m██[38;2;100;115;126m██[38;2;99;115;128m██[38;2;82;90;96m██[38;2;99;115;128m██[38;2;86;95;103m██[38;2;90;102;111m██[38;2;109;119;48m██[38;2;219;227;54m██[38;2;65;65;65m██[38;2;186;192;52m██[38;2;202;211;38m██[38;2;65;65;65m██[38;2;92;93;64m██[38;2;230;238;54m██[38;2;230;239;54m██[38;2;172;180;40m██[38;2;90;96;21m  [38;2;57;62;13m  [38;2;14;16;3m  
[38;2;0;0;0m    [38;2;230;239;53m  [38;2;230;239;54m  [38;2;211;220;49m  [38;2;56;61;6m  [38;2;137;144;1m██[38;2;96;80;73m██[38;2;85;72;86m██[38;2;91;84;97m██[38;2;77;86;98m██[38;2;93;107;120m██[38;2;99;115;127m████[38;2;81;89;95m██[38;2;98;115;128m██[38;2;95;114;126m██[38;2;77;78;50m██[38;2;169;176;57m██[38;2;104;105;63m██[38;2;65;65;65m██[38;2;81;81;64m██[38;2;230;238;53m██[38;2;189;195;56m██[38;2;215;223;55m██[38;2;57;62;13m████[38;2;172;180;40m  [38;2;213;221;50m  [38;2;229;238;54m  [38;2;59;61;13m  
[38;2;0;0;0m  [38;2;49;51;49m  [38;2;66;72;15m  [38;2;230;238;53m  [38;2;230;239;54m  [38;2;230;238;53m  [38;2;57;62;13m  [38;2;72;56;60m  [38;2;149;148;53m██[38;2;127;118;83m██[38;2;79;89;104m██[38;2;97;113;126m██[38;2;99;115;127m██[38;2;67;66;67m██[38;2;103;105;117m██[38;2;98;30;50m██[38;2;148;90;60m██[38;2;93;113;114m██[38;2;155;158;56m██[38;2;107;108;62m██[38;2;178;184;57m██[38;2;224;233;52m██[38;2;172;180;40m██[38;2;57;62;13m    [38;2;230;238;54m  [38;2;230;239;54m  [38;2;230;238;54m  [38;2;230;239;53m  [38;2;230;238;54m  [38;2;59;61;13m  
[38;2;49;51;49m  [38;2;92;95;92m██[38;2;189;197;44m  [38;2;230;239;54m    [38;2;230;239;53m  [38;2;230;238;53m  [38;2;179;187;42m  [38;2;58;64;52m██[38;2;119;127;94m██[38;2;85;98;110m██[38;2;98;114;127m██[38;2;87;98;106m██[38;2;90;101;110m██[38;2;208;201;71m██[38;2;179;182;69m██[38;2;144;151;79m██[38;2;68;79;103m██[38;2;211;219;55m██[38;2;222;230;54m██[38;2;78;81;34m██[38;2;224;233;52m  [38;2;172;180;40m  [38;2;230;239;54m  [38;2;229;239;54m  [38;2;230;238;54m  [38;2;230;239;53m  [38;2;230;238;54m  [38;2;230;239;53m  [38;2;229;238;54m  [38;2;59;61;13m  
[38;2;65;68;65m██[38;2;106;109;106m██[38;2;189;197;44m  [38;2;230;238;53m  [38;2;230;239;54m  [38;2;230;238;53m  [38;2;230;238;54m    [38;2;163;170;38m  [38;2;58;67;73m  [38;2;88;100;113m██[38;2;99;115;127m██[38;2;97;112;124m██[38;2;95;109;120m████[38;2;106;114;94m██[38;2;96;104;77m██[38;2;165;171;79m██[38;2;126;129;72m██[38;2;69;72;77m██[38;2;74;85;99m██[38;2;40;50;40m  [38;2;207;216;48m  [38;2;230;239;54m    [38;2;230;238;54m  [38;2;230;239;54m  [38;2;230;238;54m  [38;2;230;239;53m  [38;2;230;238;54m  [38;2;59;61;13m  
[38;2;16;17;16m  [38;2;211;212;211m██[38;2;139;150;131m  [38;2;196;204;46m  [38;2;230;239;54m  [38;2;230;239;53m  [38;2;230;238;53m  [38;2;230;239;54m  [38;2;230;239;53m  [38;2;178;185;41m  [38;2;22;28;28m██[38;2;24;31;31m██[38;2;86;90;51m██[38;2;161;162;75m████[38;2;89;98;72m██[38;2;116;124;45m██[38;2;120;127;16m██[38;2;113;108;83m██[38;2;75;83;93m██[38;2;84;97;108m██[38;2;91;105;118m██[38;2;140;148;33m  [38;2;230;239;54m  [38;2;229;239;54m  [38;2;230;238;54m  [38;2;230;239;53m  [38;2;230;238;54m  [38;2;230;239;53m  [38;2;229;238;54m  [38;2;59;61;13m  
[38;2;0;0;0m  [38;2;0;3;0m  [38;2;228;245;236m██[38;2;84;98;90m██[38;2;0;0;0m  [38;2;192;200;45m  [38;2;230;238;54m      [38;2;230;238;53m  [38;2;230;239;53m  [38;2;253;253;242m  [38;2;168;169;168m  [38;2;63;66;63m    [38;2;75;59;67m██[38;2;176;177;67m██[38;2;198;198;63m██[38;2;185;183;93m██[38;2;220;231;169m██[38;2;86;98;110m██[38;2;91;103;113m██[38;2;37;47;50m██[38;2;230;239;54m    [38;2;230;238;54m  [38;2;230;239;54m  [38;2;230;238;54m  [38;2;230;239;53m  [38;2;230;238;54m  [38;2;59;61;13m  
[38;2;0;0;0m    [38;2;103;115;108m██[38;2;202;239;223m██[38;2;0;2;0m  [38;2;192;200;45m  [38;2;230;238;53m  [38;2;230;239;54m  [38;2;230;239;53m  [38;2;230;239;54m  [38;2;230;239;53m  [38;2;74;77;63m  [38;2;63;66;63m  [38;2;248;248;248m  [38;2;162;163;162m  [38;2;86;73;69m██[38;2;217;225;146m██[38;2;230;241;141m██[38;2;230;239;83m██[38;2;100;104;100m██[38;2;99;110;115m██[38;2;69;73;75m██[38;2;78;109;122m██[38;2;79;85;18m  [38;2;229;239;54m  [38;2;230;238;54m  [38;2;230;239;53m  [38;2;230;238;54m  [38;2;230;239;53m  [38;2;229;238;54m  [38;2;59;61;13m  
[38;2;0;0;0m    [38;2;57;72;64m██[38;2;206;240;225m██[38;2;122;160;145m██[38;2;192;201;45m  [38;2;230;238;54m      [38;2;230;238;53m  [38;2;124;130;29m  [38;2;93;106;113m██[38;2;94;106;118m██[38;2;3;7;3m██[38;2;47;56;65m██[38;2;69;70;74m██[38;2;150;155;122m██[38;2;232;242;174m██[38;2;140;145;114m██[38;2;74;77;81m██[38;2;84;94;97m██[38;2;84;94;99m██[38;2;106;149;155m██[38;2;29;34;6m  [38;2;230;239;54m  [38;2;230;238;54m  [38;2;230;239;54m  [38;2;230;238;54m  [38;2;230;239;53m  [38;2;230;238;54m  [38;2;59;61;13m  
[38;2;0;0;0m  [38;2;0;2;0m  [38;2;143;192;176m██[38;2;173;234;213m██[38;2;125;161;147m██[38;2;192;201;45m  [38;2;230;238;53m  [38;2;230;239;54m  [38;2;230;239;53m  [38;2;230;239;54m  [38;2;96;102;22m██[38;2;110;106;48m██[38;2;111;118;43m██[38;2;185;186;185m  [38;2;25;25;26m██[38;2;193;192;191m  [38;2;126;134;97m██[38;2;227;238;170m██[38;2;152;156;73m██[38;2;74;77;81m██[38;2;81;109;115m██[38;2;106;165;169m██[38;2;117;168;167m██[38;2;98;133;119m  [38;2;168;176;39m  [38;2;230;238;54m  [38;2;230;239;53m  [38;2;230;238;54m  [38;2;230;239;53m  [38;2;229;238;54m  [38;2;59;61;13m  
[38;2;0;1;0m  [38;2;129;178;162m██[38;2;159;216;200m██[38;2;163;222;204m██[38;2;0;2;0m  [38;2;144;150;33m  [38;2;230;238;54m      [38;2;230;238;53m  [38;2;157;165;37m  [38;2;57;68;19m  [38;2;127;138;63m██[38;2;21;27;28m██[38;2;83;119;127m██[38;2;35;50;45m██[38;2;140;190;181m██[38;2;204;225;172m██[38;2;141;150;74m██[38;2;73;77;68m██[38;2;130;133;70m██[38;2;85;130;135m██[38;2;100;135;135m██[38;2;120;162;154m██[38;2;49;69;64m██[38;2;230;238;54m  [38;2;230;239;54m  [38;2;230;238;54m  [38;2;189;196;44m  [38;2;172;179;40m  [38;2;44;46;10m  
[38;2;18;29;25m  [38;2;131;187;175m██[38;2;159;216;200m██[38;2;147;205;189m██[38;2;75;106;96m  [38;2;0;0;0m  [38;2;230;238;53m  [38;2;230;239;54m  [38;2;230;239;53m  [38;2;230;239;54m  [38;2;230;239;53m    [38;2;42;72;75m██[38;2;79;92;106m██[38;2;91;148;159m██[38;2;140;190;181m██[38;2;94;114;123m██[38;2;139;190;181m██[38;2;129;172;165m██[38;2;116;157;150m██[38;2;108;135;127m██[38;2;73;77;77m██[38;2;94;113;110m██[38;2;108;145;137m██[38;2;125;134;42m  [38;2;230;238;54m  [38;2;230;239;53m  [38;2;230;238;54m  [38;2;66;69;15m  [38;2;0;0;0m    
[38;2;36;52;46m██[38;2;108;161;147m██[38;2;139;190;181m████[38;2;139;190;180m██[38;2;51;73;67m██[38;2;0;1;0m  [38;2;0;0;0m          [38;2;0;1;0m  [38;2;90;153;158m██[38;2;95;157;167m██[38;2;79;89;104m██[38;2;119;171;158m██[38;2;126;178;166m██[38;2;139;190;181m██[38;2;139;189;181m██[38;2;128;171;164m██[38;2;135;182;175m██[38;2;94;114;123m██[38;2;91;125;118m  [38;2;0;1;0m  [38;2;0;0;0m            
[38;2;9;13;11m  [38;2;116;158;150m██[38;2;111;163;150m██[38;2;139;190;181m██[38;2;139;189;180m██[38;2;139;190;181m██[38;2;104;143;135m██[38;2;13;21;17m  [38;2;0;3;0m  [38;2;0;0;0m        [38;2;22;41;39m  [38;2;93;131;142m██[38;2;124;165;161m██[38;2;140;190;180m██[38;2;82;105;111m██[38;2;133;190;181m██[38;2;137;188;180m██[38;2;84;117;120m██[38;2;140;181;181m██[38;2;140;190;180m██[38;2;0;3;0m  [38;2;0;0;0m              
[38;2;0;0;0m  [38;2;81;111;105m  [38;2;128;179;168m██[38;2;120;173;160m██[38;2;139;190;180m██[38;2;139;190;181m████[38;2;139;190;180m████[38;2;44;64;58m██[38;2;34;50;45m██████[38;2;91;112;122m██[38;2;105;144;148m██[38;2;99;153;137m██[38;2;139;190;181m██[38;2;138;187;179m██[38;2;100;137;143m██[38;2;95;156;166m██[38;2;39;65;69m  [38;2;57;75;74m██[38;2;40;57;52m  [38;2;0;0;0m                
[38;2;0;0;0m    [38;2;65;90;84m██[38;2;129;180;169m██[38;2;99;153;137m██[38;2;133;184;173m██[38;2;139;189;181m██[38;2;139;190;181m██[38;2;139;190;180m██████[38;2;139;190;181m██[38;2;121;173;161m██[38;2;99;153;137m██[38;2;112;165;151m██[38;2;139;190;181m██[38;2;139;190;180m██[38;2;137;189;180m██[38;2;100;159;168m██[38;2;88;150;156m██[38;2;9;17;17m  [38;2;0;1;0m  [38;2;0;0;0m                  
[38;2;0;0;0m      [38;2;84;116;109m  [38;2;140;190;180m██[38;2;106;159;144m██[38;2;99;153;137m██[38;2;123;174;162m██[38;2;126;177;166m████[38;2;115;167;154m██[38;2;99;153;137m████[38;2;138;188;179m██[38;2;139;190;181m████[38;2;133;185;179m██[38;2;95;156;166m██[38;2;80;136;141m██[38;2;0;2;0m  [38;2;0;0;0m                      
[38;2;0;0;0m        [38;2;35;50;45m██[38;2;123;167;159m██[38;2;140;189;181m██[38;2;127;179;168m██[38;2;125;177;166m████[38;2;131;182;172m██[38;2;139;190;181m██████[38;2;139;190;180m██[38;2;104;166;168m██[38;2;101;161;166m██[38;2;23;42;41m██[38;2;10;19;18m  [38;2;0;0;0m                        
[38;2;0;0;0m          [38;2;0;2;0m  [38;2;37;52;48m  [38;2;104;143;135m██[38;2;117;161;153m██[38;2;139;190;181m██[38;2;139;190;180m██[38;2;139;190;181m██[38;2;123;168;160m██[38;2;104;143;135m██[38;2;72;118;125m██[38;2;0;3;0m    [38;2;0;0;0m                            
[38;2;0;0;0m              [38;2;0;1;0m  [38;2;13;20;17m  [38;2;35;50;45m██████[38;2;19;28;24m  [38;2;0;1;0m    [38;2;0;0;0m                                [0m
