
[38;2;0;0;0m                                [38;2;61;29;17m████[38;2;57;29;19m██[38;2;60;29;18m██[38;2;46;22;13m  [38;2;0;0;0m                          
[38;2;0;0;0m                            [38;2;46;22;13m  [38;2;184;86;51m██[38;2;231;109;65m██[38;2;181;90;62m██[38;2;177;92;66m██[38;2;230;111;67m██[38;2;34;16;9m  [38;2;0;0;0m                          
[38;2;0;0;0m                  [38;2;47;27;20m  [38;2;63;36;26m██[38;2;167;82;53m██[38;2;202;98;61m████[38;2;231;110;65m██[38;2;231;108;63m██[38;2;217;102;62m██[38;2;174;89;60m██[38;2;182;98;67m██[38;2;164;80;49m██[38;2;0;0;0m                            
[38;2;0;0;0m                [38;2;40;24;17m  [38;2;182;107;79m██[38;2;189;108;79m██[38;2;184;106;78m██[38;2;183;106;78m████[38;2;155;78;54m██[38;2;212;100;60m██[38;2;231;108;63m██[38;2;222;106;64m██[38;2;170;94;65m██[38;2;97;80;75m██[38;2;0;0;0m                            
[38;2;0;0;0m              [38;2;0;4;4m  [38;2;139;88;68m██[38;2;84;71;67m██[38;2;102;77;65m██[38;2;133;86;65m██[38;2;133;88;69m██[38;2;189;109;79m████[38;2;169;94;68m██[38;2;163;88;63m██[38;2;189;96;65m██[38;2;206;103;65m██[38;2;106;85;77m██[38;2;105;90;84m██[38;2;114;95;88m██[38;2;46;38;35m██[38;2;46;38;36m██[38;2;0;0;0m                    
[38;2;0;0;0m              [38;2;161;77;46m  [38;2;180;104;76m██[38;2;180;107;80m██[38;2;176;101;74m██[38;2;141;74;54m██[38;2;123;72;57m██[38;2;74;67;66m██[38;2;102;77;66m██[38;2;189;105;72m██[38;2;160;95;71m██[38;2;186;107;77m██[38;2;201;105;69m██[38;2;222;109;67m██[38;2;79;73;72m██[38;2;116;96;89m████[38;2;116;96;90m██[38;2;108;90;83m██[38;2;27;22;20m  [38;2;0;0;0m                
[38;2;0;0;0m  [38;2;80;38;23m  [38;2;107;51;30m████[38;2;128;61;38m██[38;2;190;93;60m██████[38;2;184;92;61m██[38;2;165;90;65m██[38;2;160;87;63m██[38;2;144;75;53m██[38;2;144;74;53m██[38;2;116;71;57m██[38;2;112;99;80m██[38;2;95;74;62m██[38;2;144;107;72m██[38;2;190;108;77m██[38;2;183;101;72m██[38;2;156;91;66m██[38;2;218;109;69m██[38;2;126;89;76m██[38;2;113;95;88m██[38;2;102;89;84m██[38;2;103;89;83m██[38;2;48;45;43m██[38;2;0;0;0m                
[38;2;0;0;0m    [38;2;38;21;11m██[38;2;149;77;56m██[38;2;178;91;60m██[38;2;178;102;74m██[38;2;189;111;81m████[38;2;156;83;60m██[38;2;189;109;79m██[38;2;178;102;74m██[38;2;144;75;53m██[38;2;65;65;65m██[38;2;128;162;118m██[38;2;96;178;98m██[38;2;33;118;89m██[38;2;61;97;65m██[38;2;160;96;73m██[38;2;189;109;79m██[38;2;183;102;73m██[38;2;85;73;65m██[38;2;210;104;65m██[38;2;115;85;73m██[38;2;116;93;85m██[38;2;117;97;90m██[38;2;78;76;71m██[38;2;116;95;88m██[38;2;29;23;22m██[38;2;0;0;0m            
[38;2;0;0;0m        [38;2;22;12;9m  [38;2;88;51;38m████[38;2;163;94;68m██[38;2;189;109;79m████[38;2;133;73;54m██[38;2;74;96;69m██[38;2;86;164;83m██[38;2;86;168;89m██[38;2;43;138;74m██[38;2;194;102;141m██[38;2;102;76;67m██[38;2;101;79;66m██[38;2;124;84;70m██[38;2;159;91;69m██[38;2;192;108;78m██[38;2;147;92;72m██[38;2;164;91;65m██[38;2;190;100;68m██[38;2;116;92;84m██[38;2;117;97;89m██[38;2;78;72;71m██[38;2;117;96;89m██[38;2;103;85;79m██[38;2;15;12;12m  [38;2;0;0;0m        
[38;2;0;0;0m              [38;2;8;7;4m  [38;2;47;73;53m██[38;2;72;67;66m██[38;2;125;72;56m██[38;2;58;123;69m██[38;2;66;133;81m██[38;2;111;106;123m██[38;2;76;30;49m██[38;2;255;101;165m██[38;2;106;76;66m██[38;2;198;108;75m██[38;2;62;85;67m██[38;2;62;88;68m██[38;2;94;79;70m██[38;2;189;106;75m██[38;2;162;97;73m██[38;2;183;97;66m██[38;2;199;101;65m██[38;2;128;81;65m██[38;2;81;74;72m██[38;2;98;86;82m██[38;2;115;95;88m██[38;2;34;28;26m██[38;2;0;0;0m        
[38;2;0;0;0m              [38;2;44;109;57m██[38;2;84;94;71m██[38;2;159;95;68m██[38;2;108;70;58m██[38;2;85;67;62m██[38;2;49;120;76m██[38;2;109;96;92m██[38;2;255;101;165m██[38;2;149;96;116m██[38;2;74;91;69m██[38;2;118;92;72m██[38;2;47;114;66m██[38;2;46;134;73m██[38;2;53;140;80m██[38;2;101;90;69m██[38;2;192;107;75m██[38;2;152;96;75m██[38;2;118;74;60m██[38;2;163;91;69m██[38;2;116;91;82m██[38;2;117;97;90m██[38;2;104;90;84m██[38;2;112;93;87m██[38;2;0;0;0m        
[38;2;0;0;0m            [38;2;36;63;34m██[38;2;78;163;83m██[38;2;52;126;69m██[38;2;64;76;67m██[38;2;130;74;53m██[38;2;79;68;63m██[38;2;65;126;82m██[38;2;49;140;69m██[38;2;82;70;66m██[38;2;172;94;66m██[38;2;31;86;60m██[38;2;90;101;83m██[38;2;47;137;68m██[38;2;122;192;107m██[38;2;60;152;75m██[38;2;62;85;67m██[38;2;92;82;68m██[38;2;157;84;61m██[38;2;187;108;78m██[38;2;102;77;65m██[38;2;201;103;67m██[38;2;116;93;85m██[38;2;111;93;87m██[38;2;99;85;79m██[38;2;0;0;0m        
[38;2;0;0;0m          [38;2;33;32;33m  [38;2;105;181;99m██[38;2;67;150;86m██[38;2;78;160;89m██[38;2;33;127;72m██[38;2;64;76;63m██[38;2;61;82;69m██[38;2;174;109;79m██[38;2;48;94;61m██[38;2;99;88;66m██[38;2;92;133;87m██[38;2;90;146;90m██[38;2;76;157;90m██[38;2;121;192;107m██[38;2;94;128;86m██[38;2;107;167;97m██[38;2;58;113;68m██[38;2;54;141;70m██[38;2;95;89;69m██[38;2;192;107;76m██[38;2;181;101;73m██[38;2;179;96;65m██[38;2;134;91;75m██[38;2;110;89;81m██[38;2;81;68;62m██[38;2;0;0;0m        
[38;2;0;0;0m    [38;2;9;5;4m  [38;2;151;85;59m██[38;2;109;76;63m██[38;2;97;75;68m██[38;2;112;186;102m██[38;2;76;151;110m██[38;2;112;185;103m██[38;2;81;166;87m██[38;2;60;116;68m██[38;2;69;89;71m██[38;2;77;90;74m██[38;2;111;167;99m██[38;2;100;175;99m██[38;2;50;137;80m██[38;2;66;127;83m██[38;2;108;95;84m██[38;2;100;141;91m██[38;2;182;110;84m██[38;2;59;82;73m██[38;2;90;71;65m██[38;2;55;135;70m██[38;2;54;147;71m██[38;2;94;74;68m██[38;2;180;103;76m██[38;2;170;87;61m██[38;2;166;93;67m██[38;2;85;75;74m██[38;2;104;88;83m██[38;2;17;14;13m  [38;2;0;0;0m      
[38;2;0;0;1m  [38;2;56;73;59m  [38;2;133;82;53m██[38;2;162;97;68m██[38;2;158;94;67m██[38;2;74;67;66m██[38;2;65;105;71m██[38;2;110;184;101m██[38;2;109;183;102m██[38;2;122;192;107m██[38;2;68;159;78m██[38;2;71;159;81m██[38;2;72;159;82m████[38;2;92;169;96m██[38;2;115;187;105m██[38;2;108;161;97m██[38;2;180;106;76m██[38;2;54;96;58m██[38;2;185;110;81m██[38;2;93;85;70m██[38;2;189;105;74m██[38;2;53;90;66m██[38;2;64;155;76m██[38;2;59;111;67m██[38;2;143;105;82m██[38;2;186;104;74m██[38;2;171;88;60m██[38;2;76;69;70m██[38;2;98;86;82m██[38;2;80;67;64m██[38;2;0;0;0m      
[38;2;22;34;24m██[38;2;120;174;125m██[38;2;54;146;80m██[38;2;70;105;77m██[38;2;60;97;72m██[38;2;41;137;91m██[38;2;60;97;69m██[38;2;53;142;72m██[38;2;104;180;98m██[38;2;117;189;104m██[38;2;122;192;108m██[38;2;123;192;108m██[38;2;122;192;108m██[38;2;123;192;108m██[38;2;117;189;104m██[38;2;104;180;98m██[38;2;56;112;69m██[38;2;144;96;63m██[38;2;77;120;71m██[38;2;92;103;69m██[38;2;91;79;63m██[38;2;188;106;65m██[38;2;82;147;81m██[38;2;116;193;102m██[38;2;69;137;76m██[38;2;58;78;66m██[38;2;188;109;79m██[38;2;164;89;64m██[38;2;76;71;70m██[38;2;115;95;89m██[38;2;74;64;61m██[38;2;0;0;0m      
[38;2;14;36;20m██[38;2;59;147;80m██[38;2;66;147;98m██[38;2;40;126;81m██[38;2;54;147;75m██[38;2;48;142;74m██[38;2;51;124;76m██[38;2;60;94;69m██[38;2;54;147;71m██[38;2;64;154;78m██[38;2;67;156;79m████████[38;2;64;154;78m██[38;2;54;147;71m██[38;2;101;104;103m██[38;2;67;123;97m██[38;2;174;204;184m██[38;2;100;170;97m██[38;2;98;149;90m██[38;2;88;105;83m██[38;2;122;192;107m██[38;2;78;121;83m██[38;2;68;136;72m██[38;2;62;85;67m██[38;2;189;109;79m██[38;2;191;107;76m██[38;2;142;92;71m██[38;2;85;79;74m██[38;2;66;60;57m██[38;2;0;0;0m      
[38;2;0;0;0m  [38;2;26;74;38m  [38;2;45;109;58m██[38;2;35;127;73m██[38;2;55;148;77m██[38;2;58;147;80m██[38;2;23;79;40m██[38;2;48;137;66m██[38;2;77;78;74m██[38;2;102;109;92m██[38;2;57;127;69m██[38;2;57;147;77m██[38;2;58;148;80m██[38;2;58;147;80m██[38;2;55;141;70m██[38;2;64;78;66m██[38;2;47;141;71m██[38;2;47;141;74m██[38;2;27;121;71m██[38;2;131;189;153m██[38;2;123;189;128m██[38;2;122;192;107m██[38;2;83;118;80m██[38;2;84;122;84m██[38;2;84;152;82m██[38;2;59;106;68m██[38;2;151;92;68m██[38;2;162;89;65m██[38;2;160;97;75m██[38;2;81;75;73m██[38;2;43;39;38m  [38;2;0;0;0m      
[38;2;0;0;0m    [38;2;2;4;2m  [38;2;7;19;10m██████[38;2;0;0;0m  [38;2;5;14;7m  [38;2;235;182;162m██[38;2;233;183;161m██[38;2;188;152;135m██[38;2;64;76;67m██[38;2;65;76;67m████[38;2;105;101;89m██[38;2;229;177;158m██[38;2;54;91;67m██[38;2;54;147;71m██[38;2;58;147;79m██[38;2;50;145;71m██[38;2;80;163;89m██[38;2;87;109;83m██[38;2;78;92;75m██[38;2;119;188;105m██[38;2;119;191;105m██[38;2;68;157;80m██[38;2;62;119;68m██[38;2;162;99;76m██[38;2;185;107;77m██[38;2;95;75;69m██[38;2;0;0;0m        
[38;2;0;0;0m                [38;2;178;136;121m██[38;2;168;148;138m██[38;2;255;194;171m██[38;2;255;194;172m██[38;2;220;176;158m██[38;2;255;194;171m████[38;2;175;146;134m██[38;2;226;175;156m██[38;2;141;116;107m██[38;2;61;114;74m██[38;2;59;114;70m██[38;2;141;116;108m██[38;2;161;153;121m██[38;2;118;169;112m██[38;2;96;150;94m██[38;2;102;159;95m██[38;2;122;193;108m██[38;2;56;127;69m██[38;2;158;97;75m██[38;2;189;108;78m██[38;2;77;56;49m██[38;2;0;0;0m        
[38;2;0;0;0m                [38;2;63;48;43m██[38;2;249;191;170m██[38;2;255;194;169m██[38;2;255;194;172m██[38;2;167;148;137m██[38;2;255;194;169m████[38;2;167;148;137m██[38;2;255;194;172m██[38;2;255;194;169m██[38;2;242;186;165m████[38;2;224;182;160m██[38;2;79;130;127m██[38;2;60;104;96m██[38;2;173;103;72m██[38;2;46;89;67m██[38;2;19;113;68m██[38;2;56;127;69m██[38;2;158;97;75m██[38;2;144;83;60m██[38;2;3;1;1m  [38;2;0;0;0m        
[38;2;0;0;0m                [38;2;41;33;30m██[38;2;232;179;160m████[38;2;157;127;117m██[38;2;153;125;115m██[38;2;118;102;97m██[38;2;188;149;135m██[38;2;255;194;170m████[38;2;214;173;156m██[38;2;200;166;151m██[38;2;197;162;147m██[38;2;96;110;96m██[38;2;108;181;102m██[38;2;108;161;97m██[38;2;189;98;65m██[38;2;125;102;71m██[38;2;110;183;103m██[38;2;65;96;83m██[38;2;118;95;75m██[38;2;150;97;65m██[38;2;6;17;8m  [38;2;0;0;0m        
[38;2;0;0;0m            [38;2;57;27;16m██[38;2;57;30;28m██[38;2;71;71;44m██[38;2;62;85;67m██[38;2;65;65;65m██[38;2;130;114;108m██[38;2;220;178;161m██[38;2;189;154;142m██[38;2;88;81;79m██[38;2;142;132;125m██[38;2;143;132;125m██[38;2;230;178;159m██[38;2;255;194;170m██[38;2;113;97;91m██[38;2;189;98;65m██[38;2;155;129;106m██[38;2;85;72;64m██[38;2;210;103;64m██[38;2;113;81;59m██[38;2;54;75;68m██[38;2;189;98;65m██[38;2;108;161;97m██[38;2;72;78;71m██[38;2;30;115;76m██[38;2;47;27;20m██[38;2;189;116;87m██[38;2;0;4;4m  [38;2;0;0;0m  
[38;2;0;0;0m            [38;2;26;12;7m  [38;2;200;97;59m██[38;2;150;80;56m██[38;2;88;71;65m██[38;2;182;139;122m██[38;2;110;93;91m██[38;2;187;151;139m██[38;2;206;163;147m██[38;2;137;115;108m██[38;2;136;126;122m██[38;2;241;186;165m██[38;2;95;87;85m██[38;2;229;177;157m██[38;2;73;86;80m██[38;2;211;118;81m██[38;2;90;79;71m██[38;2;106;77;62m██[38;2;165;81;54m██[38;2;177;109;67m██[38;2;119;93;67m██[38;2;211;103;64m██[38;2;96;128;81m██[38;2;50;78;74m██[38;2;94;120;81m██[38;2;95;109;75m██[38;2;122;85;61m██[38;2;76;44;32m  [38;2;0;0;0m  
[38;2;0;0;0m              [38;2;161;76;46m  [38;2;168;84;57m██[38;2;105;76;65m██[38;2;162;116;95m██[38;2;167;132;121m██[38;2;90;85;84m██[38;2;181;148;137m██[38;2;173;140;128m██[38;2;160;135;126m██[38;2;157;140;134m██[38;2;105;93;90m██[38;2;154;125;115m██[38;2;139;107;87m██[38;2;216;118;82m██[38;2;222;107;65m██[38;2;87;78;66m██[38;2;208;103;64m██[38;2;177;108;66m██[38;2;167;108;66m██[38;2;228;107;63m██[38;2;87;103;69m██[38;2;85;161;94m██[38;2;53;129;75m██[38;2;54;147;76m██[38;2;62;89;69m██[38;2;61;87;68m██[38;2;12;34;17m  
[38;2;0;0;0m              [38;2;0;0;6m  [38;2;153;78;52m██[38;2;172;95;65m██[38;2;125;82;56m██[38;2;98;72;63m██[38;2;107;94;90m██[38;2;99;96;93m██[38;2;142;118;111m██[38;2;164;133;123m██[38;2;142;118;111m██[38;2;203;162;147m██[38;2;65;65;65m██[38;2;108;161;97m██[38;2;107;76;65m████[38;2;108;161;97m██[38;2;189;98;65m██[38;2;117;100;71m██[38;2;51;92;79m██[38;2;189;98;65m██[38;2;107;160;96m████[38;2;56;127;69m██[38;2;59;147;80m██[38;2;33;80;43m██[38;2;18;43;23m  [38;2;0;0;0m  
[38;2;0;0;0m                [38;2;9;16;16m██[38;2;47;73;72m██[38;2;45;134;96m██[38;2;61;76;69m██[38;2;53;147;71m██[38;2;61;94;67m██[38;2;42;42;42m  [38;2;92;85;81m  [38;2;111;104;100m██[38;2;75;74;74m██[38;2;123;119;113m██[38;2;105;150;95m██[38;2;110;165;98m██████[38;2;159;125;93m██[38;2;59;120;75m██[38;2;122;192;107m██[38;2;85;109;80m██[38;2;122;193;107m██[38;2;32;41;28m  [38;2;0;0;0m          
[38;2;0;0;0m                [38;2;7;9;9m  [38;2;153;152;151m██[38;2;92;120;113m██[38;2;64;132;84m██[38;2;41;128;64m██[38;2;17;49;23m██[38;2;0;0;0m    [38;2;11;11;10m  [38;2;46;44;42m████[38;2;28;27;27m██[38;2;94;128;86m██[38;2;123;193;108m██[38;2;50;134;80m██[38;2;145;184;162m██[38;2;95;139;114m██[38;2;65;149;86m██[38;2;123;193;108m██[38;2;61;96;53m██[38;2;1;0;0m  [38;2;0;0;0m          
[38;2;0;0;0m                    [38;2;0;0;6m  [38;2;0;0;1m  [38;2;0;0;0m                [38;2;24;38;21m  [38;2;31;103;61m██[38;2;194;212;204m████[38;2;129;170;154m██[38;2;184;212;193m██[38;2;31;103;61m██[38;2;24;38;21m  [38;2;0;0;0m            
[38;2;0;0;0m                                            [38;2;50;50;50m        [38;2;0;0;0m                [0m
