
[38;2;0;0;0m    [38;2;49;53;52m                    [38;2;27;30;29m██[38;2;2;2;2m  [38;2;49;53;52m                [38;2;12;13;13m  
[38;2;0;0;0m    [38;2;198;214;211m  [38;2;198;214;212m        [38;2;198;214;211m  [38;2;198;213;212m  [38;2;198;213;211m  [38;2;198;214;212m  [38;2;198;214;211m  [38;2;111;120;118m██[38;2;8;9;9m  [38;2;198;213;211m  [38;2;198;214;211m  [38;2;198;213;211m  [38;2;198;214;211m  [38;2;198;213;211m  [38;2;198;214;211m      [38;2;51;55;55m  
[38;2;0;0;0m    [38;2;198;214;211m    [38;2;198;214;212m  [38;2;197;214;211m  [38;2;198;214;211m  [38;2;152;165;163m  [38;2;170;183;182m  [38;2;198;213;211m  [38;2;198;213;212m  [38;2;198;214;211m  [38;2;105;115;114m██[38;2;45;49;49m  [38;2;176;190;188m  [38;2;198;214;212m  [38;2;198;213;211m  [38;2;198;214;211m  [38;2;198;214;212m      [38;2;198;213;211m  [38;2;51;55;55m  
[38;2;0;0;0m    [38;2;198;214;211m  [38;2;198;214;212m        [38;2;17;18;18m  [38;2;79;83;82m  [38;2;191;207;205m  [38;2;126;137;135m  [38;2;49;53;52m  [38;2;138;147;148m██[38;2;137;144;143m██[38;2;111;120;119m  [38;2;198;214;211m  [38;2;198;213;211m  [38;2;198;214;211m  [38;2;198;213;211m  [38;2;198;214;211m      [38;2;51;55;55m  
[38;2;0;0;0m    [38;2;198;214;211m    [38;2;198;214;212m  [38;2;197;214;211m  [38;2;198;214;211m  [38;2;17;18;18m  [38;2;92;95;94m██[38;2;143;155;153m  [38;2;85;91;90m  [38;2;202;221;220m██[38;2;94;94;95m██[38;2;129;134;133m██[38;2;111;120;119m  [38;2;198;214;212m  [38;2;198;213;211m  [38;2;198;214;211m  [38;2;198;214;212m      [38;2;198;213;211m  [38;2;51;55;55m  
[38;2;0;0;0m    [38;2;198;214;211m  [38;2;198;214;212m        [38;2;17;18;18m  [38;2;113;117;115m██[38;2;148;162;161m██[38;2;110;117;117m██[38;2;202;221;220m██[38;2;103;108;110m██[38;2;89;87;88m██[38;2;53;54;54m  [38;2;198;214;211m  [38;2;198;213;211m  [38;2;198;214;211m  [38;2;198;213;211m  [38;2;198;214;211m      [38;2;51;55;55m  
[38;2;0;0;0m    [38;2;198;214;211m    [38;2;198;214;212m  [38;2;197;214;211m  [38;2;120;130;129m  [38;2;65;77;78m██[38;2;147;157;157m██[38;2;201;220;219m██[38;2;139;147;147m██[38;2;202;221;220m██[38;2;112;118;120m██[38;2;133;138;136m██[38;2;120;128;129m██[38;2;17;18;18m  [38;2;198;213;211m  [38;2;198;214;211m  [38;2;198;214;212m      [38;2;198;213;211m  [38;2;51;55;55m  
[38;2;0;0;0m    [38;2;198;214;211m  [38;2;198;214;212m      [38;2;120;130;129m  [38;2;58;58;59m██[38;2;221;231;231m██[38;2;219;230;229m██[38;2;125;131;130m██[38;2;202;221;220m██[38;2;150;163;162m██[38;2;86;87;87m██[38;2;143;150;150m██[38;2;17;18;18m  [38;2;198;213;211m  [38;2;198;214;211m  [38;2;198;213;211m  [38;2;198;214;211m      [38;2;51;55;55m  
[38;2;0;0;0m    [38;2;198;214;211m    [38;2;198;214;212m  [38;2;197;214;211m  [38;2;120;130;129m  [38;2;62;65;66m██[38;2;176;185;185m██[38;2;164;177;176m██[38;2;65;65;65m██[38;2;203;222;221m██[38;2;163;178;176m██[38;2;70;74;75m██[38;2;133;141;140m██[38;2;17;18;18m  [38;2;198;213;211m  [38;2;198;214;211m  [38;2;198;214;212m      [38;2;198;213;211m  [38;2;51;55;55m  
[38;2;0;0;0m    [38;2;198;214;211m  [38;2;198;214;212m      [38;2;120;130;129m  [38;2;68;83;84m██[38;2;108;113;115m██[38;2;163;177;179m██[38;2;65;66;65m██[38;2;169;185;184m██[38;2;163;178;177m██[38;2;140;153;153m██[38;2;116;125;124m██[38;2;17;18;18m  [38;2;198;213;211m  [38;2;198;214;211m  [38;2;198;213;211m  [38;2;198;214;211m      [38;2;51;55;55m  
[38;2;0;0;0m    [38;2;198;214;211m    [38;2;198;214;212m  [38;2;197;214;211m  [38;2;29;35;36m██[38;2;65;68;67m██[38;2;166;177;175m██[38;2;103;106;106m██[38;2;143;152;151m██[38;2;163;177;179m██[38;2;163;178;176m██[38;2;161;174;174m██[38;2;108;119;119m██[38;2;123;129;128m██[38;2;120;130;129m  [38;2;198;214;211m  [38;2;198;214;212m      [38;2;198;213;211m  [38;2;51;55;55m  
[38;2;0;0;0m    [38;2;198;214;211m  [38;2;198;214;212m      [38;2;29;35;36m██[38;2;65;68;67m██[38;2;232;180;160m██[38;2;221;212;209m██[38;2;147;141;140m██[38;2;163;177;179m██[38;2;163;178;177m██[38;2;98;113;114m██[38;2;103;114;114m██[38;2;124;129;128m██[38;2;120;130;129m  [38;2;198;214;211m  [38;2;198;213;211m  [38;2;198;214;211m      [38;2;51;55;55m  
[38;2;0;0;0m    [38;2;198;214;211m    [38;2;198;214;212m  [38;2;197;214;211m  [38;2;26;33;34m██[38;2;94;84;80m██[38;2;234;166;142m██[38;2;242;148;113m██[38;2;160;90;64m██[38;2;163;177;179m██[38;2;163;178;176m██[38;2;98;113;114m██[38;2;134;141;140m██[38;2;68;82;83m██[38;2;120;130;129m  [38;2;198;214;211m  [38;2;198;214;212m      [38;2;198;213;211m  [38;2;51;55;55m  
[38;2;0;0;0m    [38;2;198;214;211m  [38;2;198;214;212m      [38;2;19;27;28m██[38;2;223;160;148m██[38;2;244;134;92m██[38;2;242;148;113m██[38;2;160;90;64m██[38;2;163;177;179m██[38;2;163;178;177m██[38;2;161;174;174m██[38;2;125;139;140m██[38;2;77;91;92m██[38;2;70;74;73m  [38;2;198;214;211m  [38;2;198;213;211m  [38;2;198;214;211m      [38;2;51;55;55m  
[38;2;0;0;0m    [38;2;198;214;211m    [38;2;198;214;212m  [38;2;197;214;211m  [38;2;19;27;28m██[38;2;195;141;130m██[38;2;230;182;166m██[38;2;230;186;173m██[38;2;164;136;126m██[38;2;138;148;150m██[38;2;163;178;176m██[38;2;163;177;177m██[38;2;113;128;128m██[38;2;137;142;140m██[38;2;53;55;54m██[38;2;198;214;211m  [38;2;198;214;212m      [38;2;198;213;211m  [38;2;51;55;55m  
[38;2;0;0;0m    [38;2;198;214;211m  [38;2;198;214;212m    [38;2;68;74;73m  [38;2;108;75;62m██[38;2;228;192;183m██[38;2;230;182;166m██[38;2;230;186;173m██[38;2;228;175;158m██[38;2;65;65;65m██[38;2;163;178;177m██[38;2;161;175;174m██[38;2;109;121;122m██[38;2;96;106;106m██[38;2;54;57;56m██[38;2;198;214;211m  [38;2;198;213;211m  [38;2;198;214;211m      [38;2;51;55;55m  
[38;2;0;0;0m    [38;2;198;214;211m    [38;2;198;214;212m  [38;2;25;27;27m  [38;2;130;113;108m██[38;2;245;120;72m██[38;2;244;134;92m██[38;2;242;148;113m██[38;2;247;143;107m██[38;2;65;65;65m██[38;2;163;178;176m██[38;2;161;174;174m██[38;2;112;124;124m██[38;2;158;169;168m██[38;2;48;54;54m██[38;2;154;167;165m  [38;2;198;214;212m      [38;2;198;213;211m  [38;2;51;55;55m  
[38;2;0;0;0m    [38;2;49;53;52m    [38;2;198;214;212m  [38;2;25;27;27m  [38;2;130;113;108m██[38;2;245;120;72m██[38;2;244;134;92m██[38;2;242;148;113m██[38;2;247;143;107m██[38;2;65;65;65m██[38;2;163;178;177m██[38;2;164;177;177m██[38;2;117;131;131m██[38;2;157;170;170m██[38;2;112;122;121m██[38;2;25;27;27m  [38;2;198;213;211m  [38;2;198;214;211m      [38;2;51;55;55m  
[38;2;0;0;0m  [38;2;36;38;38m  [38;2;139;151;151m██[38;2;158;172;174m██[38;2;40;44;44m██[38;2;62;62;63m██[38;2;224;159;132m██[38;2;221;202;199m██[38;2;221;204;202m██████[38;2;65;65;65m██[38;2;163;178;176m██[38;2;157;170;169m██[38;2;170;186;185m██[38;2;107;122;123m██[38;2;129;134;132m██[38;2;49;51;51m  [38;2;180;195;193m  [38;2;198;214;212m    [38;2;159;172;170m  [38;2;51;55;55m  
[38;2;0;0;0m  [38;2;38;38;38m  [38;2;87;91;91m██[38;2;142;151;151m██[38;2;143;150;149m██[38;2;76;78;76m██[38;2;228;191;181m██[38;2;245;132;77m██[38;2;243;133;92m██[38;2;246;157;119m██[38;2;224;146;115m██[38;2;53;71;72m██[38;2;167;178;179m██[38;2;129;138;138m██[38;2;153;165;165m██[38;2;114;130;129m██[38;2;116;119;121m██[38;2;125;129;128m██[38;2;49;52;51m  [38;2;198;214;211m    [38;2;43;46;46m  [38;2;51;55;55m  
[38;2;12;13;12m  [38;2;63;67;66m██[38;2;126;133;132m██[38;2;136;142;141m██[38;2;111;115;113m██[38;2;148;160;159m██[38;2;203;219;218m██[38;2;208;224;223m██[38;2;208;226;223m██[38;2;210;220;219m██[38;2;209;227;227m██[38;2;164;190;190m██[38;2;98;104;104m██[38;2;167;177;179m██[38;2;108;111;115m██[38;2;166;184;183m██[38;2;111;126;125m██[38;2;67;68;67m██[38;2;122;81;44m██[38;2;48;46;43m  [38;2;56;60;59m  [38;2;130;141;142m██[38;2;0;0;0m  
[38;2;0;0;0m  [38;2;14;17;17m  [38;2;121;131;130m██[38;2;135;142;141m██[38;2;111;115;113m██[38;2;150;163;162m██[38;2;160;172;171m██[38;2;157;164;163m██[38;2;178;192;190m██[38;2;165;178;178m██[38;2;97;111;112m████[38;2;114;119;120m██[38;2;159;173;175m██[38;2;135;145;146m██[38;2;180;199;197m██[38;2;210;225;224m██[38;2;135;141;142m██[38;2;110;116;118m██[38;2;81;67;55m██[38;2;111;120;120m██[38;2;102;112;110m██[38;2;0;1;0m  
[38;2;0;0;0m  [38;2;93;103;103m  [38;2;63;63;63m  [38;2;95;99;97m  [38;2;99;103;105m██[38;2;144;160;159m██[38;2;88;84;81m██[38;2;116;118;117m██[38;2;112;126;126m██[38;2;162;177;176m██[38;2;181;164;150m██[38;2;210;122;76m██[38;2;123;137;136m██[38;2;73;77;77m██[38;2;200;211;210m██[38;2;222;230;229m██[38;2;118;120;120m██[38;2;141;152;154m██[38;2;99;104;104m██[38;2;136;142;140m██[38;2;135;142;141m██[38;2;135;141;141m██[38;2;35;37;36m██
[38;2;0;0;0m  [38;2;199;199;199m  [38;2;196;196;196m  [38;2;112;120;121m  [38;2;76;82;82m██[38;2;71;76;76m██[38;2;220;101;62m██[38;2;210;100;70m██[38;2;97;103;103m██[38;2;97;112;113m██[38;2;169;178;177m██[38;2;185;187;184m██[38;2;117;124;125m██[38;2;68;74;72m██[38;2;91;97;97m██[38;2;102;106;105m██[38;2;74;86;87m██[38;2;78;79;80m██[38;2;99;104;104m██[38;2;136;142;140m██[38;2;135;142;141m██[38;2;134;140;140m██[38;2;35;36;36m██
[38;2;0;0;0m  [38;2;199;199;199m  [38;2;177;177;177m  [38;2;137;148;149m██[38;2;67;72;72m██[38;2;107;79;71m██[38;2;221;99;61m██[38;2;244;96;55m██[38;2;193;108;82m██[38;2;113;121;121m██[38;2;89;102;103m██[38;2;142;155;156m██[38;2;130;139;139m██[38;2;65;65;65m██[38;2;70;79;79m██[38;2;67;71;71m██[38;2;65;64;65m██[38;2;65;65;65m██[38;2;112;115;114m██[38;2;136;142;140m██[38;2;124;133;132m██[38;2;109;119;120m██[38;2;19;23;23m██
[38;2;0;0;0m  [38;2;199;199;199m  [38;2;177;178;177m  [38;2;108;119;117m██[38;2;69;78;78m██[38;2;208;102;58m██[38;2;249;112;71m██[38;2;255;85;41m██[38;2;255;77;30m██[38;2;209;127;99m██[38;2;107;111;110m██[38;2;119;127;127m██[38;2;197;215;214m██[38;2;65;64;65m██[38;2;66;66;67m██[38;2;74;90;91m██[38;2;72;84;85m██[38;2;75;75;77m██[38;2;102;109;112m██[38;2;90;103;102m██[38;2;79;94;95m██[38;2;18;22;23m██[38;2;4;5;5m  
[38;2;0;0;0m    [38;2;109;117;116m  [38;2;111;119;118m██[38;2;96;108;108m██[38;2;89;92;91m██[38;2;204;109;78m██[38;2;229;105;63m██[38;2;191;82;31m██[38;2;166;66;17m██[38;2;124;75;51m██[38;2;117;136;144m██[38;2;186;205;204m██[38;2;202;220;219m██[38;2;154;160;160m██[38;2;100;104;104m████[38;2;163;178;176m██[38;2;97;102;102m██[38;2;58;68;67m  [38;2;49;53;52m  [38;2;198;213;211m  [38;2;51;55;55m  
[38;2;0;0;0m    [38;2;109;113;112m██[38;2;91;103;101m██[38;2;125;133;132m██[38;2;136;142;140m██[38;2;107;100;94m██[38;2;45;20;8m██[38;2;189;82;33m██[38;2;166;63;16m██[38;2;185;84;39m██[38;2;12;18;20m██[38;2;133;150;149m██[38;2;202;220;219m██[38;2;212;226;225m██[38;2;201;220;219m██[38;2;185;201;201m██[38;2;165;180;179m██[38;2;67;72;72m██[38;2;158;170;168m  [38;2;198;214;211m    [38;2;51;55;55m  
[38;2;0;0;0m    [38;2;49;53;52m    [38;2;101;106;105m██[38;2;102;106;105m██[38;2;49;53;52m  [38;2;185;200;198m  [38;2;49;53;52m      [38;2;198;214;211m  [38;2;94;103;105m██[38;2;201;220;219m██[38;2;179;196;195m██[38;2;190;209;208m██[38;2;130;145;145m██[38;2;91;107;107m██[38;2;96;104;105m██[38;2;157;169;168m  [38;2;198;214;212m  [38;2;198;213;211m  [38;2;51;55;55m  
[38;2;0;0;0m    [38;2;198;214;211m  [38;2;198;214;212m  [38;2;148;160;159m    [38;2;198;214;212m  [38;2;198;214;211m  [38;2;198;213;212m  [38;2;198;213;211m  [38;2;198;214;212m  [38;2;198;214;211m  [38;2;92;99;99m  [38;2;172;188;187m██[38;2;167;182;181m██[38;2;190;209;208m██[38;2;87;93;95m██[38;2;23;27;26m██[38;2;123;134;135m██[38;2;109;118;120m  [38;2;152;165;163m  [38;2;198;214;211m  [38;2;51;55;55m  
[38;2;0;0;0m    [38;2;198;214;211m    [38;2;198;214;212m  [38;2;197;214;211m  [38;2;198;214;211m  [38;2;198;213;211m  [38;2;198;214;211m  [38;2;198;213;211m  [38;2;198;213;212m  [38;2;198;214;211m    [38;2;49;53;52m    [38;2;125;136;138m██[38;2;88;96;97m██[38;2;154;167;165m  [38;2;101;109;108m  [38;2;75;81;80m  [38;2;198;214;212m  [38;2;198;213;211m  [38;2;51;55;55m  
[38;2;0;0;0m    [38;2;49;53;52m                          [38;2;3;3;3m  [38;2;40;44;44m██[38;2;6;6;6m  [38;2;49;53;52m        [38;2;12;13;13m  [0m
