
[38;2;0;0;0m                        [38;2;50;46;13m  [38;2;70;66;28m██[38;2;55;54;40m██[38;2;0;0;0m                      
[38;2;0;0;0m                      [38;2;152;152;44m██[38;2;242;226;64m██[38;2;254;235;72m██[38;2;241;225;81m██[38;2;184;184;53m██[38;2;16;16;4m  [38;2;0;0;0m                  
[38;2;9;12;15m  [38;2;34;46;56m                    [38;2;34;49;56m  [38;2;96;104;54m  [38;2;149;166;95m██[38;2;124;132;61m██[38;2;34;49;56m  [38;2;34;47;56m  [38;2;34;46;56m                [38;2;9;12;15m  
[38;2;25;34;41m  [38;2;94;129;155m            [38;2;93;129;155m  [38;2;94;129;155m  [38;2;93;129;155m  [38;2;94;129;155m  [38;2;77;106;127m  [38;2;58;83;102m  [38;2;232;222;103m██[38;2;107;131;129m██[38;2;38;52;62m  [38;2;94;129;155m    [38;2;93;129;155m  [38;2;94;129;155m          [38;2;93;129;155m  [38;2;25;34;41m  
[38;2;25;34;41m  [38;2;94;129;155m                [38;2;89;122;146m  [38;2;51;70;84m  [38;2;64;55;42m██[38;2;145;164;160m██[38;2;129;164;190m████[38;2;117;110;46m██[38;2;83;114;138m  [38;2;94;129;155m                [38;2;25;34;41m  
[38;2;25;34;41m  [38;2;94;129;155m            [38;2;90;124;149m  [38;2;0;0;0m██[38;2;16;21;24m██[38;2;147;182;208m██[38;2;68;74;80m██[38;2;208;202;86m██[38;2;255;233;65m██[38;2;255;234;65m██[38;2;51;73;88m██[38;2;84;114;137m  [38;2;54;74;89m  [38;2;0;0;0m████[38;2;94;129;155m          [38;2;25;34;41m  
[38;2;25;34;41m  [38;2;94;129;155m            [38;2;4;5;6m██[38;2;147;182;208m██[38;2;162;197;223m██[38;2;89;99;107m██[38;2;131;152;169m██[38;2;140;175;201m██[38;2;129;164;190m████[38;2;170;205;231m██[38;2;51;52;54m██[38;2;87;113;132m██[38;2;100;135;161m██[38;2;110;145;171m██[38;2;92;111;125m██[38;2;63;80;93m  [38;2;94;129;155m    [38;2;94;129;154m  [38;2;25;34;41m  
[38;2;25;34;41m  [38;2;94;129;155m  [38;2;93;129;155m          [38;2;14;18;21m  [38;2;105;139;164m██[38;2;72;104;127m██[38;2;76;76;78m██[38;2;161;193;216m██[38;2;162;195;220m██[38;2;161;196;222m██[38;2;159;194;220m██[38;2;117;152;178m██[38;2;78;77;78m██[38;2;113;148;174m██[38;2;158;193;219m██[38;2;163;198;224m██[38;2;168;203;229m██[38;2;67;82;93m██[38;2;94;129;155m  [38;2;93;129;155m    [38;2;25;34;41m  
[38;2;25;34;41m  [38;2;94;129;155m  [38;2;94;129;154m    [38;2;94;129;155m      [38;2;90;124;149m  [38;2;97;117;132m██[38;2;168;203;229m██[38;2;143;170;190m██[38;2;99;87;79m██[38;2;195;128;87m██[38;2;160;123;94m██[38;2;63;93;116m██[38;2;168;204;230m██[38;2;84;88;91m██[38;2;117;138;155m██[38;2;129;164;190m██[38;2;115;149;176m██[38;2;59;72;81m██[38;2;45;63;77m  [38;2;94;129;155m  [38;2;94;129;154m  [38;2;94;129;155m  [38;2;25;34;41m  
[38;2;20;28;34m  [38;2;26;31;34m  [38;2;30;36;41m████[38;2;76;105;126m    [38;2;94;129;155m  [38;2;76;105;126m  [38;2;40;56;68m  [38;2;80;82;81m  [38;2;106;139;163m██[38;2;87;92;96m██[38;2;182;169;69m██[38;2;76;77;79m██[38;2;151;181;203m██[38;2;127;162;188m██[38;2;158;193;219m██[38;2;169;204;230m████[38;2;79;96;109m██[38;2;77;106;127m  [38;2;94;129;155m        [38;2;25;34;41m  
[38;2;16;23;28m  [38;2;79;104;121m██[38;2;105;122;131m██[38;2;106;141;167m██[38;2;90;105;116m██[38;2;37;61;80m██[38;2;25;35;42m  [38;2;180;166;50m██[38;2;144;152;93m██[38;2;78;100;115m██[38;2;117;140;156m██[38;2;113;146;170m██[38;2;142;167;186m██[38;2;132;160;181m██[38;2;106;141;167m██[38;2;154;189;215m██[38;2;102;114;124m██[38;2;94;102;113m██[38;2;94;102;116m██[38;2;207;196;77m██[38;2;89;82;36m  [38;2;65;90;114m  [38;2;94;129;155m    [38;2;93;129;155m  [38;2;25;34;41m  
[38;2;6;8;10m  [38;2;67;76;78m██[38;2;83;108;125m██[38;2;83;114;137m██[38;2;123;147;165m██[38;2;56;81;99m██[38;2;59;75;87m██[38;2;89;122;141m██[38;2;146;161;115m██[38;2;191;182;74m██[38;2;74;92;106m██[38;2;133;160;181m██[38;2;106;141;167m██[38;2;115;147;171m██[38;2;140;165;184m██[38;2;70;79;87m██[38;2;82;114;138m██[38;2;95;127;137m██[38;2;204;199;94m██[38;2;107;135;133m██[38;2;203;187;71m██[38;2;97;90;40m██[38;2;68;93;112m  [38;2;85;116;140m  [38;2;93;129;155m  [38;2;25;34;41m  
[38;2;4;5;7m  [38;2;15;21;26m██[38;2;38;54;66m██[38;2;83;118;144m██[38;2;89;124;150m██[38;2;67;67;69m██[38;2;58;75;89m██[38;2;82;116;141m██[38;2;22;26;28m██[38;2;83;112;133m██[38;2;84;119;145m██[38;2;79;103;121m██[38;2;84;90;95m██[38;2;83;95;105m██[38;2;80;109;130m██[38;2;84;119;145m████[38;2;81;114;129m██[38;2;83;118;143m██[38;2;131;136;77m██[38;2;53;81;103m██[38;2;45;74;95m██[38;2;37;62;81m██[38;2;29;33;37m  [38;2;94;129;155m  [38;2;25;34;41m  
[38;2;25;34;41m  [38;2;94;129;155m  [38;2;73;100;120m  [38;2;50;71;87m  [38;2;98;133;159m██[38;2;43;43;41m██[38;2;33;51;64m  [38;2;36;50;60m  [38;2;74;101;122m  [38;2;66;73;36m██[38;2;79;114;140m██[38;2;84;119;145m██[38;2;84;118;145m████[38;2;74;109;135m██[38;2;82;113;121m██[38;2;75;109;129m██[38;2;75;110;136m██[38;2;71;106;132m██[38;2;75;92;106m██[38;2;109;121;126m██[38;2;136;165;186m██[38;2;79;94;98m██[38;2;136;157;170m██[38;2;34;49;56m██[38;2;17;21;23m  
[38;2;25;34;41m  [38;2;94;129;155m  [38;2;64;88;106m  [38;2;61;89;110m  [38;2;102;123;139m██[38;2;82;113;136m  [38;2;89;123;147m  [38;2;94;129;155m  [38;2;39;54;65m  [38;2;225;213;71m██[38;2;72;107;133m██[38;2;84;119;145m████[38;2;76;111;137m██[38;2;159;163;79m██[38;2;222;212;69m██[38;2;70;100;109m██[38;2;76;111;137m██[38;2;52;87;113m██[38;2;70;71;73m██[38;2;91;126;152m██[38;2;82;95;101m██[38;2;83;114;136m██[38;2;83;102;113m██[38;2;83;89;89m██[38;2;24;34;41m██
[38;2;25;34;41m  [38;2;94;129;155m    [38;2;48;68;80m  [38;2;64;89;106m  [38;2;94;129;155m    [38;2;93;129;155m  [38;2;94;129;155m  [38;2;41;57;69m  [38;2;64;93;115m██[38;2;84;119;145m  [38;2;76;111;137m██[38;2;85;113;109m██[38;2;138;150;88m██[38;2;127;144;99m██[38;2;113;136;99m██[38;2;62;97;123m██[38;2;113;137;101m██[38;2;43;60;74m██[38;2;66;67;68m██[38;2;83;118;144m████[38;2;83;104;117m██[38;2;76;108;131m  [38;2;12;17;21m  
[38;2;25;34;41m  [38;2;94;129;155m                  [38;2;32;44;53m  [38;2;158;170;82m██[38;2;60;95;121m██[38;2;187;192;65m██[38;2;79;109;106m██[38;2;100;126;100m██[38;2;75;107;116m██[38;2;185;191;68m██[38;2;6;7;18m██[38;2;47;64;77m  [38;2;69;70;72m██[38;2;168;203;228m██[38;2;83;118;144m██[38;2;84;119;145m██[38;2;18;24;29m  [38;2;25;34;41m  
[38;2;25;34;41m  [38;2;94;129;155m                    [38;2;51;70;84m  [38;2;73;76;56m  [38;2;58;88;111m██[38;2;103;111;71m██[38;2;100;125;105m██[38;2;62;97;123m██[38;2;51;69;84m██[38;2;42;58;70m  [38;2;72;99;119m  [38;2;76;92;104m██[38;2;61;79;92m  [38;2;51;70;84m    [38;2;93;129;155m  [38;2;25;34;41m  
[38;2;25;34;41m  [38;2;94;129;155m  [38;2;93;129;155m              [38;2;94;129;155m  [38;2;93;129;155m  [38;2;70;96;116m  [38;2;63;89;109m██[38;2;83;118;144m██[38;2;65;100;126m██[38;2;61;97;123m██[38;2;63;95;119m██[38;2;37;56;71m  [38;2;90;124;149m  [38;2;93;129;155m  [38;2;94;128;155m  [38;2;93;128;155m  [38;2;94;129;155m  [38;2;93;129;155m    [38;2;25;34;41m  
[38;2;25;34;41m  [38;2;94;129;155m  [38;2;94;129;154m    [38;2;94;129;155m        [38;2;94;129;154m  [38;2;94;129;155m  [38;2;94;129;154m  [38;2;54;74;89m  [38;2;30;43;52m██[38;2;67;102;128m██[38;2;62;97;123m██[38;2;64;76;86m██[38;2;26;28;27m██[38;2;74;101;122m  [38;2;94;129;155m          [38;2;94;129;154m  [38;2;94;129;155m  [38;2;25;34;41m  
[38;2;25;34;41m  [38;2;94;129;155m      [38;2;94;129;154m  [38;2;94;129;155m                [38;2;17;19;20m██[38;2;62;91;114m██[38;2;58;90;115m██[38;2;50;79;100m██[38;2;49;68;81m  [38;2;94;129;155m              [38;2;25;34;41m  
[38;2;6;9;11m  [38;2;25;35;42m                        [38;2;4;7;9m  [38;2;16;26;33m██[38;2;11;17;21m  [38;2;0;0;0m  [38;2;25;35;42m                [38;2;6;9;11m  [0m
