
[38;2;0;0;0m  [38;2;33;23;15m  [38;2;44;30;21m      [38;2;11;7;5m      [38;2;33;23;16m  [38;2;33;23;15m  [38;2;44;30;21m                    [38;2;33;23;15m  [38;2;0;0;0m          
[38;2;0;0;0m  [38;2;127;88;60m  [38;2;169;118;81m    [38;2;36;25;17m  [38;2;158;146;81m  [38;2;47;43;42m  [38;2;109;76;52m  [38;2;128;89;61m██[38;2;127;88;60m  [38;2;169;118;81m                    [38;2;127;88;60m  [38;2;0;0;0m          
[38;2;0;0;0m  [38;2;88;61;42m  [38;2;157;109;74m  [38;2;87;74;38m  [38;2;255;238;95m██[38;2;211;198;65m██[38;2;115;90;73m██[38;2;146;106;78m██[38;2;171;119;81m██[38;2;81;56;39m██[38;2;68;47;32m  [38;2;157;109;74m  [38;2;170;118;80m  [38;2;170;118;81m  [38;2;170;118;80m  [38;2;170;118;81m  [38;2;170;118;80m  [38;2;170;118;81m  [38;2;170;118;80m  [38;2;170;118;81m  [38;2;127;88;60m  [38;2;0;0;0m          
[38;2;0;0;0m  [38;2;131;105;50m  [38;2;62;46;28m  [38;2;226;210;72m██[38;2;246;223;74m██[38;2;195;158;80m██[38;2;83;73;67m██[38;2;187;174;65m██[38;2;105;84;71m██[38;2;171;119;81m██[38;2;57;39;27m  [38;2;162;112;77m  [38;2;169;118;81m  [38;2;169;118;80m  [38;2;169;118;81m  [38;2;169;118;80m  [38;2;134;93;64m  [38;2;29;20;14m  [38;2;64;44;30m  [38;2;169;118;80m  [38;2;127;88;60m  [38;2;0;0;0m          
[38;2;0;0;0m  [38;2;159;127;61m██[38;2;191;163;93m██[38;2;254;236;75m██[38;2;234;204;73m██[38;2;255;238;65m████[38;2;207;191;65m██[38;2;90;81;74m██[38;2;134;99;76m██[38;2;135;96;67m██[38;2;71;70;64m██[38;2;85;85;77m██[38;2;104;79;58m  [38;2;170;118;81m  [38;2;125;88;61m  [38;2;106;102;91m██[38;2;246;246;222m██[38;2;205;205;185m██[38;2;104;79;58m  [38;2;127;88;60m  [38;2;0;0;0m          
[38;2;0;0;0m  [38;2;20;16;8m  [38;2;217;187;76m██[38;2;254;238;63m██[38;2;212;200;63m██[38;2;89;86;65m████[38;2;112;109;102m██[38;2;121;120;118m██[38;2;78;77;77m██[38;2;168;117;81m██[38;2;117;104;84m██[38;2;246;246;222m██[38;2;221;221;200m██[38;2;22;15;10m  [38;2;42;40;37m  [38;2;174;159;141m██[38;2;229;226;203m████[38;2;87;83;79m██[38;2;16;11;7m  [38;2;0;0;0m          
[38;2;0;0;0m  [38;2;87;86;91m██[38;2;151;141;69m██[38;2;132;128;107m██[38;2;93;86;87m██[38;2;118;110;109m██[38;2;216;220;216m██[38;2;140;139;136m██[38;2;102;101;99m██[38;2;113;89;72m██[38;2;157;105;68m██[38;2;116;83;63m██[38;2;204;197;175m██[38;2;224;219;197m██[38;2;212;205;184m██[38;2;246;246;222m██[38;2;181;173;158m██[38;2;120;116;117m██[38;2;138;128;115m██[38;2;171;156;136m██[38;2;145;133;116m██[38;2;16;15;13m  [38;2;24;24;21m  [38;2;96;96;86m██[38;2;149;149;135m██[38;2;37;37;33m  
[38;2;45;44;47m  [38;2;195;189;203m██[38;2;188;182;195m██[38;2;194;191;202m██[38;2;71;68;68m██[38;2;91;89;86m██[38;2;109;109;106m██[38;2;126;125;122m██[38;2;124;123;120m██[38;2;99;98;95m██[38;2;90;73;62m██[38;2;115;83;62m██[38;2;236;235;211m██[38;2;241;240;213m██[38;2;245;245;222m██[38;2;240;243;222m██[38;2;106;105;107m██[38;2;152;157;162m██[38;2;91;87;82m██[38;2;171;156;136m██[38;2;172;157;137m██[38;2;160;146;128m██[38;2;159;147;129m██[38;2;59;56;50m██[38;2;0;0;0m    
[38;2;49;48;51m██[38;2;178;178;188m██[38;2;145;151;156m██[38;2;191;188;200m██[38;2;179;175;186m██[38;2;96;95;95m██[38;2;105;104;101m██[38;2;98;97;94m██[38;2;118;117;114m██[38;2;105;106;103m██[38;2;99;93;88m██[38;2;97;78;65m██[38;2;153;136;118m██[38;2;178;176;159m██[38;2;133;135;135m██[38;2;90;92;89m██[38;2;162;165;167m██[38;2;112;118;120m██[38;2;96;99;101m██[38;2;96;91;83m██[38;2;172;157;137m██[38;2;115;105;92m██[38;2;71;66;58m  [38;2;0;0;0m      
[38;2;49;48;51m██[38;2;150;157;162m██[38;2;162;128;87m██[38;2;139;146;149m██[38;2;199;194;207m██[38;2;97;96;100m██[38;2;105;104;101m██[38;2;104;103;100m██[38;2;66;66;66m██[38;2;116;79;52m██[38;2;144;93;58m██[38;2;99;82;65m██[38;2;144;133;119m██[38;2;66;64;65m██[38;2;116;120;122m██[38;2;159;161;171m██[38;2;134;138;145m██[38;2;132;142;145m██[38;2;104;110;112m██[38;2;123;86;59m  [38;2;7;6;6m██[38;2;1;1;1m  [38;2;0;0;0m        
[38;2;25;25;26m  [38;2;86;67;55m  [38;2;57;48;38m██[38;2;79;71;63m██[38;2;182;177;183m██[38;2;123;102;79m██[38;2;90;89;87m██[38;2;93;93;90m██[38;2;113;83;59m██[38;2;149;97;60m██[38;2;139;99;68m██[38;2;147;136;118m██[38;2;113;109;102m██[38;2;124;128;131m██[38;2;109;115;118m██[38;2;135;145;147m██[38;2;101;106;108m████[38;2;128;126;131m██[38;2;102;101;106m██[38;2;66;46;31m  [38;2;0;0;0m          
[38;2;0;0;0m  [38;2;127;88;60m  [38;2;36;23;14m██[38;2;146;94;57m██[38;2;86;81;64m██[38;2;174;121;63m██[38;2;87;71;77m██[38;2;79;78;78m██[38;2;171;119;81m██████[38;2;99;83;71m██[38;2;73;71;68m██[38;2;164;166;177m██[38;2;164;169;177m██[38;2;69;73;71m██[38;2;197;197;211m██[38;2;197;194;205m██[38;2;0;0;0m████[38;2;127;88;60m  [38;2;0;0;0m          
[38;2;0;0;0m    [38;2;147;95;58m██[38;2;122;88;61m██[38;2;159;120;78m██[38;2;177;125;66m██[38;2;160;118;73m██[38;2;148;106;77m██[38;2;171;119;81m██████[38;2;135;100;75m██[38;2;143;141;143m██[38;2;140;147;153m██[38;2;96;98;101m██[38;2;97;98;101m██[38;2;100;80;65m██[38;2;74;53;39m  [38;2;170;118;81m    [38;2;127;88;60m  [38;2;0;0;0m          
[38;2;0;0;0m  [38;2;109;70;42m██[38;2;147;96;59m██[38;2;100;82;65m██[38;2;203;151;92m████[38;2;173;132;85m██[38;2;148;107;77m██[38;2;170;118;81m██[38;2;169;117;80m██[38;2;170;118;81m██[38;2;104;86;69m██[38;2;130;90;62m██[38;2;68;65;64m██[38;2;146;95;58m██[38;2;164;112;76m██[38;2;171;118;82m██[38;2;44;31;22m██[38;2;164;114;78m  [38;2;170;118;81m  [38;2;127;88;60m  [38;2;0;0;0m          
[38;2;0;0;0m  [38;2;47;30;18m  [38;2;138;93;59m██[38;2;141;111;76m██[38;2;203;151;92m████[38;2;173;132;85m██[38;2;131;90;60m██[38;2;155;103;66m██[38;2;147;96;59m██[38;2;146;101;67m██[38;2;117;88;62m██[38;2;147;96;59m████[38;2;132;96;69m██[38;2;164;115;80m██[38;2;171;119;81m██[38;2;136;101;76m██[38;2;58;48;60m  [38;2;145;101;69m  [38;2;127;88;60m  [38;2;0;0;0m          
[38;2;0;0;0m  [38;2;11;7;5m  [38;2;129;83;53m██[38;2;163;117;72m██[38;2;104;91;76m████[38;2;155;119;84m██[38;2;77;73;70m██[38;2;125;88;60m██[38;2;130;90;60m██[38;2;127;89;60m██[38;2;133;92;61m██[38;2;99;52;19m██[38;2;44;29;18m  [38;2;50;34;24m  [38;2;167;116;80m██[38;2;171;119;81m██[38;2;164;115;80m██[38;2;50;46;59m██[38;2;127;88;60m    [38;2;0;0;0m          
[38;2;0;0;0m  [38;2;127;88;60m  [38;2;37;29;25m██[38;2;86;72;64m██[38;2;193;187;186m████[38;2;92;91;104m██[38;2;56;55;54m██[38;2;121;88;61m██[38;2;110;86;62m██[38;2;128;90;61m██[38;2;80;52;32m██[38;2;103;74;54m  [38;2;153;106;73m  [38;2;127;88;60m  [38;2;79;64;53m██[38;2;110;88;80m██[38;2;93;82;101m██[38;2;80;69;72m██[38;2;72;49;32m  [38;2;127;88;60m  [38;2;0;0;0m          
[38;2;0;0;0m    [38;2;76;52;48m██[38;2;67;61;60m██[38;2;93;92;95m██[38;2;111;104;133m██[38;2;96;95;106m  [38;2;133;92;65m  [38;2;34;22;14m██[38;2;137;91;59m████[38;2;135;90;58m██[38;2;43;31;23m  [38;2;164;114;78m  [38;2;170;118;81m  [38;2;59;41;28m  [38;2;61;58;58m██[38;2;75;68;64m██[38;2;147;95;58m██[38;2;93;74;62m██[38;2;14;9;5m  [38;2;0;0;0m          
[38;2;0;0;0m  [38;2;83;57;39m  [38;2;51;38;35m██[38;2;80;69;63m██[38;2;65;64;65m██[38;2;33;32;33m██[38;2;125;87;59m  [38;2;86;60;41m  [38;2;52;52;52m██[38;2;83;85;83m██[38;2;65;64;65m████[38;2;48;48;48m██[38;2;127;88;60m  [38;2;170;118;81m  [38;2;170;117;81m  [38;2;36;24;14m██[38;2;123;90;90m██[38;2;139;94;69m██[38;2;139;93;68m██[38;2;38;24;15m  [38;2;0;0;0m          
[38;2;6;6;6m  [38;2;18;18;20m██[38;2;141;94;67m████[38;2;141;91;56m██[38;2;52;34;22m  [38;2;170;118;80m  [38;2;64;44;30m  [38;2;60;56;56m██[38;2;79;69;63m████[38;2;99;57;28m██[38;2;54;41;34m  [38;2;162;112;77m  [38;2;170;118;80m  [38;2;42;29;20m  [38;2;127;130;141m██[38;2;127;131;143m██[38;2;107;100;129m██[38;2;74;76;77m██[38;2;22;15;10m  [38;2;0;0;0m          
[38;2;34;35;39m██[38;2;104;105;117m██[38;2;122;116;132m██[38;2;98;87;114m██[38;2;33;21;13m██[38;2;38;26;18m  [38;2;51;35;24m    [38;2;31;22;21m██[38;2;124;88;87m████[38;2;130;89;84m██[38;2;34;22;13m  [38;2;38;26;18m  [38;2;51;35;24m  [38;2;12;8;6m  [38;2;38;39;43m██[38;2;38;40;43m██[38;2;32;30;39m██[38;2;10;11;11m  [38;2;38;26;18m  [38;2;0;0;0m          
[38;2;0;0;0m                [38;2;172;164;174m██[38;2;170;162;174m██[38;2;132;114;127m██[38;2;121;97;104m██[38;2;0;0;0m                            
[38;2;0;0;0m                [38;2;40;41;41m██[38;2;39;38;41m██[38;2;32;31;33m██[38;2;10;10;11m  [38;2;0;0;0m                            [0m
