
[38;2;0;0;0m                [38;2;30;15;26m  [38;2;66;33;58m████[38;2;0;0;0m                    
[38;2;0;0;0m              [38;2;185;94;162m  [38;2;224;114;196m██[38;2;170;50;134m██[38;2;168;48;132m██[38;2;165;31;128m██[38;2;73;14;57m  [38;2;0;0;0m                
[38;2;0;0;0m          [38;2;68;35;58m  [38;2;255;130;222m██[38;2;239;107;204m██[38;2;165;30;124m██[38;2;210;40;162m██[38;2;211;40;163m████[38;2;208;41;162m██[38;2;198;39;154m██[38;2;25;5;20m  [38;2;0;0;0m            
[38;2;0;0;0m        [38;2;75;38;65m  [38;2;249;128;214m██[38;2;224;92;186m██[38;2;198;48;157m██[38;2;211;42;163m██[38;2;210;42;163m██[38;2;211;42;163m██[38;2;210;42;163m██[38;2;211;42;163m████[38;2;187;37;145m██[38;2;0;0;0m            
[38;2;0;0;0m        [38;2;142;68;118m██[38;2;252;127;219m██[38;2;171;32;129m██[38;2;211;42;163m████[38;2;189;35;144m██[38;2;188;35;144m██[38;2;189;35;144m██[38;2;211;42;163m██[38;2;210;42;163m██[38;2;209;41;162m██[38;2;63;12;49m  [38;2;0;0;0m          
[38;2;0;0;0m        [38;2;227;76;188m██[38;2;220;61;175m██[38;2;205;40;158m██[38;2;211;41;163m██[38;2;152;45;118m██[38;2;180;158;148m██[38;2;180;161;148m██[38;2;179;157;147m██[38;2;153;28;114m██[38;2;211;40;163m██[38;2;211;41;163m██[38;2;185;36;143m██[38;2;134;131;114m  [38;2;209;204;178m      [38;2;54;53;46m  
[38;2;0;0;0m        [38;2;174;65;146m██[38;2;211;41;163m██[38;2;194;42;148m██[38;2;170;44;129m██[38;2;116;88;93m██[38;2;184;180;154m██[38;2;162;157;129m██[38;2;184;180;154m██[38;2;177;172;145m██[38;2;147;66;114m  [38;2;190;45;146m██[38;2;124;33;96m  [38;2;188;183;160m  [38;2;240;235;205m  [38;2;241;235;205m  [38;2;240;235;204m  [38;2;63;61;53m  
[38;2;0;0;0m        [38;2;74;14;57m██[38;2;211;40;163m██[38;2;130;35;95m██[38;2;15;27;18m██[38;2;124;121;105m  [38;2;108;102;74m██[38;2;162;157;129m██[38;2;184;180;154m██[38;2;165;160;132m██[38;2;139;124;114m██[38;2;135;26;98m██[38;2;28;27;24m  [38;2;241;235;205m        [38;2;63;61;53m  
[38;2;0;0;0m        [38;2;192;187;163m  [38;2;116;32;91m  [38;2;69;13;54m██[38;2;223;218;190m  [38;2;193;188;164m  [38;2;108;106;95m  [38;2;127;124;104m██[38;2;142;143;129m██[38;2;139;136;123m██[38;2;17;16;14m  [38;2;159;155;136m  [38;2;241;234;204m  [38;2;241;234;205m  [38;2;241;235;205m  [38;2;241;234;204m  [38;2;241;234;205m  [38;2;63;61;53m  
[38;2;0;0;0m        [38;2;241;235;205m  [38;2;231;225;197m  [38;2;230;224;196m  [38;2;240;234;204m  [38;2;107;108;99m  [38;2;233;231;217m██[38;2;227;225;211m██[38;2;233;231;217m██[38;2;230;228;214m██[38;2;208;205;194m  [38;2;147;144;125m  [38;2;37;36;32m  [38;2;241;234;205m  [38;2;241;235;205m  [38;2;241;234;205m  [38;2;241;235;205m  [38;2;63;61;53m  
[38;2;0;0;0m        [38;2;241;235;205m    [38;2;194;189;165m  [38;2;70;67;52m  [38;2;157;152;125m██[38;2;187;183;160m██[38;2;161;156;127m██[38;2;233;231;218m████[38;2;228;225;212m██[38;2;129;128;121m██[38;2;206;203;192m██[38;2;154;151;131m  [38;2;241;234;205m  [38;2;241;235;205m    [38;2;63;61;53m  
[38;2;0;0;0m        [38;2;241;235;205m    [38;2;143;139;122m  [38;2;129;123;93m██[38;2;233;232;218m██[38;2;139;133;101m██[38;2;234;231;218m██[38;2;230;228;214m██[38;2;65;65;65m██[38;2;71;70;68m██[38;2;168;166;157m██[38;2;234;231;218m██[38;2;83;82;77m██[38;2;241;235;205m  [38;2;241;234;205m  [38;2;241;235;205m  [38;2;63;61;53m  
[38;2;0;0;0m        [38;2;241;235;205m    [38;2;120;119;106m  [38;2;201;197;177m██[38;2;178;177;163m██[38;2;148;147;139m██[38;2;117;114;75m██[38;2;129;118;68m██[38;2;194;209;89m██[38;2;77;76;76m  [38;2;233;230;218m██[38;2;209;205;185m██[38;2;74;73;66m██[38;2;241;235;205m  [38;2;241;234;205m  [38;2;116;114;101m  [38;2;31;31;29m██
[38;2;0;0;0m        [38;2;237;231;201m  [38;2;230;224;196m  [38;2;96;95;90m██[38;2;82;84;80m██[38;2;74;73;70m██[38;2;103;97;69m██[38;2;105;98;69m██[38;2;112;104;76m██[38;2;76;72;65m██[38;2;88;84;69m██[38;2;233;230;210m██[38;2;171;168;145m██[38;2;89;84;66m██[38;2;42;41;35m  [38;2;73;71;62m  [38;2;228;225;212m██[38;2;61;60;57m██
[38;2;0;0;0m        [38;2;114;112;101m  [38;2;132;130;123m██[38;2;123;121;113m██[38;2;184;180;155m██[38;2;137;135;124m██[38;2;139;161;58m██[38;2;142;162;56m██[38;2;207;229;134m██[38;2;154;185;49m██[38;2;145;151;81m██[38;2;171;165;153m██[38;2;179;175;152m██[38;2;110;107;97m██[38;2;90;87;76m██[38;2;152;150;142m██[38;2;148;146;138m██[38;2;26;26;24m  
[38;2;0;0;0m        [38;2;89;88;82m  [38;2;231;228;215m██[38;2;165;163;156m██[38;2;167;164;142m██[38;2;80;79;79m████[38;2;108;116;59m██[38;2;144;163;44m██[38;2;148;167;41m██[38;2;223;249;93m██[38;2;126;148;76m██[38;2;211;210;198m██[38;2;101;98;91m██[38;2;231;224;214m██[38;2;221;215;206m██[38;2;245;240;232m██[38;2;61;60;57m██
[38;2;0;0;0m        [38;2;105;68;86m  [38;2;207;104;173m██[38;2;156;94;136m██[38;2;160;158;151m██[38;2;243;241;230m██[38;2;234;232;218m██[38;2;196;192;165m██[38;2;107;110;77m██[38;2;119;129;72m██[38;2;138;192;40m██[38;2;26;185;56m██[38;2;38;40;43m  [38;2;68;67;61m  [38;2;142;92;128m██[38;2;121;72;110m██[38;2;165;125;150m██[38;2;61;60;57m██
[38;2;0;0;0m      [38;2;22;4;17m  [38;2;231;215;213m██[38;2;213;64;167m██[38;2;134;132;127m██[38;2;247;245;235m██[38;2;242;240;228m██[38;2;233;231;218m██[38;2;165;161;139m██[38;2;174;170;143m██[38;2;184;181;154m██[38;2;81;80;77m██[38;2;33;128;60m██[38;2;56;54;47m  [38;2;220;215;187m  [38;2;64;63;60m██[38;2;186;148;167m██[38;2;63;41;52m  [38;2;8;8;7m  
[38;2;0;0;0m  [38;2;8;0;0m  [38;2;156;100;134m██[38;2;150;84;118m██[38;2;162;55;131m██[38;2;74;22;58m██[38;2;108;107;101m██[38;2;234;231;217m██[38;2;234;231;218m████[38;2;143;138;110m██[38;2;105;99;71m██[38;2;185;181;154m██[38;2;186;182;154m██[38;2;75;73;62m██[38;2;241;235;205m  [38;2;86;83;73m  [38;2;218;107;182m██[38;2;228;175;203m██[38;2;53;50;43m  [38;2;63;61;53m  
[38;2;9;1;7m  [38;2;148;65;121m██[38;2;153;99;130m██[38;2;52;26;26m  [38;2;113;110;96m  [38;2;241;235;205m  [38;2;143;139;122m  [38;2;209;206;192m██[38;2;225;223;206m██[38;2;184;179;152m██[38;2;150;145;117m██[38;2;185;180;153m██[38;2;185;181;154m██[38;2;173;168;143m██[38;2;143;139;122m  [38;2;241;235;205m  [38;2;86;83;73m  [38;2;208;64;164m██[38;2;60;15;46m██[38;2;241;235;205m  [38;2;63;61;53m  
[38;2;16;3;12m██[38;2;63;12;49m██[38;2;0;0;0m    [38;2;241;235;205m    [38;2;211;206;179m  [38;2;63;62;54m  [38;2;185;181;154m██[38;2;184;181;154m████[38;2;185;181;154m████[38;2;63;62;54m  [38;2;211;206;179m  [38;2;221;215;188m  [38;2;130;128;119m  [38;2;188;163;162m██[38;2;134;121;107m  [38;2;241;235;205m  [38;2;63;61;53m  
[38;2;0;0;0m        [38;2;188;183;160m        [38;2;0;0;0m  [38;2;142;139;117m  [38;2;146;142;120m██[38;2;142;139;117m  [38;2;0;0;0m  [38;2;188;183;160m    [38;2;166;162;141m  [38;2;133;26;104m██[38;2;135;26;105m  [38;2;130;126;110m  [38;2;188;183;160m  [38;2;49;48;42m  
[38;2;0;0;0m                                [38;2;133;26;104m██[38;2;0;0;0m        [0m
