
[38;2;0;0;0m                                  [38;2;0;1;0m  [38;2;25;14;23m  [38;2;1;2;0m  [38;2;0;0;0m                                    
[38;2;0;0;0m                                [38;2;0;2;0m  [38;2;101;45;95m██[38;2;126;58;119m██[38;2;39;22;37m  [38;2;0;0;0m                                    
[38;2;0;0;0m                              [38;2;35;18;32m██[38;2;94;46;87m██[38;2;127;56;120m██[38;2;65;34;62m██[38;2;135;61;127m██[38;2;55;26;51m██[38;2;0;2;0m  [38;2;0;0;0m                                
[38;2;0;0;0m                            [38;2;7;8;0m  [38;2;85;43;80m██[38;2;99;60;93m██[38;2;26;14;25m  [38;2;1;2;0m  [38;2;33;18;31m██[38;2;33;17;31m██[38;2;69;31;65m  [38;2;0;0;0m                      [38;2;0;1;0m  [38;2;0;0;0m        
[38;2;0;0;0m                [38;2;14;9;9m  [38;2;0;4;0m██[38;2;0;0;0m    [38;2;34;16;23m  [38;2;43;23;34m██[38;2;128;47;112m██[38;2;145;56;112m██[38;2;118;59;73m██[38;2;105;39;91m  [38;2;0;0;0m      [38;2;0;3;0m  [38;2;0;0;0m                    [38;2;33;17;31m██[38;2;100;41;92m██[38;2;17;12;16m  [38;2;0;1;0m  [38;2;0;0;0m    
[38;2;0;0;0m            [38;2;0;1;0m  [38;2;46;46;46m  [38;2;108;50;60m██[38;2;0;1;0m  [38;2;0;0;0m  [38;2;6;5;4m  [38;2;115;60;87m██[38;2;228;77;100m██[38;2;124;64;110m██[38;2;81;57;76m██[38;2;5;6;5m  [38;2;0;0;0m                        [38;2;0;1;0m  [38;2;126;47;109m  [38;2;58;27;55m  [38;2;135;59;127m██[38;2;71;32;66m██[38;2;32;20;30m██[38;2;99;47;93m██[38;2;0;3;0m  [38;2;0;0;0m  
[38;2;0;0;0m            [38;2;112;43;55m██[38;2;116;63;105m██[38;2;72;39;63m██[38;2;0;1;0m  [38;2;44;19;38m██[38;2;177;64;153m██[38;2;156;56;141m██[38;2;67;64;67m██[38;2;118;61;110m██[38;2;118;53;109m██[38;2;5;6;5m  [38;2;6;4;5m  [38;2;53;22;38m██[38;2;43;17;33m██[38;2;9;4;8m  [38;2;0;0;0m                [38;2;23;10;20m  [38;2;171;63;150m██[38;2;68;55;65m██[38;2;0;3;0m  [38;2;0;1;0m  [38;2;0;0;0m  [38;2;36;21;34m  [38;2;114;53;107m██[38;2;9;5;8m  
[38;2;0;0;0m        [38;2;0;1;0m  [38;2;5;6;0m  [38;2;119;56;106m██[38;2;81;64;79m██[38;2;177;75;88m██[38;2;134;47;117m██[38;2;154;58;135m██[38;2;136;56;116m██[38;2;102;43;46m██[38;2;74;55;72m██[38;2;102;67;98m██[38;2;103;65;80m██[38;2;153;68;93m██[38;2;139;52;121m██[38;2;83;36;63m██[38;2;38;20;28m██[38;2;9;4;8m  [38;2;0;0;0m            [38;2;80;35;78m  [38;2;6;6;0m  [38;2;156;57;135m██[38;2;90;61;85m██[38;2;18;8;16m  [38;2;0;0;0m      [38;2;1;2;0m  [38;2;34;18;32m██[38;2;9;5;8m  
[38;2;0;0;0m      [38;2;0;3;0m  [38;2;94;42;86m██[38;2;90;64;82m██[38;2;131;57;115m██[38;2;71;64;70m██[38;2;122;65;111m██[38;2;164;61;144m██[38;2;183;71;88m██[38;2;181;65;62m  [38;2;0;1;0m  [38;2;35;29;24m██[38;2;146;58;130m██[38;2;169;61;146m██[38;2;173;57;76m██[38;2;0;3;0m  [38;2;0;0;0m                  [38;2;105;43;99m██[38;2;100;43;95m██[38;2;63;25;54m  [38;2;0;2;0m  [38;2;0;0;0m          [38;2;29;14;26m██[38;2;36;17;33m██
[38;2;0;0;0m      [38;2;88;36;80m  [38;2;130;61;120m██[38;2;71;64;70m██[38;2;176;63;153m██[38;2;71;64;70m██[38;2;156;58;138m██[38;2;79;64;77m██[38;2;137;56;88m██[38;2;181;68;62m  [38;2;77;30;66m  [38;2;149;56;135m██[38;2;134;52;118m██[38;2;37;18;32m  [38;2;0;1;0m  [38;2;0;0;0m                  [38;2;0;3;0m  [38;2;176;65;160m██[38;2;178;60;156m██[38;2;0;1;0m  [38;2;0;0;0m            [38;2;7;4;6m  [38;2;9;5;8m  
[38;2;0;0;0m    [38;2;9;8;5m  [38;2;104;62;96m██[38;2;104;61;98m██[38;2;96;64;90m██[38;2;160;59;141m██[38;2;153;64;119m██[38;2;172;71;85m██[38;2;93;64;88m██[38;2;118;64;107m██[38;2;95;63;89m██[38;2;156;59;117m██[38;2;143;66;86m██[38;2;79;31;30m██[38;2;0;0;0m        [38;2;11;5;10m  [38;2;32;14;29m██[38;2;55;22;39m██[38;2;6;3;5m  [38;2;0;0;0m  [38;2;39;17;34m  [38;2;6;8;6m  [38;2;169;58;148m██[38;2;156;55;136m██[38;2;0;3;0m  [38;2;0;0;0m                  
[38;2;0;0;0m  [38;2;0;2;0m  [38;2;90;50;86m██[38;2;66;60;65m██[38;2;135;62;122m██[38;2;166;62;146m██[38;2;156;61;137m██[38;2;100;71;78m██[38;2;182;75;87m██[38;2;178;62;155m██[38;2;139;58;126m██[38;2;136;55;120m██[38;2;242;81;86m██[38;2;103;63;64m██[38;2;8;7;8m  [38;2;0;0;0m    [38;2;0;3;0m  [38;2;140;46;49m  [38;2;152;60;99m██[38;2;60;24;53m██[38;2;49;25;31m██[38;2;5;4;3m  [38;2;0;1;0m  [38;2;143;55;133m██[38;2;104;55;94m██[38;2;172;64;149m██[38;2;93;35;81m██[38;2;0;0;0m                    
[38;2;0;0;0m  [38;2;0;3;0m  [38;2;130;59;122m██[38;2;97;64;91m██[38;2;136;61;122m██[38;2;147;61;129m██[38;2;102;58;94m██[38;2;172;57;151m██[38;2;103;63;96m██[38;2;137;62;105m██[38;2;166;76;101m██[38;2;241;93;87m██[38;2;172;76;75m██[38;2;113;69;69m██[38;2;76;43;47m██[38;2;1;0;5m  [38;2;30;13;26m  [38;2;178;65;153m██[38;2;119;43;104m██[38;2;140;46;49m  [38;2;0;0;0m      [38;2;16;7;14m  [38;2;202;77;187m██[38;2;141;63;126m██[38;2;131;50;114m██[38;2;0;1;0m  [38;2;0;0;0m                    
[38;2;0;0;0m    [38;2;44;31;42m██[38;2;158;63;140m██[38;2;156;65;119m██[38;2;170;84;100m██[38;2;123;60;109m██[38;2;178;60;156m██[38;2;157;126;153m██[38;2;198;95;104m██[38;2;197;95;105m██[38;2;241;87;87m██[38;2;172;76;75m██[38;2;113;69;69m██[38;2;111;65;80m██[38;2;115;55;89m██[38;2;163;60;141m██[38;2;44;19;38m██[38;2;11;5;10m  [38;2;0;0;0m        [38;2;76;31;75m██[38;2;181;62;162m██[38;2;178;60;156m██[38;2;9;6;8m██[38;2;0;0;0m  [38;2;0;3;0m  [38;2;0;0;0m  [38;2;4;4;4m  [38;2;38;17;34m  [38;2;0;0;0m            
[38;2;0;0;0m    [38;2;59;32;42m██[38;2;151;60;100m██[38;2;224;90;95m██[38;2;90;58;79m██[38;2;159;74;143m██[38;2;249;246;249m██[38;2;227;178;184m██[38;2;198;93;107m██[38;2;152;87;113m██[38;2;83;62;84m██[38;2;141;63;126m██[38;2;167;63;147m██[38;2;116;56;105m██[38;2;147;58;132m██[38;2;62;25;55m██[38;2;0;0;0m            [38;2;104;41;99m██[38;2;181;62;162m██[38;2;103;39;89m██[38;2;0;0;0m  [38;2;0;1;0m  [38;2;120;51;109m██[38;2;0;2;0m  [38;2;28;21;20m██[38;2;59;39;53m██[38;2;54;29;36m██[38;2;30;15;27m██[38;2;25;13;22m  [38;2;0;0;0m      
[38;2;0;0;0m  [38;2;0;5;0m  [38;2;152;62;124m██[38;2;239;83;86m██[38;2;197;95;104m██[38;2;219;193;206m██[38;2;210;155;169m██[38;2;255;255;255m██[38;2;205;114;126m██[38;2;98;72;76m██[38;2;113;52;102m██[38;2;156;72;143m██[38;2;93;64;88m██[38;2;99;50;81m██[38;2;17;8;24m  [38;2;32;16;29m██[38;2;110;45;100m██[38;2;0;3;0m  [38;2;0;2;0m    [38;2;0;0;0m    [38;2;0;3;0m  [38;2;195;73;185m██[38;2;176;62;155m██[38;2;63;27;56m██[38;2;4;4;4m  [38;2;0;1;0m  [38;2;120;50;109m██[38;2;88;46;78m██[38;2;86;54;76m██[38;2;154;65;96m██[38;2;54;26;26m██[38;2;30;15;27m██[38;2;25;13;22m  [38;2;0;0;0m      
[38;2;0;1;0m  [38;2;122;48;102m██[38;2;185;66;96m██[38;2;201;86;94m██[38;2;208;119;127m██[38;2;235;200;201m██[38;2;203;91;101m██[38;2;167;86;96m██[38;2;121;62;109m██[38;2;163;62;144m██[38;2;139;54;124m██[38;2;10;7;4m  [38;2;107;45;97m██[38;2;102;57;69m██[38;2;110;45;52m██[38;2;106;51;98m██[38;2;44;30;42m██[38;2;6;4;5m  [38;2;96;41;87m██[38;2;0;2;0m  [38;2;0;0;0m    [38;2;0;4;0m  [38;2;186;73;176m██[38;2;98;64;92m██[38;2;50;23;45m██[38;2;32;22;29m██[38;2;3;1;2m  [38;2;34;19;26m██[38;2;174;68;98m██[38;2;59;38;57m  [38;2;10;1;13m  [38;2;0;0;0m            
[38;2;50;19;16m  [38;2;208;75;77m██[38;2;86;38;55m██[38;2;180;84;88m██[38;2;222;116;120m██[38;2;236;94;96m██[38;2;106;69;74m██[38;2;68;65;66m██[38;2;93;64;87m██[38;2;37;20;28m██[38;2;54;28;49m██[38;2;0;0;0m  [38;2;17;9;15m  [38;2;206;76;83m██[38;2;153;58;123m██[38;2;122;58;95m██[38;2;110;69;69m██[38;2;96;41;87m██[38;2;53;24;48m██[38;2;0;1;0m  [38;2;71;31;64m  [38;2;0;2;0m  [38;2;0;6;0m  [38;2;123;52;109m██[38;2;59;26;48m██[38;2;12;7;11m  [38;2;80;54;71m██[38;2;105;52;78m██[38;2;188;82;131m██[38;2;95;39;83m██[38;2;0;0;0m    [38;2;0;2;0m  [38;2;0;1;0m  [38;2;0;0;0m        
[38;2;0;3;0m    [38;2;0;1;0m  [38;2;161;55;51m██[38;2;139;57;54m██[38;2;81;60;75m██[38;2;78;59;75m██[38;2;64;35;61m██[38;2;71;32;66m██[38;2;0;0;0m  [38;2;0;3;0m  [38;2;0;0;0m  [38;2;0;2;0m  [38;2;99;64;92m██[38;2;119;58;110m██[38;2;154;64;93m██[38;2;167;62;114m██[38;2;89;63;78m██[38;2;107;67;87m██[38;2;44;31;36m██[38;2;40;28;32m██[38;2;14;6;12m  [38;2;156;54;137m██[38;2;167;61;147m██[38;2;74;64;72m██[38;2;62;31;50m██[38;2;170;49;123m██[38;2;121;52;110m██[38;2;168;78;111m██[38;2;0;1;0m  [38;2;0;0;0m  [38;2;0;2;0m  [38;2;110;47;99m██[38;2;113;46;97m██[38;2;50;23;40m██[38;2;53;23;48m██[38;2;0;0;0m    
[38;2;0;0;0m      [38;2;0;1;0m  [38;2;0;3;2m  [38;2;30;16;28m  [38;2;9;11;9m  [38;2;0;1;0m  [38;2;17;9;16m  [38;2;0;0;0m        [38;2;61;33;45m██[38;2;140;59;126m██[38;2;122;67;82m██[38;2;169;55;151m██[38;2;125;64;84m██[38;2;120;60;65m██[38;2;149;63;136m██[38;2;151;58;133m██[38;2;146;53;127m██[38;2;176;62;154m██[38;2;139;62;125m██[38;2;193;78;77m██[38;2;145;57;130m██[38;2;188;76;126m██[38;2;131;56;113m██[38;2;134;45;123m██[38;2;0;1;0m  [38;2;0;0;0m  [38;2;28;30;28m  [38;2;82;59;78m██[38;2;88;55;83m██[38;2;137;52;119m██[38;2;13;6;12m  [38;2;0;0;0m    
[38;2;0;0;0m            [38;2;0;1;0m        [38;2;0;0;0m  [38;2;44;19;38m██[38;2;28;19;25m██[38;2;90;55;84m██[38;2;170;64;149m██[38;2;73;70;72m██[38;2;108;73;99m██[38;2;203;76;98m██[38;2;187;72;180m██[38;2;175;70;164m██[38;2;149;61;133m██[38;2;93;64;88m██[38;2;139;63;125m██[38;2;95;66;81m██[38;2;87;61;81m██[38;2;110;50;101m██[38;2;2;8;2m  [38;2;63;25;55m  [38;2;178;61;155m██[38;2;52;40;50m██[38;2;33;16;30m██[38;2;101;44;92m██[38;2;82;62;78m██[38;2;90;58;84m██[38;2;112;42;97m  [38;2;0;0;0m      
[38;2;0;0;0m      [38;2;0;2;0m  [38;2;0;3;0m    [38;2;133;49;115m██████[38;2;49;48;49m██[38;2;70;27;60m  [38;2;173;64;150m██[38;2;125;63;113m██[38;2;207;166;182m██[38;2;140;58;124m██[38;2;95;87;90m██[38;2;220;185;195m██[38;2;112;64;109m██[38;2;208;81;208m██[38;2;93;68;94m██[38;2;177;76;75m██[38;2;119;64;108m██[38;2;152;58;136m██[38;2;100;65;84m██[38;2;206;82;112m██[38;2;100;52;89m██[38;2;4;5;4m  [38;2;0;0;0m  [38;2;44;19;38m██[38;2;118;64;107m██[38;2;28;14;25m  [38;2;14;10;10m  [38;2;108;56;95m██[38;2;84;44;72m██[38;2;0;3;0m  [38;2;0;0;0m      
[38;2;0;0;0m      [38;2;112;42;97m  [38;2;133;49;115m██[38;2;148;58;132m██[38;2;75;31;66m  [38;2;46;46;46m  [38;2;79;64;76m██[38;2;176;63;154m██[38;2;140;56;123m██[38;2;0;3;0m  [38;2;109;93;96m  [38;2;246;199;207m██[38;2;166;77;57m██[38;2;239;189;213m██[38;2;203;116;98m██[38;2;123;95;122m██[38;2;133;82;99m██[38;2;89;59;85m██[38;2;198;81;140m██[38;2;210;83;97m██[38;2;142;64;123m██[38;2;145;62;129m██[38;2;105;62;97m██[38;2;148;66;87m██[38;2;3;4;3m  [38;2;0;0;0m    [38;2;0;3;0m  [38;2;0;0;0m    [38;2;0;2;0m  [38;2;0;1;0m  [38;2;0;0;0m        
[38;2;0;0;0m        [38;2;0;1;0m  [38;2;24;13;17m  [38;2;41;21;33m  [38;2;57;32;54m  [38;2;161;63;142m██[38;2;93;64;88m██[38;2;140;56;123m██[38;2;0;2;0m  [38;2;0;0;0m  [38;2;82;71;73m██[38;2;237;179;189m██[38;2;152;82;86m██[38;2;240;156;157m██[38;2;192;147;166m██[38;2;138;91;100m██[38;2;144;55;131m██[38;2;117;52;105m██[38;2;213;88;129m██[38;2;75;65;69m██[38;2;124;63;113m██[38;2;113;54;103m██[38;2;15;9;15m  [38;2;0;0;0m                        
[38;2;0;0;0m    [38;2;14;6;12m  [38;2;44;19;38m██[38;2;42;19;38m██[38;2;159;61;141m██[38;2;132;60;120m██[38;2;80;50;77m██[38;2;65;65;65m██[38;2;93;65;88m██[38;2;44;32;41m██[38;2;0;0;0m      [38;2;23;1;0m  [38;2;147;93;99m██[38;2;191;64;61m██[38;2;102;57;73m██[38;2;137;55;120m██[38;2;141;66;115m██[38;2;185;74;81m██[38;2;85;62;81m██[38;2;165;61;146m██[38;2;123;54;111m██[38;2;19;15;7m██[38;2;0;0;0m                          
[38;2;0;0;0m    [38;2;14;6;12m  [38;2;44;19;38m██[38;2;70;31;60m██[38;2;51;21;44m██[38;2;6;8;6m  [38;2;63;61;63m██[38;2;148;63;131m██[38;2;44;19;38m██[38;2;21;9;18m  [38;2;0;0;0m        [38;2;0;1;0m    [38;2;41;18;36m██[38;2;66;49;64m██[38;2;108;69;90m██[38;2;131;63;118m████[38;2;94;62;89m██[38;2;90;43;83m██[38;2;3;2;3m  [38;2;0;3;0m  [38;2;0;0;0m                        
[38;2;0;0;0m        [38;2;16;7;14m  [38;2;100;42;90m██[38;2;84;34;70m██[38;2;133;49;115m██[38;2;0;3;0m  [38;2;0;0;0m                  [38;2;35;17;28m  [38;2;125;50;112m██[38;2;142;52;123m██[38;2;87;46;80m██[38;2;136;56;122m██[38;2;88;50;83m██[38;2;54;25;44m██[38;2;93;48;83m██[38;2;1;1;1m  [38;2;0;0;0m                      
[38;2;0;0;0m        [38;2;16;7;14m  [38;2;42;19;38m██[38;2;24;11;22m  [38;2;0;1;0m  [38;2;0;0;0m                [38;2;0;2;0m  [38;2;34;16;34m  [38;2;193;77;192m██[38;2;43;19;38m██[38;2;9;4;8m  [38;2;7;6;6m  [38;2;82;54;77m██[38;2;167;59;148m██[38;2;101;64;95m██[38;2;92;46;89m██[38;2;6;6;6m██[38;2;0;0;0m                      
[38;2;0;0;0m                                [38;2;110;45;112m  [38;2;127;52;129m  [38;2;0;3;0m  [38;2;0;0;0m  [38;2;0;1;0m  [38;2;84;34;74m██[38;2;152;63;135m██[38;2;124;63;113m██[38;2;133;58;123m██[38;2;61;31;55m  [38;2;0;0;0m                        
[38;2;0;0;0m                                      [38;2;35;15;30m  [38;2;133;49;115m██[38;2;67;29;56m██[38;2;72;61;70m██[38;2;125;60;116m██[38;2;44;22;41m██[38;2;0;0;0m                          
[38;2;0;0;0m                                    [38;2;43;19;40m  [38;2;128;51;124m██[38;2;34;16;34m  [38;2;11;5;10m  [38;2;85;47;80m██[38;2;39;23;37m  [38;2;0;0;0m                            
[38;2;0;0;0m                                    [38;2;43;20;40m██[38;2;0;1;0m  [38;2;0;2;0m  [38;2;82;34;75m██[38;2;5;3;5m  [38;2;0;0;0m                              [0m
