
[38;2;0;0;0m                    [38;2;28;25;10m  [38;2;63;57;24m██[38;2;33;29;12m  [38;2;0;0;0m                            
[38;2;0;0;0m                    [38;2;113;102;43m██[38;2;255;231;97m██[38;2;224;202;88m██[38;2;3;0;12m  [38;2;0;0;0m                          
[38;2;0;0;0m              [38;2;207;181;84m██[38;2;242;213;95m██[38;2;34;30;21m██[38;2;255;231;97m████[38;2;236;211;93m██[38;2;96;82;60m██[38;2;239;210;97m██[38;2;61;55;25m  [38;2;0;0;1m  [38;2;0;0;0m                    
[38;2;0;0;0m      [38;2;137;91;142m  [38;2;168;111;174m    [38;2;62;41;64m  [38;2;206;138;194m██[38;2;171;124;144m██[38;2;137;119;72m██[38;2;192;148;89m██[38;2;252;227;96m██[38;2;151;118;127m██[38;2;200;138;201m██[38;2;204;157;132m██[38;2;247;222;103m██[38;2;29;24;16m  [38;2;12;8;12m  [38;2;168;111;174m            [38;2;50;33;51m  [38;2;0;0;0m    
[38;2;0;0;0m      [38;2;137;91;142m  [38;2;187;124;194m  [38;2;225;149;233m  [38;2;83;55;86m██[38;2;225;148;233m██[38;2;130;98;132m██[38;2;225;149;233m████[38;2;122;101;107m██[38;2;164;116;159m██[38;2;225;149;233m██[38;2;225;148;233m██[38;2;70;68;63m██[38;2;204;174;62m██[38;2;192;165;60m██[38;2;120;83;110m  [38;2;225;149;233m    [38;2;224;149;233m  [38;2;187;124;194m  [38;2;63;57;24m████[38;2;0;0;0m    
[38;2;0;0;0m      [38;2;155;141;59m  [38;2;146;127;67m  [38;2;56;37;58m  [38;2;175;106;179m██[38;2;118;92;120m██[38;2;201;136;207m██[38;2;225;149;233m██[38;2;181;131;186m██[38;2;185;127;186m██[38;2;223;150;227m██[38;2;225;149;233m██[38;2;162;115;167m██[38;2;165;98;164m██[38;2;168;135;88m██[38;2;196;163;101m██[38;2;82;72;34m██[38;2;225;149;233m  [38;2;225;148;233m  [38;2;200;132;207m  [38;2;147;117;78m  [38;2;255;231;97m████[38;2;148;134;56m  [38;2;0;0;0m  
[38;2;0;0;0m    [38;2;75;68;28m██[38;2;237;208;94m██[38;2;179;127;134m██[38;2;165;119;153m██[38;2;225;149;233m██[38;2;227;156;230m██[38;2;228;158;230m██[38;2;134;113;136m██[38;2;170;127;175m██[38;2;225;149;233m██[38;2;225;148;233m██[38;2;225;149;233m██[38;2;162;115;167m██[38;2;165;97;167m██[38;2;144;102;126m██[38;2;126;98;85m██[38;2;145;128;60m██[38;2;25;16;25m  [38;2;189;125;196m  [38;2;75;52;66m██[38;2;185;141;115m██[38;2;240;210;93m██[38;2;250;225;98m██[38;2;233;207;84m██[38;2;52;45;17m██
[38;2;0;0;0m    [38;2;18;17;7m  [38;2;183;126;164m██[38;2;218;138;224m██[38;2;229;158;224m██[38;2;205;142;221m██[38;2;237;183;223m██[38;2;233;173;225m██[38;2;225;149;232m██[38;2;212;131;218m██[38;2;233;176;226m██[38;2;225;149;233m██[38;2;105;85;106m██[38;2;225;149;233m██[38;2;185;127;190m██[38;2;159;123;124m██[38;2;255;227;97m██[38;2;226;206;92m██[38;2;25;16;25m  [38;2;83;55;86m  [38;2;225;148;233m██[38;2;225;149;233m██[38;2;209;164;164m██[38;2;210;176;76m██[38;2;203;174;64m██[38;2;52;45;17m██
[38;2;0;0;0m      [38;2;45;30;47m  [38;2;145;96;143m██[38;2;156;105;128m██[38;2;211;129;216m██[38;2;225;148;233m██[38;2;225;149;233m██[38;2;198;111;200m██[38;2;199;132;207m██[38;2;175;121;151m██[38;2;99;84;93m██[38;2;187;128;160m██[38;2;225;148;233m██[38;2;225;149;233m████[38;2;172;126;87m██[38;2;207;189;88m██[38;2;88;62;88m██[38;2;151;102;152m██[38;2;224;149;233m██[38;2;220;142;227m██[38;2;193;110;181m██[38;2;160;134;62m██[38;2;118;101;39m  [38;2;0;0;0m  
[38;2;0;0;0m      [38;2;183;121;189m  [38;2;49;34;43m██[38;2;35;18;19m██[38;2;225;148;233m██[38;2;225;149;233m████[38;2;218;139;224m██[38;2;66;54;67m██[38;2;199;105;116m██[38;2;228;134;164m██[38;2;97;94;94m██[38;2;225;149;233m██[38;2;203;118;206m██[38;2;148;99;150m██[38;2;96;79;76m██[38;2;163;97;164m██[38;2;103;79;105m██[38;2;189;109;192m██[38;2;209;122;214m██[38;2;201;124;205m██[38;2;172;94;167m██[38;2;15;11;3m  [38;2;0;0;0m    
[38;2;0;0;0m  [38;2;39;20;39m  [38;2;14;8;14m  [38;2;43;29;39m██[38;2;82;65;73m██[38;2;168;118;144m██[38;2;230;166;228m██[38;2;196;137;202m██[38;2;212;130;217m██[38;2;225;149;233m██[38;2;176;108;134m██[38;2;246;130;162m██[38;2;188;119;145m██[38;2;216;143;193m██[38;2;213;133;219m██[38;2;160;96;161m██[38;2;151;94;152m██[38;2;196;108;199m██[38;2;138;88;139m██[38;2;102;79;103m██[38;2;165;96;167m██[38;2;156;95;158m██[38;2;105;85;106m██[38;2;133;72;134m  [38;2;16;11;17m  [38;2;0;0;0m    
[38;2;0;0;0m  [38;2;157;83;157m██[38;2;166;89;166m██[38;2;118;87;100m██[38;2;143;100;131m██[38;2;84;70;83m██[38;2;149;108;153m██[38;2;196;137;202m██[38;2;176;123;181m██[38;2;105;85;106m██████[38;2;225;149;233m██████[38;2;190;121;195m██[38;2;152;94;154m██[38;2;199;107;202m██[38;2;199;108;202m██[38;2;220;134;226m██[38;2;194;123;200m██[38;2;162;109;165m██[38;2;225;149;233m██[38;2;41;27;43m  [38;2;66;44;69m  [38;2;0;0;0m    
[38;2;0;0;0m    [38;2;121;99;121m██[38;2;95;86;88m██[38;2;148;122;126m██[38;2;117;101;86m██[38;2;142;129;145m██[38;2;68;66;67m██[38;2;117;64;69m██[38;2;72;64;64m██[38;2;226;229;221m██[38;2;70;69;69m██[38;2;77;64;65m██[38;2;185;127;190m██[38;2;204;157;132m██[38;2;194;151;89m██[38;2;149;138;78m██[38;2;188;105;190m██[38;2;136;88;137m██[38;2;168;103;172m██[38;2;226;143;234m██[38;2;220;147;227m██[38;2;192;136;198m██[38;2;41;27;43m  [38;2;66;44;69m  [38;2;0;0;0m    
[38;2;0;0;0m    [38;2;121;99;121m██[38;2;177;112;172m██[38;2;137;90;137m██[38;2;50;39;46m██[38;2;120;83;124m  [38;2;149;90;150m██[38;2;117;64;69m██[38;2;137;64;71m██[38;2;109;104;105m██[38;2;132;65;72m██[38;2;102;54;61m██[38;2;163;97;164m██[38;2;171;150;85m██[38;2;245;216;125m██[38;2;148;98;132m██[38;2;198;107;201m██[38;2;178;101;181m██[38;2;158;93;159m██[38;2;177;122;182m██[38;2;220;147;227m██[38;2;192;136;198m██[38;2;137;102;145m  [38;2;16;11;17m  [38;2;0;0;0m    
[38;2;0;0;0m  [38;2;142;78;142m██[38;2;183;106;183m██[38;2;200;108;202m██[38;2;118;66;120m  [38;2;200;132;207m  [38;2;141;93;146m  [38;2;170;97;172m██[38;2;103;64;68m██[38;2;159;64;73m██[38;2;140;53;64m██[38;2;149;57;69m██[38;2;99;51;58m██[38;2;203;118;206m██[38;2;81;69;81m██[38;2;116;87;82m██[38;2;184;117;172m██[38;2;198;108;201m████[38;2;181;103;183m██[38;2;165;117;170m██[38;2;210;143;217m██[38;2;127;110;129m██[38;2;100;82;111m██[38;2;0;1;0m  [38;2;0;0;0m    
[38;2;36;22;36m  [38;2;166;100;167m██[38;2;183;106;183m██[38;2;202;108;202m██[38;2;75;49;77m  [38;2;225;148;233m  [38;2;53;41;54m  [38;2;203;126;208m██[38;2;103;64;68m██[38;2;159;64;73m██[38;2;134;43;55m██[38;2;186;107;120m██[38;2;129;88;94m██[38;2;225;149;233m██[38;2;132;86;133m██[38;2;203;174;65m██[38;2;201;130;156m██[38;2;198;107;201m██[38;2;137;88;138m██[38;2;94;73;93m██[38;2;165;117;170m██[38;2;210;143;217m██[38;2;127;110;129m██[38;2;100;82;111m██[38;2;0;1;0m  [38;2;0;0;0m    
[38;2;17;10;18m  [38;2;121;73;127m██[38;2;87;52;92m██[38;2;71;45;73m  [38;2;206;136;213m  [38;2;68;39;68m  [38;2;130;113;134m██[38;2;70;67;70m██[38;2;151;57;67m██[38;2;165;78;89m██[38;2;254;175;200m██[38;2;209;147;165m██[38;2;181;127;139m██[38;2;65;64;64m██[38;2;142;104;145m██[38;2;175;129;162m██[38;2;112;95;103m██[38;2;225;149;233m████[38;2;82;73;82m██[38;2;225;149;233m██[38;2;197;137;203m██[38;2;225;149;233m██[38;2;192;131;198m██[38;2;66;44;69m██[38;2;0;0;0m    
[38;2;0;0;0m      [38;2;183;121;189m  [38;2;87;51;89m  [38;2;192;104;194m██[38;2;136;115;136m██[38;2;181;158;192m██[38;2;112;49;64m██[38;2;159;72;86m██[38;2;202;149;166m██[38;2;205;203;204m██[38;2;155;147;148m██[38;2;65;64;64m██[38;2;142;104;145m██[38;2;158;135;142m██[38;2;159;115;152m██[38;2;225;148;233m██[38;2;210;132;216m██[38;2;184;119;188m██[38;2;110;82;109m██[38;2;178;127;186m██[38;2;183;125;193m██[38;2;23;19;23m██[38;2;16;11;17m  [38;2;0;0;0m    
[38;2;0;0;0m      [38;2;183;121;189m  [38;2;87;51;89m  [38;2;187;106;189m██[38;2;117;87;115m██[38;2;180;137;184m██[38;2;168;137;178m██[38;2;105;85;106m██[38;2;109;94;116m██[38;2;212;192;208m██[38;2;162;142;160m██[38;2;225;149;233m██[38;2;130;91;133m██[38;2;62;55;46m██[38;2;214;153;213m██[38;2;66;63;67m██[38;2;167;111;171m██[38;2;122;87;121m██[38;2;120;83;122m  [38;2;61;42;58m  [38;2;56;40;58m  [38;2;225;149;233m  [38;2;66;44;69m  [38;2;0;0;0m    
[38;2;0;0;0m      [38;2;183;121;189m  [38;2;149;99;155m  [38;2;113;76;115m██[38;2;139;94;141m██[38;2;111;86;112m██[38;2;108;81;109m██[38;2;66;42;62m██[38;2;56;37;58m██[38;2;211;134;218m██[38;2;221;143;228m██[38;2;203;118;206m██[38;2;111;70;114m  [38;2;164;108;170m  [38;2;132;80;134m██[38;2;194;123;200m██[38;2;159;115;162m██[38;2;169;102;170m██[38;2;87;55;89m  [38;2;225;148;233m  [38;2;225;149;233m    [38;2;66;44;69m  [38;2;0;0;0m    
[38;2;0;0;0m        [38;2;53;54;53m  [38;2;91;93;91m██[38;2;130;133;130m██[38;2;143;81;143m██[38;2;89;47;89m  [38;2;0;0;0m            [38;2;5;3;5m  [38;2;175;126;176m██[38;2;135;111;138m██[38;2;156;129;159m██[38;2;187;156;188m██[38;2;48;39;49m  [38;2;0;0;0m            
[38;2;0;0;0m                                [38;2;35;30;35m  [38;2;5;4;6m  [38;2;26;22;27m  [38;2;56;49;56m  [38;2;0;0;0m              [0m
