 [38;2;7;7;7m▄[38;2;7;7;7m▄[38;2;7;7;7m▄   [38;2;7;7;7m▄[38;2;7;7;7m[48;2;66;66;66m▀[0m[38;2;7;7;7m[48;2;79;91;103m▀[0m[38;2;7;7;7m[48;2;66;66;66m▀[0m[38;2;7;7;7m▄  [38;2;7;7;7m▄[38;2;7;7;7m▄[38;2;7;7;7m▄               
[38;2;7;7;7m[48;2;7;7;7m▀[0m[38;2;66;66;66m[48;2;79;91;103m▀[0m[38;2;79;91;103m[48;2;79;91;103m▀[0m[38;2;66;66;66m[48;2;79;91;103m▀[0m[38;2;7;7;7m[48;2;7;7;7m▀[0m  [38;2;7;7;7m[48;2;7;7;7m▀[0m[38;2;79;91;103m[48;2;66;66;66m▀[0m[38;2;79;91;103m[48;2;79;91;103m▀[0m[38;2;79;91;103m[48;2;66;66;66m▀[0m[38;2;7;7;7m[48;2;7;7;7m▀[0m [38;2;7;7;7m[48;2;7;7;7m▀[0m[38;2;86;52;47m[48;2;131;83;54m▀[0m[38;2;131;83;54m[48;2;131;83;54m▀[0m[38;2;86;52;47m[48;2;131;83;54m▀[0m[38;2;7;7;7m[48;2;7;7;7m▀[0m              
[38;2;7;7;7m▀[38;2;66;66;66m[48;2;7;7;7m▀[0m[38;2;79;91;103m[48;2;66;66;66m▀[0m[38;2;66;66;66m[48;2;79;91;103m▀[0m[38;2;7;7;7m[48;2;7;7;7m▀[0m  [38;2;7;7;7m▄[38;2;7;7;7m[48;2;66;66;66m▀[0m[38;2;79;91;103m[48;2;79;91;103m▀[0m[38;2;7;7;7m[48;2;7;7;7m▀[0m [38;2;7;7;7m▄[38;2;7;7;7m[48;2;86;52;47m▀[0m[38;2;86;52;47m[48;2;131;83;54m▀[0m[38;2;131;83;54m[48;2;7;7;7m▀[0m[38;2;86;52;47m[48;2;7;7;7m▀[0m[38;2;7;7;7m▀              
  [38;2;7;7;7m▀[38;2;79;91;103m[48;2;7;7;7m▀[0m[38;2;79;91;103m[48;2;66;66;66m▀[0m[38;2;7;7;7m[48;2;79;91;103m▀[0m[38;2;7;7;7m[48;2;79;91;103m▀[0m[38;2;79;91;103m[48;2;79;91;103m▀[0m[38;2;66;66;66m[48;2;66;66;66m▀[0m[38;2;79;91;103m[48;2;79;91;103m▀[0m[38;2;66;66;66m[48;2;66;66;66m▀[0m[38;2;7;7;7m[48;2;79;91;103m▀[0m[38;2;58;34;33m[48;2;86;52;47m▀[0m[38;2;86;52;47m[48;2;7;7;7m▀[0m[38;2;7;7;7m▀                 
  [38;2;7;7;7m▄[38;2;7;7;7m[48;2;79;91;103m▀[0m[38;2;79;91;103m[48;2;79;91;103m▀[0m[38;2;79;91;103m[48;2;79;91;103m▀[0m[38;2;79;91;103m[48;2;79;91;103m▀[0m[38;2;79;91;103m[48;2;79;91;103m▀[0m[38;2;79;91;103m[48;2;79;91;103m▀[0m[38;2;79;91;103m[48;2;79;91;103m▀[0m[38;2;79;91;103m[48;2;79;91;103m▀[0m[38;2;79;91;103m[48;2;200;194;186m▀[0m[38;2;79;91;103m[48;2;242;232;240m▀[0m[38;2;79;91;103m[48;2;79;91;103m▀[0m[38;2;7;7;7m[48;2;86;52;47m▀[0m[38;2;7;7;7m▄                
 [38;2;7;7;7m▄[38;2;7;7;7m[48;2;79;91;103m▀[0m[38;2;79;91;103m[48;2;66;66;66m▀[0m[38;2;66;66;66m[48;2;66;66;66m▀[0m[38;2;66;66;66m[48;2;189;197;197m▀[0m[38;2;66;66;66m[48;2;189;197;197m▀[0m[38;2;66;66;66m[48;2;66;66;66m▀[0m[38;2;79;91;103m[48;2;66;66;66m▀[0m[38;2;79;91;103m[48;2;66;66;66m▀[0m[38;2;79;91;103m[48;2;79;91;103m▀[0m[38;2;242;232;240m[48;2;242;232;240m▀[0m[38;2;248;248;248m[48;2;7;7;7m▀[0m[38;2;242;232;240m[48;2;7;7;7m▀[0m[38;2;79;91;103m[48;2;242;232;240m▀[0m[38;2;7;7;7m[48;2;86;52;47m▀[0m[38;2;7;7;7m▄               
 [38;2;7;7;7m[48;2;7;7;7m▀[0m[38;2;66;66;66m[48;2;66;66;66m▀[0m[38;2;189;197;197m[48;2;66;66;66m▀[0m[38;2;66;66;66m[48;2;242;232;240m▀[0m[38;2;248;248;248m[48;2;66;66;66m▀[0m[38;2;66;66;66m[48;2;242;232;240m▀[0m[38;2;66;66;66m[48;2;66;66;66m▀[0m[38;2;189;197;197m[48;2;248;248;248m▀[0m[38;2;189;197;197m[48;2;66;66;66m▀[0m[38;2;66;66;66m[48;2;66;66;66m▀[0m[38;2;79;91;103m[48;2;66;66;66m▀[0m[38;2;242;232;240m[48;2;79;91;103m▀[0m[38;2;7;7;7m[48;2;242;232;240m▀[0m[38;2;242;232;240m[48;2;200;194;186m▀[0m[38;2;79;91;103m[48;2;79;91;103m▀[0m[38;2;7;7;7m[48;2;7;7;7m▀[0m               
[38;2;7;7;7m▄[38;2;7;7;7m[48;2;66;66;66m▀[0m[38;2;242;232;240m[48;2;200;194;186m▀[0m[38;2;242;232;240m[48;2;242;232;240m▀[0m[38;2;242;232;240m[48;2;242;232;240m▀[0m[38;2;242;232;240m[48;2;242;232;240m▀[0m[38;2;66;66;66m[48;2;149;148;146m▀[0m[38;2;66;66;66m[48;2;248;248;248m▀[0m[38;2;149;148;146m[48;2;7;7;7m▀[0m[38;2;248;248;248m[48;2;248;248;248m▀[0m[38;2;232;96;72m[48;2;232;96;72m▀[0m[38;2;66;66;66m[48;2;232;96;72m▀[0m[38;2;79;91;103m[48;2;66;66;66m▀[0m[38;2;79;91;103m[48;2;79;91;103m▀[0m[38;2;79;91;103m[48;2;79;91;103m▀[0m[38;2;79;91;103m[48;2;79;91;103m▀[0m[38;2;7;7;7m[48;2;7;7;7m▀[0m               
[38;2;7;7;7m[48;2;7;7;7m▀[0m[38;2;128;176;240m[48;2;128;176;240m▀[0m[38;2;191;93;105m[48;2;128;176;240m▀[0m[38;2;242;232;240m[48;2;128;176;240m▀[0m[38;2;242;232;240m[48;2;128;176;240m▀[0m[38;2;200;194;186m[48;2;191;93;105m▀[0m[38;2;232;96;72m[48;2;232;96;72m▀[0m[38;2;7;7;7m[48;2;232;96;72m▀[0m[38;2;7;7;7m[48;2;232;96;72m▀[0m[38;2;232;96;72m[48;2;232;96;72m▀[0m[38;2;232;96;72m[48;2;66;66;66m▀[0m[38;2;208;48;40m[48;2;66;66;66m▀[0m[38;2;66;66;66m[48;2;66;66;66m▀[0m[38;2;79;91;103m[48;2;79;91;103m▀[0m[38;2;79;91;103m[48;2;79;91;103m▀[0m[38;2;7;7;7m[48;2;7;7;7m▀[0m                
 [38;2;7;7;7m▀[38;2;128;176;240m[48;2;7;7;7m▀[0m[38;2;128;176;240m[48;2;7;7;7m▀[0m[38;2;128;176;240m[48;2;191;93;105m▀[0m[38;2;191;93;105m[48;2;232;96;72m▀[0m[38;2;232;96;72m[48;2;232;96;72m▀[0m[38;2;232;96;72m[48;2;66;66;66m▀[0m[38;2;66;66;66m[48;2;248;248;248m▀[0m[38;2;66;66;66m[48;2;66;66;66m▀[0m[38;2;248;248;248m[48;2;189;197;197m▀[0m[38;2;189;197;197m[48;2;66;66;66m▀[0m[38;2;66;66;66m[48;2;79;91;103m▀[0m[38;2;79;91;103m[48;2;58;34;33m▀[0m[38;2;58;34;33m[48;2;58;34;33m▀[0m[38;2;86;52;47m[48;2;86;52;47m▀[0m[38;2;7;7;7m[48;2;200;194;186m▀[0m[38;2;7;7;7m▄      [38;2;7;7;7m▄   [38;2;7;7;7m▄   
    [38;2;7;7;7m▀[38;2;7;7;7m▀[38;2;7;7;7m▀[38;2;66;66;66m[48;2;7;7;7m▀[0m[38;2;189;197;197m[48;2;7;7;7m▀[0m[38;2;189;197;197m[48;2;58;34;33m▀[0m[38;2;66;66;66m[48;2;58;34;33m▀[0m[38;2;58;34;33m[48;2;208;48;40m▀[0m[38;2;58;34;33m[48;2;86;52;47m▀[0m[38;2;86;52;47m[48;2;86;52;47m▀[0m[38;2;58;34;33m[48;2;58;34;33m▀[0m[38;2;58;34;33m[48;2;86;52;47m▀[0m[38;2;7;7;7m[48;2;200;194;186m▀[0m[38;2;7;7;7m▄[38;2;7;7;7m▄ [38;2;7;7;7m▄[38;2;7;7;7m[48;2;242;232;240m▀[0m[38;2;7;7;7m▄[38;2;7;7;7m[48;2;86;52;47m▀[0m[38;2;242;232;240m[48;2;86;52;47m▀[0m[38;2;7;7;7m[48;2;58;34;33m▀[0m[38;2;7;7;7m▄[38;2;7;7;7m[48;2;86;52;47m▀[0m[38;2;242;232;240m[48;2;86;52;47m▀[0m[38;2;7;7;7m[48;2;7;7;7m▀[0m  
         [38;2;7;7;7m▀[38;2;208;48;40m[48;2;7;7;7m▀[0m[38;2;86;52;47m[48;2;86;52;47m▀[0m[38;2;86;52;47m[48;2;86;52;47m▀[0m[38;2;86;52;47m[48;2;86;52;47m▀[0m[38;2;86;52;47m[48;2;131;83;54m▀[0m[38;2;58;34;33m[48;2;131;83;54m▀[0m[38;2;86;52;47m[48;2;131;83;54m▀[0m[38;2;58;34;33m[48;2;86;52;47m▀[0m[38;2;200;194;186m[48;2;86;52;47m▀[0m[38;2;7;7;7m[48;2;131;83;54m▀[0m[38;2;86;52;47m[48;2;131;83;54m▀[0m[38;2;86;52;47m[48;2;131;83;54m▀[0m[38;2;131;83;54m[48;2;208;48;40m▀[0m[38;2;131;83;54m[48;2;232;96;72m▀[0m[38;2;131;83;54m[48;2;232;96;72m▀[0m[38;2;131;83;54m[48;2;232;96;72m▀[0m[38;2;131;83;54m[48;2;208;48;40m▀[0m[38;2;86;52;47m[48;2;131;83;54m▀[0m[38;2;58;34;33m[48;2;66;66;66m▀[0m[38;2;7;7;7m[48;2;7;7;7m▀[0m  
          [38;2;7;7;7m[48;2;7;7;7m▀[0m[38;2;208;48;40m[48;2;232;96;72m▀[0m[38;2;86;52;47m[48;2;232;96;72m▀[0m[38;2;131;83;54m[48;2;208;48;40m▀[0m[38;2;131;83;54m[48;2;131;83;54m▀[0m[38;2;131;83;54m[48;2;131;83;54m▀[0m[38;2;131;83;54m[48;2;232;96;72m▀[0m[38;2;131;83;54m[48;2;232;96;72m▀[0m[38;2;131;83;54m[48;2;131;83;54m▀[0m[38;2;208;48;40m[48;2;131;83;54m▀[0m[38;2;232;96;72m[48;2;232;96;72m▀[0m[38;2;232;96;72m[48;2;232;96;72m▀[0m[38;2;232;96;72m[48;2;232;96;72m▀[0m[38;2;232;96;72m[48;2;232;96;72m▀[0m[38;2;232;96;72m[48;2;232;96;72m▀[0m[38;2;232;96;72m[48;2;232;96;72m▀[0m[38;2;232;96;72m[48;2;232;96;72m▀[0m[38;2;232;96;72m[48;2;232;96;72m▀[0m[38;2;208;48;40m[48;2;232;96;72m▀[0m[38;2;7;7;7m[48;2;232;96;72m▀[0m[38;2;7;7;7m▄ 
           [38;2;7;7;7m[48;2;7;7;7m▀[0m[38;2;232;96;72m[48;2;131;83;54m▀[0m[38;2;131;83;54m[48;2;131;83;54m▀[0m[38;2;131;83;54m[48;2;232;96;72m▀[0m[38;2;232;96;72m[48;2;232;96;72m▀[0m[38;2;232;96;72m[48;2;131;83;54m▀[0m[38;2;232;96;72m[48;2;208;48;40m▀[0m[38;2;208;48;40m[48;2;232;96;72m▀[0m[38;2;131;83;54m[48;2;232;96;72m▀[0m[38;2;232;96;72m[48;2;232;96;72m▀[0m[38;2;232;96;72m[48;2;232;96;72m▀[0m[38;2;232;96;72m[48;2;232;96;72m▀[0m[38;2;232;96;72m[48;2;232;96;72m▀[0m[38;2;232;96;72m[48;2;232;96;72m▀[0m[38;2;232;96;72m[48;2;232;96;72m▀[0m[38;2;232;96;72m[48;2;232;96;72m▀[0m[38;2;232;96;72m[48;2;232;96;72m▀[0m[38;2;232;96;72m[48;2;232;96;72m▀[0m[38;2;232;96;72m[48;2;232;96;72m▀[0m[38;2;7;7;7m[48;2;208;48;40m▀[0m[38;2;7;7;7m▄
           [38;2;7;7;7m▀[38;2;232;96;72m[48;2;7;7;7m▀[0m[38;2;232;96;72m[48;2;131;83;54m▀[0m[38;2;232;96;72m[48;2;131;83;54m▀[0m[38;2;208;48;40m[48;2;232;96;72m▀[0m[38;2;131;83;54m[48;2;232;96;72m▀[0m[38;2;131;83;54m[48;2;232;96;72m▀[0m[38;2;232;96;72m[48;2;232;96;72m▀[0m[38;2;232;96;72m[48;2;232;96;72m▀[0m[38;2;232;96;72m[48;2;232;96;72m▀[0m[38;2;232;96;72m[48;2;232;96;72m▀[0m[38;2;232;96;72m[48;2;208;48;40m▀[0m[38;2;208;48;40m[48;2;208;48;40m▀[0m[38;2;232;96;72m[48;2;208;48;40m▀[0m[38;2;232;96;72m[48;2;208;48;40m▀[0m[38;2;232;96;72m[48;2;208;48;40m▀[0m[38;2;232;96;72m[48;2;208;48;40m▀[0m[38;2;232;96;72m[48;2;208;48;40m▀[0m[38;2;208;48;40m[48;2;208;48;40m▀[0m[38;2;208;48;40m[48;2;208;48;40m▀[0m[38;2;7;7;7m[48;2;7;7;7m▀[0m
            [38;2;7;7;7m[48;2;7;7;7m▀[0m[38;2;131;83;54m[48;2;208;48;40m▀[0m[38;2;208;48;40m[48;2;232;96;72m▀[0m[38;2;232;96;72m[48;2;232;96;72m▀[0m[38;2;232;96;72m[48;2;232;96;72m▀[0m[38;2;232;96;72m[48;2;232;96;72m▀[0m[38;2;232;96;72m[48;2;232;96;72m▀[0m[38;2;232;96;72m[48;2;232;96;72m▀[0m[38;2;232;96;72m[48;2;200;194;186m▀[0m[38;2;208;48;40m[48;2;200;194;186m▀[0m[38;2;208;48;40m[48;2;66;66;66m▀[0m[38;2;200;194;186m[48;2;66;66;66m▀[0m[38;2;66;66;66m[48;2;200;194;186m▀[0m[38;2;66;66;66m[48;2;66;66;66m▀[0m[38;2;208;48;40m[48;2;7;7;7m▀[0m[38;2;208;48;40m[48;2;7;7;7m▀[0m[38;2;208;48;40m[48;2;208;48;40m▀[0m[38;2;208;48;40m[48;2;208;48;40m▀[0m[38;2;208;48;40m[48;2;7;7;7m▀[0m[38;2;7;7;7m▀
             [38;2;7;7;7m[48;2;7;7;7m▀[0m[38;2;200;194;186m[48;2;242;232;240m▀[0m[38;2;86;52;47m[48;2;200;194;186m▀[0m[38;2;232;96;72m[48;2;86;52;47m▀[0m[38;2;232;96;72m[48;2;232;96;72m▀[0m[38;2;232;96;72m[48;2;232;96;72m▀[0m[38;2;200;194;186m[48;2;7;7;7m▀[0m[38;2;7;7;7m▀[38;2;7;7;7m▀[38;2;66;66;66m[48;2;7;7;7m▀[0m[38;2;200;194;186m[48;2;200;194;186m▀[0m[38;2;200;194;186m[48;2;200;194;186m▀[0m[38;2;7;7;7m[48;2;7;7;7m▀[0m [38;2;7;7;7m[48;2;7;7;7m▀[0m[38;2;208;48;40m[48;2;200;194;186m▀[0m[38;2;208;48;40m[48;2;200;194;186m▀[0m[38;2;7;7;7m[48;2;7;7;7m▀[0m 
              [38;2;7;7;7m[48;2;7;7;7m▀[0m[38;2;200;194;186m[48;2;200;194;186m▀[0m[38;2;86;52;47m[48;2;200;194;186m▀[0m[38;2;208;48;40m[48;2;66;66;66m▀[0m[38;2;208;48;40m[48;2;208;48;40m▀[0m[38;2;7;7;7m[48;2;208;48;40m▀[0m[38;2;7;7;7m▄ [38;2;7;7;7m▄[38;2;7;7;7m[48;2;66;66;66m▀[0m[38;2;200;194;186m[48;2;66;66;66m▀[0m[38;2;7;7;7m[48;2;7;7;7m▀[0m  [38;2;7;7;7m[48;2;7;7;7m▀[0m[38;2;200;194;186m[48;2;200;194;186m▀[0m[38;2;7;7;7m[48;2;7;7;7m▀[0m 
             [38;2;7;7;7m▄[38;2;7;7;7m[48;2;86;52;47m▀[0m[38;2;200;194;186m[48;2;200;194;186m▀[0m[38;2;200;194;186m[48;2;200;194;186m▀[0m[38;2;66;66;66m[48;2;66;66;66m▀[0m[38;2;208;48;40m[48;2;200;194;186m▀[0m[38;2;208;48;40m[48;2;200;194;186m▀[0m[38;2;7;7;7m[48;2;7;7;7m▀[0m [38;2;7;7;7m▀[38;2;66;66;66m[48;2;7;7;7m▀[0m[38;2;66;66;66m[48;2;7;7;7m▀[0m[38;2;7;7;7m▀ [38;2;7;7;7m[48;2;7;7;7m▀[0m[38;2;66;66;66m[48;2;66;66;66m▀[0m[38;2;66;66;66m[48;2;66;66;66m▀[0m[38;2;7;7;7m[48;2;7;7;7m▀[0m 
             [38;2;7;7;7m▀[38;2;66;66;66m[48;2;7;7;7m▀[0m[38;2;86;52;47m[48;2;7;7;7m▀[0m[38;2;66;66;66m[48;2;86;52;47m▀[0m[38;2;200;194;186m[48;2;86;52;47m▀[0m[38;2;200;194;186m[48;2;200;194;186m▀[0m[38;2;7;7;7m[48;2;7;7;7m▀[0m        [38;2;7;7;7m▀[38;2;7;7;7m▀  
               [38;2;7;7;7m▀[38;2;66;66;66m[48;2;7;7;7m▀[0m[38;2;66;66;66m[48;2;7;7;7m▀[0m[38;2;86;52;47m[48;2;7;7;7m▀[0m[38;2;7;7;7m▀            
[0m