  [38;2;7;7;7m▄[38;2;7;7;7m[48;2;246;221;97m▀[0m[38;2;7;7;7m[48;2;246;221;97m▀[0m[38;2;7;7;7m[48;2;224;170;62m▀[0m[38;2;7;7;7m▄      [38;2;7;7;7m▄[38;2;7;7;7m▄[38;2;7;7;7m▄      
 [38;2;7;7;7m[48;2;7;7;7m▀[0m[38;2;246;221;97m[48;2;246;221;97m▀[0m[38;2;246;221;97m[48;2;246;221;97m▀[0m[38;2;224;170;62m[48;2;183;148;124m▀[0m[38;2;183;148;124m[48;2;80;80;80m▀[0m[38;2;133;102;80m[48;2;242;196;164m▀[0m[38;2;7;7;7m[48;2;246;221;97m▀[0m[38;2;7;7;7m[48;2;246;221;97m▀[0m[38;2;7;7;7m[48;2;246;221;97m▀[0m[38;2;7;7;7m[48;2;224;170;62m▀[0m[38;2;7;7;7m▄[38;2;7;7;7m[48;2;133;102;80m▀[0m[38;2;246;221;97m[48;2;242;196;164m▀[0m[38;2;246;221;97m[48;2;246;221;97m▀[0m[38;2;246;221;97m[48;2;246;221;97m▀[0m[38;2;7;7;7m[48;2;224;170;62m▀[0m[38;2;7;7;7m▄    
[38;2;7;7;7m[48;2;7;7;7m▀[0m[38;2;246;221;97m[48;2;246;221;97m▀[0m[38;2;246;221;97m[48;2;224;170;62m▀[0m[38;2;224;170;62m[48;2;183;148;124m▀[0m[38;2;80;80;80m[48;2;80;80;80m▀[0m[38;2;224;170;62m[48;2;242;196;164m▀[0m[38;2;242;196;164m[48;2;242;196;164m▀[0m[38;2;242;196;164m[48;2;242;196;164m▀[0m[38;2;242;196;164m[48;2;224;170;62m▀[0m[38;2;242;196;164m[48;2;224;170;62m▀[0m[38;2;246;221;97m[48;2;242;196;164m▀[0m[38;2;224;170;62m[48;2;242;196;164m▀[0m[38;2;133;102;80m[48;2;133;102;80m▀[0m[38;2;242;196;164m[48;2;242;196;164m▀[0m[38;2;242;196;164m[48;2;246;221;97m▀[0m[38;2;246;221;97m[48;2;246;221;97m▀[0m[38;2;80;80;80m[48;2;246;221;97m▀[0m[38;2;7;7;7m[48;2;224;170;62m▀[0m[38;2;7;7;7m▄[38;2;7;7;7m▄  
[38;2;7;7;7m▀[38;2;224;170;62m[48;2;7;7;7m▀[0m[38;2;224;170;62m[48;2;224;170;62m▀[0m[38;2;80;80;80m[48;2;7;7;7m▀[0m[38;2;7;7;7m[48;2;242;196;164m▀[0m[38;2;242;196;164m[48;2;133;102;80m▀[0m[38;2;242;196;164m[48;2;242;196;164m▀[0m[38;2;242;196;164m[48;2;242;196;164m▀[0m[38;2;242;196;164m[48;2;242;196;164m▀[0m[38;2;183;148;124m[48;2;7;7;7m▀[0m[38;2;183;148;124m[48;2;7;7;7m▀[0m[38;2;242;196;164m[48;2;183;148;124m▀[0m[38;2;242;196;164m[48;2;183;148;124m▀[0m[38;2;242;196;164m[48;2;183;148;124m▀[0m[38;2;224;170;62m[48;2;183;148;124m▀[0m[38;2;224;170;62m[48;2;224;170;62m▀[0m[38;2;246;221;97m[48;2;224;170;62m▀[0m[38;2;246;221;97m[48;2;224;170;62m▀[0m[38;2;80;80;80m[48;2;80;80;80m▀[0m[38;2;224;170;62m[48;2;224;170;62m▀[0m[38;2;7;7;7m[48;2;224;170;62m▀[0m[38;2;7;7;7m▄
 [38;2;7;7;7m▀[38;2;183;148;124m[48;2;7;7;7m▀[0m[38;2;80;80;80m[48;2;80;80;80m▀[0m[38;2;133;102;80m[48;2;242;196;164m▀[0m[38;2;242;196;164m[48;2;133;102;80m▀[0m[38;2;133;102;80m[48;2;242;196;164m▀[0m[38;2;183;148;124m[48;2;242;196;164m▀[0m[38;2;242;196;164m[48;2;133;102;80m▀[0m[38;2;7;7;7m[48;2;183;148;124m▀[0m[38;2;248;248;248m[48;2;7;7;7m▀[0m[38;2;7;7;7m[48;2;133;102;80m▀[0m[38;2;183;148;124m[48;2;183;148;124m▀[0m[38;2;183;148;124m[48;2;183;148;124m▀[0m[38;2;183;148;124m[48;2;133;102;80m▀[0m[38;2;183;148;124m[48;2;183;148;124m▀[0m[38;2;224;170;62m[48;2;183;148;124m▀[0m[38;2;224;170;62m[48;2;80;80;80m▀[0m[38;2;80;80;80m[48;2;224;170;62m▀[0m[38;2;183;148;124m[48;2;133;102;80m▀[0m[38;2;224;170;62m[48;2;7;7;7m▀[0m[38;2;7;7;7m▀
   [38;2;7;7;7m▀[38;2;183;148;124m[48;2;7;7;7m▀[0m[38;2;242;196;164m[48;2;242;196;164m▀[0m[38;2;183;148;124m[48;2;242;196;164m▀[0m[38;2;242;196;164m[48;2;242;196;164m▀[0m[38;2;242;196;164m[48;2;242;196;164m▀[0m[38;2;133;102;80m[48;2;133;102;80m▀[0m[38;2;183;148;124m[48;2;183;148;124m▀[0m[38;2;183;148;124m[48;2;183;148;124m▀[0m[38;2;183;148;124m[48;2;183;148;124m▀[0m[38;2;183;148;124m[48;2;80;80;80m▀[0m[38;2;183;148;124m[48;2;224;170;62m▀[0m[38;2;133;102;80m[48;2;80;80;80m▀[0m[38;2;80;80;80m[48;2;242;196;164m▀[0m[38;2;133;102;80m[48;2;242;196;164m▀[0m[38;2;183;148;124m[48;2;7;7;7m▀[0m[38;2;7;7;7m▀  
    [38;2;7;7;7m[48;2;7;7;7m▀[0m[38;2;80;80;80m[48;2;224;170;62m▀[0m[38;2;242;196;164m[48;2;80;80;80m▀[0m[38;2;242;196;164m[48;2;80;80;80m▀[0m[38;2;133;102;80m[48;2;80;80;80m▀[0m[38;2;183;148;124m[48;2;80;80;80m▀[0m[38;2;183;148;124m[48;2;80;80;80m▀[0m[38;2;80;80;80m[48;2;224;170;62m▀[0m[38;2;80;80;80m[48;2;246;221;97m▀[0m[38;2;246;221;97m[48;2;246;221;97m▀[0m[38;2;246;221;97m[48;2;242;196;164m▀[0m[38;2;80;80;80m[48;2;80;80;80m▀[0m[38;2;242;196;164m[48;2;242;196;164m▀[0m[38;2;242;196;164m[48;2;183;148;124m▀[0m[38;2;7;7;7m[48;2;7;7;7m▀[0m   
     [38;2;7;7;7m[48;2;7;7;7m▀[0m[38;2;224;170;62m[48;2;80;80;80m▀[0m[38;2;246;221;97m[48;2;242;196;164m▀[0m[38;2;246;221;97m[48;2;246;221;97m▀[0m[38;2;246;221;97m[48;2;246;221;97m▀[0m[38;2;246;221;97m[48;2;242;196;164m▀[0m[38;2;246;221;97m[48;2;242;196;164m▀[0m[38;2;246;221;97m[48;2;80;80;80m▀[0m[38;2;242;196;164m[48;2;80;80;80m▀[0m[38;2;80;80;80m[48;2;7;7;7m▀[0m[38;2;133;102;80m[48;2;183;148;124m▀[0m[38;2;183;148;124m[48;2;183;148;124m▀[0m[38;2;183;148;124m[48;2;7;7;7m▀[0m[38;2;7;7;7m▀   
     [38;2;7;7;7m▀[38;2;183;148;124m[48;2;7;7;7m▀[0m[38;2;80;80;80m[48;2;7;7;7m▀[0m[38;2;7;7;7m▀[38;2;80;80;80m[48;2;7;7;7m▀[0m[38;2;80;80;80m[48;2;242;196;164m▀[0m[38;2;80;80;80m[48;2;242;196;164m▀[0m[38;2;183;148;124m[48;2;7;7;7m▀[0m[38;2;7;7;7m▀ [38;2;7;7;7m▀[38;2;7;7;7m▀     
          [38;2;7;7;7m▀[38;2;7;7;7m▀          
[0m