  [38;2;7;7;7m▄[38;2;7;7;7m▄[38;2;7;7;7m[48;2;246;246;246m▀[0m[38;2;7;7;7m[48;2;197;188;197m▀[0m[38;2;7;7;7m[48;2;221;189;192m▀[0m[38;2;7;7;7m[48;2;170;138;141m▀[0m[38;2;7;7;7m[48;2;197;188;197m▀[0m[38;2;7;7;7m▄              
[38;2;7;7;7m▄[38;2;7;7;7m[48;2;120;120;112m▀[0m[38;2;120;120;112m[48;2;120;120;112m▀[0m[38;2;120;120;112m[48;2;120;120;112m▀[0m[38;2;246;246;246m[48;2;98;98;91m▀[0m[38;2;246;246;246m[48;2;246;246;246m▀[0m[38;2;197;188;197m[48;2;246;246;246m▀[0m[38;2;246;246;246m[48;2;255;182;100m▀[0m[38;2;246;246;246m[48;2;66;66;66m▀[0m[38;2;246;246;246m[48;2;255;182;100m▀[0m[38;2;7;7;7m[48;2;197;188;197m▀[0m[38;2;7;7;7m▄            
[38;2;7;7;7m[48;2;7;7;7m▀[0m[38;2;120;120;112m[48;2;98;98;91m▀[0m[38;2;98;98;91m[48;2;98;98;91m▀[0m[38;2;98;98;91m[48;2;98;98;91m▀[0m[38;2;98;98;91m[48;2;98;98;91m▀[0m[38;2;98;98;91m[48;2;98;98;91m▀[0m[38;2;246;246;246m[48;2;197;188;197m▀[0m[38;2;140;108;0m[48;2;255;182;100m▀[0m[38;2;246;246;246m[48;2;66;66;66m▀[0m[38;2;140;108;0m[48;2;255;182;100m▀[0m[38;2;197;188;197m[48;2;197;188;197m▀[0m[38;2;7;7;7m[48;2;170;138;141m▀[0m[38;2;7;7;7m▄           
[38;2;7;7;7m[48;2;7;7;7m▀[0m[38;2;98;98;91m[48;2;98;98;91m▀[0m[38;2;98;98;91m[48;2;98;98;91m▀[0m[38;2;98;98;91m[48;2;98;98;91m▀[0m[38;2;98;98;91m[48;2;7;7;7m▀[0m[38;2;7;7;7m▀[38;2;7;7;7m▀[38;2;197;188;197m[48;2;7;7;7m▀[0m[38;2;197;188;197m[48;2;170;138;141m▀[0m[38;2;197;188;197m[48;2;170;138;141m▀[0m[38;2;170;138;141m[48;2;170;138;141m▀[0m[38;2;170;138;141m[48;2;170;138;141m▀[0m[38;2;7;7;7m[48;2;7;7;7m▀[0m           
 [38;2;7;7;7m▀[38;2;98;98;91m[48;2;7;7;7m▀[0m[38;2;98;98;91m[48;2;7;7;7m▀[0m[38;2;7;7;7m▀   [38;2;7;7;7m[48;2;7;7;7m▀[0m[38;2;221;189;192m[48;2;221;189;192m▀[0m[38;2;170;138;141m[48;2;221;189;192m▀[0m[38;2;7;7;7m[48;2;7;7;7m▀[0m            
       [38;2;7;7;7m[48;2;7;7;7m▀[0m[38;2;221;189;192m[48;2;221;189;192m▀[0m[38;2;221;189;192m[48;2;221;189;192m▀[0m[38;2;221;189;192m[48;2;7;7;7m▀[0m[38;2;7;7;7m▀            
       [38;2;7;7;7m[48;2;7;7;7m▀[0m[38;2;221;189;192m[48;2;221;189;192m▀[0m[38;2;221;189;192m[48;2;221;189;192m▀[0m[38;2;7;7;7m[48;2;7;7;7m▀[0m [38;2;7;7;7m▄[38;2;7;7;7m▄[38;2;7;7;7m▄[38;2;7;7;7m▄[38;2;7;7;7m▄       
       [38;2;7;7;7m▀[38;2;221;189;192m[48;2;7;7;7m▀[0m[38;2;221;189;192m[48;2;221;189;192m▀[0m[38;2;221;189;192m[48;2;170;138;141m▀[0m[38;2;7;7;7m[48;2;170;138;141m▀[0m[38;2;66;66;66m[48;2;66;66;66m▀[0m[38;2;66;66;66m[48;2;170;138;141m▀[0m[38;2;221;189;192m[48;2;66;66;66m▀[0m[38;2;221;189;192m[48;2;221;189;192m▀[0m[38;2;221;189;192m[48;2;221;189;192m▀[0m[38;2;7;7;7m[48;2;221;189;192m▀[0m[38;2;7;7;7m[48;2;221;189;192m▀[0m[38;2;7;7;7m▄    
      [38;2;7;7;7m▄[38;2;7;7;7m[48;2;66;66;66m▀[0m[38;2;66;66;66m[48;2;170;138;141m▀[0m[38;2;170;138;141m[48;2;66;66;66m▀[0m[38;2;170;138;141m[48;2;170;138;141m▀[0m[38;2;170;138;141m[48;2;170;138;141m▀[0m[38;2;170;138;141m[48;2;66;66;66m▀[0m[38;2;66;66;66m[48;2;221;189;192m▀[0m[38;2;221;189;192m[48;2;221;189;192m▀[0m[38;2;66;66;66m[48;2;66;66;66m▀[0m[38;2;221;189;192m[48;2;221;189;192m▀[0m[38;2;221;189;192m[48;2;66;66;66m▀[0m[38;2;66;66;66m[48;2;221;189;192m▀[0m[38;2;66;66;66m[48;2;221;189;192m▀[0m[38;2;7;7;7m[48;2;221;189;192m▀[0m[38;2;7;7;7m▄  
      [38;2;7;7;7m[48;2;7;7;7m▀[0m[38;2;66;66;66m[48;2;66;66;66m▀[0m[38;2;170;138;141m[48;2;221;189;192m▀[0m[38;2;66;66;66m[48;2;221;189;192m▀[0m[38;2;66;66;66m[48;2;221;189;192m▀[0m[38;2;66;66;66m[48;2;221;189;192m▀[0m[38;2;221;189;192m[48;2;66;66;66m▀[0m[38;2;221;189;192m[48;2;66;66;66m▀[0m[38;2;221;189;192m[48;2;66;66;66m▀[0m[38;2;66;66;66m[48;2;221;189;192m▀[0m[38;2;221;189;192m[48;2;170;138;141m▀[0m[38;2;221;189;192m[48;2;221;189;192m▀[0m[38;2;221;189;192m[48;2;221;189;192m▀[0m[38;2;221;189;192m[48;2;221;189;192m▀[0m[38;2;221;189;192m[48;2;170;138;141m▀[0m[38;2;170;138;141m[48;2;221;189;192m▀[0m[38;2;7;7;7m[48;2;170;138;141m▀[0m[38;2;7;7;7m[48;2;7;7;7m▀[0m
      [38;2;7;7;7m▀[38;2;170;138;141m[48;2;7;7;7m▀[0m[38;2;66;66;66m[48;2;66;66;66m▀[0m[38;2;221;189;192m[48;2;66;66;66m▀[0m[38;2;221;189;192m[48;2;66;66;66m▀[0m[38;2;221;189;192m[48;2;66;66;66m▀[0m[38;2;221;189;192m[48;2;66;66;66m▀[0m[38;2;66;66;66m[48;2;221;189;192m▀[0m[38;2;221;189;192m[48;2;221;189;192m▀[0m[38;2;221;189;192m[48;2;221;189;192m▀[0m[38;2;66;66;66m[48;2;170;138;141m▀[0m[38;2;170;138;141m[48;2;66;66;66m▀[0m[38;2;221;189;192m[48;2;170;138;141m▀[0m[38;2;221;189;192m[48;2;170;138;141m▀[0m[38;2;221;189;192m[48;2;170;138;141m▀[0m[38;2;170;138;141m[48;2;7;7;7m▀[0m[38;2;7;7;7m▀ 
        [38;2;7;7;7m▀[38;2;66;66;66m[48;2;7;7;7m▀[0m[38;2;170;138;141m[48;2;7;7;7m▀[0m[38;2;221;189;192m[48;2;170;138;141m▀[0m[38;2;221;189;192m[48;2;170;138;141m▀[0m[38;2;221;189;192m[48;2;170;138;141m▀[0m[38;2;221;189;192m[48;2;170;138;141m▀[0m[38;2;170;138;141m[48;2;170;138;141m▀[0m[38;2;170;138;141m[48;2;170;138;141m▀[0m[38;2;170;138;141m[48;2;170;138;141m▀[0m[38;2;66;66;66m[48;2;170;138;141m▀[0m[38;2;66;66;66m[48;2;7;7;7m▀[0m[38;2;7;7;7m▀   
           [38;2;7;7;7m▀[38;2;66;66;66m[48;2;7;7;7m▀[0m[38;2;66;66;66m[48;2;197;188;197m▀[0m[38;2;170;138;141m[48;2;7;7;7m▀[0m[38;2;170;138;141m[48;2;7;7;7m▀[0m[38;2;170;138;141m[48;2;7;7;7m▀[0m[38;2;66;66;66m[48;2;197;188;197m▀[0m[38;2;66;66;66m[48;2;197;188;197m▀[0m[38;2;7;7;7m[48;2;7;7;7m▀[0m    
            [38;2;7;7;7m[48;2;7;7;7m▀[0m[38;2;197;188;197m[48;2;197;188;197m▀[0m[38;2;7;7;7m[48;2;7;7;7m▀[0m [38;2;7;7;7m▄[38;2;7;7;7m[48;2;246;246;246m▀[0m[38;2;246;246;246m[48;2;197;188;197m▀[0m[38;2;197;188;197m[48;2;7;7;7m▀[0m[38;2;7;7;7m▀   
            [38;2;7;7;7m[48;2;7;7;7m▀[0m[38;2;197;188;197m[48;2;197;188;197m▀[0m[38;2;7;7;7m[48;2;66;66;66m▀[0m[38;2;7;7;7m[48;2;246;246;246m▀[0m[38;2;246;246;246m[48;2;246;246;246m▀[0m[38;2;197;188;197m[48;2;7;7;7m▀[0m[38;2;7;7;7m▀     
            [38;2;7;7;7m[48;2;7;7;7m▀[0m[38;2;66;66;66m[48;2;66;66;66m▀[0m[38;2;246;246;246m[48;2;66;66;66m▀[0m[38;2;246;246;246m[48;2;7;7;7m▀[0m[38;2;246;246;246m[48;2;7;7;7m▀[0m[38;2;246;246;246m[48;2;7;7;7m▀[0m[38;2;7;7;7m▀     
            [38;2;7;7;7m[48;2;7;7;7m▀[0m[38;2;197;188;197m[48;2;197;188;197m▀[0m[38;2;7;7;7m[48;2;7;7;7m▀[0m         
          [38;2;7;7;7m▄[38;2;7;7;7m[48;2;246;246;246m▀[0m[38;2;246;246;246m[48;2;197;188;197m▀[0m[38;2;197;188;197m[48;2;197;188;197m▀[0m[38;2;7;7;7m[48;2;197;188;197m▀[0m[38;2;7;7;7m▄        
          [38;2;7;7;7m▀[38;2;7;7;7m▀[38;2;7;7;7m▀[38;2;7;7;7m▀[38;2;7;7;7m▀         
[0m