
[38;2;0;0;0m                          [38;2;1;0;0m  [38;2;47;45;32m  [38;2;0;0;0m          
[38;2;0;0;0m                          [38;2;144;136;97m  ██[38;2;0;0;0m          
[38;2;0;0;0m                        [38;2;15;15;11m  [38;2;207;197;147m██[38;2;217;196;121m██[38;2;111;106;79m██[38;2;0;0;0m        
[38;2;0;0;0m                    [38;2;47;45;33m    [38;2;207;197;147m██[38;2;255;242;181m██[38;2;255;243;181m██[38;2;255;242;181m██[38;2;0;0;0m        
[38;2;0;0;0m    [38;2;40;27;10m  [38;2;0;0;0m              [38;2;111;106;79m██[38;2;255;243;180m██[38;2;207;198;152m██[38;2;243;231;173m██[38;2;255;243;180m████[38;2;157;136;71m██[38;2;15;15;11m  [38;2;0;0;0m    
[38;2;0;0;0m  [38;2;122;81;30m  [38;2;162;108;41m██[38;2;0;0;0m              [38;2;219;209;159m██[38;2;113;109;94m██[38;2;207;156;77m██[38;2;136;121;90m██[38;2;255;243;181m██[38;2;217;196;121m██[38;2;242;227;161m██[38;2;63;60;45m██[38;2;0;0;0m    
[38;2;13;9;3m  [38;2;178;119;41m████[38;2;13;9;3m  [38;2;0;0;0m  [38;2;47;45;33m  [38;2;0;0;0m    [38;2;15;11;5m  [38;2;173;148;103m██[38;2;151;113;66m██[38;2;219;164;78m██[38;2;207;156;77m██[38;2;207;198;152m██[38;2;255;243;180m██████[38;2;63;60;45m██[38;2;0;0;0m    
[38;2;54;36;13m██[38;2;219;146;52m██[38;2;219;147;52m██[38;2;54;43;22m██[38;2;0;0;0m  [38;2;191;182;135m██[38;2;143;136;101m  [38;2;0;0;0m  [38;2;63;46;20m██[38;2;221;163;77m██[38;2;111;93;68m██[38;2;77;72;66m██[38;2;203;149;70m██[38;2;209;197;150m██[38;2;255;243;181m██[38;2;255;242;181m██[38;2;255;243;181m██[38;2;160;151;103m██[38;2;52;45;33m  [38;2;47;45;33m  
[38;2;40;27;10m  [38;2;205;137;49m██[38;2;209;142;53m██[38;2;95;69;44m██[38;2;111;106;79m██[38;2;255;243;180m██[38;2;206;196;145m██[38;2;15;14;10m  [38;2;99;74;34m██[38;2;101;87;69m██[38;2;62;72;77m██[38;2;206;158;81m██[38;2;117;102;85m██[38;2;255;239;176m██[38;2;255;243;180m██████[38;2;208;197;137m██[38;2;254;241;162m██[38;2;63;59;40m██
[38;2;0;0;0m  [38;2;162;108;41m██[38;2;129;113;85m██[38;2;207;198;152m██[38;2;255;243;181m██[38;2;255;242;181m██[38;2;253;239;172m██[38;2;107;101;68m██[38;2;207;156;77m██[38;2;58;81;91m██[38;2;51;93;112m██[38;2;203;163;90m██[38;2;113;109;94m██[38;2;255;242;181m██[38;2;255;243;181m██[38;2;255;242;181m██[38;2;255;243;181m██[38;2;255;242;181m██[38;2;206;195;142m██[38;2;15;13;6m  
[38;2;0;0;0m    [38;2;255;243;180m████[38;2;248;224;156m██[38;2;237;193;91m██[38;2;196;166;86m██[38;2;207;156;77m██[38;2;62;72;77m██[38;2;88;110;108m██[38;2;125;124;97m██[38;2;140;112;78m██[38;2;255;243;180m██████████[38;2;250;241;164m██[38;2;159;135;59m██[38;2;0;0;0m  
[38;2;0;0;0m  [38;2;4;0;0m  [38;2;255;228;134m██[38;2;255;242;181m██[38;2;252;243;155m██[38;2;225;164;71m██[38;2;236;171;75m██[38;2;243;177;83m██[38;2;206;158;80m██[38;2;136;112;74m██[38;2;137;120;89m██[38;2;243;227;168m██[38;2;255;243;181m██[38;2;255;242;181m██[38;2;255;243;181m██[38;2;255;242;181m██[38;2;253;238;167m██[38;2;244;218;113m██[38;2;182;162;82m██[38;2;0;0;0m  
[38;2;0;0;0m  [38;2;159;133;63m██[38;2;204;150;77m██[38;2;240;201;92m██[38;2;232;186;91m██[38;2;249;182;73m██[38;2;255;186;82m██[38;2;222;163;81m██[38;2;184;144;82m██[38;2;219;209;159m██[38;2;137;131;108m██[38;2;209;198;149m██[38;2;255;241;174m██[38;2;253;237;165m██[38;2;252;233;153m████[38;2;247;224;120m██[38;2;245;218;107m██[38;2;35;30;14m  [38;2;0;0;0m  
[38;2;0;0;0m  [38;2;15;19;16m  [38;2;252;185;85m██[38;2;246;177;73m██[38;2;211;153;76m██[38;2;114;95;69m██[38;2;148;117;73m██[38;2;195;144;69m██[38;2;113;109;94m██[38;2;255;242;181m██[38;2;226;215;160m██[38;2;192;184;127m██[38;2;148;139;105m██[38;2;249;222;119m██[38;2;252;233;153m████[38;2;230;210;119m██[38;2;238;209;100m██[38;2;220;194;95m██[38;2;46;41;20m  
[38;2;0;0;0m  [38;2;191;140;61m██[38;2;222;166;79m██[38;2;255;183;85m██[38;2;65;66;68m██[38;2;175;171;167m██[38;2;132;105;78m██[38;2;220;147;51m██[38;2;111;103;76m██[38;2;253;236;162m██[38;2;249;237;175m██[38;2;215;204;145m██[38;2;136;119;78m██[38;2;237;208;102m██[38;2;247;218;107m██████[38;2;168;145;72m██[38;2;0;0;0m    
[38;2;0;0;0m  [38;2;47;37;19m  [38;2;222;166;79m██[38;2;255;183;82m██[38;2;200;150;74m██[38;2;183;129;61m██[38;2;203;142;68m██[38;2;137;95;60m██[38;2;213;189;99m██[38;2;248;223;120m██[38;2;249;233;171m██[38;2;113;98;77m██[38;2;243;179;86m██[38;2;135;116;77m██[38;2;247;218;107m██[38;2;246;218;107m██[38;2;200;177;86m██[38;2;15;13;6m  [38;2;0;0;0m    
[38;2;0;0;0m  [38;2;47;47;38m  [38;2;122;94;65m██[38;2;165;119;58m██[38;2;180;127;54m██[38;2;179;125;56m██[38;2;112;101;76m██[38;2;219;206;94m██[38;2;247;218;107m████[38;2;207;192;136m██[38;2;198;153;78m██[38;2;255;184;84m██[38;2;141;109;68m██[38;2;138;123;60m  [38;2;0;0;0m          
[38;2;0;0;0m  [38;2;191;182;135m██[38;2;243;231;173m██[38;2;207;198;152m████[38;2;203;184;110m██[38;2;247;218;107m██[38;2;246;218;107m██[38;2;247;218;107m██[38;2;246;218;107m██[38;2;237;208;102m██[38;2;136;119;78m██[38;2;248;179;75m██[38;2;219;148;55m██[38;2;0;0;0m            
[38;2;0;0;0m    [38;2;206;195;142m██[38;2;253;236;162m██[38;2;255;243;180m██[38;2;253;238;167m██[38;2;247;218;107m████[38;2;235;209;104m██[38;2;156;136;70m██[38;2;0;0;0m  [38;2;122;81;30m  [38;2;220;147;51m██[38;2;177;118;43m██[38;2;0;0;0m            
[38;2;0;0;0m    [38;2;27;25;19m██[38;2;111;103;76m██[38;2;249;224;131m██[38;2;247;220;113m██[38;2;213;190;99m██[38;2;111;103;76m██[38;2;129;97;52m██[38;2;44;32;14m██[38;2;0;0;0m  [38;2;143;105;46m  [38;2;177;123;50m██[38;2;61;43;20m██[38;2;0;0;0m            
[38;2;0;0;0m    [38;2;40;27;10m  [38;2;162;108;41m██[38;2;46;41;30m  [38;2;37;36;40m  [38;2;133;104;65m██[38;2;218;149;60m██[38;2;147;104;42m██[38;2;0;2;3m  [38;2;0;0;0m                    
[38;2;0;0;0m            [38;2;56;40;17m██[38;2;56;40;19m██[38;2;24;18;8m  [38;2;0;0;0m                      [0m
