   [38;2;7;7;7m▄[38;2;7;7;7m[48;2;98;186;132m▀[0m[38;2;7;7;7m▄        [38;2;7;7;7m▄[38;2;7;7;7m▄[38;2;7;7;7m▄
  [38;2;7;7;7m▄[38;2;7;7;7m[48;2;98;186;132m▀[0m[38;2;98;186;132m[48;2;212;235;193m▀[0m[38;2;7;7;7m[48;2;173;157;150m▀[0m[38;2;7;7;7m▄    [38;2;7;7;7m▄[38;2;7;7;7m▄[38;2;7;7;7m[48;2;212;235;193m▀[0m[38;2;98;186;132m[48;2;98;186;132m▀[0m[38;2;98;186;132m[48;2;56;124;79m▀[0m[38;2;7;7;7m[48;2;7;7;7m▀[0m
  [38;2;7;7;7m[48;2;7;7;7m▀[0m[38;2;212;235;193m[48;2;212;235;193m▀[0m[38;2;212;235;193m[48;2;173;157;150m▀[0m[38;2;173;157;150m[48;2;98;98;90m▀[0m[38;2;7;7;7m[48;2;7;7;7m▀[0m[38;2;7;7;7m▄[38;2;7;7;7m▄[38;2;7;7;7m[48;2;212;235;193m▀[0m[38;2;7;7;7m[48;2;212;235;193m▀[0m[38;2;212;235;193m[48;2;212;235;193m▀[0m[38;2;212;235;193m[48;2;212;235;193m▀[0m[38;2;212;235;193m[48;2;212;235;193m▀[0m[38;2;212;235;193m[48;2;212;235;193m▀[0m[38;2;7;7;7m[48;2;7;7;7m▀[0m 
 [38;2;7;7;7m▄[38;2;7;7;7m[48;2;212;235;193m▀[0m[38;2;212;235;193m[48;2;212;235;193m▀[0m[38;2;212;235;193m[48;2;32;91;65m▀[0m[38;2;212;235;193m[48;2;212;235;193m▀[0m[38;2;212;235;193m[48;2;212;235;193m▀[0m[38;2;212;235;193m[48;2;32;91;65m▀[0m[38;2;32;91;65m[48;2;32;91;65m▀[0m[38;2;212;235;193m[48;2;212;235;193m▀[0m[38;2;212;235;193m[48;2;212;235;193m▀[0m[38;2;212;235;193m[48;2;212;235;193m▀[0m[38;2;212;235;193m[48;2;212;235;193m▀[0m[38;2;212;235;193m[48;2;212;235;193m▀[0m[38;2;212;235;193m[48;2;7;7;7m▀[0m[38;2;7;7;7m▀ 
 [38;2;7;7;7m[48;2;7;7;7m▀[0m[38;2;212;235;193m[48;2;27;54;29m▀[0m[38;2;32;91;65m[48;2;32;91;65m▀[0m[38;2;32;91;65m[48;2;32;91;65m▀[0m[38;2;212;235;193m[48;2;212;235;193m▀[0m[38;2;32;91;65m[48;2;32;91;65m▀[0m[38;2;32;91;65m[48;2;32;91;65m▀[0m[38;2;32;91;65m[48;2;32;91;65m▀[0m[38;2;212;235;193m[48;2;27;54;29m▀[0m[38;2;212;235;193m[48;2;27;54;29m▀[0m[38;2;212;235;193m[48;2;32;91;65m▀[0m[38;2;212;235;193m[48;2;212;235;193m▀[0m[38;2;212;235;193m[48;2;212;235;193m▀[0m[38;2;7;7;7m[48;2;7;7;7m▀[0m  
 [38;2;7;7;7m[48;2;7;7;7m▀[0m[38;2;190;190;190m[48;2;190;190;190m▀[0m[38;2;27;54;29m[48;2;113;81;146m▀[0m[38;2;32;91;65m[48;2;32;91;65m▀[0m[38;2;32;91;65m[48;2;32;91;65m▀[0m[38;2;32;91;65m[48;2;32;91;65m▀[0m[38;2;32;91;65m[48;2;27;54;29m▀[0m[38;2;27;54;29m[48;2;113;81;146m▀[0m[38;2;246;246;246m[48;2;113;81;146m▀[0m[38;2;190;190;190m[48;2;190;190;190m▀[0m[38;2;32;91;65m[48;2;212;235;193m▀[0m[38;2;212;235;193m[48;2;212;235;193m▀[0m[38;2;212;235;193m[48;2;212;235;193m▀[0m[38;2;7;7;7m[48;2;7;7;7m▀[0m[38;2;7;7;7m▄[38;2;7;7;7m▄
[38;2;7;7;7m[48;2;7;7;7m▀[0m[38;2;7;7;7m[48;2;173;157;150m▀[0m[38;2;32;91;65m[48;2;98;98;90m▀[0m[38;2;7;7;7m[48;2;32;91;65m▀[0m[38;2;32;91;65m[48;2;32;91;65m▀[0m[38;2;32;91;65m[48;2;113;81;146m▀[0m[38;2;32;91;65m[48;2;32;91;65m▀[0m[38;2;32;91;65m[48;2;32;91;65m▀[0m[38;2;7;7;7m[48;2;32;91;65m▀[0m[38;2;113;81;146m[48;2;32;91;65m▀[0m[38;2;32;91;65m[48;2;212;235;193m▀[0m[38;2;212;235;193m[48;2;212;235;193m▀[0m[38;2;212;235;193m[48;2;212;235;193m▀[0m[38;2;212;235;193m[48;2;98;98;90m▀[0m[38;2;212;235;193m[48;2;173;157;150m▀[0m[38;2;212;235;193m[48;2;7;7;7m▀[0m[38;2;7;7;7m▀
[38;2;7;7;7m▄[38;2;7;7;7m[48;2;173;157;150m▀[0m[38;2;173;157;150m[48;2;7;7;7m▀[0m[38;2;98;98;90m[48;2;7;7;7m▀[0m[38;2;32;91;65m[48;2;212;235;193m▀[0m[38;2;32;91;65m[48;2;212;235;193m▀[0m[38;2;32;91;65m[48;2;212;235;193m▀[0m[38;2;32;91;65m[48;2;212;235;193m▀[0m[38;2;212;235;193m[48;2;98;186;132m▀[0m[38;2;128;107;159m[48;2;113;81;146m▀[0m[38;2;113;81;146m[48;2;128;107;159m▀[0m[38;2;98;98;90m[48;2;98;98;90m▀[0m[38;2;173;157;150m[48;2;98;98;90m▀[0m[38;2;212;235;193m[48;2;98;98;90m▀[0m[38;2;7;7;7m[48;2;212;235;193m▀[0m[38;2;7;7;7m▄ 
[38;2;7;7;7m▀[38;2;7;7;7m▀ [38;2;7;7;7m▄[38;2;7;7;7m[48;2;7;7;7m▀[0m[38;2;56;124;79m[48;2;98;186;132m▀[0m[38;2;56;124;79m[48;2;98;186;132m▀[0m[38;2;56;124;79m[48;2;98;186;132m▀[0m[38;2;56;124;79m[48;2;212;235;193m▀[0m[38;2;98;186;132m[48;2;212;235;193m▀[0m[38;2;212;235;193m[48;2;98;98;90m▀[0m[38;2;212;235;193m[48;2;212;235;193m▀[0m[38;2;56;124;79m[48;2;212;235;193m▀[0m[38;2;56;124;79m[48;2;7;7;7m▀[0m[38;2;7;7;7m▀[38;2;7;7;7m▀ 
[38;2;7;7;7m[48;2;7;7;7m▀[0m[38;2;7;7;7m[48;2;212;235;193m▀[0m[38;2;7;7;7m[48;2;212;235;193m▀[0m[38;2;173;157;150m[48;2;27;54;29m▀[0m[38;2;27;54;29m[48;2;27;54;29m▀[0m[38;2;56;124;79m[48;2;32;91;65m▀[0m[38;2;32;91;65m[48;2;32;91;65m▀[0m[38;2;56;124;79m[48;2;32;91;65m▀[0m[38;2;32;91;65m[48;2;212;235;193m▀[0m[38;2;212;235;193m[48;2;212;235;193m▀[0m[38;2;7;7;7m[48;2;7;7;7m▀[0m[38;2;7;7;7m▀[38;2;212;235;193m[48;2;7;7;7m▀[0m[38;2;212;235;193m[48;2;212;235;193m▀[0m[38;2;7;7;7m[48;2;212;235;193m▀[0m[38;2;7;7;7m▄ 
[38;2;7;7;7m▄[38;2;7;7;7m[48;2;32;91;65m▀[0m[38;2;173;157;150m[48;2;173;157;150m▀[0m[38;2;27;54;29m[48;2;173;157;150m▀[0m[38;2;32;91;65m[48;2;27;54;29m▀[0m[38;2;32;91;65m[48;2;32;91;65m▀[0m[38;2;32;91;65m[48;2;212;235;193m▀[0m[38;2;32;91;65m[48;2;212;235;193m▀[0m[38;2;32;91;65m[48;2;212;235;193m▀[0m[38;2;212;235;193m[48;2;212;235;193m▀[0m[38;2;7;7;7m[48;2;98;98;90m▀[0m[38;2;7;7;7m[48;2;173;157;150m▀[0m[38;2;7;7;7m[48;2;98;98;90m▀[0m[38;2;212;235;193m[48;2;212;235;193m▀[0m[38;2;212;235;193m[48;2;173;157;150m▀[0m[38;2;7;7;7m[48;2;212;235;193m▀[0m[38;2;7;7;7m[48;2;7;7;7m▀[0m
[38;2;7;7;7m▀[38;2;32;91;65m[48;2;7;7;7m▀[0m[38;2;32;91;65m[48;2;7;7;7m▀[0m[38;2;7;7;7m[48;2;7;7;7m▀[0m[38;2;98;98;90m[48;2;98;98;90m▀[0m[38;2;32;91;65m[48;2;173;157;150m▀[0m[38;2;32;91;65m[48;2;173;157;150m▀[0m[38;2;212;235;193m[48;2;173;157;150m▀[0m[38;2;212;235;193m[48;2;212;235;193m▀[0m[38;2;212;235;193m[48;2;212;235;193m▀[0m[38;2;212;235;193m[48;2;212;235;193m▀[0m[38;2;98;98;90m[48;2;98;98;90m▀[0m[38;2;27;54;29m[48;2;27;54;29m▀[0m[38;2;98;98;90m[48;2;32;91;65m▀[0m[38;2;32;91;65m[48;2;32;91;65m▀[0m[38;2;7;7;7m[48;2;7;7;7m▀[0m 
   [38;2;7;7;7m▄[38;2;7;7;7m[48;2;173;157;150m▀[0m[38;2;173;157;150m[48;2;173;157;150m▀[0m[38;2;173;157;150m[48;2;173;157;150m▀[0m[38;2;7;7;7m[48;2;7;7;7m▀[0m[38;2;7;7;7m▀[38;2;173;157;150m[48;2;7;7;7m▀[0m[38;2;212;235;193m[48;2;173;157;150m▀[0m[38;2;212;235;193m[48;2;173;157;150m▀[0m[38;2;7;7;7m[48;2;7;7;7m▀[0m[38;2;7;7;7m▀[38;2;7;7;7m▀  
 [38;2;7;7;7m▄[38;2;7;7;7m[48;2;32;91;65m▀[0m[38;2;7;7;7m[48;2;32;91;65m▀[0m[38;2;32;91;65m[48;2;27;54;29m▀[0m[38;2;32;91;65m[48;2;32;91;65m▀[0m[38;2;7;7;7m[48;2;7;7;7m▀[0m  [38;2;7;7;7m▀[38;2;32;91;65m[48;2;7;7;7m▀[0m[38;2;32;91;65m[48;2;32;91;65m▀[0m[38;2;7;7;7m[48;2;32;91;65m▀[0m[38;2;7;7;7m▄   
 [38;2;7;7;7m▀[38;2;32;91;65m[48;2;7;7;7m▀[0m[38;2;27;54;29m[48;2;7;7;7m▀[0m[38;2;32;91;65m[48;2;7;7;7m▀[0m[38;2;7;7;7m▀    [38;2;7;7;7m[48;2;7;7;7m▀[0m[38;2;32;91;65m[48;2;27;54;29m▀[0m[38;2;27;54;29m[48;2;32;91;65m▀[0m[38;2;32;91;65m[48;2;27;54;29m▀[0m[38;2;7;7;7m[48;2;7;7;7m▀[0m  
           [38;2;7;7;7m▀[38;2;7;7;7m▀[38;2;7;7;7m▀   
[0m