
[38;2;0;0;0m                  [38;2;1;6;7m  [38;2;14;40;48m██[38;2;14;15;11m  [38;2;0;0;0m                        
[38;2;0;0;0m                [38;2;17;74;88m  [38;2;43;128;139m██[38;2;60;81;86m██[38;2;90;197;192m██[38;2;83;187;184m██[38;2;57;128;127m  [38;2;0;0;0m                    
[38;2;0;0;0m            [38;2;6;27;33m  [38;2;35;147;176m██[38;2;46;119;138m██[38;2;83;142;141m██[38;2;104;229;229m██[38;2;64;145;143m██[38;2;14;33;32m  [38;2;0;0;0m                      
[38;2;0;0;0m            [38;2;32;141;170m██[38;2;65;81;84m██[38;2;98;214;211m██[38;2;102;229;229m██[38;2;38;85;85m██[38;2;0;0;0m                          
[38;2;0;0;0m        [38;2;24;104;124m██[38;2;47;109;127m██[38;2;65;124;132m██[38;2;102;229;226m██[38;2;102;229;229m██[38;2;47;106;105m  [38;2;0;0;0m                            
[38;2;0;0;0m    [38;2;0;0;2m  [38;2;43;160;172m██[38;2;50;119;129m██[38;2;101;225;222m██[38;2;102;229;226m██████[38;2;0;0;0m                              
[38;2;0;0;0m  [38;2;109;113;105m  [38;2;73;113;106m██[38;2;149;243;244m██[38;2;150;238;241m██[38;2;103;156;155m██[38;2;174;115;75m██[38;2;173;116;76m██[38;2;129;136;122m██[38;2;34;123;143m██[38;2;0;0;0m          [38;2;55;39;26m  [38;2;139;100;68m██[38;2;72;52;35m  [38;2;0;0;0m            
[38;2;69;49;33m██[38;2;100;97;69m██[38;2;131;190;174m██[38;2;152;242;242m██[38;2;133;177;178m██[38;2;230;134;61m██[38;2;235;188;153m██[38;2;217;128;62m██[38;2;236;153;91m██[38;2;34;107;121m  [38;2;0;0;0m  [38;2;5;2;1m  [38;2;22;15;9m██[38;2;94;70;47m██[38;2;249;188;125m██[38;2;229;206;127m██[38;2;198;235;131m██[38;2;132;96;65m██[38;2;0;0;0m    [38;2;20;14;10m  [38;2;0;0;0m      
[38;2;69;49;33m██[38;2;162;106;72m██[38;2;108;195;150m██[38;2;102;228;228m██[38;2;102;169;167m██[38;2;230;134;61m██[38;2;157;116;84m██[38;2;71;67;66m██[38;2;217;145;101m██[38;2;0;0;0m    [38;2;56;37;21m██[38;2;230;203;121m██[38;2;212;222;130m██[38;2;195;235;129m██[38;2;196;235;130m██[38;2;232;204;127m██[38;2;155;114;77m██[38;2;0;0;0m    [38;2;228;164;111m██[38;2;0;0;0m      
[38;2;0;0;0m  [38;2;100;95;58m  [38;2;161;197;145m██[38;2;65;166;171m██[38;2;72;156;152m██[38;2;194;106;61m██[38;2;94;80;67m██[38;2;102;80;65m██[38;2;205;138;89m██[38;2;0;0;0m    [38;2;87;59;30m██[38;2;207;221;123m██[38;2;195;235;129m██[38;2;194;235;129m██[38;2;217;231;127m██[38;2;221;198;114m██[38;2;160;117;78m██[38;2;225;229;125m██[38;2;149;111;77m██[38;2;203;229;131m██[38;2;100;79;53m██[38;2;246;191;126m██[38;2;69;49;33m██
[38;2;0;0;0m  [38;2;3;0;0m  [38;2;56;60;36m██[38;2;183;217;122m██[38;2;165;195;129m██[38;2;180;192;124m██[38;2;127;96;71m██[38;2;134;100;79m██[38;2;28;19;13m  [38;2;0;0;0m    [38;2;218;140;61m██[38;2;159;183;79m██[38;2;197;235;131m██[38;2;232;203;126m██[38;2;238;182;107m██[38;2;31;26;21m██[38;2;33;25;17m  [38;2;247;196;125m██[38;2;156;122;91m██[38;2;228;186;120m██[38;2;182;126;87m██[38;2;207;170;109m██[38;2;18;13;9m  
[38;2;0;0;0m        [38;2;0;0;5m  [38;2;11;0;17m  [38;2;99;116;57m██[38;2;137;171;68m██[38;2;88;107;47m██[38;2;0;0;2m  [38;2;43;25;12m  [38;2;217;141;61m██[38;2;166;110;47m██[38;2;179;102;50m██[38;2;24;20;11m  [38;2;0;0;0m      [38;2;1;9;6m  [38;2;71;82;75m██[38;2;166;120;82m  [38;2;0;2;5m  [38;2;0;0;0m    
[38;2;0;0;0m            [38;2;12;17;7m  [38;2;186;231;108m██[38;2;193;230;127m██[38;2;146;170;99m██[38;2;177;112;54m██[38;2;42;24;11m██[38;2;9;5;2m  [38;2;0;0;0m          [38;2;1;3;3m  [38;2;46;105;104m██[38;2;0;0;0m        
[38;2;0;0;0m      [38;2;83;83;83m  [38;2;58;71;36m██[38;2;1;1;0m  [38;2;37;44;25m  [38;2;195;231;130m██[38;2;150;173;108m██[38;2;157;182;111m██[38;2;111;132;74m██[38;2;0;0;0m            [38;2;59;82;44m██[38;2;161;222;120m██[38;2;0;0;0m          
[38;2;0;0;0m      [38;2;74;73;74m██[38;2;145;148;139m██[38;2;124;144;73m██[38;2;133;157;90m██[38;2;84;86;76m██[38;2;180;183;150m██[38;2;165;167;148m██[38;2;160;187;110m██[38;2;138;164;92m  [38;2;0;0;0m      [38;2;36;82;82m  [38;2;174;213;125m██[38;2;195;234;131m██[38;2;14;20;10m  [38;2;0;0;0m          
[38;2;0;0;0m        [38;2;60;60;60m  [38;2;17;67;90m██[38;2;97;135;104m██[38;2;128;143;99m██[38;2;143;156;110m██[38;2;162;165;146m██[38;2;131;154;101m██[38;2;87;161;162m██[38;2;100;228;226m██[38;2;57;89;78m██[38;2;143;221;173m██[38;2;171;232;151m██[38;2;108;231;220m██[38;2;56;66;37m  [38;2;0;0;0m            
[38;2;0;0;0m          [38;2;58;102;77m██[38;2;50;103;119m██[38;2;198;235;131m██[38;2;198;234;131m██[38;2;178;210;122m██[38;2;53;133;146m██[38;2;103;232;234m██[38;2;50;168;190m██[38;2;147;189;113m██[38;2;95;206;206m██[38;2;119;141;79m██[38;2;0;0;0m██              
[38;2;0;0;0m          [38;2;58;75;37m  [38;2;112;143;66m██[38;2;98;126;68m██[38;2;76;95;45m██[38;2;135;166;65m██[38;2;66;117;105m██[38;2;124;201;155m██[38;2;181;226;136m██[38;2;130;163;75m██[38;2;34;36;30m██[38;2;0;0;0m                  
[38;2;0;0;0m            [38;2;37;39;34m██[38;2;68;70;61m██[38;2;0;0;0m      [38;2;76;83;61m██[38;2;133;164;65m██[38;2;0;0;0m                      
[38;2;0;0;0m            [38;2;38;83;72m██[38;2;69;149;129m██[38;2;0;0;0m    [38;2;0;7;3m  [38;2;121;152;85m██[38;2;108;129;72m██[38;2;0;0;0m                      
[38;2;0;0;0m                    [38;2;87;125;82m██[38;2;179;239;144m██[38;2;39;51;24m██[38;2;0;0;0m                      
[38;2;0;0;0m                    [38;2;19;42;42m  [38;2;25;52;51m██[38;2;4;4;4m  [38;2;0;0;0m                      [0m
