   [38;2;7;7;7m▄[38;2;7;7;7m[48;2;191;220;223m▀[0m[38;2;7;7;7m[48;2;150;185;190m▀[0m[38;2;7;7;7m▄[38;2;7;7;7m[48;2;191;220;223m▀[0m[38;2;7;7;7m[48;2;150;185;190m▀[0m[38;2;7;7;7m▄   
  [38;2;7;7;7m[48;2;7;7;7m▀[0m[38;2;191;220;223m[48;2;255;228;17m▀[0m[38;2;150;185;190m[48;2;150;185;190m▀[0m[38;2;84;84;84m[48;2;150;185;190m▀[0m[38;2;191;220;223m[48;2;150;185;190m▀[0m[38;2;150;185;190m[48;2;255;228;17m▀[0m[38;2;150;185;190m[48;2;150;185;190m▀[0m[38;2;150;185;190m[48;2;150;185;190m▀[0m[38;2;7;7;7m[48;2;7;7;7m▀[0m  
 [38;2;7;7;7m[48;2;7;7;7m▀[0m[38;2;255;228;17m[48;2;7;7;7m▀[0m[38;2;229;248;252m[48;2;84;84;84m▀[0m[38;2;150;185;190m[48;2;84;84;84m▀[0m[38;2;150;185;190m[48;2;150;185;190m▀[0m[38;2;255;228;17m[48;2;7;7;7m▀[0m[38;2;229;248;252m[48;2;7;7;7m▀[0m[38;2;255;228;17m[48;2;255;228;17m▀[0m[38;2;150;185;190m[48;2;150;185;190m▀[0m[38;2;114;133;134m[48;2;150;185;190m▀[0m[38;2;7;7;7m[48;2;7;7;7m▀[0m 
 [38;2;7;7;7m[48;2;7;7;7m▀[0m[38;2;84;84;84m[48;2;222;223;222m▀[0m[38;2;222;223;222m[48;2;222;223;222m▀[0m[38;2;222;223;222m[48;2;222;223;222m▀[0m[38;2;84;84;84m[48;2;222;223;222m▀[0m[38;2;7;7;7m[48;2;84;84;84m▀[0m[38;2;7;7;7m[48;2;255;228;17m▀[0m[38;2;255;228;17m[48;2;150;185;190m▀[0m[38;2;150;185;190m[48;2;150;185;190m▀[0m[38;2;150;185;190m[48;2;150;185;190m▀[0m[38;2;7;7;7m[48;2;150;185;190m▀[0m[38;2;7;7;7m▄
[38;2;7;7;7m▄[38;2;7;7;7m[48;2;84;84;84m▀[0m[38;2;222;223;222m[48;2;156;151;156m▀[0m[38;2;222;223;222m[48;2;222;223;222m▀[0m[38;2;222;223;222m[48;2;156;151;156m▀[0m[38;2;222;223;222m[48;2;222;223;222m▀[0m[38;2;84;84;84m[48;2;84;84;84m▀[0m[38;2;150;185;190m[48;2;84;84;84m▀[0m[38;2;150;185;190m[48;2;150;185;190m▀[0m[38;2;150;185;190m[48;2;150;185;190m▀[0m[38;2;150;185;190m[48;2;150;185;190m▀[0m[38;2;150;185;190m[48;2;150;185;190m▀[0m[38;2;7;7;7m[48;2;7;7;7m▀[0m
[38;2;7;7;7m[48;2;7;7;7m▀[0m[38;2;114;133;134m[48;2;84;84;84m▀[0m[38;2;84;84;84m[48;2;114;133;134m▀[0m[38;2;84;84;84m[48;2;114;133;134m▀[0m[38;2;222;223;222m[48;2;84;84;84m▀[0m[38;2;84;84;84m[48;2;114;133;134m▀[0m[38;2;114;133;134m[48;2;114;133;134m▀[0m[38;2;114;133;134m[48;2;100;145;142m▀[0m[38;2;84;84;84m[48;2;150;185;190m▀[0m[38;2;150;185;190m[48;2;150;185;190m▀[0m[38;2;150;185;190m[48;2;84;84;84m▀[0m[38;2;150;185;190m[48;2;114;133;134m▀[0m[38;2;7;7;7m[48;2;7;7;7m▀[0m
[38;2;7;7;7m[48;2;7;7;7m▀[0m[38;2;114;133;134m[48;2;223;176;195m▀[0m[38;2;84;84;84m[48;2;114;133;134m▀[0m[38;2;100;145;142m[48;2;84;84;84m▀[0m[38;2;146;180;177m[48;2;146;180;177m▀[0m[38;2;146;180;177m[48;2;146;180;177m▀[0m[38;2;114;133;134m[48;2;146;180;177m▀[0m[38;2;114;133;134m[48;2;84;84;84m▀[0m[38;2;84;84;84m[48;2;114;133;134m▀[0m[38;2;84;84;84m[48;2;114;133;134m▀[0m[38;2;114;133;134m[48;2;114;133;134m▀[0m[38;2;7;7;7m[48;2;7;7;7m▀[0m 
 [38;2;7;7;7m[48;2;7;7;7m▀[0m[38;2;223;176;195m[48;2;84;84;84m▀[0m[38;2;84;84;84m[48;2;114;133;134m▀[0m[38;2;146;180;177m[48;2;84;84;84m▀[0m[38;2;146;180;177m[48;2;100;145;142m▀[0m[38;2;100;145;142m[48;2;100;145;142m▀[0m[38;2;84;84;84m[48;2;100;145;142m▀[0m[38;2;84;84;84m[48;2;223;176;195m▀[0m[38;2;223;176;195m[48;2;84;84;84m▀[0m[38;2;84;84;84m[48;2;114;133;134m▀[0m[38;2;114;133;134m[48;2;114;133;134m▀[0m[38;2;7;7;7m[48;2;7;7;7m▀[0m
 [38;2;7;7;7m▀[38;2;114;133;134m[48;2;7;7;7m▀[0m[38;2;84;84;84m[48;2;7;7;7m▀[0m[38;2;114;133;134m[48;2;7;7;7m▀[0m[38;2;7;7;7m▀[38;2;7;7;7m▀[38;2;7;7;7m▀[38;2;7;7;7m[48;2;7;7;7m▀[0m[38;2;84;84;84m[48;2;114;133;134m▀[0m[38;2;114;133;134m[48;2;84;84;84m▀[0m[38;2;84;84;84m[48;2;114;133;134m▀[0m[38;2;7;7;7m[48;2;7;7;7m▀[0m
         [38;2;7;7;7m▀[38;2;7;7;7m▀[38;2;7;7;7m▀ 
[0m