
[38;2;0;0;0m    [38;2;15;15;15m  [38;2;6;6;6m  [38;2;43;43;43m██[38;2;3;3;3m  [38;2;20;20;20m  [38;2;46;46;46m      [38;2;20;20;20m  [38;2;0;0;0m            
[38;2;0;0;0m    [38;2;60;60;60m  [38;2;27;27;27m  [38;2;174;174;174m██[38;2;134;134;134m██[38;2;93;93;93m  [38;2;46;46;46m  [38;2;186;186;186m  [38;2;187;187;187m  [38;2;82;82;82m  [38;2;0;0;0m            
[38;2;0;0;0m    [38;2;60;60;60m  [38;2;27;27;27m  [38;2;174;174;174m██████[38;2;173;173;173m██[38;2;91;91;91m  [38;2;187;187;187m  [38;2;82;82;82m  [38;2;0;0;0m            
[38;2;0;0;0m    [38;2;60;60;60m  [38;2;147;147;147m  [38;2;93;93;93m██[38;2;174;174;174m██████[38;2;152;152;152m██[38;2;50;50;50m  [38;2;82;82;82m  [38;2;0;0;0m            
[38;2;0;0;0m    [38;2;60;60;60m  [38;2;186;186;186m  [38;2;63;63;63m██[38;2;173;173;173m██[38;2;174;174;174m██[38;2;173;173;173m██[38;2;174;174;174m██[38;2;168;168;168m██[38;2;0;0;0m              
[38;2;18;27;41m  [38;2;69;105;156m  [38;2;107;132;166m  [38;2;67;67;67m  [38;2;143;143;143m██[38;2;173;173;173m██[38;2;133;150;173m██[38;2;82;120;172m██[38;2;128;147;173m██[38;2;172;172;172m██[38;2;57;57;57m  [38;2;69;105;156m          [38;2;18;27;41m  
[38;2;24;37;55m  [38;2;93;141;209m  [38;2;51;79;119m  [38;2;150;152;154m██[38;2;174;174;174m██[38;2;146;157;173m██[38;2;71;122;197m██[38;2;88;140;219m██[38;2;69;120;193m██[38;2;146;159;176m██[38;2;76;76;76m██[38;2;93;141;209m    [38;2;93;140;209m  [38;2;92;141;209m  [38;2;93;141;209m  [38;2;24;37;55m  
[38;2;24;37;55m  [38;2;93;141;209m  [38;2;45;49;55m██[38;2;169;171;173m██[38;2;138;153;173m██[38;2;74;124;196m██[38;2;106;159;248m██[38;2;111;163;255m██[38;2;91;143;224m██[38;2;74;125;198m██[38;2;38;51;74m██[38;2;92;141;209m    [38;2;93;141;209m    [38;2;92;141;209m  [38;2;24;37;55m  
[38;2;24;37;55m  [38;2;19;29;43m  [38;2;91;126;173m██[38;2;173;173;173m██[38;2;111;138;176m██[38;2;79;130;205m██[38;2;106;159;248m██[38;2;111;163;255m██[38;2;92;137;208m██[38;2;80;117;169m██[38;2;87;103;92m██[38;2;63;63;63m██[38;2;67;89;121m  [38;2;93;140;209m  [38;2;92;141;209m  [38;2;93;141;209m  [38;2;24;37;55m  
[38;2;24;37;55m  [38;2;19;29;43m  [38;2;91;125;172m██[38;2;174;174;174m██[38;2;63;113;185m██[38;2;81;133;208m██[38;2;84;136;213m██[38;2;89;102;116m██[38;2;140;150;154m██[38;2;161;165;161m██[38;2;235;235;234m██[38;2;238;238;238m██[38;2;67;89;121m  [38;2;93;141;209m    [38;2;92;141;209m  [38;2;24;37;55m  
[38;2;24;37;55m  [38;2;93;141;209m  [38;2;16;32;55m██[38;2;156;163;173m██[38;2;63;113;185m██[38;2;81;133;208m██[38;2;81;110;145m██[38;2;204;182;187m██[38;2;195;178;165m██[38;2;166;190;189m██[38;2;125;125;125m██[38;2;29;44;66m  [38;2;93;141;209m  [38;2;93;140;209m  [38;2;92;141;209m  [38;2;93;141;209m  [38;2;24;37;55m  
[38;2;6;9;13m  [38;2;78;119;176m  [38;2;51;79;119m  [38;2;69;102;149m██[38;2;112;140;178m██[38;2;72;124;198m██[38;2;111;99;93m██[38;2;156;60;35m██[38;2;196;211;206m██[38;2;220;237;237m██[38;2;200;197;200m██[38;2;29;44;66m  [38;2;92;141;209m  [38;2;93;141;209m    [38;2;92;141;209m  [38;2;24;37;55m  
[38;2;13;26;45m██[38;2;20;41;69m██[38;2;31;35;41m██[38;2;29;74;134m██[38;2;72;95;127m██[38;2;87;122;170m██[38;2;120;114;116m██[38;2;166;158;161m██[38;2;114;116;127m██[38;2;62;74;92m██[38;2;43;47;56m██[38;2;69;105;156m  [38;2;84;127;189m  [38;2;93;140;209m  [38;2;77;117;173m  [38;2;59;90;135m  [38;2;5;8;13m  
[38;2;13;26;45m██[38;2;51;101;171m██[38;2;55;96;154m██[38;2;18;36;62m██[38;2;69;105;156m  [38;2;45;48;53m  [38;2;97;81;71m██[38;2;58;93;143m██[38;2;62;86;119m██[38;2;68;79;92m██[38;2;59;85;122m██[38;2;39;76;129m██[38;2;29;51;81m  [38;2;23;35;52m  [38;2;48;78;122m  [38;2;64;106;166m██[38;2;21;35;55m██
[38;2;10;20;34m  [38;2;49;96;163m██[38;2;35;69;116m██[38;2;79;120;178m  [38;2;66;100;149m  [38;2;142;62;34m  [38;2;193;93;45m██[38;2;83;132;203m██[38;2;106;125;161m██[38;2;80;61;61m  [38;2;23;35;52m  [38;2;24;38;59m  [38;2;50;87;140m██[38;2;62;114;185m██[38;2;81;133;208m██[38;2;64;105;165m██[38;2;0;0;0m  
[38;2;0;0;0m  [38;2;41;81;136m██[38;2;42;50;62m██[38;2;79;120;178m  [38;2;66;101;149m  [38;2;176;177;178m  [38;2;74;87;127m██[38;2;60;109;180m██[38;2;229;235;243m██[38;2;192;186;187m  [38;2;62;94;139m  [38;2;84;128;190m  [38;2;47;71;106m██[38;2;79;131;206m██[38;2;81;133;208m██[38;2;30;48;73m  [38;2;18;27;41m  
[38;2;24;37;55m  [38;2;37;57;84m  [38;2;45;69;102m  [38;2;92;141;209m  [38;2;66;101;149m  [38;2;118;120;120m  [38;2;163;193;213m██[38;2;80;124;176m██[38;2;233;236;236m██[38;2;120;140;141m  [38;2;62;94;139m  [38;2;7;10;15m██[38;2;81;103;129m██[38;2;60;99;156m██[38;2;35;56;85m  [38;2;93;141;209m  [38;2;24;37;55m  
[38;2;6;9;13m  [38;2;23;35;52m        [38;2;114;133;133m  [38;2;132;148;148m██[38;2;42;48;48m██[38;2;137;140;140m██[38;2;186;187;189m  [38;2;23;35;52m  [38;2;1;1;1m  [38;2;20;28;38m██[38;2;0;0;0m  [38;2;15;23;35m  [38;2;23;35;52m  [38;2;6;9;13m  
[38;2;0;0;0m      [38;2;35;39;40m  [38;2;156;177;179m██[38;2;127;146;145m██[38;2;0;0;0m      [38;2;193;193;193m██[38;2;190;195;202m██[38;2;58;58;58m  [38;2;0;0;0m          
[38;2;0;0;0m      [38;2;134;158;161m██[38;2;128;149;150m██[38;2;14;16;16m██[38;2;0;0;0m      [38;2;7;7;7m██[38;2;255;255;255m██[38;2;232;232;233m██[38;2;0;1;2m  [38;2;0;0;0m        
[38;2;0;0;0m                    [38;2;142;142;142m██[38;2;177;178;178m██[38;2;97;97;97m██[38;2;0;0;0m        
[38;2;0;0;0m                    [38;2;35;35;35m  [38;2;44;47;44m██[38;2;24;25;24m  [38;2;0;0;0m        [0m
