
[38;2;0;0;0m        [38;2;0;1;0m  [38;2;37;56;60m  [38;2;40;62;66m██[38;2;28;53;58m██[38;2;34;53;58m██[38;2;2;5;3m  [38;2;0;0;0m              
[38;2;0;0;0m      [38;2;0;2;1m  [38;2;123;176;195m██[38;2;154;219;244m██[38;2;155;227;250m██[38;2;147;217;242m██[38;2;142;214;232m██[38;2;88;133;151m██[38;2;54;79;87m  [38;2;0;2;1m  [38;2;0;0;0m          
[38;2;0;0;0m    [38;2;15;23;25m  [38;2;139;204;224m██[38;2;145;219;243m██[38;2;96;182;213m██[38;2;155;227;250m████[38;2;127;208;230m██[38;2;130;212;230m██[38;2;128;204;230m██[38;2;107;186;205m██[38;2;13;24;26m  [38;2;0;0;0m        
[38;2;0;0;0m    [38;2;39;68;73m██[38;2;152;229;245m██[38;2;105;187;215m██[38;2;154;221;248m██[38;2;157;224;249m██[38;2;82;174;205m██[38;2;111;192;221m██[38;2;102;187;214m██[38;2;109;196;219m██[38;2;110;198;219m██[38;2;101;177;196m██[38;2;0;2;1m  [38;2;0;0;0m      
[38;2;0;0;0m  [38;2;0;3;1m  [38;2;113;199;219m██[38;2;76;166;194m██[38;2;112;200;220m██[38;2;137;213;237m██[38;2;106;190;217m██[38;2;139;213;237m██[38;2;125;204;229m██[38;2;109;194;219m██[38;2;110;199;220m████[38;2;102;190;213m██[38;2;19;49;58m  [38;2;0;0;0m      
[38;2;0;0;0m  [38;2;0;3;1m  [38;2;100;176;201m██[38;2;101;185;208m██[38;2;110;201;220m██[38;2;84;132;167m██[38;2;107;198;217m██[38;2;110;198;220m██████[38;2;94;158;187m██[38;2;82;125;162m██[38;2;72;146;181m██[38;2;56;137;164m██[38;2;0;1;0m  [38;2;0;0;0m    
[38;2;0;0;0m  [38;2;0;3;1m  [38;2;84;156;191m██[38;2;103;185;211m██[38;2;105;186;210m██[38;2;91;149;181m██[38;2;110;198;220m██[38;2;96;147;160m██[38;2;116;142;145m██[38;2;89;92;83m██[38;2;204;203;204m██[38;2;248;248;248m  [38;2;110;133;140m██[38;2;58;140;163m██[38;2;0;1;0m  [38;2;0;0;0m    
[38;2;0;0;0m    [38;2;28;47;61m██[38;2;70;156;189m██[38;2;72;144;179m██[38;2;73;161;190m██[38;2;51;86;105m██[38;2;232;232;232m██[38;2;241;180;151m██[38;2;127;135;112m██[38;2;255;255;255m██[38;2;77;95;94m██[38;2;83;146;169m██[38;2;56;137;164m██[38;2;0;1;0m  [38;2;0;0;0m    
[38;2;0;0;0m    [38;2;13;23;29m  [38;2;64;141;172m██[38;2;69;139;174m██[38;2;69;140;173m██[38;2;122;128;129m██[38;2;220;112;58m██[38;2;216;183;164m██[38;2;153;162;159m██[38;2;191;201;204m██[38;2;160;164;171m██[38;2;65;140;166m██[38;2;31;78;93m  [38;2;0;0;0m      
[38;2;0;0;0m      [38;2;2;8;8m  [38;2;69;149;185m██[38;2;69;74;87m██[38;2;176;187;209m██[38;2;193;179;173m██[38;2;190;188;199m██[38;2;185;192;217m██[38;2;85;103;119m██[38;2;69;114;150m██[38;2;70;156;191m██[38;2;0;3;1m  [38;2;0;0;0m      
[38;2;0;0;0m      [38;2;0;1;0m  [38;2;49;68;87m██[38;2;72;107;150m██[38;2;94;109;121m██[38;2;175;181;204m██[38;2;122;140;154m██[38;2;110;142;155m██[38;2;90;146;185m██[38;2;67;154;182m██[38;2;13;34;38m  [38;2;0;0;0m        
[38;2;0;0;0m        [38;2;20;28;27m██[38;2;52;69;68m██[38;2;120;122;134m██[38;2;189;195;222m██[38;2;127;130;144m██[38;2;72;111;156m██[38;2;30;73;84m██[38;2;0;3;1m  [38;2;0;0;0m          
[38;2;0;0;0m        [38;2;11;31;38m  [38;2;119;120;113m██[38;2;186;172;177m██[38;2;173;206;233m██[38;2;61;103;126m██[38;2;66;111;126m██[38;2;0;1;0m  [38;2;0;0;0m            
[38;2;0;0;0m      [38;2;2;9;8m  [38;2;104;148;149m██[38;2;218;92;42m██[38;2;182;116;70m██[38;2;103;143;164m██[38;2;47;71;81m  [38;2;67;154;182m██[38;2;34;78;90m██[38;2;0;0;0m            
[38;2;0;0;0m  [38;2;0;2;1m  [38;2;39;92;108m██[38;2;65;150;177m██[38;2;37;55;57m  [38;2;94;54;30m  [38;2;201;112;60m  [38;2;191;197;193m██[38;2;34;38;36m  [38;2;1;4;3m  [38;2;86;149;164m██[38;2;81;117;129m  [38;2;0;2;1m  [38;2;0;0;0m        
[38;2;16;41;47m  [38;2;63;147;173m██[38;2;43;100;118m  [38;2;0;3;1m  [38;2;8;10;9m  [38;2;234;234;234m██[38;2;181;176;173m██[38;2;255;254;254m██[38;2;138;140;139m██[38;2;0;0;0m  [38;2;0;2;1m  [38;2;145;206;229m██[38;2;158;224;249m██[38;2;13;23;23m██[38;2;4;7;7m  [38;2;0;0;0m    
[38;2;0;0;0m  [38;2;0;1;0m    [38;2;0;2;1m  [38;2;180;183;187m██[38;2;224;225;226m██[38;2;149;148;145m██[38;2;255;254;254m██[38;2;255;255;255m██[38;2;111;116;133m  [38;2;2;4;0m  [38;2;5;9;9m  [38;2;97;138;160m██[38;2;150;228;252m██[38;2;114;168;184m██[38;2;75;115;124m  [38;2;0;1;1m  
[38;2;0;0;0m      [38;2;28;31;29m  [38;2;227;230;236m██[38;2;99;105;108m██[38;2;136;138;138m██[38;2;249;249;249m██[38;2;255;255;255m██[38;2;251;251;251m██[38;2;162;164;172m██[38;2;25;29;28m██[38;2;55;62;65m██[38;2;84;101;109m██[38;2;143;206;225m██[38;2;87;119;145m██[38;2;36;56;59m  
[38;2;0;0;0m    [38;2;0;1;0m  [38;2;217;218;217m██[38;2;182;182;182m██[38;2;65;65;65m██[38;2;134;138;153m██[38;2;249;249;249m██[38;2;255;255;255m██[38;2;153;153;153m██[38;2;223;223;223m██[38;2;219;224;228m██[38;2;164;171;191m██[38;2;182;188;216m██[38;2;146;150;167m██[38;2;115;121;135m██[38;2;0;1;0m  
[38;2;0;0;0m    [38;2;82;85;83m██[38;2;255;255;255m██[38;2;68;82;100m██[38;2;66;68;73m██[38;2;189;194;225m██[38;2;69;68;70m██[38;2;255;255;255m██[38;2;250;250;250m██[38;2;184;184;184m██[38;2;255;255;255m██[38;2;173;173;173m██[38;2;130;131;134m  [38;2;172;178;200m██[38;2;189;195;225m██[38;2;50;54;61m██
[38;2;0;0;0m    [38;2;82;85;83m██[38;2;255;255;255m██[38;2;69;83;99m██[38;2;72;100;129m██[38;2;140;144;165m██[38;2;152;154;175m██[38;2;188;188;192m██[38;2;253;253;253m██[38;2;171;171;171m██[38;2;255;255;255m████[38;2;247;247;247m██[38;2;206;206;206m██[38;2;57;62;69m██[38;2;15;17;18m  
[38;2;0;0;0m    [38;2;0;1;0m  [38;2;170;171;170m  [38;2;145;158;169m██[38;2;5;10;12m  [38;2;65;68;76m  [38;2;4;4;5m  [38;2;133;134;137m██[38;2;253;254;253m██[38;2;255;255;255m██[38;2;137;137;137m██[38;2;206;207;207m██[38;2;0;3;1m    [38;2;0;0;0m    
[38;2;0;0;0m        [38;2;0;1;0m  [38;2;0;0;0m      [38;2;10;11;10m  [38;2;64;65;65m██[38;2;66;69;67m██[38;2;62;68;65m██[38;2;8;11;10m  [38;2;0;0;0m        [0m
