
[38;2;0;0;0m        [38;2;25;17;18m  [38;2;69;46;51m██████[38;2;58;18;27m██[38;2;0;0;0m                    
[38;2;0;0;0m        [38;2;167;118;129m██[38;2;236;160;178m██[38;2;253;169;189m████[38;2;207;107;126m██[38;2;208;79;108m██[38;2;208;79;109m██[38;2;5;5;5m  [38;2;101;100;100m██[38;2;0;0;0m            
[38;2;0;0;0m      [38;2;196;124;141m██[38;2;113;80;87m████[38;2;233;147;167m████[38;2;203;113;131m██[38;2;217;81;110m██[38;2;246;84;118m██[38;2;185;85;108m██[38;2;133;118;73m██[38;2;116;94;62m██[38;2;80;57;26m██[38;2;0;0;0m        
[38;2;0;0;0m      [38;2;15;8;9m  [38;2;77;68;69m██████[38;2;191;107;126m██[38;2;198;110;130m██[38;2;153;54;70m██[38;2;167;53;75m██[38;2;82;66;70m██[38;2;254;214;89m██[38;2;219;159;71m██[38;2;220;157;72m██[38;2;0;0;0m        
[38;2;0;0;0m        [38;2;142;38;61m██[38;2;165;59;81m██[38;2;125;54;72m██[38;2;145;59;79m██[38;2;139;64;78m██[38;2;121;48;58m██[38;2;175;76;96m██[38;2;170;82;101m██[38;2;198;74;98m██[38;2;147;54;69m██[38;2;142;53;70m██[38;2;86;27;38m  [38;2;0;0;0m      
[38;2;0;0;0m        [38;2;65;64;64m██[38;2;201;69;98m██[38;2;145;77;93m██[38;2;255;97;133m██[38;2;245;83;117m██[38;2;234;71;102m██[38;2;158;53;73m██[38;2;103;37;50m██[38;2;65;64;64m██[38;2;255;97;134m██[38;2;189;70;92m██[38;2;164;56;73m██[38;2;232;65;99m██[38;2;0;0;0m    
[38;2;0;0;0m    [38;2;39;11;16m  [38;2;149;59;76m██[38;2;172;64;84m██[38;2;102;50;60m██[38;2;255;96;130m██[38;2;201;75;99m██[38;2;206;74;101m██[38;2;209;77;103m██[38;2;255;96;131m██[38;2;255;97;132m██[38;2;204;88;115m██[38;2;159;75;92m██[38;2;125;69;80m██[38;2;205;75;101m██[38;2;217;63;92m██[38;2;184;50;76m██[38;2;0;0;0m  
[38;2;0;0;0m    [38;2;117;116;116m██[38;2;203;63;89m██[38;2;229;64;95m██[38;2;224;69;101m██[38;2;167;57;77m██[38;2;250;95;130m██[38;2;190;70;96m██[38;2;255;97;133m██[38;2;237;94;126m██[38;2;238;94;126m██[38;2;247;92;127m██[38;2;154;55;72m██[38;2;78;54;56m██[38;2;238;90;123m██[38;2;153;54;69m██[38;2;113;30;44m  [38;2;0;0;0m  
[38;2;0;0;0m  [38;2;6;6;6m  [38;2;129;127;128m██[38;2;125;63;79m██[38;2;237;73;106m██[38;2;254;95;131m██[38;2;255;97;133m██[38;2;192;72;94m██[38;2;179;63;88m██[38;2;134;75;89m██[38;2;123;123;123m██[38;2;140;137;136m██[38;2;172;49;69m██[38;2;223;61;91m██[38;2;178;64;88m██[38;2;174;61;85m██[38;2;55;19;25m██[38;2;0;0;0m    
[38;2;0;0;0m    [38;2;49;47;47m  [38;2;125;113;120m██[38;2;167;71;86m██[38;2;167;56;74m██[38;2;171;54;75m██[38;2;206;58;85m██[38;2;153;152;150m██[38;2;143;143;143m██[38;2;157;157;157m██[38;2;170;147;152m██[38;2;155;64;81m██[38;2;112;40;50m  [38;2;0;0;0m          
[38;2;0;0;0m    [38;2;0;0;1m  [38;2;43;42;42m  [38;2;152;136;140m██[38;2;213;154;162m██[38;2;228;181;186m██[38;2;165;150;144m██[38;2;113;109;107m██[38;2;130;130;130m██[38;2;157;112;121m██[38;2;211;55;85m██[38;2;134;47;62m██[38;2;126;71;83m  [38;2;0;0;0m          
[38;2;0;0;0m    [38;2;62;17;25m██[38;2;139;48;62m██[38;2;73;56;58m██[38;2;79;28;35m██[38;2;167;77;89m██[38;2;188;63;90m██[38;2;148;58;75m██[38;2;106;65;74m██[38;2;92;61;70m██[38;2;118;59;76m██[38;2;211;114;139m██[38;2;156;94;106m██[38;2;61;31;34m██[38;2;205;57;86m██[38;2;19;6;8m  [38;2;14;5;7m  [38;2;18;7;9m  
[38;2;0;0;0m  [38;2;147;41;61m  [38;2;209;61;88m██[38;2;155;54;70m██[38;2;17;6;7m  [38;2;0;0;0m  [38;2;70;29;38m██[38;2;202;60;87m██[38;2;194;64;90m██[38;2;248;90;124m██[38;2;162;78;96m██[38;2;245;89;123m██[38;2;186;88;115m██[38;2;204;118;153m██[38;2;49;32;33m██[38;2;184;54;81m██[38;2;134;42;59m██[38;2;218;83;114m██[38;2;67;25;35m██
[38;2;24;16;18m  [38;2;144;71;89m██[38;2;93;37;43m  [38;2;0;0;0m          [38;2;139;45;65m██[38;2;185;85;108m██[38;2;149;65;81m██[38;2;196;73;96m██[38;2;145;48;68m██[38;2;87;31;39m  [38;2;0;0;0m  [38;2;17;5;8m  [38;2;136;45;63m██[38;2;253;94;130m██[38;2;64;22;31m██
[38;2;66;44;49m██[38;2;71;44;52m██[38;2;0;0;0m            [38;2;137;58;73m██[38;2;145;54;69m██[38;2;149;55;69m██[38;2;208;60;89m██[38;2;3;1;1m  [38;2;0;0;0m      [38;2;174;66;90m██[38;2;249;84;122m██[38;2;60;17;26m██
[38;2;0;0;0m          [38;2;93;26;38m  [38;2;142;42;60m██[38;2;195;60;85m██[38;2;145;69;92m██[38;2;153;54;69m██[38;2;226;69;99m██[38;2;236;110;136m  [38;2;132;52;69m██[38;2;204;57;85m██[38;2;0;0;0m  [38;2;39;17;24m██[38;2;219;87;131m██[38;2;183;91;109m██[38;2;33;9;14m  
[38;2;0;0;0m        [38;2;84;23;35m██[38;2;160;55;72m██[38;2;153;54;71m██[38;2;155;56;73m██[38;2;110;62;91m██[38;2;154;55;69m██[38;2;252;167;190m██[38;2;213;78;102m██[38;2;175;83;104m██[38;2;204;57;85m██[38;2;0;0;0m  [38;2;0;0;2m  [38;2;172;85;125m██[38;2;199;134;149m██[38;2;0;0;0m  
[38;2;0;0;0m          [38;2;44;19;20m  [38;2;138;43;61m██[38;2;7;5;3m██[38;2;0;0;0m  [38;2;101;59;87m██[38;2;143;66;85m██[38;2;106;43;62m██[38;2;195;87;111m██[38;2;148;64;79m██[38;2;84;23;34m██[38;2;0;0;0m  [38;2;78;52;58m  [38;2;0;0;0m    
[38;2;0;0;0m            [38;2;96;29;42m██[38;2;156;54;71m██[38;2;0;0;0m      [38;2;4;1;1m  [38;2;130;40;57m██[38;2;137;49;61m██[38;2;0;0;0m          
[38;2;0;0;0m          [38;2;112;62;74m  [38;2;110;62;72m██[38;2;55;19;25m██[38;2;0;0;0m        [38;2;136;39;57m██[38;2;195;56;79m██[38;2;39;12;17m  [38;2;0;0;0m        
[38;2;0;0;0m                        [38;2;108;30;45m██[38;2;105;78;90m██[38;2;61;41;48m██[38;2;0;0;0m        
[38;2;0;0;0m                          [38;2;69;46;51m██[38;2;59;36;41m██[38;2;0;0;0m        [0m
