
[38;2;7;7;9m  [38;2;29;28;38m  [38;2;9;9;12m██[38;2;5;5;6m  [38;2;29;28;38m                                [38;2;7;7;9m  
[38;2;29;28;38m  [38;2;112;110;146m  [38;2;36;36;48m██[38;2;97;95;128m██[38;2;55;54;72m  [38;2;112;110;146m                        [38;2;111;110;146m  [38;2;112;110;146m    [38;2;29;28;38m  
[38;2;29;28;38m  [38;2;112;109;146m  [38;2;77;75;100m  [38;2;99;97;130m██[38;2;89;87;117m██[38;2;27;27;39m██[38;2;91;90;119m  [38;2;112;109;146m    [38;2;112;110;146m  [38;2;94;93;123m  [38;2;35;34;46m██[38;2;61;60;79m  [38;2;112;110;146m    [38;2;112;109;146m  [38;2;112;110;146m    [38;2;88;86;115m  [38;2;68;67;90m  [38;2;9;9;12m██
[38;2;29;28;38m  [38;2;112;109;146m  [38;2;77;75;100m  [38;2;99;97;130m██[38;2;119;116;157m██[38;2;114;112;152m██[38;2;66;65;87m  [38;2;105;103;137m  [38;2;70;68;91m  [38;2;109;107;143m  [38;2;58;57;77m  [38;2;116;114;153m██[38;2;61;60;79m  [38;2;19;19;25m  [38;2;74;73;97m  [38;2;111;109;146m  [38;2;112;110;146m  [38;2;19;19;25m  [38;2;93;92;115m  [38;2;102;101;135m██[38;2;31;30;41m██
[38;2;29;28;38m  [38;2;112;110;146m  [38;2;112;110;145m  [38;2;18;18;24m  [38;2;119;117;156m██[38;2;119;117;157m██[38;2;114;112;152m██[38;2;36;35;51m██[38;2;83;81;107m██[38;2;32;31;46m██[38;2;132;130;168m██[38;2;116;114;154m██[38;2;36;35;49m██[38;2;110;108;145m██[38;2;66;65;86m  [38;2;69;68;90m  [38;2;49;48;61m██[38;2;134;132;171m██[38;2;129;127;166m██[38;2;93;91;123m██[38;2;0;0;0m  
[38;2;29;28;38m  [38;2;112;110;146m    [38;2;18;18;24m  [38;2;119;117;156m██[38;2;119;117;157m██[38;2;129;127;166m██[38;2;145;143;180m██[38;2;151;149;187m██[38;2;145;143;180m██[38;2;153;152;189m██[38;2;118;116;156m██[38;2;117;115;155m██[38;2;110;108;145m██[38;2;8;8;11m  [38;2;135;133;166m██[38;2;152;150;187m██[38;2;148;146;184m██[38;2;120;118;158m██[38;2;33;32;43m  [38;2;25;25;33m  
[38;2;29;28;38m  [38;2;112;110;146m      [38;2;47;46;60m██[38;2;151;149;186m██[38;2;154;152;189m████[38;2;154;151;189m████[38;2;154;152;189m██[38;2;153;151;188m██[38;2;119;117;157m██[38;2;102;100;140m  [38;2;145;143;181m██[38;2;154;152;189m██[38;2;145;143;180m██[38;2;119;117;157m██[38;2;73;72;101m██[38;2;58;57;76m  [38;2;29;28;38m  
[38;2;29;28;38m  [38;2;112;110;146m      [38;2;54;54;67m██[38;2;154;152;189m████████████[38;2;122;120;160m██[38;2;133;131;170m██[38;2;119;117;157m██[38;2;141;139;177m██[38;2;150;148;185m██[38;2;120;118;157m██[38;2;114;112;152m██[38;2;28;27;39m██[38;2;112;110;146m  [38;2;29;28;38m  
[38;2;29;28;38m  [38;2;112;110;146m  [38;2;96;95;126m  [38;2;53;52;70m  [38;2;154;152;189m  ██████████[38;2;144;142;179m██[38;2;138;136;174m██[38;2;136;134;173m██[38;2;119;117;157m████████[38;2;94;92;128m██[38;2;55;54;73m  [38;2;112;110;146m  [38;2;29;28;38m  
[38;2;29;28;38m  [38;2;112;110;146m  [38;2;22;22;23m  [38;2;80;86;100m██[38;2;154;152;189m██████[38;2;154;152;188m██[38;2;154;152;189m████[38;2;137;135;173m██[38;2;119;117;157m████████████[38;2;88;86;126m██[38;2;85;83;122m██[38;2;27;27;36m  [38;2;29;28;38m  
[38;2;15;15;19m  [38;2;45;44;63m  [38;2;81;80;100m██[38;2;227;141;145m██[38;2;94;93;120m██[38;2;153;152;189m██[38;2;154;152;189m████[38;2;137;135;173m██[38;2;119;117;157m██[38;2;101;104;132m██[38;2;163;107;115m██[38;2;119;116;157m██[38;2;119;117;157m██████[38;2;99;97;137m██[38;2;80;79;115m██[38;2;51;50;68m  [38;2;112;110;146m  [38;2;29;28;38m  
[38;2;0;0;0m  [38;2;69;67;98m██[38;2;81;81;93m██[38;2;232;169;181m██[38;2;42;41;56m██[38;2;149;147;185m██[38;2;154;152;189m██[38;2;121;119;159m██[38;2;119;116;157m██[38;2;82;90;107m██[38;2;255;127;123m██[38;2;251;178;185m██[38;2;119;116;157m██[38;2;119;117;157m██[38;2;119;116;157m██[38;2;119;117;157m██[38;2;84;83;97m██[38;2;88;86;126m██[38;2;27;26;39m██[38;2;23;23;31m  [38;2;29;28;38m  
[38;2;23;22;32m██[38;2;88;86;126m██[38;2;75;76;85m██[38;2;115;114;152m██[38;2;154;115;137m██[38;2;116;115;154m██[38;2;119;116;157m██[38;2;101;103;132m██[38;2;94;59;62m██[38;2;248;150;152m██[38;2;255;179;186m██[38;2;156;125;176m██[38;2;119;117;157m██[38;2;101;103;132m  [38;2;119;116;157m████[38;2;119;117;157m██[38;2;90;89;109m██[38;2;84;82;116m██[38;2;45;44;63m  [38;2;15;15;19m  
[38;2;1;1;1m  [38;2;4;4;6m  [38;2;70;69;82m██[38;2;83;89;110m██[38;2;117;115;154m██[38;2;118;116;156m██[38;2;119;116;157m██[38;2;119;117;157m██[38;2;153;125;174m██[38;2;247;176;185m██[38;2;184;147;170m██[38;2;117;115;154m██[38;2;98;101;128m██[38;2;91;89;129m██[38;2;119;116;157m██[38;2;119;117;157m████[38;2;110;108;142m██[38;2;20;20;21m██[38;2;112;110;146m  [38;2;29;28;38m  
[38;2;29;28;38m  [38;2;112;110;146m  [38;2;59;58;78m  [38;2;81;80;116m██[38;2;166;168;180m██[38;2;103;106;132m██[38;2;98;101;128m██████████[38;2;179;183;190m██[38;2;129;129;155m██[38;2;119;117;156m██[38;2;100;99;126m██[38;2;119;117;157m██████[38;2;36;36;48m██[38;2;112;110;146m  [38;2;29;28;38m  
[38;2;29;28;38m  [38;2;112;110;146m  [38;2;80;78;104m  [38;2;92;90;121m  [38;2;122;118;153m██[38;2;246;245;248m██[38;2;215;210;225m██[38;2;255;255;255m██[38;2;218;213;227m██[38;2;255;255;255m██[38;2;222;217;230m██[38;2;236;236;241m██[38;2;106;104;144m██[38;2;119;117;157m██[38;2;89;88;107m██[38;2;114;113;149m██[38;2;119;117;157m██[38;2;112;110;150m██[38;2;103;101;138m██[38;2;31;31;41m  [38;2;29;28;38m  
[38;2;29;28;38m  [38;2;112;110;146m  [38;2;111;110;146m  [38;2;75;74;98m  [38;2;68;66;91m██[38;2;147;146;172m██[38;2;179;176;196m██[38;2;255;255;255m██[38;2;218;213;227m██[38;2;255;255;255m██[38;2;140;137;166m██[38;2;107;105;145m██[38;2;119;117;157m██████[38;2;96;95;118m██[38;2;86;85;100m██[38;2;96;95;130m██[38;2;61;60;80m  [38;2;112;110;146m  [38;2;29;28;38m  
[38;2;29;28;38m  [38;2;112;110;146m      [38;2;29;31;38m██[38;2;110;110;145m██[38;2;108;106;146m██[38;2;92;90;130m██████[38;2;119;117;157m██[38;2;119;116;157m████[38;2;119;117;157m██[38;2;116;114;154m██[38;2;88;86;126m████[38;2;68;68;75m██[38;2;35;34;50m██[38;2;100;98;131m  [38;2;29;28;38m  
[38;2;29;28;38m  [38;2;112;110;146m      [38;2;57;56;76m  [38;2;79;80;110m██[38;2;94;99;123m██[38;2;117;115;154m██[38;2;119;117;157m██████████[38;2;117;115;155m██[38;2;92;90;130m██[38;2;88;86;126m████[38;2;68;68;75m██[38;2;88;86;126m██[38;2;53;52;75m  [38;2;10;10;13m  
[38;2;29;28;38m  [38;2;112;110;146m  [38;2;111;110;146m  [38;2;112;110;146m  [38;2;78;77;102m  [38;2;66;64;94m  [38;2;88;86;126m██[38;2;83;89;110m██[38;2;38;38;40m  [38;2;96;94;127m  [38;2;98;96;129m████[38;2;88;86;126m████[38;2;88;85;126m██[38;2;88;86;126m██[38;2;73;72;86m██[38;2;72;71;104m██[38;2;35;35;49m  [38;2;39;38;51m  [38;2;29;28;38m  
[38;2;29;28;38m  [38;2;112;110;146m        [38;2;81;80;106m  [38;2;26;26;38m████[38;2;93;91;121m  [38;2;78;77;102m  [38;2;77;76;101m  [38;2;2;2;2m██[38;2;88;86;126m████████[38;2;44;43;57m██[38;2;77;76;101m  [38;2;101;99;132m  [38;2;111;110;146m  [38;2;29;28;38m  
[38;2;29;28;38m  [38;2;112;110;146m  [38;2;111;110;145m  [38;2;112;110;146m  [38;2;112;109;146m  [38;2;112;110;146m  [38;2;111;110;146m  [38;2;112;110;146m      [38;2;112;109;145m  [38;2;109;107;142m  [38;2;50;50;67m██[38;2;70;69;101m  [38;2;94;92;132m██[38;2;63;62;90m  [38;2;80;79;105m  [38;2;111;109;146m  [38;2;112;110;146m  [38;2;111;110;146m  [38;2;29;28;38m  
[38;2;7;7;9m  [38;2;29;28;38m                    [38;2;28;28;37m  [38;2;0;0;0m  [38;2;2;2;2m  [38;2;31;30;40m██[38;2;3;3;4m  [38;2;29;28;38m        [38;2;7;7;9m  [0m
