            [38;2;7;7;7m▄[38;2;7;7;7m[48;2;250;209;85m▀[0m[38;2;7;7;7m[48;2;250;209;85m▀[0m[38;2;7;7;7m[48;2;196;154;65m▀[0m[38;2;7;7;7m▄         
           [38;2;7;7;7m▄[38;2;7;7;7m[48;2;250;209;85m▀[0m[38;2;196;154;65m[48;2;250;209;85m▀[0m[38;2;196;154;65m[48;2;250;209;85m▀[0m[38;2;196;154;65m[48;2;107;121;126m▀[0m[38;2;7;7;7m[48;2;7;7;7m▀[0m         
           [38;2;7;7;7m[48;2;7;7;7m▀[0m[38;2;250;209;85m[48;2;250;209;85m▀[0m[38;2;250;209;85m[48;2;250;209;85m▀[0m[38;2;250;209;85m[48;2;250;209;85m▀[0m[38;2;7;7;7m[48;2;66;66;66m▀[0m[38;2;7;7;7m▄[38;2;7;7;7m[48;2;250;209;85m▀[0m[38;2;7;7;7m[48;2;250;209;85m▀[0m[38;2;7;7;7m[48;2;107;121;126m▀[0m[38;2;7;7;7m[48;2;196;154;65m▀[0m[38;2;7;7;7m▄    
     [38;2;7;7;7m▄[38;2;7;7;7m▄[38;2;7;7;7m[48;2;250;209;85m▀[0m[38;2;7;7;7m[48;2;250;209;85m▀[0m[38;2;7;7;7m[48;2;250;209;85m▀[0m[38;2;7;7;7m▄[38;2;7;7;7m[48;2;7;7;7m▀[0m[38;2;250;209;85m[48;2;250;209;85m▀[0m[38;2;250;209;85m[48;2;250;209;85m▀[0m[38;2;250;209;85m[48;2;66;66;66m▀[0m[38;2;66;66;66m[48;2;250;209;85m▀[0m[38;2;250;209;85m[48;2;250;209;85m▀[0m[38;2;250;209;85m[48;2;250;209;85m▀[0m[38;2;250;209;85m[48;2;196;154;65m▀[0m[38;2;107;121;126m[48;2;107;121;126m▀[0m[38;2;196;154;65m[48;2;7;7;7m▀[0m[38;2;7;7;7m▀    
    [38;2;7;7;7m[48;2;7;7;7m▀[0m[38;2;250;209;85m[48;2;250;209;85m▀[0m[38;2;250;209;85m[48;2;250;209;85m▀[0m[38;2;250;209;85m[48;2;250;209;85m▀[0m[38;2;250;209;85m[48;2;250;209;85m▀[0m[38;2;250;209;85m[48;2;250;209;85m▀[0m[38;2;250;209;85m[48;2;250;209;85m▀[0m[38;2;66;66;66m[48;2;250;209;85m▀[0m[38;2;250;209;85m[48;2;107;121;126m▀[0m[38;2;250;209;85m[48;2;250;209;85m▀[0m[38;2;107;121;126m[48;2;196;154;65m▀[0m[38;2;250;209;85m[48;2;196;154;65m▀[0m[38;2;66;66;66m[48;2;196;154;65m▀[0m[38;2;66;66;66m[48;2;7;7;7m▀[0m[38;2;7;7;7m▀[38;2;7;7;7m▀      
   [38;2;7;7;7m[48;2;7;7;7m▀[0m[38;2;196;154;65m[48;2;250;209;85m▀[0m[38;2;250;209;85m[48;2;196;154;65m▀[0m[38;2;250;209;85m[48;2;107;121;126m▀[0m[38;2;250;209;85m[48;2;7;7;7m▀[0m[38;2;7;7;7m▀[38;2;66;66;66m[48;2;7;7;7m▀[0m[38;2;107;121;126m[48;2;250;209;85m▀[0m[38;2;250;209;85m[48;2;107;121;126m▀[0m[38;2;196;154;65m[48;2;107;121;126m▀[0m[38;2;196;154;65m[48;2;107;121;126m▀[0m[38;2;196;154;65m[48;2;107;121;126m▀[0m[38;2;107;121;126m[48;2;250;209;85m▀[0m[38;2;107;121;126m[48;2;250;209;85m▀[0m[38;2;107;121;126m[48;2;66;66;66m▀[0m[38;2;7;7;7m[48;2;196;154;65m▀[0m[38;2;7;7;7m▄      
    [38;2;7;7;7m▀[38;2;250;209;85m[48;2;7;7;7m▀[0m[38;2;250;209;85m[48;2;7;7;7m▀[0m[38;2;7;7;7m▀ [38;2;7;7;7m[48;2;7;7;7m▀[0m[38;2;196;154;65m[48;2;250;209;85m▀[0m[38;2;250;209;85m[48;2;107;121;126m▀[0m[38;2;250;209;85m[48;2;196;154;65m▀[0m[38;2;250;209;85m[48;2;107;121;126m▀[0m[38;2;250;209;85m[48;2;196;154;65m▀[0m[38;2;250;209;85m[48;2;196;154;65m▀[0m[38;2;196;154;65m[48;2;250;209;85m▀[0m[38;2;66;66;66m[48;2;66;66;66m▀[0m[38;2;196;154;65m[48;2;196;154;65m▀[0m[38;2;7;7;7m[48;2;7;7;7m▀[0m      
         [38;2;7;7;7m[48;2;7;7;7m▀[0m[38;2;250;209;85m[48;2;250;209;85m▀[0m[38;2;107;121;126m[48;2;107;121;126m▀[0m[38;2;250;209;85m[48;2;250;209;85m▀[0m[38;2;107;121;126m[48;2;107;121;126m▀[0m[38;2;250;209;85m[48;2;250;209;85m▀[0m[38;2;250;209;85m[48;2;250;209;85m▀[0m[38;2;250;209;85m[48;2;250;209;85m▀[0m[38;2;7;7;7m[48;2;7;7;7m▀[0m[38;2;7;7;7m▀       
         [38;2;7;7;7m[48;2;7;7;7m▀[0m[38;2;196;154;65m[48;2;196;154;65m▀[0m[38;2;250;209;85m[48;2;107;121;126m▀[0m[38;2;250;209;85m[48;2;66;66;66m▀[0m[38;2;250;209;85m[48;2;66;66;66m▀[0m[38;2;107;121;126m[48;2;250;209;85m▀[0m[38;2;250;209;85m[48;2;250;209;85m▀[0m[38;2;250;209;85m[48;2;196;154;65m▀[0m[38;2;7;7;7m[48;2;7;7;7m▀[0m        
[38;2;7;7;7m▄[38;2;7;7;7m[48;2;250;209;85m▀[0m[38;2;7;7;7m[48;2;250;209;85m▀[0m[38;2;7;7;7m▄[38;2;7;7;7m▄[38;2;7;7;7m▄[38;2;7;7;7m▄   [38;2;7;7;7m[48;2;7;7;7m▀[0m[38;2;250;209;85m[48;2;250;209;85m▀[0m[38;2;250;209;85m[48;2;250;209;85m▀[0m[38;2;250;209;85m[48;2;250;209;85m▀[0m[38;2;250;209;85m[48;2;250;209;85m▀[0m[38;2;250;209;85m[48;2;250;209;85m▀[0m[38;2;107;121;126m[48;2;7;7;7m▀[0m[38;2;7;7;7m▀        
[38;2;7;7;7m▀[38;2;250;209;85m[48;2;7;7;7m▀[0m[38;2;250;209;85m[48;2;250;209;85m▀[0m[38;2;250;209;85m[48;2;250;209;85m▀[0m[38;2;250;209;85m[48;2;250;209;85m▀[0m[38;2;250;209;85m[48;2;250;209;85m▀[0m[38;2;250;209;85m[48;2;250;209;85m▀[0m[38;2;7;7;7m[48;2;196;154;65m▀[0m[38;2;7;7;7m[48;2;196;154;65m▀[0m[38;2;7;7;7m▄[38;2;7;7;7m[48;2;66;66;66m▀[0m[38;2;250;209;85m[48;2;107;121;126m▀[0m[38;2;250;209;85m[48;2;250;209;85m▀[0m[38;2;250;209;85m[48;2;250;209;85m▀[0m[38;2;250;209;85m[48;2;196;154;65m▀[0m[38;2;250;209;85m[48;2;196;154;65m▀[0m[38;2;7;7;7m[48;2;7;7;7m▀[0m         
 [38;2;7;7;7m[48;2;7;7;7m▀[0m[38;2;66;66;66m[48;2;196;154;65m▀[0m[38;2;66;66;66m[48;2;66;66;66m▀[0m[38;2;196;154;65m[48;2;250;209;85m▀[0m[38;2;250;209;85m[48;2;250;209;85m▀[0m[38;2;7;7;7m[48;2;7;7;7m▀[0m[38;2;7;7;7m▀[38;2;7;7;7m▀[38;2;196;154;65m[48;2;7;7;7m▀[0m[38;2;66;66;66m[48;2;107;121;126m▀[0m[38;2;196;154;65m[48;2;107;121;126m▀[0m[38;2;107;121;126m[48;2;196;154;65m▀[0m[38;2;107;121;126m[48;2;196;154;65m▀[0m[38;2;107;121;126m[48;2;196;154;65m▀[0m[38;2;107;121;126m[48;2;66;66;66m▀[0m[38;2;66;66;66m[48;2;107;121;126m▀[0m[38;2;7;7;7m[48;2;196;154;65m▀[0m[38;2;7;7;7m[48;2;250;209;85m▀[0m[38;2;7;7;7m[48;2;250;209;85m▀[0m[38;2;7;7;7m[48;2;250;209;85m▀[0m[38;2;7;7;7m▄    
  [38;2;7;7;7m▀[38;2;7;7;7m▀[38;2;250;209;85m[48;2;7;7;7m▀[0m[38;2;107;121;126m[48;2;7;7;7m▀[0m[38;2;7;7;7m▀ [38;2;7;7;7m[48;2;7;7;7m▀[0m[38;2;250;209;85m[48;2;250;209;85m▀[0m[38;2;250;209;85m[48;2;250;209;85m▀[0m[38;2;250;209;85m[48;2;250;209;85m▀[0m[38;2;107;121;126m[48;2;250;209;85m▀[0m[38;2;107;121;126m[48;2;250;209;85m▀[0m[38;2;107;121;126m[48;2;250;209;85m▀[0m[38;2;66;66;66m[48;2;250;209;85m▀[0m[38;2;196;154;65m[48;2;7;7;7m▀[0m[38;2;7;7;7m▀[38;2;7;7;7m▀[38;2;250;209;85m[48;2;7;7;7m▀[0m[38;2;250;209;85m[48;2;196;154;65m▀[0m[38;2;196;154;65m[48;2;196;154;65m▀[0m[38;2;7;7;7m[48;2;7;7;7m▀[0m   
       [38;2;7;7;7m[48;2;7;7;7m▀[0m[38;2;250;209;85m[48;2;250;209;85m▀[0m[38;2;250;209;85m[48;2;250;209;85m▀[0m[38;2;250;209;85m[48;2;250;209;85m▀[0m[38;2;250;209;85m[48;2;250;209;85m▀[0m[38;2;250;209;85m[48;2;250;209;85m▀[0m[38;2;250;209;85m[48;2;196;154;65m▀[0m[38;2;250;209;85m[48;2;107;121;126m▀[0m[38;2;250;209;85m[48;2;66;66;66m▀[0m[38;2;7;7;7m[48;2;66;66;66m▀[0m[38;2;7;7;7m[48;2;196;154;65m▀[0m[38;2;7;7;7m[48;2;180;76;98m▀[0m[38;2;66;66;66m[48;2;66;66;66m▀[0m[38;2;196;154;65m[48;2;196;154;65m▀[0m[38;2;196;154;65m[48;2;196;154;65m▀[0m[38;2;196;154;65m[48;2;196;154;65m▀[0m[38;2;7;7;7m[48;2;7;7;7m▀[0m  
       [38;2;7;7;7m[48;2;7;7;7m▀[0m[38;2;250;209;85m[48;2;66;66;66m▀[0m[38;2;250;209;85m[48;2;66;66;66m▀[0m[38;2;196;154;65m[48;2;66;66;66m▀[0m[38;2;107;121;126m[48;2;66;66;66m▀[0m[38;2;66;66;66m[48;2;102;79;89m▀[0m[38;2;66;66;66m[48;2;102;79;89m▀[0m[38;2;66;66;66m[48;2;102;79;89m▀[0m[38;2;102;79;89m[48;2;66;66;66m▀[0m[38;2;102;79;89m[48;2;66;66;66m▀[0m[38;2;180;76;98m[48;2;66;66;66m▀[0m[38;2;180;76;98m[48;2;196;154;65m▀[0m[38;2;7;7;7m[48;2;7;7;7m▀[0m[38;2;66;66;66m[48;2;7;7;7m▀[0m[38;2;196;154;65m[48;2;196;154;65m▀[0m[38;2;196;154;65m[48;2;107;121;126m▀[0m[38;2;196;154;65m[48;2;196;154;65m▀[0m[38;2;7;7;7m[48;2;196;154;65m▀[0m[38;2;7;7;7m▄
      [38;2;7;7;7m[48;2;7;7;7m▀[0m[38;2;102;79;89m[48;2;102;79;89m▀[0m[38;2;181;194;222m[48;2;145;158;175m▀[0m[38;2;145;158;175m[48;2;181;194;222m▀[0m[38;2;102;79;89m[48;2;66;66;66m▀[0m[38;2;102;79;89m[48;2;66;66;66m▀[0m[38;2;66;66;66m[48;2;7;7;7m▀[0m[38;2;66;66;66m[48;2;7;7;7m▀[0m[38;2;66;66;66m[48;2;196;154;65m▀[0m[38;2;196;154;65m[48;2;196;154;65m▀[0m[38;2;196;154;65m[48;2;196;154;65m▀[0m[38;2;196;154;65m[48;2;196;154;65m▀[0m[38;2;7;7;7m[48;2;196;154;65m▀[0m[38;2;7;7;7m▄ [38;2;7;7;7m▀[38;2;196;154;65m[48;2;7;7;7m▀[0m[38;2;107;121;126m[48;2;7;7;7m▀[0m[38;2;196;154;65m[48;2;7;7;7m▀[0m[38;2;7;7;7m▀
       [38;2;7;7;7m[48;2;7;7;7m▀[0m[38;2;66;66;66m[48;2;107;121;126m▀[0m[38;2;66;66;66m[48;2;196;154;65m▀[0m[38;2;107;121;126m[48;2;196;154;65m▀[0m[38;2;7;7;7m[48;2;7;7;7m▀[0m  [38;2;7;7;7m▀[38;2;196;154;65m[48;2;7;7;7m▀[0m[38;2;196;154;65m[48;2;107;121;126m▀[0m[38;2;196;154;65m[48;2;107;121;126m▀[0m[38;2;107;121;126m[48;2;196;154;65m▀[0m[38;2;7;7;7m[48;2;7;7;7m▀[0m      
       [38;2;7;7;7m[48;2;7;7;7m▀[0m[38;2;196;154;65m[48;2;7;7;7m▀[0m[38;2;107;121;126m[48;2;7;7;7m▀[0m[38;2;107;121;126m[48;2;7;7;7m▀[0m[38;2;7;7;7m▀   [38;2;7;7;7m[48;2;7;7;7m▀[0m[38;2;196;154;65m[48;2;107;121;126m▀[0m[38;2;196;154;65m[48;2;107;121;126m▀[0m[38;2;107;121;126m[48;2;196;154;65m▀[0m[38;2;7;7;7m[48;2;7;7;7m▀[0m      
                [38;2;7;7;7m▀[38;2;7;7;7m▀[38;2;7;7;7m▀[38;2;7;7;7m▀      
[0m