[38;2;7;7;7m[48;2;7;7;7m▀[0m[38;2;7;7;7m[48;2;241;202;79m▀[0m[38;2;7;7;7m▄             
 [38;2;7;7;7m▀[38;2;7;7;7m▀[38;2;7;7;7m▀[38;2;7;7;7m▄[38;2;7;7;7m▄  [38;2;7;7;7m▄[38;2;7;7;7m▄[38;2;7;7;7m▄     
    [38;2;7;7;7m▄[38;2;7;7;7m[48;2;7;7;7m▀[0m[38;2;7;7;7m▄[38;2;7;7;7m▄[38;2;7;7;7m[48;2;7;7;7m▀[0m[38;2;7;7;7m▄ [38;2;7;7;7m▀[38;2;7;7;7m▀[38;2;7;7;7m[48;2;7;7;7m▀[0m[38;2;7;7;7m[48;2;241;202;79m▀[0m[38;2;7;7;7m▄
  [38;2;7;7;7m▄[38;2;7;7;7m[48;2;83;89;117m▀[0m[38;2;225;228;238m[48;2;225;228;238m▀[0m[38;2;225;228;238m[48;2;225;228;238m▀[0m[38;2;225;228;238m[48;2;225;228;238m▀[0m[38;2;225;228;238m[48;2;225;228;238m▀[0m[38;2;225;228;238m[48;2;225;228;238m▀[0m[38;2;225;228;238m[48;2;225;228;238m▀[0m[38;2;7;7;7m[48;2;225;228;238m▀[0m[38;2;7;7;7m▄  [38;2;7;7;7m▀[38;2;7;7;7m▀
  [38;2;7;7;7m[48;2;7;7;7m▀[0m[38;2;241;202;79m[48;2;241;202;79m▀[0m[38;2;83;89;117m[48;2;83;89;117m▀[0m[38;2;225;228;238m[48;2;83;89;117m▀[0m[38;2;225;228;238m[48;2;83;89;117m▀[0m[38;2;83;89;117m[48;2;241;202;79m▀[0m[38;2;83;89;117m[48;2;241;202;79m▀[0m[38;2;225;228;238m[48;2;83;89;117m▀[0m[38;2;225;228;238m[48;2;225;228;238m▀[0m[38;2;7;7;7m[48;2;7;7;7m▀[0m    
  [38;2;7;7;7m[48;2;7;7;7m▀[0m[38;2;83;89;117m[48;2;225;228;238m▀[0m[38;2;225;228;238m[48;2;225;228;238m▀[0m[38;2;225;228;238m[48;2;225;228;238m▀[0m[38;2;83;89;117m[48;2;225;228;238m▀[0m[38;2;241;202;79m[48;2;83;89;117m▀[0m[38;2;241;202;79m[48;2;83;89;117m▀[0m[38;2;83;89;117m[48;2;225;228;238m▀[0m[38;2;225;228;238m[48;2;167;174;191m▀[0m[38;2;49;51;56m[48;2;49;51;56m▀[0m[38;2;7;7;7m[48;2;205;168;52m▀[0m[38;2;7;7;7m▄  
   [38;2;7;7;7m▀[38;2;225;228;238m[48;2;7;7;7m▀[0m[38;2;83;89;117m[48;2;167;174;191m▀[0m[38;2;225;228;238m[48;2;167;174;191m▀[0m[38;2;225;228;238m[48;2;167;174;191m▀[0m[38;2;225;228;238m[48;2;167;174;191m▀[0m[38;2;225;228;238m[48;2;49;51;56m▀[0m[38;2;49;51;56m[48;2;241;202;79m▀[0m[38;2;135;96;45m[48;2;135;96;45m▀[0m[38;2;205;168;52m[48;2;205;168;52m▀[0m[38;2;7;7;7m[48;2;7;7;7m▀[0m  
   [38;2;7;7;7m▄[38;2;7;7;7m[48;2;83;89;117m▀[0m[38;2;83;89;117m[48;2;167;174;191m▀[0m[38;2;83;89;117m[48;2;167;174;191m▀[0m[38;2;83;89;117m[48;2;167;174;191m▀[0m[38;2;49;51;56m[48;2;49;51;56m▀[0m[38;2;135;96;45m[48;2;135;96;45m▀[0m[38;2;205;168;52m[48;2;135;96;45m▀[0m[38;2;241;202;79m[48;2;205;168;52m▀[0m[38;2;205;168;52m[48;2;7;7;7m▀[0m[38;2;7;7;7m▀  
  [38;2;7;7;7m▀[38;2;167;174;191m[48;2;7;7;7m▀[0m[38;2;83;89;117m[48;2;49;51;56m▀[0m[38;2;225;228;238m[48;2;225;228;238m▀[0m[38;2;225;228;238m[48;2;225;228;238m▀[0m[38;2;167;174;191m[48;2;83;89;117m▀[0m[38;2;167;174;191m[48;2;167;174;191m▀[0m[38;2;49;51;56m[48;2;49;51;56m▀[0m[38;2;205;168;52m[48;2;7;7;7m▀[0m[38;2;205;168;52m[48;2;7;7;7m▀[0m[38;2;7;7;7m▀   
    [38;2;7;7;7m▀[38;2;7;7;7m▀[38;2;7;7;7m▀[38;2;167;174;191m[48;2;7;7;7m▀[0m[38;2;83;89;117m[48;2;7;7;7m▀[0m[38;2;7;7;7m▀      
[0m