
[38;2;8;12;2m  [38;2;32;46;10m          [38;2;5;9;0m  [38;2;1;2;0m  [38;2;32;46;10m                                    [38;2;8;12;2m  
[38;2;33;48;10m  [38;2;128;185;42m  [38;2;128;186;42m  [38;2;128;185;42m    [38;2;128;186;42m  [38;2;22;37;0m██[38;2;6;11;0m██[38;2;128;185;42m      [38;2;128;186;42m  [38;2;128;185;42m  [38;2;128;186;42m  [38;2;128;185;42m  [38;2;128;186;42m  [38;2;128;185;42m  [38;2;128;186;42m    [38;2;128;185;42m  [38;2;128;186;42m  [38;2;128;185;42m    [38;2;128;186;42m  [38;2;128;185;42m  [38;2;128;186;42m  [38;2;33;48;10m  
[38;2;33;48;10m  [38;2;128;185;42m  [38;2;128;186;42m  [38;2;128;185;42m  [38;2;128;186;42m    [38;2;37;57;6m  [38;2;59;98;0m██[38;2;52;75;17m  [38;2;128;185;42m  [38;2;128;186;42m        [38;2;111;161;36m  [38;2;28;43;7m████[38;2;96;139;31m    [38;2;99;144;32m  [38;2;128;186;42m  [38;2;128;185;42m  [38;2;128;186;42m    [38;2;128;185;42m  [38;2;128;186;42m  [38;2;33;48;10m  
[38;2;33;48;10m  [38;2;128;185;42m  [38;2;128;186;42m  [38;2;128;185;42m    [38;2;128;186;42m  [38;2;80;117;26m  [38;2;54;89;0m██[38;2;52;75;17m  [38;2;128;185;42m    [38;2;128;186;42m  [38;2;128;185;42m  [38;2;128;186;42m  [38;2;59;89;15m  [38;2;113;172;28m████[38;2;85;129;21m████[38;2;79;119;19m  [38;2;32;46;10m  [38;2;46;67;15m  [38;2;128;185;42m  [38;2;128;186;42m  [38;2;128;185;42m  [38;2;128;186;42m  [38;2;33;48;10m  
[38;2;33;48;10m  [38;2;128;185;42m  [38;2;118;172;38m  [38;2;36;56;7m  [38;2;106;155;35m  [38;2;128;186;42m  [38;2;66;97;19m  [38;2;55;92;0m██[38;2;114;53;61m██[38;2;118;172;38m  [38;2;128;186;42m        [38;2;59;89;14m██[38;2;100;151;21m██[38;2;97;101;29m██[38;2;94;98;26m████[38;2;100;154;21m████[38;2;89;136;18m██[38;2;23;37;1m██[38;2;36;56;7m  [38;2;96;139;31m  [38;2;128;186;42m  [38;2;33;48;10m  
[38;2;33;48;10m  [38;2;128;185;42m  [38;2;65;52;30m  [38;2;101;134;19m██[38;2;41;65;4m  [38;2;113;165;37m  [38;2;23;27;18m██[38;2;61;98;6m██[38;2;114;53;61m██[38;2;118;172;38m  [38;2;128;185;42m  [38;2;128;186;42m  [38;2;128;185;42m  [38;2;32;46;10m  [38;2;100;151;24m██[38;2;66;101;5m██[38;2;201;97;110m██[38;2;229;122;135m██[38;2;208;103;116m██[38;2;160;93;78m████[38;2;147;96;66m██[38;2;68;113;2m████[38;2;69;112;4m██[38;2;32;46;10m  [38;2;8;12;2m  
[38;2;33;48;10m  [38;2;103;149;33m  [38;2;48;76;8m██[38;2;110;168;24m██[38;2;109;166;25m██[38;2;27;44;3m██[38;2;100;134;26m██[38;2;84;99;55m██[38;2;99;59;50m  [38;2;120;175;39m  [38;2;128;186;42m      [38;2;0;0;0m██[38;2;107;162;24m██[38;2;111;109;41m██[38;2;240;133;146m██[38;2;172;70;83m██[38;2;241;133;146m██[38;2;237;129;142m██[38;2;205;101;114m██[38;2;194;91;104m██[38;2;161;75;86m██[38;2;124;64;65m  [38;2;32;46;10m  [38;2;69;112;4m██[38;2;17;29;1m  
[38;2;8;12;2m  [38;2;60;97;5m  [38;2;113;171;28m██[38;2;113;172;28m██[38;2;109;166;25m██[38;2;100;154;21m██[38;2;161;157;71m██[38;2;128;167;41m██[38;2;63;95;16m  [38;2;120;175;39m  [38;2;128;185;42m  [38;2;128;186;42m  [38;2;81;118;26m  [38;2;85;129;21m██[38;2;86;135;13m██[38;2;240;133;146m██[38;2;241;133;146m██[38;2;219;113;126m██[38;2;218;112;125m██[38;2;240;133;146m██[38;2;241;133;146m██[38;2;48;22;26m██[38;2;80;100;29m  [38;2;101;148;33m  [38;2;128;185;42m  [38;2;96;139;31m  [38;2;24;36;8m  
[38;2;7;11;1m  [38;2;204;207;199m██[38;2;110;168;24m██[38;2;114;171;28m██[38;2;100;153;22m██[38;2;125;169;61m██[38;2;202;224;170m██[38;2;113;171;28m██[38;2;105;163;19m██[38;2;28;45;1m██[38;2;110;160;36m  [38;2;97;141;31m  [38;2;69;105;17m██[38;2;100;154;21m██[38;2;176;121;93m██[38;2;241;133;146m██[38;2;240;133;146m██[38;2;235;127;141m██[38;2;210;105;118m██[38;2;240;133;146m██[38;2;89;49;54m██[38;2;128;185;42m  [38;2;128;186;42m    [38;2;128;185;42m  [38;2;128;186;42m  [38;2;33;48;10m  
[38;2;20;23;14m██[38;2;133;170;78m██[38;2;110;168;24m██[38;2;100;158;14m██[38;2;142;152;128m██[38;2;217;217;217m██[38;2;125;174;53m██[38;2;113;172;28m██[38;2;95;153;9m██[38;2;91;149;6m██[38;2;41;47;31m  [38;2;83;125;20m  [38;2;94;146;18m██[38;2;195;125;109m██[38;2;241;133;146m██[38;2;240;133;146m██[38;2;241;133;146m██[38;2;239;131;144m██[38;2;200;95;109m██[38;2;220;121;133m██[38;2;82;100;33m  [38;2;128;185;42m    [38;2;128;186;42m  [38;2;128;185;42m  [38;2;128;186;42m  [38;2;33;48;10m  
[38;2;8;12;2m  [38;2;45;48;40m  [38;2;109;122;90m██[38;2;101;145;37m██[38;2;117;161;53m██[38;2;149;192;84m██[38;2;106;155;33m██[38;2;109;167;23m██[38;2;85;126;26m██[38;2;77;91;55m██[38;2;108;164;25m██[38;2;100;154;21m██[38;2;142;94;63m██[38;2;229;122;135m██[38;2;241;133;146m████[38;2;240;133;146m████[38;2;197;92;106m██[38;2;164;93;98m  [38;2;92;134;30m  [38;2;128;185;42m  [38;2;128;186;42m    [38;2;128;185;42m  [38;2;128;186;42m  [38;2;33;48;10m  
[38;2;33;48;10m  [38;2;103;149;33m  [38;2;64;64;64m██[38;2;65;65;65m██[38;2;128;128;128m██[38;2;133;133;133m██[38;2;69;74;61m██[38;2;90;143;11m██[38;2;94;152;8m██[38;2;75;121;8m██[38;2;112;107;39m██[38;2;160;93;78m██[38;2;194;90;104m██[38;2;194;91;104m██[38;2;60;33;36m██████[38;2;241;133;146m██[38;2;197;92;106m██[38;2;14;20;4m  [38;2;128;186;42m  [38;2;128;185;42m    [38;2;128;186;42m  [38;2;128;185;42m  [38;2;128;186;42m  [38;2;33;48;10m  
[38;2;33;48;10m  [38;2;128;185;42m  [38;2;99;144;32m  [38;2;62;100;5m  [38;2;69;79;55m██[38;2;65;65;65m██████[38;2;88;137;14m██[38;2;144;90;56m██[38;2;190;87;100m██[38;2;194;91;104m██[38;2;90;57;45m  [38;2;32;46;10m  [38;2;128;186;42m      [38;2;32;46;10m    [38;2;128;186;42m    [38;2;128;185;42m  [38;2;128;186;42m    [38;2;128;185;42m  [38;2;128;186;42m  [38;2;33;48;10m  
[38;2;33;48;10m  [38;2;128;185;42m  [38;2;128;186;42m  [38;2;23;34;7m  [38;2;82;121;25m██[38;2;65;65;65m██████[38;2;76;99;40m██[38;2;91;149;6m██[38;2;179;76;90m██[38;2;53;25;28m██[38;2;111;161;36m  [38;2;128;186;42m  [38;2;128;185;42m  [38;2;128;186;42m  [38;2;128;185;42m  [38;2;128;186;42m    [38;2;128;185;42m  [38;2;128;186;42m  [38;2;128;185;42m    [38;2;128;186;42m  [38;2;128;185;42m  [38;2;128;186;42m  [38;2;33;48;10m  
[38;2;33;48;10m  [38;2;128;185;42m  [38;2;128;186;42m  [38;2;23;34;7m  [38;2;96;96;96m██[38;2;65;65;65m████████[38;2;90;143;10m██[38;2;82;121;25m██[38;2;2;3;1m██[38;2;128;186;42m            [38;2;128;185;42m  [38;2;128;186;42m    [38;2;128;185;42m  [38;2;128;186;42m    [38;2;128;185;42m  [38;2;128;186;42m  [38;2;33;48;10m  
[38;2;33;48;10m  [38;2;128;185;42m  [38;2;128;186;42m  [38;2;23;34;7m  [38;2;158;158;162m██[38;2;65;65;65m██[38;2;117;117;117m██[38;2;80;80;80m██[38;2;65;65;65m██[38;2;90;143;10m██[38;2;91;150;6m██[38;2;3;5;0m██[38;2;81;118;26m  [38;2;32;46;10m  [38;2;128;185;42m  [38;2;128;186;42m  [38;2;128;185;42m  [38;2;128;186;42m    [38;2;128;185;42m  [38;2;128;186;42m  [38;2;128;185;42m    [38;2;128;186;42m  [38;2;128;185;42m  [38;2;128;186;42m  [38;2;33;48;10m  
[38;2;33;48;10m  [38;2;128;185;42m  [38;2;128;186;42m  [38;2;128;185;42m  [38;2;25;30;18m██[38;2;66;68;63m██[38;2;99;99;101m██[38;2;212;225;194m██[38;2;89;122;42m██[38;2;93;151;7m██[38;2;88;140;12m██[38;2;72;87;49m██[38;2;56;91;3m██[38;2;92;150;6m██[38;2;66;96;21m  [38;2;128;186;42m      [38;2;128;185;42m  [38;2;128;186;42m    [38;2;128;185;42m  [38;2;128;186;42m    [38;2;128;185;42m  [38;2;128;186;42m  [38;2;33;48;10m  
[38;2;33;48;10m  [38;2;128;185;42m  [38;2;128;186;42m  [38;2;128;185;42m  [38;2;73;107;23m  [38;2;90;130;32m██[38;2;101;145;37m██[38;2;112;169;29m██[38;2;87;127;27m██[38;2;26;41;5m██[38;2;50;78;10m██[38;2;91;149;6m██[38;2;81;116;28m██[38;2;92;150;6m██[38;2;66;96;21m  [38;2;128;186;42m  [38;2;128;185;42m  [38;2;128;186;42m    [38;2;128;185;42m  [38;2;128;186;42m  [38;2;128;185;42m    [38;2;128;186;42m  [38;2;128;185;42m  [38;2;128;186;42m  [38;2;33;48;10m  
[38;2;33;48;10m  [38;2;128;185;42m  [38;2;128;186;42m  [38;2;128;185;42m  [38;2;128;186;42m  [38;2;46;67;15m  [38;2;20;29;6m  [38;2;56;65;43m██[38;2;37;43;29m██[38;2;118;172;38m  [38;2;85;123;27m  [38;2;48;48;47m  [38;2;92;149;6m██[38;2;0;0;0m██[38;2;128;186;42m        [38;2;128;185;42m  [38;2;128;186;42m    [38;2;128;185;42m  [38;2;128;186;42m    [38;2;128;185;42m  [38;2;128;186;42m  [38;2;33;48;10m  
[38;2;33;48;10m  [38;2;128;185;42m  [38;2;128;186;42m  [38;2;128;185;42m    [38;2;128;186;42m  [38;2;116;168;38m  [38;2;24;37;3m  [38;2;48;71;12m  [38;2;125;182;41m  [38;2;85;123;27m  [38;2;83;125;20m  [38;2;67;104;12m██[38;2;96;139;31m  [38;2;128;185;42m  [38;2;128;186;42m  [38;2;128;185;42m  [38;2;128;186;42m    [38;2;128;185;42m  [38;2;128;186;42m  [38;2;128;185;42m    [38;2;128;186;42m  [38;2;128;185;42m  [38;2;128;186;42m  [38;2;33;48;10m  
[38;2;33;48;10m  [38;2;128;185;42m  [38;2;128;186;42m  [38;2;128;185;42m  [38;2;128;186;42m          [38;2;128;185;42m  [38;2;71;103;23m  [38;2;109;165;26m██[38;2;59;89;14m██[38;2;128;186;42m          [38;2;128;185;42m  [38;2;128;186;42m    [38;2;128;185;42m  [38;2;128;186;42m    [38;2;128;185;42m  [38;2;128;186;42m  [38;2;33;48;10m  
[38;2;8;12;2m  [38;2;32;46;10m                  [38;2;17;25;5m  [38;2;27;41;6m  [38;2;14;22;3m  [38;2;32;46;10m                          [38;2;8;12;2m  [0m
