
[38;2;0;0;0m            [38;2;18;15;8m  [38;2;48;39;21m          [38;2;24;19;10m  [38;2;0;0;0m    [38;2;51;42;24m████[38;2;46;38;21m  [38;2;0;0;0m  [38;2;48;39;21m          [38;2;12;10;5m  
[38;2;0;0;0m            [38;2;73;60;32m  [38;2;204;175;124m  [38;2;205;177;128m      [38;2;51;42;23m  [38;2;101;83;46m  [38;2;152;126;71m██[38;2;94;76;40m██[38;2;159;126;55m██[38;2;100;91;72m██[38;2;158;124;52m██[38;2;112;86;30m██[38;2;48;39;21m    [38;2;205;177;128m    [38;2;202;173;118m  [38;2;50;41;22m  
[38;2;0;0;0m            [38;2;73;60;32m  [38;2;207;181;137m  [38;2;209;184;143m  [38;2;159;140;109m  [38;2;108;94;68m  [38;2;201;167;94m██[38;2;191;159;92m██[38;2;112;94;61m██[38;2;113;96;60m██[38;2;106;95;74m██[38;2;205;170;96m██[38;2;99;91;72m██[38;2;117;98;56m██[38;2;82;77;67m██[38;2;200;165;91m██[38;2;70;59;38m  [38;2;193;170;132m  [38;2;205;178;130m  [38;2;50;41;22m  
[38;2;0;0;0m            [38;2;73;60;32m  [38;2;207;181;137m  [38;2;143;126;97m  [38;2;48;48;47m  [38;2;177;147;83m██[38;2;205;170;96m██[38;2;131;108;61m██[38;2;87;78;59m██[38;2;188;157;92m██[38;2;205;170;96m██████[38;2;183;153;91m██[38;2;140;117;66m██[38;2;137;111;56m██[38;2;161;128;57m██[38;2;82;70;46m  [38;2;205;178;130m  [38;2;50;41;22m  
[38;2;0;0;0m            [38;2;73;60;32m  [38;2;160;140;105m  [38;2;49;43;33m██[38;2;171;144;87m██[38;2;147;124;76m██[38;2;90;82;67m██[38;2;96;83;56m██[38;2;149;114;41m██[38;2;147;124;76m██[38;2;205;170;96m████[38;2;204;169;95m██[38;2;189;154;80m██[38;2;196;161;87m██[38;2;105;93;68m██[38;2;128;102;46m██[38;2;143;111;42m██[38;2;42;34;18m  [38;2;50;41;22m  
[38;2;0;0;0m            [38;2;18;15;8m  [38;2;106;81;29m  [38;2;114;94;51m██[38;2;132;105;49m██[38;2;113;94;53m██[38;2;90;82;67m██[38;2;109;92;57m██[38;2;87;78;58m██[38;2;143;111;44m██[38;2;130;112;76m██[38;2;205;170;96m██[38;2;204;169;95m██[38;2;189;154;80m██[38;2;193;158;84m██[38;2;98;86;61m██[38;2;128;102;46m██[38;2;98;84;55m██[38;2;42;34;18m  [38;2;50;41;22m  
[38;2;0;0;0m            [38;2;14;10;3m  [38;2;138;106;37m██[38;2;128;102;46m██[38;2;76;72;64m██[38;2;111;99;74m██[38;2;203;168;95m██[38;2;165;139;85m██[38;2;136;107;48m██[38;2;109;90;52m██[38;2;147;113;42m██[38;2;150;126;77m██[38;2;171;144;86m██[38;2;111;94;62m██[38;2;138;107;44m██[38;2;121;98;49m██[38;2;135;108;52m██[38;2;176;146;85m██[38;2;97;84;59m██[38;2;0;0;0m  
[38;2;41;41;41m  [38;2;159;159;159m██[38;2;0;0;0m        [38;2;57;43;15m██[38;2;92;81;57m██[38;2;101;86;54m██[38;2;171;144;87m██[38;2;205;170;96m██████[38;2;177;148;88m██[38;2;120;98;53m██[38;2;90;79;57m██[38;2;142;111;45m██[38;2;132;105;49m██[38;2;86;77;58m██[38;2;92;81;57m██[38;2;142;110;43m██[38;2;114;99;70m██[38;2;194;159;85m██[38;2;144;116;59m██[38;2;0;0;0m  
[38;2;0;0;0m  [38;2;109;88;28m  [38;2;187;153;69m██[38;2;115;109;99m██[38;2;88;82;71m  [38;2;201;177;137m  [38;2;116;101;75m  [38;2;118;101;70m██[38;2;115;95;52m██[38;2;164;139;86m██[38;2;205;170;96m██████[38;2;177;148;88m██[38;2;132;105;50m██[38;2;66;65;64m██[38;2;86;77;58m██[38;2;92;81;57m██[38;2;142;110;45m██[38;2;132;105;51m██[38;2;124;102;56m██[38;2;121;98;50m██[38;2;156;129;73m██[38;2;195;160;86m██[38;2;48;38;19m██
[38;2;0;0;0m  [38;2;109;88;28m  [38;2;200;163;95m██[38;2;115;109;99m██[38;2;156;136;100m██[38;2;51;46;37m  [38;2;77;64;36m██[38;2;205;170;96m██[38;2;120;99;57m██[38;2;70;68;63m██[38;2;100;91;72m████[38;2;205;170;96m██[38;2;100;88;68m██[38;2;115;94;50m██[38;2;130;103;46m██[38;2;149;115;40m██[38;2;111;94;62m██[38;2;153;128;78m██[38;2;182;152;90m██[38;2;118;104;76m██[38;2;207;207;207m██[38;2;132;126;113m██[38;2;165;136;74m██[38;2;13;11;6m  
[38;2;41;41;41m  [38;2;159;159;159m██[38;2;145;118;47m██[38;2;201;164;93m██[38;2;147;125;79m██[38;2;189;155;82m██[38;2;127;111;78m██[38;2;201;167;95m██[38;2;144;127;86m██[38;2;109;105;84m██[38;2;243;225;144m████[38;2;109;105;84m██[38;2;110;104;83m██[38;2;105;89;53m██[38;2;150;115;40m██[38;2;120;99;57m██[38;2;205;170;96m████[38;2;200;166;94m██[38;2;170;143;88m██[38;2;129;119;89m██[38;2;236;213;133m██[38;2;85;81;66m██[38;2;0;0;0m  
[38;2;0;0;0m  [38;2;122;107;83m  [38;2;156;138;107m  [38;2;71;60;39m  [38;2;26;23;14m██[38;2;182;148;75m██[38;2;179;146;57m██[38;2;105;95;70m██[38;2;218;201;132m██[38;2;243;225;144m████████[38;2;242;223;142m██[38;2;118;101;55m██[38;2;147;113;42m██[38;2;150;126;77m██[38;2;205;170;96m████[38;2;115;107;91m██[38;2;185;166;129m██[38;2;243;225;144m████[38;2;105;95;68m██[38;2;0;0;0m  
[38;2;0;0;0m  [38;2;163;143;111m  [38;2;209;184;143m  [38;2;209;183;143m  [38;2;209;184;142m  [38;2;74;65;50m  [38;2;32;28;22m  [38;2;98;94;76m██[38;2;243;225;144m████████[38;2;201;169;99m██[38;2;164;118;34m██[38;2;211;172;97m██[38;2;67;66;64m██[38;2;150;126;77m██[38;2;205;170;96m██[38;2;200;165;91m██[38;2;189;158;91m██[38;2;163;150;104m██[38;2;243;225;144m██[38;2;167;153;104m██[38;2;214;204;184m██[38;2;54;44;25m██
[38;2;0;0;0m  [38;2;163;143;111m  [38;2;209;184;143m        [38;2;129;114;88m  [38;2;219;202;129m██[38;2;243;225;144m██████[38;2;179;137;58m██[38;2;242;177;155m██[38;2;187;152;48m██[38;2;211;172;97m██[38;2;169;141;87m██[38;2;93;83;64m██[38;2;202;167;93m██[38;2;193;158;84m██[38;2;186;151;77m██[38;2;166;137;75m██[38;2;114;108;85m██[38;2;135;122;87m██[38;2;185;152;84m██[38;2;50;40;15m██
[38;2;0;0;0m  [38;2;163;143;111m  [38;2;209;184;143m  [38;2;209;183;143m  [38;2;209;184;142m  [38;2;209;183;143m  [38;2;209;184;143m  [38;2;20;18;14m  [38;2;243;225;144m████[38;2;199;163;84m██[38;2;65;26;16m██[38;2;249;185;164m██[38;2;210;171;97m██[38;2;204;164;89m██[38;2;169;141;87m██[38;2;111;91;50m██[38;2;98;88;70m██[38;2;157;131;75m██[38;2;86;77;59m██[38;2;86;77;58m██[38;2;181;150;91m██[38;2;211;171;97m██[38;2;170;141;86m██[38;2;41;33;19m  
[38;2;0;0;0m  [38;2;163;143;111m  [38;2;209;184;143m          [38;2;20;18;14m  [38;2;243;225;144m████[38;2;182;137;61m██[38;2;221;153;89m██[38;2;175;132;65m██[38;2;170;123;46m██[38;2;145;121;76m██[38;2;130;94;38m██[38;2;96;76;35m██[38;2;128;102;46m████[38;2;119;87;21m██[38;2;86;77;58m██[38;2;181;168;115m██[38;2;67;57;39m██[38;2;47;43;36m  [38;2;40;35;27m  
[38;2;0;0;0m  [38;2;163;143;111m  [38;2;209;184;143m  [38;2;209;183;143m  [38;2;209;184;142m  [38;2;209;183;143m  [38;2;209;184;143m  [38;2;67;59;46m  [38;2;147;120;42m██[38;2;177;139;43m██[38;2;197;155;80m██[38;2;181;111;56m██[38;2;249;129;133m██[38;2;171;143;88m██[38;2;85;65;33m██[38;2;53;51;46m██[38;2;134;99;25m██[38;2;116;81;7m██[38;2;108;78;15m██[38;2;128;121;93m██[38;2;243;225;144m████[38;2;115;106;68m██[38;2;168;148;115m  [38;2;54;47;37m  
[38;2;0;0;0m  [38;2;163;143;111m  [38;2;209;184;143m          [38;2;67;59;46m  [38;2;147;120;42m██[38;2;91;78;55m██[38;2;230;118;111m██[38;2;254;219;223m██[38;2;58;36;29m██[38;2;19;18;18m  [38;2;156;138;107m  [38;2;149;131;101m  [38;2;32;23;5m██[38;2;33;25;6m██[38;2;137;116;74m██[38;2;222;190;114m██[38;2;243;225;144m██████[38;2;45;40;31m  [38;2;54;47;37m  
[38;2;0;0;0m  [38;2;163;143;111m  [38;2;209;184;143m  [38;2;209;183;143m  [38;2;209;184;142m  [38;2;209;183;143m  [38;2;149;131;102m  [38;2;149;148;147m  [38;2;109;98;65m██[38;2;158;132;54m██[38;2;77;77;77m██[38;2;52;46;36m  [38;2;209;184;143m      [38;2;209;183;143m  [38;2;209;184;143m  [38;2;193;170;132m  [38;2;117;97;59m  [38;2;208;169;92m██[38;2;217;189;99m██[38;2;234;210;130m██[38;2;179;152;87m██[38;2;86;76;59m  [38;2;54;47;37m  
[38;2;0;0;0m  [38;2;163;143;111m  [38;2;209;184;143m          [38;2;161;142;110m  [38;2;113;102;84m  [38;2;18;18;18m██[38;2;100;92;78m  [38;2;207;183;142m  [38;2;209;183;143m  [38;2;209;184;143m      [38;2;209;183;143m  [38;2;209;184;143m  [38;2;79;69;54m  [38;2;211;171;97m██[38;2;207;168;89m██[38;2;209;171;95m██[38;2;61;50;25m██[38;2;209;183;143m  [38;2;54;47;37m  
[38;2;0;0;0m  [38;2;122;107;83m  [38;2;156;138;107m                              [38;2;141;124;96m  [38;2;118;118;118m  [38;2;149;122;44m██[38;2;173;145;82m██[38;2;192;166;88m██[38;2;175;168;144m██[38;2;34;30;23m  [38;2;40;35;27m  
[38;2;0;0;0m                                      [38;2;8;8;8m  [38;2;21;21;21m  [38;2;52;52;52m  [38;2;0;0;0m      [0m
