
[38;2;0;0;0m            [38;2;15;18;20m  [38;2;0;0;0m          [38;2;25;29;34m██[38;2;0;0;0m                    
[38;2;0;0;0m        [38;2;26;31;35m  [38;2;48;67;91m██[38;2;61;71;83m██[38;2;3;5;7m  [38;2;0;0;0m      [38;2;76;89;102m██[38;2;97;114;131m██[38;2;73;85;97m  [38;2;0;0;0m                  
[38;2;0;0;0m      [38;2;24;28;32m  [38;2;136;130;109m██[38;2;206;167;84m██[38;2;60;74;92m██[38;2;23;23;24m██[38;2;0;0;0m    [38;2;14;16;18m  [38;2;97;115;131m██████[38;2;59;69;79m██[38;2;0;0;0m                
[38;2;0;0;0m      [38;2;53;72;97m██[38;2;68;77;86m██[38;2;96;88;72m██[38;2;60;74;93m██[38;2;58;77;103m██[38;2;30;30;30m  [38;2;0;0;0m  [38;2;71;90;111m██[38;2;97;115;131m██[38;2;97;114;131m██[38;2;97;115;131m████[38;2;0;0;0m                
[38;2;0;0;0m    [38;2;17;24;35m██[38;2;63;67;73m██[38;2;60;74;92m██[38;2;207;163;79m██[38;2;148;131;89m██[38;2;64;65;67m██[38;2;76;81;87m██[38;2;65;65;65m██[38;2;56;81;115m██[38;2;84;103;125m██[38;2;91;109;128m██[38;2;97;115;131m████[38;2;78;96;116m██[38;2;52;40;27m██[38;2;9;7;4m  [38;2;69;57;32m    [38;2;21;17;9m  [38;2;0;0;0m    
[38;2;0;0;0m    [38;2;17;24;35m██[38;2;57;80;109m██[38;2;64;65;67m██[38;2;72;89;106m██[38;2;81;75;65m██[38;2;90;104;116m██[38;2;97;115;131m██[38;2;66;67;67m██[38;2;56;81;115m████[38;2;59;84;116m██[38;2;97;115;131m████[38;2;63;68;75m██[38;2;74;78;84m██[38;2;160;119;69m  [38;2;143;119;67m  [38;2;205;170;96m  [38;2;62;51;29m  [38;2;0;0;0m    
[38;2;0;0;0m    [38;2;17;24;35m██[38;2;56;81;115m██[38;2;61;72;88m██[38;2;61;71;85m██[38;2;71;79;88m██[38;2;96;113;130m██[38;2;91;109;128m██[38;2;62;72;85m██[38;2;58;78;105m██[38;2;56;81;115m████[38;2;58;82;114m  [38;2;72;82;93m██[38;2;60;75;94m██[38;2;63;67;72m██[38;2;159;105;40m██[38;2;104;72;33m██[38;2;140;116;65m  [38;2;62;51;29m  [38;2;0;0;0m    
[38;2;0;0;0m    [38;2;1;2;3m  [38;2;48;69;97m██[38;2;59;76;97m██[38;2;64;66;69m██[38;2;57;80;111m██[38;2;60;85;116m██[38;2;59;83;115m██[38;2;56;81;115m██[38;2;61;73;88m██[38;2;56;81;115m████[38;2;57;81;114m██[38;2;61;72;87m██[38;2;58;79;106m██[38;2;60;74;94m██[38;2;73;68;62m██[38;2;126;89;45m██[38;2;35;29;16m  [38;2;62;51;29m  [38;2;0;0;0m    
[38;2;0;0;0m      [38;2;84;66;43m██[38;2;59;77;101m██[38;2;61;73;89m██[38;2;59;77;102m██[38;2;56;81;115m████[38;2;60;75;94m██[38;2;62;69;78m██[38;2;56;81;115m██████[38;2;59;76;98m██[38;2;64;65;67m██[38;2;86;78;68m██[38;2;151;100;37m██[38;2;127;99;66m██[38;2;55;45;32m  [38;2;36;30;16m  [38;2;0;0;0m    
[38;2;0;0;0m    [38;2;44;28;10m  [38;2;153;99;35m██[38;2;64;65;66m██[38;2;64;66;68m██[38;2;147;117;81m██[38;2;64;66;68m████[38;2;96;81;66m██[38;2;109;82;50m██[38;2;56;81;115m████████[38;2;65;65;65m██[38;2;119;86;47m██[38;2;116;92;68m██[38;2;191;137;73m██[38;2;168;125;73m██[38;2;0;0;0m      
[38;2;0;0;0m    [38;2;25;16;5m  [38;2;81;70;57m██[38;2;123;88;46m██[38;2;191;144;87m██[38;2;210;156;91m██[38;2;210;156;90m██[38;2;210;156;91m████[38;2;126;91;52m██[38;2;65;65;65m██[38;2;60;74;91m██[38;2;62;74;90m██[38;2;106;81;51m██[38;2;107;81;51m  [38;2;138;94;41m██[38;2;127;93;54m██[38;2;179;131;73m██[38;2;176;127;68m██[38;2;25;18;8m  [38;2;0;0;0m    
[38;2;0;0;0m    [38;2;62;46;27m  [38;2;207;154;90m██[38;2;63;71;81m██[38;2;66;68;71m██[38;2;210;156;90m██[38;2;210;156;91m██[38;2;210;156;90m██[38;2;106;87;68m██[38;2;108;82;51m██[38;2;65;65;65m██[38;2;153;100;36m████[38;2;124;91;53m██[38;2;110;89;68m██[38;2;142;111;75m██[38;2;66;65;64m██[38;2;159;124;81m██[38;2;188;134;69m██[38;2;63;47;27m██[38;2;0;0;0m    
[38;2;27;27;27m  [38;2;189;189;189m██[38;2;173;96;77m██[38;2;90;80;69m██[38;2;56;82;115m██[38;2;60;74;93m██[38;2;144;115;101m████[38;2;137;110;78m██[38;2;64;75;89m██[38;2;60;73;91m██[38;2;155;101;36m██[38;2;140;96;44m██[38;2;155;119;79m██[38;2;186;140;85m██[38;2;210;156;91m██████[38;2;162;126;82m██[38;2;113;91;64m██[38;2;0;0;0m      
[38;2;0;0;0m  [38;2;120;54;54m  [38;2;148;108;78m██[38;2;64;65;65m██[38;2;59;76;97m██[38;2;202;151;127m██[38;2;222;165;137m██[38;2;220;163;135m██[38;2;61;72;87m██[38;2;56;81;115m██[38;2;57;81;114m██[38;2;66;65;64m██[38;2;126;92;52m██[38;2;210;156;90m████[38;2;209;156;91m████[38;2;210;155;90m██[38;2;208;154;90m██[38;2;171;127;74m██[38;2;0;0;0m      
[38;2;0;0;0m    [38;2;78;60;46m██[38;2;58;79;106m██[38;2;92;88;93m██[38;2;213;159;132m██[38;2;189;143;121m██[38;2;67;77;92m██[38;2;58;78;103m██[38;2;61;72;88m██[38;2;129;98;75m██[38;2;106;81;51m██[38;2;157;121;79m██[38;2;210;156;90m██[38;2;210;156;91m██[38;2;209;156;91m██[38;2;210;156;91m██[38;2;199;149;89m██[38;2;143;114;94m██[38;2;145;113;98m██[38;2;36;27;22m  [38;2;0;0;0m    
[38;2;0;0;0m  [38;2;2;3;5m██[38;2;140;140;140m██[38;2;47;68;95m██[38;2;119;99;90m██[38;2;223;165;137m██[38;2;155;122;107m██[38;2;57;80;110m██[38;2;154;148;147m██[38;2;161;78;78m██[38;2;185;127;84m██[38;2;65;65;65m██[38;2;123;90;53m██[38;2;209;155;90m██[38;2;194;140;75m██[38;2;206;152;87m██[38;2;199;145;80m██[38;2;184;140;86m██[38;2;171;132;113m██[38;2;222;164;136m██[38;2;198;143;106m██[38;2;11;11;11m  [38;2;0;0;0m  
[38;2;0;0;0m  [38;2;44;64;89m██[38;2;42;52;66m██[38;2;62;70;82m██[38;2;179;137;117m██[38;2;223;165;137m██[38;2;61;71;84m██[38;2;26;38;54m██[38;2;255;166;147m██[38;2;176;110;86m██[38;2;151;109;78m██[38;2;60;74;94m██[38;2;99;79;56m██[38;2;148;115;77m██[38;2;196;142;77m██[38;2;115;92;65m██[38;2;118;96;69m██[38;2;82;75;70m██[38;2;200;142;106m██[38;2;205;153;119m██[38;2;246;238;233m██[38;2;199;199;199m██[38;2;0;0;0m  
[38;2;0;0;0m    [38;2;53;76;106m██[38;2;63;67;73m██[38;2;223;165;137m██[38;2;222;165;137m██[38;2;132;99;74m██[38;2;221;92;65m██[38;2;161;162;163m██[38;2;64;66;70m██[38;2;61;73;89m██[38;2;77;71;66m██[38;2;92;65;34m██[38;2;74;68;62m████[38;2;151;97;33m██[38;2;145;97;38m██[38;2;101;96;93m██[38;2;248;248;248m██[38;2;3;2;1m  [38;2;165;164;162m  [38;2;229;229;229m██[38;2;59;59;59m  
[38;2;0;0;0m    [38;2;17;24;35m██[38;2;63;67;73m██[38;2;188;118;98m██[38;2;184;111;97m██[38;2;70;73;73m  [38;2;60;75;96m██[38;2;58;78;104m██[38;2;56;81;114m██[38;2;98;86;80m██[38;2;110;88;72m██[38;2;121;77;24m██[38;2;133;79;14m████[38;2;92;71;47m██[38;2;162;127;109m██[38;2;215;160;133m██[38;2;119;107;101m██[38;2;140;116;65m  [38;2;62;51;29m  [38;2;0;0;0m    
[38;2;0;0;0m    [38;2;2;2;2m  [38;2;49;67;90m██[38;2;111;95;88m██[38;2;81;78;80m██[38;2;57;82;115m██[38;2;58;79;108m██[38;2;81;73;67m████[38;2;118;93;76m██[38;2;63;67;72m██[38;2;127;80;24m██[38;2;104;58;2m██[38;2;95;70;42m██[38;2;222;165;137m██[38;2;223;165;137m████[38;2;198;140;102m██[38;2;30;25;14m  [38;2;53;44;25m  [38;2;0;0;0m    
[38;2;0;0;0m    [38;2;19;19;19m██[38;2;65;65;65m██[38;2;64;67;70m██[38;2;62;70;81m████[38;2;137;102;77m██[38;2;150;109;78m██[38;2;105;86;71m██[38;2;58;78;106m██[38;2;56;81;115m██[38;2;40;47;58m██[38;2;0;0;0m  [38;2;114;81;57m██[38;2;183;108;97m██[38;2;223;165;137m██[38;2;217;156;131m██[38;2;183;118;87m██[38;2;0;0;0m        
[38;2;0;0;0m        [38;2;57;57;57m██[38;2;65;65;65m██[38;2;57;59;61m██[38;2;63;68;73m██[38;2;56;67;82m██[38;2;2;2;4m  [38;2;46;67;94m██[38;2;56;81;115m██[38;2;0;0;0m      [38;2;183;123;83m██[38;2;176;109;79m██[38;2;165;87;74m██[38;2;64;44;29m██[38;2;0;0;0m        
[38;2;0;0;0m        [38;2;6;6;6m  [38;2;19;19;19m██[38;2;6;9;13m  [38;2;53;77;108m██[38;2;9;13;19m  [38;2;0;0;0m    [38;2;17;24;34m██[38;2;0;0;0m      [38;2;167;91;75m██[38;2;173;103;78m██[38;2;165;87;74m██[38;2;141;88;64m██[38;2;0;0;0m        
[38;2;0;0;0m                              [38;2;181;181;181m  [38;2;121;121;121m  [38;2;254;254;254m  [38;2;168;124;124m██[38;2;0;0;0m        
[38;2;0;0;0m                                  [38;2;66;66;66m██[38;2;23;23;23m  [38;2;0;0;0m        [0m
