
[38;2;0;0;0m                      [38;2;9;9;9m  [38;2;22;22;22m██[38;2;0;0;0m                      
[38;2;0;0;0m            [38;2;68;22;27m  [38;2;8;8;8m  [38;2;51;51;51m██[38;2;0;0;0m    [38;2;22;23;23m██[38;2;168;172;170m██[38;2;118;121;120m  [38;2;0;0;0m                    
[38;2;0;0;0m            [38;2;126;41;50m██[38;2;147;146;145m██[38;2;172;173;173m██[38;2;14;13;13m  [38;2;36;43;41m  [38;2;220;225;226m██[38;2;111;108;112m██[38;2;117;117;117m██[38;2;81;85;84m██[38;2;27;27;27m██[38;2;140;139;139m██[38;2;120;119;119m██[38;2;16;16;16m██[38;2;136;139;138m██[38;2;38;38;38m  [38;2;0;0;0m      
[38;2;0;0;0m          [38;2;138;44;53m  [38;2;22;7;8m  [38;2;31;27;24m██[38;2;124;124;124m██[38;2;159;173;188m██[38;2;36;122;224m██[38;2;130;101;106m██[38;2;116;83;90m██[38;2;201;206;211m██[38;2;227;237;235m██[38;2;149;152;151m██[38;2;114;90;86m██[38;2;79;76;76m██[38;2;144;143;143m██[38;2;158;160;159m██[38;2;154;154;154m██[38;2;0;56;119m  [38;2;0;0;0m    
[38;2;0;0;0m          [38;2;196;51;65m██[38;2;57;52;52m██[38;2;182;182;182m  [38;2;120;121;116m██[38;2;146;159;166m██[38;2;128;174;208m██[38;2;135;73;79m██[38;2;130;101;103m██[38;2;228;236;234m██[38;2;227;238;235m██[38;2;176;176;175m██[38;2;114;89;86m██[38;2;111;98;95m██[38;2;144;147;146m██[38;2;158;160;159m██[38;2;154;154;154m██[38;2;1;75;159m  [38;2;0;0;0m    
[38;2;0;0;0m          [38;2;196;51;65m██[38;2;124;122;121m██[38;2;77;72;66m██[38;2;124;170;239m██[38;2;82;158;239m██[38;2;114;120;118m██[38;2;211;84;96m██[38;2;139;139;133m██[38;2;228;236;234m████[38;2;180;183;182m██[38;2;73;70;70m██[38;2;207;213;211m██[38;2;69;66;66m██[38;2;187;190;189m██[38;2;192;197;195m██[38;2;1;75;159m  [38;2;0;0;0m    
[38;2;0;0;0m          [38;2;196;51;65m██[38;2;94;91;87m██[38;2;157;161;155m██[38;2;97;151;206m██[38;2;173;184;191m██[38;2;157;56;66m██[38;2;104;103;103m██[38;2;229;236;234m██[38;2;175;177;171m██[38;2;177;177;177m██[38;2;172;172;172m██[38;2;98;96;96m██[38;2;209;215;213m██[38;2;108;108;107m██[38;2;203;207;206m██[38;2;26;26;26m  [38;2;91;165;249m  [38;2;0;0;0m    
[38;2;0;0;0m        [38;2;65;17;21m  [38;2;199;52;66m██[38;2;154;157;153m██[38;2;58;124;239m██[38;2;161;199;236m██[38;2;83;79;77m██[38;2;157;56;66m██[38;2;104;103;102m██[38;2;229;236;234m██[38;2;179;180;180m██[38;2;103;101;101m██[38;2;124;123;123m██[38;2;212;217;215m██[38;2;151;153;152m██[38;2;186;192;190m██[38;2;131;133;130m██[38;2;197;197;197m  [38;2;90;109;130m  [38;2;139;143;142m██[38;2;0;0;0m  
[38;2;0;0;0m    [38;2;61;61;61m██[38;2;208;215;213m██[38;2;127;113;111m██[38;2;76;72;65m██[38;2;161;161;153m██[38;2;62;149;239m██[38;2;140;117;113m██[38;2;228;82;96m██[38;2;170;75;84m██[38;2;151;58;67m██[38;2;156;150;151m██[38;2;139;138;138m██[38;2;101;100;100m██[38;2;164;167;166m██[38;2;178;184;182m██[38;2;130;131;130m██[38;2;169;170;170m██[38;2;111;109;109m██[38;2;57;59;58m██[38;2;162;169;167m██[38;2;100;102;101m  [38;2;0;0;0m  
[38;2;0;0;0m    [38;2;144;144;144m██[38;2;115;109;107m██[38;2;123;59;65m██[38;2;76;72;65m██[38;2;229;235;234m██[38;2;103;105;103m██[38;2;152;63;71m██[38;2;96;70;71m██[38;2;94;93;83m██[38;2;75;66;67m██[38;2;155;155;154m██[38;2;176;181;180m██[38;2;223;229;227m██[38;2;122;122;122m██[38;2;146;149;148m██[38;2;94;88;88m██[38;2;94;92;92m██[38;2;145;145;145m██[38;2;179;181;180m██[38;2;63;64;63m██[38;2;2;0;0m  [38;2;0;0;0m  
[38;2;0;0;0m    [38;2;122;121;117m██[38;2;126;98;88m██[38;2;105;87;79m██[38;2;194;64;67m██[38;2;111;73;66m██[38;2;230;75;90m██[38;2;134;66;72m██[38;2;99;63;70m██[38;2;109;69;95m██[38;2;212;78;114m██[38;2;101;67;74m██[38;2;186;192;190m██[38;2;98;90;88m██[38;2;113;113;113m██[38;2;185;190;188m██[38;2;209;215;213m██[38;2;107;107;106m██[38;2;107;106;106m██[38;2;100;100;99m██[38;2;23;77;140m  [38;2;0;0;0m    
[38;2;0;0;0m  [38;2;62;62;54m  [38;2;98;92;84m██[38;2;39;32;29m██[38;2;132;89;78m██[38;2;100;70;62m██[38;2;146;57;65m██[38;2;191;53;66m██[38;2;110;48;54m██[38;2;50;17;23m██[38;2;59;21;47m██[38;2;107;71;62m██[38;2;132;93;86m██[38;2;115;90;86m██[38;2;129;97;92m██[38;2;96;79;77m██[38;2;140;144;142m██[38;2;145;148;146m██[38;2;208;225;234m██[38;2;154;195;236m██[38;2;227;237;235m██[38;2;164;168;167m██[38;2;0;0;0m    
[38;2;27;27;24m██[38;2;82;82;71m██[38;2;0;0;0m    [38;2;64;58;52m██[38;2;58;51;45m██[38;2;67;21;26m  [38;2;73;28;33m██[38;2;93;58;62m  [38;2;191;191;191m    [38;2;60;60;60m  [38;2;131;115;109m██[38;2;150;127;121m██[38;2;131;101;100m██[38;2;110;107;100m██[38;2;69;66;66m██[38;2;137;148;146m██[38;2;51;140;239m██[38;2;139;171;221m██[38;2;189;203;199m██[38;2;141;161;183m██[38;2;139;140;140m██[38;2;0;0;0m  
[38;2;6;6;6m  [38;2;4;4;4m  [38;2;0;0;0m  [38;2;69;69;60m  [38;2;70;68;60m██[38;2;0;0;0m    [38;2;2;88;185m  [38;2;39;73;112m  [38;2;158;162;160m██[38;2;63;62;57m██[38;2;73;69;67m  [38;2;144;124;117m██[38;2;138;123;113m██[38;2;95;87;75m██[38;2;204;209;206m██[38;2;79;68;69m██[38;2;121;168;215m██[38;2;54;143;241m██[38;2;207;227;223m██[38;2;151;151;149m██[38;2;40;116;198m██[38;2;120;121;114m██[38;2;35;35;35m  
[38;2;0;0;0m      [38;2;92;92;80m██[38;2;0;0;0m        [38;2;25;25;25m  [38;2;188;192;191m██[38;2;125;126;122m██[38;2;125;110;100m██[38;2;120;117;110m██[38;2;152;154;148m██[38;2;194;198;196m██[38;2;140;141;141m██[38;2;218;225;223m██[38;2;231;235;234m██[38;2;179;195;190m██[38;2;144;145;141m██[38;2;160;161;161m██[38;2;123;125;118m██[38;2;121;122;114m██[38;2;35;35;35m  
[38;2;0;0;0m      [38;2;23;23;20m  [38;2;0;0;0m      [38;2;48;48;48m██[38;2;155;155;155m██[38;2;80;78;77m██[38;2;193;205;202m██[38;2;200;206;201m██[38;2;181;184;183m██[38;2;106;103;101m██[38;2;105;104;100m██[38;2;93;85;82m██[38;2;109;107;106m██[38;2;107;107;106m██[38;2;227;234;232m██[38;2;164;167;165m██[38;2;104;104;104m██[38;2;139;140;139m██[38;2;40;37;35m  [38;2;0;0;0m  
[38;2;0;0;0m            [38;2;16;12;12m  [38;2;147;146;146m██[38;2;110;101;102m██[38;2;172;174;173m██[38;2;188;197;195m██[38;2;173;176;174m██[38;2;83;80;79m██[38;2;113;95;92m██[38;2;211;217;215m██[38;2;117;108;109m██[38;2;133;118;112m██[38;2;156;136;127m██[38;2;90;83;81m██[38;2;160;160;160m██[38;2;150;151;147m██[38;2;125;126;123m██[38;2;0;0;0m    
[38;2;0;0;0m            [38;2;84;80;79m██[38;2;107;99;97m██[38;2;47;41;41m██[38;2;122;120;120m██[38;2;178;183;182m██[38;2;143;146;141m██[38;2;104;90;88m██[38;2;112;104;103m██[38;2;222;229;227m██[38;2;102;99;96m██[38;2;92;91;91m██[38;2;121;107;102m██[38;2;155;135;126m██[38;2;110;102;99m██[38;2;96;96;85m██[38;2;15;15;15m  [38;2;0;0;0m    
[38;2;0;0;0m              [38;2;127;119;116m  [38;2;2;0;0m  [38;2;7;6;6m  [38;2;133;135;134m██[38;2;80;79;76m  [38;2;0;0;0m  [38;2;40;40;40m  [38;2;143;142;142m██[38;2;82;81;75m██[38;2;93;91;90m██[38;2;112;111;109m██[38;2;75;73;70m██[38;2;81;79;79m██[38;2;0;0;0m        
[38;2;0;0;0m                            [38;2;14;13;13m  [38;2;66;67;60m██[38;2;162;162;162m██[38;2;84;82;76m██[38;2;77;75;72m██[38;2;160;160;160m██[38;2;116;116;116m  [38;2;0;0;0m      
[38;2;0;0;0m                                  [38;2;90;90;79m██[38;2;1;0;0m  [38;2;50;46;46m██[38;2;116;116;116m  [38;2;0;0;0m      
[38;2;0;0;0m                                  [38;2;13;13;11m  [38;2;0;0;0m            [0m
