
[38;2;0;0;0m      [38;2;37;20;33m  [38;2;19;7;16m  [38;2;1;0;0m  [38;2;40;22;36m                [38;2;1;0;0m  [38;2;40;22;36m      [38;2;33;18;30m  [38;2;0;0;0m  
[38;2;0;0;0m      [38;2;148;83;135m  [38;2;75;29;65m██[38;2;4;2;3m  [38;2;161;89;146m      [38;2;160;89;146m  [38;2;161;89;146m      [38;2;109;61;99m  [38;2;157;75;139m  [38;2;103;57;93m  [38;2;161;89;146m    [38;2;132;74;120m  [38;2;0;0;0m  
[38;2;12;12;12m  [38;2;44;44;46m    [38;2;3;3;3m  [38;2;162;60;131m██[38;2;36;13;31m  [38;2;120;67;109m  [38;2;112;65;102m  [38;2;52;51;54m██[38;2;52;51;53m██[38;2;105;63;97m  [38;2;120;67;109m  [38;2;155;87;141m  [38;2;92;51;83m  [38;2;208;99;185m██[38;2;88;47;80m  [38;2;161;89;146m    [38;2;140;82;128m  [38;2;12;12;12m  
[38;2;49;48;51m  [38;2;178;178;186m    [38;2;13;13;14m  [38;2;172;56;107m██[38;2;105;75;98m██[38;2;156;155;162m██[38;2;162;161;168m██[38;2;208;207;216m████[38;2;167;166;174m██[38;2;156;155;162m██[38;2;54;39;52m  [38;2;91;45;81m  [38;2;212;101;188m██[38;2;101;48;90m██[38;2;161;89;146m    [38;2;164;105;153m  [38;2;49;48;51m  
[38;2;49;48;51m  [38;2;178;178;187m    [38;2;20;13;14m  [38;2;113;83;108m██[38;2;208;207;216m██[38;2;208;207;215m██[38;2;208;207;216m██[38;2;208;207;215m██[38;2;208;207;216m██[38;2;208;207;215m██[38;2;202;201;211m██[38;2;183;179;189m██[38;2;151;85;139m██[38;2;189;57;76m██[38;2;101;48;90m██[38;2;161;89;146m    [38;2;123;79;114m  [38;2;36;36;38m  
[38;2;49;48;51m  [38;2;178;178;186m  [38;2;128;127;134m  [38;2;50;48;49m  [38;2;136;130;139m██[38;2;207;206;216m██[38;2;208;207;215m██[38;2;208;207;216m██[38;2;212;211;219m██[38;2;125;121;128m██[38;2;208;207;216m██[38;2;168;167;175m██[38;2;171;95;156m██[38;2;218;93;158m██[38;2;192;54;75m██[38;2;101;48;90m██[38;2;161;89;146m  [38;2;85;47;77m  [38;2;155;155;162m██[38;2;42;42;44m  
[38;2;49;48;51m  [38;2;178;178;187m  [38;2;128;127;134m  [38;2;153;75;137m  [38;2;126;109;129m██[38;2;201;200;210m██[38;2;192;191;200m██[38;2;208;207;216m██[38;2;112;108;114m██[38;2;127;134;146m██[38;2;152;152;158m██[38;2;173;172;179m██[38;2;170;96;154m██[38;2;227;63;87m██[38;2;198;65;103m██[38;2;92;45;81m██[38;2;148;83;135m  [38;2;130;129;135m██[38;2;136;135;141m  [38;2;12;12;12m  
[38;2;49;48;51m  [38;2;178;178;186m    [38;2;13;13;14m  [38;2;195;99;176m██[38;2;103;93;112m██[38;2;192;191;200m██[38;2;194;193;201m██[38;2;115;121;123m██[38;2;127;138;140m██[38;2;70;70;71m██[38;2;193;192;203m██[38;2;83;82;84m██[38;2;201;73;113m██[38;2;216;101;192m██[38;2;106;107;118m██[38;2;48;32;45m  [38;2;188;187;195m██[38;2;31;31;32m  [38;2;49;48;51m  
[38;2;49;48;51m  [38;2;178;178;187m  [38;2;162;161;169m  [38;2;55;55;53m  [38;2;162;104;149m██[38;2;214;101;190m██[38;2;147;132;149m██[38;2;72;73;74m██[38;2;125;113;118m██[38;2;90;84;86m██[38;2;159;162;163m██[38;2;112;111;114m██[38;2;83;82;84m██[38;2;194;102;174m██[38;2;110;98;112m██[38;2;208;207;216m████[38;2;205;203;214m██[38;2;128;126;137m██[38;2;14;14;14m  
[38;2;49;48;51m  [38;2;178;178;186m  [38;2;111;111;116m  [38;2;154;152;167m██[38;2;104;56;92m██[38;2;208;68;105m██[38;2;194;100;174m██[38;2;172;90;155m██[38;2;167;87;146m██[38;2;166;88;146m██[38;2;176;98;161m██[38;2;112;111;114m██[38;2;176;175;183m██[38;2;133;115;132m██[38;2;209;208;216m██[38;2;177;176;189m██[38;2;190;189;201m██[38;2;193;192;203m██[38;2;177;175;185m██[38;2;56;56;59m██
[38;2;49;48;51m  [38;2;178;178;187m    [38;2;56;42;53m  [38;2;128;120;130m██[38;2;179;60;79m██[38;2;192;82;135m██[38;2;185;94;166m██[38;2;136;106;130m██[38;2;127;108;123m██[38;2;195;93;174m██[38;2;112;111;114m██[38;2;208;207;216m██[38;2;126;125;129m██[38;2;194;193;204m██[38;2;200;199;210m██[38;2;167;165;181m██[38;2;196;195;206m██[38;2;135;135;141m  [38;2;12;12;12m  
[38;2;49;48;51m  [38;2;178;178;186m    [38;2;50;34;47m  [38;2;112;109;114m██[38;2;86;65;82m██[38;2;165;147;161m██[38;2;112;83;106m██[38;2;146;143;145m██[38;2;228;211;224m██[38;2;99;63;92m██[38;2;184;183;190m██[38;2;208;207;216m██[38;2;108;107;114m██[38;2;175;174;188m██[38;2;182;181;194m██[38;2;206;205;215m██[38;2;200;199;209m██[38;2;131;130;137m  [38;2;12;12;12m  
[38;2;36;36;38m  [38;2;134;133;140m  [38;2;101;100;105m  [38;2;172;171;184m██[38;2;133;132;137m██[38;2;204;203;212m██[38;2;82;81;84m██[38;2;179;94;161m████[38;2;65;65;65m████[38;2;208;207;215m██[38;2;83;82;84m██[38;2;145;143;158m██[38;2;132;131;144m██[38;2;126;125;132m██[38;2;188;187;199m██[38;2;197;196;207m██[38;2;126;125;133m  [38;2;12;12;12m  
[38;2;42;42;44m  [38;2;156;155;162m██[38;2;133;132;138m██[38;2;173;171;184m██[38;2;127;125;133m██[38;2;202;201;211m██[38;2;146;145;158m██[38;2;154;153;162m██[38;2;161;160;168m██[38;2;58;83;90m██[38;2;21;98;118m██[38;2;135;134;139m██[38;2;162;161;170m██[38;2;124;122;128m██[38;2;172;171;178m██[38;2;134;133;138m██[38;2;207;206;216m██[38;2;204;203;213m██[38;2;119;118;126m  [38;2;12;12;12m  
[38;2;42;42;44m  [38;2;103;102;107m██[38;2;184;183;192m██[38;2;139;111;136m██[38;2;146;119;146m██[38;2;51;51;51m██[38;2;85;75;83m  [38;2;160;159;165m██[38;2;187;186;198m██[38;2;78;74;94m██[38;2;40;90;123m██[38;2;136;135;142m██[38;2;69;68;70m██[38;2;202;201;211m██[38;2;166;164;179m██[38;2;204;203;213m██[38;2;76;75;76m██[38;2;193;183;199m██[38;2;139;125;143m██[38;2;0;0;0m  
[38;2;35;35;38m  [38;2;129;128;144m██[38;2;127;125;136m██[38;2;199;198;207m██[38;2;56;55;57m██[38;2;120;67;109m  [38;2;74;41;67m  [38;2;144;143;151m██[38;2;153;151;167m██[38;2;160;84;147m██[38;2;160;87;147m██[38;2;75;74;76m██[38;2;162;161;168m██[38;2;157;155;165m██[38;2;201;199;210m██[38;2;144;141;154m██[38;2;68;67;68m██[38;2;120;80;113m██[38;2;51;38;49m  [38;2;36;36;38m  
[38;2;31;31;35m  [38;2;57;56;60m  [38;2;86;85;89m  [38;2;155;154;162m██[38;2;97;54;88m  [38;2;118;67;108m  [38;2;136;135;142m██[38;2;100;99;102m██[38;2;154;153;163m██[38;2;157;139;166m██[38;2;81;64;93m██[38;2;182;181;193m██[38;2;112;111;115m██[38;2;119;118;124m██[38;2;103;102;111m██[38;2;143;142;153m██[38;2;48;46;48m  [38;2;40;22;36m  [38;2;164;105;153m  [38;2;49;48;51m  
[38;2;36;36;38m  [38;2;171;170;178m  [38;2;162;161;169m  [38;2;121;72;111m  [38;2;161;89;146m  [38;2;4;4;5m██[38;2;194;193;203m██[38;2;187;186;199m██[38;2;143;141;157m██[38;2;173;172;185m██[38;2;42;42;49m██[38;2;168;165;179m██[38;2;194;192;202m██[38;2;142;141;146m██[38;2;101;100;103m██[38;2;153;152;162m██[38;2;12;6;10m  [38;2;161;89;146m  [38;2;164;105;153m  [38;2;49;48;51m  
[38;2;49;48;51m  [38;2;178;178;187m    [38;2;162;96;149m  [38;2;161;89;146m  [38;2;157;88;143m  [38;2;99;91;102m  [38;2;145;141;152m██[38;2;123;114;127m██[38;2;44;27;36m  [38;2;133;74;121m  [38;2;82;68;77m  [38;2;62;62;63m██[38;2;194;193;204m██[38;2;157;152;165m██[38;2;103;97;104m██[38;2;49;27;44m  [38;2;161;89;146m  [38;2;164;105;153m  [38;2;49;48;51m  
[38;2;12;12;12m  [38;2;44;44;46m    [38;2;152;86;138m  [38;2;161;89;146m  [38;2;157;88;143m  [38;2;86;35;75m  [38;2;138;62;123m██[38;2;133;50;116m██[38;2;67;37;61m  [38;2;161;89;146m  [38;2;147;82;134m  [38;2;120;67;109m  [38;2;71;65;73m██[38;2;97;66;90m██[38;2;92;57;83m██[38;2;49;27;44m  [38;2;161;89;146m  [38;2;140;82;128m  [38;2;12;12;12m  
[38;2;0;0;0m      [38;2;148;83;135m  [38;2;161;89;146m  [38;2;42;23;38m  [38;2;74;32;65m  [38;2;159;70;140m██[38;2;62;31;56m  [38;2;161;89;146m    [38;2;147;82;134m  [38;2;65;31;54m  [38;2;174;88;156m██[38;2;184;86;164m██[38;2;137;55;119m██[38;2;49;27;44m  [38;2;161;89;146m  [38;2;132;74;120m  [38;2;0;0;0m  
[38;2;0;0;0m      [38;2;37;20;33m  [38;2;40;22;36m  [38;2;39;21;35m  [38;2;23;12;20m  [38;2;0;0;0m  [38;2;27;15;24m  [38;2;40;22;36m    [38;2;27;15;24m  [38;2;45;23;40m  [38;2;38;18;34m██[38;2;19;14;18m██[38;2;18;7;16m  [38;2;40;22;36m    [38;2;33;18;30m  [38;2;0;0;0m  [0m
