
[38;2;0;0;0m                    [38;2;66;49;44m██[38;2;0;0;0m                                                  
[38;2;0;0;0m                    [38;2;162;145;141m██[38;2;185;185;185m  [38;2;0;0;0m                                                
[38;2;0;0;0m                [38;2;37;16;11m  [38;2;74;72;72m██[38;2;132;130;130m██[38;2;237;232;232m██[38;2;70;69;69m██[38;2;221;132;110m██[38;2;0;0;0m                                            
[38;2;0;0;0m                [38;2;22;9;6m  [38;2;248;243;243m██[38;2;132;129;130m██[38;2;236;231;231m██[38;2;174;171;171m██[38;2;217;213;213m██[38;2;0;0;0m                                            
[38;2;0;0;0m                  [38;2;2;2;2m  [38;2;211;207;207m██[38;2;246;241;241m██[38;2;174;170;170m██[38;2;0;0;0m      [38;2;47;45;45m  [38;2;66;29;19m  [38;2;0;0;0m          [38;2;33;18;18m  [38;2;44;26;32m██[38;2;109;66;61m██[38;2;249;244;243m██[38;2;123;122;122m██[38;2;0;0;0m      [38;2;57;54;54m██[38;2;178;171;171m  [38;2;199;193;193m██[38;2;68;68;68m██[38;2;0;0;0m  
[38;2;0;0;0m                    [38;2;19;18;18m  [38;2;232;227;227m██[38;2;3;3;3m  [38;2;0;0;0m    [38;2;29;28;28m  [38;2;183;177;177m██[38;2;27;11;8m  [38;2;0;0;0m          [38;2;13;7;5m  [38;2;18;10;9m██[38;2;230;220;219m██[38;2;138;118;107m██[38;2;69;71;76m██[38;2;53;52;53m  [38;2;0;0;0m  [38;2;13;12;12m  [38;2;164;156;156m██[38;2;225;221;221m██[38;2;226;222;222m██[38;2;187;180;180m██[38;2;41;40;40m  
[38;2;0;0;0m    [38;2;95;94;94m██[38;2;230;230;230m██[38;2;255;255;255m██[38;2;251;248;248m██[38;2;95;93;93m██[38;2;3;3;3m  [38;2;0;0;0m      [38;2;246;240;239m██[38;2;85;75;76m██[38;2;0;0;0m    [38;2;194;188;188m██[38;2;101;98;99m██[38;2;198;129;112m██[38;2;102;70;64m██[38;2;168;152;153m██[38;2;47;39;39m██[38;2;164;105;91m██[38;2;0;0;0m      [38;2;70;69;69m  [38;2;130;132;138m██[38;2;214;176;166m██[38;2;242;240;240m██[38;2;0;0;0m  [38;2;22;21;21m██[38;2;191;185;185m██[38;2;247;245;245m██[38;2;243;241;241m██[38;2;187;180;180m██[38;2;58;57;57m██
[38;2;0;0;0m  [38;2;177;173;173m  [38;2;249;244;244m██[38;2;254;253;253m██[38;2;255;255;255m██[38;2;251;247;247m██[38;2;250;245;245m██[38;2;225;220;220m██[38;2;0;0;0m      [38;2;237;230;230m██[38;2;156;95;80m██[38;2;0;0;0m    [38;2;174;169;169m██[38;2;188;184;185m██[38;2;244;239;239m██[38;2;159;129;121m██[38;2;87;77;83m██[38;2;86;80;83m██[38;2;240;235;235m██[38;2;28;27;27m  [38;2;0;0;0m      [38;2;245;240;240m██[38;2;240;235;235m██[38;2;23;23;23m  [38;2;0;0;0m  [38;2;1;1;1m  [38;2;160;160;160m██[38;2;181;173;173m██[38;2;213;205;205m██[38;2;199;197;197m██[38;2;6;4;4m  
[38;2;27;27;27m  [38;2;220;216;216m██[38;2;225;221;221m██[38;2;237;232;232m██[38;2;220;215;215m██[38;2;243;238;238m██[38;2;251;246;246m██[38;2;250;245;245m██[38;2;127;125;125m██[38;2;0;0;0m    [38;2;3;2;2m  [38;2;172;81;63m██[38;2;78;81;79m██[38;2;138;128;127m██[38;2;100;90;88m██[38;2;150;142;140m██[38;2;190;228;249m██[38;2;207;233;248m██[38;2;230;224;223m██[38;2;158;147;145m██[38;2;226;219;219m██[38;2;132;124;121m██[38;2;191;185;185m██[38;2;90;87;87m██[38;2;0;0;0m  [38;2;103;101;101m  [38;2;195;191;191m██[38;2;0;0;0m        [38;2;129;125;125m██[38;2;143;137;137m██[38;2;0;0;0m    
[38;2;65;64;64m██[38;2;249;244;244m██[38;2;31;30;30m██[38;2;74;73;74m██[38;2;180;172;171m██[38;2;82;75;74m██[38;2;175;172;172m██[38;2;245;240;240m██[38;2;127;125;125m██[38;2;0;0;0m      [38;2;39;44;50m██[38;2;224;105;75m██[38;2;193;186;186m██[38;2;241;235;235m██[38;2;241;236;235m██[38;2;76;74;75m██[38;2;76;75;76m██[38;2;94;83;80m██[38;2;77;78;97m██[38;2;72;71;72m██[38;2;71;70;71m██[38;2;194;187;187m██[38;2;96;83;83m██[38;2;235;231;231m██[38;2;250;245;245m██[38;2;10;7;7m  [38;2;0;0;0m        [38;2;236;229;229m██[38;2;79;77;77m██[38;2;0;0;0m    
[38;2;35;34;34m  [38;2;28;27;27m  [38;2;0;0;0m  [38;2;29;29;29m  [38;2;103;95;94m██[38;2;107;99;99m██[38;2;147;142;141m██[38;2;187;180;180m██[38;2;249;244;244m██[38;2;0;0;0m    [38;2;8;7;7m  [38;2;123;168;197m██[38;2;160;87;69m██[38;2;191;142;131m██[38;2;254;113;77m██[38;2;209;109;80m██[38;2;182;172;168m  [38;2;161;162;172m██[38;2;184;114;99m██[38;2;252;175;158m██[38;2;167;89;70m██[38;2;166;154;152m██[38;2;120;114;115m██[38;2;240;234;234m██[38;2;250;245;245m██[38;2;166;163;163m██[38;2;104;103;103m██[38;2;0;0;0m    [38;2;14;11;11m  [38;2;96;92;93m██[38;2;155;155;155m██[38;2;53;53;54m██[38;2;0;0;0m    
[38;2;0;0;0m    [38;2;43;42;43m  [38;2;94;88;88m  [38;2;83;80;80m██[38;2;72;64;61m██[38;2;221;214;214m██[38;2;72;71;72m██[38;2;251;246;246m██[38;2;0;0;0m    [38;2;186;73;56m██[38;2;181;172;172m██[38;2;137;206;249m██[38;2;249;241;240m██[38;2;216;211;212m██[38;2;58;64;74m██[38;2;102;79;79m██[38;2;249;118;88m██[38;2;108;90;85m██[38;2;68;67;68m██[38;2;245;240;240m████[38;2;248;243;243m██[38;2;89;81;81m██[38;2;68;67;68m██[38;2;186;180;181m██[38;2;122;123;127m██[38;2;189;183;182m  [38;2;138;136;136m  [38;2;56;59;64m██[38;2;176;174;176m██[38;2;249;244;244m██[38;2;79;78;78m██[38;2;0;0;0m    
[38;2;0;0;0m    [38;2;125;122;122m██[38;2;154;150;151m██[38;2;186;181;183m██[38;2;128;124;125m██[38;2;150;146;146m██[38;2;4;3;3m  [38;2;137;134;135m██[38;2;154;152;154m██[38;2;88;61;56m██[38;2;144;89;77m██[38;2;203;98;72m██[38;2;167;156;155m██[38;2;221;214;214m██[38;2;166;151;151m██[38;2;184;141;128m██[38;2;168;170;186m██[38;2;102;159;191m██[38;2;106;105;108m██[38;2;166;156;155m██[38;2;158;155;156m██[38;2;160;159;160m██[38;2;158;157;157m██[38;2;157;154;154m██[38;2;164;161;161m██[38;2;163;91;78m██[38;2;134;130;134m██[38;2;125;121;122m██[38;2;117;115;115m██[38;2;240;235;235m██[38;2;138;135;137m██[38;2;188;183;183m██[38;2;0;0;0m      
[38;2;0;0;0m      [38;2;162;157;157m  [38;2;192;186;186m██[38;2;18;18;18m  [38;2;0;0;0m    [38;2;118;116;116m  [38;2;246;241;241m██[38;2;66;65;66m██[38;2;83;119;118m  [38;2;145;117;104m██[38;2;254;112;76m██[38;2;143;82;68m██[38;2;86;66;64m████████[38;2;251;116;81m██[38;2;91;76;78m██[38;2;254;254;254m██[38;2;255;255;255m██[38;2;254;254;254m██[38;2;251;246;246m██[38;2;150;147;148m██[38;2;250;245;245m██[38;2;163;93;80m██[38;2;78;76;86m██[38;2;119;116;116m██[38;2;244;238;238m██[38;2;107;109;115m██[38;2;167;161;161m  [38;2;0;0;0m      
[38;2;0;0;0m                  [38;2;146;146;148m██[38;2;205;200;200m██[38;2;158;157;157m██[38;2;72;121;126m██[38;2;146;117;104m██[38;2;192;115;92m██[38;2;157;123;110m██[38;2;226;115;85m██[38;2;180;115;95m██[38;2;180;107;85m██[38;2;198;98;73m██[38;2;166;155;151m██[38;2;250;246;246m██[38;2;251;249;249m██[38;2;251;247;247m██[38;2;251;246;246m██[38;2;132;128;129m██[38;2;249;244;244m██[38;2;189;117;103m██[38;2;74;72;77m██[38;2;157;153;153m██[38;2;129;126;126m██[38;2;195;189;189m██[38;2;0;0;0m        
[38;2;0;0;0m                  [38;2;7;1;1m██[38;2;159;155;156m██[38;2;235;232;232m██[38;2;73;83;85m██[38;2;68;155;170m██[38;2;72;143;153m██[38;2;73;134;141m██[38;2;74;130;136m██[38;2;74;118;120m██[38;2;73;106;105m██[38;2;191;95;72m██[38;2;207;205;205m██[38;2;128;126;127m██[38;2;240;234;234m██[38;2;139;137;137m██[38;2;188;182;181m██[38;2;191;185;185m██[38;2;66;65;66m██[38;2;129;125;125m██[38;2;80;79;80m██[38;2;191;185;185m██[38;2;76;75;77m██[38;2;71;69;69m██[38;2;0;0;0m        
[38;2;0;0;0m                  [38;2;39;23;25m██[38;2;125;69;61m██[38;2;185;180;180m██[38;2;161;156;156m██[38;2;65;76;78m██[38;2;68;124;133m██[38;2;71;151;163m██[38;2;77;99;100m██[38;2;76;103;104m██[38;2;71;121;123m██[38;2;68;72;75m██[38;2;73;87;92m██[38;2;128;126;127m██[38;2;94;87;87m██[38;2;102;93;92m██[38;2;111;104;102m██[38;2;191;185;185m██[38;2;66;65;66m██[38;2;225;220;220m██[38;2;248;243;243m██[38;2;210;205;205m██[38;2;134;133;136m██[38;2;31;30;30m  [38;2;0;0;0m        
[38;2;0;0;0m                [38;2;49;28;27m██[38;2;189;183;183m██[38;2;138;67;56m██[38;2;90;67;64m██[38;2;141;83;69m██[38;2;90;70;65m██[38;2;80;67;65m██[38;2;98;95;96m██[38;2;235;226;226m██[38;2;78;77;76m██[38;2;76;72;68m██[38;2;199;98;72m██[38;2;213;209;209m██[38;2;73;71;72m██[38;2;81;74;72m██[38;2;113;108;108m██[38;2;66;65;66m██[38;2;133;129;130m██[38;2;228;223;223m██[38;2;246;241;241m██[38;2;193;187;187m██[38;2;217;212;212m██[38;2;202;198;198m  [38;2;0;0;0m          
[38;2;0;0;0m                [38;2;158;63;48m██[38;2;197;189;188m██[38;2;131;67;58m██[38;2;123;68;59m██[38;2;196;90;66m██[38;2;246;109;75m██[38;2;231;105;74m██[38;2;175;100;82m██[38;2;91;84;83m██[38;2;223;108;75m██[38;2;83;65;64m██[38;2;222;103;73m██[38;2;118;104;102m██[38;2;174;169;169m██[38;2;204;197;197m██[38;2;171;165;164m██[38;2;147;143;144m██[38;2;143;140;140m██[38;2;179;175;175m██[38;2;163;159;159m██[38;2;191;185;185m██[38;2;207;201;201m██[38;2;0;0;0m            
[38;2;0;0;0m                [38;2;190;133;124m██[38;2;198;87;70m██[38;2;126;67;59m██[38;2;238;233;233m██[38;2;142;82;69m██[38;2;76;68;66m██[38;2;184;101;80m██[38;2;243;107;74m██[38;2;229;106;75m██[38;2;235;107;74m██[38;2;255;111;76m██[38;2;255;111;75m██[38;2;248;108;74m██[38;2;83;70;70m██[38;2;162;157;157m██[38;2;172;168;169m██[38;2;97;78;75m██[38;2;249;234;231m██[38;2;249;225;220m██[38;2;154;151;152m██[38;2;196;190;190m██[38;2;72;70;70m  [38;2;0;0;0m            
[38;2;0;0;0m              [38;2;123;120;120m  [38;2;85;83;84m██[38;2;191;184;184m██[38;2;168;144;141m██[38;2;137;134;135m██[38;2;211;207;207m██[38;2;88;86;87m██[38;2;151;140;136m██[38;2;106;77;72m██[38;2;153;148;147m██[38;2;89;69;64m██[38;2;198;85;62m██[38;2;192;84;62m  [38;2;112;72;64m██[38;2;192;160;156m██[38;2;153;149;149m██[38;2;114;78;74m██[38;2;168;104;89m██[38;2;254;132;102m██[38;2;254;112;76m██[38;2;212;209;211m██[38;2;77;75;75m  [38;2;0;0;0m              
[38;2;0;0;0m                [38;2;78;75;75m  [38;2;45;52;59m██[38;2;162;157;157m██[38;2;153;148;148m██[38;2;21;21;21m  [38;2;0;0;0m  [38;2;133;130;130m  [38;2;197;192;192m██[38;2;79;82;87m██[38;2;214;210;210m██[38;2;134;131;132m██[38;2;117;114;114m██[38;2;172;167;167m██[38;2;160;155;155m██[38;2;59;62;64m██[38;2;250;246;246m██[38;2;250;245;245m██[38;2;252;186;170m██[38;2;251;245;245m██[38;2;251;191;177m██[38;2;0;0;0m                
[38;2;0;0;0m                                  [38;2;17;17;17m  [38;2;75;74;74m██[38;2;56;54;54m██[38;2;26;25;25m██[38;2;0;0;0m  [38;2;1;0;0m  [38;2;129;125;125m██[38;2;248;243;243m██[38;2;208;203;203m██[38;2;250;245;245m██[38;2;139;136;136m██[38;2;0;0;0m                
[38;2;0;0;0m                                              [38;2;194;190;190m██[38;2;152;147;147m██[38;2;250;245;245m██[38;2;150;145;145m██[38;2;194;191;191m██[38;2;0;0;0m                
[38;2;0;0;0m                                                  [38;2;64;63;63m██[38;2;0;0;0m                    [0m
