
[38;2;16;9;12m  [38;2;59;34;44m                  [38;2;20;11;15m  [38;2;53;30;40m  [38;2;43;24;32m  [38;2;59;34;44m      [38;2;6;3;5m  [38;2;59;34;44m        [38;2;25;14;18m  [38;2;0;0;0m        
[38;2;61;35;46m  [38;2;227;131;170m  [38;2;227;131;171m            [38;2;227;131;170m  [38;2;227;131;171m  [38;2;78;45;59m  [38;2;195;90;135m██[38;2;89;51;67m  [38;2;227;131;171m  [38;2;227;131;170m  [38;2;166;95;124m  [38;2;180;103;135m  [38;2;125;71;93m  [38;2;227;131;170m  [38;2;227;131;171m    [38;2;96;55;72m  [38;2;0;0;0m        
[38;2;61;35;46m  [38;2;227;131;171m                [38;2;219;126;164m  [38;2;105;60;78m  [38;2;192;83;130m██[38;2;124;71;93m██[38;2;158;91;118m    [38;2;92;59;73m██[38;2;122;89;103m██[38;2;78;49;61m  [38;2;225;129;168m  [38;2;227;131;171m    [38;2;96;55;72m  [38;2;0;0;0m        
[38;2;61;35;46m  [38;2;228;131;171m  [38;2;227;131;171m              [38;2;201;115;151m  [38;2;165;94;124m██[38;2;242;134;179m██[38;2;253;145;190m██[38;2;167;101;129m██[38;2;179;107;137m██[38;2;231;123;168m██[38;2;245;137;182m██[38;2;215;126;163m██[38;2;46;26;34m  [38;2;227;131;171m    [38;2;96;55;72m  [38;2;0;0;0m        
[38;2;61;35;46m  [38;2;227;131;171m  [38;2;228;131;170m  [38;2;227;131;171m        [38;2;228;130;170m  [38;2;182;104;136m  [38;2;107;61;80m██[38;2;253;145;190m██████[38;2;172;110;136m██[38;2;208;113;153m██[38;2;203;95;141m██[38;2;229;121;167m██[38;2;224;116;162m██[38;2;253;145;190m██[38;2;113;65;85m  [38;2;227;131;171m  [38;2;96;55;72m  [38;2;0;0;0m        
[38;2;61;35;46m  [38;2;227;131;171m              [38;2;96;55;72m  [38;2;253;145;190m████████[38;2;115;86;98m██[38;2;245;136;182m██[38;2;203;95;141m██[38;2;186;77;124m██[38;2;253;145;190m████[38;2;124;71;93m  [38;2;227;131;171m  [38;2;96;55;72m  [38;2;0;0;0m        
[38;2;61;35;46m  [38;2;227;131;171m            [38;2;219;125;164m  [38;2;145;83;109m██[38;2;253;144;190m██[38;2;253;145;190m██████[38;2;222;131;169m██[38;2;171;110;135m██[38;2;85;85;85m██[38;2;125;87;103m██[38;2;179;113;141m██[38;2;206;99;144m██[38;2;126;72;95m██[38;2;227;131;171m  [38;2;96;55;72m  [38;2;0;0;0m        
[38;2;61;35;46m  [38;2;227;131;171m  [38;2;228;131;171m  [38;2;227;131;171m  [38;2;228;131;171m    [38;2;227;131;171m  [38;2;219;125;164m  [38;2;128;65;92m██[38;2;253;145;190m████████[38;2;253;145;189m██[38;2;239;139;181m██[38;2;181;117;144m██[38;2;197;189;193m██[38;2;206;107;149m██[38;2;222;113;159m██[38;2;126;72;95m██[38;2;228;131;171m  [38;2;96;55;72m  [38;2;0;0;0m        
[38;2;61;35;46m  [38;2;227;131;171m              [38;2;96;55;72m  [38;2;224;115;161m██[38;2;253;145;190m████[38;2;229;120;166m██[38;2;235;173;199m████[38;2;206;119;156m██[38;2;151;92;117m██[38;2;224;170;193m██[38;2;220;113;158m██[38;2;229;120;166m██[38;2;8;5;6m  [38;2;96;55;72m  [38;2;0;0;0m        
[38;2;61;35;46m  [38;2;227;131;171m            [38;2;219;126;164m  [38;2;144;143;143m  [38;2;91;74;81m██[38;2;253;145;190m██[38;2;239;131;176m██[38;2;232;199;214m██[38;2;76;76;76m██[38;2;255;255;255m██[38;2;253;212;229m██[38;2;86;74;79m██[38;2;220;113;158m██[38;2;252;243;247m██[38;2;220;111;157m██[38;2;8;5;6m  [38;2;96;55;72m  [38;2;0;0;0m        
[38;2;61;35;46m  [38;2;227;131;170m  [38;2;227;131;171m  [38;2;227;131;170m  [38;2;118;68;89m    [38;2;119;68;90m  [38;2;39;39;39m██[38;2;145;145;145m██[38;2;253;145;189m██[38;2;253;145;190m██[38;2;234;136;177m██[38;2;132;76;100m██[38;2;213;105;151m██[38;2;231;123;168m██[38;2;164;113;111m██[38;2;218;198;172m██[38;2;130;84;103m██[38;2;220;111;157m██[38;2;176;122;145m██[38;2;113;65;85m  [38;2;96;55;72m  [38;2;0;0;0m        
[38;2;61;35;46m  [38;2;43;25;32m  [38;2;0;0;0m████[38;2;253;145;190m██████[38;2;245;141;185m██[38;2;173;111;137m██[38;2;253;145;190m██████[38;2;115;86;98m██[38;2;253;145;190m██[38;2;133;95;82m██[38;2;203;183;157m██[38;2;118;98;71m██[38;2;220;111;157m████[38;2;113;65;85m  [38;2;8;5;6m  [38;2;96;55;72m  [38;2;0;0;0m        
[38;2;30;15;22m  [38;2;182;83;125m██[38;2;229;121;166m██[38;2;253;145;190m██[38;2;243;134;180m██[38;2;253;145;190m██[38;2;186;107;140m██[38;2;122;72;92m██[38;2;152;118;124m██[38;2;253;145;189m██[38;2;188;117;147m██[38;2;153;100;122m██[38;2;200;105;145m██[38;2;203;107;142m██[38;2;151;123;103m██[38;2;181;161;135m██[38;2;222;202;176m██[38;2;153;95;99m██[38;2;109;55;78m██[38;2;173;99;130m  [38;2;223;128;167m  [38;2;50;28;37m  [38;2;10;10;11m  [38;2;93;93;98m██[38;2;75;75;79m  [38;2;0;0;0m  
[38;2;0;0;0m  [38;2;195;112;146m██[38;2;161;92;121m  [38;2;151;59;99m  [38;2;251;143;188m██[38;2;9;5;7m██[38;2;118;68;89m  [38;2;219;126;164m  [38;2;128;116;102m  [38;2;70;69;68m██[38;2;150;137;120m██[38;2;175;154;128m██[38;2;107;86;59m██[38;2;130;110;83m██[38;2;191;171;145m██[38;2;161;140;114m██[38;2;109;85;60m██[38;2;126;64;90m██[38;2;219;125;164m  [38;2;228;131;171m  [38;2;227;131;170m  [38;2;96;55;72m  [38;2;168;169;178m██[38;2;27;29;35m  [38;2;97;103;117m██[38;2;47;47;50m██
[38;2;34;19;26m  [38;2;128;74;96m  [38;2;118;68;88m  [38;2;121;62;87m  [38;2;167;84;119m██[38;2;127;73;95m  [38;2;227;131;171m    [38;2;170;98;128m  [38;2;99;89;76m██[38;2;226;206;179m██[38;2;210;190;164m██[38;2;174;154;127m██[38;2;177;157;131m██[38;2;181;161;135m██[38;2;151;114;101m██[38;2;214;109;151m██[38;2;109;59;80m  [38;2;224;128;168m  [38;2;227;131;171m    [38;2;96;55;72m  [38;2;136;140;149m██[38;2;16;17;20m  [38;2;61;66;75m██[38;2;33;35;37m██
[38;2;61;35;46m  [38;2;227;131;171m  [38;2;227;131;170m  [38;2;43;25;32m  [38;2;107;61;80m  [38;2;227;131;170m  [38;2;227;131;171m  [38;2;227;131;170m  [38;2;227;131;171m  [38;2;203;117;152m  [38;2;69;54;39m  [38;2;196;174;149m██[38;2;165;142;118m██[38;2;143;92;90m██[38;2;135;91;83m██[38;2;220;111;157m████[38;2;96;55;72m  [38;2;228;131;170m  [38;2;227;131;171m  [38;2;227;130;171m  [38;2;96;55;72m  [38;2;12;13;14m  [38;2;112;119;126m██[38;2;90;96;102m  [38;2;0;0;0m  
[38;2;61;35;46m  [38;2;227;131;171m            [38;2;227;130;171m  [38;2;227;131;171m    [38;2;78;45;59m  [38;2;183;102;125m██[38;2;187;103;128m██[38;2;220;111;157m████████[38;2;115;60;83m  [38;2;222;127;166m  [38;2;227;131;171m    [38;2;96;55;72m  [38;2;0;0;0m        
[38;2;61;35;46m  [38;2;227;131;171m  [38;2;228;131;171m  [38;2;227;131;171m      [38;2;228;131;171m  [38;2;227;131;171m  [38;2;210;121;158m  [38;2;33;18;24m██[38;2;176;101;132m██[38;2;224;115;161m██[38;2;221;112;158m██[38;2;220;110;157m██[38;2;220;111;157m██[38;2;219;110;157m██[38;2;220;111;157m██[38;2;236;127;173m██[38;2;41;23;31m██[38;2;213;122;159m  [38;2;227;131;171m  [38;2;96;55;72m  [38;2;0;0;0m        
[38;2;61;35;46m  [38;2;227;131;171m            [38;2;222;127;166m  [38;2;128;73;96m  [38;2;253;145;190m██████[38;2;244;136;181m██[38;2;76;38;54m████[38;2;220;111;157m██[38;2;239;130;176m██[38;2;253;145;190m████[38;2;122;70;91m  [38;2;227;131;171m  [38;2;96;55;72m  [38;2;0;0;0m        
[38;2;61;35;46m  [38;2;227;131;171m      [38;2;227;131;170m    [38;2;227;131;171m  [38;2;219;125;164m  [38;2;127;75;97m██[38;2;253;145;190m████[38;2;212;123;160m██[38;2;77;41;56m  [38;2;227;131;171m    [38;2;39;22;29m  [38;2;189;108;142m  [38;2;253;145;190m████[38;2;139;75;102m██[38;2;189;109;142m  [38;2;96;55;72m  [38;2;0;0;0m        
[38;2;61;35;46m  [38;2;227;131;171m            [38;2;72;41;54m  [38;2;102;70;83m██[38;2;134;93;110m██[38;2;230;121;167m██[38;2;46;33;38m  [38;2;209;120;156m  [38;2;227;131;171m    [38;2;227;130;171m  [38;2;166;95;124m  [38;2;129;64;91m██[38;2;200;92;138m██[38;2;213;104;150m██[38;2;171;98;129m  [38;2;29;16;22m  [38;2;0;0;0m        
[38;2;61;35;46m  [38;2;227;131;170m  [38;2;227;131;171m  [38;2;227;131;170m      [38;2;227;131;171m  [38;2;53;29;39m  [38;2;180;81;123m██[38;2;190;81;128m██[38;2;188;95;134m██[38;2;148;75;106m  [38;2;179;103;134m  [38;2;228;131;171m  [38;2;227;131;170m    [38;2;227;131;171m  [38;2;101;53;73m  [38;2;172;86;122m██[38;2;228;119;165m██[38;2;194;86;132m██[38;2;83;48;62m  [38;2;0;0;0m        
[38;2;16;9;12m  [38;2;59;34;44m            [38;2;57;32;42m  [38;2;26;10;17m  [38;2;57;28;40m██[38;2;19;10;14m  [38;2;11;6;8m  [38;2;59;34;44m          [38;2;34;19;25m  [38;2;0;0;0m  [38;2;51;23;35m██[38;2;63;36;47m  [38;2;0;0;0m          [0m
