
[38;2;0;0;0m                                [38;2;63;34;45m  [38;2;62;33;44m  [38;2;0;0;0m  [38;2;14;42;49m██[38;2;14;39;45m██[38;2;63;34;45m██[38;2;26;14;18m  [38;2;63;34;45m        [38;2;53;28;37m  [38;2;0;0;0m          
[38;2;0;0;0m                                [38;2;151;81;108m  [38;2;55;32;42m  [38;2;37;137;154m██[38;2;62;163;190m██[38;2;203;137;177m██[38;2;247;132;176m██[38;2;101;54;72m██[38;2;246;133;177m  [38;2;246;132;177m  [38;2;246;133;177m  [38;2;246;132;177m  [38;2;205;110;147m  [38;2;0;0;0m          
[38;2;0;0;0m                                [38;2;31;132;153m██[38;2;52;185;216m██[38;2;184;136;173m██[38;2;249;135;179m██[38;2;247;133;177m██[38;2;167;90;120m  [38;2;175;94;125m  [38;2;247;132;177m  [38;2;247;133;177m      [38;2;205;110;147m  [38;2;0;0;0m          
[38;2;0;0;0m                              [38;2;38;161;187m  [38;2;66;169;193m██[38;2;206;130;171m██[38;2;246;133;177m██[38;2;248;134;178m██[38;2;136;73;97m██[38;2;202;108;144m  [38;2;247;133;177m  [38;2;247;133;176m  [38;2;246;133;177m  [38;2;247;133;177m    [38;2;205;110;147m  [38;2;0;0;0m          
[38;2;20;20;20m  [38;2;81;81;81m                        [38;2;239;54;117m  [38;2;30;63;81m██[38;2;93;181;209m██[38;2;75;138;167m██[38;2;14;100;141m██[38;2;121;96;124m██[38;2;250;112;162m██[38;2;157;43;82m██[38;2;174;37;84m  [38;2;247;52;119m      [38;2;247;133;177m    [38;2;219;124;161m  [38;2;81;81;81m        [38;2;20;20;20m  
[38;2;65;65;65m  [38;2;255;255;255m                        [38;2;50;20;30m  [38;2;132;91;133m██[38;2;32;122;185m██[38;2;206;58;122m██[38;2;202;64;132m██[38;2;8;109;180m██[38;2;103;65;78m██[38;2;255;71;133m██[38;2;18;4;9m  [38;2;247;52;119m      [38;2;247;133;177m  [38;2;246;133;177m  [38;2;248;153;189m  [38;2;255;255;255m        [38;2;65;65;65m  
[38;2;65;65;65m  [38;2;255;255;255m                      [38;2;215;215;215m  [38;2;92;31;51m  [38;2;50;109;185m██[38;2;251;71;133m██[38;2;247;133;177m██[38;2;182;108;137m  [38;2;46;104;148m██[38;2;64;81;86m██[38;2;99;67;68m██[38;2;160;34;77m  [38;2;211;45;102m  [38;2;247;52;119m    [38;2;247;133;177m    [38;2;248;153;189m  [38;2;255;255;255m  [38;2;254;254;254m  [38;2;255;255;255m    [38;2;65;65;65m  
[38;2;65;65;65m  [38;2;255;255;255m                      [38;2;142;144;145m  [38;2;81;126;156m██[38;2;6;109;189m██[38;2;251;71;133m██[38;2;91;76;82m██[38;2;107;109;107m██[38;2;32;90;132m██[38;2;6;129;190m██[38;2;169;65;106m██[38;2;220;61;114m██[38;2;109;29;56m  [38;2;247;52;119m    [38;2;247;133;177m    [38;2;248;153;189m  [38;2;255;255;255m        [38;2;65;65;65m  
[38;2;65;65;65m  [38;2;255;255;255m                      [38;2;144;144;144m  [38;2;36;125;169m██[38;2;28;102;162m██[38;2;86;88;90m██[38;2;91;91;92m██[38;2;93;94;94m██[38;2;20;76;116m██[38;2;18;122;159m██[38;2;47;103;120m██[38;2;207;97;131m██[38;2;120;29;60m  [38;2;247;52;119m    [38;2;247;133;177m    [38;2;248;153;189m  [38;2;255;255;255m      [38;2;254;254;254m  [38;2;65;65;65m  
[38;2;65;65;65m  [38;2;255;255;255m                      [38;2;37;41;45m  [38;2;5;111;186m██[38;2;9;111;184m██[38;2;15;114;184m██[38;2;14;63;98m██[38;2;6;6;6m██[38;2;117;30;65m  [38;2;20;28;20m██[38;2;89;119;116m██[38;2;30;18;21m  [38;2;236;50;113m  [38;2;247;52;119m    [38;2;247;133;177m    [38;2;248;153;189m  [38;2;255;255;255m        [38;2;65;65;65m  
[38;2;65;65;65m  [38;2;255;255;255m      [38;2;150;150;150m  [38;2;237;237;237m  [38;2;255;255;255m          [38;2;19;19;19m  [38;2;202;205;205m██[38;2;38;95;140m██[38;2;4;66;116m██[38;2;99;22;49m  [38;2;174;37;83m  [38;2;247;52;119m    [38;2;0;5;8m██[38;2;34;131;178m██[38;2;67;61;64m██[38;2;128;30;63m  [38;2;145;31;70m  [38;2;70;47;69m  [38;2;23;58;68m██[38;2;21;77;88m██[38;2;41;97;108m  [38;2;150;150;150m  [38;2;171;171;171m  [38;2;255;255;255m  [38;2;254;254;254m  [38;2;65;65;65m  
[38;2;65;65;65m  [38;2;182;193;198m  [38;2;160;175;181m  [38;2;47;50;51m  [38;2;98;129;144m██[38;2;133;146;151m  [38;2;160;175;181m          [38;2;142;157;164m  [38;2;121;122;122m██[38;2;241;241;241m██[38;2;160;173;181m██[38;2;20;6;11m  [38;2;160;160;171m    [38;2;85;77;85m  [38;2;2;105;178m██[38;2;33;138;183m██[38;2;79;64;70m██[38;2;243;67;127m██[38;2;61;82;94m██[38;2;63;74;80m██[38;2;64;69;72m██[38;2;64;73;76m██[38;2;68;95;101m██[38;2;47;185;217m██[38;2;40;155;179m  [38;2;120;130;135m  [38;2;255;255;255m  [38;2;65;65;65m  
[38;2;65;65;65m  [38;2;176;188;193m  [38;2;152;169;176m  [38;2;84;92;96m  [38;2;94;104;108m  [38;2;153;169;176m      [38;2;127;140;146m  [38;2;85;94;98m    [38;2;110;110;111m  [38;2;111;111;111m██[38;2;122;129;132m██[38;2;97;98;99m██[38;2;30;79;112m██[38;2;57;61;63m  [38;2;85;94;98m  [38;2;55;60;64m  [38;2;5;111;186m██[38;2;53;147;166m██[38;2;51;199;224m██[38;2;138;77;87m██[38;2;243;69;129m██[38;2;134;112;128m██[38;2;173;185;192m  [38;2;144;152;155m██[38;2;89;99;103m  [38;2;60;136;154m██[38;2;57;176;204m██[38;2;22;62;66m██[38;2;255;255;255m  [38;2;65;65;65m  
[38;2;65;65;65m  [38;2;176;188;193m  [38;2;153;169;176m        [38;2;102;112;117m  [38;2;6;7;8m  [38;2;22;81;93m  [38;2;46;202;234m██[38;2;62;61;62m██[38;2;72;71;72m██[38;2;251;251;251m██[38;2;246;246;246m██[38;2;98;172;213m██[38;2;5;111;186m██[38;2;4;110;184m██[38;2;2;108;183m██[38;2;4;110;185m██[38;2;6;113;189m██[38;2;65;166;192m██[38;2;47;211;241m██[38;2;73;137;135m██[38;2;227;34;100m██[38;2;136;65;90m██[38;2;160;170;175m██[38;2;64;148;170m██[38;2;52;201;228m██[38;2;52;204;232m██[38;2;60;69;73m██[38;2;130;146;151m██[38;2;66;66;66m  [38;2;65;65;65m  
[38;2;65;65;65m  [38;2;176;188;193m  [38;2;81;89;93m  [38;2;138;153;159m  [38;2;153;169;176m  [38;2;93;102;107m  [38;2;34;119;133m  [38;2;54;143;161m██[38;2;48;129;147m██[38;2;34;90;106m██[38;2;24;178;217m██[38;2;1;150;193m██[38;2;87;89;91m██[38;2;170;183;188m██[38;2;108;113;116m██[38;2;88;92;95m██[38;2;76;78;80m██[38;2;62;101;113m██[38;2;88;92;95m██[38;2;59;43;59m██[38;2;72;120;136m██[38;2;49;202;234m██[38;2;58;134;154m██[38;2;169;96;118m██[38;2;246;93;148m██[38;2;146;106;120m██[38;2;73;136;149m██[38;2;154;153;154m████[38;2;207;215;218m██[38;2;153;165;171m██[38;2;57;57;57m  [38;2;65;65;65m  
[38;2;65;65;65m  [38;2;59;59;60m  [38;2;0;96;147m██[38;2;1;3;4m  [38;2;110;117;120m  [38;2;36;56;70m  [38;2;42;94;110m██[38;2;0;139;185m██[38;2;28;142;191m██[38;2;72;148;200m██[38;2;30;110;135m██[38;2;64;65;66m██[38;2;125;132;135m██[38;2;66;65;66m██[38;2;65;64;65m██[38;2;64;64;65m██[38;2;143;154;160m██[38;2;65;66;67m██[38;2;88;93;95m██[38;2;59;143;163m██[38;2;48;99;110m██[38;2;59;145;168m██[38;2;69;122;136m██[38;2;160;171;176m██[38;2;179;106;134m██[38;2;246;132;176m██[38;2;127;88;104m██[38;2;241;243;244m██[38;2;174;187;192m██[38;2;163;173;179m██[38;2;36;36;37m██[38;2;252;252;252m  [38;2;65;65;65m  
[38;2;32;33;33m  [38;2;95;101;104m  [38;2;14;129;193m██[38;2;72;166;205m██[38;2;78;125;147m██[38;2;32;177;214m██[38;2;63;157;196m██[38;2;187;222;231m██[38;2;80;123;141m██[38;2;106;120;133m██[38;2;89;88;88m██[38;2;119;125;128m██[38;2;142;151;156m██[38;2;121;127;131m██[38;2;118;125;128m██[38;2;119;124;128m██[38;2;92;94;96m██[38;2;143;154;159m██[38;2;92;96;99m██[38;2;88;93;95m██[38;2;63;86;93m██[38;2;66;106;117m██[38;2;120;126;127m██[38;2;93;97;100m██[38;2;119;124;128m██[38;2;124;121;127m██[38;2;156;98;121m██[38;2;147;101;120m██[38;2;117;124;128m██[38;2;63;78;82m██[38;2;56;138;153m██[38;2;53;101;124m  [38;2;32;32;32m  
[38;2;0;1;2m  [38;2;190;198;199m██[38;2;76;162;212m██[38;2;253;253;245m██[38;2;85;186;232m██[38;2;46;206;237m██[38;2;113;150;181m██[38;2;62;60;60m██[38;2;208;245;252m██[38;2;254;254;254m██[38;2;174;187;192m██[38;2;103;110;114m██[38;2;97;104;108m██[38;2;168;181;186m██[38;2;171;184;190m████[38;2;118;124;128m██[38;2;172;185;191m██[38;2;89;93;95m██[38;2;65;64;65m██[38;2;125;131;135m██[38;2;167;180;186m██[38;2;104;112;117m██[38;2;97;104;108m██[38;2;78;80;82m██[38;2;66;65;66m████[38;2;66;71;70m██[38;2;79;80;73m██[38;2;48;211;244m██[38;2;46;210;241m██[38;2;14;153;188m██[38;2;16;47;62m██
[38;2;1;28;49m██[38;2;198;222;240m██[38;2;123;197;225m  [38;2;67;148;198m██[38;2;0;67;101m██[38;2;62;96;123m██[38;2;53;166;190m██[38;2;55;151;172m██[38;2;78;134;147m██[38;2;150;150;151m██[38;2;177;180;181m██[38;2;216;222;225m██[38;2;173;186;192m██[38;2;138;148;153m██[38;2;99;104;107m██[38;2;92;96;99m██[38;2;132;141;145m██[38;2;172;185;190m██[38;2;119;125;128m██[38;2;136;147;152m██████[38;2;158;170;175m██[38;2;173;186;191m██[38;2;173;186;192m██[38;2;165;177;182m  [38;2;115;121;124m██[38;2;111;125;129m  [38;2;52;184;212m██[38;2;19;155;209m  [38;2;1;134;189m██[38;2;0;108;151m██[38;2;0;14;20m  
[38;2;24;32;42m  [38;2;21;136;191m██[38;2;4;79;132m  [38;2;6;7;8m  [38;2;153;169;176m  [38;2;31;34;36m  [38;2;39;62;87m  [38;2;50;194;241m██[38;2;41;200;241m██[38;2;42;199;241m██[38;2;70;123;158m██[38;2;62;70;74m██[38;2;68;72;72m██[38;2;164;175;181m██[38;2;119;125;129m██[38;2;65;64;65m████[38;2;66;65;66m██[38;2;168;180;186m████████[38;2;112;117;119m██[38;2;64;70;73m████[38;2;61;89;96m██[38;2;47;211;242m██[38;2;61;183;241m██[38;2;19;153;199m██[38;2;1;114;147m  [38;2;6;7;8m  [38;2;6;31;54m  [38;2;6;30;53m  
[38;2;36;37;37m  [38;2;98;107;111m  [38;2;105;116;120m  [38;2;153;168;176m  [38;2;153;169;176m    [38;2;99;110;114m  [38;2;0;109;169m██[38;2;0;139;190m██[38;2;0;137;200m██[38;2;16;151;194m██[38;2;63;190;239m██[38;2;59;198;241m██[38;2;59;151;169m██[38;2;56;146;166m██[38;2;56;146;163m██[38;2;55;139;164m██[38;2;28;105;131m██[38;2;30;92;136m██[38;2;29;109;130m██[38;2;56;142;165m██[38;2;56;147;163m██[38;2;54;181;207m██[38;2;48;212;246m██[38;2;48;211;246m██[38;2;21;93;107m██[38;2;20;93;106m██[38;2;14;68;79m  [38;2;85;94;98m  [38;2;99;109;113m  [38;2;153;169;176m  [38;2;153;195;233m  [38;2;39;50;60m  
[38;2;65;65;65m  [38;2;176;188;193m  [38;2;153;169;176m    [38;2;141;156;162m  [38;2;151;166;173m  [38;2;153;169;176m  [38;2;30;34;35m  [38;2;11;15;18m  [38;2;70;109;149m  [38;2;45;195;227m██[38;2;14;26;29m  [38;2;11;12;13m    [38;2;27;98;113m  [38;2;51;200;226m██[38;2;4;137;177m██[38;2;5;114;189m██[38;2;4;144;185m██[38;2;11;114;194m██[38;2;2;130;190m██[38;2;46;204;236m██[38;2;43;207;238m██[38;2;0;134;174m██[38;2;7;58;74m  [38;2;153;169;176m  [38;2;152;168;176m  [38;2;153;168;176m  [38;2;153;169;176m  [38;2;153;169;175m  [38;2;153;169;176m  [38;2;255;255;255m  [38;2;65;65;65m  
[38;2;65;65;65m  [38;2;176;188;193m  [38;2;153;169;176m  [38;2;80;88;92m  [38;2;82;115;138m██[38;2;62;74;84m  [38;2;153;169;176m      [38;2;97;107;111m  [38;2;90;99;104m  [38;2;148;163;170m  [38;2;153;169;176m  [38;2;66;73;76m  [38;2;46;95;106m  [38;2;55;151;171m██[38;2;96;100;102m██[38;2;128;136;140m██[38;2;97;128;136m██[38;2;52;110;142m██[38;2;4;54;75m██[38;2;1;47;78m██[38;2;0;60;78m██[38;2;90;99;104m  [38;2;129;142;148m  [38;2;153;169;176m            [38;2;255;255;255m  [38;2;65;65;65m  
[38;2;65;65;65m  [38;2;176;188;193m  [38;2;153;169;176m    [38;2;16;17;18m  [38;2;130;143;149m  [38;2;152;169;176m  [38;2;153;169;176m    [38;2;152;169;175m  [38;2;152;169;176m  [38;2;153;169;176m  [38;2;85;94;98m  [38;2;2;108;183m██[38;2;0;141;188m██[38;2;57;74;80m██[38;2;109;121;126m██[38;2;161;173;178m██[38;2;167;179;185m██[38;2;12;13;13m  [38;2;136;151;157m  [38;2;138;152;158m  [38;2;152;169;176m    [38;2;153;169;176m    [38;2;152;169;176m    [38;2;153;169;176m    [38;2;152;169;176m  [38;2;255;255;255m  [38;2;65;65;65m  
[38;2;65;65;65m  [38;2;225;229;231m  [38;2;216;222;225m                    [38;2;190;194;195m  [38;2;8;48;76m  [38;2;2;76;128m██[38;2;0;142;193m██[38;2;12;113;146m██[38;2;25;101;118m██[38;2;82;131;143m██[38;2;63;62;63m██[38;2;34;91;102m██[38;2;31;126;143m  [38;2;57;64;66m  [38;2;216;222;225m                [38;2;254;254;254m  [38;2;65;65;65m  
[38;2;65;65;65m  [38;2;255;255;255m                        [38;2;65;143;215m  [38;2;31;81;126m  [38;2;10;16;28m  [38;2;63;69;84m██[38;2;9;147;175m██[38;2;51;191;221m██[38;2;42;203;236m██[38;2;41;202;235m██[38;2;37;197;231m██[38;2;0;143;191m██[38;2;27;27;27m  [38;2;255;255;255m                [38;2;65;65;65m  
[38;2;65;65;65m  [38;2;255;255;255m      [38;2;254;254;254m  [38;2;255;255;255m                  [38;2;217;232;247m  [38;2;11;44;74m  [38;2;148;148;148m██[38;2;188;188;188m████[38;2;23;92;110m██[38;2;4;51;64m██[38;2;0;133;192m██[38;2;0;72;118m██[38;2;41;96;147m  [38;2;255;255;255m                [38;2;65;65;65m  
[38;2;65;65;65m  [38;2;255;255;255m                          [38;2;135;135;135m  [38;2;2;112;189m██[38;2;46;136;159m██[38;2;56;75;81m██[38;2;223;223;223m██[38;2;11;14;18m  [38;2;44;123;196m  [38;2;4;19;34m  [38;2;16;79;136m  [38;2;83;154;219m  [38;2;255;255;255m                [38;2;65;65;65m  
[38;2;65;65;65m  [38;2;255;255;255m                          [38;2;216;216;216m  [38;2;3;38;62m  [38;2;0;93;126m██[38;2;0;138;177m██[38;2;54;164;188m██[38;2;53;163;187m██[38;2;60;108;119m  [38;2;181;212;239m    [38;2;255;255;255m                  [38;2;65;65;65m  
[38;2;65;65;65m  [38;2;255;255;255m                            [38;2;73;148;217m  [38;2;37;85;128m  [38;2;0;1;1m██[38;2;52;73;90m██[38;2;12;129;164m██[38;2;5;123;158m██[38;2;23;41;57m  [38;2;255;255;255m                    [38;2;65;65;65m  
[38;2;65;65;65m  [38;2;255;255;255m                              [38;2;40;53;66m  [38;2;2;82;138m██[38;2;17;145;208m██[38;2;63;64;67m██[38;2;11;72;114m██[38;2;25;51;74m  [38;2;255;255;255m                    [38;2;65;65;65m  
[38;2;65;65;65m  [38;2;255;255;255m              [38;2;254;254;254m  [38;2;255;255;255m          [38;2;227;227;227m  [38;2;3;23;37m  [38;2;22;62;88m██[38;2;2;92;150m██[38;2;21;152;211m██[38;2;37;186;229m██[38;2;17;131;183m██[38;2;24;44;62m  [38;2;255;255;255m                  [38;2;254;254;254m  [38;2;65;65;65m  
[38;2;16;16;16m  [38;2;65;65;65m                          [38;2;34;34;34m  [38;2;0;23;38m  [38;2;0;0;0m    [38;2;0;29;49m████[38;2;0;12;21m  [38;2;10;33;54m  [38;2;65;65;65m                    [38;2;16;16;16m  [0m
