
[38;2;0;0;0m        [38;2;22;21;14m██[38;2;63;60;43m██[38;2;0;0;0m      [38;2;0;1;0m    [38;2;0;0;0m                        
[38;2;0;0;0m        [38;2;77;81;44m  [38;2;230;218;155m██[38;2;136;131;99m██[38;2;5;5;3m  [38;2;104;112;64m██[38;2;83;91;42m██[38;2;102;110;61m██[38;2;0;0;0m  [38;2;44;48;23m  [38;2;0;0;0m                    
[38;2;0;0;0m        [38;2;84;91;44m  [38;2;170;161;114m  [38;2;111;116;82m██[38;2;151;161;97m██[38;2;142;152;88m██[38;2;143;153;89m██[38;2;136;146;82m██[38;2;123;133;69m██[38;2;74;80;41m██[38;2;0;0;0m  [38;2;36;34;24m  [38;2;63;60;43m████[38;2;0;0;0m            
[38;2;0;0;0m        [38;2;84;91;44m  [38;2;83;90;46m  [38;2;150;161;97m██[38;2;151;161;97m████[38;2;123;133;69m██[38;2;126;136;72m██[38;2;123;133;69m██[38;2;100;105;67m██[38;2;191;181;129m██[38;2;226;214;155m██[38;2;254;241;174m██[38;2;254;241;172m██[38;2;166;157;112m  [38;2;0;0;0m          
[38;2;0;0;0m        [38;2;74;80;39m  [38;2;106;114;59m██[38;2;130;140;76m██[38;2;144;154;90m██[38;2;134;144;80m██[38;2;122;132;68m██[38;2;122;133;69m██[38;2;123;133;69m██[38;2;164;156;120m██[38;2;254;241;172m██[38;2;254;241;174m██[38;2;205;195;146m██[38;2;74;70;51m  [38;2;0;0;0m            
[38;2;0;0;0m        [38;2;50;54;27m  [38;2;118;127;65m██[38;2;122;133;69m██[38;2;123;133;69m████[38;2;122;133;69m████[38;2;79;81;65m██[38;2;89;87;78m██[38;2;248;236;168m██[38;2;112;108;91m██[38;2;14;14;14m  [38;2;0;0;0m              
[38;2;61;61;60m  [38;2;236;234;232m    [38;2;199;198;198m  [38;2;68;69;51m██[38;2;121;130;68m██[38;2;122;133;69m████[38;2;123;133;69m██[38;2;109;116;68m██[38;2;87;49;48m██[38;2;255;255;255m██[38;2;167;165;165m██[38;2;87;84;83m██[38;2;42;37;35m██[38;2;236;234;232m              [38;2;61;61;60m  
[38;2;47;44;43m  [38;2;181;171;165m    [38;2;31;29;28m  [38;2;144;137;134m██[38;2;77;79;65m██[38;2;122;133;69m██[38;2;123;133;69m██[38;2;79;85;72m██[38;2;189;83;77m██[38;2;116;53;43m██[38;2;255;251;248m██[38;2;149;140;135m██[38;2;153;143;137m██[38;2;131;123;118m██[38;2;57;53;52m  [38;2;181;171;165m  [38;2;180;171;165m    [38;2;181;171;165m      [38;2;47;44;43m  
[38;2;47;44;43m  [38;2;145;137;132m  [38;2;95;88;84m  [38;2;48;45;43m  [38;2;167;158;153m██[38;2;107;103;102m██[38;2;95;92;91m██[38;2;95;92;97m██[38;2;158;149;143m██[38;2;121;111;106m██[38;2;223;117;95m██[38;2;115;105;98m██[38;2;135;125;120m██[38;2;90;86;85m██[38;2;147;137;131m██[38;2;47;44;43m██[38;2;46;44;42m██[38;2;99;92;88m  [38;2;127;118;113m    [38;2;127;117;113m  [38;2;127;118;113m  [38;2;33;30;29m  
[38;2;11;11;10m  [38;2;100;93;89m  [38;2;115;108;103m██[38;2;147;137;131m██[38;2;107;103;102m██[38;2;188;177;172m██[38;2;188;178;172m██████[38;2;163;153;147m██[38;2;154;144;138m██[38;2;96;80;72m██[38;2;170;163;157m██[38;2;88;85;84m██[38;2;132;122;117m██[38;2;188;178;171m██[38;2;187;177;171m██[38;2;126;119;115m  [38;2;93;87;83m  [38;2;127;118;113m    [38;2;127;117;113m  [38;2;33;30;29m  
[38;2;40;37;36m██[38;2;154;144;138m██[38;2;138;128;123m██[38;2;111;102;98m██[38;2;96;90;86m██[38;2;146;138;135m██[38;2;133;126;122m██[38;2;152;144;140m██[38;2;105;98;95m██[38;2;87;84;83m████[38;2;131;124;119m██[38;2;108;103;100m██[38;2;151;141;135m██[38;2;112;106;103m██[38;2;127;120;116m██[38;2;115;107;105m██[38;2;180;170;164m██[38;2;59;55;58m██[38;2;127;118;113m  [38;2;127;117;113m  [38;2;127;118;113m  [38;2;33;30;29m  
[38;2;27;25;25m██[38;2;105;98;97m██[38;2;123;121;120m██[38;2;57;55;54m██[38;2;27;24;23m██[38;2;100;92;73m██[38;2;206;196;147m██[38;2;120;106;92m██[38;2;86;76;79m██[38;2;87;84;83m████[38;2;131;124;119m██[38;2;143;134;129m██[38;2;152;142;136m██[38;2;126;118;113m██[38;2;133;125;121m██[38;2;141;131;126m██[38;2;85;82;81m██[38;2;101;95;93m██[38;2;48;44;42m  [38;2;127;118;113m  [38;2;127;117;113m  [38;2;33;30;29m  
[38;2;13;11;10m  [38;2;160;156;158m  [38;2;52;51;51m  [38;2;110;102;98m  [38;2;74;80;39m  [38;2;182;164;126m██[38;2;225;212;157m██[38;2;254;239;172m██[38;2;254;240;172m██[38;2;254;241;172m██[38;2;144;134;120m██[38;2;153;143;137m██████[38;2;112;104;101m██[38;2;95;92;91m██[38;2;136;129;125m██[38;2;153;144;138m██[38;2;154;144;138m██[38;2;22;20;19m  [38;2;127;117;113m  [38;2;127;118;113m  [38;2;33;30;29m  
[38;2;47;44;43m  [38;2;145;137;132m  [38;2;104;97;93m  [38;2;127;118;113m  [38;2;38;37;26m  [38;2;92;96;53m██[38;2;108;108;75m██[38;2;112;108;91m██[38;2;174;166;127m██[38;2;254;240;175m██[38;2;237;224;162m██[38;2;117;107;102m██[38;2;153;143;137m██[38;2;90;86;85m██[38;2;156;148;144m██[38;2;188;178;171m████[38;2;176;166;160m██[38;2;110;104;102m██[38;2;22;20;19m  [38;2;127;118;113m  [38;2;127;117;113m  [38;2;33;30;29m  
[38;2;47;44;43m  [38;2;180;171;165m  [38;2;117;109;104m  [38;2;32;29;28m  [38;2;92;92;59m██[38;2;108;119;55m████[38;2;242;243;237m██[38;2;166;164;157m██[38;2;248;236;168m██[38;2;254;241;174m██[38;2;144;133;113m██[38;2;126;117;114m██[38;2;114;105;106m██[38;2;178;168;162m██[38;2;188;178;171m██[38;2;188;178;172m██[38;2;183;174;168m██[38;2;104;99;97m██[38;2;93;86;81m██[38;2;74;69;66m  [38;2;95;88;84m  [38;2;24;23;22m  
[38;2;47;44;43m  [38;2;181;171;165m  [38;2;57;53;51m  [38;2;76;72;71m██[38;2;108;118;54m██[38;2;109;118;55m██[38;2;94;92;76m██[38;2;110;110;109m██[38;2;139;119;137m██[38;2;248;233;174m██[38;2;254;241;172m██[38;2;209;194;145m██[38;2;102;93;89m██[38;2;117;113;114m██[38;2;175;166;165m██[38;2;146;133;123m██[38;2;187;177;171m██[38;2;95;92;90m██[38;2;83;78;77m██[38;2;107;98;93m██[38;2;66;63;62m██[38;2;80;73;69m██[38;2;21;19;18m  
[38;2;47;44;43m  [38;2;180;171;165m  [38;2;43;40;38m██[38;2;78;75;75m██[38;2;107;117;53m██[38;2;99;107;56m██[38;2;124;122;122m██[38;2;176;140;184m██[38;2;164;135;159m██[38;2;98;85;106m██[38;2;176;166;126m██[38;2;161;148;117m██[38;2;90;84;82m██[38;2;149;139;133m██[38;2;87;78;77m██[38;2;197;186;172m██[38;2;86;79;75m██[38;2;70;67;68m██[38;2;107;97;93m██[38;2;75;72;72m██[38;2;97;90;86m██[38;2;69;63;60m  [38;2;8;7;7m  
[38;2;47;44;43m  [38;2;181;171;165m  [38;2;74;69;66m  [38;2;87;81;78m██[38;2;74;77;61m██[38;2;148;124;153m██[38;2;149;120;157m██[38;2;157;117;144m██[38;2;184;146;189m██[38;2;191;153;201m██[38;2;80;77;73m██[38;2;207;189;143m██[38;2;134;123;112m██[38;2;154;144;138m████[38;2;133;125;121m██[38;2;152;142;136m██[38;2;95;88;86m██[38;2;96;89;85m██[38;2;93;86;81m██[38;2;27;24;23m██[38;2;102;94;90m  [38;2;33;30;29m  
[38;2;47;44;43m  [38;2;180;171;165m  [38;2;127;118;113m  [38;2;48;44;42m  [38;2;82;72;69m██[38;2;60;49;47m██[38;2;102;99;86m██[38;2;151;145;153m██[38;2;162;155;160m██[38;2;112;104;100m██[38;2;239;226;162m██[38;2;65;64;65m██[38;2;129;120;115m██[38;2;153;144;138m██[38;2;154;144;138m██[38;2;140;130;125m██[38;2;117;108;103m██[38;2;133;124;119m██[38;2;20;19;18m  [38;2;48;44;42m  [38;2;127;117;113m  [38;2;127;118;113m  [38;2;33;30;29m  
[38;2;47;44;43m  [38;2;181;171;165m  [38;2;127;117;113m  [38;2;127;118;113m  [38;2;95;88;84m    [38;2;54;51;37m██[38;2;155;143;113m██[38;2;164;151;121m██[38;2;209;194;148m██[38;2;125;116;88m██[38;2;16;16;16m██[38;2;113;103;98m██[38;2;156;146;140m██[38;2;153;143;137m██[38;2;112;102;97m██[38;2;154;144;138m██[38;2;45;42;40m  [38;2;115;107;103m  [38;2;127;118;113m    [38;2;127;117;113m  [38;2;33;30;29m  
[38;2;35;33;32m  [38;2;135;128;123m  [38;2;95;88;84m          [38;2;8;7;7m  [38;2;0;0;0m    [38;2;45;42;40m  [38;2;95;88;84m  [38;2;99;97;96m  [38;2;144;137;132m██[38;2;139;131;127m██[38;2;170;163;158m██[38;2;80;72;68m██[38;2;12;11;11m  [38;2;95;88;84m        [38;2;24;23;22m  
[38;2;0;0;0m                          [38;2;64;63;63m██[38;2;46;39;39m██[38;2;58;58;58m  [38;2;0;0;0m              [0m
