
[38;2;0;0;0m                    [38;2;31;22;14m  [38;2;0;0;0m                        
[38;2;0;0;0m                    [38;2;226;140;82m██[38;2;0;0;0m██                      
[38;2;0;0;0m            [38;2;30;15;7m  [38;2;77;40;20m██[38;2;255;132;65m██[38;2;236;128;63m██[38;2;219;121;62m██[38;2;77;40;20m██[38;2;0;0;0m                      
[38;2;0;0;0m    [38;2;146;103;66m  [38;2;0;0;0m  [38;2;73;51;33m  [38;2;27;19;12m  [38;2;228;118;59m██[38;2;255;134;65m████[38;2;244;123;58m██[38;2;219;107;49m██[38;2;44;22;11m██[38;2;0;0;0m                      
[38;2;0;0;0m    [38;2;255;179;115m██[38;2;117;83;53m██[38;2;240;157;93m██[38;2;110;68;39m██[38;2;255;143;75m██[38;2;255;134;65m██████████[38;2;88;45;22m██[38;2;0;0;0m                    
[38;2;0;0;0m  [38;2;173;122;78m  [38;2;216;118;58m██[38;2;255;178;115m██[38;2;249;169;107m██[38;2;255;174;111m██[38;2;255;173;109m██[38;2;255;172;108m██[38;2;255;132;65m██[38;2;255;133;65m████[38;2;255;132;65m██[38;2;230;97;32m██[38;2;0;0;0m                    
[38;2;0;0;0m  [38;2;121;85;57m  [38;2;241;164;119m██[38;2;255;173;109m██[38;2;254;160;95m  [38;2;255;160;95m██████[38;2;255;178;115m██[38;2;184;110;68m██[38;2;125;102;89m██[38;2;65;97;114m██[38;2;117;87;80m██[38;2;147;80;49m██[38;2;1;0;0m  [38;2;0;0;0m                
[38;2;0;0;0m  [38;2;97;75;80m  [38;2;90;50;36m██[38;2;255;135;70m██[38;2;255;134;65m████████[38;2;82;74;70m██[38;2;66;139;173m██[38;2;69;126;175m██[38;2;72;109;173m██[38;2;65;129;174m██[38;2;68;133;165m██[38;2;3;0;0m  [38;2;0;0;0m                
[38;2;66;66;43m██[38;2;84;77;54m██[38;2;255;134;71m██[38;2;255;134;65m██████[38;2;227;121;64m██[38;2;74;99;116m██[38;2;68;129;181m██[38;2;66;67;71m██[38;2;73;105;173m██[38;2;70;87;126m██[38;2;71;94;144m██[38;2;70;88;128m██[38;2;50;71;117m██[38;2;0;0;0m                
[38;2;66;66;43m██[38;2;249;247;160m██[38;2;129;87;66m██[38;2;255;132;65m██[38;2;215;99;38m██[38;2;253;112;32m██[38;2;88;84;90m██[38;2;71;101;162m██[38;2;73;105;172m██[38;2;78;106;165m██[38;2;42;58;92m██[38;2;65;66;65m██[38;2;66;66;70m██[38;2;89;77;96m██[38;2;62;100;154m██[38;2;68;95;148m  [38;2;0;0;0m              
[38;2;0;0;0m  [38;2;199;199;129m██[38;2;155;130;91m██[38;2;164;90;48m██[38;2;212;111;58m██[38;2;91;96;126m██[38;2;54;89;120m██[38;2;69;84;116m██[38;2;102;111;88m██[38;2;13;120;86m██[38;2;2;1;0m  [38;2;0;0;0m  [38;2;170;69;19m██[38;2;145;68;26m  [38;2;80;56;56m██[38;2;3;1;0m  [38;2;0;0;0m  [38;2;0;23;14m██[38;2;0;181;111m██[38;2;0;164;101m██[38;2;0;26;16m  [38;2;0;0;0m    
[38;2;0;0;0m    [38;2;255;250;159m██[38;2;112;81;66m██[38;2;189;108;65m██[38;2;72;99;159m██[38;2;99;99;96m██[38;2;197;196;191m██[38;2;40;125;121m██[38;2;1;178;110m██[38;2;0;0;0m    [38;2;109;45;10m██[38;2;3;28;33m██[38;2;69;59;54m██[38;2;0;0;0m██    [38;2;15;148;68m██[38;2;0;181;113m██[38;2;0;55;33m██[38;2;0;0;0m    
[38;2;0;0;0m    [38;2;28;25;16m  [38;2;226;225;145m██[38;2;159;168;141m██[38;2;225;218;141m██[38;2;92;78;52m██[38;2;237;237;236m██[38;2;77;183;128m██[38;2;1;90;55m██[38;2;0;0;0m  ██[38;2;51;21;6m  [38;2;0;4;2m  [38;2;15;168;84m██[38;2;99;239;148m██[38;2;17;161;74m██[38;2;1;15;7m  [38;2;73;198;118m██[38;2;22;218;106m██[38;2;0;181;113m██[38;2;0;113;68m██[38;2;0;47;28m██
[38;2;0;0;0m    [38;2;77;77;50m██[38;2;255;255;165m██[38;2;255;251;162m██[38;2;253;249;155m██[38;2;250;242;140m██[38;2;195;196;133m██[38;2;5;186;104m██[38;2;0;9;5m  [38;2;0;0;0m      [38;2;2;176;108m██[38;2;1;161;88m██[38;2;1;235;122m██[38;2;22;225;105m██[38;2;45;229;116m██[38;2;75;236;135m██[38;2;18;218;106m██[38;2;0;180;113m██[38;2;0;179;108m██[38;2;0;45;27m  
[38;2;0;0;0m    [38;2;33;33;21m  [38;2;214;199;121m██[38;2;236;183;103m██[38;2;218;197;115m██[38;2;69;73;45m██[38;2;26;195;130m██[38;2;15;187;94m██[38;2;0;5;7m  [38;2;27;117;79m██[38;2;0;102;84m██[38;2;75;75;48m  [38;2;165;168;118m██[38;2;0;34;20m  [38;2;0;6;4m  [38;2;0;140;87m██[38;2;11;200;110m██[38;2;10;201;110m██[38;2;0;181;113m██[38;2;0;180;113m██[38;2;0;141;86m██[38;2;0;0;0m  
[38;2;0;0;0m            [38;2;6;0;0m  [38;2;27;135;71m██[38;2;24;227;105m██[38;2;6;231;135m██[38;2;24;173;119m██[38;2;247;255;179m██[38;2;251;251;162m██[38;2;255;255;165m██[38;2;110;110;71m██[38;2;0;0;0m  [38;2;0;100;61m  [38;2;0;181;113m████[38;2;0;178;111m██[38;2;0;165;104m██[38;2;0;0;0m    
[38;2;0;0;0m            [38;2;44;42;26m  [38;2;185;183;117m██[38;2;21;205;121m██[38;2;57;180;145m██[38;2;172;231;163m██[38;2;99;99;64m██[38;2;169;164;105m██[38;2;255;255;165m██[38;2;110;110;71m██[38;2;0;0;0m    [38;2;0;70;43m████[38;2;0;58;35m  [38;2;0;0;0m      
[38;2;0;0;0m            [38;2;3;80;63m██[38;2;177;185;114m██[38;2;10;193;124m██[38;2;24;227;105m██[38;2;9;89;77m██[38;2;0;0;0m    [38;2;255;255;165m██[38;2;127;124;79m██[38;2;0;0;0m                
[38;2;0;0;0m            [38;2;17;149;102m██[38;2;6;170;118m██[38;2;3;188;113m██[38;2;23;226;105m██[38;2;26;63;41m██[38;2;0;0;0m    [38;2;94;94;60m██[38;2;226;199;115m██[38;2;132;112;63m  [38;2;0;0;0m              
[38;2;0;0;0m            [38;2;36;33;28m██[38;2;19;157;107m██[38;2;82;77;68m██[38;2;33;194;97m██[38;2;48;45;38m██[38;2;0;0;0m    [38;2;9;8;6m██[38;2;219;188;110m██[38;2;203;174;100m██[38;2;5;7;11m  [38;2;0;0;0m            
[38;2;0;0;0m            [38;2;180;154;87m██[38;2;86;95;116m██[38;2;161;138;78m██[38;2;176;153;95m██[38;2;115;99;55m██[38;2;0;0;0m    [38;2;6;6;12m██[38;2;130;144;142m██[38;2;115;144;159m██[38;2;28;41;67m██[38;2;0;0;0m            
[38;2;0;0;0m            [38;2;61;84;132m██[38;2;40;49;69m██[38;2;189;176;123m██[38;2;161;165;161m██[38;2;46;48;55m  [38;2;0;0;0m                        
[38;2;0;0;0m              [38;2;2;1;0m  [38;2;19;33;47m██[38;2;29;30;33m██[38;2;0;0;4m  [38;2;0;0;0m                        [0m
