
[38;2;0;0;0m            [38;2;34;16;43m██[38;2;11;5;14m  [38;2;0;0;0m                        
[38;2;0;0;0m            [38;2;151;75;194m██[38;2;39;19;50m██[38;2;0;0;0m    [38;2;25;16;34m  [38;2;147;92;191m██[38;2;0;0;0m                
[38;2;0;0;0m            [38;2;159;80;203m██[38;2;115;72;137m██[38;2;59;29;74m██[38;2;14;7;18m  [38;2;66;48;81m██[38;2;196;120;255m██[38;2;16;15;17m  [38;2;0;0;0m  [38;2;19;9;18m  [38;2;59;29;74m██[38;2;0;0;0m        
[38;2;0;0;0m            [38;2;51;26;65m██[38;2;163;81;205m██[38;2;59;51;62m██[38;2;114;57;144m██[38;2;98;78;112m██[38;2;194;117;255m██[38;2;141;87;181m██[38;2;37;18;46m  [38;2;128;66;159m██[38;2;27;16;34m██[38;2;0;0;0m        
[38;2;0;0;0m            [38;2;40;20;51m██[38;2;163;81;205m██[38;2;0;0;0m    [38;2;199;123;255m██[38;2;76;56;90m██[38;2;22;11;27m  [38;2;88;44;111m██[38;2;26;26;26m  [38;2;0;0;0m          
[38;2;0;0;0m            [38;2;31;20;42m██[38;2;180;112;233m██[38;2;149;92;191m████[38;2;199;123;255m██[38;2;49;30;63m██[38;2;0;0;0m                
[38;2;0;0;0m            [38;2;131;85;166m██[38;2;206;151;247m██[38;2;207;151;247m██[38;2;200;127;253m██[38;2;199;123;255m████[38;2;81;50;104m  [38;2;0;0;0m  [38;2;27;16;34m  ██[38;2;0;0;0m        
[38;2;0;0;0m          [38;2;149;92;191m██[38;2;199;123;255m██[38;2;205;144;248m████[38;2;199;122;255m██[38;2;199;123;255m██[38;2;194;118;248m██[38;2;156;77;192m██[38;2;199;122;255m██[38;2;199;123;255m██[38;2;63;39;81m██[38;2;4;1;4m  [38;2;14;7;18m██[38;2;0;0;0m    
[38;2;0;0;0m        [38;2;21;13;28m  [38;2;174;105;219m██[38;2;199;123;255m██[38;2;182;101;223m██[38;2;177;113;224m██[38;2;113;85;134m██[38;2;225;186;255m██[38;2;152;73;186m██[38;2;199;123;255m████[38;2;177;113;224m██[38;2;114;76;143m██[38;2;104;60;131m██[38;2;116;73;138m██[38;2;31;30;31m  [38;2;0;0;0m  
[38;2;0;0;0m    [38;2;9;5;11m  [38;2;36;22;46m██[38;2;199;123;255m██[38;2;199;122;255m██[38;2;191;113;241m██[38;2;171;108;212m██[38;2;66;24;23m██[38;2;195;87;113m██[38;2;207;173;226m██[38;2;186;107;238m██[38;2;183;111;235m██[38;2;40;25;52m  [38;2;13;13;13m  [38;2;135;74;167m██[38;2;69;64;71m██[38;2;82;67;90m██[38;2;133;67;167m██[38;2;33;16;41m  
[38;2;36;25;46m  [38;2;147;101;185m██[38;2;149;105;190m██[38;2;196;125;251m██[38;2;199;122;255m██[38;2;174;99;225m██[38;2;168;91;216m██[38;2;145;77;182m██[38;2;131;65;155m██[38;2;154;73;189m██[38;2;186;107;238m██[38;2;179;100;227m██[38;2;134;75;167m██[38;2;14;14;14m  [38;2;14;13;14m  [38;2;136;75;168m██[38;2;125;75;150m██[38;2;56;34;67m██[38;2;0;0;0m    
[38;2;24;10;29m  [38;2;163;97;202m██[38;2;184;125;232m██[38;2;122;62;160m██[38;2;111;57;145m██[38;2;145;74;187m██[38;2;147;74;188m██[38;2;97;66;114m██[38;2;101;70;118m██[38;2;131;74;164m██[38;2;152;77;197m██[38;2;126;62;159m██[38;2;97;92;98m  [38;2;231;207;237m██[38;2;216;191;223m██[38;2;80;77;82m██[38;2;93;83;95m██[38;2;13;11;14m  [38;2;0;0;0m    
[38;2;0;0;0m  [38;2;18;7;22m  [38;2;29;14;37m██[38;2;7;3;9m  [38;2;0;0;0m  [38;2;22;11;27m      [38;2;38;27;44m██[38;2;125;75;150m██[38;2;153;77;200m██[38;2;37;18;48m██[38;2;191;191;191m  [38;2;33;30;34m  [38;2;98;92;99m██[38;2;165;143;171m██[38;2;184;150;192m██[38;2;49;41;51m██[38;2;0;0;0m    
[38;2;0;0;0m                [38;2;18;11;24m  [38;2;114;72;153m██[38;2;157;79;202m██[38;2;154;92;202m██[38;2;63;38;79m██[38;2;129;66;159m██[38;2;98;88;100m██[38;2;192;158;200m██[38;2;192;161;200m██[38;2;33;28;35m  [38;2;0;0;0m    
[38;2;0;0;0m                [38;2;49;30;63m██[38;2;193;120;249m██[38;2;195;119;250m██[38;2;197;122;253m██[38;2;195;121;250m██[38;2;101;78;117m██[38;2;100;91;102m██[38;2;211;177;219m██[38;2;62;50;65m██[38;2;0;0;0m      
[38;2;0;0;0m                [38;2;182;120;148m██[38;2;191;129;75m██[38;2;180;119;194m██[38;2;199;123;255m██[38;2;198;123;255m██[38;2;176;100;223m██[38;2;76;66;80m██[38;2;111;69;132m██[38;2;88;44;111m██[38;2;77;39;97m██[38;2;0;0;0m    
[38;2;0;0;0m                [38;2;158;113;72m██[38;2;165;119;68m██[38;2;145;113;77m██[38;2;185;120;210m██[38;2;136;56;163m██[38;2;147;73;186m██[38;2;138;77;170m██[38;2;16;16;16m██[38;2;0;0;0m        
[38;2;0;0;0m                [38;2;51;33;16m██[38;2;205;135;66m██[38;2;195;131;68m██[38;2;151;100;122m██[38;2;158;78;199m██[38;2;152;76;197m██[38;2;123;61;155m██[38;2;22;11;28m  [38;2;0;0;0m        
[38;2;0;0;0m                  [38;2;17;17;17m  [38;2;184;144;72m██[38;2;190;148;74m██[38;2;91;69;68m██[38;2;127;88;155m██[38;2;157;79;202m██[38;2;39;19;50m██[38;2;0;0;0m        
[38;2;0;0;0m                  [38;2;69;69;69m  [38;2;5;5;7m  [38;2;124;81;137m██[38;2;197;119;255m██[38;2;95;68;120m██[38;2;134;67;171m██[38;2;14;7;18m  [38;2;0;0;0m        
[38;2;0;0;0m                      [38;2;122;75;156m  [38;2;175;104;222m██[38;2;147;82;186m██[38;2;100;50;125m  [38;2;0;0;0m          
[38;2;0;0;0m                        [38;2;44;22;55m████[38;2;0;0;0m            [0m
