
[38;2;10;11;6m  [38;2;42;45;25m                        [38;2;0;0;0m  [38;2;42;49;31m██████[38;2;0;0;0m    [38;2;3;3;2m  [38;2;42;45;25m      [38;2;35;38;21m  [38;2;0;0;0m          
[38;2;42;44;25m  [38;2;163;174;97m                      [38;2;103;110;62m  [38;2;125;145;93m  [38;2;163;189;121m██████[38;2;127;147;95m████[38;2;119;138;88m  [38;2;112;120;67m  [38;2;163;174;97m    [38;2;137;147;82m  [38;2;0;0;0m          
[38;2;42;44;25m  [38;2;163;174;97m  [38;2;162;174;97m  [38;2;163;174;97m          [38;2;162;174;97m  [38;2;163;174;97m      [38;2;83;91;53m  [38;2;161;186;120m██[38;2;156;182;115m██[38;2;139;165;98m██[38;2;137;163;96m██[38;2;163;189;121m██████[38;2;94;109;70m██[38;2;120;128;72m  [38;2;162;174;97m  [38;2;137;147;82m  [38;2;0;0;0m          
[38;2;42;44;25m  [38;2;163;174;97m  [38;2;163;173;97m  [38;2;163;174;97m  [38;2;163;173;97m  [38;2;163;174;97m        [38;2;163;173;97m  [38;2;163;174;97m  [38;2;163;173;97m  [38;2;46;58;27m██[38;2;161;187;120m██[38;2;140;166;98m██[38;2;149;175;108m██[38;2;163;189;121m██████████[38;2;19;20;11m  [38;2;163;174;97m  [38;2;137;147;82m  [38;2;0;0;0m          
[38;2;42;44;25m  [38;2;163;174;97m  [38;2;163;173;97m  [38;2;163;174;97m  [38;2;162;174;97m  [38;2;163;173;97m  [38;2;163;174;97m        [38;2;139;148;83m  [38;2;58;66;42m  [38;2;163;189;122m██[38;2;163;189;121m██[38;2;163;189;122m██[38;2;163;189;121m████[38;2;163;189;122m██████[38;2;163;189;121m██[38;2;150;173;112m██[38;2;88;96;56m  [38;2;137;147;82m  [38;2;0;0;0m          
[38;2;42;44;25m  [38;2;162;174;97m  [38;2;22;24;13m    [38;2;163;174;97m  [38;2;162;174;97m  [38;2;163;174;97m  [38;2;163;173;97m  [38;2;163;174;97m  [38;2;162;174;97m  [38;2;92;99;55m  [38;2;154;179;115m██[38;2;163;189;121m████[38;2;73;87;49m██[38;2;25;29;18m██[38;2;163;189;121m██[38;2;162;189;121m██[38;2;163;189;121m██[38;2;162;189;121m██[38;2;163;189;121m██[38;2;162;189;121m██[38;2;148;172;111m██[38;2;19;20;11m  [38;2;0;0;0m          
[38;2;26;27;15m  [38;2;70;79;49m  [38;2;163;189;121m██[38;2;139;165;98m██[38;2;53;56;32m  [38;2;162;174;97m  [38;2;163;174;98m  [38;2;163;174;97m        [38;2;8;9;5m  [38;2;124;146;91m██[38;2;62;67;37m  [38;2;112;120;67m  [38;2;161;172;96m  [38;2;82;93;57m  [38;2;163;189;122m██[38;2;163;189;121m██[38;2;163;189;122m██[38;2;163;189;121m██[38;2;163;189;122m██[38;2;163;189;121m██[38;2;137;159;103m██[38;2;0;0;0m          
[38;2;0;0;0m  [38;2;126;146;94m██[38;2;163;189;121m████[38;2;103;120;77m  [38;2;140;149;84m  [38;2;163;174;97m          [38;2;147;157;88m  [38;2;74;80;45m  [38;2;162;173;97m  [38;2;163;174;97m    [38;2;154;164;92m  [38;2;23;27;17m██[38;2;163;189;121m██[38;2;162;189;121m██[38;2;163;189;121m██[38;2;162;189;121m████[38;2;137;159;103m██[38;2;0;0;0m          
[38;2;17;20;13m  [38;2;141;164;106m██[38;2;150;173;114m██[38;2;81;87;85m██[38;2;81;92;65m██[38;2;137;147;82m  [38;2;163;174;97m        [38;2;124;132;74m  [38;2;163;174;97m  [38;2;131;139;78m  [38;2;68;79;51m  [38;2;128;137;77m  [38;2;94;100;56m  [38;2;82;90;54m  [38;2;69;74;42m  [38;2;133;154;99m██[38;2;160;186;119m  [38;2;130;156;89m██[38;2;163;189;122m██[38;2;163;188;121m██[38;2;0;0;0m            
[38;2;42;48;31m██[38;2;163;189;121m██[38;2;73;77;78m██[38;2;81;89;105m██[38;2;43;43;43m██[38;2;137;147;82m  [38;2;163;174;97m      [38;2;22;24;13m  [38;2;91;105;67m  [38;2;155;165;93m  [38;2;87;93;52m  [38;2;117;143;77m██[38;2;81;87;48m  [38;2;2;2;1m██[38;2;55;67;36m██[38;2;162;173;97m  [38;2;71;76;43m  [38;2;96;122;55m██[38;2;158;184;117m██[38;2;163;189;121m████[38;2;0;0;0m            
[38;2;30;36;19m██[38;2;136;162;95m██[38;2;69;72;77m██[38;2;68;69;72m██[38;2;134;155;100m██[38;2;85;92;53m  [38;2;163;174;97m      [38;2;82;88;49m  [38;2;86;105;56m██[38;2;6;7;3m██[38;2;60;64;42m  [38;2;91;105;70m██[38;2;29;29;29m██[38;2;92;106;70m██[38;2;74;86;55m██[38;2;29;29;29m██[38;2;105;120;82m██[38;2;163;189;121m████[38;2;160;186;119m██[38;2;139;165;98m██[38;2;119;141;85m██[38;2;0;0;0m          
[38;2;0;0;0m  [38;2;91;111;59m██[38;2;101;119;72m██[38;2;142;163;110m██[38;2;148;174;107m██[38;2;115;140;74m██[38;2;61;65;36m  [38;2;163;174;97m      [38;2;28;28;28m██[38;2;154;179;116m██[38;2;64;64;64m██[38;2;85;110;45m██[38;2;85;111;45m████[38;2;75;87;55m██[38;2;69;71;67m██[38;2;119;144;78m██[38;2;163;189;121m████[38;2;123;149;82m██[38;2;133;159;92m██[38;2;136;158;102m██[38;2;0;0;0m          
[38;2;21;22;12m  [38;2;63;74;40m  [38;2;91;105;89m██[38;2;106;117;91m██[38;2;117;143;76m██[38;2;67;82;43m██[38;2;111;118;66m  [38;2;163;174;97m      [38;2;92;99;55m  [38;2;77;89;57m██[38;2;163;189;121m██[38;2;114;128;93m██[38;2;113;127;93m████[38;2;140;160;108m██[38;2;161;187;120m██[38;2;124;150;83m██[38;2;163;188;121m██[38;2;149;175;108m██[38;2;117;142;76m██[38;2;116;143;76m██[38;2;0;0;0m            
[38;2;42;44;25m  [38;2;39;41;23m  [38;2;185;206;143m██[38;2;184;205;143m██[38;2;4;4;2m  [38;2;184;194;100m  [38;2;214;226;116m  [38;2;216;229;118m  [38;2;215;227;117m  [38;2;22;24;14m  [38;2;71;83;53m██[38;2;162;189;121m██[38;2;55;67;35m██[38;2;158;184;118m██[38;2;162;188;121m██[38;2;161;187;120m██[38;2;116;143;76m██[38;2;114;140;73m██[38;2;129;155;88m██[38;2;117;143;76m████[38;2;116;142;75m██[38;2;83;93;68m██[38;2;88;107;55m██[38;2;145;153;79m  [38;2;217;229;118m    [38;2;168;177;91m  [38;2;0;0;0m  
[38;2;42;44;25m  [38;2;163;174;97m  [38;2;55;61;42m██[38;2;35;39;27m██[38;2;217;229;118m  [38;2;118;124;64m  [38;2;118;123;96m  [38;2;202;214;110m  [38;2;114;118;87m  [38;2;244;244;244m██[38;2;100;118;72m██[38;2;163;189;121m██[38;2;128;148;95m██[38;2;88;102;65m██[38;2;53;65;34m██████[38;2;103;129;62m██[38;2;117;143;76m████[38;2;116;143;76m██[38;2;92;104;73m██[38;2;130;148;96m██[38;2;139;157;103m██[38;2;145;153;79m  [38;2;216;229;118m  [38;2;216;229;117m  [38;2;168;177;91m  [38;2;0;0;0m  
[38;2;42;44;25m  [38;2;163;174;97m  [38;2;75;77;66m  [38;2;237;244;220m██[38;2;76;80;45m  [38;2;34;36;20m  [38;2;180;185;169m██[38;2;12;12;12m██[38;2;87;97;71m██[38;2;235;239;229m██[38;2;136;162;95m██[38;2;162;189;121m██[38;2;161;187;120m██[38;2;125;150;87m██[38;2;182;194;163m██[38;2;252;253;252m██[38;2;143;169;104m██[38;2;5;5;6m██[38;2;68;82;46m██[38;2;109;134;71m  [38;2;47;58;31m██[38;2;156;177;116m██[38;2;167;189;126m██[38;2;33;35;18m  [38;2;217;229;117m  [38;2;217;229;118m    [38;2;168;177;91m  [38;2;0;0;0m  
[38;2;42;44;25m  [38;2;163;174;97m  [38;2;153;161;83m  [38;2;194;200;180m██[38;2;153;165;130m  [38;2;162;166;152m██[38;2;175;179;164m████[38;2;114;129;112m██[38;2;145;171;104m██[38;2;152;178;111m██[38;2;163;189;121m██[38;2;164;183;134m██[38;2;254;254;253m██[38;2;201;201;201m██[38;2;174;190;151m██[38;2;158;179;125m██[38;2;90;98;112m██[38;2;182;187;169m██[38;2;37;37;37m██[38;2;85;101;60m██[38;2;25;26;21m██[38;2;228;237;207m██[38;2;131;135;116m  [38;2;175;185;95m  [38;2;217;229;118m  [38;2;217;228;118m  [38;2;168;177;91m  [38;2;0;0;0m  
[38;2;42;44;25m  [38;2;163;173;97m  [38;2;217;229;118m  [38;2;58;61;31m  [38;2;33;34;27m  [38;2;74;76;70m██[38;2;129;133;121m██[38;2;130;149;95m██[38;2;175;183;171m██[38;2;83;91;107m██[38;2;160;186;119m██[38;2;163;188;121m██[38;2;117;142;79m██[38;2;121;147;80m██[38;2;142;168;101m██[38;2;162;188;121m██[38;2;124;139;118m██[38;2;240;247;222m██[38;2;140;143;133m██[38;2;165;187;123m██[38;2;115;124;97m██[38;2;73;74;71m██[38;2;156;162;144m██[38;2;237;245;220m██[38;2;78;81;72m██[38;2;199;210;108m  [38;2;217;229;118m  [38;2;168;177;91m  [38;2;0;0;0m  
[38;2;42;44;25m  [38;2;163;174;97m  [38;2;217;229;118m    [38;2;145;153;79m  [38;2;158;176;123m██[38;2;80;85;70m██[38;2;185;199;157m██[38;2;208;219;186m██[38;2;185;192;182m██[38;2;112;131;94m██[38;2;113;129;111m██[38;2;148;159;147m██[38;2;134;159;93m██[38;2;123;144;102m██[38;2;113;128;113m██[38;2;212;219;202m██[38;2;238;245;220m██[38;2;169;184;141m██[38;2;102;111;87m██[38;2;120;125;109m██[38;2;233;241;215m██[38;2;167;182;138m██[38;2;143;158;115m██[38;2;121;132;98m██[38;2;67;79;40m  [38;2;177;187;96m  [38;2;168;177;91m  [38;2;0;0;0m  
[38;2;0;0;0m    [38;2;217;229;118m  [38;2;192;203;104m  [38;2;79;88;61m██[38;2;165;184;128m██[38;2;97;103;53m  [38;2;52;55;28m  [38;2;179;192;151m██[38;2;230;239;210m██[38;2;181;188;179m██[38;2;104;111;122m██[38;2;240;246;223m██[38;2;106;114;124m██[38;2;172;179;172m██[38;2;239;246;222m██[38;2;232;241;212m██[38;2;187;208;146m██[38;2;187;209;145m██[38;2;163;179;129m██[38;2;146;159;118m██[38;2;59;60;59m██[38;2;185;190;173m██[38;2;102;105;94m██[38;2;116;134;81m██[38;2;157;174;122m██[38;2;139;147;77m  [38;2;168;177;91m  [38;2;0;0;0m  
[38;2;0;0;0m    [38;2;175;184;95m  [38;2;69;82;41m  [38;2;150;172;109m██[38;2;29;32;22m██[38;2;217;229;118m    [38;2;143;151;77m  [38;2;70;77;52m  [38;2;128;137;110m██[38;2;204;221;171m██[38;2;205;221;172m████[38;2;150;167;118m██[38;2;149;166;117m██[38;2;162;183;120m██[38;2;183;204;143m██[38;2;106;113;92m██[38;2;139;152;112m██[38;2;63;71;49m██[38;2;135;143;77m  [38;2;182;187;169m██[38;2;206;212;191m██[38;2;103;108;59m  [38;2;87;97;67m██[38;2;142;158;110m██[38;2;57;60;31m  [38;2;0;0;0m  
[38;2;0;0;0m    [38;2;72;79;50m  [38;2;154;171;119m██[38;2;39;41;21m  [38;2;189;199;102m  [38;2;217;229;118m        [38;2;140;148;76m  [38;2;39;41;21m    [38;2;84;102;51m  [38;2;154;171;119m████[38;2;117;135;83m██[38;2;39;41;21m    [38;2;54;57;29m  [38;2;217;229;118m  [38;2;190;201;103m  [38;2;153;157;142m██[38;2;209;215;194m██[38;2;133;140;78m  [38;2;60;65;39m  [38;2;118;139;80m██[38;2;104;121;74m██[38;2;9;10;8m  
[38;2;0;0;0m    [38;2;197;208;107m  [38;2;151;160;82m  [38;2;216;229;118m  [38;2;217;229;118m  [38;2;216;229;118m    [38;2;217;229;118m  [38;2;216;229;118m  [38;2;216;228;118m  [38;2;216;229;118m    [38;2;153;161;83m  [38;2;151;160;82m      [38;2;217;229;118m  [38;2;216;228;118m  [38;2;216;229;118m    [38;2;209;220;113m  [38;2;100;105;72m  [38;2;240;247;223m██[38;2;78;80;73m██[38;2;204;215;111m  [38;2;66;73;37m  [38;2;64;68;55m██[38;2;114;126;90m  
[38;2;0;0;0m    [38;2;217;229;118m    [38;2;217;229;117m  [38;2;217;229;118m            [38;2;217;229;117m  [38;2;217;229;118m  [38;2;217;229;117m  [38;2;217;229;118m  [38;2;217;229;117m    [38;2;217;229;118m  [38;2;217;229;117m  [38;2;217;229;118m  [38;2;217;229;117m  [38;2;217;229;118m  [38;2;109;115;59m  [38;2;174;182;156m██[38;2;124;143;87m██[38;2;74;77;57m  [38;2;203;214;110m  [38;2;183;202;134m  [38;2;146;163;113m  
[38;2;0;0;0m    [38;2;56;59;30m                                          [38;2;4;5;2m  [38;2;50;53;44m██[38;2;50;52;46m  [38;2;39;42;21m  [38;2;43;46;23m  [38;2;0;0;0m  [0m
