
[38;2;0;0;0m                    [38;2;28;30;33m  [38;2;5;5;5m  [38;2;0;0;0m                    
[38;2;0;0;0m                  [38;2;22;24;27m  [38;2;115;124;143m██[38;2;5;5;5m  [38;2;0;0;0m                    
[38;2;0;0;0m                [38;2;4;4;4m  [38;2;88;92;100m██[38;2;79;83;91m██[38;2;5;5;5m  [38;2;0;0;0m                    
[38;2;0;0;0m                [38;2;40;40;40m  [38;2;110;119;135m██[38;2;28;29;30m██[38;2;0;0;0m                      
[38;2;0;0;0m                [38;2;68;74;86m██[38;2;68;70;73m██[38;2;70;72;76m██[38;2;58;66;39m  [38;2;3;3;3m  [38;2;0;0;0m    [38;2;1;1;1m  [38;2;112;112;112m██[38;2;3;3;3m  [38;2;0;0;0m        
[38;2;0;0;0m        [38;2;3;3;3m  [38;2;6;6;6m  [38;2;0;0;0m  [38;2;24;25;21m  [38;2;115;121;103m██[38;2;78;85;98m██[38;2;140;160;98m██[38;2;170;196;110m██[38;2;167;194;108m██[38;2;6;6;6m  [38;2;0;0;0m  [38;2;3;3;3m  [38;2;248;248;248m██[38;2;87;95;95m  [38;2;6;6;6m  [38;2;0;0;0m      
[38;2;0;0;0m        [38;2;3;3;3m  [38;2;100;109;127m██[38;2;50;53;57m██[38;2;172;199;113m██[38;2;199;216;158m██[38;2;147;158;123m██[38;2;175;201;118m██[38;2;104;115;87m██[38;2;74;78;86m██[38;2;49;51;56m██[38;2;0;0;0m  [38;2;116;116;116m██[38;2;217;225;225m██[38;2;235;238;238m██[38;2;6;6;6m  [38;2;0;0;0m      
[38;2;0;0;0m          [38;2;7;7;7m██[38;2;103;112;130m██[38;2;75;77;70m██[38;2;171;197;111m██[38;2;147;167;101m██[38;2;69;70;71m██[38;2;103;110;124m██[38;2;66;66;66m██[38;2;7;8;6m  [38;2;9;9;9m  [38;2;242;242;242m██[38;2;66;67;68m██[38;2;111;111;111m██[38;2;0;0;0m        
[38;2;0;0;0m          [38;2;7;7;7m██[38;2;86;92;104m██[38;2;99;106;114m██[38;2;107;118;83m██[38;2;97;102;114m██[38;2;87;91;99m██[38;2;74;79;87m██[38;2;75;79;88m██[38;2;68;71;56m██[38;2;65;65;63m██[38;2;109;111;116m██[38;2;81;89;105m██[38;2;53;53;53m██[38;2;3;3;3m  [38;2;0;0;0m      
[38;2;0;0;0m        [38;2;3;3;3m  [38;2;131;137;95m██[38;2;67;67;69m██[38;2;78;84;97m██[38;2;96;102;114m██[38;2;70;72;76m██[38;2;79;86;100m██[38;2;113;121;97m██[38;2;85;90;74m██[38;2;74;79;87m██[38;2;80;87;102m██[38;2;80;85;87m██[38;2;79;86;100m██[38;2;80;85;87m██[38;2;16;17;19m  [38;2;0;0;0m      
[38;2;0;0;0m        [38;2;3;3;3m  [38;2;86;88;75m██[38;2;73;77;85m██[38;2;67;68;69m██[38;2;71;74;80m██[38;2;62;64;68m██[38;2;145;145;145m██[38;2;168;184;133m██[38;2;80;87;91m██[38;2;73;76;83m██[38;2;70;72;77m██[38;2;130;142;119m██[38;2;162;172;137m██[38;2;101;106;81m██[38;2;78;86;100m██[38;2;20;20;20m  [38;2;0;0;0m    
[38;2;0;0;0m          [38;2;7;7;7m██[38;2;67;68;70m██[38;2;163;188;107m██[38;2;122;131;90m██[38;2;171;198;111m██[38;2;153;175;103m██[38;2;73;76;83m██[38;2;68;70;73m██[38;2;78;84;96m████[38;2;117;123;107m██[38;2;131;137;95m██[38;2;149;164;102m██[38;2;65;66;67m██[38;2;27;29;33m  [38;2;0;0;0m    
[38;2;0;0;0m          [38;2;1;1;1m  [38;2;53;57;66m██[38;2;94;101;78m██[38;2;160;180;106m██[38;2;90;96;76m██[38;2;81;87;91m██[38;2;69;71;75m██[38;2;159;123;83m██[38;2;105;91;76m██[38;2;77;82;94m██[38;2;104;115;86m██[38;2;162;184;107m██[38;2;152;169;103m██[38;2;18;18;18m  [38;2;0;0;0m      
[38;2;1;1;1m  [38;2;26;28;32m██[38;2;20;21;24m  [38;2;0;0;0m    [38;2;58;66;39m██[38;2;86;88;75m██[38;2;81;88;103m██[38;2;70;73;78m██[38;2;81;88;103m██[38;2;77;82;93m██[38;2;139;110;78m██[38;2;165;144;93m██[38;2;144;165;99m██[38;2;78;84;92m██[38;2;74;79;87m██[38;2;70;73;78m██[38;2;116;127;87m██[38;2;131;142;91m██[38;2;2;2;2m  [38;2;0;0;0m    
[38;2;1;1;1m  [38;2;68;74;88m██[38;2;78;85;100m██[38;2;11;12;13m  [38;2;70;80;46m  [38;2;171;198;111m██[38;2;15;15;15m██[38;2;68;69;71m██[38;2;77;82;93m██[38;2;67;68;70m██[38;2;106;110;84m██[38;2;143;139;94m██[38;2;138;144;96m██[38;2;137;145;97m██[38;2;72;73;68m██[38;2;67;67;69m██[38;2;81;89;105m██[38;2;49;53;56m██[38;2;168;195;109m██[38;2;57;65;38m  [38;2;0;0;0m    
[38;2;0;0;0m  [38;2;46;48;34m  [38;2;81;89;105m████[38;2;98;107;86m██[38;2;7;7;7m██[38;2;1;1;1m  [38;2;37;37;34m  [38;2;97;100;76m██[38;2;105;111;77m██[38;2;76;77;70m██[38;2;98;86;74m████[38;2;94;97;76m██[38;2;66;67;65m██[38;2;81;89;105m██[38;2;72;75;81m██[38;2;18;19;22m  [38;2;78;89;53m  [38;2;162;184;107m██[38;2;5;5;5m  [38;2;0;0;0m  
[38;2;48;55;33m  [38;2;137;145;96m██[38;2;72;75;82m██[38;2;81;90;105m██[38;2;81;89;104m██[38;2;77;84;99m██[38;2;45;49;57m  [38;2;68;68;65m██[38;2;117;122;84m██[38;2;98;103;70m██[38;2;82;84;73m██[38;2;142;151;98m██[38;2;169;192;109m██[38;2;102;108;74m██[38;2;128;132;93m██[38;2;73;77;85m██[38;2;81;89;105m██[38;2;79;87;102m██[38;2;81;85;72m██[38;2;73;84;48m██[38;2;0;0;0m    
[38;2;3;3;3m    [38;2;51;52;55m██[38;2;81;88;104m██[38;2;81;89;105m  ████[38;2;42;42;41m██[38;2;100;106;80m██[38;2;103;107;77m██[38;2;70;72;56m██[38;2;109;115;78m████[38;2;112;116;83m██[38;2;112;124;85m██[38;2;93;100;77m██[38;2;81;89;105m████[38;2;78;86;101m██[38;2;17;19;21m  [38;2;10;11;12m  [38;2;16;17;19m██
[38;2;0;0;0m    [38;2;3;3;3m  [38;2;75;82;97m██[38;2;81;89;105m████[38;2;33;33;33m  [38;2;0;0;0m  [38;2;53;58;68m  [38;2;69;75;88m██[38;2;2;2;2m  [38;2;40;41;30m  [38;2;129;134;93m██[38;2;6;6;6m    [38;2;72;76;83m██[38;2;81;89;105m██[38;2;81;89;106m████[38;2;81;89;105m████[38;2;26;29;33m  
[38;2;0;0;0m  [38;2;5;5;5m  [38;2;61;66;78m██[38;2;73;77;85m██[38;2;55;58;63m██[38;2;39;43;50m██[38;2;1;1;1m  [38;2;0;0;0m  [38;2;4;4;4m  [38;2;110;104;98m██[38;2;86;90;68m██[38;2;3;3;3m    [38;2;1;1;1m  [38;2;3;3;3m  [38;2;59;62;70m██[38;2;81;89;105m██████[38;2;76;81;91m██[38;2;68;74;88m██[38;2;1;1;1m  
[38;2;0;0;0m    [38;2;6;6;6m    [38;2;3;3;3m  [38;2;0;0;0m      [38;2;45;46;47m██[38;2;114;118;88m██[38;2;109;112;86m██[38;2;5;5;5m  [38;2;0;0;0m  [38;2;2;2;2m  [38;2;68;74;87m  [38;2;80;87;101m██[38;2;81;89;105m██████[38;2;74;81;95m██[38;2;5;5;5m  [38;2;0;0;0m  
[38;2;0;0;0m                [38;2;54;59;70m██[38;2;37;39;42m██[38;2;42;44;49m██[38;2;1;1;1m  [38;2;0;0;0m    [38;2;2;2;2m  [38;2;49;52;56m██[38;2;71;74;80m████[38;2;30;33;38m  [38;2;2;2;2m  [38;2;0;0;0m    
[38;2;0;0;0m                [38;2;45;49;57m  [38;2;17;18;20m  [38;2;22;24;27m  [38;2;0;0;0m        [38;2;41;44;51m██[38;2;7;7;7m██[38;2;41;44;52m██[38;2;0;0;0m        
[38;2;0;0;0m                [38;2;1;1;1m  [38;2;0;0;0m            [38;2;13;14;16m  [38;2;1;1;1m  [38;2;13;14;16m  [38;2;0;0;0m        [0m
