
[38;2;0;0;0m                  [38;2;8;8;9m  [38;2;61;58;62m████[38;2;13;13;14m  [38;2;0;0;0m  [38;2;55;53;56m  [38;2;65;63;66m████[38;2;32;31;33m  [38;2;0;0;0m            
[38;2;0;0;0m                  [38;2;190;182;194m██[38;2;236;226;242m██[38;2;215;205;218m██[38;2;180;172;182m██[38;2;105;87;79m██[38;2;245;240;242m██[38;2;252;249;255m██[38;2;249;245;255m██[38;2;213;207;221m██[38;2;185;177;189m  [38;2;0;0;0m          
[38;2;0;0;0m                  [38;2;163;158;153m██[38;2;195;188;199m██[38;2;198;190;203m██[38;2;110;106;105m██[38;2;155;110;91m██[38;2;213;206;215m██[38;2;164;151;145m██[38;2;188;183;189m██[38;2;238;232;247m██[38;2;240;232;247m██[38;2;146;141;151m██[38;2;73;70;76m██[38;2;73;70;75m██[38;2;0;0;0m    
[38;2;0;0;0m                  [38;2;158;153;146m██[38;2;102;100;98m██[38;2;178;111;75m██[38;2;72;70;72m██[38;2;179;108;68m██[38;2;171;165;169m██[38;2;131;89;66m██[38;2;75;68;65m██[38;2;238;231;247m██[38;2;238;232;247m██[38;2;239;231;249m██[38;2;233;221;239m██[38;2;185;179;176m██[38;2;91;83;77m██[38;2;17;15;14m  
[38;2;0;0;0m                  [38;2;17;16;16m  [38;2;161;156;155m██[38;2;85;77;67m██[38;2;136;113;79m██[38;2;243;180;80m██[38;2;148;126;81m██[38;2;154;124;77m██[38;2;132;111;80m██[38;2;159;156;150m██[38;2;224;209;225m  [38;2;202;193;203m██[38;2;204;198;205m██[38;2;137;138;133m██[38;2;116;112;104m██[38;2;31;30;28m██
[38;2;0;0;0m                  [38;2;8;8;13m  [38;2;80;71;66m██[38;2;230;200;85m██[38;2;249;214;90m██[38;2;193;161;55m██[38;2;254;219;91m██[38;2;230;199;85m██[38;2;253;217;91m██[38;2;158;142;82m██[38;2;84;80;73m██[38;2;146;131;78m██[38;2;176;172;164m██[38;2;135;135;126m██[38;2;116;112;104m██[38;2;31;30;28m██
[38;2;0;0;0m          [38;2;59;37;29m  [38;2;79;51;40m██[38;2;114;73;56m██[38;2;143;82;54m██[38;2;90;68;61m██[38;2;195;183;140m██[38;2;114;101;67m██[38;2;170;143;53m██[38;2;199;180;94m██[38;2;186;163;87m██[38;2;192;164;78m██[38;2;251;217;86m██[38;2;163;143;73m██[38;2;209;176;61m██[38;2;122;108;63m██[38;2;178;174;167m██[38;2;154;152;143m██[38;2;65;63;59m██[38;2;11;11;11m  
[38;2;0;0;0m      [38;2;130;77;62m  [38;2;126;74;54m██[38;2;155;97;77m██[38;2;157;99;75m██[38;2;9;10;6m██[38;2;66;40;25m██[38;2;203;195;206m██[38;2;195;184;139m██[38;2;177;157;72m██[38;2;209;181;77m██[38;2;143;132;115m██[38;2;212;194;106m██[38;2;217;196;127m██[38;2;249;215;85m██[38;2;110;95;58m██[38;2;152;121;33m██[38;2;122;104;55m██[38;2;68;67;67m██[38;2;15;15;14m██[38;2;0;0;0m    
[38;2;0;0;0m      [38;2;124;73;53m██[38;2;157;98;77m██[38;2;132;89;69m██[38;2;41;28;22m  [38;2;0;0;0m    [38;2;208;205;208m██[38;2;179;177;181m██[38;2;172;171;172m████[38;2;165;154;112m██[38;2;156;138;96m██[38;2;151;152;127m██[38;2;146;141;111m██[38;2;133;110;51m██[38;2;137;117;55m██[38;2;101;71;60m██[38;2;44;28;22m  [38;2;0;0;0m      
[38;2;0;0;0m      [38;2;139;87;69m██[38;2;188;110;73m██[38;2;226;125;69m██[38;2;0;0;0m      [38;2;39;38;41m██[38;2;240;231;247m██[38;2;76;73;70m██[38;2;214;214;179m██[38;2;246;246;246m██[38;2;232;234;239m██[38;2;239;237;245m██[38;2;235;225;239m██[38;2;234;224;239m██[38;2;65;64;64m██[38;2;113;73;59m██[38;2;108;71;58m██[38;2;22;20;24m  [38;2;0;0;0m    
[38;2;0;0;0m    [38;2;55;34;27m██[38;2;155;98;77m██[38;2;129;77;54m██[38;2;121;66;36m██[38;2;0;0;0m      [38;2;90;72;21m██[38;2;120;116;123m██[38;2;171;154;87m██[38;2;106;98;73m██[38;2;212;206;219m██[38;2;155;138;78m██[38;2;156;152;156m██[38;2;133;112;60m██[38;2;108;99;66m██[38;2;154;139;76m██[38;2;114;81;64m██[38;2;111;72;58m██[38;2;100;76;67m██[38;2;0;0;0m    
[38;2;0;0;0m    [38;2;158;96;77m██[38;2;157;99;77m██[38;2;0;0;0m        [38;2;125;98;22m██[38;2;207;163;38m██[38;2;109;94;56m██[38;2;65;64;65m████[38;2;186;179;190m██[38;2;175;151;60m██[38;2;197;163;52m██[38;2;73;70;63m██[38;2;222;192;75m██[38;2;232;128;70m██[38;2;207;112;57m██[38;2;69;68;64m██[38;2;40;25;20m██[38;2;0;0;0m    
[38;2;0;0;0m  [38;2;43;32;23m  [38;2;155;101;79m██[38;2;157;99;77m██[38;2;0;0;0m      [38;2;115;91;23m██[38;2;188;164;71m██[38;2;152;97;67m██[38;2;154;126;73m██[38;2;255;221;89m██[38;2;237;199;71m██[38;2;154;132;67m██[38;2;159;141;75m██[38;2;93;82;66m██[38;2;222;177;83m██[38;2;246;197;83m██[38;2;235;174;83m██[38;2;198;124;51m██[38;2;70;64;64m██[38;2;40;25;20m██[38;2;0;0;0m    
[38;2;41;26;21m██[38;2;153;97;77m██[38;2;156;97;77m██[38;2;160;99;75m██[38;2;134;74;40m██[38;2;0;0;0m    [38;2;201;160;39m██[38;2;240;168;78m██[38;2;235;145;73m██[38;2;129;118;73m██[38;2;247;216;88m██[38;2;251;223;89m██[38;2;238;159;76m██[38;2;251;222;88m██[38;2;181;162;79m██[38;2;73;70;66m██[38;2;253;219;88m██[38;2;250;214;94m██[38;2;114;100;57m██[38;2;114;72;58m██[38;2;119;69;56m██[38;2;0;0;0m    
[38;2;18;11;9m  [38;2;99;67;51m██[38;2;155;100;78m██[38;2;186;110;74m██[38;2;232;128;70m██[38;2;4;2;1m██[38;2;0;0;0m  [38;2;6;6;2m  [38;2;109;96;38m██[38;2;130;115;46m██[38;2;254;219;82m██[38;2;108;97;68m██[38;2;253;221;84m██[38;2;249;210;86m██[38;2;250;216;87m██[38;2;248;201;84m██[38;2;242;168;78m██[38;2;216;167;57m██[38;2;79;65;21m  [38;2;17;16;15m  [38;2;114;72;58m██[38;2;74;44;36m██[38;2;0;0;0m    
[38;2;0;0;0m  [38;2;0;2;0m  [38;2;147;95;75m██[38;2;157;99;77m██[38;2;111;71;57m██[38;2;2;1;1m  [38;2;0;0;0m        [38;2;40;37;39m  [38;2;167;143;63m██[38;2;157;138;66m██[38;2;247;217;84m██[38;2;231;138;69m██[38;2;225;164;66m██[38;2;192;92;38m██[38;2;107;80;33m██[38;2;0;0;0m  [38;2;65;43;36m██[38;2;100;66;54m██[38;2;0;0;0m      
[38;2;0;0;0m    [38;2;55;35;27m██[38;2;157;99;77m██[38;2;128;81;64m██[38;2;1;1;0m  [38;2;0;0;0m  [38;2;8;4;2m  [38;2;141;77;42m██[38;2;120;66;36m  [38;2;0;0;0m  [38;2;109;85;20m██[38;2;162;131;48m██[38;2;119;101;55m██[38;2;189;129;41m██[38;2;204;137;44m██[38;2;122;83;61m██[38;2;120;118;115m██[38;2;110;109;104m██[38;2;142;135;126m██[38;2;32;30;27m  [38;2;0;0;0m      
[38;2;0;0;0m      [38;2;138;87;69m██[38;2;157;99;77m██[38;2;155;98;77m██[38;2;20;12;10m██[38;2;159;99;77m██[38;2;232;128;71m██[38;2;232;128;70m██[38;2;77;45;32m██[38;2;76;75;77m██[38;2;80;78;78m██[38;2;185;147;44m██[38;2;95;88;73m██[38;2;74;72;73m██[38;2;173;169;163m██[38;2;135;131;128m██[38;2;91;88;92m██[38;2;212;205;209m██[38;2;164;160;154m██[38;2;23;23;22m██[38;2;127;125;120m  [38;2;0;0;0m  
[38;2;0;0;0m    [38;2;27;15;13m  [38;2;126;75;61m██[38;2;158;96;77m██[38;2;156;98;77m██[38;2;156;97;77m██[38;2;129;82;65m██[38;2;201;113;67m██[38;2;221;125;71m██[38;2;95;69;62m██[38;2;181;176;169m██[38;2;182;176;169m██[38;2;140;137;133m██[38;2;175;171;164m██[38;2;179;175;175m██[38;2;215;210;217m██[38;2;211;203;207m██[38;2;242;231;247m████[38;2;173;169;162m██[38;2;77;76;74m██[38;2;0;0;0m    
[38;2;0;0;0m    [38;2;35;20;16m  [38;2;116;68;56m██[38;2;105;67;54m██[38;2;148;93;73m██[38;2;131;82;65m██[38;2;115;72;58m████[38;2;113;67;55m██[38;2;150;148;139m██[38;2;181;176;169m██[38;2;182;176;169m██[38;2;241;232;247m██[38;2;241;231;246m██[38;2;239;232;247m██[38;2;238;232;247m██[38;2;242;232;247m██[38;2;182;177;171m██[38;2;203;196;197m██[38;2;133;130;125m  [38;2;0;0;0m      
[38;2;0;0;0m      [38;2;31;19;16m  [38;2;19;12;10m  [38;2;33;21;17m  [38;2;79;46;38m██[38;2;120;69;56m████[38;2;99;73;62m██[38;2;157;151;143m██[38;2;182;176;169m██[38;2;213;206;211m██[38;2;238;231;247m██[38;2;237;231;247m████[38;2;238;231;247m██[38;2;221;213;221m██[38;2;183;176;168m██[38;2;111;107;103m██[38;2;0;0;0m        
[38;2;0;0;0m              [38;2;5;3;2m  [38;2;104;66;53m██[38;2;120;69;56m██[38;2;69;54;48m██[38;2;181;176;169m██[38;2;183;176;169m██[38;2;150;145;153m██[38;2;190;187;194m██[38;2;207;202;205m██[38;2;183;176;169m██[38;2;162;158;152m██[38;2;0;0;0m            
[38;2;0;0;0m                [38;2;17;11;9m  [38;2;31;17;14m██[38;2;9;6;4m  [38;2;47;46;44m██[38;2;47;45;44m██[38;2;0;0;0m  [38;2;1;1;0m  [38;2;44;43;43m██[38;2;47;45;44m██[38;2;24;24;23m  [38;2;0;0;0m            [0m
