
[38;2;0;0;0m                                [38;2;10;3;5m██  [38;2;0;0;0m        
[38;2;0;0;0m                                [38;2;8;2;4m  [38;2;100;34;53m██[38;2;0;0;0m        
[38;2;0;0;0m                                  [38;2;86;25;40m  [38;2;135;42;65m██[38;2;68;37;46m██[38;2;123;36;58m██[38;2;0;0;0m  
[38;2;0;0;0m                                  [38;2;40;40;40m  [38;2;161;49;78m██[38;2;149;49;76m██[38;2;123;36;58m██[38;2;0;0;0m  
[38;2;0;0;0m                              [38;2;43;12;20m██[38;2;142;41;64m██[38;2;106;31;50m██[38;2;160;50;79m██[38;2;161;50;80m██[38;2;163;48;78m██[38;2;40;12;19m██
[38;2;0;0;0m                            [38;2;36;10;16m  [38;2;128;38;62m██[38;2;12;3;4m  [38;2;0;0;0m  [38;2;55;17;28m██[38;2;161;50;80m████[38;2;40;12;20m██
[38;2;0;0;0m  [38;2;38;11;14m  [38;2;111;33;43m██[38;2;12;3;4m  [38;2;0;0;0m            [38;2;61;21;32m██[38;2;15;5;8m  [38;2;0;0;0m    [38;2;41;12;19m████[38;2;0;0;0m      [38;2;123;36;58m██[38;2;159;46;75m██[38;2;38;10;16m██
[38;2;0;0;0m  [38;2;99;28;37m██[38;2;132;38;50m██[38;2;124;35;46m██[38;2;0;0;0m        [38;2;37;10;17m  [38;2;148;43;71m██[38;2;124;37;60m██[38;2;3;1;1m  [38;2;0;0;0m    [38;2;41;12;19m████[38;2;0;0;0m      [38;2;10;3;5m  [38;2;134;38;51m██[38;2;33;9;12m██
[38;2;44;15;27m██[38;2;145;44;66m██[38;2;137;39;54m██[38;2;145;43;63m██[38;2;163;48;78m████[38;2;140;41;67m██[38;2;136;43;69m██[38;2;197;70;124m██[38;2;204;73;136m██[38;2;68;20;33m  [38;2;0;0;0m      [38;2;23;6;11m  [38;2;74;24;38m██[38;2;0;0;0m        [38;2;118;34;44m██[38;2;18;5;7m  
[38;2;59;24;47m██[38;2;161;52;88m██[38;2;219;159;83m██[38;2;161;49;80m██████[38;2;179;60;105m██[38;2;235;93;183m██[38;2;239;99;185m██[38;2;183;60;105m██[38;2;0;0;0m          [38;2;5;1;2m  [38;2;111;38;59m  [38;2;0;0;0m      [38;2;98;29;38m██[38;2;0;0;0m  
[38;2;31;12;24m  [38;2;193;74;140m██[38;2;212;103;76m██[38;2;222;165;86m██[38;2;208;77;144m██[38;2;239;98;186m██[38;2;221;98;175m██[38;2;221;96;176m██[38;2;219;84;160m██[38;2;40;12;19m██[38;2;0;0;0m            [38;2;84;24;39m██[38;2;19;5;9m  [38;2;0;0;0m  [38;2;51;15;19m██[38;2;0;0;0m    
[38;2;0;0;0m  [38;2;179;72;141m██[38;2;162;48;78m██[38;2;219;84;160m██[38;2;240;101;188m██[38;2;110;85;90m██[38;2;97;77;77m██[38;2;226;89;175m██[38;2;154;48;75m██[38;2;29;12;17m██[38;2;0;0;0m            [38;2;32;9;12m████[38;2;0;0;0m        
[38;2;49;18;34m██[38;2;171;54;92m██[38;2;170;57;94m██[38;2;223;63;112m██[38;2;82;76;65m██[38;2;103;100;88m██[38;2;232;215;216m██[38;2;160;73;120m██[38;2;103;58;69m██[38;2;112;95;50m██[38;2;0;0;0m            [38;2;67;19;26m██[38;2;15;4;6m  [38;2;0;0;0m        
[38;2;0;0;0m  [38;2;171;68;134m  [38;2;237;124;159m██[38;2;240;203;86m██[38;2;135;143;108m██[38;2;223;223;212m██[38;2;135;108;99m██[38;2;201;144;90m██[38;2;235;196;83m██[38;2;58;48;20m  [38;2;0;0;0m    [38;2;6;2;3m████[38;2;8;7;3m██[38;2;99;29;39m██[38;2;94;27;36m  [38;2;0;0;0m          
[38;2;0;0;0m    [38;2;79;63;33m████[38;2;156;128;83m██[38;2;134;110;72m██[38;2;124;106;71m██[38;2;160;138;76m██[38;2;164;136;62m██[38;2;34;28;13m  [38;2;0;0;0m  [38;2;66;22;35m  [38;2;206;138;86m██[38;2;170;75;86m██[38;2;177;101;82m██[38;2;73;32;42m██[38;2;0;0;0m            
[38;2;0;0;0m        [38;2;45;36;19m██[38;2;188;148;77m██[38;2;173;134;81m██[38;2;92;59;79m██[38;2;80;56;75m██[38;2;77;63;69m██[38;2;161;49;80m██[38;2;216;156;86m██[38;2;166;66;85m██[38;2;218;159;86m██[38;2;160;57;85m██[38;2;218;159;86m██[38;2;0;0;0m            
[38;2;0;0;0m        [38;2;100;37;41m██[38;2;220;171;79m██[38;2;225;173;86m██[38;2;161;78;90m██[38;2;198;152;88m██[38;2;206;134;84m██[38;2;160;51;83m██[38;2;159;52;84m██[38;2;192;111;84m██[38;2;167;68;85m██[38;2;165;77;83m██[38;2;204;136;107m██[38;2;0;0;0m            
[38;2;0;0;0m        [38;2;156;75;62m██[38;2;237;197;84m██[38;2;237;197;83m██[38;2;174;86;84m██[38;2;216;156;86m██[38;2;217;155;85m██[38;2;161;73;82m██[38;2;166;134;75m██[38;2;165;116;77m██[38;2;160;56;84m██[38;2;209;164;81m██[38;2;35;27;39m██[38;2;0;0;0m            
[38;2;0;0;0m        [38;2;60;26;32m██[38;2;123;93;70m██[38;2;169;142;76m██[38;2;138;52;75m██[38;2;166;66;86m██[38;2;170;62;80m██[38;2;64;33;41m██[38;2;84;85;84m██[38;2;76;71;66m██[38;2;136;53;64m██[38;2;149;60;66m██[38;2;39;30;25m██[38;2;0;0;0m            
[38;2;0;0;0m          [38;2;92;63;47m██[38;2;91;53;65m██[38;2;145;118;73m██[38;2;175;100;81m██[38;2;51;40;24m██[38;2;0;0;0m  [38;2;58;60;58m  [38;2;87;85;87m██[38;2;13;13;13m  [38;2;159;126;66m██[38;2;185;145;73m██[38;2;0;0;0m            
[38;2;0;0;0m          [38;2;44;32;18m  [38;2;165;129;73m██[38;2;95;86;68m██[38;2;242;202;83m██[38;2;60;50;20m██[38;2;0;0;0m    [38;2;22;22;22m  [38;2;0;0;0m  [38;2;14;11;5m  [38;2;151;119;62m██[38;2;0;0;0m            
[38;2;0;0;0m            [38;2;119;97;58m██[38;2;185;151;75m██[38;2;182;152;64m██[38;2;0;0;0m                          
[38;2;0;0;0m              [38;2;35;28;15m  [38;2;47;39;16m  [38;2;0;0;0m                          [0m
