
[38;2;0;0;0m            [38;2;31;14;9m  [38;2;3;2;2m  [38;2;0;0;0m                  
[38;2;0;0;0m            [38;2;116;50;29m██[38;2;146;76;44m██[38;2;5;5;5m  [38;2;0;0;0m  [38;2;2;2;2m  [38;2;0;0;0m  [38;2;5;5;5m  [38;2;0;0;0m        
[38;2;0;0;0m            [38;2;4;4;4m  [38;2;247;103;55m██[38;2;249;212;200m██[38;2;65;65;65m██[38;2;123;82;39m██[38;2;53;48;22m██[38;2;123;79;42m██[38;2;5;5;5m  [38;2;0;0;0m      
[38;2;0;0;0m      [38;2;4;4;4m  [38;2;3;3;3m  [38;2;4;4;4m  [38;2;130;68;47m██[38;2;111;75;63m██[38;2;255;105;56m██[38;2;247;139;103m██[38;2;166;157;52m██[38;2;228;211;49m██[38;2;117;110;65m██[38;2;123;64;38m  [38;2;1;1;1m  [38;2;0;0;0m    
[38;2;0;0;0m    [38;2;1;1;1m  [38;2;24;87;86m  [38;2;26;97;96m██[38;2;21;23;23m██[38;2;206;97;58m██[38;2;253;105;56m██[38;2;113;75;63m██[38;2;204;95;59m██[38;2;113;75;63m██[38;2;203;189;47m██[38;2;212;192;46m██[38;2;84;70;64m██[38;2;107;53;31m██[38;2;1;1;1m  [38;2;0;0;0m  
[38;2;0;0;0m      [38;2;1;1;1m  [38;2;30;55;55m██[38;2;120;177;81m██[38;2;149;83;62m██[38;2;255;105;56m██[38;2;184;90;60m██[38;2;209;96;59m██[38;2;252;165;137m██[38;2;197;94;59m██[38;2;165;87;60m██[38;2;186;183;182m██[38;2;170;91;59m██[38;2;193;81;44m██[38;2;54;25;15m  
[38;2;0;0;0m      [38;2;1;1;1m  [38;2;82;125;49m██[38;2;147;227;87m██[38;2;120;173;80m██[38;2;204;96;59m██[38;2;136;81;62m██[38;2;253;105;56m██[38;2;196;98;56m██[38;2;238;102;57m██[38;2;182;90;60m██[38;2;251;121;78m██[38;2;152;119;107m██[38;2;6;6;6m  [38;2;1;1;1m  
[38;2;0;0;0m      [38;2;5;5;5m  [38;2;147;227;87m██████[38;2;127;187;81m██[38;2;96;126;73m██[38;2;117;76;63m██[38;2;245;104;56m██[38;2;106;79;68m██[38;2;86;91;83m██[38;2;252;105;56m██[38;2;249;105;56m██[38;2;154;65;36m  [38;2;1;1;1m  
[38;2;0;0;0m    [38;2;2;2;2m  [38;2;126;194;75m██[38;2;147;227;87m██[38;2;128;190;82m██[38;2;126;186;81m██[38;2;111;113;110m██[38;2;88;88;88m██[38;2;145;223;86m██[38;2;86;106;71m██[38;2;63;71;71m██[38;2;34;134;131m██[38;2;57;78;77m██[38;2;20;20;20m  [38;2;4;4;4m  [38;2;0;0;0m  
[38;2;0;0;0m      [38;2;36;53;23m  [38;2;86;106;71m██[38;2;197;96;60m██[38;2;202;202;202m██[38;2;246;246;246m██[38;2;225;225;225m██[38;2;88;109;71m██[38;2;147;227;87m██[38;2;97;140;68m██[38;2;43;114;113m██[38;2;30;115;113m██[38;2;2;2;2m  [38;2;0;0;0m    
[38;2;0;0;0m    [38;2;2;2;2m  [38;2;126;194;75m██[38;2;129;121;117m██[38;2;207;109;69m██[38;2;248;248;248m████[38;2;221;119;80m██[38;2;111;112;110m██[38;2;126;191;78m██[38;2;139;212;85m██[38;2;72;78;60m██[38;2;39;114;113m██[38;2;13;37;37m██[38;2;0;0;0m    
[38;2;0;0;0m    [38;2;2;2;2m  [38;2;126;194;75m██[38;2;115;143;74m██[38;2;236;200;188m██[38;2;248;248;248m████[38;2;221;119;80m██[38;2;246;246;246m██[38;2;137;148;129m██[38;2;145;223;86m██[38;2;95;124;66m██[38;2;18;18;18m  [38;2;1;1;1m  [38;2;0;0;0m    
[38;2;0;0;0m      [38;2;5;5;5m  [38;2;139;211;84m██[38;2;112;114;61m██[38;2;142;140;126m██[38;2;202;202;202m████[38;2;95;91;67m██[38;2;79;77;66m██[38;2;76;85;57m██[38;2;94;122;41m██[38;2;27;35;11m  [38;2;0;0;0m      
[38;2;0;0;0m      [38;2;1;1;1m  [38;2;41;83;60m██[38;2;104;107;64m██[38;2;192;177;60m██[38;2;201;189;47m██[38;2;178;165;58m██[38;2;95;91;67m██[38;2;79;77;66m██[38;2;72;81;53m██[38;2;77;105;24m██[38;2;91;124;28m██[38;2;2;2;2m  [38;2;0;0;0m    
[38;2;0;0;0m    [38;2;1;1;1m  [38;2;11;33;32m  [38;2;39;145;132m██[38;2;63;72;71m██[38;2;100;102;105m██[38;2;198;186;48m██[38;2;83;84;85m██[38;2;34;134;131m████[38;2;6;6;6m  [38;2;3;3;3m  [38;2;5;5;5m  [38;2;1;1;1m  [38;2;0;0;0m    
[38;2;5;5;5m    [38;2;54;156;105m██[38;2;60;183;131m██[38;2;65;158;116m██[38;2;120;177;81m██[38;2;146;151;156m██[38;2;171;178;184m██[38;2;113;144;93m██[38;2;57;84;83m██[38;2;34;134;131m██[38;2;49;142;96m  [38;2;2;2;2m  [38;2;0;0;0m        
[38;2;18;45;31m  [38;2;54;156;105m██[38;2;69;206;138m██[38;2;69;176;122m██[38;2;75;146;101m██[38;2;141;216;85m██[38;2;114;162;72m██[38;2;76;86;57m██[38;2;147;227;87m██[38;2;85;97;69m██[38;2;57;166;128m██[38;2;70;206;138m██[38;2;40;113;77m██[38;2;19;48;34m  [38;2;1;1;1m    [38;2;0;0;0m  
[38;2;0;0;0m  [38;2;1;1;1m  [38;2;37;71;54m██[38;2;45;114;110m██[38;2;97;116;70m██[38;2;147;224;86m██[38;2;124;181;56m██[38;2;137;207;73m██[38;2;131;181;61m██[38;2;145;184;73m██[38;2;66;85;76m██[38;2;70;206;138m████[38;2;67;198;133m██[38;2;54;156;105m██[38;2;44;125;85m██[38;2;1;1;1m  
[38;2;0;0;0m    [38;2;1;1;1m  [38;2;24;87;86m  [38;2;42;88;87m██[38;2;93;120;42m██[38;2;136;183;77m██[38;2;147;217;83m██[38;2;111;141;56m██[38;2;99;103;105m██[38;2;37;126;124m██[38;2;58;81;81m██[38;2;67;130;99m██[38;2;54;156;105m██[38;2;21;54;37m  [38;2;4;4;4m  [38;2;0;0;0m  
[38;2;0;0;0m      [38;2;1;1;1m  [38;2;9;9;9m  [38;2;157;163;168m██[38;2;133;141;132m██[38;2;86;96;67m██[38;2;186;189;192m██[38;2;232;234;236m██[38;2;36;50;50m██[38;2;34;132;130m██[38;2;29;58;57m██[38;2;1;1;1m  [38;2;0;0;0m      
[38;2;0;0;0m          [38;2;6;6;6m  [38;2;159;165;170m██[38;2;168;174;180m██[38;2;241;211;200m██[38;2;187;79;43m  [38;2;2;2;2m  [38;2;5;5;5m  [38;2;2;2;2m  [38;2;0;0;0m        
[38;2;0;0;0m          [38;2;1;1;1m  [38;2;116;88;77m██[38;2;69;67;66m██[38;2;197;98;56m██[38;2;6;6;6m  [38;2;0;0;0m              
[38;2;0;0;0m            [38;2;66;36;22m  [38;2;69;63;16m██[38;2;126;115;43m██[38;2;1;1;1m  [38;2;0;0;0m              
[38;2;0;0;0m              [38;2;64;60;15m  [38;2;59;54;19m██[38;2;1;1;1m  [38;2;0;0;0m              [0m
