
[38;2;0;0;0m    [38;2;10;11;6m    [38;2;60;62;32m      [38;2;15;16;8m  [38;2;40;45;19m  [38;2;45;47;24m  [38;2;45;46;24m  [38;2;0;0;0m          
[38;2;0;0;0m    [38;2;40;41;26m██[38;2;135;128;87m██[38;2;95;101;50m  [38;2;229;239;123m    [38;2;57;62;30m  [38;2;156;164;76m██[38;2;172;180;92m  [38;2;172;179;92m  [38;2;0;0;0m          
[38;2;0;0;0m    [38;2;33;34;23m██[38;2;154;144;100m██[38;2;77;79;45m  [38;2;212;221;113m  [38;2;173;180;92m  [38;2;158;164;76m██[38;2;173;181;85m██[38;2;136;143;72m  [38;2;172;179;92m  [38;2;0;0;0m          
[38;2;0;0;0m    [38;2;16;19;16m██[38;2;78;75;70m██[38;2;122;116;78m██[38;2;172;180;92m  [38;2;74;79;37m  [38;2;113;120;65m██[38;2;211;221;105m██[38;2;52;58;26m██[38;2;172;179;92m  [38;2;0;0;0m          
[38;2;0;0;0m    [38;2;0;1;0m  [38;2;49;48;49m██[38;2;127;118;90m██[38;2;57;56;48m██[38;2;110;112;83m██[38;2;101;103;75m██[38;2;126;124;83m██[38;2;52;57;25m██[38;2;172;179;92m  [38;2;0;0;0m          
[38;2;0;0;0m    [38;2;50;52;26m  [38;2;56;60;33m  [38;2;165;171;96m██[38;2;94;95;95m██[38;2;168;171;91m██[38;2;102;98;78m██[38;2;102;102;74m██[38;2;174;189;105m██[38;2;32;25;12m  [38;2;0;0;0m          
[38;2;0;0;0m    [38;2;20;23;10m  [38;2;178;186;87m██[38;2;95;96;95m██[38;2;129;132;98m██[38;2;210;219;103m██[38;2;209;218;102m██[38;2;133;137;84m██[38;2;132;131;91m██[38;2;57;60;52m██[38;2;9;11;9m  [38;2;0;0;0m        
[38;2;0;0;0m    [38;2;52;58;26m██[38;2;212;221;104m██[38;2;95;97;95m██[38;2;182;190;102m██[38;2;211;220;104m██[38;2;111;113;77m██[38;2;90;80;62m██[38;2;97;98;92m██[38;2;85;87;85m██[38;2;85;83;85m██[38;2;0;2;0m  [38;2;0;0;0m      
[38;2;0;0;0m    [38;2;16;17;10m  [38;2;140;135;90m██[38;2;94;97;94m██[38;2;147;143;103m██[38;2;83;66;49m██[38;2;226;206;202m██[38;2;94;97;94m██[38;2;95;97;95m██[38;2;87;89;87m████[38;2;80;83;80m██[38;2;10;12;10m  [38;2;0;0;0m    
[38;2;0;0;0m    [38;2;0;1;0m  [38;2;50;51;49m██[38;2;95;97;95m██[38;2;88;88;88m██[38;2;246;82;79m██[38;2;139;97;99m██[38;2;95;96;95m██[38;2;161;174;115m██[38;2;71;75;62m██[38;2;73;73;73m██[38;2;94;97;94m██[38;2;23;27;23m██[38;2;0;0;0m    
[38;2;0;0;0m    [38;2;20;23;20m██[38;2;95;93;95m██[38;2;98;101;84m██[38;2;133;137;92m██[38;2;146;151;96m██[38;2;150;154;100m██[38;2;132;137;76m██[38;2;116;116;57m  [38;2;77;76;57m██[38;2;73;73;73m██[38;2;94;97;94m████[38;2;0;3;0m  [38;2;0;0;0m  
[38;2;0;0;0m    [38;2;0;1;0m  [38;2;0;4;0m██[38;2;65;55;32m██[38;2;212;215;111m██[38;2;201;205;103m██[38;2;91;88;73m██[38;2;57;62;30m  [38;2;230;239;123m  [38;2;23;27;23m██[38;2;94;97;94m██[38;2;23;27;23m██[38;2;94;97;94m██[38;2;0;3;0m  [38;2;0;0;0m  
[38;2;0;0;0m    [38;2;57;59;30m  [38;2;230;239;123m  [38;2;94;100;56m  [38;2;85;114;135m██[38;2;103;142;172m██[38;2;115;152;162m██[38;2;75;80;81m██[38;2;95;101;58m  [38;2;172;179;92m  [38;2;0;1;0m  [38;2;0;0;0m  [38;2;0;1;0m  [38;2;0;0;0m    
[38;2;0;0;0m    [38;2;57;59;30m  [38;2;57;62;30m  [38;2;108;116;114m██[38;2;72;73;70m██[38;2;132;191;222m██[38;2;76;98;110m██[38;2;132;126;72m██[38;2;59;64;29m██[38;2;164;171;88m  [38;2;0;0;0m    [38;2;5;7;3m    [38;2;0;0;0m  
[38;2;0;0;0m    [38;2;26;26;13m  [38;2;89;93;65m  [38;2;127;123;99m██[38;2;111;125;132m██[38;2;86;125;141m██[38;2;55;97;114m██[38;2;125;128;63m  [38;2;179;187;87m██[38;2;88;94;43m  [38;2;0;0;0m  [38;2;0;1;0m  [38;2;122;116;78m██[38;2;146;137;92m██[38;2;23;23;14m  
[38;2;0;0;0m    [38;2;32;34;27m██[38;2;103;100;84m██[38;2;131;122;92m██[38;2;107;170;198m██[38;2;123;208;251m██[38;2;74;106;128m██[38;2;23;25;21m██[38;2;173;179;92m██[38;2;74;75;73m██[38;2;2;3;2m  [38;2;51;52;33m██[38;2;153;145;97m██[38;2;0;3;0m    
[38;2;30;31;28m  [38;2;120;120;115m██[38;2;142;142;137m██[38;2;81;82;81m██[38;2;130;123;94m██[38;2;104;103;99m██[38;2;104;126;143m██[38;2;147;151;98m██[38;2;167;171;93m██[38;2;134;130;73m██[38;2;104;100;90m██[38;2;54;55;54m██[38;2;139;131;88m██[38;2;16;16;10m  [38;2;0;0;0m    
[38;2;0;1;0m  [38;2;135;130;129m██[38;2;74;71;77m██[38;2;85;82;77m██[38;2;162;152;104m██[38;2;157;147;96m██[38;2;196;204;99m██[38;2;211;221;105m██[38;2;204;213;100m██[38;2;99;101;76m██[38;2;99;101;99m██[38;2;220;220;220m██[38;2;88;86;88m██[38;2;8;8;8m  [38;2;0;0;0m    
[38;2;0;0;0m  [38;2;17;17;17m  [38;2;45;45;44m██[38;2;92;89;76m██[38;2;160;148;103m██[38;2;138;131;95m██[38;2;69;73;42m██[38;2;210;219;103m██[38;2;173;179;93m██[38;2;87;89;87m██[38;2;106;108;106m██[38;2;227;224;227m██[38;2;88;89;88m██[38;2;22;23;22m  [38;2;0;0;0m    
[38;2;0;0;0m      [38;2;61;61;61m  [38;2;66;66;66m██[38;2;13;16;13m  [38;2;142;148;76m  [38;2;129;136;63m  [38;2;175;183;87m██[38;2;95;96;73m██[38;2;84;85;84m██[38;2;17;17;17m  [38;2;0;0;0m        
[38;2;0;0;0m    [38;2;0;2;0m  [38;2;49;52;49m  [38;2;86;89;86m██[38;2;16;19;16m  [38;2;0;0;0m    [38;2;5;6;5m  [38;2;69;71;69m██[38;2;80;82;80m██[38;2;16;19;16m  [38;2;0;0;0m        
[38;2;0;0;0m  [38;2;0;2;0m  [38;2;68;70;68m██[38;2;71;70;71m██[38;2;55;58;55m  [38;2;0;0;0m        [38;2;20;24;20m  [38;2;92;93;92m██[38;2;44;46;44m██[38;2;0;0;0m        
[38;2;0;0;0m    [38;2;0;1;0m    [38;2;0;0;0m        [38;2;0;1;0m  [38;2;60;61;60m██[38;2;99;98;99m██[38;2;93;92;93m██[38;2;0;3;0m  [38;2;0;0;0m      [0m
