
[38;2;13;13;14m  [38;2;53;52;56m██[38;2;13;12;13m  [38;2;0;0;0m                                              [38;2;68;68;68m██[38;2;49;49;50m██[38;2;0;0;0m    
[38;2;50;48;52m██[38;2;200;194;208m██[38;2;141;139;147m██[38;2;132;130;137m██[38;2;0;0;0m                                          [38;2;154;154;154m  [38;2;255;255;255m██[38;2;230;233;236m██[38;2;47;48;49m  [38;2;0;0;0m  
[38;2;50;48;52m██[38;2;200;194;208m██[38;2;164;161;170m████[38;2;65;64;66m██[38;2;17;16;17m  [38;2;0;0;0m                                    [38;2;22;22;22m  [38;2;213;213;213m██[38;2;255;255;255m██[38;2;205;205;205m██[38;2;154;154;154m██[38;2;56;59;62m██
[38;2;5;5;5m  [38;2;153;151;160m██[38;2;164;161;170m████[38;2;97;96;100m██[38;2;49;48;51m██[38;2;0;0;0m                                    [38;2;232;232;232m██[38;2;255;255;255m██[38;2;212;212;212m██[38;2;158;155;163m██[38;2;157;155;163m██[38;2;4;5;5m  
[38;2;0;0;0m  [38;2;85;83;88m  [38;2;198;194;206m██[38;2;98;96;100m██[38;2;164;161;170m██[38;2;97;96;97m██[38;2;0;0;0m                                  [38;2;80;80;80m  [38;2;234;234;234m██[38;2;152;152;152m██[38;2;143;142;143m██[38;2;140;138;143m██[38;2;125;124;129m██[38;2;35;34;36m██
[38;2;0;0;0m    [38;2;200;194;208m██[38;2;193;190;201m██[38;2;114;113;114m██[38;2;253;253;253m██[38;2;0;0;0m                                  [38;2;191;191;191m██[38;2;116;115;116m██[38;2;253;253;253m████[38;2;110;109;110m██[38;2;53;52;53m██[38;2;0;0;0m  
[38;2;0;0;0m    [38;2;32;32;34m██[38;2;152;151;154m██[38;2;255;255;255m██[38;2;234;232;237m██[38;2;0;0;0m    [38;2;66;22;51m  [38;2;0;0;0m                          [38;2;159;159;159m██[38;2;255;255;255m██████[38;2;136;135;136m██[38;2;114;112;118m██[38;2;73;72;76m  [38;2;0;0;0m  
[38;2;1;0;1m██  [38;2;66;64;66m██[38;2;255;253;255m██[38;2;255;255;255m██[38;2;213;210;219m██[38;2;148;146;154m██[38;2;136;45;106m██[38;2;135;44;105m██[38;2;0;0;0m                        [38;2;7;7;7m  [38;2;255;255;255m██[38;2;249;249;249m██[38;2;203;202;203m██[38;2;70;68;70m██[38;2;195;192;203m██[38;2;47;46;49m  [38;2;0;0;0m    
[38;2;44;15;34m██[38;2;72;42;62m██[38;2;200;199;200m██[38;2;255;254;255m██[38;2;255;255;255m██[38;2;237;235;240m██[38;2;123;104;119m██[38;2;168;60;132m██[38;2;135;44;105m██[38;2;0;0;0m                      [38;2;36;36;36m  [38;2;228;228;228m██[38;2;227;227;228m██[38;2;143;140;148m██[38;2;156;152;161m██[38;2;197;194;205m██[38;2;62;61;65m  [38;2;0;0;0m      
[38;2;44;15;34m██[38;2;91;63;83m██[38;2;255;255;255m████[38;2;254;255;255m██[38;2;110;111;113m██[38;2;173;60;134m██[38;2;175;60;137m██[38;2;137;46;107m██[38;2;1;1;1m  [38;2;29;29;29m          [38;2;7;7;7m    [38;2;29;29;29m  [38;2;22;22;22m    [38;2;255;255;255m████[38;2;234;233;236m██[38;2;197;193;204m██[38;2;176;171;183m██[38;2;65;64;67m  [38;2;0;0;0m        
[38;2;23;15;24m██[38;2;153;157;168m██[38;2;255;255;255m████[38;2;219;223;225m██[38;2;130;78;122m██[38;2;114;94;120m██[38;2;175;92;150m██[38;2;115;84;106m██[38;2;134;132;139m██[38;2;88;88;88m  [38;2;213;213;213m  [38;2;255;255;255m    [38;2;213;213;213m  [38;2;108;51;88m    [38;2;213;213;213m  [38;2;107;107;107m  [38;2;232;232;232m██[38;2;255;255;255m██[38;2;228;225;231m██[38;2;200;194;208m██[38;2;101;98;105m██[38;2;166;166;166m  [38;2;232;232;232m  [38;2;0;0;0m        
[38;2;16;16;16m  [38;2;208;204;208m██[38;2;255;255;255m██[38;2;213;210;219m██[38;2;208;206;214m██[38;2;125;55;107m██[38;2;139;139;139m██[38;2;179;109;156m██[38;2;113;115;126m██[38;2;199;194;208m██[38;2;255;255;255m██[38;2;100;100;100m██[38;2;205;205;205m  [38;2;242;242;242m  [38;2;162;157;161m  [38;2;141;47;108m██[38;2;145;74;120m██[38;2;66;64;66m██[38;2;255;255;255m██[38;2;247;246;248m██[38;2;199;194;207m██[38;2;168;166;175m██[38;2;131;129;136m  [38;2;203;203;203m  [38;2;255;255;255m    [38;2;0;0;0m        
[38;2;0;0;0m  [38;2;191;190;191m██[38;2;255;255;255m██[38;2;243;242;245m██[38;2;203;177;199m██[38;2;52;19;34m██[38;2;220;220;220m██[38;2;76;76;81m██[38;2;101;98;105m██[38;2;205;203;207m██[38;2;255;255;255m████[38;2;186;186;186m██[38;2;98;98;98m  [38;2;95;74;95m██[38;2;92;62;85m██[38;2;216;216;216m██[38;2;255;253;255m██[38;2;212;210;218m██[38;2;201;198;208m██[38;2;53;52;55m██[38;2;153;152;153m  [38;2;203;203;203m  [38;2;255;255;255m      [38;2;0;0;0m        
[38;2;63;63;63m    [38;2;255;255;255m████[38;2;219;213;216m██[38;2;112;88;102m██[38;2;110;109;111m██[38;2;86;86;86m  [38;2;142;141;147m██[38;2;110;109;111m██[38;2;216;216;218m██[38;2;255;255;255m██████[38;2;138;150;155m██[38;2;251;255;255m██[38;2;229;229;229m██[38;2;173;170;178m██[38;2;125;123;129m  [38;2;68;68;68m  [38;2;255;255;255m    [38;2;237;237;237m  [38;2;82;58;74m  [38;2;203;203;203m  [38;2;255;255;255m  [38;2;0;0;0m        
[38;2;63;63;63m  [38;2;218;218;218m  [38;2;100;100;100m██[38;2;255;255;255m██[38;2;207;203;214m██[38;2;77;76;80m██[38;2;79;79;81m  [38;2;242;242;242m  [38;2;205;205;205m  [38;2;79;79;81m  [38;2;188;188;191m██[38;2;255;255;255m████████[38;2;139;139;139m██[38;2;83;82;83m██[38;2;132;61;108m██[38;2;119;48;94m  [38;2;203;203;203m  [38;2;255;255;255m    [38;2;191;191;191m  [38;2;132;45;101m██[38;2;63;63;63m  [38;2;100;100;100m  [38;2;142;48;109m██[38;2;35;12;27m  [38;2;0;0;0m    
[38;2;63;63;63m  [38;2;255;255;255m  [38;2;213;213;213m  [38;2;118;117;122m  [38;2;53;53;55m  [38;2;213;213;213m  [38;2;255;255;255m        [38;2;51;52;59m██[38;2;243;243;244m██[38;2;222;163;199m██[38;2;188;66;143m██[38;2;234;204;224m██[38;2;255;255;255m██[38;2;191;188;195m██[38;2;125;124;125m██[38;2;74;63;71m██[38;2;71;31;57m██[38;2;188;188;188m  [38;2;255;255;255m    [38;2;69;63;63m  [38;2;122;62;102m██[38;2;125;60;104m██[38;2;107;45;84m██[38;2;2;0;0m  [38;2;0;0;0m    
[38;2;63;63;63m  [38;2;255;255;255m    [38;2;232;232;232m    [38;2;255;255;255m        [38;2;85;85;85m  [38;2;212;114;162m██[38;2;186;77;148m██[38;2;248;139;186m██[38;2;248;136;185m██[38;2;232;123;177m██[38;2;238;208;223m██[38;2;216;213;221m████[38;2;194;190;195m██[38;2;34;21;32m██[38;2;232;232;232m  [38;2;255;255;255m  [38;2;29;29;29m  [38;2;140;136;145m  [38;2;189;180;195m██[38;2;186;181;192m██[38;2;181;175;187m██[38;2;43;42;45m  [38;2;0;0;0m    
[38;2;63;63;63m  [38;2;255;255;255m              [38;2;228;228;228m  [38;2;99;98;101m  [38;2;194;121;151m██[38;2;255;146;191m██[38;2;255;145;190m██[38;2;255;144;190m██[38;2;255;147;192m██[38;2;199;101;154m██[38;2;184;183;186m██[38;2;229;227;233m██[38;2;221;220;223m██[38;2;106;105;107m██[38;2;83;82;87m██[38;2;84;82;88m██[38;2;198;194;206m████[38;2;113;110;116m  [38;2;107;107;107m  [38;2;0;0;0m        
[38;2;63;63;63m  [38;2;255;255;255m              [38;2;191;191;191m  [38;2;147;145;153m██[38;2;112;85;96m██[38;2;255;145;190m██[38;2;255;144;190m████[38;2;248;127;188m██[38;2;103;65;102m██[38;2;209;206;215m██[38;2;253;253;253m██[38;2;214;211;220m██[38;2;207;204;213m██[38;2;102;100;104m██[38;2;200;194;208m██[38;2;199;194;208m██[38;2;55;54;57m██[38;2;247;247;247m  [38;2;255;255;255m  [38;2;0;0;0m        
[38;2;63;63;63m  [38;2;255;255;255m              [38;2;50;48;52m██[38;2;200;194;208m██[38;2;180;177;187m██[38;2;149;109;135m██[38;2;233;115;178m██[38;2;241;105;184m██[38;2;227;63;177m██[38;2;105;63;93m██[38;2;255;255;255m████[38;2;241;240;243m██[38;2;197;194;205m██[38;2;73;72;74m██[38;2;98;97;102m██[38;2;127;127;127m  [38;2;223;223;223m  [38;2;255;255;255m    [38;2;0;0;0m        
[38;2;63;63;63m  [38;2;255;255;255m              [38;2;193;193;193m  [38;2;144;142;150m  [38;2;191;188;199m██[38;2;197;194;205m██[38;2;70;69;70m██[38;2;178;62;144m██[38;2;214;60;169m██[38;2;213;67;171m██[38;2;88;102;112m██[38;2;252;252;253m██[38;2;199;194;208m██[38;2;197;194;205m██[38;2;61;61;61m  [38;2;252;252;252m  [38;2;255;255;255m        [38;2;0;0;0m        
[38;2;26;26;26m  [38;2;107;107;107m                [38;2;26;26;26m  [38;2;20;20;21m  [38;2;83;82;86m██[38;2;168;166;175m██[38;2;20;21;24m  [38;2;0;0;0m  [38;2;2;1;0m  [38;2;23;21;21m  [38;2;84;82;87m██[38;2;113;110;117m██[38;2;197;194;205m██[38;2;99;97;103m██[38;2;95;94;95m  [38;2;107;107;107m        [38;2;0;0;0m        
[38;2;0;0;0m                      [38;2;17;16;17m  [38;2;187;185;195m██[38;2;49;48;51m██[38;2;0;0;0m          [38;2;78;81;80m██[38;2;197;194;205m██[38;2;49;48;51m██[38;2;0;0;0m                
[38;2;0;0;0m                    [38;2;32;31;33m  [38;2;128;129;133m██[38;2;137;137;142m██[38;2;17;16;17m  [38;2;0;0;0m        [38;2;15;15;15m  [38;2;163;161;169m██[38;2;146;146;151m██[38;2;49;48;51m██[38;2;0;0;0m                
[38;2;0;0;0m                    [38;2;18;19;18m  [38;2;138;137;143m██[38;2;119;117;124m  [38;2;0;0;0m          [38;2;18;19;18m  [38;2;210;210;210m██[38;2;135;135;135m██[38;2;63;63;63m██[38;2;0;0;0m                
[38;2;0;0;0m                                      [38;2;51;51;51m  [38;2;36;36;36m██[38;2;17;17;17m  [38;2;0;0;0m                [0m
