
[38;2;0;0;0m      [38;2;58;57;30m  [38;2;58;57;26m██[38;2;1;2;0m  [38;2;0;0;0m                                        
[38;2;0;0;0m    [38;2;68;66;35m  [38;2;213;184;83m██[38;2;212;178;68m██[38;2;160;134;51m██[38;2;0;1;0m  [38;2;0;0;0m                                      
[38;2;0;0;0m  [38;2;0;3;0m  [38;2;204;169;65m██[38;2;167;141;65m██[38;2;85;82;80m██[38;2;141;118;48m██[38;2;0;1;0m  [38;2;0;0;0m                      [38;2;2;1;0m  [38;2;58;53;20m██[38;2;73;71;38m  [38;2;0;1;0m  [38;2;0;0;0m        
[38;2;0;0;0m  [38;2;135;113;43m  [38;2;165;139;65m██[38;2;68;67;65m██[38;2;124;116;108m██[38;2;1;2;1m  [38;2;0;0;0m    [38;2;0;1;0m  [38;2;0;2;0m  [38;2;0;0;0m              [38;2;0;1;0m  [38;2;147;134;54m  [38;2;244;225;116m██[38;2;210;180;77m██[38;2;184;172;82m██[38;2;0;2;0m  [38;2;0;0;0m      
[38;2;0;1;0m  [38;2;165;137;50m██[38;2;156;133;64m██[38;2;106;104;102m██[38;2;75;76;71m  [38;2;0;0;0m    [38;2;4;4;2m  [38;2;162;141;91m██[38;2;148;141;77m  [38;2;0;0;0m    [38;2;63;62;32m██[38;2;0;1;0m  [38;2;0;0;0m      [38;2;0;1;0m  [38;2;183;173;105m  [38;2;98;95;86m██[38;2;193;187;146m██[38;2;235;212;106m██[38;2;215;199;97m  [38;2;31;29;14m  [38;2;0;0;0m    
[38;2;47;41;15m  [38;2;197;156;77m██[38;2;84;72;64m██[38;2;183;180;173m██[38;2;0;2;0m  [38;2;0;0;0m  [38;2;0;1;0m  [38;2;215;202;111m██[38;2;126;77;68m██[38;2;0;3;0m  [38;2;0;0;0m    [38;2;26;27;13m  [38;2;207;189;98m██[38;2;33;30;10m  [38;2;0;0;0m      [38;2;8;8;8m  [38;2;22;23;17m  [38;2;224;222;222m██[38;2;193;171;103m██[38;2;246;230;120m██[38;2;88;85;44m██[38;2;0;0;0m    
[38;2;49;41;19m██[38;2;176;142;74m██[38;2;105;88;66m██[38;2;183;180;173m██[38;2;0;2;0m  [38;2;0;0;0m  [38;2;48;47;25m  [38;2;186;175;104m██[38;2;131;60;61m██[38;2;184;181;173m  [38;2;26;28;24m  [38;2;4;7;4m  [38;2;107;106;107m██[38;2;194;178;102m██[38;2;208;174;69m██[38;2;50;44;15m  [38;2;0;0;0m      [38;2;0;1;0m  [38;2;157;158;157m██[38;2;127;86;89m██[38;2;189;178;105m  [38;2;248;231;126m██[38;2;6;2;0m  [38;2;0;0;0m  
[38;2;57;44;30m██[38;2;158;127;78m██[38;2;87;69;72m██[38;2;183;180;173m██[38;2;0;2;0m  [38;2;0;0;0m  [38;2;127;121;65m██[38;2;86;81;62m██[38;2;150;52;56m██[38;2;159;80;81m██[38;2;168;169;164m██[38;2;230;231;230m██[38;2;249;249;249m██[38;2;116;111;83m██[38;2;214;182;76m██[38;2;134;111;41m██[38;2;0;0;0m        [38;2;9;13;9m██[38;2;193;139;148m██[38;2;87;83;71m██[38;2;185;167;89m██[38;2;186;174;102m  [38;2;0;0;0m  
[38;2;54;48;17m██[38;2;208;169;60m██[38;2;94;60;63m██[38;2;75;63;65m██[38;2;135;126;118m██[38;2;42;34;19m██[38;2;221;204;121m██[38;2;99;74;82m██[38;2;178;134;131m██[38;2;149;112;121m██[38;2;146;89;99m██[38;2;125;74;87m██[38;2;145;57;60m██[38;2;146;145;146m██[38;2;218;205;119m██[38;2;204;169;65m  [38;2;23;23;7m██[38;2;0;0;0m      [38;2;6;7;5m  [38;2;160;148;152m██[38;2;104;70;63m██[38;2;177;144;96m██[38;2;205;192;99m██[38;2;0;1;0m  
[38;2;54;48;17m██[38;2;208;169;60m██[38;2;94;60;63m██[38;2;144;51;60m██[38;2;124;121;118m██[38;2;72;70;69m██[38;2;148;126;65m██[38;2;191;182;175m██[38;2;189;111;125m██[38;2;149;29;31m██[38;2;202;63;71m██[38;2;232;91;142m██[38;2;213;108;134m██[38;2;146;96;109m██[38;2;220;203;120m██[38;2;166;132;92m██[38;2;194;160;59m██[38;2;0;2;0m  [38;2;0;0;0m      [38;2;147;148;147m██[38;2;136;52;60m██[38;2;187;175;105m██[38;2;252;236;127m██[38;2;64;63;33m  
[38;2;29;26;9m  [38;2;188;154;55m██[38;2;123;93;63m██[38;2;104;58;63m██[38;2;137;135;131m██[38;2;69;68;63m██[38;2;166;142;74m██[38;2;149;142;131m██[38;2;195;109;162m██[38;2;216;163;167m██[38;2;212;84;118m██[38;2;240;135;150m██[38;2;210;85;123m██[38;2;191;150;129m██[38;2;219;204;119m██[38;2;163;130;94m██[38;2;204;169;64m██[38;2;0;2;0m  [38;2;0;1;0m  [38;2;117;119;117m██[38;2;0;0;0m  [38;2;147;148;147m██[38;2;149;51;60m██[38;2;162;123;85m██[38;2;255;239;130m██[38;2;68;67;35m██
[38;2;0;1;0m  [38;2;165;137;50m██[38;2;156;132;64m██[38;2;139;52;60m██[38;2;112;57;62m██[38;2;213;194;142m██[38;2;139;118;57m██[38;2;90;83;67m██[38;2;183;81;152m██[38;2;250;231;231m██[38;2;203;86;130m██[38;2;210;108;173m██[38;2;177;66;91m██[38;2;115;109;87m██[38;2;251;235;134m██[38;2;163;130;95m██[38;2;27;25;8m██[38;2;0;0;0m    [38;2;46;48;46m██[38;2;160;160;160m██[38;2;147;148;147m██[38;2;161;50;59m██[38;2;131;59;61m██[38;2;255;239;131m██[38;2;68;67;35m██
[38;2;0;0;0m  [38;2;84;67;36m  [38;2;159;127;65m██[38;2;100;72;65m██[38;2;94;92;91m██[38;2;68;67;68m██[38;2;135;123;94m██[38;2;203;165;59m██[38;2;175;174;175m██[38;2;255;242;243m██[38;2;220;153;158m██[38;2;195;150;157m██[38;2;171;148;152m██[38;2;213;191;124m██[38;2;164;137;112m██[38;2;194;160;65m██[38;2;22;16;16m██[38;2;0;0;0m  [38;2;0;1;0m  [38;2;99;99;93m██[38;2;137;135;129m██[38;2;255;255;255m██[38;2;203;152;153m██[38;2;93;59;61m██[38;2;235;213;105m██[38;2;68;67;35m██
[38;2;0;0;0m  [38;2;0;3;0m  [38;2;146;113;99m██[38;2;86;68;65m██[38;2;150;52;57m██[38;2;149;51;59m██[38;2;132;130;126m██[38;2;73;71;68m██[38;2;125;108;63m██[38;2;196;192;184m██[38;2;157;156;131m██[38;2;152;149;113m██[38;2;154;136;111m██[38;2;227;204;105m██[38;2;198;157;89m██[38;2;90;75;45m  [38;2;0;0;0m        [38;2;7;11;7m██[38;2;231;228;225m██[38;2;87;63;64m██[38;2;133;61;62m██[38;2;233;213;128m██[38;2;38;32;30m██
[38;2;0;0;0m    [38;2;70;59;26m██[38;2;152;124;65m██[38;2;123;55;60m██[38;2;149;51;58m██[38;2;119;91;91m██[38;2;196;192;184m██[38;2;137;135;131m██[38;2;133;125;125m██[38;2;123;114;107m██[38;2;139;130;109m██[38;2;182;152;82m██[38;2;135;116;74m  [38;2;80;73;61m██[38;2;77;69;72m  [38;2;0;0;0m        [38;2;95;97;95m██[38;2;158;154;149m██[38;2;155;103;109m██[38;2;221;170;104m██[38;2;187;167;102m██[38;2;47;40;23m██
[38;2;0;0;0m    [38;2;0;1;0m  [38;2;180;149;58m██[38;2;103;63;63m██[38;2;150;51;57m██[38;2;101;55;57m██[38;2;186;182;175m██[38;2;67;65;66m██[38;2;98;54;56m██[38;2;125;118;109m██[38;2;84;80;66m██[38;2;85;84;63m██[38;2;118;113;101m██[38;2;197;193;185m██[38;2;209;206;201m██[38;2;41;44;41m██[38;2;8;10;8m  [38;2;14;18;14m  [38;2;129;131;129m██[38;2;88;87;87m██[38;2;123;118;116m██[38;2;99;57;75m██[38;2;114;75;84m██[38;2;204;178;86m██[38;2;54;48;17m██
[38;2;0;0;0m      [38;2;75;65;24m  [38;2;148;125;61m██[38;2;65;24;26m██[38;2;0;1;0m  [38;2;29;29;28m██[38;2;128;95;68m██[38;2;96;51;55m██[38;2;142;137;130m██[38;2;77;74;68m██[38;2;153;142;99m██[38;2;119;114;103m  [38;2;200;199;197m██[38;2;80;71;73m██[38;2;142;124;127m██[38;2;152;149;152m██[38;2;250;250;250m██[38;2;160;99;101m██[38;2;174;56;60m██[38;2;138;90;105m██[38;2;255;49;50m██[38;2;131;59;60m██[38;2;185;151;52m██[38;2;23;20;7m  
[38;2;0;0;0m      [38;2;0;3;0m  [38;2;192;159;62m██[38;2;7;10;2m██[38;2;0;0;0m  [38;2;0;1;0m  [38;2;126;106;40m██[38;2;18;18;5m  [38;2;0;2;0m  [38;2;159;156;151m██[38;2;207;207;207m██[38;2;142;141;128m██[38;2;200;190;198m██[38;2;106;52;57m██[38;2;150;52;56m██[38;2;189;131;140m██[38;2;91;69;71m██[38;2;245;48;53m██[38;2;236;49;54m██[38;2;255;48;49m██[38;2;233;49;54m██[38;2;156;132;64m██[38;2;165;137;50m██[38;2;0;1;0m  
[38;2;0;0;0m        [38;2;32;29;10m  [38;2;124;104;40m██[38;2;0;1;0m  [38;2;2;4;0m  [38;2;150;125;48m██[38;2;68;59;22m  [38;2;0;0;0m  [38;2;14;15;14m  [38;2;180;179;175m██[38;2;233;234;234m██[38;2;158;144;150m██[38;2;113;61;64m██[38;2;147;52;56m██[38;2;56;23;26m██[38;2;172;88;81m██[38;2;160;114;91m██[38;2;181;168;105m██[38;2;114;36;36m██[38;2;180;89;108m██[38;2;159;132;67m██[38;2;62;54;19m  [38;2;0;0;0m  
[38;2;0;0;0m          [38;2;0;3;0m  [38;2;0;1;0m  [38;2;0;0;0m  [38;2;0;1;0m  [38;2;0;0;0m      [38;2;0;2;0m  [38;2;147;149;149m██[38;2;97;75;66m██[38;2;124;73;75m██[38;2;14;8;5m  [38;2;0;0;0m  [38;2;81;32;27m  [38;2;168;157;108m██[38;2;246;230;126m██[38;2;12;11;5m  [38;2;27;25;24m██[38;2;171;139;84m██[38;2;0;2;0m  [38;2;0;0;0m  
[38;2;0;0;0m                          [38;2;94;67;55m██[38;2;185;128;92m██[38;2;95;36;40m██[38;2;0;0;0m    [38;2;88;80;40m  [38;2;138;126;55m██[38;2;203;187;85m██[38;2;54;51;26m██[38;2;82;77;65m██[38;2;72;61;20m██[38;2;0;0;0m    
[38;2;0;0;0m                          [38;2;102;98;52m██[38;2;166;88;71m██[38;2;0;2;0m  [38;2;0;0;0m      [38;2;0;1;0m  [38;2;0;3;0m  [38;2;0;2;0m  [38;2;147;123;47m  [38;2;0;1;0m  [38;2;0;0;0m    
[38;2;0;0;0m                    [38;2;93;79;30m██[38;2;0;2;0m  [38;2;101;85;57m  [38;2;245;225;128m██[38;2;129;87;82m██[38;2;42;32;37m  [38;2;0;2;0m  [38;2;102;98;53m██[38;2;0;0;0m        [38;2;0;1;0m  [38;2;0;0;0m      
[38;2;0;0;0m                    [38;2;0;2;0m  [38;2;158;131;58m██[38;2;129;109;73m██[38;2;197;167;102m██[38;2;206;189;107m██[38;2;235;221;113m██[38;2;198;187;102m██[38;2;0;1;0m  [38;2;0;0;0m                
[38;2;0;0;0m                      [38;2;0;1;0m  [38;2;37;34;21m  [38;2;35;28;19m██[38;2;64;60;32m██[38;2;43;42;22m  [38;2;0;1;0m  [38;2;0;0;0m                  [0m
