
[38;2;0;0;0m              [38;2;23;31;16m  [38;2;0;0;0m                    
[38;2;0;0;0m              [38;2;93;126;65m██[38;2;0;0;0m        [38;2;120;163;84m██[38;2;30;40;21m  [38;2;0;0;0m        
[38;2;0;0;0m    [38;2;60;62;44m        [38;2;35;44;22m██[38;2;142;174;88m██[38;2;15;15;11m  [38;2;60;62;44m  [38;2;14;15;9m  [38;2;149;185;99m██[38;2;161;217;113m██[38;2;40;54;28m██[38;2;60;62;44m  [38;2;15;15;11m  [38;2;0;0;0m    
[38;2;0;0;0m    [38;2;241;251;179m  [38;2;240;250;179m  [38;2;241;251;179m  [38;2;240;250;179m  [38;2;25;28;18m██[38;2;174;170;88m██[38;2;60;62;44m  [38;2;240;250;179m  [38;2;59;62;36m██[38;2;236;250;145m██[38;2;173;195;109m██[38;2;145;154;107m  [38;2;241;251;179m  [38;2;60;62;44m  [38;2;0;0;0m    
[38;2;0;0;0m    [38;2;241;251;178m      [38;2;60;62;44m  [38;2;80;118;106m██[38;2;16;16;16m██[38;2;225;235;167m  [38;2;69;81;62m  [38;2;115;157;132m██[38;2;198;208;126m██[38;2;128;133;94m██[38;2;47;50;30m██[38;2;241;251;178m  [38;2;60;62;44m  [38;2;0;0;0m    
[38;2;0;0;0m    [38;2;241;251;179m  [38;2;240;250;179m  [38;2;195;203;145m  [38;2;62;91;75m  [38;2;68;81;74m██[38;2;61;64;55m██[38;2;57;59;45m  [38;2;107;148;126m██[38;2;114;156;132m██[38;2;196;208;126m██[38;2;49;51;31m██[38;2;148;148;147m  [38;2;241;251;179m  [38;2;60;62;44m  [38;2;0;0;0m    
[38;2;0;0;0m    [38;2;241;251;178m  [38;2;195;203;145m  [38;2;140;146;104m  [38;2;68;95;81m██[38;2;109;125;96m██[38;2;229;237;141m██[38;2;92;107;89m██[38;2;116;163;138m██[38;2;141;152;107m██[38;2;101;106;66m██[38;2;207;207;207m  [38;2;255;255;255m  [38;2;241;251;178m  [38;2;60;62;44m  [38;2;0;0;0m    
[38;2;0;0;0m    [38;2;60;62;44m  [38;2;126;122;63m  [38;2;131;126;69m██[38;2;81;79;68m██[38;2;115;157;132m██[38;2;198;208;126m██[38;2;170;182;117m██[38;2;167;182;118m██[38;2;234;251;145m██[38;2;236;250;145m██[38;2;63;63;63m  [38;2;255;255;255m  [38;2;60;62;44m  [38;2;125;126;117m  [38;2;110;110;106m██[38;2;0;0;0m  
[38;2;48;49;47m██[38;2;193;197;188m██[38;2;198;192;91m██[38;2;198;189;92m██[38;2;80;93;76m██[38;2;199;227;127m██[38;2;149;154;100m██[38;2;235;251;145m██[38;2;226;245;143m██[38;2;188;218;129m██[38;2;92;173;138m██[38;2;161;203;128m██[38;2;193;204;117m██[38;2;40;42;22m██[38;2;136;143;84m██[38;2;191;193;168m██[38;2;110;110;106m  [38;2;0;0;0m  
[38;2;12;12;11m  [38;2;159;160;153m██[38;2;196;200;107m██[38;2;86;85;44m██[38;2;60;56;51m██[38;2;187;198;155m██[38;2;236;251;145m██[38;2;235;250;145m██[38;2;120;188;140m██[38;2;34;69;55m██[38;2;152;232;195m██[38;2;55;135;100m██[38;2;239;245;138m██[38;2;214;226;131m██[38;2;192;205;123m██[38;2;132;135;113m██[38;2;0;0;0m    
[38;2;0;0;0m    [38;2;60;62;44m  [38;2;195;203;145m  [38;2;139;146;104m  [38;2;160;151;159m██[38;2;194;209;185m████[38;2;124;189;161m██[38;2;54;92;80m██[38;2;128;217;188m██[38;2;143;202;183m██[38;2;96;109;77m██[38;2;224;239;139m██[38;2;243;252;193m██[38;2;255;255;255m██[38;2;191;191;191m██[38;2;0;0;0m  
[38;2;0;0;0m    [38;2;241;251;179m  [38;2;105;109;78m  [38;2;124;167;88m██[38;2;137;179;101m██[38;2;146;146;136m██[38;2;208;208;207m██[38;2;101;106;103m██[38;2;118;192;167m██[38;2;121;204;170m██[38;2;91;113;98m██[38;2;112;126;106m██[38;2;107;117;84m██[38;2;148;147;148m██[38;2;255;255;255m██[38;2;47;47;47m██[38;2;0;0;0m  
[38;2;0;0;0m    [38;2;145;154;107m  [38;2;130;175;94m██[38;2;161;216;116m████[38;2;201;208;150m██[38;2;69;68;65m██[38;2;126;170;89m██[38;2;81;92;73m██[38;2;103;101;90m██[38;2;111;143;83m██[38;2;121;166;88m██[38;2;101;137;70m██[38;2;60;62;44m  [38;2;15;15;11m  [38;2;0;0;0m    
[38;2;0;0;0m    [38;2;40;54;28m██[38;2;161;216;115m██[38;2;169;220;125m██[38;2;213;239;146m██[38;2;99;100;86m██[38;2;97;121;77m██[38;2;153;208;108m██[38;2;142;187;105m██[38;2;115;114;111m██[38;2;110;117;94m██[38;2;100;136;71m██[38;2;143;151;106m  [38;2;241;251;179m  [38;2;60;62;44m  [38;2;0;0;0m    
[38;2;0;0;0m    [38;2;161;217;113m██[38;2;161;216;115m██[38;2;180;224;126m██[38;2;106;117;80m██[38;2;139;140;134m██[38;2;137;179;101m██[38;2;161;217;114m██[38;2;161;216;116m██[38;2;99;98;96m██[38;2;107;108;97m██[38;2;113;111;92m██[38;2;39;41;29m██[38;2;69;78;53m  [38;2;45;47;33m  [38;2;0;0;0m    
[38;2;0;0;0m    [38;2;161;216;115m██[38;2;161;216;116m██[38;2;147;190;110m██[38;2;76;80;71m██[38;2;140;136;80m██[38;2;137;179;103m██[38;2;161;216;115m██[38;2;161;216;116m██[38;2;78;78;75m██[38;2;158;160;141m██[38;2;183;183;142m██[38;2;195;196;110m██[38;2;72;90;64m██[38;2;12;15;11m  [38;2;0;0;0m    
[38;2;0;0;0m    [38;2;40;54;28m██[38;2;161;218;113m██[38;2;198;200;133m██[38;2;79;88;71m██[38;2;72;76;69m██[38;2;123;158;93m██[38;2;161;218;113m██[38;2;143;189;104m██[38;2;95;108;77m██[38;2;121;143;88m██[38;2;117;130;94m██[38;2;198;208;125m████[38;2;107;128;78m██[38;2;22;36;21m  [38;2;0;0;0m  
[38;2;0;0;0m    [38;2;145;154;107m  [38;2;115;129;95m██[38;2;114;117;85m██[38;2;121;162;85m██[38;2;80;91;71m██[38;2;80;90;70m██[38;2;156;210;117m██[38;2;84;104;89m██[38;2;82;105;68m██[38;2;214;235;132m██[38;2;142;177;108m██[38;2;105;127;82m██[38;2;111;143;82m██[38;2;119;160;88m██[38;2;133;141;124m██[38;2;0;0;0m  
[38;2;0;0;0m    [38;2;180;188;134m  [38;2;114;130;111m██[38;2;65;65;47m██[38;2;72;79;65m██[38;2;106;114;75m██[38;2;106;114;77m██[38;2;112;144;96m██[38;2;73;93;85m██[38;2;166;209;111m██[38;2;179;225;118m██[38;2;216;241;136m██[38;2;95;112;73m██[38;2;90;123;66m██[38;2;128;161;101m██[38;2;197;197;189m██[38;2;49;49;47m██
[38;2;0;0;0m    [38;2;225;235;167m  [38;2;69;81;62m  [38;2;180;188;134m  [38;2;57;59;45m  [38;2;164;171;79m██[38;2;84;103;70m██[38;2;73;97;83m██[38;2;45;57;53m██[38;2;179;225;121m████[38;2;217;241;138m██[38;2;50;73;41m██[38;2;180;188;134m  [38;2;82;84;69m  [38;2;49;49;47m██[38;2;12;12;11m██
[38;2;0;0;0m            [38;2;44;78;65m██[38;2;59;105;87m██[38;2;29;52;43m  [38;2;0;0;0m  [38;2;23;35;30m██[38;2;94;145;124m██[38;2;198;220;172m██[38;2;40;54;28m██[38;2;0;0;0m        
[38;2;0;0;0m                    [38;2;7;11;10m  [38;2;33;42;38m██[38;2;24;39;28m██[38;2;10;13;7m  [38;2;0;0;0m        [0m
