
[38;2;13;14;14m  [38;2;50;52;52m      [38;2;22;24;24m  [38;2;44;48;48m██[38;2;17;19;18m  [38;2;8;8;8m  [38;2;50;52;52m    [38;2;49;52;52m  [38;2;50;52;52m          [38;2;52;54;53m  [38;2;17;17;17m  
[38;2;55;58;57m  [38;2;200;210;208m      [38;2;97;103;102m  [38;2;124;138;135m██[38;2;129;142;140m██[38;2;78;87;86m  [38;2;158;166;166m  [38;2;200;210;208m        [38;2;125;131;130m  [38;2;50;52;52m  [38;2;141;148;147m  [38;2;209;217;215m  [38;2;70;70;70m  
[38;2;55;58;57m  [38;2;200;210;208m        [38;2;7;8;7m██[38;2;112;126;123m██[38;2;151;167;164m██[38;2;30;34;33m██[38;2;200;210;208m    [38;2;180;189;187m  [38;2;49;54;53m  [38;2;104;115;113m██[38;2;165;182;179m██[38;2;92;101;99m██[38;2;69;72;73m  [38;2;53;53;54m  
[38;2;55;58;57m  [38;2;200;210;208m        [38;2;143;151;149m  [38;2;89;99;95m██[38;2;113;126;124m██[38;2;91;102;100m██[38;2;91;96;95m  [38;2;200;210;208m  [38;2;82;89;88m  [38;2;124;138;135m██[38;2;150;166;162m██[38;2;159;175;172m██[38;2;146;162;159m██[38;2;133;148;146m██[38;2;37;41;41m  
[38;2;55;58;57m  [38;2;200;210;208m        [38;2;191;201;199m  [38;2;77;85;83m  [38;2;93;100;97m██[38;2;110;112;111m██[38;2;56;58;58m  [38;2;38;39;39m  [38;2;140;155;152m██[38;2;125;140;137m██[38;2;171;188;184m██[38;2;128;141;138m████[38;2;49;52;52m  [38;2;13;14;14m  
[38;2;55;58;57m  [38;2;200;210;208m      [38;2;125;131;130m  [38;2;50;52;52m  [38;2;111;116;115m  [38;2;39;40;39m██[38;2;147;161;158m██[38;2;116;125;123m██[38;2;133;143;142m██[38;2;112;126;123m██[38;2;123;137;134m██[38;2;42;47;46m██[38;2;150;157;156m    [38;2;206;215;213m  [38;2;67;67;67m  
[38;2;55;58;57m  [38;2;200;210;208m      [38;2;72;79;78m██[38;2;197;207;205m██[38;2;87;94;93m██[38;2;154;167;164m██[38;2;200;210;208m██[38;2;129;140;138m██[38;2;81;84;84m██[38;2;101;108;107m██[38;2;106;104;107m██[38;2;176;184;183m  [38;2;200;210;208m    [38;2;209;217;215m  [38;2;70;70;70m  
[38;2;55;58;57m  [38;2;200;210;208m    [38;2;58;61;60m  [38;2;116;123;122m██[38;2;104;106;106m██[38;2;138;143;142m██[38;2;98;100;100m████[38;2;195;205;203m██[38;2;138;153;150m██[38;2;150;160;158m██[38;2;130;144;141m██[38;2;91;98;97m  [38;2;200;210;208m    [38;2;209;217;215m  [38;2;70;70;70m  
[38;2;55;58;57m  [38;2;200;210;208m    [38;2;11;11;11m  [38;2;134;149;146m██[38;2;173;189;186m██[38;2;135;144;142m██[38;2;157;173;170m██[38;2;151;168;165m██[38;2;82;78;85m██[38;2;144;156;154m██[38;2;193;203;201m██[38;2;133;147;144m██[38;2;91;98;97m  [38;2;200;210;208m    [38;2;209;217;215m  [38;2;70;70;70m  
[38;2;55;58;57m  [38;2;200;210;208m  [38;2;141;148;147m  [38;2;94;105;103m  [38;2;125;118;117m██[38;2;161;124;129m██[38;2;143;158;155m██[38;2;131;146;143m██[38;2;153;169;166m██[38;2;113;128;125m██[38;2;89;83;85m██[38;2;158;173;170m██[38;2;171;188;185m██[38;2;104;109;108m  [38;2;200;210;208m    [38;2;209;217;215m  [38;2;70;70;70m  
[38;2;55;58;57m  [38;2;200;210;208m  [38;2;141;148;147m  [38;2;94;105;103m  [38;2;126;102;103m██[38;2;202;163;154m██[38;2;163;179;176m██[38;2;159;176;172m██[38;2;110;108;106m██[38;2;160;159;158m██[38;2;162;178;175m██[38;2;105;111;111m██[38;2;131;145;142m██[38;2;102;112;111m██[38;2;152;160;158m  [38;2;200;210;208m  [38;2;209;217;215m  [38;2;70;70;70m  
[38;2;55;58;57m  [38;2;200;210;208m    [38;2;152;160;158m  [38;2;110;60;65m██[38;2;249;250;249m██[38;2;163;179;176m██[38;2;167;183;179m██[38;2;212;203;202m██[38;2;181;132;133m██[38;2;172;189;185m██[38;2;105;111;110m██[38;2;168;184;181m██[38;2;149;164;162m██[38;2;11;11;11m  [38;2;200;210;208m  [38;2;209;217;215m  [38;2;70;70;70m  
[38;2;55;58;57m  [38;2;200;210;208m      [38;2;69;76;75m  [38;2;119;133;130m██[38;2;137;152;149m██[38;2;152;168;165m██[38;2;218;203;198m██[38;2;206;143;145m██[38;2;156;171;168m██[38;2;105;111;110m██[38;2;101;112;110m██[38;2;50;52;52m  [38;2;200;210;208m    [38;2;209;217;215m  [38;2;70;70;70m  
[38;2;55;58;57m  [38;2;200;210;208m      [38;2;175;183;182m  [38;2;97;94;96m██[38;2;153;130;136m██[38;2;128;143;140m██[38;2;171;165;164m██[38;2;176;179;176m██[38;2;52;58;57m██[38;2;153;166;164m██[38;2;126;139;136m██[38;2;125;131;130m  [38;2;200;210;208m    [38;2;209;217;215m  [38;2;70;70;70m  
[38;2;41;43;43m  [38;2;150;157;156m  [38;2;31;35;34m██[38;2;21;25;24m██[38;2;82;86;85m  [38;2;121;134;131m██[38;2;86;80;83m██[38;2;110;121;119m██[38;2;113;124;121m██[38;2;66;67;78m██[38;2;129;136;135m  [38;2;64;68;69m██[38;2;85;95;93m██[38;2;125;131;130m  [38;2;200;210;208m    [38;2;209;217;215m  [38;2;70;70;70m  
[38;2;26;29;28m  [38;2;94;105;103m██[38;2;98;105;104m██[38;2;119;133;130m██[38;2;78;82;80m██[38;2;36;43;40m██[38;2;98;105;104m██[38;2;139;186;202m██[38;2;186;184;181m██[38;2;117;127;125m██[38;2;127;138;135m██[38;2;74;82;82m██[38;2;142;149;148m  [38;2;200;210;208m      [38;2;209;217;215m  [38;2;70;70;70m  
[38;2;13;14;14m  [38;2;90;92;92m  [38;2;94;105;103m██[38;2;68;78;76m██[38;2;50;52;52m  [38;2;142;149;148m  [38;2;53;57;59m██[38;2;108;156;172m██[38;2;178;171;168m██[38;2;91;95;95m██[38;2;170;187;183m██[38;2;138;150;148m██[38;2;22;23;23m██[38;2;175;183;182m  [38;2;200;210;208m    [38;2;209;217;215m  [38;2;70;70;70m  
[38;2;55;58;57m  [38;2;200;210;208m  [38;2;150;157;156m    [38;2;125;131;130m  [38;2;129;142;139m██[38;2;153;165;163m██[38;2;154;159;159m██[38;2;84;85;87m██[38;2;82;86;85m██[38;2;97;103;102m██[38;2;119;127;126m██[38;2;115;126;124m██[38;2;65;71;70m  [38;2;200;210;208m    [38;2;209;217;215m  [38;2;70;70;70m  
[38;2;55;58;57m  [38;2;200;210;208m      [38;2;87;95;94m██[38;2;172;189;186m██[38;2;124;135;133m██[38;2;142;156;153m██[38;2;181;193;190m██[38;2;149;157;155m██[38;2;153;167;164m██[38;2;158;175;171m██[38;2;70;70;71m██[38;2;82;91;89m██[38;2;152;160;158m  [38;2;200;210;208m  [38;2;209;217;215m  [38;2;70;70;70m  
[38;2;55;58;57m  [38;2;200;210;208m    [38;2;58;61;60m  [38;2;134;148;145m██[38;2;95;99;99m██[38;2;150;163;161m██[38;2;103;109;108m██[38;2;167;184;180m██[38;2;152;167;164m██[38;2;100;105;104m██[38;2;131;139;138m██[38;2;111;121;119m██[38;2;128;142;139m██[38;2;11;11;11m  [38;2;200;210;208m  [38;2;209;217;215m  [38;2;70;70;70m  
[38;2;55;58;57m  [38;2;200;210;208m    [38;2;11;11;11m  [38;2;81;82;81m██[38;2;126;140;137m██[38;2;112;126;123m██[38;2;160;174;171m██[38;2;141;153;150m██[38;2;177;194;190m████[38;2;92;98;97m██[38;2;110;121;119m██[38;2;104;111;109m██[38;2;11;11;11m  [38;2;200;210;208m  [38;2;209;217;215m  [38;2;70;70;70m  
[38;2;55;58;57m  [38;2;200;210;208m    [38;2;11;11;11m  [38;2;125;138;136m██[38;2;83;86;86m██[38;2;146;162;158m██[38;2;88;91;91m██[38;2;84;86;86m██[38;2;91;95;94m████[38;2;104;111;110m██[38;2;143;154;152m██[38;2;92;100;99m██[38;2;152;160;158m  [38;2;200;210;208m  [38;2;209;217;215m  [38;2;70;70;70m  
[38;2;55;58;57m  [38;2;200;210;208m      [38;2;54;61;60m██[38;2;139;151;149m██[38;2;67;69;69m██[38;2;81;82;82m██[38;2;128;140;138m██[38;2;130;143;140m██[38;2;172;183;181m██[38;2;148;163;160m██[38;2;111;125;122m██[38;2;58;64;63m  [38;2;200;210;208m    [38;2;209;217;215m  [38;2;70;70;70m  
[38;2;55;58;57m  [38;2;200;210;208m      [38;2;96;101;100m  [38;2;25;26;25m  [38;2;77;82;81m  [38;2;103;112;110m██[38;2;51;54;54m██[38;2;175;192;189m██[38;2;149;164;161m██[38;2;105;112;110m██[38;2;41;45;44m██[38;2;175;183;182m  [38;2;200;210;208m    [38;2;209;217;215m  [38;2;70;70;70m  
[38;2;55;58;57m  [38;2;200;210;208m          [38;2;108;113;112m  [38;2;87;96;94m  [38;2;158;166;164m  [38;2;21;22;23m██[38;2;50;52;56m██[38;2;108;113;112m  [38;2;200;210;208m        [38;2;209;217;215m  [38;2;70;70;70m  
[38;2;13;14;14m  [38;2;50;52;52m            [38;2;8;8;8m  [38;2;50;52;52m  [38;2;8;9;9m  [38;2;5;7;7m  [38;2;50;52;52m          [38;2;52;54;53m  [38;2;17;17;17m  [0m
