
[38;2;17;17;17m  [38;2;69;69;69m          [38;2;5;6;7m  [38;2;33;35;37m██[38;2;17;17;17m  [38;2;69;69;69m  [38;2;52;52;52m  [38;2;52;48;36m  [38;2;42;38;23m██[38;2;16;14;10m  [38;2;69;69;69m    [38;2;52;52;52m  [38;2;28;29;30m  [38;2;17;19;20m  [38;2;52;52;52m  [38;2;69;69;69m          [38;2;17;17;17m  
[38;2;63;63;63m  [38;2;255;255;255m          [38;2;19;22;26m██[38;2;86;96;111m██[38;2;96;100;102m  [38;2;202;202;202m  [38;2;86;83;70m  [38;2;135;131;111m██[38;2;190;178;130m██[38;2;139;132;94m██[38;2;98;98;98m  [38;2;255;255;255m  [38;2;62;64;65m  [38;2;130;138;141m██[38;2;60;67;78m██[38;2;191;191;191m  [38;2;255;255;255m          [38;2;63;63;63m  
[38;2;63;63;63m  [38;2;255;255;255m      [38;2;128;129;131m  [38;2;45;47;49m██[38;2;128;129;131m  [38;2;44;50;60m  [38;2;88;97;110m██[38;2;67;70;73m██[38;2;144;144;144m  [38;2;54;53;54m  [38;2;65;64;68m██[38;2;80;79;79m  [38;2;231;231;231m  [38;2;78;80;80m  [38;2;130;139;144m██[38;2;66;73;83m██[38;2;35;39;44m  [38;2;50;54;55m  [38;2;64;66;67m  [38;2;231;231;231m  [38;2;255;255;255m      [38;2;63;63;63m  
[38;2;63;63;63m  [38;2;255;255;255m      [38;2;19;22;26m██[38;2;83;92;108m██[38;2;96;100;103m  [38;2;175;175;176m  [38;2;25;29;33m██[38;2;80;82;92m██[38;2;56;54;61m  [38;2;179;168;130m  [38;2;234;220;166m██[38;2;72;68;52m  [38;2;48;50;51m  [38;2;132;141;144m██[38;2;64;72;84m██[38;2;55;62;74m  [38;2;36;39;40m  [38;2;131;141;144m██[38;2;59;67;78m██[38;2;191;191;191m  [38;2;255;255;255m      [38;2;63;63;63m  
[38;2;63;63;63m  [38;2;255;255;255m      [38;2;200;201;203m  [38;2;41;46;55m  [38;2;86;96;111m██[38;2;75;79;82m██[38;2;67;76;86m██[38;2;130;125;108m██[38;2;243;226;160m██[38;2;251;233;173m██[38;2;253;237;179m██[38;2;240;223;158m██[38;2;83;89;92m██[38;2;95;103;116m██[38;2;34;34;34m  [38;2;80;84;85m  [38;2;130;138;143m██[38;2;59;66;75m██[38;2;47;53;61m  [38;2;211;214;216m  [38;2;255;255;255m      [38;2;63;63;63m  
[38;2;63;63;63m  [38;2;255;255;255m          [38;2;19;22;26m██[38;2;79;89;104m██[38;2;75;83;94m██[38;2;196;184;133m██[38;2;141;141;141m██[38;2;221;206;156m██[38;2;241;224;156m████[38;2;82;84;85m██[38;2;135;145;147m██[38;2;97;105;110m██[38;2;134;144;147m██[38;2;61;66;79m██[38;2;58;66;79m  [38;2;122;130;143m  [38;2;255;255;255m        [38;2;63;63;63m  
[38;2;28;28;28m  [38;2;115;115;115m      [38;2;150;150;150m  [38;2;255;255;255m  [38;2;226;226;226m  [38;2;139;139;139m  [38;2;70;71;65m██[38;2;199;197;190m██[38;2;255;255;255m██[38;2;216;216;216m██[38;2;200;190;149m██[38;2;243;224;158m██[38;2;222;206;147m██[38;2;112;114;108m██[38;2;90;95;97m██[38;2;42;46;52m██[38;2;168;168;168m  [38;2;255;255;255m            [38;2;63;63;63m  
[38;2;33;35;35m██[38;2;130;140;144m██[38;2;129;139;144m██[38;2;130;139;144m██[38;2;105;112;114m██[38;2;176;177;177m  [38;2;231;231;231m  [38;2;62;62;62m  [38;2;182;182;182m██[38;2;207;207;207m██[38;2;81;81;81m██[38;2;255;255;255m██[38;2;165;161;146m██[38;2;230;213;153m██[38;2;232;214;149m██[38;2;197;182;123m██[38;2;81;81;81m  [38;2;255;255;255m      [38;2;177;178;178m  [38;2;14;17;17m██████[38;2;14;16;16m██[38;2;3;3;3m  
[38;2;7;8;8m  [38;2;29;32;37m██[38;2;28;32;38m██[38;2;67;74;89m██[38;2;109;119;126m██[38;2;64;66;69m██[38;2;155;144;103m██[38;2;180;169;134m██[38;2;107;109;113m██[38;2;150;151;152m██[38;2;253;253;253m██[38;2;200;200;200m██[38;2;146;146;146m██[38;2;188;188;188m██[38;2;159;152;118m██[38;2;81;77;61m██[38;2;92;92;92m    [38;2;255;255;255m  [38;2;133;133;133m  [38;2;114;131;130m██[38;2;146;161;162m██████[38;2;136;149;151m██[38;2;26;28;29m██
[38;2;17;19;20m  [38;2;71;76;80m  [38;2;63;72;86m  [38;2;33;37;41m  [38;2;76;84;92m██[38;2;181;172;133m██[38;2;243;226;161m██[38;2;250;233;173m██[38;2;232;219;172m██[38;2;121;116;96m██[38;2;124;124;124m██[38;2;181;170;123m██[38;2;148;145;136m██[38;2;201;201;200m██[38;2;104;103;101m██[38;2;98;95;85m██[38;2;255;239;183m██[38;2;246;229;166m██[38;2;43;40;28m██[38;2;59;58;55m██[38;2;135;145;147m██[38;2;117;125;127m██[38;2;46;46;46m    [38;2;22;24;24m  [38;2;3;4;4m  
[38;2;24;26;26m  [38;2;99;105;107m██[38;2;98;105;107m██[38;2;98;108;110m██[38;2;82;83;84m██[38;2;190;190;190m██[38;2;190;182;156m██[38;2;243;225;159m██[38;2;224;208;141m██[38;2;200;185;121m██[38;2;160;150;104m██[38;2;116;109;85m██[38;2;82;80;70m██[38;2;70;68;68m██[38;2;204;191;137m██[38;2;243;227;161m██[38;2;255;239;182m██[38;2;247;230;168m██[38;2;241;224;156m██[38;2;109;104;87m██[38;2;137;145;147m██[38;2;123;139;140m██[38;2;69;69;69m    [38;2;33;36;36m  [38;2;5;6;6m  
[38;2;15;17;17m  [38;2;58;66;77m██[38;2;56;65;78m██[38;2;56;64;77m██[38;2;109;107;109m██[38;2;202;201;202m██[38;2;226;226;226m██[38;2;183;172;124m██[38;2;175;165;118m██[38;2;191;178;118m██[38;2;197;182;119m████[38;2;46;46;46m  [38;2;95;92;78m  [38;2;236;221;161m██[38;2;182;179;171m██[38;2;172;172;172m██[38;2;203;194;156m██[38;2;241;224;156m██[38;2;145;136;106m██[38;2;85;95;105m██[38;2;130;141;146m██[38;2;156;177;177m████[38;2;148;166;166m██[38;2;30;32;33m██
[38;2;17;19;20m  [38;2;71;77;81m  [38;2;63;73;87m  [38;2;172;174;178m  [38;2;168;167;168m  ██[38;2;226;226;226m██[38;2;133;131;122m██[38;2;223;223;222m██[38;2;150;148;138m██[38;2;197;183;119m██[38;2;76;70;45m██[38;2;156;156;156m  [38;2;180;168;117m██[38;2;177;175;166m██[38;2;248;248;248m██[38;2;255;255;255m██[38;2;239;239;239m██[38;2;179;173;146m██[38;2;241;224;156m██[38;2;132;125;87m██[38;2;22;23;24m██[38;2;24;26;26m████[38;2;22;24;24m██[38;2;3;4;4m  
[38;2;63;63;63m  [38;2;255;255;255m      [38;2;27;27;20m██[38;2;167;165;160m██[38;2;154;150;134m██[38;2;158;151;117m██[38;2;184;185;181m██[38;2;156;152;134m██[38;2;179;166;108m██[38;2;100;98;88m  [38;2;214;214;214m  [38;2;138;130;97m  [38;2;167;167;167m██[38;2;255;255;255m██[38;2;133;133;133m██[38;2;252;252;252m██[38;2;162;158;141m██[38;2;204;189;124m██[38;2;117;110;79m  [38;2;214;214;214m  [38;2;255;255;255m    [38;2;171;176;178m  [38;2;37;38;38m  
[38;2;63;63;63m  [38;2;255;255;255m      [38;2;32;31;15m██[38;2;161;147;93m██[38;2;73;71;71m██[38;2;166;155;106m██[38;2;189;177;118m██[38;2;195;181;118m██[38;2;71;70;66m  [38;2;249;249;249m  [38;2;255;255;255m  [38;2;63;63;63m  [38;2;187;177;133m██[38;2;229;229;229m██[38;2;255;255;255m██[38;2;178;178;178m██[38;2;195;181;122m██[38;2;196;183;119m██[38;2;63;63;63m  [38;2;255;255;255m        [38;2;63;63;63m  
[38;2;63;63;63m  [38;2;255;255;255m      [38;2;220;220;220m  [38;2;82;75;52m  [38;2;132;126;91m██[38;2;103;106;99m██[38;2;66;66;69m██[38;2;65;68;71m██[38;2;168;168;168m  [38;2;255;255;255m  [38;2;226;226;226m  [38;2;62;66;70m  [38;2;86;89;89m██[38;2;115;109;100m██[38;2;166;160;131m██[38;2;189;177;122m██[38;2;107;100;65m██[38;2;49;53;47m██[38;2;97;92;71m    [38;2;168;168;168m  [38;2;255;255;255m    [38;2;63;63;63m  
[38;2;63;63;63m  [38;2;255;255;255m          [38;2;20;22;24m██[38;2;118;131;135m██[38;2;75;84;92m██[38;2;137;145;147m██[38;2;63;63;63m  [38;2;255;255;255m  [38;2;21;23;24m██[38;2;124;132;135m██[38;2;137;145;147m████[38;2;65;70;73m██[38;2;16;17;18m██[38;2;255;255;255m    [38;2;45;42;26m██[38;2;108;96;47m██[38;2;63;63;63m  [38;2;255;255;255m    [38;2;63;63;63m  
[38;2;63;63;63m  [38;2;255;255;255m        [38;2;150;150;150m  [38;2;66;73;77m██[38;2;78;84;88m██[38;2;114;126;130m██[38;2;32;36;36m██[38;2;255;255;255m  [38;2;150;150;150m  [38;2;68;74;77m██[38;2;80;85;87m██[38;2;139;139;139m  [38;2;81;84;85m  [38;2;119;127;131m██[38;2;105;106;107m  [38;2;255;255;255m  [38;2;168;168;168m  [38;2;72;65;39m██[38;2;114;112;107m  [38;2;255;255;255m      [38;2;63;63;63m  
[38;2;63;63;63m  [38;2;255;255;255m        [38;2;81;81;81m  [38;2;104;113;115m██[38;2;79;86;91m██[38;2;98;108;110m██  [38;2;249;249;249m  [38;2;63;64;64m  [38;2;131;141;144m██[38;2;48;50;51m  [38;2;249;249;249m  [38;2;63;64;64m  [38;2;133;141;144m██[38;2;48;50;51m  [38;2;255;255;255m              [38;2;63;63;63m  
[38;2;63;63;63m  [38;2;255;255;255m          [38;2;83;92;94m  [38;2;56;61;63m    [38;2;178;184;185m  [38;2;191;191;191m  [38;2;86;92;97m██[38;2;98;105;110m██[38;2;191;191;191m    [38;2;86;92;97m██[38;2;102;108;110m██[38;2;191;191;191m  [38;2;255;255;255m              [38;2;63;63;63m  
[38;2;63;63;63m  [38;2;255;255;255m            [38;2;178;185;189m  [38;2;153;161;167m  [38;2;229;231;233m  [38;2;255;255;255m  [38;2;81;82;83m  [38;2;50;54;57m  [38;2;224;226;228m  [38;2;23;25;26m██[38;2;121;131;137m██[38;2;63;63;63m  [38;2;255;255;255m                [38;2;63;63;63m  
[38;2;17;17;17m  [38;2;69;69;69m                    [38;2;44;46;47m  [38;2;35;38;40m  [38;2;61;61;62m  [38;2;8;9;10m  [38;2;35;38;40m██[38;2;17;17;17m  [38;2;69;69;69m                [38;2;17;17;17m  [0m
