
[38;2;0;0;0m    [38;2;49;43;30m    [38;2;37;32;22m  [38;2;33;26;10m    [38;2;37;32;22m  [38;2;49;43;30m  [38;2;12;10;7m  [38;2;49;43;30m    [38;2;11;8;3m  [38;2;44;35;14m██[38;2;33;26;10m  [38;2;37;32;22m    [38;2;0;0;0m  
[38;2;0;0;0m    [38;2;199;172;121m  [38;2;199;172;120m  [38;2;186;161;113m  [38;2;70;59;33m  [38;2;180;148;56m██[38;2;83;73;35m  [38;2;161;139;98m  [38;2;129;95;7m  [38;2;91;75;52m  [38;2;87;75;52m  [38;2;143;114;45m██[38;2;216;185;63m██[38;2;70;59;33m  [38;2;186;161;113m  [38;2;149;129;90m  [38;2;0;0;0m  
[38;2;0;0;0m    [38;2;199;171;121m  [38;2;161;139;98m  [38;2;76;60;22m  [38;2;49;44;35m  [38;2;191;157;59m██[38;2;104;92;31m██[38;2;111;96;68m  [38;2;129;96;12m██[38;2;83;56;16m██[38;2;74;67;52m██[38;2;194;160;58m██[38;2;61;54;17m██[38;2;199;171;121m    [38;2;149;129;90m  [38;2;0;0;0m  
[38;2;0;0;0m    [38;2;199;172;121m  [38;2;161;139;98m  [38;2;77;55;0m██[38;2;88;76;49m██[38;2;178;142;57m██[38;2;128;113;65m██[38;2;49;48;49m██[38;2;125;104;57m██[38;2;150;123;60m██[38;2;171;138;58m██[38;2;194;160;59m██[38;2;61;54;17m██[38;2;199;172;121m  [38;2;199;172;120m  [38;2;149;129;90m  [38;2;0;0;0m  
[38;2;0;0;0m    [38;2;149;129;90m    [38;2;36;36;28m██[38;2;155;126;59m██[38;2;136;113;60m██[38;2;157;128;59m██[38;2;176;141;56m██████[38;2;189;155;58m██[38;2;177;145;41m██[38;2;123;101;68m  [38;2;75;60;22m  [38;2;186;161;113m  [38;2;149;129;90m  [38;2;0;0;0m  
[38;2;0;0;0m    [38;2;126;99;32m██[38;2;60;54;38m██[38;2;154;125;58m██[38;2;115;99;62m██[38;2;157;128;59m██[38;2;177;141;56m██[38;2;178;142;57m████[38;2;93;84;63m██[38;2;106;98;65m██[38;2;190;132;0m██[38;2;167;120;0m██[38;2;110;71;0m██[38;2;149;129;90m    [38;2;0;0;0m  
[38;2;0;0;0m    [38;2;41;32;10m██[38;2;101;87;48m██[38;2;176;141;56m██[38;2;106;90;51m██[38;2;178;142;57m██[38;2;176;141;56m██[38;2;149;119;48m██[38;2;93;84;63m██[38;2;178;142;57m████[38;2;111;103;66m██[38;2;112;81;28m██[38;2;58;44;35m  [38;2;149;129;90m  [38;2;36;29;14m  [38;2;0;0;0m  
[38;2;0;0;0m    [38;2;33;24;0m██[38;2;135;99;0m██[38;2;177;141;56m██[38;2;168;132;45m██[38;2;177;141;56m████[38;2;168;132;45m██[38;2;177;141;56m██████[38;2;194;160;58m██[38;2;199;175;65m██[38;2;196;176;63m██[38;2;184;164;51m██[38;2;146;119;58m██[38;2;0;0;0m  
[38;2;12;15;11m  [38;2;51;60;44m  [38;2;163;156;113m  [38;2;88;70;11m  [38;2;144;108;14m██[38;2;157;127;58m██[38;2;176;140;54m██[38;2;154;132;40m██[38;2;168;132;45m██[38;2;176;141;56m██████[38;2;166;130;42m████[38;2;168;132;45m██[38;2;176;141;56m██[38;2;100;80;32m  [38;2;0;0;0m  
[38;2;51;60;44m  [38;2;206;239;179m  [38;2;51;63;44m  [38;2;95;20;23m  [38;2;152;65;51m██[38;2;147;67;72m██[38;2;119;106;89m██[38;2;205;199;195m██[38;2;204;175;114m██[38;2;170;134;46m██[38;2;157;127;58m██[38;2;93;84;63m██[38;2;83;73;49m██[38;2;77;77;53m██[38;2;103;74;3m██[38;2;44;35;14m██[38;2;111;96;68m  [38;2;0;0;0m  
[38;2;38;44;33m  [38;2;77;56;48m  [38;2;153;46;59m██[38;2;182;48;64m██[38;2;95;68;73m██[38;2;202;59;76m██[38;2;118;88;96m██[38;2;80;84;73m██[38;2;168;145;107m██[38;2;104;70;55m██[38;2;125;62;70m██[38;2;202;59;75m██[38;2;202;59;76m██[38;2;204;61;78m██[38;2;82;56;60m██[38;2;130;138;107m  [38;2;111;96;68m  [38;2;0;0;0m  
[38;2;0;0;0m  [38;2;75;48;52m██[38;2;110;148;72m██[38;2;103;85;70m██[38;2;99;63;68m██[38;2;124;58;69m██[38;2;165;58;62m██[38;2;118;127;74m██[38;2;105;71;56m██[38;2;117;63;70m██[38;2;111;84;70m██[38;2;145;148;75m██[38;2;190;47;64m██[38;2;202;58;75m██[38;2;202;59;76m██[38;2;148;30;46m██[38;2;0;0;0m    
[38;2;12;15;11m  [38;2;83;114;53m  [38;2;125;176;75m██[38;2;101;143;60m██[38;2;60;60;60m  [38;2;132;54;63m██[38;2;82;89;68m██[38;2;84;84;63m██[38;2;101;103;43m██[38;2;97;104;39m██[38;2;93;123;37m██[38;2;54;65;37m  [38;2;163;156;110m██[38;2;196;65;76m██[38;2;198;56;73m██[38;2;191;82;81m██[38;2;0;0;0m    
[38;2;51;60;44m  [38;2;167;195;146m  [38;2;54;77;32m██[38;2;31;44;18m██[38;2;191;191;191m  [38;2;61;79;30m██[38;2;85;82;64m██[38;2;120;121;68m██[38;2;145;142;71m██[38;2;213;202;80m██[38;2;126;159;79m██[38;2;72;86;59m  [38;2;132;149;112m  [38;2;156;153;108m██[38;2;189;80;79m██[38;2;85;91;62m██[38;2;0;0;0m    
[38;2;51;60;44m  [38;2;206;240;179m  [38;2;62;78;47m  [38;2;117;165;70m██[38;2;56;59;8m██[38;2;127;126;50m██[38;2;125;126;70m██[38;2;199;187;87m██[38;2;223;207;92m██[38;2;152;149;78m██[38;2;130;161;78m██[38;2;46;56;35m██[38;2;154;179;134m  [38;2;147;176;117m██[38;2;184;220;147m██[38;2;75;89;63m  [38;2;0;0;0m    
[38;2;51;60;44m  [38;2;206;239;179m  [38;2;154;179;134m  [38;2;93;132;56m██[38;2;95;115;8m██[38;2;141;139;64m██[38;2;153;150;79m██[38;2;152;149;78m██[38;2;130;131;74m██[38;2;120;136;65m██[38;2;144;173;109m██[38;2;128;149;111m  [38;2;75;89;63m  [38;2;184;220;147m██[38;2;75;89;63m  [38;2;193;224;168m  [38;2;0;0;0m    
[38;2;51;60;44m  [38;2;206;240;179m  [38;2;123;146;105m  [38;2;101;143;60m██[38;2;78;91;25m██[38;2;140;140;69m██[38;2;153;150;79m██[38;2;152;149;78m██[38;2;116;121;64m██[38;2;108;117;98m██[38;2;141;157;122m  [38;2;131;150;117m  [38;2;86;102;68m██[38;2;49;58;39m██[38;2;206;240;179m    [38;2;0;0;0m    
[38;2;51;60;44m  [38;2;90;105;83m  [38;2;112;152;72m██[38;2;66;87;46m██[38;2;68;89;54m  [38;2;145;136;40m██[38;2;143;141;69m██[38;2;136;134;61m██[38;2;79;91;49m██[38;2;201;206;195m██[38;2;159;159;159m  [38;2;62;62;62m  [38;2;184;224;142m██[38;2;179;191;167m██[38;2;51;60;44m  [38;2;167;195;146m  [38;2;0;0;0m    
[38;2;7;10;4m  [38;2;111;152;72m██[38;2;144;174;113m██[38;2;73;87;61m  [38;2;228;235;223m  [38;2;59;71;62m  [38;2;78;96;30m██[38;2;96;105;38m██[38;2;113;112;113m██[38;2;255;255;255m██[38;2;237;238;237m██[38;2;84;92;80m  [38;2;147;180;112m██[38;2;203;224;181m██[38;2;255;255;255m██[38;2;63;63;63m██[38;2;0;0;0m    
[38;2;43;54;32m██[38;2;78;97;60m██[38;2;154;179;134m  [38;2;193;224;168m  [38;2;255;255;255m  [38;2;228;235;223m  [38;2;17;19;13m██[38;2;80;103;29m██[38;2;101;108;93m██[38;2;243;250;235m██[38;2;95;95;95m  [38;2;202;227;182m  [38;2;49;58;39m██[38;2;143;191;95m██[38;2;255;255;255m██[38;2;207;207;207m██[38;2;0;0;0m    
[38;2;12;15;11m  [38;2;167;195;146m  [38;2;206;240;179m      [38;2;90;105;78m  [38;2;141;171;110m██[38;2;73;87;61m    [38;2;191;221;160m██[38;2;100;100;100m██[38;2;131;150;117m  [38;2;167;195;146m  [38;2;123;146;99m  [38;2;161;201;122m██[38;2;246;250;243m██[38;2;47;47;47m  [38;2;0;0;0m  
[38;2;51;60;44m  [38;2;206;239;179m  [38;2;206;240;179m  [38;2;206;239;179m  [38;2;206;240;179m  [38;2;206;239;179m  [38;2;154;179;134m  [38;2;193;224;168m  [38;2;193;225;168m  [38;2;86;92;81m  [38;2;63;63;63m██[38;2;131;150;117m  [38;2;206;240;179m  [38;2;167;195;146m  [38;2;44;54;33m██[38;2;166;191;140m██[38;2;239;239;239m██[38;2;47;47;47m  [0m
