
[38;2;0;0;0m          [38;2;12;20;16m  [38;2;57;87;73m  [38;2;1;2;1m  [38;2;0;0;0m                              
[38;2;0;0;0m        [38;2;14;24;19m  [38;2;128;181;162m  [38;2;125;178;158m██[38;2;4;8;6m  [38;2;0;0;0m                              
[38;2;0;0;0m        [38;2;97;142;122m██[38;2;162;231;212m██[38;2;77;137;130m  [38;2;3;6;4m  [38;2;0;0;0m                              
[38;2;0;0;0m  [38;2;33;54;43m  [38;2;0;0;0m    [38;2;97;142;122m██[38;2;143;223;212m██[38;2;34;56;45m  [38;2;0;0;0m                                
[38;2;32;50;42m  [38;2;153;211;190m██[38;2;43;71;57m  [38;2;61;105;93m  [38;2;129;216;213m██[38;2;132;217;212m██[38;2;97;175;172m██[38;2;19;31;26m  [38;2;0;0;0m                              
[38;2;87;129;110m██[38;2;138;219;213m██[38;2;89;152;154m██[38;2;112;204;206m██[38;2;115;210;212m██[38;2;126;215;212m██[38;2;115;210;213m██[38;2;62;103;86m██[38;2;0;0;0m                              
[38;2;11;18;14m  [38;2;87;155;151m  [38;2;117;205;206m██[38;2;130;182;169m██[38;2;127;185;175m██[38;2;130;181;168m██[38;2;123;186;179m██[38;2;117;206;208m██[38;2;46;79;69m  [38;2;0;1;0m  [38;2;25;25;24m  [38;2;0;0;0m                        
[38;2;0;0;0m  [38;2;44;69;57m  [38;2;122;188;179m██[38;2;169;230;210m██[38;2;167;227;207m██[38;2;167;231;209m██[38;2;160;227;210m██[38;2;105;173;180m██[38;2;46;79;69m  [38;2;0;1;0m  [38;2;173;170;166m██[38;2;0;0;0m              [38;2;112;114;116m  [38;2;0;0;0m        
[38;2;14;24;19m  [38;2;102;184;182m██[38;2;131;186;174m██[38;2;169;230;210m██[38;2;169;234;211m████[38;2;160;227;210m██[38;2;105;173;180m██[38;2;32;52;41m  [38;2;0;0;0m  [38;2;189;186;179m██[38;2;147;145;126m██[38;2;147;150;152m██[38;2;233;234;235m██[38;2;231;234;236m██[38;2;55;56;56m██[38;2;47;51;46m██[38;2;233;234;235m██[38;2;193;195;198m██[38;2;0;0;0m        
[38;2;3;6;4m  [38;2;59;100;89m  [38;2;115;205;208m██[38;2;114;185;181m██[38;2;171;234;212m████[38;2;111;184;188m██[38;2;77;126;113m██[38;2;8;13;10m  [38;2;0;0;0m  [38;2;200;197;193m██[38;2;138;139;133m██[38;2;218;220;220m██[38;2;207;206;202m██[38;2;232;234;235m██[38;2;229;231;233m██[38;2;222;223;222m██[38;2;230;234;237m██[38;2;80;81;82m██[38;2;0;0;0m        
[38;2;0;0;0m    [38;2;42;68;55m  [38;2;90;158;156m  [38;2;121;183;183m██[38;2;169;234;215m██[38;2;59;98;98m  [38;2;3;6;4m  [38;2;0;0;0m  [38;2;55;55;56m  [38;2;91;89;86m██[38;2;42;40;40m██[38;2;69;69;66m██[38;2;207;206;202m██[38;2;232;234;235m████[38;2;211;211;211m██[38;2;192;194;196m██[38;2;0;0;0m          
[38;2;0;0;0m      [38;2;11;19;15m  [38;2;57;86;90m██[38;2;121;175;167m██[38;2;0;0;0m      [38;2;220;223;227m██[38;2;45;42;43m██[38;2;49;46;47m██[38;2;72;71;69m██[38;2;233;234;235m██[38;2;231;234;236m██[38;2;107;106;107m██[38;2;144;139;133m██[38;2;171;168;164m██[38;2;0;0;0m          
[38;2;0;0;0m        [38;2;80;81;82m██[38;2;230;234;238m██[38;2;0;0;0m    [38;2;85;84;82m██[38;2;8;8;8m██[38;2;52;50;50m██[38;2;44;43;43m██[38;2;150;144;136m██[38;2;185;185;185m██[38;2;88;87;88m██[38;2;244;244;242m██[38;2;171;169;156m██[38;2;200;194;189m██[38;2;101;99;96m██[38;2;0;0;0m        
[38;2;0;0;0m        [38;2;80;81;82m██[38;2;231;234;236m██[38;2;106;106;107m  [38;2;0;0;0m  [38;2;85;84;82m██[38;2;102;103;84m██[38;2;180;180;177m██[38;2;84;80;78m██[38;2;101;97;88m██[38;2;206;206;200m██[38;2;142;145;142m██[38;2;130;137;134m██[38;2;190;187;180m██[38;2;197;194;189m██[38;2;164;162;148m██[38;2;0;0;0m        
[38;2;0;0;0m        [38;2;8;7;13m  [38;2;169;169;172m██[38;2;141;142;143m██[38;2;22;21;37m  [38;2;14;13;23m  [38;2;125;126;101m██[38;2;231;234;236m██[38;2;207;208;202m██[38;2;174;170;160m██[38;2;113;115;120m██[38;2;160;160;155m██[38;2;196;192;181m██[38;2;160;158;142m██[38;2;112;112;93m██[38;2;50;49;54m  [38;2;25;23;40m      [38;2;6;6;10m  
[38;2;0;0;0m        [38;2;32;29;53m██[38;2;68;66;76m██[38;2;159;161;163m██[38;2;27;25;41m  [38;2;35;34;44m  [38;2;198;201;198m██[38;2;230;234;237m██[38;2;131;131;105m██[38;2;200;194;189m██████[38;2;198;192;186m██[38;2;130;128;117m██[38;2;23;23;30m  [38;2;91;84;148m  [38;2;100;92;163m    [38;2;100;93;163m  [38;2;26;24;42m  
[38;2;3;6;4m  [38;2;70;105;89m  [38;2;14;23;18m  [38;2;2;4;3m  [38;2;16;16;16m  [38;2;95;91;87m██[38;2;182;179;174m██[38;2;78;69;70m██[38;2;78;73;72m██[38;2;227;228;229m██[38;2;152;152;153m██[38;2;197;194;189m██[38;2;164;161;158m██[38;2;61;58;57m██[38;2;91;89;84m██[38;2;155;153;144m██[38;2;73;68;117m██[38;2;69;63;126m██[38;2;21;19;37m██[38;2;79;73;129m  [38;2;100;92;163m    [38;2;26;24;42m  
[38;2;14;24;19m  [38;2;142;205;188m██[38;2;139;200;182m██[38;2;60;92;76m  [38;2;26;24;42m  [38;2;50;49;55m  [38;2;195;192;187m██[38;2;34;32;31m██[38;2;65;61;90m  [38;2;199;197;193m██[38;2;185;183;180m██[38;2;49;48;47m██[38;2;42;42;42m██[38;2;50;43;36m██[38;2;51;46;40m██[38;2;74;71;71m██[38;2;65;60;109m██[38;2;70;67;92m██[38;2;90;83;153m██[38;2;61;56;103m  [38;2;25;23;40m  [38;2;100;93;163m  [38;2;26;24;42m  
[38;2;11;18;14m  [38;2;49;90;74m  [38;2;124;183;166m██[38;2;168;232;213m██[38;2;71;122;108m██[38;2;19;36;32m██[38;2;192;199;193m██[38;2;16;18;18m██[38;2;100;93;163m  [38;2;28;26;46m  [38;2;25;23;40m  [38;2;100;93;163m  [38;2;28;24;25m██[38;2;74;69;67m██[38;2;75;71;69m██[38;2;60;56;51m██[38;2;64;60;92m██[38;2;86;80;141m██[38;2;33;31;43m  [38;2;73;67;123m██[38;2;92;85;155m██[38;2;34;31;56m  [38;2;19;18;31m  
[38;2;0;0;0m  [38;2;11;18;14m  [38;2;30;52;44m  [38;2;147;217;201m██[38;2;109;195;201m██[38;2;140;181;174m██[38;2;132;166;157m██[38;2;134;164;155m██[38;2;67;93;96m  [38;2;98;93;160m  [38;2;100;92;163m  [38;2;25;23;40m  [38;2;52;49;45m██[38;2;58;54;49m██[38;2;60;56;51m██[38;2;61;57;53m██[38;2;45;43;42m██[38;2;79;73;134m██[38;2;65;60;106m  [38;2;66;61;107m  [38;2;56;52;105m██[38;2;86;80;146m██[38;2;17;16;30m  
[38;2;0;0;0m  [38;2;11;18;14m  [38;2;84;148;139m██[38;2;115;210;211m██[38;2;116;192;190m██[38;2;162;224;202m██[38;2;169;234;211m████[38;2;114;183;187m██[38;2;59;95;79m██[38;2;49;47;84m  [38;2;35;35;35m██[38;2;72;67;65m██[38;2;67;62;59m██[38;2;67;63;60m████[38;2;74;69;67m██[38;2;42;41;50m██[38;2;42;40;64m██[38;2;66;61;108m  [38;2;110;108;111m  [38;2;69;65;116m██[38;2;12;11;25m  
[38;2;0;0;0m  [38;2;44;70;57m  [38;2;115;207;212m██[38;2;115;210;211m██[38;2;125;186;179m██[38;2;167;231;209m██[38;2;169;234;211m██[38;2;171;234;212m██[38;2;136;201;195m██[38;2;17;28;25m██[38;2;59;52;113m██[38;2;66;61;113m██[38;2;55;52;49m██[38;2;67;63;60m██[38;2;67;63;59m██[38;2;58;53;50m██[38;2;51;48;46m██[38;2;42;41;50m██[38;2;87;81;140m██[38;2;44;43;47m  [38;2;7;7;12m  [38;2;75;70;122m  [38;2;19;18;31m  
[38;2;0;0;0m  [38;2;33;52;43m  [38;2;90;158;153m██[38;2;112;204;205m██[38;2;123;185;181m██[38;2;167;231;210m██[38;2;169;234;212m██[38;2;120;167;159m██[38;2;123;182;176m██[38;2;3;6;6m██[38;2;79;72;142m██[38;2;77;70;140m██[38;2;52;51;59m██[38;2;62;58;58m██[38;2;74;68;66m██[38;2;72;66;63m██[38;2;41;39;37m██[38;2;92;85;155m████[38;2;72;68;93m██[38;2;77;70;135m██[38;2;19;17;35m██[38;2;5;4;9m  
[38;2;0;0;0m    [38;2;14;23;18m  [38;2;61;105;93m  [38;2;84;145;141m██[38;2;113;178;182m██[38;2;112;177;181m██[38;2;118;188;190m██[38;2;76;102;115m  [38;2;75;70;123m  [38;2;46;42;85m██[38;2;77;70;140m██[38;2;48;44;80m  [38;2;72;67;117m  [38;2;12;10;9m██[38;2;12;11;9m██[38;2;11;10;10m██[38;2;92;85;154m██[38;2;92;85;155m██[38;2;87;80;137m██[38;2;34;33;47m██[38;2;19;17;35m██[38;2;5;4;9m  
[38;2;0;0;0m        [38;2;14;24;19m  [38;2;42;69;55m      [38;2;75;69;122m  [38;2;3;3;5m  [38;2;147;145;141m██[38;2;0;0;0m  [38;2;75;69;122m          [38;2;9;8;15m  [38;2;103;97;150m██[38;2;100;96;139m██[38;2;52;48;85m  [38;2;75;69;122m  [38;2;19;18;31m  
[38;2;0;0;0m                                    [38;2;41;41;41m  [38;2;52;52;52m  [38;2;0;0;0m      [0m
