
[38;2;0;0;0m          [38;2;42;41;43m  [38;2;0;0;0m                              
[38;2;0;0;0m        [38;2;51;50;52m  [38;2;186;183;190m██[38;2;0;0;0m                              
[38;2;0;0;0m        [38;2;68;67;69m██[38;2;176;176;179m██[38;2;42;43;42m██[38;2;4;4;4m  [38;2;0;0;0m  [38;2;57;57;58m  [38;2;229;229;234m██[38;2;0;0;0m                    
[38;2;0;0;0m        [38;2;68;67;69m██[38;2;205;206;208m██[38;2;218;219;222m██[38;2;180;180;184m██[38;2;138;140;140m██[38;2;231;231;236m██[38;2;197;194;201m██[38;2;2;3;1m  [38;2;99;159;82m          [38;2;0;0;0m  [38;2;76;124;61m  [38;2;101;171;78m██[38;2;17;36;11m  
[38;2;0;0;0m      [38;2;48;48;49m  [38;2;235;235;240m████████[38;2;189;192;191m██[38;2;193;190;197m██[38;2;96;94;97m██[38;2;133;212;110m  [38;2;133;211;110m  [38;2;133;212;110m  [38;2;133;211;110m  [38;2;129;205;106m  [38;2;59;95;48m  [38;2;147;239;117m██[38;2;147;240;118m██[38;2;128;216;99m██[38;2;29;47;23m  
[38;2;0;0;0m      [38;2;195;195;199m██[38;2;235;235;240m████[38;2;235;235;239m██[38;2;235;235;240m██[38;2;235;235;239m██[38;2;224;223;229m██[38;2;96;94;97m██[38;2;133;211;110m        [38;2;37;63;29m  [38;2;119;203;90m██[38;2;129;210;103m██[38;2;36;60;29m██[38;2;39;70;28m  [38;2;26;41;21m  
[38;2;0;0;0m    [38;2;72;72;74m██[38;2;235;235;240m████████████[38;2;224;223;229m██[38;2;192;189;195m██[38;2;3;5;2m  [38;2;133;211;110m  [38;2;133;212;110m  [38;2;113;180;93m  [38;2;30;62;18m██[38;2;75;154;47m██[38;2;49;79;41m  [38;2;133;211;110m  [38;2;133;212;110m  [38;2;34;55;28m  
[38;2;0;0;0m    [38;2;72;72;74m██[38;2;208;206;212m██[38;2;223;222;228m██[38;2;231;230;236m██[38;2;235;235;239m██[38;2;235;235;240m██[38;2;157;159;160m██[38;2;192;189;196m██[38;2;192;189;195m██[38;2;3;5;2m  [38;2;133;211;110m    [38;2;53;85;44m  [38;2;81;167;51m██[38;2;72;118;58m  [38;2;133;211;110m      [38;2;34;55;28m  
[38;2;0;0;0m      [38;2;119;118;122m  [38;2;223;222;228m██[38;2;212;211;216m██[38;2;136;138;139m██[38;2;119;125;119m██[38;2;226;225;228m██[38;2;192;189;195m██[38;2;168;165;171m██[38;2;35;56;29m  [38;2;133;211;110m  [38;2;133;212;110m  [38;2;73;117;60m  [38;2;67;132;44m██[38;2;25;33;22m██[38;2;133;212;110m  [38;2;133;211;110m  [38;2;133;212;110m  [38;2;34;55;28m  
[38;2;0;0;0m      [38;2;93;90;93m  [38;2;235;235;240m██[38;2;216;215;220m██[38;2;39;69;29m██[38;2;241;246;239m██[38;2;200;198;204m██[38;2;192;189;195m██[38;2;104;102;105m██[38;2;35;56;29m  [38;2;133;211;110m      [38;2;10;21;6m██[38;2;75;154;47m██[38;2;49;79;41m  [38;2;133;211;110m    [38;2;34;55;28m  
[38;2;0;0;0m      [38;2;146;146;149m  [38;2;220;219;224m██[38;2;194;191;198m██[38;2;179;176;182m██[38;2;160;158;163m██[38;2;93;101;92m  [38;2;33;52;27m  [38;2;131;126;131m██[38;2;96;101;96m██[38;2;72;116;60m  [38;2;133;212;110m  [38;2;133;211;110m  [38;2;121;193;100m  [38;2;83;134;66m  [38;2;129;210;103m██[38;2;80;128;66m  [38;2;133;212;110m  [38;2;34;55;28m  
[38;2;0;0;0m        [38;2;61;60;62m██[38;2;95;94;96m██[38;2;122;121;124m██[38;2;131;127;131m██[38;2;93;101;92m  [38;2;33;52;27m  [38;2;131;126;131m██[38;2;96;101;96m██[38;2;72;116;60m  [38;2;133;211;110m      [38;2;47;75;39m  [38;2;147;239;117m██[38;2;122;198;97m██[38;2;54;87;45m  [38;2;34;55;28m  
[38;2;0;0;0m        [38;2;13;13;13m  [38;2;173;170;177m██[38;2;171;167;173m██[38;2;202;200;207m██[38;2;217;218;222m██[38;2;111;116;112m██[38;2;99;96;99m██[38;2;35;56;29m  [38;2;133;211;110m  [38;2;133;212;110m  [38;2;133;211;110m  [38;2;133;212;110m  [38;2;133;211;110m  [38;2;24;39;19m██[38;2;147;240;118m██[38;2;50;81;40m  [38;2;26;41;21m  
[38;2;0;0;0m        [38;2;64;64;65m██[38;2;106;105;108m██[38;2;158;154;159m██[38;2;230;230;235m██[38;2;188;188;191m██[38;2;110;115;111m██[38;2;162;159;165m██[38;2;35;56;29m  [38;2;133;211;110m          [38;2;17;32;11m██[38;2;134;226;103m██[38;2;82;155;56m██[38;2;0;0;0m  
[38;2;0;0;0m      [38;2;39;39;40m  [38;2;180;177;184m██[38;2;104;103;105m██[38;2;235;235;240m██[38;2;175;172;177m██[38;2;158;155;160m██[38;2;35;55;30m  [38;2;88;97;87m  [38;2;188;185;192m██[38;2;81;113;72m  [38;2;133;212;110m  [38;2;133;211;110m  [38;2;99;159;82m  [38;2;50;86;38m  [38;2;97;190;63m██[38;2;113;206;81m██[38;2;94;152;75m  [38;2;8;13;7m  
[38;2;0;0;0m    [38;2;122;118;123m██[38;2;104;103;105m██[38;2;119;118;121m██[38;2;120;182;99m██[38;2;126;196;101m██[38;2;227;232;230m██[38;2;128;128;131m██[38;2;129;206;107m  [38;2;116;185;96m  [38;2;52;51;53m██[38;2;133;133;135m██[38;2;33;52;27m    [38;2;67;138;42m██[38;2;81;167;50m██[38;2;89;184;56m██[38;2;100;193;66m██[38;2;28;45;23m  [38;2;34;55;28m  
[38;2;12;12;12m  [38;2;161;158;164m██[38;2;143;142;146m██[38;2;213;213;218m██[38;2;154;162;154m██[38;2;140;224;113m██[38;2;147;240;118m██[38;2;107;201;74m██[38;2;205;217;204m██[38;2;62;62;63m██[38;2;79;108;71m  [38;2;21;21;21m██[38;2;235;235;240m██[38;2;66;73;64m██[38;2;89;184;56m██████[38;2;86;176;53m██[38;2;43;79;31m  [38;2;133;212;110m  [38;2;34;55;28m  
[38;2;50;49;51m██[38;2;117;115;118m██[38;2;205;205;209m██[38;2;235;235;239m██[38;2;94;127;83m██[38;2;147;240;118m██[38;2;147;239;117m██[38;2;147;240;118m██[38;2;135;148;132m██[38;2;234;234;239m██[38;2;205;205;210m██[38;2;69;69;69m██[38;2;235;235;239m██[38;2;183;185;186m██[38;2;82;147;58m██[38;2;89;184;56m██[38;2;46;95;29m██[38;2;35;64;25m  [38;2;122;195;101m  [38;2;133;211;110m  [38;2;34;55;28m  
[38;2;12;12;12m  [38;2;48;48;48m  [38;2;235;235;240m████[38;2;89;122;78m██[38;2;146;238;116m██[38;2;142;234;111m██[38;2;69;76;67m██[38;2;217;216;221m██[38;2;235;235;240m████[38;2;230;230;235m██[38;2;158;158;160m██[38;2;225;225;229m██[38;2;79;120;64m██[38;2;33;52;27m  [38;2;97;155;80m  [38;2;133;212;110m  [38;2;133;211;110m  [38;2;133;212;110m  [38;2;34;55;28m  
[38;2;12;12;12m  [38;2;10;10;10m  [38;2;113;113;115m██[38;2;208;206;212m██[38;2;128;135;127m██[38;2;100;185;70m██[38;2;98;192;65m██[38;2;66;73;64m██[38;2;235;235;239m██[38;2;235;235;240m██[38;2;235;235;239m██[38;2;109;109;110m██[38;2;180;178;183m██[38;2;229;229;234m██[38;2;64;63;65m██[38;2;133;211;110m          [38;2;34;55;28m  
[38;2;0;0;0m        [38;2;161;158;164m██[38;2;108;107;109m██[38;2;86;166;57m██[38;2;72;101;62m██[38;2;211;211;216m██[38;2;235;235;240m██[38;2;208;206;212m██[38;2;98;97;99m██[38;2;167;165;169m██[38;2;206;205;210m██[38;2;65;75;61m  [38;2;133;212;110m  [38;2;133;211;110m  [38;2;133;212;110m  [38;2;133;211;110m  [38;2;133;212;110m  [38;2;34;55;28m  
[38;2;0;0;0m        [38;2;68;67;69m██[38;2;192;189;195m██[38;2;85;93;82m██[38;2;22;46;14m██[38;2;100;99;102m██[38;2;202;200;207m██[38;2;192;189;195m██[38;2;46;46;47m  [38;2;26;25;26m  [38;2;34;33;34m  [38;2;19;31;16m  [38;2;33;52;27m          [38;2;8;13;7m  
[38;2;0;0;0m    [38;2;14;14;15m  [38;2;21;21;21m██[38;2;130;129;132m██[38;2;121;118;122m██[38;2;105;105;107m  [38;2;3;3;3m  [38;2;22;22;22m  [38;2;141;139;144m  [38;2;168;165;171m██[38;2;94;94;95m██[38;2;7;7;7m  [38;2;0;0;0m                
[38;2;0;0;0m    [38;2;29;29;30m██[38;2;149;147;152m██[38;2;140;138;143m██[38;2;132;130;135m  [38;2;163;161;166m  [38;2;13;13;14m  [38;2;0;0;0m    [38;2;24;23;24m  [38;2;191;188;195m██[38;2;72;71;73m██[38;2;0;0;0m                
[38;2;0;0;0m      [38;2;39;39;40m  [38;2;99;97;101m  [38;2;149;147;152m  [38;2;0;0;0m        [38;2;29;29;30m  [38;2;202;200;206m██[38;2;86;85;88m██[38;2;0;0;0m                
[38;2;0;0;0m      [38;2;39;39;40m  [38;2;48;47;48m  [38;2;5;5;5m  [38;2;0;0;0m      [38;2;47;47;47m  [38;2;173;171;176m██[38;2;234;234;239m██[38;2;101;101;103m██[38;2;0;0;0m                
[38;2;0;0;0m                  [38;2;172;172;175m  [38;2;173;171;176m██[38;2;229;229;234m██[38;2;0;0;0m                  
[38;2;0;0;0m                    [38;2;29;29;30m  [38;2;57;57;58m  [38;2;0;0;0m                  [0m
