
[38;2;0;0;0m    [38;2;18;9;13m  [38;2;51;27;39m  [38;2;28;15;21m  [38;2;52;44;45m  [38;2;26;14;20m  [38;2;51;27;39m                      [38;2;50;26;38m  [38;2;0;0;0m          
[38;2;0;0;0m  [38;2;95;69;123m  [38;2;69;51;74m  [38;2;195;144;210m  [38;2;109;81;118m  [38;2;209;176;183m██[38;2;103;78;87m  [38;2;60;34;49m  [38;2;195;144;210m              [38;2;199;130;188m  [38;2;205;109;156m  [38;2;205;108;156m  [38;2;200;106;152m  [38;2;0;0;0m          
[38;2;10;7;13m  [38;2;134;97;173m██[38;2;92;69;118m  [38;2;177;143;210m  [38;2;75;61;64m██[38;2;102;90;93m██[38;2;158;94;128m██[38;2;203;112;157m██[38;2;53;38;44m██[38;2;144;117;171m  [38;2;88;80;97m  [38;2;82;75;88m  [38;2;181;147;214m  [38;2;192;156;227m    [38;2;197;137;199m  [38;2;205;108;156m    [38;2;206;112;158m  [38;2;255;255;255m        [38;2;69;69;69m  
[38;2;39;28;51m██[38;2;144;103;190m██[38;2;68;55;80m  [38;2;192;156;227m  [38;2;90;90;90m██[38;2;201;124;173m██[38;2;206;114;173m██[38;2;244;220;232m██[38;2;158;143;149m██[38;2;191;191;191m██[38;2;235;235;235m██[38;2;196;196;196m██[38;2;148;120;175m  [38;2;192;156;227m    [38;2;197;137;199m  [38;2;205;109;156m  [38;2;205;108;156m  [38;2;206;112;158m  [38;2;255;255;255m        [38;2;69;69;69m  
[38;2;3;2;0m  [38;2;160;136;185m██[38;2;73;64;83m  [38;2;23;19;24m  [38;2;255;255;255m████████████[38;2;243;238;241m██[38;2;44;35;52m  [38;2;192;156;227m    [38;2;150;122;179m  [38;2;29;24;36m██[38;2;192;102;146m  [38;2;205;108;156m  [38;2;206;112;158m  [38;2;255;255;255m        [38;2;69;69;69m  
[38;2;39;31;46m  [38;2;65;60;70m  [38;2;115;115;115m  [38;2;136;135;134m  [38;2;255;255;255m████[38;2;234;162;197m██[38;2;246;246;246m██[38;2;198;198;198m██[38;2;255;255;255m██[38;2;116;109;109m██[38;2;155;125;184m  [38;2;192;156;227m  [38;2;147;119;174m  [38;2;133;108;162m  [38;2;119;96;145m██[38;2;192;102;146m  [38;2;205;108;156m  [38;2;206;112;158m  [38;2;255;255;255m        [38;2;69;69;69m  
[38;2;52;42;61m  [38;2;192;156;227m  [38;2;48;42;53m  [38;2;182;148;220m██[38;2;222;199;243m██[38;2;204;132;165m██[38;2;163;78;119m██[38;2;121;120;120m██[38;2;255;255;255m██[38;2;239;227;230m██[38;2;78;67;68m██[38;2;144;117;171m  [38;2;82;75;88m  [38;2;89;70;110m██[38;2;198;160;241m██[38;2;90;56;82m  [38;2;201;107;153m  [38;2;205;108;156m  [38;2;206;112;158m  [38;2;255;255;255m        [38;2;69;69;69m  
[38;2;52;42;61m  [38;2;192;156;227m  [38;2;77;46;73m  [38;2;175;95;158m██[38;2;246;241;252m██[38;2;208;207;205m██[38;2;216;203;209m██[38;2;255;255;255m██[38;2;225;225;225m██[38;2;101;92;94m██[38;2;76;72;72m██[38;2;191;191;191m██[38;2;240;240;240m██[38;2;210;190;233m██[38;2;66;52;82m██[38;2;90;56;82m  [38;2;201;107;153m  [38;2;205;108;156m  [38;2;206;112;158m  [38;2;255;255;255m        [38;2;69;69;69m  
[38;2;0;0;0m  [38;2;166;88;126m  [38;2;150;80;114m  [38;2;176;174;175m  [38;2;191;191;191m████[38;2;174;161;164m██[38;2;92;93;92m██[38;2;163;160;160m██[38;2;207;207;207m██[38;2;207;207;206m██[38;2;159;153;156m  [38;2;51;27;39m    [38;2;182;97;138m  [38;2;205;108;156m      [38;2;206;112;158m  [38;2;255;255;255m  [38;2;191;191;191m  [38;2;104;89;96m  [38;2;82;62;72m  [38;2;51;51;51m  
[38;2;0;0;0m  [38;2;166;88;126m  [38;2;205;109;156m  [38;2;159;84;121m  [38;2;153;81;117m      [38;2;147;79;112m  [38;2;125;108;112m██[38;2;173;149;155m██[38;2;66;57;58m██[38;2;165;87;125m  [38;2;205;109;156m      [38;2;205;108;156m  [38;2;205;109;156m  [38;2;205;108;156m  [38;2;206;112;158m  [38;2;147;147;147m  [38;2;172;100;135m██[38;2;192;105;148m██[38;2;88;65;81m██[38;2;0;0;0m  
[38;2;0;0;0m  [38;2;166;88;126m  [38;2;205;109;156m    [38;2;114;75;93m  [38;2;47;43;43m██[38;2;153;81;117m  [38;2;195;103;148m  [38;2;107;84;94m  [38;2;213;194;203m██[38;2;255;255;255m██[38;2;76;53;62m  [38;2;193;102;147m  [38;2;205;109;156m    [38;2;205;108;156m      [38;2;200;106;152m  [38;2;119;65;92m██[38;2;227;131;178m██[38;2;192;111;151m██[38;2;172;100;135m██[38;2;46;27;36m  
[38;2;0;0;0m  [38;2;166;88;126m  [38;2;205;109;156m  [38;2;67;35;51m  [38;2;219;219;219m██[38;2;238;231;234m██[38;2;158;133;140m██[38;2;51;27;39m  [38;2;50;40;44m  [38;2;234;234;228m██[38;2;112;111;111m██[38;2;188;180;180m██[38;2;158;84;120m  [38;2;205;109;156m    [38;2;205;108;156m  [38;2;205;109;156m  [38;2;205;108;156m  [38;2;54;30;42m  [38;2;221;207;214m██[38;2;56;32;44m██[38;2;130;75;102m  [38;2;170;98;133m  [38;2;46;26;36m  
[38;2;0;0;0m  [38;2;166;88;126m  [38;2;132;70;100m  [38;2;228;228;228m██[38;2;234;234;234m██[38;2;210;178;187m██[38;2;193;164;171m██[38;2;212;179;186m██[38;2;188;162;170m██[38;2;133;132;132m██[38;2;255;255;255m██[38;2;145;144;143m██[38;2;96;96;95m██[38;2;169;90;129m  [38;2;205;109;156m  [38;2;205;108;156m    [38;2;180;95;137m  [38;2;67;67;67m██[38;2;111;111;111m██[38;2;234;162;197m    [38;2;255;255;255m  [38;2;69;69;69m  
[38;2;0;0;0m  [38;2;166;88;126m  [38;2;100;85;92m  [38;2;248;248;248m██[38;2;171;171;171m██[38;2;206;175;183m██[38;2;119;101;104m██[38;2;202;172;180m██[38;2;165;161;162m██[38;2;255;255;255m██[38;2;232;215;219m██[38;2;244;244;244m██[38;2;145;145;145m██[38;2;112;90;101m  [38;2;182;97;138m  [38;2;205;108;156m  [38;2;205;109;156m  [38;2;106;56;81m  [38;2;251;251;251m██[38;2;135;135;135m  [38;2;255;255;255m      [38;2;69;69;69m  
[38;2;0;0;0m  [38;2;166;88;126m  [38;2;100;85;92m  [38;2;248;248;248m██[38;2;230;209;214m██[38;2;4;3;11m██[38;2;124;66;95m  [38;2;51;28;39m  [38;2;173;173;173m██[38;2;255;255;255m██[38;2;124;123;123m██[38;2;208;186;193m██[38;2;210;184;190m██[38;2;203;168;178m██[38;2;60;45;55m██[38;2;174;92;132m  [38;2;205;108;156m  [38;2;106;58;81m  [38;2;233;226;229m██[38;2;143;143;143m  [38;2;255;255;255m      [38;2;69;69;69m  
[38;2;0;0;0m  [38;2;166;88;126m  [38;2;132;70;100m  [38;2;171;106;147m██[38;2;199;122;164m██[38;2;4;2;5m██[38;2;205;109;156m  [38;2;192;102;146m  [38;2;154;154;154m██[38;2;255;255;255m██[38;2;222;222;222m██[38;2;117;105;109m██[38;2;117;105;108m██[38;2;123;93;106m██[38;2;189;108;146m██[38;2;88;58;71m  [38;2;195;103;149m  [38;2;103;79;87m  [38;2;203;171;179m██[38;2;143;143;143m  [38;2;255;255;255m      [38;2;69;69;69m  
[38;2;0;0;0m  [38;2;166;88;126m  [38;2;119;64;91m  [38;2;158;70;125m██[38;2;129;75;101m██[38;2;200;106;152m  [38;2;205;109;156m  [38;2;148;79;116m  [38;2;65;52;57m██[38;2;234;210;223m██[38;2;195;121;165m██[38;2;121;97;107m██[38;2;109;85;98m██[38;2;196;100;150m██[38;2;183;101;148m██[38;2;164;118;133m██[38;2;55;45;47m██[38;2;188;158;164m██[38;2;55;31;43m  [38;2;255;255;255m        [38;2;69;69;69m  
[38;2;0;0;0m  [38;2;166;88;126m  [38;2;65;31;51m██[38;2;211;115;165m██[38;2;99;54;79m  [38;2;203;108;155m  [38;2;124;66;95m  [38;2;144;71;111m██[38;2;124;76;95m██[38;2;206;110;159m██[38;2;204;108;159m██[38;2;192;117;154m██[38;2;171;132;148m██[38;2;203;153;173m██[38;2;212;176;185m██[38;2;160;105;123m██[38;2;106;92;94m██[38;2;101;62;80m  [38;2;206;112;158m  [38;2;255;255;255m        [38;2;69;69;69m  
[38;2;0;0;0m  [38;2;166;88;126m  [38;2;150;80;114m  [38;2;51;27;39m  [38;2;205;109;156m    [38;2;124;66;95m  [38;2;158;86;119m██[38;2;137;81;103m██[38;2;210;114;162m██[38;2;215;119;169m██[38;2;86;54;69m██[38;2;185;89;144m██[38;2;179;83;140m████[38;2;181;94;136m██[38;2;57;30;43m  [38;2;205;108;156m  [38;2;206;112;158m  [38;2;255;255;255m        [38;2;69;69;69m  
[38;2;0;0;0m  [38;2;166;88;126m  [38;2;205;109;156m  [38;2;205;108;156m  [38;2;205;109;156m  [38;2;205;108;156m  [38;2;124;66;95m  [38;2;156;133;135m██[38;2;60;43;50m██[38;2;218;122;169m██[38;2;111;64;87m██[38;2;131;71;99m  [38;2;97;56;70m██[38;2;181;85;142m██[38;2;178;82;139m██[38;2;59;44;51m██[38;2;192;102;146m  [38;2;205;108;156m  [38;2;206;112;158m  [38;2;255;255;255m        [38;2;69;69;69m  
[38;2;0;0;0m  [38;2;166;88;126m  [38;2;205;109;156m          [38;2;51;27;39m  [38;2;144;76;109m  [38;2;51;27;39m  [38;2;156;83;119m  [38;2;205;109;156m  [38;2;51;29;35m  [38;2;117;74;91m██[38;2;105;87;95m██[38;2;81;43;61m  [38;2;205;108;156m    [38;2;200;106;152m  [38;2;0;0;0m          
[38;2;0;0;0m  [38;2;41;22;31m  [38;2;51;27;39m                    [38;2;11;6;8m  [38;2;36;30;32m  [38;2;45;38;39m  [38;2;20;10;15m  [38;2;51;27;39m    [38;2;50;26;38m  [38;2;0;0;0m          [0m
