
[38;2;0;0;0m            [38;2;19;18;20m  [38;2;4;4;4m  [38;2;0;0;0m                              
[38;2;0;0;0m            [38;2;77;75;80m██[38;2;152;149;158m██[38;2;0;0;0m    [38;2;91;91;91m  [38;2;0;0;0m                        
[38;2;30;15;11m  [38;2;117;59;44m  [38;2;87;44;33m  [38;2;28;21;19m  [38;2;16;16;16m██[38;2;78;41;31m  [38;2;49;33;29m██[38;2;79;63;59m██[38;2;124;59;43m██[38;2;81;63;58m██[38;2;207;207;207m██[38;2;31;14;10m██[38;2;87;44;33m  [38;2;89;45;34m  [38;2;117;59;44m    [38;2;117;60;44m      [38;2;117;59;44m    [38;2;117;60;44m  [38;2;30;15;11m  
[38;2;30;15;11m  [38;2;48;24;18m  [38;2;48;48;48m██[38;2;61;62;62m██[38;2;32;33;33m██[38;2;89;46;35m██[38;2;144;121;136m██[38;2;161;168;201m██[38;2;139;106;112m██[38;2;124;58;43m██[38;2;109;60;48m██[38;2;79;63;59m██[38;2;93;44;32m██[38;2;90;42;31m  [38;2;29;15;11m  [38;2;117;60;44m  [38;2;117;59;44m  [38;2;117;60;44m          [38;2;30;15;11m  
[38;2;30;15;11m  [38;2;117;59;44m  [38;2;29;15;11m    [38;2;76;39;29m  [38;2;94;52;45m██[38;2;164;179;218m██[38;2;148;132;148m██[38;2;100;77;75m██[38;2;91;100;112m██[38;2;100;81;81m██[38;2;125;59;43m██[38;2;71;64;62m██[38;2;95;44;32m██[38;2;124;59;43m██[38;2;36;17;12m  [38;2;105;54;40m  [38;2;117;60;44m    [38;2;117;59;44m    [38;2;117;60;44m  [38;2;30;15;11m  
[38;2;30;15;11m  [38;2;117;59;44m  [38;2;117;60;44m    [38;2;65;63;71m  [38;2;71;78;95m██[38;2;127;69;58m██[38;2;80;64;60m██[38;2;157;184;224m██[38;2;95;104;118m██[38;2;117;133;157m██[38;2;79;63;59m██[38;2;68;36;29m██[38;2;85;43;32m  [38;2;31;14;10m██[38;2;122;57;42m██[38;2;54;26;19m  [38;2;117;60;44m          [38;2;30;15;11m  
[38;2;30;15;11m  [38;2;117;59;44m  [38;2;117;60;44m  [38;2;117;59;44m  [38;2;50;59;72m██[38;2;146;170;207m██[38;2;91;100;112m██[38;2;167;193;241m██[38;2;168;183;212m██[38;2;189;189;189m██[38;2;186;186;186m██[38;2;74;92;102m██[38;2;66;35;28m██[38;2;89;45;34m  [38;2;117;59;44m  [38;2;29;15;11m  [38;2;82;42;31m  [38;2;117;60;44m    [38;2;117;59;44m    [38;2;117;60;44m  [38;2;30;15;11m  
[38;2;30;15;11m  [38;2;117;59;44m  [38;2;117;60;44m  [38;2;44;25;17m  [38;2;79;63;67m██[38;2;118;67;55m██[38;2;123;141;168m██[38;2;174;202;254m██[38;2;143;161;198m██[38;2;5;4;16m██[38;2;255;255;255m██[38;2;129;164;219m██[38;2;94;62;53m██[38;2;5;2;1m  [38;2;117;59;44m  [38;2;117;60;44m  [38;2;117;59;44m  [38;2;117;60;44m          [38;2;30;15;11m  
[38;2;30;15;11m  [38;2;117;59;44m  [38;2;81;41;31m  [38;2;143;169;210m██[38;2;145;168;205m██[38;2;91;99;112m██[38;2;174;205;255m██[38;2;174;202;254m██[38;2;134;156;198m██[38;2;107;137;187m██[38;2;191;212;245m██[38;2;130;164;219m██[38;2;102;60;50m██[38;2;5;2;1m  [38;2;117;59;44m    [38;2;117;60;44m      [38;2;117;59;44m    [38;2;117;60;44m  [38;2;30;15;11m  
[38;2;30;15;11m  [38;2;48;24;18m  [38;2;49;48;58m  [38;2;92;104;121m██[38;2;145;168;205m██[38;2;91;100;112m██[38;2;123;141;168m██[38;2;174;202;254m██[38;2;137;157;195m██[38;2;143;167;205m██[38;2;128;168;219m██[38;2;76;95;102m██[38;2;124;58;42m██[38;2;90;42;31m  [38;2;78;40;30m  [38;2;117;60;44m  [38;2;117;59;44m  [38;2;117;60;44m          [38;2;30;15;11m  
[38;2;8;6;4m  [38;2;98;111;132m██[38;2;128;168;219m██[38;2;128;165;221m██[38;2;87;104;131m██[38;2;72;89;114m██[38;2;105;50;77m██[38;2;90;59;86m██[38;2;70;71;98m██[38;2;108;137;188m██[38;2;92;104;120m██[38;2;125;59;43m██[38;2;100;81;81m██[38;2;95;104;118m██[38;2;100;118;146m██[38;2;47;50;61m  [38;2;105;54;40m  [38;2;117;60;44m    [38;2;75;39;30m  [38;2;26;15;12m██[38;2;27;15;11m██[38;2;4;4;4m  
[38;2;32;15;11m██[38;2;75;62;60m██[38;2;128;165;221m██[38;2;128;166;218m██[38;2;82;95;123m██[38;2;106;65;56m██[38;2;85;63;71m██[38;2;97;64;79m██[38;2;78;75;84m██[38;2;105;61;58m██[38;2;95;65;57m██[38;2;79;63;59m██[38;2;161;187;231m██[38;2;174;202;254m████[38;2;162;190;230m██[38;2;34;27;25m  [38;2;117;60;44m    [38;2;19;10;8m██[38;2;146;82;66m██[38;2;121;59;44m██[38;2;28;15;12m██
[38;2;7;3;2m  [38;2;29;15;11m    [38;2;84;106;135m  [38;2;130;151;192m██[38;2;97;112;130m██[38;2;109;60;48m██[38;2;112;62;46m██[38;2;111;61;47m██[38;2;92;98;109m██[38;2;128;148;177m██[38;2;174;205;255m██[38;2;160;185;229m██[38;2;148;169;208m██[38;2;174;202;254m██[38;2;65;64;63m██[38;2;118;62;48m██[38;2;15;7;5m  [38;2;117;60;44m  [38;2;19;10;8m██[38;2;120;59;44m██[38;2;121;59;44m██[38;2;28;15;12m██
[38;2;30;15;11m  [38;2;117;59;44m  [38;2;117;60;44m  [38;2;20;10;7m  [38;2;174;205;255m██[38;2;170;158;151m██[38;2;141;119;89m██[38;2;115;105;133m██[38;2;141;162;199m██[38;2;172;203;252m██[38;2;175;202;254m██[38;2;174;205;255m██[38;2;125;157;203m██[38;2;111;138;180m██[38;2;63;74;91m██[38;2;17;16;15m██[38;2;21;15;14m██[38;2;91;46;35m  [38;2;117;60;44m  [38;2;75;39;30m  [38;2;60;49;46m██[38;2;65;53;50m██[38;2;4;4;4m  
[38;2;30;15;11m  [38;2;117;59;44m  [38;2;70;43;40m  [38;2;133;145;191m██[38;2;122;131;147m██[38;2;234;224;183m██[38;2;243;236;194m██[38;2;242;234;193m██[38;2;185;161;119m██[38;2;173;184;210m██[38;2;174;202;254m██[38;2;174;205;255m██[38;2;133;172;222m██[38;2;122;160;209m██[38;2;137;135;118m  [38;2;242;238;210m    [38;2;243;238;210m    [38;2;200;197;173m  [38;2;168;162;134m██[38;2;25;13;9m  [38;2;30;15;11m  
[38;2;30;15;11m  [38;2;48;24;18m  [38;2;91;113;147m██[38;2;136;159;200m██[38;2;140;159;195m██[38;2;226;220;187m██[38;2;243;236;194m██[38;2;243;235;193m██[38;2;180;180;171m██[38;2;225;212;170m██[38;2;171;176;191m██[38;2;174;202;254m██[38;2;168;197;249m██[38;2;161;191;242m██[38;2;82;95;107m  [38;2;242;239;210m  [38;2;243;239;210m  [38;2;242;238;210m  [38;2;243;239;210m  [38;2;82;80;68m  [38;2;158;153;123m██[38;2;25;13;9m  [38;2;30;15;11m  
[38;2;30;15;11m  [38;2;25;13;9m  [38;2;131;164;211m██[38;2;113;116;113m██[38;2;154;151;130m██[38;2;241;234;193m██[38;2;243;236;194m██[38;2;68;75;96m██[38;2;135;151;179m██[38;2;238;231;191m██[38;2;206;191;149m██[38;2;175;202;254m████[38;2;174;201;253m██[38;2;92;112;141m██[38;2;187;184;162m  [38;2;242;238;210m  [38;2;235;231;203m  [38;2;81;79;68m  [38;2;158;153;124m██[38;2;98;95;81m  [38;2;117;60;44m  [38;2;30;15;11m  
[38;2;30;15;11m  [38;2;25;13;9m  [38;2;139;161;179m██[38;2;228;218;176m██[38;2;125;131;148m██[38;2;226;220;187m██[38;2;243;236;194m██[38;2;201;195;163m██[38;2;217;210;175m██[38;2;243;235;194m██[38;2;163;142;122m██[38;2;175;202;254m████[38;2;174;202;254m██[38;2;154;189;238m██[38;2;49;49;49m  [38;2;60;59;52m  [38;2;73;71;62m  [38;2;172;167;140m██[38;2;81;79;67m  [38;2;224;220;194m  [38;2;117;60;44m  [38;2;30;15;11m  
[38;2;30;15;11m  [38;2;117;59;44m  [38;2;49;48;58m  [38;2;84;94;108m██[38;2;143;170;211m██[38;2;124;133;156m██[38;2;233;225;187m██[38;2;198;194;170m██[38;2;134;142;159m██[38;2;209;203;171m██[38;2;95;112;140m██[38;2;128;168;216m██[38;2;162;195;245m██[38;2;160;194;244m██[38;2;128;168;218m██[38;2;62;59;46m██[38;2;155;151;128m██[38;2;142;138;117m  [38;2;60;59;52m  [38;2;243;239;210m    [38;2;117;60;44m  [38;2;30;15;11m  
[38;2;30;15;11m  [38;2;117;59;44m  [38;2;34;25;22m  [38;2;75;81;88m██[38;2;63;65;68m██[38;2;53;52;46m██[38;2;111;109;91m██[38;2;72;75;80m██[38;2;127;132;132m██[38;2;206;201;169m██[38;2;70;87;114m██[38;2;128;165;220m██████[38;2;74;95;127m██[38;2;182;179;159m  [38;2;182;179;158m  [38;2;190;187;164m  [38;2;243;239;210m      [38;2;117;60;44m  [38;2;30;15;11m  
[38;2;30;15;11m  [38;2;117;59;44m  [38;2;90;46;34m  [38;2;29;15;11m    [38;2;105;54;40m  [38;2;82;42;31m  [38;2;29;15;11m      [38;2;75;38;28m  [38;2;96;123;166m██[38;2;62;55;53m██[38;2;80;66;64m██[38;2;58;62;78m  [38;2;117;59;44m  [38;2;117;60;44m      [38;2;117;59;44m    [38;2;117;60;44m  [38;2;30;15;11m  
[38;2;7;3;2m  [38;2;29;15;11m                    [38;2;0;0;0m  [38;2;14;7;5m  [38;2;29;14;10m  [38;2;16;8;6m  [38;2;29;15;11m              [38;2;7;3;2m  [0m
