
[38;2;0;0;0m    [38;2;17;13;0m  [38;2;11;8;0m██[38;2;13;4;0m  [38;2;5;1;0m  [38;2;0;0;0m                                [38;2;27;9;0m  [38;2;0;0;0m        
[38;2;0;0;0m    [38;2;145;111;0m██[38;2;11;8;0m  [38;2;158;73;5m  [38;2;137;54;2m  [38;2;0;0;0m                              [38;2;18;6;0m  [38;2;195;105;11m  [38;2;97;31;0m  [38;2;0;0;0m      
[38;2;0;0;0m  [38;2;188;144;0m██[38;2;248;163;0m██[38;2;197;72;0m██[38;2;251;108;1m██[38;2;204;93;9m██[38;2;25;8;0m  [38;2;0;0;0m                            [38;2;173;67;3m██[38;2;255;163;21m██[38;2;211;119;14m  [38;2;36;12;0m  [38;2;0;0;0m    
[38;2;0;0;0m  [38;2;47;36;0m  [38;2;248;163;0m██[38;2;254;136;11m██[38;2;254;160;25m██[38;2;255;200;53m██[38;2;100;32;0m  [38;2;0;0;0m      [38;2;85;74;13m  [38;2;191;166;30m██[38;2;0;0;0m              [38;2;21;18;3m  [38;2;70;71;15m  [38;2;234;135;15m██[38;2;208;109;11m██[38;2;32;10;0m  [38;2;0;0;0m  [38;2;121;40;0m  [38;2;31;10;0m  
[38;2;0;0;0m  [38;2;47;36;0m  [38;2;246;191;4m██[38;2;253;202;49m██[38;2;246;192;53m██[38;2;137;59;6m  [38;2;0;0;0m        [38;2;106;92;17m  [38;2;184;160;29m  [38;2;132;115;21m██[38;2;0;0;0m      [38;2;22;7;0m  [38;2;0;0;0m    [38;2;21;18;3m  [38;2;180;135;17m██[38;2;255;160;20m██[38;2;255;174;27m██[38;2;156;67;4m  [38;2;142;61;4m  [38;2;249;136;13m██[38;2;149;53;0m  
[38;2;0;0;0m  [38;2;188;144;0m██[38;2;251;199;34m██[38;2;248;193;14m██[38;2;222;153;38m██[38;2;23;7;0m  [38;2;75;24;0m  [38;2;0;0;0m        [38;2;184;160;29m  [38;2;33;28;5m  [38;2;0;0;0m    [38;2;4;1;0m  [38;2;181;109;24m  [38;2;112;37;0m  [38;2;0;0;0m    [38;2;160;139;25m██[38;2;255;206;37m██[38;2;254;176;21m██[38;2;250;160;21m██[38;2;248;124;9m██[38;2;233;92;0m██[38;2;41;13;0m  
[38;2;62;48;0m██[38;2;241;185;0m██[38;2;250;197;30m██[38;2;251;199;35m██[38;2;255;197;50m██[38;2;206;106;5m██[38;2;219;84;0m██[38;2;17;5;0m  [38;2;0;0;0m  [38;2;59;51;9m  [38;2;148;129;23m██[38;2;254;193;33m██[38;2;162;142;27m██[38;2;63;55;10m██[38;2;39;12;0m  [38;2;187;95;16m██[38;2;242;184;49m██[38;2;112;37;0m  [38;2;37;32;6m  [38;2;85;74;13m██[38;2;255;222;40m██[38;2;255;209;54m██[38;2;255;210;61m██[38;2;254;175;38m██[38;2;253;102;0m██[38;2;205;78;0m  [38;2;30;9;0m  
[38;2;62;48;0m██[38;2;241;185;0m██[38;2;242;187;0m██[38;2;245;189;0m██[38;2;255;135;14m██[38;2;253;107;0m██[38;2;219;84;0m██[38;2;17;5;0m  [38;2;0;0;0m  [38;2;236;205;37m██[38;2;253;132;10m██[38;2;254;104;0m██[38;2;255;133;10m██[38;2;255;180;27m██[38;2;231;137;17m██[38;2;252;200;56m██[38;2;104;48;6m  [38;2;0;0;0m  [38;2;151;131;24m██[38;2;255;222;40m██[38;2;255;213;49m██[38;2;255;204;50m██[38;2;255;177;32m██[38;2;254;114;3m██[38;2;253;102;0m██[38;2;126;42;0m  [38;2;0;0;0m  
[38;2;0;0;0m  [38;2;141;108;0m  [38;2;242;186;0m██[38;2;206;163;13m██[38;2;237;109;7m██[38;2;203;89;11m██[38;2;84;33;8m  [38;2;0;0;0m  [38;2;25;22;4m  [38;2;240;209;39m██[38;2;253;152;18m██[38;2;232;91;0m██[38;2;254;103;0m████[38;2;174;87;8m  [38;2;116;38;0m  [38;2;0;0;0m  [38;2;4;4;0m  [38;2;177;154;28m██[38;2;255;222;40m██[38;2;255;222;41m██[38;2;255;216;39m██[38;2;255;149;16m██[38;2;250;101;0m██[38;2;154;55;0m  [38;2;0;0;0m    
[38;2;0;0;0m    [38;2;241;186;0m██[38;2;211;109;13m██[38;2;138;108;46m██[38;2;203;178;42m██[38;2;198;171;38m██[38;2;21;18;3m  [38;2;217;189;36m██[38;2;253;138;13m██[38;2;222;85;0m██[38;2;45;15;0m  [38;2;217;83;0m██[38;2;184;65;0m██[38;2;19;6;0m  [38;2;0;0;0m    [38;2;18;16;3m██[38;2;255;222;40m████[38;2;254;165;22m██[38;2;255;223;44m██[38;2;254;162;21m██[38;2;236;93;0m██[38;2;48;16;0m  [38;2;26;8;0m  [38;2;30;9;0m  
[38;2;0;0;0m    [38;2;186;148;3m██[38;2;118;103;39m██[38;2;255;222;42m██[38;2;254;197;34m██[38;2;253;159;20m██[38;2;254;209;39m██[38;2;254;195;33m██[38;2;255;137;10m██[38;2;222;85;0m██[38;2;45;14;0m  [38;2;57;18;0m  [38;2;0;0;0m        [38;2;255;222;40m████[38;2;255;192;32m██[38;2;255;114;3m██[38;2;255;104;0m████[38;2;158;56;0m  [38;2;40;13;0m  [38;2;200;100;9m██[38;2;186;83;5m██
[38;2;0;0;0m    [38;2;3;3;3m  [38;2;210;183;35m██[38;2;255;207;36m██[38;2;163;105;53m██[38;2;253;102;0m██[38;2;254;136;11m██[38;2;225;109;7m██[38;2;183;71;2m██[38;2;223;112;9m██[38;2;45;14;0m  [38;2;0;0;0m          [38;2;255;222;40m████[38;2;255;162;21m██[38;2;255;195;32m██[38;2;253;102;0m██[38;2;255;104;0m██[38;2;250;101;0m██[38;2;231;91;0m██[38;2;255;129;9m██[38;2;186;83;5m██
[38;2;0;0;0m      [38;2;9;9;9m  [38;2;202;174;50m██[38;2;94;105;55m██[38;2;180;61;0m██[38;2;236;99;2m██[38;2;104;35;0m  [38;2;0;0;0m  [38;2;67;22;0m  [38;2;0;0;0m          [38;2;35;30;5m  [38;2;255;222;40m████[38;2;255;220;41m██[38;2;255;209;38m██[38;2;254;179;28m██[38;2;239;95;0m██[38;2;235;93;0m██[38;2;254;103;0m██[38;2;207;80;0m  [38;2;31;10;0m  
[38;2;0;0;0m    [38;2;191;166;30m██[38;2;201;176;40m██[38;2;134;119;44m██[38;2;247;215;41m██[38;2;230;73;0m██[38;2;220;77;0m██[38;2;122;72;39m██[38;2;9;3;0m  [38;2;0;0;0m            [38;2;141;123;22m██[38;2;255;222;40m██[38;2;255;214;48m██[38;2;255;184;29m██[38;2;255;168;24m██[38;2;244;137;14m██[38;2;88;30;0m  [38;2;67;23;0m  [38;2;184;65;0m██[38;2;31;10;0m  [38;2;0;0;0m  
[38;2;0;0;0m  [38;2;198;172;31m██[38;2;134;117;21m  [38;2;155;135;25m  [38;2;248;185;30m██[38;2;246;173;29m██[38;2;176;87;35m██[38;2;239;208;47m██[38;2;249;207;24m██[38;2;73;56;0m██[38;2;0;0;0m        [38;2;30;23;0m  [38;2;21;20;14m██[38;2;255;220;40m██[38;2;255;221;41m██[38;2;255;209;53m██[38;2;255;203;56m██[38;2;255;193;48m██[38;2;255;205;58m██[38;2;208;129;28m██[38;2;32;10;0m  [38;2;0;0;0m      
[38;2;0;0;0m  [38;2;49;43;7m  [38;2;0;0;0m  [38;2;0;31;19m  [38;2;180;117;28m██[38;2;218;84;1m██[38;2;141;182;182m██[38;2;217;123;32m██[38;2;215;137;6m██[38;2;241;185;0m██[38;2;100;77;0m  [38;2;0;0;0m    [38;2;182;144;0m██[38;2;138;113;18m██[38;2;205;181;45m██[38;2;255;222;43m████[38;2;255;178;26m██[38;2;255;174;30m██[38;2;255;160;20m██[38;2;255;205;58m██[38;2;208;129;28m██[38;2;32;10;0m  [38;2;0;0;0m      
[38;2;0;0;0m    [38;2;17;5;0m  [38;2;134;69;22m██[38;2;219;85;27m██[38;2;99;131;117m██[38;2;170;134;109m██[38;2;90;53;27m██[38;2;163;92;0m██[38;2;206;156;0m██[38;2;242;187;0m██[38;2;70;60;9m██[38;2;81;73;27m██[38;2;195;156;11m██[38;2;180;158;46m██[38;2;254;205;37m██[38;2;253;109;2m██[38;2;252;103;0m██[38;2;241;115;6m██[38;2;239;99;0m██[38;2;251;131;9m██[38;2;211;120;12m  [38;2;40;13;0m  [38;2;0;0;0m        
[38;2;0;0;0m    [38;2;189;61;0m██[38;2;230;73;0m██[38;2;184;66;11m██[38;2;94;54;35m██[38;2;127;59;26m██[38;2;56;20;1m██[38;2;10;19;7m  [38;2;160;67;1m██[38;2;248;201;14m██[38;2;254;221;40m██[38;2;255;222;40m██[38;2;203;178;42m██[38;2;251;208;26m██[38;2;255;208;36m██[38;2;255;150;16m██[38;2;250;102;0m██[38;2;205;128;0m██[38;2;209;148;0m██[38;2;120;57;0m██[38;2;30;13;0m  [38;2;0;0;0m          
[38;2;0;0;0m  [38;2;178;58;0m██[38;2;172;56;0m██[38;2;31;10;0m  [38;2;67;27;8m██[38;2;115;62;37m██[38;2;108;35;0m  [38;2;0;0;0m      [38;2;241;139;19m██[38;2;255;221;41m██[38;2;255;222;40m████[38;2;189;116;9m██[38;2;255;148;16m██[38;2;253;102;0m██[38;2;231;90;0m██[38;2;212;80;0m██[38;2;198;95;0m██[38;2;230;174;0m██[38;2;51;39;0m  [38;2;39;30;0m  [38;2;40;50;28m██[38;2;199;83;9m██[38;2;205;78;0m  [38;2;30;9;0m  
[38;2;0;0;0m  [38;2;44;14;0m  [38;2;0;0;0m    [38;2;141;49;3m██[38;2;81;30;5m██[38;2;0;0;0m        [38;2;232;91;4m██[38;2;254;217;39m██[38;2;255;222;42m██[38;2;255;222;43m██[38;2;174;71;2m██[38;2;252;110;0m██[38;2;180;62;0m██[38;2;151;53;0m██[38;2;184;65;0m██[38;2;175;92;0m██[38;2;204;135;10m██[38;2;242;156;14m██[38;2;226;151;0m██[38;2;205;86;8m██[38;2;83;29;0m  [38;2;31;10;0m  [38;2;0;0;0m  
[38;2;0;0;0m        [38;2;118;40;0m  [38;2;0;0;0m          [38;2;161;53;0m██[38;2;231;176;29m██[38;2;248;203;15m██[38;2;245;191;0m██[38;2;244;189;0m██[38;2;183;81;1m██[38;2;155;90;13m██[38;2;254;188;38m██[38;2;247;189;10m██[38;2;252;163;27m██[38;2;162;73;5m  [38;2;137;47;0m  [38;2;229;89;0m██[38;2;209;80;0m  [38;2;36;12;0m  [38;2;0;0;0m    
[38;2;0;0;0m                    [38;2;18;6;0m  [38;2;159;56;0m██[38;2;184;91;0m██[38;2;245;191;0m██[38;2;242;185;0m██[38;2;235;186;0m██[38;2;27;13;5m  [38;2;190;90;8m██[38;2;255;200;54m██[38;2;169;83;12m  [38;2;14;4;0m  [38;2;5;1;0m  [38;2;39;12;0m  [38;2;32;10;0m  [38;2;0;0;0m      
[38;2;0;0;0m                      [38;2;0;7;7m  [38;2;146;54;0m██[38;2;0;0;0m  [38;2;99;65;2m██[38;2;0;0;0m    [38;2;8;2;0m  [38;2;119;38;0m  [38;2;0;0;0m                
[38;2;0;0;0m                      [38;2;0;1;1m  [38;2;77;26;0m██[38;2;0;0;0m  [38;2;25;13;2m  [38;2;114;38;0m  [38;2;0;0;0m                      
[38;2;0;0;0m                    [38;2;52;17;0m██[38;2;171;56;0m██[38;2;0;0;0m    [38;2;29;9;0m  [38;2;126;49;11m██[38;2;0;0;0m                      
[38;2;0;0;0m                [38;2;70;22;0m  [38;2;12;4;0m██[38;2;149;63;16m██[38;2;63;20;0m██[38;2;0;0;0m    [38;2;172;56;0m██[38;2;11;11;11m  [38;2;0;0;0m                      
[38;2;0;0;0m                    [38;2;76;25;0m  [38;2;6;2;0m  [38;2;0;0;0m  [38;2;230;75;0m██[38;2;153;50;0m██[38;2;0;0;0m                        
[38;2;0;0;0m                          [38;2;57;18;0m██[38;2;30;11;0m  [38;2;0;0;0m                        [0m
