
[38;2;0;0;0m            [38;2;0;1;0m  [38;2;16;28;34m██[38;2;6;12;13m  [38;2;0;0;0m                              
[38;2;0;0;0m          [38;2;0;3;0m  [38;2;49;79;103m██[38;2;60;95;126m██[38;2;23;40;49m██[38;2;0;0;0m                              
[38;2;0;0;0m        [38;2;0;1;0m  [38;2;58;94;123m██[38;2;49;73;104m██[38;2;60;95;126m██[38;2;36;60;77m██[38;2;0;1;0m  [38;2;0;0;0m    [38;2;0;1;0m  [38;2;0;0;0m              [38;2;0;1;0m  [38;2;0;0;0m      
[38;2;0;0;0m          [38;2;5;12;11m  [38;2;2;6;5m  [38;2;60;95;126m██[38;2;59;95;126m██[38;2;55;85;114m██[38;2;23;29;34m  [38;2;53;51;49m  [38;2;231;205;205m██[38;2;159;141;143m  [38;2;0;3;14m  [38;2;0;2;0m  [38;2;0;0;0m      [38;2;37;59;96m  [38;2;67;103;174m██[38;2;23;38;61m  [38;2;0;0;0m    
[38;2;0;0;0m            [38;2;0;1;0m  [38;2;32;53;68m██[38;2;55;74;96m██[38;2;81;97;122m██[38;2;144;141;160m██[38;2;254;232;242m  [38;2;255;229;235m██[38;2;226;202;209m██[38;2;90;102;140m██[38;2;58;89;149m██[38;2;2;5;5m  [38;2;0;1;0m  [38;2;34;54;88m██[38;2;73;112;191m██[38;2;73;113;190m██[38;2;73;113;189m██[38;2;27;43;69m  [38;2;0;0;0m  
[38;2;0;0;0m                [38;2;0;4;19m  [38;2;248;226;236m██[38;2;255;224;222m██[38;2;255;235;247m██[38;2;255;226;227m██[38;2;195;177;192m██[38;2;72;107;179m██[38;2;73;113;192m██[38;2;73;113;189m████[38;2;73;112;189m██[38;2;64;100;154m██[38;2;66;101;169m██[38;2;0;4;0m██[38;2;73;113;189m██[38;2;20;33;51m██
[38;2;37;37;37m  [38;2;139;139;139m          [38;2;66;67;66m  [38;2;59;101;0m██[38;2;88;103;60m██[38;2;208;203;201m██[38;2;255;224;222m██[38;2;240;212;210m██[38;2;191;177;170m██[38;2;255;223;222m██[38;2;93;94;137m██[38;2;62;98;137m██[38;2;66;103;154m██[38;2;57;91;126m██[38;2;37;64;86m██[38;2;59;95;126m██[38;2;0;3;0m  [38;2;0;0;0m  [38;2;0;1;0m  [38;2;0;0;0m  
[38;2;69;69;69m  [38;2;255;255;255m          [38;2;57;96;0m██[38;2;105;167;10m██[38;2;182;178;173m██[38;2;56;54;51m██[38;2;255;223;222m██[38;2;191;182;177m██[38;2;249;247;246m██[38;2;183;169;151m██[38;2;255;224;222m██[38;2;76;88;128m██[38;2;60;87;125m██[38;2;39;54;70m  [38;2;250;250;250m  [38;2;23;26;23m  [38;2;0;0;0m        
[38;2;69;69;69m  [38;2;255;255;255m  [38;2;197;198;197m  [38;2;92;95;92m  [38;2;255;255;255m    [38;2;57;96;0m██[38;2;70;75;61m██[38;2;164;195;103m██[38;2;255;229;229m██[38;2;255;223;222m██[38;2;234;215;213m██[38;2;234;234;225m██[38;2;170;161;155m██[38;2;239;203;205m██[38;2;135;176;67m██[38;2;178;160;168m██[38;2;65;67;65m  [38;2;92;95;92m  [38;2;184;185;184m  [38;2;0;0;0m        
[38;2;11;13;12m  [38;2;33;48;12m██[38;2;89;96;81m██[38;2;192;193;190m██[38;2;111;113;111m  [38;2;255;255;255m  [38;2;119;118;113m  [38;2;90;147;4m██[38;2;162;151;138m██[38;2;133;125;116m██[38;2;205;182;177m██[38;2;235;209;205m██[38;2;187;169;162m██[38;2;144;126;127m██[38;2;131;186;31m██[38;2;129;199;12m██[38;2;84;103;52m██[38;2;164;243;20m██[38;2;183;253;39m██[38;2;80;126;3m██[38;2;0;0;0m        
[38;2;39;57;19m██[38;2;206;243;169m██[38;2;85;112;42m██[38;2;240;245;228m██[38;2;65;65;65m  [38;2;251;251;251m  [38;2;107;94;77m██[38;2;1;7;0m██[38;2;134;143;122m██[38;2;107;65;67m██[38;2;152;79;83m██[38;2;170;90;98m██[38;2;181;88;93m██[38;2;87;82;88m██[38;2;83;97;55m██[38;2;176;177;176m██[38;2;93;113;56m██[38;2;169;246;24m██[38;2;183;253;39m██[38;2;147;231;5m██[38;2;0;3;0m  [38;2;0;0;0m      
[38;2;28;45;0m  [38;2;205;237;133m██[38;2;162;162;162m██[38;2;210;210;210m██[38;2;105;105;105m██[38;2;48;48;48m██[38;2;80;73;61m██[38;2;239;239;239m  [38;2;154;155;154m██[38;2;234;234;234m██[38;2;117;116;117m██[38;2;161;85;95m██[38;2;96;62;67m██[38;2;200;225;154m██[38;2;83;86;83m██[38;2;173;219;101m██[38;2;77;76;77m██[38;2;143;228;1m████[38;2;121;193;0m██[38;2;0;2;0m  [38;2;0;0;0m      
[38;2;33;52;3m  [38;2;57;76;26m  [38;2;222;223;219m██[38;2;85;84;85m██[38;2;174;202;131m██[38;2;237;238;235m██[38;2;114;116;113m  [38;2;252;252;252m  [38;2;118;110;110m  [38;2;231;240;217m██[38;2;112;156;47m██[38;2;220;220;220m██[38;2;100;100;100m██[38;2;168;224;80m██[38;2;110;115;122m██[38;2;214;223;201m██[38;2;83;86;83m██[38;2;83;99;57m██[38;2;79;93;53m██[38;2;79;128;8m  [38;2;0;0;0m        
[38;2;69;69;69m  [38;2;123;125;123m  [38;2;169;172;167m██[38;2;222;223;221m██[38;2;158;180;125m██[38;2;160;162;158m██[38;2;177;178;177m  [38;2;255;255;255m  [38;2;163;156;156m  [38;2;72;79;46m██[38;2;143;227;1m██[38;2;103;168;1m██[38;2;167;194;125m██[38;2;139;139;140m██[38;2;199;201;202m██[38;2;161;163;161m██[38;2;125;127;125m██[38;2;203;219;180m██[38;2;68;67;67m██[38;2;90;80;64m██[38;2;0;0;0m        
[38;2;69;69;69m  [38;2;255;255;255m  [38;2;156;158;156m  [38;2;20;23;20m██[38;2;70;107;18m  [38;2;134;214;16m  [38;2;255;255;255m  [38;2;240;240;240m  [38;2;23;26;23m  [38;2;170;150;123m██[38;2;120;181;19m██[38;2;136;218;1m██[38;2;112;185;1m██[38;2;79;105;37m██[38;2;199;199;199m██[38;2;216;217;216m██[38;2;221;222;221m██[38;2;184;225;122m██[38;2;65;64;64m██[38;2;138;139;136m  [38;2;0;0;0m        
[38;2;69;69;69m  [38;2;255;255;255m          [38;2;199;200;199m  [38;2;8;16;16m██[38;2;145;141;134m██[38;2;196;170;142m██[38;2;68;63;58m██[38;2;36;47;22m  [38;2;44;54;29m██[38;2;108;139;47m██[38;2;82;116;30m██[38;2;151;151;151m██[38;2;71;69;71m██[38;2;50;71;22m  [38;2;118;120;118m  [38;2;255;255;255m  [38;2;0;0;0m        
[38;2;0;0;0m          [38;2;0;3;0m  [38;2;39;62;90m██[38;2;0;0;0m  [38;2;144;143;134m██[38;2;67;69;63m██[38;2;0;1;0m  [38;2;0;0;0m    [38;2;0;1;0m  [38;2;0;4;0m██[38;2;136;136;131m██[38;2;164;169;166m██[38;2;132;134;132m██[38;2;0;0;0m            
[38;2;0;0;0m          [38;2;0;3;0m  [38;2;46;62;79m██[38;2;0;2;0m  [38;2;19;33;41m  [38;2;98;119;134m██[38;2;17;32;39m██[38;2;0;0;0m        [38;2;66;66;70m██[38;2;167;165;166m██[38;2;40;43;45m  [38;2;0;0;0m            
[38;2;0;0;0m            [38;2;28;31;35m  [38;2;54;87;114m████[38;2;0;3;0m  [38;2;0;1;0m  [38;2;0;0;0m      [38;2;0;3;0m  [38;2;125;123;128m██[38;2;176;170;168m██[38;2;50;52;57m██[38;2;1;0;0m  [38;2;0;0;0m          
[38;2;0;0;0m              [38;2;0;1;0m    [38;2;0;0;0m          [38;2;0;1;0m  [38;2;41;69;107m██[38;2;67;104;168m██[38;2;62;87;142m██[38;2;59;75;105m  [38;2;0;1;0m  [38;2;0;0;0m        
[38;2;0;0;0m                              [38;2;0;1;0m  [38;2;68;104;182m██[38;2;66;104;161m██[38;2;59;91;151m██[38;2;0;1;0m  [38;2;0;0;0m        
[38;2;0;0;0m                                [38;2;18;31;49m  [38;2;20;33;52m██[38;2;0;3;0m  [38;2;0;0;0m          [0m
