
[38;2;0;0;0m  [38;2;18;15;20m  [38;2;6;7;6m  [38;2;26;24;27m██[38;2;6;6;6m  [38;2;25;21;27m                                [38;2;6;5;6m  
[38;2;0;0;0m  [38;2;18;18;20m  [38;2;84;72;90m██[38;2;104;88;111m██[38;2;25;24;27m  [38;2;101;85;108m      [38;2;82;69;87m  [38;2;25;24;27m  [38;2;44;39;47m  [38;2;101;85;108m            [38;2;44;39;47m    [38;2;101;85;108m    [38;2;25;21;27m  
[38;2;0;0;0m  [38;2;19;18;20m  [38;2;101;86;108m████[38;2;25;24;27m  [38;2;101;85;108m  [38;2;94;80;101m  [38;2;43;39;45m  [38;2;54;50;58m██[38;2;125;109;132m██[38;2;101;89;107m██[38;2;31;30;33m██[38;2;42;38;44m  [38;2;94;79;101m  [38;2;101;85;108m    [38;2;75;64;81m  [38;2;93;82;99m██[38;2;101;89;107m██[38;2;31;30;33m██[38;2;82;69;87m  [38;2;25;21;27m  
[38;2;0;1;0m  [38;2;78;66;83m██[38;2;36;34;37m██[38;2;93;81;99m██[38;2;64;56;69m  [38;2;82;69;87m  [38;2;30;29;34m  [38;2;69;66;81m██[38;2;81;76;82m██[38;2;114;101;120m██[38;2;126;110;133m████[38;2;117;102;123m██[38;2;42;38;44m  [38;2;101;85;108m    [38;2;75;64;81m  [38;2;94;83;99m██[38;2;126;110;133m████[38;2;76;68;81m  [38;2;6;6;6m  
[38;2;0;0;0m  [38;2;18;18;20m  [38;2;63;54;67m  [38;2;65;56;69m██[38;2;93;81;99m██[38;2;39;38;41m██[38;2;125;109;132m██[38;2;126;110;133m████[38;2;92;84;95m██[38;2;81;76;82m██[38;2;103;93;107m██[38;2;114;101;120m██[38;2;125;109;132m██[38;2;25;24;27m  [38;2;101;85;108m  [38;2;31;30;32m██[38;2;125;109;132m██[38;2;114;101;120m██[38;2;126;110;133m██[38;2;101;89;107m██[38;2;7;8;8m  
[38;2;0;0;0m  [38;2;75;63;81m  [38;2;6;9;6m██[38;2;63;54;67m  [38;2;46;43;49m██[38;2;121;106;128m██[38;2;114;101;120m██[38;2;81;76;82m████[38;2;114;101;120m██[38;2;126;110;133m██[38;2;114;101;120m██[38;2;103;93;107m██[38;2;116;103;121m██[38;2;25;26;27m  [38;2;44;39;47m  [38;2;102;90;108m██[38;2;125;109;132m██[38;2;103;92;107m██[38;2;43;41;45m██[38;2;125;109;131m██[38;2;31;30;32m██
[38;2;0;0;0m  [38;2;75;63;81m  [38;2;101;85;108m  [38;2;25;24;27m  [38;2;121;106;128m██[38;2;106;98;91m██[38;2;133;119;100m██[38;2;247;214;209m██[38;2;248;216;210m██[38;2;145;136;134m██[38;2;105;105;105m██[38;2;105;97;111m██[38;2;114;101;122m██[38;2;89;82;99m██[38;2;65;62;74m██[38;2;102;89;107m██[38;2;83;75;87m██[38;2;106;94;111m██[38;2;94;83;99m██[38;2;75;64;81m  [38;2;42;38;44m  [38;2;23;22;24m  
[38;2;0;0;0m  [38;2;75;63;81m  [38;2;101;85;108m  [38;2;25;24;27m  [38;2;111;98;116m██[38;2;197;194;185m██[38;2;194;166;92m██[38;2;224;200;197m██[38;2;239;223;221m██[38;2;233;205;142m██[38;2;228;204;141m██[38;2;145;147;150m██[38;2;176;152;161m██[38;2;114;101;122m██[38;2;101;88;110m██[38;2;43;43;47m██[38;2;75;64;81m  [38;2;42;38;44m  [38;2;93;82;98m██[38;2;75;64;81m  [38;2;94;79;101m  [38;2;18;16;20m  
[38;2;0;0;0m  [38;2;75;63;81m  [38;2;101;85;108m    [38;2;31;30;32m  [38;2;168;156;153m██[38;2;176;163;161m██[38;2;81;76;82m██[38;2;219;199;200m██[38;2;217;187;142m██[38;2;217;193;148m██[38;2;181;179;170m██[38;2;207;180;177m██[38;2;106;94;111m██[38;2;104;88;111m██[38;2;26;25;27m██[38;2;101;85;108m    [38;2;44;39;47m  [38;2;101;85;108m    [38;2;25;21;27m  
[38;2;0;0;0m  [38;2;75;63;81m  [38;2;101;85;108m    [38;2;94;79;101m  [38;2;66;62;63m  [38;2;114;101;118m██[38;2;126;110;133m██[38;2;111;100;114m██[38;2;113;110;111m██[38;2;245;229;225m██[38;2;231;207;196m██[38;2;201;174;183m██[38;2;93;80;101m██[38;2;26;25;27m██[38;2;63;54;67m  [38;2;101;85;108m          [38;2;25;21;27m  
[38;2;0;0;0m  [38;2;75;63;81m  [38;2;101;85;108m      [38;2;44;39;47m  [38;2;86;77;91m██[38;2;99;91;95m██[38;2;111;98;116m██[38;2;112;102;106m██[38;2;243;218;218m██[38;2;207;180;177m██[38;2;76;70;88m██[38;2;42;39;44m  [38;2;101;85;108m              [38;2;25;21;27m  
[38;2;0;0;0m  [38;2;75;63;81m  [38;2;101;85;108m    [38;2;25;24;27m    [38;2;82;71;89m██[38;2;104;94;112m██[38;2;65;65;65m██[38;2;101;93;93m██[38;2;108;97;101m██[38;2;93;81;99m██[38;2;62;61;73m██[38;2;29;29;32m  [38;2;101;85;108m              [38;2;25;21;27m  
[38;2;0;0;0m  [38;2;75;63;81m  [38;2;65;57;71m  [38;2;34;36;41m██[38;2;72;72;94m██[38;2;67;66;73m██[38;2;88;78;93m██[38;2;114;101;120m██[38;2;126;110;133m████[38;2;114;101;120m██[38;2;77;72;79m██[38;2;122;107;128m██[38;2;77;83;106m██[38;2;38;39;41m██[38;2;65;57;71m  [38;2;82;69;87m  [38;2;101;85;108m        [38;2;25;21;27m  
[38;2;0;0;0m  [38;2;18;18;29m  [38;2;116;123;132m██[38;2;52;53;65m██[38;2;75;64;81m  [38;2;31;30;32m  [38;2;114;101;119m██[38;2;126;110;133m██[38;2;92;84;99m██[38;2;126;112;133m██[38;2;125;109;132m██[38;2;88;81;91m██[38;2;105;89;111m██[38;2;86;81;93m██[38;2;48;53;63m██[38;2;109;124;136m██[38;2;95;103;108m  [38;2;82;69;90m  [38;2;101;85;108m      [38;2;25;21;27m  
[38;2;15;17;15m  [38;2;198;207;207m██[38;2;196;205;205m██[38;2;70;63;74m  [38;2;75;64;81m  [38;2;115;104;105m██[38;2;115;98;116m██[38;2;105;86;89m██[38;2;172;168;173m██[38;2;110;97;117m██[38;2;122;106;129m██[38;2;122;107;121m██[38;2;75;70;77m██[38;2;38;36;40m██[38;2;72;66;85m  [38;2;193;209;216m██[38;2;240;253;252m██[38;2;100;105;101m██[38;2;82;69;87m  [38;2;101;85;108m    [38;2;25;21;27m  
[38;2;63;66;63m██[38;2;255;255;255m██[38;2;179;185;186m██[38;2;55;58;55m██[38;2;75;64;81m  [38;2;181;170;125m██[38;2;172;151;142m██[38;2;229;171;178m██[38;2;173;119;123m██[38;2;96;83;88m██[38;2;133;119;128m██[38;2;115;102;103m██[38;2;104;88;111m████[38;2;52;55;52m██[38;2;141;141;141m██[38;2;228;230;224m██[38;2;222;223;215m██[38;2;47;47;46m  [38;2;82;69;87m  [38;2;101;85;108m  [38;2;25;21;27m  
[38;2;47;50;47m  [38;2;239;239;239m██[38;2;119;123;124m██[38;2;75;64;81m  [38;2;82;69;87m  [38;2;67;63;81m  [38;2;95;79;102m██[38;2;159;102;101m████[38;2;118;103;110m██[38;2;128;124;121m██[38;2;112;97;104m██[38;2;104;87;111m██[38;2;84;72;90m██[38;2;35;35;37m  [38;2;131;140;143m██[38;2;96;110;120m██[38;2;65;79;87m██[38;2;108;121;127m██[38;2;75;64;81m  [38;2;101;85;108m  [38;2;25;21;27m  
[38;2;0;0;0m  [38;2;47;50;47m  [38;2;59;59;61m  [38;2;94;79;101m  [38;2;101;85;108m  [38;2;28;24;31m  [38;2;107;105;134m██[38;2;150;148;172m██[38;2;207;207;207m██[38;2;175;174;193m██[38;2;118;115;142m██[38;2;78;73;102m██[38;2;59;53;75m██[38;2;64;55;67m  [38;2;75;64;81m  [38;2;145;154;157m██[38;2;106;118;125m██[38;2;63;54;68m  [38;2;46;48;52m  [38;2;94;79;101m  [38;2;101;85;108m  [38;2;25;21;27m  
[38;2;0;0;0m  [38;2;75;63;81m  [38;2;94;80;101m  [38;2;56;58;61m  [38;2;36;42;42m██[38;2;74;74;92m██[38;2;105;103;128m██[38;2;99;99;127m██[38;2;81;81;103m██[38;2;101;101;123m██[38;2;123;121;152m██[38;2;129;127;158m██[38;2;109;109;127m██[38;2;61;53;65m  [38;2;101;85;108m  [38;2;25;24;27m  [38;2;170;184;190m██[38;2;35;40;39m██[38;2;101;85;108m      [38;2;25;21;27m  
[38;2;0;0;0m  [38;2;75;63;81m  [38;2;75;65;82m  [38;2;117;127;131m██[38;2;146;160;171m██[38;2;105;99;115m██[38;2;89;80;101m██[38;2;42;39;40m██[38;2;75;64;81m    [38;2;42;44;55m██[38;2;107;105;136m██[38;2;97;102;114m██[38;2;148;157;161m██[38;2;44;39;47m  [38;2;25;24;27m  [38;2;143;157;163m██[38;2;65;59;73m  [38;2;101;85;108m      [38;2;25;21;27m  
[38;2;0;0;0m    [38;2;9;10;11m  [38;2;91;100;107m  [38;2;108;121;127m████[38;2;38;40;45m  [38;2;124;123;147m  [38;2;153;151;181m  [38;2;152;150;181m  [38;2;116;114;136m  [38;2;71;69;91m██[38;2;204;212;216m████[38;2;144;153;155m██[38;2;0;1;0m  [38;2;46;55;56m██[38;2;46;52;50m██[38;2;0;0;0m        
[38;2;0;0;0m    [38;2;9;9;11m  [38;2;9;10;11m  [38;2;0;1;0m    [38;2;38;37;45m        [38;2;29;28;34m  [38;2;22;24;27m  [38;2;84;91;91m██[38;2;193;203;208m██[38;2;145;153;156m██[38;2;0;1;0m  [38;2;36;43;43m██[38;2;36;42;41m██[38;2;0;0;0m        [0m
