
[38;2;1;4;7m  [38;2;5;16;29m  [38;2;5;16;28m  [38;2;5;16;29m  [38;2;5;16;28m  [38;2;5;16;29m          [38;2;11;17;22m██[38;2;0;1;1m  [38;2;5;16;29m  [38;2;0;0;0m  [38;2;2;8;15m  [38;2;5;16;29m            [38;2;5;16;28m  [38;2;5;16;29m        [38;2;1;4;7m  
[38;2;5;17;30m  [38;2;22;65;116m  [38;2;22;69;116m  [38;2;22;77;116m            [38;2;21;77;116m  [38;2;20;50;71m  [38;2;38;72;113m██[38;2;5;16;29m  [38;2;36;70;112m██[38;2;57;74;88m  [38;2;22;77;116m    [38;2;21;65;116m  [38;2;22;65;116m          [38;2;21;65;116m  [38;2;22;65;116m    [38;2;5;17;30m  
[38;2;5;17;30m  [38;2;22;65;116m  [38;2;21;70;116m  [38;2;22;81;116m          [38;2;16;60;87m  [38;2;21;79;113m  [38;2;14;53;77m  [38;2;43;46;46m  [38;2;51;91;140m██[38;2;141;175;195m██[38;2;77;127;173m██[38;2;19;32;44m  [38;2;19;72;103m  [38;2;22;65;116m    [38;2;21;65;116m  [38;2;22;65;116m  [38;2;21;65;116m          [38;2;5;17;30m  
[38;2;5;17;30m  [38;2;22;65;116m  [38;2;22;70;116m  [38;2;22;81;116m          [38;2;31;46;62m██[38;2;10;27;38m  [38;2;14;53;77m  [38;2;43;45;48m  [38;2;113;144;166m██[38;2;113;147;169m██[38;2;76;126;172m██[38;2;76;124;168m██[38;2;28;38;41m  [38;2;21;65;116m  [38;2;22;65;116m          [38;2;21;65;116m  [38;2;22;65;116m    [38;2;5;17;30m  
[38;2;5;17;30m  [38;2;22;65;116m  [38;2;21;70;116m  [38;2;22;81;116m          [38;2;13;47;68m  [38;2;50;82;120m██[38;2;33;45;58m██[38;2;74;115;161m██[38;2;105;148;184m██[38;2;76;126;172m██[38;2;111;152;187m██[38;2;51;97;152m██[38;2;50;95;151m██[38;2;12;25;41m  [38;2;19;59;104m  [38;2;17;51;90m  [38;2;22;65;116m  [38;2;21;65;116m          [38;2;5;17;30m  
[38;2;5;17;30m  [38;2;22;65;116m  [38;2;22;70;116m  [38;2;22;81;116m          [38;2;19;72;104m  [38;2;15;18;20m  [38;2;57;83;116m██[38;2;119;154;176m██[38;2;75;125;171m██[38;2;76;126;172m██[38;2;66;111;161m██[38;2;123;159;189m██[38;2;50;96;151m██[38;2;51;93;144m██[38;2;26;33;40m  [38;2;2;7;12m  [38;2;22;65;116m      [38;2;21;65;116m  [38;2;22;65;116m    [38;2;5;17;30m  
[38;2;5;17;30m  [38;2;22;65;116m  [38;2;21;70;116m  [38;2;22;81;116m  [38;2;18;67;96m  [38;2;22;81;116m  [38;2;13;51;73m  [38;2;22;33;45m██[38;2;16;42;58m  [38;2;47;89;141m██[38;2;88;129;167m██[38;2;104;143;170m██[38;2;85;133;176m██[38;2;69;118;166m██[38;2;51;97;152m██[38;2;53;97;152m██[38;2;97;137;176m██[38;2;51;96;150m██[38;2;76;97;121m██[38;2;2;7;12m  [38;2;22;65;116m  [38;2;21;65;116m          [38;2;5;17;30m  
[38;2;5;17;30m  [38;2;22;65;116m  [38;2;22;70;116m  [38;2;8;31;45m  [38;2;26;54;85m  [38;2;19;72;103m  [38;2;19;73;105m  [38;2;24;40;54m  [38;2;50;70;95m██[38;2;51;92;144m██[38;2;116;156;189m██[38;2;78;128;174m██[38;2;103;142;179m██[38;2;50;95;151m██[38;2;51;97;152m██[38;2;51;97;151m██[38;2;65;109;160m██[38;2;57;70;86m██[38;2;58;100;148m██[38;2;44;46;47m  [38;2;5;16;29m  [38;2;22;65;116m    [38;2;21;65;116m  [38;2;22;65;116m    [38;2;5;17;30m  
[38;2;5;17;30m  [38;2;22;65;116m  [38;2;21;70;116m  [38;2;4;14;21m  [38;2;57;102;158m██[38;2;10;17;25m██[38;2;22;81;116m  [38;2;7;26;38m  [38;2;56;74;92m██[38;2;109;145;168m██[38;2;76;126;171m██[38;2;70;119;167m██[38;2;50;96;151m██[38;2;125;161;190m██[38;2;74;94;118m██[38;2;50;94;150m██[38;2;60;75;93m██[38;2;66;82;96m██[38;2;47;67;89m██[38;2;77;91;108m██[38;2;65;108;158m██[38;2;3;9;17m  [38;2;21;65;116m        [38;2;5;17;30m  
[38;2;5;17;30m  [38;2;22;65;116m  [38;2;22;70;116m  [38;2;4;17;21m  [38;2;95;142;194m██[38;2;10;17;25m██[38;2;22;81;116m  [38;2;7;26;38m  [38;2;101;135;160m██[38;2;85;131;171m██[38;2;98;139;178m██[38;2;51;97;152m██[38;2;50;96;151m██[38;2;50;95;151m██[38;2;94;111;122m██[38;2;61;72;85m██[38;2;70;91;110m██[38;2;54;98;148m██[38;2;15;39;67m  [38;2;29;40;52m██[38;2;54;83;117m██[38;2;3;9;17m  [38;2;22;65;116m  [38;2;21;65;116m  [38;2;22;65;116m  [38;2;9;27;48m  [38;2;5;17;30m  
[38;2;5;17;30m  [38;2;22;65;116m  [38;2;21;70;116m  [38;2;4;18;21m  [38;2;198;216;237m██[38;2;39;45;51m██[38;2;16;60;87m  [38;2;35;47;54m  [38;2;108;151;185m██[38;2;69;118;167m██[38;2;83;124;168m██[38;2;67;92;128m██[38;2;72;80;99m██[38;2;107;66;67m██[38;2;78;102;131m██[38;2;65;67;68m██[38;2;59;106;158m██[38;2;48;90;141m██[38;2;15;35;57m  [38;2;19;24;30m██[38;2;19;36;57m██[38;2;21;65;116m    [38;2;20;62;110m  [38;2;13;31;52m  [38;2;41;79;126m██[38;2;3;6;9m  
[38;2;5;17;30m  [38;2;22;65;116m  [38;2;22;70;116m  [38;2;4;18;21m  [38;2;181;186;196m██[38;2;79;79;80m██[38;2;71;88;97m██[38;2;139;167;187m██[38;2;66;115;164m██[38;2;60;74;91m██[38;2;61;72;87m██[38;2;114;111;91m██[38;2;169;139;129m██[38;2;107;84;85m██[38;2;71;113;161m██[38;2;53;87;130m██[38;2;50;95;151m██[38;2;60;73;89m██[38;2;45;79;121m██[38;2;54;57;57m██[38;2;15;40;69m  [38;2;22;65;116m    [38;2;17;53;94m  [38;2;35;68;106m██[38;2;50;96;151m██[38;2;12;24;39m██
[38;2;5;17;30m  [38;2;22;65;116m  [38;2;20;64;107m  [38;2;13;31;47m  [38;2;63;86;110m██[38;2;102;141;172m██[38;2;73;109;142m██[38;2;40;72;110m██[38;2;5;20;29m  [38;2;46;48;47m  [38;2;70;112;154m██[38;2;65;131;149m██[38;2;52;93;141m██[38;2;75;87;101m██[38;2;69;116;171m██[38;2;54;86;128m██[38;2;59;71;85m██[38;2;36;69;109m  [38;2;5;16;29m  [38;2;38;73;117m██[38;2;26;50;79m██[38;2;17;51;91m  [38;2;18;54;96m  [38;2;19;36;58m██[38;2;50;96;151m██[38;2;39;75;118m██[38;2;0;0;0m  
[38;2;5;17;30m  [38;2;22;65;116m  [38;2;15;33;54m  [38;2;47;90;143m██[38;2;116;156;189m██[38;2;78;128;173m██[38;2;75;126;172m██[38;2;8;13;19m██[38;2;22;81;116m  [38;2;1;5;8m  [38;2;57;80;110m██[38;2;75;106;83m██[38;2;76;100;126m██[38;2;64;111;165m██[38;2;56;83;117m██[38;2;55;90;132m██[38;2;30;56;89m██[38;2;16;50;89m  [38;2;22;65;116m  [38;2;16;46;81m  [38;2;37;70;110m██[38;2;39;42;42m  [38;2;24;51;82m  [38;2;106;153;204m██[38;2;50;95;151m██[38;2;39;74;117m██[38;2;0;0;0m  
[38;2;3;6;9m  [38;2;12;23;37m██[38;2;66;79;92m██[38;2;118;155;188m██[38;2;181;207;234m██[38;2;81;130;175m██[38;2;48;79;108m██[38;2;19;72;103m  [38;2;21;81;116m  [38;2;6;24;35m  [38;2;61;87;112m██[38;2;54;87;128m██[38;2;76;100;126m██[38;2;57;104;157m██[38;2;50;95;151m██[38;2;61;75;84m██[38;2;12;45;64m  [38;2;22;65;116m    [38;2;21;64;112m  [38;2;13;33;55m  [38;2;60;95;138m██[38;2;106;150;199m██[38;2;83;129;181m██[38;2;87;133;185m██[38;2;4;14;25m  [38;2;5;17;30m  
[38;2;12;24;39m██[38;2;20;39;62m██[38;2;72;73;76m██[38;2;56;94;141m██[38;2;223;237;255m██[38;2;191;214;237m██[38;2;79;110;139m██[38;2;19;62;103m  [38;2;22;69;116m  [38;2;21;69;116m  [38;2;17;41;67m  [38;2;64;63;65m██[38;2;57;81;109m██[38;2;77;127;173m██[38;2;61;108;160m██[38;2;18;32;44m  [38;2;19;60;103m  [38;2;21;65;116m  [38;2;22;65;116m  [38;2;19;58;103m  [38;2;31;59;95m██[38;2;89;90;94m██[38;2;194;214;237m██[38;2;93;135;184m██[38;2;153;193;235m██[38;2;4;14;25m  [38;2;5;17;30m  
[38;2;1;4;7m  [38;2;18;54;96m  [38;2;14;28;44m██[38;2;72;80;90m██[38;2;173;189;205m██[38;2;76;111;144m██[38;2;11;34;61m  [38;2;22;65;116m  [38;2;21;65;116m  [38;2;16;50;89m  [38;2;29;55;88m██[38;2;45;48;48m██[38;2;55;78;105m██[38;2;65;64;65m██[38;2;66;109;149m██[38;2;6;18;32m  [38;2;22;65;116m      [38;2;5;10;16m██[38;2;50;95;150m██[38;2;223;237;255m████[38;2;219;235;254m██[38;2;60;66;74m██[38;2;21;65;116m  [38;2;5;17;30m  
[38;2;5;17;30m  [38;2;9;27;48m  [38;2;30;57;90m██[38;2;31;60;93m  [38;2;18;34;52m██[38;2;8;15;23m██[38;2;22;65;116m      [38;2;1;4;8m  [38;2;32;62;100m██[38;2;16;48;85m  [38;2;33;55;83m██[38;2;55;89;131m██[38;2;45;69;93m  [38;2;22;65;116m    [38;2;21;65;116m  [38;2;12;36;64m  [38;2;43;79;122m██[38;2;89;137;191m██[38;2;113;147;189m██[38;2;223;238;255m██[38;2;198;212;229m██[38;2;26;30;34m██[38;2;22;65;116m  [38;2;5;17;30m  
[38;2;5;17;30m  [38;2;9;27;48m  [38;2;26;50;79m██[38;2;17;53;94m  [38;2;16;34;57m  [38;2;37;71;113m██[38;2;8;24;42m  [38;2;22;65;116m  [38;2;21;65;116m  [38;2;6;20;35m  [38;2;81;121;166m██[38;2;1;3;5m██[38;2;14;42;74m  [38;2;44;46;44m██[38;2;34;39;46m██[38;2;22;65;116m      [38;2;8;26;47m  [38;2;90;139;193m██[38;2;102;152;205m██[38;2;96;145;199m██[38;2;143;166;193m██[38;2;68;79;93m██[38;2;20;23;27m██[38;2;21;65;116m  [38;2;5;17;30m  
[38;2;5;17;30m  [38;2;22;65;116m  [38;2;16;49;87m  [38;2;20;62;110m  [38;2;20;60;106m  [38;2;16;49;87m  [38;2;18;55;97m  [38;2;22;65;116m  [38;2;15;45;80m  [38;2;5;16;29m  [38;2;30;36;42m██[38;2;16;48;85m  [38;2;22;65;116m  [38;2;0;0;0m██[38;2;57;80;103m██[38;2;22;65;116m    [38;2;21;65;116m  [38;2;8;26;47m  [38;2;62;77;96m██[38;2;88;136;190m██[38;2;102;152;205m██[38;2;71;110;155m██[38;2;51;97;152m██[38;2;15;28;45m██[38;2;22;65;116m  [38;2;5;17;30m  
[38;2;5;17;30m  [38;2;22;65;116m  [38;2;21;65;116m  [38;2;22;65;116m          [38;2;19;59;104m  [38;2;1;3;6m  [38;2;12;38;67m  [38;2;22;65;116m      [38;2;34;34;34m██[38;2;16;17;19m  [38;2;19;58;103m  [38;2;16;47;83m  [38;2;34;65;104m██[38;2;39;70;107m██[38;2;48;78;112m██[38;2;87;125;168m██[38;2;41;79;125m██[38;2;46;77;113m██[38;2;15;42;72m  [38;2;21;65;116m  [38;2;5;17;30m  
[38;2;5;17;30m  [38;2;22;65;116m              [38;2;19;59;104m  [38;2;16;49;87m  [38;2;22;65;116m        [38;2;16;32;50m  [38;2;63;64;63m██[38;2;12;36;64m  [38;2;0;1;2m██[38;2;12;23;37m██[38;2;16;49;87m  [38;2;14;33;56m  [38;2;47;78;116m██[38;2;15;40;70m  [38;2;21;30;40m██[38;2;14;28;44m██[38;2;22;65;116m  [38;2;5;17;30m  
[38;2;5;17;30m  [38;2;22;65;116m  [38;2;21;65;116m  [38;2;22;65;116m          [38;2;21;65;116m  [38;2;22;65;116m  [38;2;21;65;116m  [38;2;22;65;116m      [38;2;5;16;29m  [38;2;0;2;4m  [38;2;22;65;116m      [38;2;21;64;112m  [38;2;13;33;55m  [38;2;32;63;100m  [38;2;16;49;87m  [38;2;17;53;94m  [38;2;3;11;20m  [38;2;21;65;116m  [38;2;5;17;30m  
[38;2;1;4;7m  [38;2;5;16;29m  [38;2;5;16;28m  [38;2;5;16;29m  [38;2;5;16;28m  [38;2;5;16;29m                    [38;2;0;0;1m  [38;2;5;16;29m      [38;2;4;14;25m  [38;2;7;14;23m██[38;2;0;2;4m  [38;2;5;16;29m  [38;2;4;13;23m  [38;2;3;11;20m  [38;2;5;16;29m  [38;2;1;4;7m  [0m
