
[38;2;13;12;13m  [38;2;50;48;51m        [38;2;7;7;7m  [38;2;22;23;22m  [38;2;58;60;60m██[38;2;20;21;21m  [38;2;50;48;51m                [38;2;49;48;51m  [38;2;50;48;51m  [38;2;49;48;51m  [38;2;50;48;51m        [38;2;12;12;13m  
[38;2;52;50;53m  [38;2;200;195;206m      [38;2;50;52;51m  [38;2;157;156;162m  [38;2;197;194;202m██[38;2;76;77;77m██[38;2;171;168;176m  [38;2;200;195;206m  [38;2;50;52;51m  [38;2;197;193;202m  [38;2;200;195;206m                        [38;2;51;50;53m  
[38;2;52;50;53m  [38;2;200;195;206m  [38;2;185;181;190m  [38;2;74;76;77m  [38;2;234;230;239m██[38;2;212;208;218m██[38;2;161;157;167m██[38;2;113;102;115m██[38;2;58;60;60m████[38;2;117;117;120m  [38;2;197;193;202m  [38;2;200;195;206m                        [38;2;51;50;53m  
[38;2;52;50;53m  [38;2;200;195;206m  [38;2;140;138;144m  [38;2;191;189;196m██[38;2;234;230;239m██[38;2;212;208;218m██[38;2;233;229;239m████[38;2;218;214;224m██[38;2;113;111;114m██[38;2;49;50;50m  [38;2;50;52;51m  [38;2;125;123;128m  [38;2;200;195;206m      [38;2;112;112;116m  [38;2;49;51;51m  [38;2;143;141;147m  [38;2;200;195;206m          [38;2;51;50;53m  
[38;2;39;38;40m  [38;2;70;71;72m  [38;2;82;82;81m██[38;2;234;230;239m██[38;2;220;216;225m██[38;2;119;117;121m██[38;2;203;198;208m██[38;2;193;189;199m██[38;2;97;95;98m██[38;2;183;179;189m██[38;2;204;200;210m██[38;2;176;174;180m██[38;2;112;112;115m  [38;2;150;147;154m  [38;2;102;102;105m  [38;2;34;36;36m██[38;2;161;159;165m██[38;2;234;230;240m██[38;2;125;124;128m██[38;2;71;72;73m  [38;2;183;179;188m  [38;2;200;195;206m      [38;2;51;50;53m  
[38;2;39;38;40m  [38;2;70;71;76m  [38;2;117;113;109m██[38;2;234;230;240m██[38;2;150;147;154m██[38;2;152;148;157m██[38;2;154;149;157m██[38;2;179;176;185m██[38;2;190;186;195m██[38;2;189;185;195m██[38;2;73;73;75m██[38;2;147;146;152m  [38;2;100;99;103m  [38;2;185;183;189m██[38;2;172;169;177m██[38;2;220;216;226m██[38;2;243;239;249m██[38;2;234;230;239m██[38;2;155;153;159m██[38;2;99;98;101m██[38;2;49;50;50m  [38;2;200;195;206m      [38;2;51;50;53m  
[38;2;52;50;53m  [38;2;82;83;85m  [38;2;128;126;131m██[38;2;147;144;151m██[38;2;136;134;140m██[38;2;130;126;135m██[38;2;186;183;190m██[38;2;147;144;151m██[38;2;172;168;178m██[38;2;144;140;150m██[38;2;98;94;97m  [38;2;150;147;154m  [38;2;146;145;150m██[38;2;232;228;238m██[38;2;187;183;193m██[38;2;241;237;247m██[38;2;226;222;232m██[38;2;161;157;167m██[38;2;208;204;214m██[38;2;234;230;239m██[38;2;212;208;218m██[38;2;65;67;67m  [38;2;185;181;190m  [38;2;200;195;206m  [38;2;51;50;53m  
[38;2;52;50;53m  [38;2;200;195;206m  [38;2;69;70;71m██[38;2;205;202;210m██[38;2;206;203;211m██[38;2;212;208;218m██[38;2;227;223;233m██[38;2;88;83;72m██[38;2;107;106;110m██[38;2;189;185;195m██[38;2;168;165;173m██[38;2;98;96;102m██[38;2;172;169;175m██[38;2;160;155;165m██[38;2;222;218;228m██[38;2;229;225;235m██[38;2;190;186;196m██[38;2;245;241;251m████[38;2;241;237;247m██[38;2;234;230;240m██[38;2;180;176;186m██[38;2;77;78;79m  [38;2;200;195;206m  [38;2;51;50;53m  
[38;2;52;50;53m  [38;2;43;46;45m  [38;2;243;239;249m████[38;2;227;207;214m██[38;2;208;181;193m██[38;2;216;212;222m██[38;2;63;62;70m██[38;2;108;107;111m  [38;2;50;51;51m  [38;2;53;49;50m  [38;2;158;154;158m██[38;2;117;113;119m██[38;2;160;156;166m██[38;2;234;230;239m██[38;2;140;136;146m██[38;2;237;233;243m██[38;2;234;230;240m██[38;2;226;222;232m██[38;2;202;198;207m██[38;2;108;107;110m██[38;2;108;106;109m██[38;2;68;69;69m██[38;2;160;158;165m  [38;2;51;50;53m  
[38;2;52;50;53m  [38;2;43;46;45m  [38;2;235;231;241m██[38;2;209;205;215m██[38;2;219;179;169m██[38;2;137;45;60m██[38;2;189;185;195m██[38;2;190;185;195m██[38;2;83;84;86m  [38;2;200;195;206m  [38;2;92;92;96m  [38;2;69;65;55m██[38;2;123;117;121m██[38;2;201;197;207m██[38;2;193;189;199m██[38;2;210;206;216m██[38;2;234;230;240m██[38;2;226;222;232m██[38;2;192;188;198m██[38;2;217;213;223m██[38;2;243;239;249m██[38;2;228;224;234m██[38;2;204;200;210m██[38;2;131;130;135m  [38;2;12;13;13m  
[38;2;15;16;15m  [38;2;195;192;200m██[38;2;230;226;236m██[38;2;195;191;201m██[38;2;146;76;91m██[38;2;183;169;180m██[38;2;170;166;175m██[38;2;190;186;195m██[38;2;90;90;93m  [38;2;196;193;202m  [38;2;86;87;89m██[38;2;68;67;68m██[38;2;127;125;130m██[38;2;188;184;194m██[38;2;125;122;127m██[38;2;190;186;196m██[38;2;204;201;210m██[38;2;166;162;172m██[38;2;234;230;239m██[38;2;235;231;241m██[38;2;244;240;250m██[38;2;241;237;247m██[38;2;206;202;212m██[38;2;184;181;189m██[38;2;12;13;12m  
[38;2;28;30;28m██[38;2;179;176;184m██[38;2;196;192;202m██[38;2;189;184;195m██[38;2;64;64;65m██[38;2;96;94;98m██[38;2;170;166;175m██[38;2;190;185;195m██[38;2;123;122;126m██[38;2;187;184;193m  [38;2;102;102;108m  [38;2;67;63;56m██[38;2;173;170;178m██[38;2;186;182;192m██[38;2;132;130;136m██[38;2;184;180;189m██[38;2;131;128;135m██[38;2;203;199;209m██[38;2;234;230;239m██[38;2;234;230;240m██[38;2;239;235;245m██[38;2;184;180;189m██[38;2;170;166;174m██[38;2;189;185;195m██[38;2;49;51;50m██
[38;2;13;13;13m  [38;2;50;51;51m  [38;2;50;52;51m    [38;2;132;130;135m  [38;2;162;159;167m██[38;2;189;185;195m██[38;2;199;195;205m██[38;2;223;219;229m██[38;2;67;68;68m██[38;2;103;103;109m  [38;2;140;138;145m  [38;2;127;125;130m██[38;2;157;153;161m██[38;2;146;144;150m██[38;2;155;152;159m██[38;2;150;147;154m██[38;2;189;185;195m████[38;2;150;147;154m██[38;2;96;95;98m██[38;2;113;111;115m██[38;2;189;185;195m██[38;2;179;175;185m██[38;2;36;38;38m  
[38;2;52;50;53m  [38;2;200;195;206m      [38;2;132;130;135m  [38;2;191;188;196m██[38;2;223;219;228m██[38;2;232;228;238m██[38;2;234;230;240m██[38;2;176;172;182m██[38;2;115;115;118m  [38;2;49;49;49m  [38;2;173;170;178m██[38;2;68;67;68m██[38;2;189;184;195m██[38;2;73;72;73m██[38;2;190;185;195m██[38;2;190;186;195m██[38;2;132;129;135m██[38;2;70;69;70m██[38;2;96;95;98m██[38;2;190;186;195m██[38;2;190;185;195m██[38;2;148;145;152m██[38;2;0;1;0m  
[38;2;52;50;53m  [38;2;200;195;206m      [38;2;81;82;83m██[38;2;236;232;242m██[38;2;239;235;245m██[38;2;242;238;248m██[38;2;234;230;239m██[38;2;234;230;240m██[38;2;180;176;186m██[38;2;234;230;240m██[38;2;86;85;87m██[38;2;158;155;163m██[38;2;139;136;142m██[38;2;189;185;195m██[38;2;171;167;176m██[38;2;93;91;95m██[38;2;123;120;125m██[38;2;157;154;162m██[38;2;182;178;188m██[38;2;109;107;110m██[38;2;132;130;135m██[38;2;82;83;85m  [38;2;51;50;53m  
[38;2;52;50;53m  [38;2;200;195;206m      [38;2;79;81;82m██[38;2;242;238;248m██[38;2;236;232;242m██[38;2;234;230;240m██[38;2;189;185;195m██[38;2;115;113;116m██[38;2;202;198;208m██[38;2;234;230;240m██[38;2;212;209;218m██[38;2;190;186;194m██[38;2;146;143;150m██[38;2;183;179;189m██[38;2;78;77;79m██[38;2;102;101;104m██[38;2;155;152;159m██[38;2;153;150;158m██[38;2;123;121;130m██[38;2;244;240;251m██[38;2;198;196;203m██[38;2;82;83;85m  [38;2;51;50;53m  
[38;2;52;50;53m  [38;2;200;195;206m      [38;2;132;130;135m  [38;2;201;198;206m██[38;2;225;221;231m██[38;2;229;225;235m██[38;2;111;103;114m██[38;2;183;178;189m██[38;2;171;167;176m██[38;2;97;96;105m██[38;2;228;224;234m██[38;2;234;230;240m██[38;2;137;135;140m██[38;2;116;114;118m██[38;2;140;138;144m██[38;2;152;148;156m██[38;2;107;104;109m██[38;2;200;197;205m██[38;2;236;232;242m██[38;2;127;125;129m██[38;2;226;223;232m██[38;2;43;46;45m  [38;2;51;50;53m  
[38;2;52;50;53m  [38;2;200;195;206m      [38;2;183;179;188m  [38;2;71;72;73m  [38;2;198;194;204m██[38;2;108;95;110m██[38;2;171;167;176m██[38;2;102;100;104m██[38;2;132;129;135m██[38;2;186;182;192m██[38;2;194;190;200m████[38;2;155;151;158m██[38;2;246;242;252m██[38;2;231;227;237m██[38;2;82;81;83m██[38;2;235;231;241m██[38;2;183;180;187m██[38;2;197;193;201m██[38;2;214;210;219m██[38;2;60;61;61m██[38;2;160;158;165m  [38;2;51;50;53m  
[38;2;52;50;53m  [38;2;200;195;206m        [38;2;71;72;73m  [38;2;124;122;128m██[38;2;152;149;156m██[38;2;195;191;201m██[38;2;75;71;62m██[38;2;163;160;170m██[38;2;158;155;163m██[38;2;121;114;127m██[38;2;110;108;112m██[38;2;234;230;239m██[38;2;238;234;244m██[38;2;145;143;148m██[38;2;241;237;247m██[38;2;243;239;249m██[38;2;219;216;225m██[38;2;176;173;180m██[38;2;152;151;156m  [38;2;155;152;159m  [38;2;200;195;206m  [38;2;51;50;53m  
[38;2;52;50;53m  [38;2;200;195;206m        [38;2;199;195;206m  [38;2;69;70;71m██[38;2;77;76;78m██[38;2;229;225;235m██[38;2;29;30;26m██[38;2;102;102;106m  [38;2;137;148;204m██[38;2;146;158;226m██[38;2;149;161;226m██[38;2;158;159;174m██[38;2;107;106;113m██[38;2;124;136;202m██[38;2;234;230;239m██[38;2;233;229;239m██[38;2;105;102;110m██[38;2;44;46;45m██[38;2;159;156;163m  [38;2;200;195;206m    [38;2;51;50;53m  
[38;2;52;50;53m  [38;2;200;195;206m        [38;2;28;30;28m  [38;2;128;126;131m██[38;2;204;200;209m██[38;2;135;135;139m██[38;2;187;184;193m  [38;2;83;90;115m  [38;2;122;135;191m██[38;2;130;141;199m██[38;2;96;86;106m██[38;2;132;136;186m██[38;2;163;179;255m██[38;2;140;153;218m██[38;2;91;103;161m██[38;2;97;96;104m  [38;2;71;69;78m  [38;2;200;195;206m        [38;2;51;50;53m  
[38;2;13;12;13m  [38;2;50;48;51m        [38;2;7;7;7m  [38;2;21;21;21m  [38;2;39;38;40m██[38;2;33;35;34m  [38;2;46;46;48m  [38;2;26;26;27m  [38;2;0;1;0m  [38;2;8;10;8m  [38;2;40;47;63m██████[38;2;17;20;26m  [38;2;0;1;0m  [38;2;31;30;31m  [38;2;49;48;51m  [38;2;50;48;51m        [38;2;12;12;13m  [0m
