
[38;2;17;17;12m  [38;2;13;13;9m  [38;2;43;43;29m  [38;2;57;57;39m  [38;2;66;66;45m          [38;2;61;61;42m  [38;2;0;0;0m  [38;2;57;57;39m  [38;2;0;0;0m      
[38;2;68;68;46m  [38;2;50;50;35m  [38;2;123;125;71m██[38;2;221;221;152m  [38;2;255;255;176m          [38;2;65;65;45m  [38;2;113;111;78m██[38;2;48;48;33m  [38;2;0;0;0m      
[38;2;47;47;32m  [38;2;79;79;49m  [38;2;167;167;114m██[38;2;221;221;152m  [38;2;255;255;176m        [38;2;214;214;147m  [38;2;68;68;40m██[38;2;210;210;131m██[38;2;65;65;44m  [38;2;0;0;0m      
[38;2;0;0;0m  [38;2;191;191;127m██[38;2;168;168;115m██[38;2;221;221;152m  [38;2;255;255;176m  [38;2;255;255;175m  [38;2;255;255;176m    [38;2;130;130;89m  [38;2;188;188;109m██[38;2;243;243;164m██[38;2;217;217;149m██[38;2;0;0;0m      
[38;2;0;0;0m  [38;2;200;200;137m██[38;2;117;117;64m██[38;2;221;221;152m  [38;2;255;255;176m  [38;2;174;174;120m  [38;2;168;168;116m  [38;2;168;168;118m  [38;2;145;144;100m██[38;2;250;250;171m██[38;2;250;250;172m██[38;2;217;217;149m  [38;2;0;0;0m      
[38;2;0;0;0m  [38;2;200;200;137m██[38;2;122;122;69m██[38;2;203;207;108m  [38;2;35;35;24m  [38;2;154;154;64m  [38;2;162;163;67m██[38;2;63;59;50m██[38;2;238;238;163m██[38;2;251;251;172m████[38;2;217;217;149m██[38;2;0;0;0m      
[38;2;25;25;17m  [38;2;219;219;150m██[38;2;159;159;96m██[38;2;41;36;33m██[38;2;187;188;76m██[38;2;188;189;77m████[38;2;65;65;65m██[38;2;251;251;172m██[38;2;250;250;172m██[38;2;251;251;172m██[38;2;30;31;15m  [38;2;77;78;38m  [38;2;0;0;0m    
[38;2;66;66;45m██[38;2;251;251;172m██[38;2;152;151;96m██[38;2;213;211;148m██[38;2;122;121;71m██[38;2;188;189;77m████[38;2;65;65;65m██[38;2;251;251;172m██████[38;2;54;53;53m  [38;2;7;7;3m  [38;2;0;0;0m    
[38;2;38;38;26m  [38;2;230;230;157m██[38;2;213;213;149m██[38;2;236;236;163m██[38;2;124;123;78m██[38;2;136;136;72m██[38;2;143;143;110m██[38;2;251;251;172m████[38;2;245;245;169m██[38;2;173;172;127m██[38;2;112;111;65m██[38;2;26;26;10m  [38;2;0;0;0m    
[38;2;0;0;0m  [38;2;67;64;47m██[38;2;250;250;172m██[38;2;250;250;171m██[38;2;243;243;166m██[38;2;239;239;165m██[38;2;250;250;172m██[38;2;251;251;172m██[38;2;77;76;72m██[38;2;84;83;72m██[38;2;181;182;77m██[38;2;188;189;77m██[38;2;62;62;25m██[38;2;0;0;0m    
[38;2;0;0;0m  [38;2;138;142;151m██[38;2;113;98;86m  [38;2;239;238;164m██[38;2;216;216;152m██[38;2;165;165;123m██[38;2;112;111;112m██[38;2;116;118;123m██[38;2;145;145;103m██[38;2;126;125;15m  [38;2;188;189;77m██[38;2;184;185;73m██[38;2;56;55;19m██[38;2;0;0;0m    
[38;2;0;0;0m  [38;2;70;69;93m██[38;2;145;135;130m██[38;2;69;68;67m██[38;2;64;62;70m██[38;2;163;163;187m██[38;2;185;81;89m██[38;2;253;253;253m██[38;2;173;173;143m██[38;2;121;122;11m██[38;2;187;188;76m██[38;2;126;125;31m██[38;2;0;0;0m      
[38;2;68;68;46m  [38;2;50;50;35m  [38;2;192;191;192m██[38;2;173;172;162m██[38;2;166;166;133m██[38;2;105;102;110m██[38;2;169;168;185m██[38;2;90;84;102m██[38;2;176;176;114m██[38;2;118;119;9m██[38;2;145;144;35m██[38;2;78;78;22m  [38;2;38;39;19m  [38;2;0;0;0m    
[38;2;68;68;46m  [38;2;255;255;175m  [38;2;86;86;85m  [38;2;216;216;149m██[38;2;65;68;79m██[38;2;233;233;160m██[38;2;248;248;168m██[38;2;248;248;169m██[38;2;117;118;10m██[38;2;143;142;35m██[38;2;59;57;14m██[38;2;227;232;114m  [38;2;79;80;39m  [38;2;3;2;0m  [38;2;0;0;0m  
[38;2;68;68;46m  [38;2;255;255;176m  [38;2;108;92;53m  [38;2;80;76;70m██[38;2;122;123;78m██[38;2;129;128;25m██[38;2;132;131;22m██[38;2;147;146;36m██[38;2;123;122;45m██[38;2;118;70;30m██[38;2;145;74;12m██[38;2;45;44;38m  [38;2;159;112;47m  [38;2;186;113;44m  [38;2;49;30;11m  
[38;2;68;68;46m  [38;2;242;242;167m  [38;2;60;31;5m██[38;2;92;67;51m██[38;2;185;182;73m██[38;2;149;149;39m██[38;2;148;146;37m██[38;2;157;157;46m██[38;2;123;119;68m██[38;2;163;76;0m██[38;2;106;69;38m██[38;2;164;79;0m██[38;2;54;26;0m██[38;2;185;113;44m  [38;2;49;30;11m  
[38;2;68;68;46m  [38;2;50;50;35m  [38;2;138;71;12m██[38;2;134;80;16m██[38;2;125;67;5m██[38;2;185;182;73m██[38;2;148;113;32m██[38;2;150;114;32m██[38;2;118;71;30m██[38;2;158;77;4m██[38;2;124;72;26m██[38;2;165;79;0m██[38;2;119;57;0m██[38;2;99;61;24m  [38;2;49;30;11m  
[38;2;68;68;46m  [38;2;71;71;49m  [38;2;123;68;19m  [38;2;163;161;72m██[38;2;171;141;47m██[38;2;188;189;77m██[38;2;143;87;15m██[38;2;159;107;25m██[38;2;117;75;32m██[38;2;158;77;3m██[38;2;122;71;27m██[38;2;165;79;0m████[38;2;37;22;9m  [38;2;49;30;11m  
[38;2;68;68;46m  [38;2;255;255;176m  [38;2;126;115;72m  [38;2;119;68;21m██[38;2;126;111;53m██[38;2;148;110;29m██[38;2;155;144;39m██[38;2;161;160;50m██[38;2;103;101;51m██[38;2;163;77;0m██[38;2;105;69;39m██[38;2;165;79;0m██[38;2;144;69;0m██[38;2;37;22;9m  [38;2;49;30;11m  
[38;2;68;68;46m  [38;2;255;255;176m    [38;2;64;64;54m  [38;2;63;40;21m  [38;2;160;78;0m██[38;2;140;139;39m██[38;2;125;65;3m██[38;2;121;61;2m██[38;2;88;76;58m██[38;2;150;75;9m██[38;2;79;66;56m██[38;2;136;76;18m██[38;2;45;28;13m  [38;2;42;26;10m  
[38;2;68;68;46m  [38;2;255;255;176m    [38;2;255;255;199m  [38;2;220;220;169m  [38;2;49;29;7m  [38;2;120;119;75m██[38;2;96;76;50m██[38;2;91;70;47m██[38;2;91;90;56m██[38;2;94;64;39m██[38;2;99;69;43m██[38;2;121;63;14m██[38;2;123;57;0m██[38;2;24;11;0m  
[38;2;68;68;46m  [38;2;255;255;176m  [38;2;255;255;175m  [38;2;215;215;148m  [38;2;23;22;13m██[38;2;75;74;62m██[38;2;173;173;100m██[38;2;99;98;85m██[38;2;196;196;117m██[38;2;189;189;114m██[38;2;115;77;41m██[38;2;130;64;7m██[38;2;101;56;18m██[38;2;97;46;1m  [38;2;8;5;2m  
[38;2;68;68;46m  [38;2;255;255;176m    [38;2;33;33;23m  [38;2;99;98;61m██[38;2;146;146;69m██[38;2;119;119;81m██[38;2;192;192;113m██[38;2;193;190;137m██[38;2;126;125;98m██[38;2;160;158;94m██[38;2;41;19;0m██[38;2;13;6;0m  [38;2;11;6;2m  [38;2;14;9;3m  
[38;2;68;68;46m  [38;2;255;255;176m      [38;2;175;175;121m  [38;2;56;56;38m  [38;2;126;123;118m██[38;2;56;56;38m  [38;2;127;127;90m██[38;2;63;55;48m  [38;2;141;141;131m  [38;2;0;0;0m        
[38;2;17;17;12m  [38;2;66;66;45m          [38;2;0;0;0m  [38;2;66;66;45m  [38;2;35;35;29m  [38;2;4;4;3m  [38;2;26;26;18m  [38;2;0;0;0m        [0m
