
[38;2;0;0;0m                            [38;2;0;1;0m    [38;2;31;19;49m  [38;2;42;26;66m██[38;2;20;21;43m  [38;2;14;20;37m████[38;2;0;1;0m    [38;2;0;0;0m                      
[38;2;0;0;0m                      [38;2;0;0;1m  [38;2;0;9;12m  [38;2;20;26;63m  [38;2;144;94;205m██[38;2;148;96;205m██[38;2;170;108;241m██[38;2;151;101;227m██[38;2;61;70;149m██[38;2;154;212;205m██[38;2;185;211;212m██[38;2;105;144;153m██[38;2;42;55;117m██[38;2;70;43;117m  [38;2;0;9;12m  [38;2;0;1;0m  [38;2;0;0;0m                
[38;2;0;0;0m      [38;2;0;1;0m  [38;2;58;32;30m██[38;2;40;24;24m██[38;2;0;0;0m        [38;2;31;20;49m  [38;2;66;42;101m██[38;2;103;82;167m██[38;2;66;61;117m██[38;2;135;97;213m██[38;2;147;103;222m██[38;2;184;119;255m████[38;2;119;95;200m██[38;2;78;109;158m██[38;2;122;187;193m██[38;2;134;186;197m██[38;2;59;77;147m██[38;2;75;67;149m██[38;2;149;100;232m██[38;2;105;58;166m██[38;2;52;31;83m  [38;2;0;0;0m              
[38;2;0;0;0m      [38;2;0;3;0m  [38;2;169;86;89m██[38;2;162;89;98m██[38;2;0;0;0m    [38;2;0;1;0m  [38;2;4;5;6m  [38;2;153;87;239m██[38;2;66;68;149m██[38;2;57;70;150m██[38;2;61;73;152m██[38;2;53;64;137m██[38;2;56;65;140m██[38;2;153;106;226m██[38;2;68;70;148m██[38;2;69;75;141m██[38;2;58;69;109m██[38;2;65;66;76m██[38;2;87;74;180m██[38;2;145;84;235m██[38;2;149;84;240m██[38;2;156;84;247m██[38;2;156;84;248m██[38;2;156;86;247m██[38;2;61;36;96m  [38;2;0;3;0m  [38;2;0;0;0m          
[38;2;0;0;0m        [38;2;36;21;19m  [38;2;160;84;86m██[38;2;47;49;47m  [38;2;3;4;3m  [38;2;94;140;135m██[38;2;99;74;184m  ██[38;2;63;76;148m  [38;2;153;210;210m██[38;2;190;246;222m██[38;2;181;248;224m██[38;2;101;132;178m██[38;2;55;65;137m██[38;2;97;73;182m██[38;2;72;66;90m██[38;2;194;96;109m██[38;2;211;97;110m██[38;2;101;74;92m██[38;2;108;76;190m██[38;2;113;77;200m██[38;2;155;86;246m██[38;2;156;84;248m████[38;2;156;84;247m██[38;2;148;80;235m  [38;2;25;16;40m  [38;2;0;0;0m        
[38;2;0;0;0m        [38;2;0;1;0m  [38;2;152;80;82m██[38;2;97;51;59m  [38;2;150;227;215m  [38;2;56;67;135m██[38;2;156;84;248m██[38;2;97;75;190m██[38;2;53;68;146m██[38;2;121;181;191m██[38;2;214;246;229m██[38;2;178;247;221m██[38;2;57;72;144m██[38;2;126;80;215m██[38;2;133;81;201m██[38;2;180;90;104m██[38;2;214;98;114m██[38;2;99;64;67m██[38;2;118;132;129m██[38;2;162;203;213m██[38;2;58;81;156m██[38;2;62;73;153m██[38;2;106;77;198m██[38;2;156;84;248m██████[38;2;117;82;192m██[38;2;0;3;0m  [38;2;0;0;0m      
[38;2;0;0;0m    [38;2;0;2;0m    [38;2;0;0;0m  [38;2;0;1;0m  [38;2;96;62;64m██[38;2;63;71;77m██[38;2;130;79;219m██[38;2;156;84;247m██[38;2;156;89;245m██[38;2;60;72;113m██[38;2;71;76;119m██[38;2;105;75;191m██[38;2;105;76;194m██[38;2;106;77;187m██[38;2;111;76;157m██[38;2;160;85;96m██[38;2;155;84;94m██[38;2;129;155;144m██[38;2;171;232;211m██[38;2;176;246;223m██[38;2;186;250;225m██[38;2;188;249;225m██[38;2;108;162;182m██[38;2;58;71;150m██[38;2;106;74;193m██[38;2;138;83;224m██[38;2;126;83;205m██[38;2;126;85;205m██[38;2;106;81;174m██[38;2;0;1;2m  [38;2;0;0;0m    
[38;2;0;0;0m  [38;2;0;3;0m  [38;2;133;79;93m██[38;2;167;88;89m██[38;2;3;4;2m  [38;2;2;5;2m  [38;2;110;74;78m██[38;2;72;66;67m██[38;2;154;83;244m██[38;2;152;83;241m██[38;2;103;77;148m██[38;2;123;114;137m██[38;2;90;85;96m██[38;2;80;69;94m██[38;2;153;86;241m██[38;2;91;71;74m██[38;2;198;99;113m██[38;2;65;65;69m██[38;2;155;211;192m██[38;2;170;247;221m██[38;2;151;240;208m██[38;2;211;240;223m██[38;2;215;246;229m██[38;2;154;246;213m██[38;2;215;246;229m██[38;2;112;161;186m██[38;2;55;64;135m██[38;2;97;85;160m██[38;2;96;83;163m██[38;2;132;85;213m██[38;2;101;74;163m██[38;2;34;28;56m██[38;2;0;0;0m    
[38;2;0;0;0m  [38;2;0;1;0m  [38;2;70;39;40m██[38;2;98;56;56m██[38;2;139;74;75m██[38;2;94;67;74m██[38;2;73;69;88m██[38;2;165;87;89m██[38;2;85;69;104m██[38;2;100;94;108m██[38;2;103;92;109m██[38;2;87;77;88m██[38;2;112;104;123m██[38;2;99;85;102m██[38;2;151;83;95m██[38;2;198;92;108m██[38;2;124;72;151m██[38;2;96;76;189m██[38;2;104;126;135m██[38;2;113;141;131m██[38;2;144;92;98m██[38;2;151;84;93m██[38;2;124;136;133m██[38;2;179;245;224m██[38;2;215;246;229m██[38;2;107;156;176m██[38;2;55;64;135m██[38;2;96;83;163m████████[38;2;76;64;134m██[38;2;47;38;82m  [38;2;0;0;0m  
[38;2;0;0;0m      [38;2;11;10;9m  [38;2;36;36;36m  [38;2;134;71;72m  [38;2;155;83;84m██[38;2;168;87;89m██[38;2;117;81;91m██[38;2;156;233;208m██[38;2;160;229;207m██[38;2;110;105;110m██[38;2;83;68;71m██[38;2;197;94;108m██[38;2;120;77;83m██[38;2;83;68;71m██████[38;2;183;90;103m██[38;2;197;94;108m██████[38;2;198;93;107m██[38;2;126;154;141m██[38;2;164;228;214m██[38;2;58;69;145m██[38;2;60;66;138m██[38;2;96;83;163m██████[38;2;86;73;146m██[38;2;91;79;152m██[38;2;78;68;133m██[38;2;2;3;4m  
[38;2;0;0;0m    [38;2;0;1;0m  [38;2;99;63;86m██[38;2;29;25;29m  [38;2;39;40;44m  [38;2;107;105;133m██[38;2;94;85;83m██[38;2;109;125;124m██[38;2;148;203;190m██[38;2;112;135;131m██[38;2;168;87;106m██[38;2;215;97;113m██[38;2;163;86;97m██[38;2;198;94;108m██[38;2;123;70;71m██[38;2;117;76;82m████[38;2;101;73;87m██[38;2;61;65;88m██[38;2;58;64;111m██[38;2;81;77;84m██[38;2;71;65;67m██[38;2;96;128;167m██[38;2;55;65;135m██[38;2;68;70;144m██[38;2;97;83;163m████[38;2;95;82;158m██[38;2;76;71;99m██[38;2;86;74;134m██[38;2;95;82;162m██[38;2;96;82;164m██[38;2;25;24;45m██
[38;2;0;0;0m    [38;2;50;34;44m██[38;2;107;71;96m██[38;2;88;67;79m██[38;2;69;66;68m██[38;2;121;122;165m██[38;2;223;252;247m██[38;2;104;108;116m██[38;2;100;105;106m██[38;2;87;85;100m██[38;2;91;91;93m██[38;2;95;100;99m██[38;2;82;95;94m██[38;2;98;82;85m██[38;2;216;198;199m██[38;2;110;104;118m██[38;2;113;105;124m██[38;2;80;95;104m██[38;2;127;82;192m██[38;2;61;66;125m██[38;2;96;90;103m██[38;2;81;78;85m██[38;2;58;65;131m██[38;2;90;79;144m██[38;2;91;79;144m██[38;2;90;79;144m██[38;2;71;66;109m██[38;2;74;69;91m██[38;2;97;83;163m██[38;2;96;83;163m██[38;2;96;83;164m██[38;2;82;71;142m██[38;2;13;14;25m  
[38;2;0;0;0m  [38;2;68;43;60m  [38;2;112;71;96m██[38;2;102;69;79m██[38;2;96;68;77m██[38;2;87;77;131m██[38;2;105;106;111m██[38;2;120;131;183m██[38;2;127;107;172m██[38;2;130;79;202m██[38;2;140;111;198m██[38;2;228;240;242m██[38;2;200;250;232m██[38;2;129;126;199m██[38;2;182;163;197m██[38;2;244;240;240m██[38;2;113;111;112m██[38;2;150;213;197m██[38;2;122;138;134m██[38;2;99;70;80m██[38;2;71;65;68m██[38;2;126;117;140m██[38;2;126;116;140m██[38;2;69;67;77m██[38;2;88;78;136m██[38;2;89;78;137m██[38;2;89;79;138m██[38;2;96;83;163m████████[38;2;81;69;144m██[38;2;18;12;27m  [38;2;0;0;0m  
[38;2;32;34;37m██[38;2;78;74;81m██[38;2;101;81;99m██[38;2;12;10;10m  [38;2;26;25;44m  [38;2;71;61;118m██[38;2;85;75;129m██[38;2;155;149;174m██[38;2;128;100;190m██[38;2;152;129;206m██[38;2;146;111;212m██[38;2;138;87;222m██[38;2;140;85;225m██[38;2;136;123;172m██[38;2;199;189;187m██[38;2;146;136;138m██[38;2;112;95;120m██[38;2;109;93;113m██[38;2;124;173;168m██[38;2;78;73;112m██[38;2;117;108;129m██[38;2;98;94;114m██[38;2;92;89;108m██[38;2;97;94;107m██[38;2;97;83;161m██[38;2;96;83;163m██  ██[38;2;95;82;162m██[38;2;82;67;135m██[38;2;40;36;81m  [38;2;0;2;0m  [38;2;0;0;0m    
[38;2;6;7;7m  [38;2;15;17;15m██[38;2;84;80;95m██[38;2;0;0;0m      [38;2;19;20;27m██[38;2;11;14;14m██[38;2;163;154;165m██[38;2;244;239;239m██[38;2;213;204;212m██[38;2;186;169;192m██[38;2;179;168;182m██[38;2;183;167;170m██[38;2;91;86;89m██[38;2;107;70;83m██[38;2;113;73;89m██[38;2;77;72;92m██[38;2;93;81;155m██[38;2;84;76;127m██[38;2;106;97;136m██[38;2;122;114;136m██[38;2;124;115;139m██[38;2;95;88;111m██[38;2;100;89;155m██[38;2;97;82;163m██[38;2;96;82;173m██[38;2;41;37;73m██[38;2;17;18;30m██[38;2;5;5;8m  [38;2;0;0;0m        
[38;2;0;0;0m    [38;2;0;1;0m  [38;2;0;0;0m            [38;2;131;121;120m██[38;2;130;123;121m██[38;2;46;45;46m██[38;2;84;67;79m██[38;2;85;66;72m██[38;2;114;76;88m██[38;2;116;71;86m██[38;2;92;68;82m██[38;2;64;56;107m██[38;2;63;55;106m██[38;2;65;59;103m██[38;2;66;64;70m██[38;2;119;108;130m██[38;2;126;116;140m██[38;2;24;28;26m  [38;2;0;7;5m  [38;2;0;2;0m    [38;2;0;1;0m  [38;2;0;0;0m            
[38;2;0;0;0m                      [38;2;1;1;1m  [38;2;13;11;11m██[38;2;22;17;20m██[38;2;73;61;63m██[38;2;59;54;56m██[38;2;13;11;11m██[38;2;0;0;0m      [38;2;6;9;6m  [38;2;90;79;92m██[38;2;96;82;101m██[38;2;0;4;0m  [38;2;0;0;0m                    
[38;2;0;0;0m                          [38;2;4;5;4m  [38;2;63;60;72m██[38;2;26;27;31m  [38;2;0;0;0m  [38;2;0;1;0m  [38;2;0;0;0m    [38;2;0;1;0m  [38;2;40;28;34m  [38;2;60;41;50m  [38;2;0;1;0m  [38;2;0;0;0m                    
[38;2;0;0;0m                [38;2;0;3;0m  [38;2;0;0;0m      [38;2;0;2;0m  [38;2;104;67;79m██[38;2;66;65;66m██[38;2;75;66;70m██[38;2;76;64;68m  [38;2;86;84;99m  [38;2;0;0;0m                                
[38;2;0;0;0m                [38;2;20;21;23m  [38;2;40;40;47m██[38;2;17;18;20m  [38;2;3;5;4m  [38;2;61;60;69m██[38;2;69;43;60m██[38;2;116;78;156m██[38;2;101;72;95m██[38;2;94;84;95m██[38;2;89;87;103m██[38;2;0;0;0m                                
[38;2;0;0;0m                  [38;2;2;6;2m██[38;2;81;76;98m██[38;2;77;74;91m██[38;2;21;26;30m██[38;2;0;0;0m  [38;2;81;58;119m██[38;2;56;72;75m██[38;2;109;101;119m██[38;2;121;117;140m██[38;2;28;30;32m██[38;2;0;0;0m                              
[38;2;0;0;0m                  [38;2;1;2;3m  [38;2;105;64;165m██[38;2;74;70;83m██[38;2;30;31;35m██[38;2;0;0;0m  [38;2;29;31;48m  [38;2;43;46;58m██[38;2;108;104;126m██[38;2;98;95;115m██[38;2;118;114;136m██[38;2;0;2;0m  [38;2;0;0;0m                            
[38;2;0;0;0m                    [38;2;0;2;0m  [38;2;201;90;93m██[38;2;0;1;0m  [38;2;0;0;0m    [38;2;21;22;27m  [38;2;116;105;145m██[38;2;115;95;168m██[38;2;106;103;127m██[38;2;0;2;0m  [38;2;0;0;0m                            
[38;2;0;0;0m                      [38;2;69;33;32m  [38;2;0;0;0m        [38;2;106;70;157m██[38;2;180;88;147m██[38;2;28;19;22m██[38;2;0;0;0m                              
[38;2;0;0;0m                                [38;2;0;2;0m  [38;2;163;73;86m██[38;2;1;0;2m  [38;2;0;0;0m                              
[38;2;0;0;0m                                  [38;2;43;22;20m  [38;2;0;0;0m                                [0m
