
[38;2;13;10;11m  [38;2;53;41;45m  [38;2;16;16;16m██[38;2;66;66;66m██[38;2;49;49;49m  [38;2;0;0;0m  [38;2;13;10;11m  [38;2;53;41;45m                                            [38;2;13;10;11m  
[38;2;51;40;43m  [38;2;205;161;174m  [38;2;133;108;115m  [38;2;205;186;191m██[38;2;240;216;223m██[38;2;198;173;180m██[38;2;160;139;145m  [38;2;45;35;38m  [38;2;85;66;72m  [38;2;205;161;174m                                        [38;2;51;40;43m  
[38;2;51;40;43m  [38;2;205;161;174m  [38;2;126;101;108m  [38;2;181;162;164m██[38;2;216;194;195m████[38;2;225;201;204m██[38;2;255;223;233m██[38;2;210;184;192m██[38;2;76;66;69m██[38;2;143;112;121m  [38;2;189;148;160m  [38;2;205;161;174m    [38;2;189;148;160m  [38;2;143;112;121m  [38;2;59;45;49m██[38;2;14;11;12m██[38;2;205;161;174m              [38;2;158;124;134m  [38;2;143;112;121m    [38;2;158;124;134m  [38;2;51;40;43m  
[38;2;51;40;43m  [38;2;78;61;66m  [38;2;220;193;202m██[38;2;237;210;217m██[38;2;231;206;211m██[38;2;231;205;210m██[38;2;210;191;193m██[38;2;149;143;134m██[38;2;255;223;232m██[38;2;255;222;232m██[38;2;209;183;191m██[38;2;79;67;71m  [38;2;78;61;66m    [38;2;68;53;57m  [38;2;162;126;136m██[38;2;197;153;166m██[38;2;49;38;41m██[38;2;205;161;174m        [38;2;36;32;31m  [38;2;36;29;31m  [38;2;36;28;31m  [38;2;166;157;159m  [38;2;209;200;202m████[38;2;51;40;43m    
[38;2;51;40;43m  [38;2;103;81;87m  [38;2;166;133;143m██[38;2;199;143;156m██[38;2;159;124;127m██[38;2;64;54;52m██[38;2;128;110;103m██[38;2;240;209;216m██[38;2;155;147;137m██[38;2;155;152;141m██[38;2;190;169;176m██[38;2;238;209;218m██[38;2;212;186;193m██[38;2;118;107;111m██[38;2;164;131;141m██[38;2;180;145;154m██[38;2;115;104;98m██[38;2;153;120;130m  [38;2;135;106;114m  [38;2;98;83;87m  [38;2;86;76;79m██[38;2;45;44;44m██[38;2;184;158;165m██[38;2;255;244;247m██[38;2;255;243;247m██████[38;2;63;60;61m██[38;2;205;161;173m  [38;2;51;40;43m  
[38;2;51;40;43m  [38;2;205;161;174m  [38;2;55;44;48m██[38;2;154;74;87m██[38;2;118;45;50m██[38;2;191;79;52m██[38;2;128;98;90m██[38;2;248;215;219m██[38;2;137;130;121m██[38;2;248;238;240m██[38;2;228;218;221m██[38;2;125;119;121m██[38;2;132;120;124m██[38;2;255;223;234m██[38;2;164;134;143m██[38;2;74;71;69m██[38;2;65;56;55m  [38;2;65;51;55m  [38;2;55;55;55m██[38;2;111;79;89m██[38;2;126;95;103m██[38;2;203;191;193m██[38;2;255;243;246m████[38;2;220;212;214m██[38;2;117;116;116m██[38;2;112;82;91m██[38;2;142;114;122m  [38;2;205;161;174m  [38;2;51;40;43m  
[38;2;21;17;18m  [38;2;84;68;72m██[38;2;101;80;87m  [38;2;115;52;81m██[38;2;161;63;108m██[38;2;114;52;63m██[38;2;171;161;165m██[38;2;137;125;129m██[38;2;207;183;190m██[38;2;207;199;201m██[38;2;235;150;185m██[38;2;227;113;161m██[38;2;215;166;186m██[38;2;127;82;101m██[38;2;162;135;143m██[38;2;207;168;179m██[38;2;67;56;62m██[38;2;190;141;161m██[38;2;250;223;233m██[38;2;231;125;169m██[38;2;145;106;121m██[38;2;173;144;152m██[38;2;155;152;152m████[38;2;167;158;161m██[38;2;171;160;163m██[38;2;128;121;123m  [38;2;224;196;204m    [38;2;56;49;51m  
[38;2;5;4;4m  [38;2;172;138;148m██[38;2;180;150;158m██[38;2;186;154;161m██[38;2;111;104;103m██[38;2;241;231;233m██[38;2;240;212;221m██[38;2;255;220;230m██[38;2;121;116;118m██[38;2;250;239;242m██[38;2;254;240;244m██[38;2;234;142;180m████[38;2;252;230;238m██[38;2;211;108;151m██[38;2;113;83;96m██[38;2;104;75;88m██[38;2;223;110;157m██[38;2;171;143;134m██[38;2;106;100;108m██[38;2;211;132;123m██[38;2;122;110;114m██[38;2;110;110;110m██[38;2;107;106;106m██[38;2;140;135;136m██[38;2;60;57;58m██[38;2;255;255;255m      [38;2;63;63;63m  
[38;2;51;40;43m  [38;2;115;90;98m  [38;2;86;67;73m  [38;2;77;72;70m  [38;2;112;87;94m██[38;2;80;60;66m  [38;2;147;129;135m██[38;2;128;109;115m██[38;2;130;110;117m██[38;2;154;149;149m██[38;2;194;186;187m██[38;2;255;243;246m██[38;2;251;225;234m██[38;2;230;126;170m██[38;2;246;202;219m██[38;2;112;108;110m██[38;2;255;243;247m██[38;2;243;187;209m██[38;2;134;109;111m██[38;2;226;162;162m██[38;2;130;115;120m██[38;2;160;105;128m██[38;2;168;161;163m██[38;2;147;143;144m██[38;2;110;112;110m  [38;2;218;218;218m  [38;2;255;255;255m      [38;2;63;63;63m  
[38;2;51;40;43m  [38;2;205;161;174m    [38;2;195;153;166m  [38;2;192;151;163m  [38;2;201;158;171m  [38;2;192;151;163m  [38;2;57;50;54m  [38;2;94;84;90m██[38;2;98;90;90m██[38;2;111;108;104m██[38;2;75;74;74m██[38;2;255;243;247m██[38;2;253;238;243m██[38;2;228;114;162m██[38;2;106;78;90m██[38;2;121;117;118m██[38;2;235;151;186m██[38;2;118;100;97m██[38;2;223;171;174m██[38;2;130;101;107m██[38;2;227;113;161m██[38;2;62;62;62m  [38;2;239;239;239m  [38;2;255;255;255m          [38;2;63;63;63m  
[38;2;51;40;43m  [38;2;205;161;174m              [38;2;41;16;18m██[38;2;90;64;67m██[38;2;110;111;98m██[38;2;207;179;188m██[38;2;117;108;104m██[38;2;122;107;121m██[38;2;106;103;101m██[38;2;228;191;202m██[38;2;152;120;132m██[38;2;210;107;149m██[38;2;201;113;149m██[38;2;159;110;132m██[38;2;235;137;176m██[38;2;99;73;80m██[38;2;167;167;167m  [38;2;255;255;255m            [38;2;63;63;63m  
[38;2;51;40;43m  [38;2;205;161;174m              [38;2;151;118;128m  [38;2;146;113;123m██[38;2;80;80;76m██[38;2;82;81;84m██[38;2;158;148;143m██[38;2;250;207;220m██[38;2;126;125;109m██[38;2;222;189;195m██[38;2;206;173;183m██[38;2;67;64;66m██[38;2;253;208;221m██[38;2;206;121;155m██[38;2;77;63;76m██[38;2;208;197;201m██[38;2;188;180;182m  [38;2;192;192;192m  [38;2;255;255;255m          [38;2;63;63;63m  
[38;2;51;40;43m  [38;2;205;161;174m              [38;2;102;80;88m  [38;2;73;68;67m  [38;2;120;121;109m██[38;2;87;93;99m██[38;2;95;94;90m██[38;2;143;126;129m████[38;2;95;95;87m██[38;2;103;100;93m██[38;2;103;101;93m██[38;2;92;84;90m██[38;2;163;151;158m██[38;2;226;196;205m██[38;2;222;195;203m██[38;2;199;177;184m██[38;2;127;126;126m  [38;2;255;255;255m          [38;2;63;63;63m  
[38;2;51;40;43m  [38;2;204;161;173m          [38;2;151;119;128m  [38;2;2;1;1m██[38;2;126;125;111m██[38;2;96;97;90m██[38;2;78;89;106m██[38;2;113;115;108m██[38;2;110;109;98m██[38;2;110;110;97m██[38;2;124;125;108m██[38;2;82;82;78m██[38;2;68;67;67m██[38;2;160;106;110m██[38;2;121;103;119m██[38;2;165;128;141m██[38;2;253;242;245m██[38;2;212;176;187m██[38;2;194;150;163m██[38;2;48;37;40m██[38;2;255;255;255m        [38;2;188;188;188m  [38;2;1;1;1m  
[38;2;51;40;43m  [38;2;205;161;174m        [38;2;121;95;103m  [38;2;132;109;115m██[38;2;154;131;136m██[38;2;94;94;88m██[38;2;94;94;86m██[38;2;93;92;85m██[38;2;146;106;118m██[38;2;132;88;104m██[38;2;96;96;87m██[38;2;89;89;82m██[38;2;130;129;130m██[38;2;242;198;215m██[38;2;218;169;187m██[38;2;205;93;124m██[38;2;105;73;89m██[38;2;231;199;209m██[38;2;181;166;167m██[38;2;161;137;144m██[38;2;132;130;131m  [38;2;255;255;255m        [38;2;56;39;45m████
[38;2;51;40;43m  [38;2;204;160;173m          [38;2;12;9;10m  [38;2;92;91;84m  [38;2;66;64;63m██[38;2;72;69;71m██[38;2;197;153;166m██[38;2;97;86;90m██[38;2;235;138;177m██[38;2;129;97;120m████[38;2;117;106;109m██[38;2;169;99;127m██[38;2;197;129;154m██[38;2;72;69;71m██[38;2;98;64;74m██[38;2;111;69;81m██[38;2;165;122;134m██[38;2;68;66;67m  [38;2;251;251;251m  [38;2;255;255;255m    [38;2;239;239;239m  [38;2;82;70;76m  [38;2;226;190;196m██[38;2;39;15;17m  
[38;2;51;40;43m  [38;2;205;161;174m            [38;2;51;40;46m  [38;2;155;124;133m██[38;2;197;153;166m████[38;2;98;84;90m██[38;2;229;136;171m██[38;2;207;119;163m████[38;2;207;125;169m██[38;2;147;128;132m██[38;2;121;101;105m██[38;2;205;166;177m██[38;2;228;203;210m██[38;2;255;243;247m██[38;2;206;185;191m██[38;2;176;136;148m██[38;2;108;102;104m  [38;2;107;107;107m    [38;2;147;141;143m██[38;2;188;138;157m██[38;2;162;125;138m██[38;2;0;0;0m  
[38;2;51;40;43m  [38;2;205;161;174m            [38;2;66;52;56m  [38;2;166;136;140m██[38;2;176;146;149m██[38;2;197;153;165m██[38;2;194;150;163m██[38;2;104;73;92m██[38;2;231;175;199m██[38;2;191;88;146m██[38;2;234;175;199m██[38;2;160;82;125m██[38;2;168;136;146m██[38;2;250;237;240m██[38;2;255;243;246m██████[38;2;97;86;90m██[38;2;236;214;220m██[38;2;255;243;246m██[38;2;247;230;234m██[38;2;229;190;196m██[38;2;217;185;188m██[38;2;88;41;61m  [38;2;59;32;43m  
[38;2;51;40;43m  [38;2;205;161;174m              [38;2;113;93;96m  [38;2;112;108;97m██[38;2;196;153;166m██[38;2;197;153;166m██[38;2;92;79;83m██[38;2;62;52;53m██[38;2;179;109;119m██[38;2;173;94;103m██[38;2;164;113;123m██[38;2;128;112;118m██[38;2;211;175;186m██[38;2;255;243;247m████[38;2;166;160;162m██[38;2;159;127;137m██[38;2;197;153;166m██[38;2;219;187;196m██[38;2;192;138;150m██[38;2;163;110;129m██[38;2;145;141;143m  [38;2;250;215;229m  [38;2;63;63;63m  
[38;2;51;40;43m  [38;2;205;160;174m            [38;2;183;144;155m  [38;2;139;110;118m  [38;2;147;117;126m██[38;2;120;113;107m██[38;2;77;71;71m██[38;2;75;73;72m  [38;2;246;246;246m  [38;2;35;35;35m  [38;2;115;52;57m  [38;2;141;59;66m██[38;2;147;70;77m██[38;2;109;98;99m██[38;2;232;210;216m████[38;2;109;98;99m██[38;2;178;140;151m██[38;2;171;133;145m██[38;2;169;131;142m██[38;2;69;59;62m  [38;2;86;61;71m  [38;2;251;225;235m  [38;2;255;255;255m  [38;2;63;63;63m  
[38;2;51;40;43m  [38;2;205;161;174m          [38;2;69;54;59m  [38;2;143;124;129m  [38;2;153;134;139m██[38;2;156;128;137m██[38;2;157;139;134m██[38;2;191;150;161m██[38;2;166;80;109m██[38;2;94;76;82m  [38;2;255;255;255m  [38;2;189;189;189m  [38;2;168;168;168m  [38;2;68;55;56m  [38;2;182;147;157m██[38;2;113;100;103m████[38;2;182;147;157m██[38;2;117;95;101m██[38;2;131;131;131m  [38;2;168;168;168m  [38;2;233;233;233m  [38;2;255;255;255m      [38;2;63;63;63m  
[38;2;51;40;43m  [38;2;205;161;174m      [38;2;195;153;166m  [38;2;76;63;66m  [38;2;250;221;229m██[38;2;237;212;218m██[38;2;190;180;182m██[38;2;106;89;94m██[38;2;149;120;118m██[38;2;180;79;113m██[38;2;136;44;76m██[38;2;60;22;37m  [38;2;255;255;255m    [38;2;191;191;191m  [38;2;135;102;112m██[38;2;97;94;93m██[38;2;214;189;196m████[38;2;97;94;93m██[38;2;156;123;136m██[38;2;30;25;28m██[38;2;255;255;255m          [38;2;63;63;63m  
[38;2;51;40;43m  [38;2;205;161;174m      [38;2;189;148;160m  [38;2;93;78;82m  [38;2;69;67;65m██[38;2;47;51;47m██[38;2;76;70;71m██[38;2;42;30;33m██[38;2;52;17;29m████[38;2;143;112;121m  [38;2;197;139;158m  [38;2;219;189;198m    [38;2;164;141;148m  [38;2;157;128;136m██[38;2;247;212;223m████████[38;2;169;141;154m██[38;2;20;17;20m██[38;2;219;189;198m          [38;2;54;47;49m  
[38;2;51;40;43m  [38;2;205;161;174m                                [38;2;85;66;72m  [38;2;189;155;165m██[38;2;238;206;216m████[38;2;189;155;165m██[38;2;49;46;47m  [38;2;165;129;140m  [38;2;205;161;174m          [38;2;51;40;43m  
[38;2;13;10;11m  [38;2;53;41;45m                                  [38;2;0;0;0m  [38;2;49;43;45m    [38;2;0;0;0m  [38;2;13;10;11m  [38;2;53;41;45m            [38;2;13;10;11m  [0m
