
[38;2;0;0;0m  [38;2;51;46;9m  [38;2;65;60;12m              [38;2;2;2;0m  [38;2;23;20;0m██[38;2;0;0;0m                        
[38;2;0;0;0m  [38;2;189;172;35m  [38;2;242;220;45m  [38;2;242;220;46m      [38;2;242;220;45m  [38;2;242;220;46m  [38;2;43;39;8m  [38;2;131;116;1m  [38;2;150;139;64m██[38;2;0;0;0m  [38;2;208;200;142m██[38;2;199;183;71m  [38;2;111;101;21m  [38;2;17;15;3m  [38;2;198;180;37m            [38;2;51;46;9m  
[38;2;0;0;0m  [38;2;189;172;36m  [38;2;242;219;46m  [38;2;242;220;46m  [38;2;154;140;29m    [38;2;130;118;30m  [38;2;92;85;33m██[38;2;255;238;121m████[38;2;255;245;174m██[38;2;255;241;143m██[38;2;255;239;132m██[38;2;228;211;108m██[38;2;176;157;25m██[38;2;101;92;19m  [38;2;242;219;45m  [38;2;242;220;46m  [38;2;242;219;46m  [38;2;242;220;46m      [38;2;63;57;11m  
[38;2;0;0;0m  [38;2;189;172;35m  [38;2;175;159;33m  [38;2;21;19;4m  [38;2;231;216;108m██[38;2;231;214;92m██[38;2;240;224;115m██[38;2;255;244;166m██[38;2;255;240;141m██[38;2;255;235;98m██[38;2;255;234;98m██[38;2;255;244;166m██[38;2;255;244;170m██[38;2;187;160;7m██[38;2;105;95;20m██[38;2;242;220;46m    [38;2;213;193;40m  [38;2;21;19;4m  [38;2;60;54;11m  [38;2;242;220;45m  [38;2;242;220;46m  [38;2;63;57;11m  
[38;2;0;0;0m  [38;2;103;93;19m  [38;2;115;103;13m██[38;2;246;229;113m██[38;2;255;239;133m██[38;2;255;244;168m██[38;2;254;240;136m  [38;2;255;239;129m██[38;2;254;239;128m  [38;2;255;244;172m██[38;2;255;244;174m██[38;2;223;205;97m██[38;2;216;195;59m██[38;2;231;210;43m  [38;2;136;124;25m  [38;2;232;211;44m  [38;2;118;107;22m  [38;2;123;111;21m██[38;2;212;188;25m██[38;2;219;199;41m██[38;2;125;113;23m  [38;2;155;141;29m  [38;2;63;57;11m  
[38;2;0;0;0m    [38;2;206;184;57m██[38;2;255;235;105m██[38;2;255;244;174m██[38;2;255;235;101m██[38;2;255;245;174m████[38;2;224;207;100m██[38;2;185;158;6m████[38;2;242;220;46m████[38;2;10;9;2m  [38;2;242;220;46m  [38;2;220;200;41m  [38;2;147;133;28m██[38;2;234;211;40m██[38;2;222;198;32m██[38;2;242;220;46m██[38;2;202;176;18m██[38;2;189;172;35m██[38;2;0;0;0m  
[38;2;0;0;0m  [38;2;138;119;2m██[38;2;232;217;120m██[38;2;255;245;174m██[38;2;255;239;131m██[38;2;255;244;169m██[38;2;240;226;138m██[38;2;216;192;32m██[38;2;227;204;35m██[38;2;242;220;46m████[38;2;110;100;20m██[38;2;121;110;23m  [38;2;242;219;46m  [38;2;242;220;46m  [38;2;111;101;21m  [38;2;198;180;37m██[38;2;211;186;24m██[38;2;232;210;39m██[38;2;232;209;39m██[38;2;224;201;33m██[38;2;242;220;46m██[38;2;63;57;11m██
[38;2;0;0;0m  [38;2;144;123;4m██[38;2;255;245;174m██[38;2;255;236;111m██[38;2;252;242;168m██[38;2;248;237;158m██[38;2;210;185;23m██[38;2;242;220;46m██[38;2;225;205;47m██[38;2;220;200;42m██[38;2;21;19;4m  [38;2;242;220;46m        [38;2;21;19;4m██[38;2;238;216;43m██[38;2;196;170;14m██[38;2;238;216;43m██[38;2;199;173;15m██[38;2;242;220;46m██[38;2;176;160;33m  [38;2;5;5;1m  
[38;2;0;0;0m  [38;2;52;44;1m  [38;2;255;245;174m████[38;2;214;192;54m██[38;2;221;197;31m██[38;2;242;220;46m██[38;2;139;129;57m██[38;2;100;79;56m██[38;2;123;76;22m██[38;2;87;79;16m  [38;2;210;155;38m        [38;2;17;15;1m██[38;2;193;166;11m██[38;2;237;214;42m██[38;2;215;191;27m██[38;2;235;213;41m██[38;2;123;110;17m██[38;2;173;157;32m  [38;2;63;57;11m  
[38;2;0;0;0m  [38;2;36;36;36m  [38;2;104;101;83m██[38;2;199;176;37m██[38;2;230;210;47m██[38;2;209;191;49m██[38;2;71;71;71m██[38;2;241;241;241m██[38;2;65;65;65m██[38;2;164;107;40m██[38;2;206;137;20m██[38;2;39;27;1m██[38;2;100;63;15m  [38;2;151;94;26m  [38;2;34;21;6m██[38;2;189;118;34m██[38;2;168;109;39m██[38;2;154;135;24m██[38;2;98;94;76m██[38;2;87;84;65m██[38;2;148;135;30m  [38;2;241;219;46m  [38;2;63;57;11m  
[38;2;48;40;10m  [38;2;94;88;63m  [38;2;186;158;42m██[38;2;128;118;58m██[38;2;144;140;109m██[38;2;41;41;41m██[38;2;99;99;99m██[38;2;140;145;156m██[38;2;65;65;65m████[38;2;159;118;31m██[38;2;217;151;11m██[38;2;186;129;9m██[38;2;155;108;10m██[38;2;99;79;56m██[38;2;108;88;61m██[38;2;197;184;110m██[38;2;203;190;112m██[38;2;225;207;99m██[38;2;112;107;79m██[38;2;31;29;20m██[38;2;66;60;12m  [38;2;17;15;3m  
[38;2;17;14;3m  [38;2;209;176;42m██[38;2;249;210;51m██[38;2;249;209;51m██[38;2;128;115;57m██[38;2;197;175;65m██[38;2;204;181;68m██[38;2;243;224;121m██[38;2;227;212;124m██[38;2;70;70;67m██[38;2;159;118;31m██[38;2;210;142;17m██[38;2;207;138;19m██[38;2;199;128;26m██[38;2;217;151;11m██[38;2;239;209;98m██[38;2;247;228;127m██[38;2;229;213;121m██[38;2;106;101;71m██[38;2;166;151;57m  [38;2;0;0;0m      
[38;2;64;54;13m██[38;2;248;210;51m██[38;2;220;181;38m██[38;2;156;117;10m██[38;2;124;99;29m██[38;2;223;207;118m██[38;2;247;229;127m██[38;2;246;228;127m██[38;2;169;159;103m██[38;2;184;132;23m██[38;2;207;138;20m██[38;2;212;145;15m██[38;2;217;151;11m██████[38;2;219;157;21m██[38;2;246;229;127m██[38;2;242;224;120m██[38;2;204;186;73m██[38;2;66;59;21m  [38;2;62;56;19m  [38;2;0;0;0m    
[38;2;24;20;5m  [38;2;92;78;20m  [38;2;99;72;1m██[38;2;188;145;2m██[38;2;144;123;47m██[38;2;231;215;121m██[38;2;246;228;127m████[38;2;231;198;101m██[38;2;192;120;35m██[38;2;178;120;31m██[38;2;207;139;19m██[38;2;217;151;11m██[38;2;216;150;11m██[38;2;207;139;19m██[38;2;230;212;106m██[38;2;213;195;84m██[38;2;190;174;69m██[38;2;87;81;39m██[38;2;176;157;55m  [38;2;76;68;24m  [38;2;0;0;0m    
[38;2;66;56;14m  [38;2;255;216;56m  [38;2;231;196;51m  [38;2;55;45;9m  [38;2;89;83;48m██[38;2;247;229;127m██[38;2;246;229;127m██[38;2;247;229;127m██[38;2;229;211;104m██[38;2;201;178;67m██[38;2;136;124;65m██[38;2;192;119;34m██[38;2;194;121;31m██[38;2;194;121;32m██[38;2;197;152;52m██[38;2;202;184;70m██████[38;2;82;74;28m██[38;2;233;208;73m  [38;2;76;68;24m  [38;2;0;0;0m    
[38;2;66;56;14m  [38;2;255;216;56m      [38;2;206;176;49m  [38;2;114;102;35m  [38;2;146;136;80m██[38;2;198;181;72m██[38;2;202;184;70m██████[38;2;127;119;67m██[38;2;134;94;48m██[38;2;191;118;34m██[38;2;194;135;43m██[38;2;194;176;67m██[38;2;110;100;38m██[38;2;114;102;35m  [38;2;204;182;64m  [38;2;251;225;79m  [38;2;76;68;24m  [38;2;0;0;0m    
[38;2;66;56;14m  [38;2;255;216;56m      [38;2;253;219;64m  [38;2;252;225;79m  [38;2;73;63;18m██[38;2;75;73;63m██[38;2;65;65;65m██[38;2;2;2;2m██[38;2;202;184;70m██████[38;2;193;175;66m██[38;2;0;0;0m██[38;2;21;19;6m  [38;2;252;225;79m        [38;2;76;68;24m  [38;2;0;0;0m    
[38;2;66;56;14m  [38;2;255;216;56m      [38;2;116;104;57m  [38;2;78;60;15m██[38;2;166;124;1m  [38;2;192;155;20m██[38;2;157;126;13m██[38;2;114;101;34m  [38;2;79;75;50m██[38;2;202;184;70m██[38;2;144;131;50m██[38;2;142;127;44m  [38;2;252;225;79m  [38;2;252;225;78m  [38;2;252;225;79m        [38;2;76;68;24m  [38;2;0;0;0m    
[38;2;66;56;14m  [38;2;255;216;56m      [38;2;35;33;23m  [38;2;176;176;176m██[38;2;182;140;2m██[38;2;37;30;4m  [38;2;35;33;27m██[38;2;189;146;5m██[38;2;173;132;6m██[38;2;194;149;2m██[38;2;203;157;5m██[38;2;17;13;0m  [38;2;0;0;0m                  
[38;2;66;56;14m  [38;2;255;216;56m  [38;2;255;215;56m  [38;2;255;216;56m  [38;2;222;188;49m  [38;2;162;137;36m    [38;2;246;209;55m  [38;2;57;51;26m██[38;2;203;166;33m██[38;2;213;175;35m██[38;2;206;168;32m██[38;2;178;151;46m██[38;2;69;53;1m  [38;2;0;0;0m                  
[38;2;54;46;12m  [38;2;208;176;46m              [38;2;117;99;26m  [38;2;199;199;199m  [38;2;79;65;28m██[38;2;250;218;88m██[38;2;25;25;25m  [38;2;199;169;44m  [38;2;0;0;0m                  
[38;2;0;0;0m                      [38;2;69;69;69m██[38;2;0;0;0m                      [0m
