
[38;2;0;0;0m                      [38;2;0;1;0m    [38;2;63;62;16m████[38;2;58;57;15m██[38;2;0;1;0m  [38;2;0;0;0m            
[38;2;0;0;0m                [38;2;0;3;0m    [38;2;91;87;23m  [38;2;191;180;49m████[38;2;255;239;65m██[38;2;255;238;65m██[38;2;232;218;60m██[38;2;0;1;0m  [38;2;0;0;0m            
[38;2;0;0;0m              [38;2;0;3;0m  [38;2;255;238;65m██[38;2;255;242;111m██[38;2;255;243;113m██[38;2;255;250;199m██[38;2;255;255;255m██[38;2;255;252;229m██[38;2;255;238;65m██[38;2;0;3;0m  [38;2;0;0;0m              
[38;2;0;0;0m              [38;2;0;3;0m  [38;2;255;238;63m██[38;2;255;254;246m██[38;2;255;255;255m██████[38;2;255;241;93m██[38;2;146;139;38m██[38;2;0;0;0m                
[38;2;0;0;0m            [38;2;0;1;0m  [38;2;232;218;60m██[38;2;255;243;124m██[38;2;255;254;252m██[38;2;255;255;255m████[38;2;255;254;245m██[38;2;252;236;65m██[38;2;83;80;21m  [38;2;0;0;0m                
[38;2;0;0;0m            [38;2;0;1;0m  [38;2;232;218;60m██[38;2;255;245;143m██[38;2;255;255;254m██[38;2;255;255;255m████[38;2;255;247;168m██[38;2;243;228;63m██[38;2;0;1;0m  [38;2;0;0;0m                
[38;2;0;0;0m            [38;2;24;25;6m  [38;2;238;223;60m██[38;2;255;252;227m██[38;2;255;255;255m██████[38;2;255;242;108m██[38;2;182;172;47m  [38;2;0;1;0m  [38;2;0;0;0m                
[38;2;0;0;0m            [38;2;99;95;24m██[38;2;255;239;63m██[38;2;255;255;255m████████[38;2;255;239;63m██[38;2;0;3;0m  [38;2;0;0;0m                  
[38;2;0;0;0m            [38;2;99;95;25m██[38;2;255;241;92m██[38;2;255;255;255m██████[38;2;255;246;156m██[38;2;121;116;31m██[38;2;0;0;0m                    
[38;2;0;0;0m          [38;2;0;2;0m  [38;2;216;203;55m██[38;2;255;252;221m██[38;2;255;255;255m████[38;2;255;252;228m██[38;2;255;239;63m██[38;2;30;30;7m  [38;2;0;0;0m                    
[38;2;0;0;0m          [38;2;0;3;0m  [38;2;255;239;77m██[38;2;255;253;241m██[38;2;255;255;255m████[38;2;255;247;164m██[38;2;255;239;65m██[38;2;0;2;0m  [38;2;0;1;0m    [38;2;0;0;0m                
[38;2;0;0;0m          [38;2;0;3;0m  [38;2;255;244;132m██[38;2;255;254;253m██[38;2;255;255;255m████[38;2;255;253;229m██[38;2;255;246;155m██[38;2;191;180;49m████[38;2;83;80;21m██[38;2;0;0;0m                
[38;2;0;0;0m        [38;2;0;1;0m  [38;2;221;208;54m██[38;2;255;239;63m████[38;2;227;213;58m██[38;2;191;180;49m██[38;2;221;208;57m██[38;2;255;255;255m██[38;2;255;252;230m██[38;2;243;228;63m██[38;2;0;1;0m  [38;2;0;0;0m                
[38;2;0;0;0m  [38;2;0;3;0m  [38;2;0;0;0m      [38;2;55;54;13m  [38;2;63;62;15m████[38;2;36;35;9m  [38;2;0;1;0m  [38;2;121;116;28m██[38;2;255;255;255m██[38;2;255;244;129m██[38;2;60;60;15m  [38;2;0;0;0m                  
[38;2;0;1;0m  [38;2;64;64;64m██[38;2;14;17;14m██[38;2;0;1;0m  [38;2;0;0;0m            [38;2;155;152;106m██[38;2;255;253;236m██[38;2;221;208;57m██[38;2;0;2;0m  [38;2;0;1;0m  [38;2;0;0;0m                
[38;2;0;1;0m  [38;2;64;65;64m██[38;2;93;77;58m██[38;2;148;97;30m██[38;2;0;1;0m  [38;2;0;0;0m        [38;2;0;3;0m  [38;2;255;246;156m██[38;2;255;253;236m██[38;2;121;116;31m██[38;2;2;5;2m  [38;2;61;62;61m██[38;2;56;57;56m  [38;2;0;1;0m  [38;2;0;0;0m            
[38;2;0;0;0m  [38;2;0;3;0m  [38;2;198;128;40m████[38;2;134;92;40m██[38;2;2;3;3m  [38;2;0;1;0m    [38;2;0;0;0m  [38;2;0;2;0m  [38;2;199;183;57m██[38;2;113;94;65m██[38;2;94;81;73m██[38;2;81;81;81m██[38;2;70;70;70m██[38;2;0;2;0m  [38;2;0;0;0m    [38;2;41;41;10m  [38;2;0;0;0m        
[38;2;0;0;0m    [38;2;93;65;22m██[38;2;115;89;58m██[38;2;136;112;77m██[38;2;193;159;97m██[38;2;191;158;97m██[38;2;185;135;53m██[38;2;0;3;0m    [38;2;193;140;56m██[38;2;249;177;63m██[38;2;153;119;67m██[38;2;76;72;76m██[38;2;141;134;88m██[38;2;0;2;0m  [38;2;0;1;0m  [38;2;24;26;12m  [38;2;232;219;77m██[38;2;0;3;0m  [38;2;0;0;0m      
[38;2;0;0;0m    [38;2;63;57;42m██[38;2;228;158;54m██[38;2;253;204;121m██[38;2;255;209;129m██[38;2;254;206;123m██[38;2;253;201;115m██[38;2;247;176;65m████[38;2;246;175;64m██[38;2;247;175;63m██[38;2;214;154;57m██[38;2;64;61;62m██[38;2;255;248;182m██[38;2;238;230;150m██[38;2;180;172;75m██[38;2;255;245;160m██[38;2;255;244;125m██[38;2;4;6;0m  [38;2;0;0;0m      
[38;2;0;0;0m  [38;2;149;140;116m  [38;2;149;121;76m██[38;2;247;175;63m██[38;2;247;179;71m██[38;2;249;185;82m██[38;2;248;182;76m██[38;2;213;144;48m██[38;2;246;174;63m██[38;2;247;175;63m██[38;2;246;175;63m██[38;2;247;175;63m██[38;2;29;23;7m  [38;2;2;3;0m  [38;2;171;164;71m██[38;2;255;254;250m██[38;2;255;246;150m██[38;2;225;205;81m██[38;2;247;243;196m██[38;2;115;113;95m  [38;2;0;0;0m      
[38;2;13;5;6m  [38;2;59;41;24m██[38;2;118;85;36m██[38;2;247;175;63m██[38;2;247;174;63m██[38;2;246;175;63m██[38;2;199;149;72m██[38;2;204;194;175m██[38;2;142;102;44m██[38;2;247;175;63m██[38;2;246;175;64m██[38;2;210;141;47m██[38;2;29;23;7m  [38;2;0;0;0m  [38;2;0;2;0m  [38;2;249;233;64m██[38;2;74;72;19m  [38;2;33;34;8m██[38;2;255;246;158m██[38;2;221;222;221m██[38;2;63;66;63m██[38;2;63;62;16m██[38;2;16;19;4m██
[38;2;48;25;16m██[38;2;184;125;50m██[38;2;247;176;67m██[38;2;134;107;65m██[38;2;246;174;63m██[38;2;246;175;63m██[38;2;208;148;55m██[38;2;37;27;13m██[38;2;195;134;51m██[38;2;246;174;62m██[38;2;246;175;63m██[38;2;247;175;63m██[38;2;214;152;55m██[38;2;0;2;0m  [38;2;0;0;0m  [38;2;58;57;15m  [38;2;0;0;0m  [38;2;8;11;2m██[38;2;63;62;16m██[38;2;97;97;72m██[38;2;255;251;211m██[38;2;213;200;55m██[38;2;16;17;4m  
[38;2;49;32;22m  [38;2;234;165;66m██[38;2;173;118;52m██[38;2;201;148;65m██[38;2;238;168;60m██[38;2;247;175;63m██[38;2;234;164;62m██[38;2;244;153;71m██[38;2;208;67;81m██[38;2;236;144;70m██[38;2;246;175;63m██[38;2;247;175;63m████[38;2;61;43;17m  [38;2;0;0;0m          [38;2;97;94;46m██[38;2;255;251;211m██[38;2;149;141;38m  [38;2;0;0;0m  
[38;2;0;1;0m  [38;2;193;139;51m██[38;2;224;160;61m██[38;2;201;148;65m██[38;2;102;85;62m██[38;2;164;113;54m██[38;2;231;164;63m██[38;2;238;151;71m██[38;2;210;68;87m██[38;2;236;145;73m██[38;2;246;176;64m██[38;2;247;175;63m██[38;2;246;175;63m██[38;2;155;102;47m██[38;2;3;0;3m  [38;2;0;0;0m      [38;2;124;120;64m  [38;2;255;245;153m██[38;2;255;246;156m██[38;2;0;3;0m  [38;2;0;0;0m  
[38;2;0;0;0m  [38;2;0;3;0m  [38;2;247;176;65m██[38;2;247;175;63m██[38;2;247;174;63m██[38;2;246;175;63m██[38;2;247;174;63m██[38;2;246;174;63m██[38;2;247;175;63m████[38;2;246;174;63m██[38;2;247;175;63m████[38;2;246;175;65m██[38;2;98;69;26m██[38;2;0;0;0m      [38;2;0;1;0m  [38;2;202;192;77m██[38;2;255;245;142m██[38;2;213;200;55m██[38;2;16;17;4m  
[38;2;0;0;0m  [38;2;144;104;36m  [38;2;220;157;62m██[38;2;231;164;58m██[38;2;246;174;63m██[38;2;246;175;63m██[38;2;247;175;63m██[38;2;247;176;65m██[38;2;246;174;63m██[38;2;247;176;65m██[38;2;246;175;64m██[38;2;247;175;63m██[38;2;246;175;63m██[38;2;185;105;53m██[38;2;72;38;21m██[38;2;0;0;0m      [38;2;0;1;0m  [38;2;202;195;116m██[38;2;255;244;148m██[38;2;63;62;16m██[38;2;16;17;4m  
[38;2;0;1;0m  [38;2;193;138;49m██[38;2;193;141;62m██[38;2;216;155;59m██[38;2;247;174;63m██[38;2;246;174;61m██[38;2;200;140;57m██[38;2;240;171;64m██[38;2;234;166;61m██[38;2;151;99;49m██[38;2;246;176;64m██[38;2;247;175;63m████[38;2;247;177;65m██[38;2;234;164;63m██[38;2;0;5;3m  [38;2;0;2;0m  [38;2;55;54;14m  [38;2;41;41;10m  [38;2;243;237;166m██[38;2;58;57;30m  [38;2;0;0;0m    
[38;2;38;27;8m  [38;2;119;94;58m██[38;2;191;142;65m██[38;2;215;157;65m██[38;2;246;174;63m██[38;2;246;174;57m██[38;2;150;112;59m██[38;2;247;175;63m██[38;2;177;129;56m██[38;2;216;153;61m██[38;2;246;176;64m██[38;2;247;175;63m██[38;2;246;175;63m██[38;2;244;173;65m██[38;2;172;94;51m██[38;2;53;37;31m  [38;2;116;110;30m  [38;2;246;231;63m██[38;2;232;226;152m██[38;2;210;201;93m██[38;2;0;1;0m  [38;2;0;0;0m    
[38;2;51;36;10m██[38;2;198;129;40m██[38;2;122;101;69m██[38;2;244;174;64m██[38;2;247;174;63m██[38;2;246;176;65m██[38;2;130;102;62m██[38;2;203;142;53m██[38;2;150;117;65m██[38;2;245;173;63m██[38;2;246;174;63m██[38;2;247;175;63m████[38;2;247;174;63m██[38;2;219;149;50m██[38;2;82;80;65m██[38;2;255;238;63m██[38;2;0;3;0m  [38;2;124;118;32m  [38;2;157;149;40m  [38;2;0;0;0m      
[38;2;12;9;2m  [38;2;165;108;34m██[38;2;176;118;46m██[38;2;208;138;46m██[38;2;222;153;53m██[38;2;246;176;65m██[38;2;229;166;65m██[38;2;201;148;65m██[38;2;132;103;62m██[38;2;243;173;64m██[38;2;227;157;55m██[38;2;247;176;65m██[38;2;246;176;65m██[38;2;245;174;64m██[38;2;200;140;51m██[38;2;82;80;65m██[38;2;138;131;35m██[38;2;0;0;0m            
[38;2;0;0;0m  [38;2;116;76;24m  [38;2;171;116;50m██[38;2;157;110;53m██[38;2;179;120;46m██[38;2;197;128;40m██████[38;2;141;106;57m██[38;2;210;141;47m██[38;2;222;153;53m██[38;2;234;164;59m██[38;2;217;147;50m██[38;2;197;129;40m██[38;2;113;84;45m██[38;2;191;174;43m██[38;2;74;72;19m  [38;2;0;0;0m            
[38;2;0;0;0m    [38;2;66;50;27m██[38;2;130;94;58m██[38;2;123;94;65m██[38;2;57;42;18m██[38;2;198;128;40m████[38;2;136;99;52m██[38;2;204;138;47m██[38;2;202;134;43m██[38;2;197;129;40m██[38;2;198;128;40m██[38;2;191;124;39m██[38;2;21;15;4m  [38;2;0;1;0m  [38;2;0;0;0m              
[38;2;0;0;0m  [38;2;0;2;0m  [38;2;134;88;28m██[38;2;145;92;34m██[38;2;0;3;0m  [38;2;0;0;0m  [38;2;0;3;0m      [38;2;102;68;27m  [38;2;187;122;43m██[38;2;186;120;42m██[38;2;156;105;43m██[38;2;0;2;0m  [38;2;0;0;0m                  
[38;2;0;0;0m    [38;2;0;1;0m    [38;2;0;0;0m        [38;2;0;1;0m  [38;2;149;95;37m  [38;2;163;104;40m██[38;2;140;89;35m██[38;2;78;55;21m██[38;2;0;0;0m                    [0m
