
[38;2;0;0;0m    [38;2;7;12;15m  [38;2;31;51;62m████[38;2;7;12;15m  [38;2;0;0;0m                    
[38;2;0;0;0m    [38;2;101;168;203m██[38;2;91;126;145m██[38;2;80;115;134m██[38;2;95;157;192m██[38;2;70;116;140m  [38;2;0;0;0m                  
[38;2;0;0;0m    [38;2;109;171;204m██[38;2;103;160;193m██[38;2;98;165;201m██[38;2;10;12;12m  [38;2;77;134;171m██[38;2;31;51;62m██[38;2;0;0;0m                
[38;2;0;0;0m    [38;2;48;81;98m██[38;2;106;188;227m██[38;2;23;38;46m  [38;2;0;0;0m  [38;2;7;12;15m  [38;2;78;129;156m██[38;2;0;0;0m                
[38;2;0;0;0m          [38;2;9;29;43m  [38;2;22;50;70m██[38;2;63;127;173m██[38;2;9;29;43m  [38;2;0;0;0m              
[38;2;0;0;0m      [38;2;41;96;131m  [38;2;36;117;172m██[38;2;45;146;215m██[38;2;48;156;229m██[38;2;48;156;230m██[38;2;45;146;215m██[38;2;36;117;172m██[38;2;0;0;0m            
[38;2;0;0;0m  [38;2;0;0;1m  [38;2;63;86;106m██[38;2;81;175;234m██[38;2;104;189;236m██[38;2;48;156;230m██[38;2;53;154;224m██[38;2;92;173;226m██[38;2;85;170;233m██[38;2;48;155;229m██[38;2;39;126;186m██[38;2;3;9;14m  [38;2;0;0;0m        
[38;2;0;0;0m  [38;2;0;0;6m  [38;2;125;159;186m██[38;2;62;164;231m████[38;2;48;156;230m██[38;2;92;173;226m██[38;2;103;110;118m██[38;2;199;217;238m██[38;2;85;170;233m██[38;2;48;156;229m██[38;2;12;39;57m██[38;2;0;0;0m        
[38;2;0;0;0m  [38;2;36;117;172m██[38;2;53;140;212m████[38;2;48;156;230m████[38;2;40;123;182m██[38;2;4;6;9m██[38;2;96;78;76m██[38;2;100;179;234m██[38;2;85;146;216m██[38;2;48;156;230m██[38;2;0;0;0m        
[38;2;0;0;0m  [38;2;36;117;172m██[38;2;56;83;110m██[38;2;60;87;106m██[38;2;48;156;229m██[38;2;48;156;230m██[38;2;51;149;221m██[38;2;158;175;192m██[38;2;194;199;191m██[38;2;179;130;177m██[38;2;233;109;160m██[38;2;85;146;216m██[38;2;27;87;129m  [38;2;0;0;0m      
[38;2;15;15;15m  [38;2;48;48;56m  [38;2;254;189;254m██[38;2;255;192;255m██[38;2;112;96;112m████[38;2;99;101;127m██[38;2;58;119;173m██[38;2;81;114;137m██[38;2;195;112;165m██[38;2;233;107;157m██[38;2;85;146;216m██[38;2;36;117;172m██[38;2;191;191;191m  [38;2;255;255;255m  [38;2;63;63;63m  
[38;2;63;63;63m  [38;2;207;207;207m  [38;2;111;84;111m██[38;2;255;192;255m██████[38;2;243;183;243m██[38;2;207;160;207m██[38;2;208;159;201m██[38;2;108;149;215m██[38;2;76;145;208m██[38;2;48;156;230m██[38;2;45;146;215m██[38;2;56;77;90m  [38;2;255;255;255m  [38;2;63;63;63m  
[38;2;63;63;63m  [38;2;255;255;255m  [38;2;150;150;155m  [38;2;43;47;67m██[38;2;169;137;204m██[38;2;183;143;209m██[38;2;185;144;210m██[38;2;170;143;211m██[38;2;126;135;205m██[38;2;48;156;230m██[38;2;48;156;231m██[38;2;54;122;171m██[38;2;48;156;230m████[38;2;63;63;63m    
[38;2;63;63;63m  [38;2;116;111;116m  [38;2;58;73;107m██[38;2;58;101;146m██[38;2;99;104;167m██[38;2;180;152;214m██[38;2;207;168;231m██[38;2;122;123;189m██[38;2;53;124;193m██[38;2;49;156;230m██[38;2;48;156;230m██[38;2;60;88;109m██[38;2;48;156;229m██[38;2;48;156;230m██[38;2;43;103;145m  [38;2;15;15;15m  
[38;2;0;0;0m  [38;2;57;51;77m██[38;2;70;89;131m██[38;2;125;108;152m██[38;2;245;186;249m██[38;2;128;123;188m████[38;2;245;186;249m██[38;2;206;164;229m██[38;2;54;141;213m██[38;2;49;154;228m██[38;2;53;133;194m██[38;2;65;88;107m██[38;2;55;157;230m██[38;2;75;123;177m██[38;2;0;0;0m  
[38;2;42;30;42m  [38;2;182;119;182m██[38;2;133;101;150m██[38;2;207;160;207m██[38;2;209;172;234m██[38;2;173;154;216m████[38;2;209;172;234m██[38;2;246;186;249m██[38;2;100;126;189m██[38;2;55;133;201m██[38;2;56;129;198m██[38;2;98;96;111m██[38;2;208;182;248m██[38;2;233;174;233m██[38;2;42;30;42m  
[38;2;42;30;42m  [38;2;171;121;177m██[38;2;71;74;69m██[38;2;65;72;87m██[38;2;200;162;221m██[38;2;179;159;217m██[38;2;107;107;172m██[38;2;235;175;235m██[38;2;243;186;246m██[38;2;98;126;186m██[38;2;48;156;230m██[38;2;60;86;106m██[38;2;255;192;255m██[38;2;219;168;219m██[38;2;239;179;239m██[38;2;47;36;47m  
[38;2;47;35;47m  [38;2;191;178;197m  [38;2;31;36;46m██[38;2;71;91;136m██[38;2;125;96;136m██[38;2;105;117;175m██[38;2;133;123;184m██[38;2;232;165;232m██[38;2;198;155;218m██[38;2;60;127;194m██[38;2;48;156;229m██[38;2;52;138;199m██[38;2;112;96;112m██[38;2;153;111;153m██[38;2;191;165;191m██[38;2;0;0;0m  
[38;2;63;63;63m  [38;2;255;255;255m  [38;2;159;153;159m  [38;2;65;53;85m██[38;2;104;73;129m██[38;2;64;71;90m██[38;2;48;54;65m██[38;2;48;74;117m██[38;2;48;67;107m██[38;2;49;91;141m██[38;2;60;130;198m██[38;2;56;129;198m██[38;2;57;122;188m██[38;2;64;61;86m  [38;2;116;84;111m  [38;2;63;47;63m  
[38;2;63;63;63m  [38;2;255;255;255m  [38;2;14;13;18m██[38;2;172;120;176m██[38;2;120;94;146m██[38;2;16;27;42m██[38;2;191;191;191m      [38;2;65;57;78m  [38;2;55;75;98m██[38;2;60;104;147m██[38;2;48;74;104m██[38;2;59;53;75m  [38;2;255;238;255m  [38;2;63;59;63m  
[38;2;63;63;63m  [38;2;255;255;255m  [38;2;255;242;255m  [38;2;111;86;111m  [38;2;111;82;111m  [38;2;255;238;255m  [38;2;255;255;255m    [38;2;207;207;207m  [38;2;160;146;159m  [38;2;141;108;158m██[38;2;98;114;170m██[38;2;170;120;170m██[38;2;90;65;90m  [38;2;255;255;255m  [38;2;63;63;63m  
[38;2;15;15;15m  [38;2;63;63;63m    [38;2;63;51;63m  [38;2;63;47;63m  [38;2;63;59;63m  [38;2;63;63;63m      [38;2;17;16;15m  [38;2;17;14;15m  [38;2;55;40;55m██[38;2;0;0;0m  [38;2;47;35;47m  [38;2;63;63;63m  [38;2;15;15;15m  [0m
