
[38;2;0;0;0m            [38;2;7;9;15m    [38;2;0;0;0m                    
[38;2;0;0;0m            [38;2;30;36;63m████[38;2;0;0;0m                    
[38;2;0;0;0m            [38;2;35;52;111m██[38;2;20;29;63m██[38;2;0;0;0m                    
[38;2;0;0;0m            [38;2;81;119;255m██[38;2;40;64;141m██[38;2;0;0;4m  [38;2;0;0;0m                  
[38;2;0;0;0m        [38;2;30;36;63m██[38;2;82;111;207m██[38;2;81;120;255m██[38;2;83;123;255m██[38;2;67;100;207m██[38;2;20;30;63m██[38;2;0;0;0m                
[38;2;0;0;0m      [38;2;63;77;143m  [38;2;121;147;255m██[38;2;148;178;255m██[38;2;119;151;255m██[38;2;81;119;255m██[38;2;81;120;255m██[38;2;81;119;255m██[38;2;44;66;143m  [38;2;0;0;0m              
[38;2;0;0;0m    [38;2;11;11;4m  [38;2;65;95;187m██[38;2;92;129;255m██[38;2;131;162;255m██[38;2;81;120;255m██[38;2;80;119;255m██[38;2;77;118;228m██[38;2;93;132;177m██[38;2;59;90;186m██[38;2;5;8;17m  [38;2;0;0;0m            
[38;2;0;0;0m    [38;2;47;44;16m██[38;2;91;115;169m██[38;2;80;119;255m████[38;2;81;120;255m██[38;2;61;106;232m██[38;2;202;213;93m██[38;2;195;186;67m██[38;2;142;164;112m██[38;2;6;19;44m██[38;2;0;0;0m            
[38;2;50;51;59m  [38;2;164;168;193m  [38;2;51;48;28m██[38;2;120;109;95m██[38;2;107;94;105m██[38;2;84;101;182m██[38;2;78;109;219m██[38;2;48;93;215m██[38;2;194;195;66m██[38;2;197;192;66m██[38;2;108;119;76m██[38;2;49;59;77m  [38;2;241;243;250m  [38;2;164;168;193m  [38;2;60;51;58m██[38;2;197;168;189m██[38;2;205;169;197m██[38;2;27;24;26m██
[38;2;12;12;14m  [38;2;146;122;143m  [38;2;198;181;203m██[38;2;226;189;220m██[38;2;236;185;228m██[38;2;206;146;205m██[38;2;161;138;166m██[38;2;25;59;151m██[38;2;222;230;65m██[38;2;123;129;65m██[38;2;146;147;64m██[38;2;191;191;193m  [38;2;203;204;206m  [38;2;146;122;143m  [38;2;242;205;232m██[38;2;255;237;244m██[38;2;238;194;227m██[38;2;59;48;56m██
[38;2;44;36;42m  [38;2;178;145;171m████[38;2;179;131;178m██[38;2;178;130;180m██[38;2;88;89;121m██[38;2;56;78;130m██[38;2;45;96;215m██[38;2;52;92;143m██[38;2;153;172;55m██[38;2;111;111;111m  [38;2;255;255;255m  [38;2;158;155;157m  [38;2;193;157;185m██[38;2;236;192;226m████[38;2;176;136;169m██[38;2;0;0;0m  
[38;2;37;38;44m  [38;2;151;155;178m  [38;2;191;191;191m    [38;2;191;191;193m  [38;2;56;65;90m  [38;2;11;24;53m████[38;2;56;65;88m  [38;2;191;191;191m  [38;2;255;255;255m    [38;2;58;41;58m██[38;2;237;187;229m██[38;2;236;186;228m██[38;2;235;166;231m██[38;2;81;67;87m  [38;2;37;38;44m  
[38;2;50;51;59m  [38;2;164;168;193m  [38;2;58;45;56m██[38;2;58;39;58m██[38;2;191;191;191m  [38;2;239;239;239m  [38;2;255;255;255m    [38;2;152;154;159m  [38;2;24;33;63m██[38;2;62;70;95m  [38;2;60;59;60m  [38;2;235;158;234m████[38;2;176;118;175m██[38;2;81;68;88m  [38;2;202;207;238m  [38;2;50;51;59m  
[38;2;12;12;14m  [38;2;146;122;143m  [38;2;235;189;226m██[38;2;235;164;231m██[38;2;176;118;175m██[38;2;91;77;91m  [38;2;111;111;111m    [38;2;120;143;207m██[38;2;135;165;255m██[38;2;75;111;239m██[38;2;63;70;96m██[38;2;196;138;206m██[38;2;68;49;84m██[38;2;151;155;178m  [38;2;189;194;223m  [38;2;202;207;238m  [38;2;50;51;59m  
[38;2;50;51;59m  [38;2;88;90;104m  [38;2;179;127;181m██[38;2;221;150;220m██[38;2;235;158;234m████[38;2;190;128;190m██[38;2;56;43;63m██[38;2;138;143;193m██[38;2;94;130;255m██[38;2;89;123;253m██[38;2;210;162;244m██[38;2;93;92;135m██[38;2;20;42;94m██[38;2;164;168;193m  [38;2;202;207;238m    [38;2;50;51;59m  
[38;2;50;51;59m  [38;2;202;207;237m  [38;2;151;155;178m  [38;2;81;68;88m  [38;2;58;39;58m██████[38;2;128;127;154m  [38;2;92;80;99m██[38;2;197;174;233m██[38;2;206;178;231m██[38;2;236;169;233m██[38;2;189;144;230m██[38;2;47;96;215m██[38;2;50;51;59m  [38;2;202;207;237m  [38;2;202;207;238m  [38;2;50;51;59m  
[38;2;50;51;59m  [38;2;202;207;238m              [38;2;82;74;87m  [38;2;221;173;213m██[38;2;236;178;229m██[38;2;199;145;229m██[38;2;46;96;215m██[38;2;47;96;215m██[38;2;50;51;59m  [38;2;202;207;238m    [38;2;50;51;59m  
[38;2;50;51;59m  [38;2;202;207;237m  [38;2;202;207;238m  [38;2;202;207;237m  [38;2;202;207;238m  [38;2;202;207;237m  [38;2;202;207;238m  [38;2;202;207;237m  [38;2;189;194;223m  [38;2;81;68;88m  [38;2;75;53;117m██[38;2;66;92;191m██[38;2;47;96;215m██[38;2;20;42;94m██[38;2;164;168;193m  [38;2;202;207;237m  [38;2;202;207;238m  [38;2;50;51;59m  
[38;2;50;51;59m  [38;2;202;207;238m                  [38;2;164;168;193m  [38;2;37;45;67m  [38;2;67;63;93m██[38;2;151;155;178m  [38;2;202;207;238m      [38;2;50;51;59m  
[38;2;50;51;59m  [38;2;202;207;237m  [38;2;202;207;238m  [38;2;202;207;237m  [38;2;202;207;238m  [38;2;202;207;237m  [38;2;202;207;238m  [38;2;202;207;237m  [38;2;202;207;238m  [38;2;202;207;237m  [38;2;164;168;193m  [38;2;146;101;150m  [38;2;177;119;176m██[38;2;151;155;178m  [38;2;202;207;238m  [38;2;202;207;237m  [38;2;202;207;238m  [38;2;50;51;59m  
[38;2;50;51;59m  [38;2;202;207;238m                [38;2;164;168;193m  [38;2;103;84;99m██[38;2;236;173;231m██[38;2;176;125;174m██[38;2;151;155;178m  [38;2;202;207;238m      [38;2;50;51;59m  
[38;2;50;51;59m  [38;2;202;207;237m  [38;2;202;207;238m  [38;2;202;207;237m  [38;2;202;207;238m  [38;2;202;207;237m  [38;2;202;207;238m  [38;2;202;207;237m  [38;2;202;207;238m  [38;2;50;51;59m  [38;2;236;192;226m██[38;2;237;193;227m██[38;2;82;75;87m  [38;2;189;194;223m  [38;2;202;207;238m  [38;2;202;207;237m  [38;2;202;207;238m  [38;2;50;51;59m  
[38;2;50;51;59m  [38;2;202;207;238m                [38;2;50;51;59m  [38;2;247;218;237m██[38;2;193;157;185m██[38;2;88;90;104m  [38;2;202;207;238m        [38;2;50;51;59m  
[38;2;12;12;14m  [38;2;50;51;59m                [38;2;12;12;14m  [38;2;59;48;56m██[38;2;14;12;14m  [38;2;50;51;59m          [38;2;12;12;14m  [0m
