
[38;2;0;0;0m      [38;2;47;42;42m  [38;2;63;57;56m                [38;2;15;13;13m  [38;2;62;52;52m██[38;2;0;0;0m  [38;2;47;42;42m  [38;2;63;57;56m        [38;2;0;0;0m            
[38;2;0;0;0m      [38;2;191;171;171m  [38;2;255;228;227m  [38;2;255;229;227m  [38;2;255;228;227m  [38;2;255;229;227m  [38;2;255;228;227m  [38;2;255;229;227m  [38;2;255;228;227m  [38;2;255;229;227m  [38;2;62;52;52m██[38;2;250;210;208m██[38;2;188;157;156m██[38;2;94;82;81m  [38;2;255;228;227m  [38;2;255;229;227m  [38;2;255;228;227m  [38;2;255;229;227m  [38;2;0;0;0m            
[38;2;0;0;0m      [38;2;191;171;171m  [38;2;255;229;227m            [38;2;239;214;213m  [38;2;94;82;81m  [38;2;251;210;208m████[38;2;248;206;204m██[38;2;239;195;193m██[38;2;58;52;56m  [38;2;231;211;195m  [38;2;244;224;203m    [38;2;53;52;32m    [38;2;40;39;24m  [38;2;45;44;31m  [38;2;13;13;8m    
[38;2;0;0;0m      [38;2;191;171;171m  [38;2;255;228;227m  [38;2;255;229;227m  [38;2;255;228;227m  [38;2;255;229;227m  [38;2;255;228;227m  [38;2;255;229;227m  [38;2;94;82;81m  [38;2;235;196;195m██[38;2;251;210;208m██[38;2;250;210;208m██[38;2;221;174;170m██[38;2;145;136;147m██[38;2;189;185;126m██[38;2;85;84;55m  [38;2;93;92;57m  [38;2;214;211;131m      [38;2;200;197;122m  [38;2;85;84;55m  [38;2;148;147;102m  [38;2;13;13;8m  
[38;2;0;0;0m      [38;2;191;171;171m  [38;2;255;229;227m          [38;2;207;186;185m  [38;2;92;69;67m██[38;2;246;203;202m██[38;2;251;210;208m██████[38;2;162;153;162m██[38;2;207;205;149m██[38;2;241;238;160m██[38;2;195;193;135m██[38;2;135;133;84m  [38;2;214;211;131m    [38;2;160;158;98m  [38;2;85;84;55m  [38;2;180;178;125m██[38;2;0;0;0m  
[38;2;0;0;0m      [38;2;191;171;171m  [38;2;255;228;227m  [38;2;255;229;227m  [38;2;255;228;227m  [38;2;255;229;227m  [38;2;63;57;56m  [38;2;82;83;85m  [38;2;232;216;219m██[38;2;200;154;160m██[38;2;189;133;140m██[38;2;235;190;191m██[38;2;251;210;208m██[38;2;248;207;205m██[38;2;118;117;90m██[38;2;240;237;160m██[38;2;241;238;161m██[38;2;60;59;40m██[38;2;214;211;131m  [38;2;93;92;57m  [38;2;158;142;68m██[38;2;225;222;154m██[38;2;85;84;55m  [38;2;40;39;24m  
[38;2;0;0;0m      [38;2;191;171;171m  [38;2;255;229;227m      [38;2;63;57;56m  [38;2;177;176;173m██[38;2;210;216;221m██[38;2;216;219;223m██[38;2;129;140;152m██[38;2;238;227;229m██[38;2;165;116;126m██[38;2;234;180;183m██[38;2;142;108;104m██[38;2;241;239;179m██[38;2;241;238;161m██[38;2;241;238;160m██[38;2;105;104;67m██[38;2;173;171;106m  [38;2;53;52;32m  [38;2;240;237;157m██[38;2;60;59;39m██[38;2;214;211;131m  [38;2;53;52;32m  
[38;2;0;0;0m      [38;2;191;171;171m  [38;2;255;228;227m  [38;2;255;229;227m  [38;2;255;228;227m  [38;2;207;186;185m  [38;2;81;82;81m██[38;2;147;156;161m██[38;2;216;219;223m████[38;2;255;254;255m██[38;2;180;168;175m██[38;2;217;145;157m██[38;2;219;163;175m██[38;2;224;163;156m██[38;2;216;161;150m██[38;2;241;238;160m██[38;2;215;198;102m██[38;2;53;52;32m    [38;2;241;238;160m██[38;2;195;193;133m██[38;2;93;92;57m  [38;2;53;52;32m  
[38;2;0;0;0m      [38;2;191;171;171m  [38;2;255;229;227m        [38;2;191;171;171m  [38;2;191;191;191m██[38;2;255;255;255m██[38;2;233;213;214m██[38;2;234;207;210m██[38;2;217;145;157m██[38;2;255;176;200m██[38;2;245;169;188m██[38;2;251;171;191m██[38;2;212;156;149m██[38;2;201;167;39m██[38;2;200;166;37m██[38;2;53;52;32m  [38;2;214;211;131m  [38;2;57;55;31m██[38;2;216;197;99m██[38;2;185;176;105m██[38;2;12;10;4m  
[38;2;0;0;0m      [38;2;191;171;171m  [38;2;255;228;227m  [38;2;255;229;227m  [38;2;255;228;227m  [38;2;255;229;227m  [38;2;95;90;90m  [38;2;239;239;239m██[38;2;244;243;242m██[38;2;194;210;219m██[38;2;137;121;140m██[38;2;217;145;157m██[38;2;255;177;198m██[38;2;245;169;188m██[38;2;242;168;186m██[38;2;202;162;69m██[38;2;201;167;39m██[38;2;87;72;16m██[38;2;173;171;106m  [38;2;93;92;57m  [38;2;162;135;33m██[38;2;207;180;62m██[38;2;201;168;46m██[38;2;50;42;11m██
[38;2;0;0;0m      [38;2;191;171;171m  [38;2;239;214;213m  [38;2;95;77;81m  [38;2;96;77;81m  [38;2;96;91;90m  [38;2;148;148;148m██[38;2;244;243;242m██[38;2;186;177;174m██[38;2;110;127;151m██[38;2;180;194;208m██[38;2;216;176;180m██[38;2;225;159;171m██[38;2;185;132;141m██[38;2;218;160;168m██[38;2;187;149;46m██[38;2;182;154;37m██[38;2;230;224;198m██[38;2;57;54;26m  [38;2;87;87;73m  [38;2;163;143;45m██[38;2;197;164;37m██[38;2;188;156;37m██[38;2;37;31;6m  
[38;2;0;0;0m      [38;2;191;171;171m    [38;2;143;104;115m██[38;2;224;159;180m██[38;2;224;214;216m██[38;2;255;255;255m██[38;2;244;243;242m██[38;2;217;208;211m██[38;2;231;239;244m██[38;2;244;243;242m██[38;2;203;198;193m██[38;2;163;126;124m██[38;2;32;31;34m██[38;2;73;71;64m██[38;2;184;176;141m██[38;2;150;128;15m██[38;2;175;164;102m██[38;2;157;149;107m██[38;2;168;168;167m██[38;2;215;210;173m██[38;2;157;131;8m██[38;2;78;71;37m  [38;2;40;39;24m  
[38;2;0;0;0m      [38;2;191;171;171m  [38;2;255;229;227m  [38;2;111;100;99m  [38;2;63;57;56m    [38;2;159;157;154m██[38;2;191;191;191m██[38;2;211;211;207m██[38;2;233;232;230m██[38;2;199;195;189m██[38;2;160;158;153m██[38;2;111;100;99m  [38;2;255;229;227m  [38;2;173;171;106m  [38;2;53;52;32m  [38;2;134;112;13m██[38;2;201;167;40m██[38;2;201;167;39m██[38;2;168;140;17m██[38;2;166;149;57m██[38;2;203;204;201m██[38;2;53;55;32m  [38;2;53;52;32m  
[38;2;0;0;0m      [38;2;47;42;42m  [38;2;111;100;99m      [38;2;255;229;227m  [38;2;191;171;171m    [38;2;58;48;44m██[38;2;127;114;105m██[38;2;198;195;189m██[38;2;129;94;98m██[38;2;63;57;56m    [38;2;214;211;131m    [38;2;50;43;17m██[38;2;201;168;45m██[38;2;201;167;39m████[38;2;153;141;81m██[38;2;88;87;77m██[38;2;173;172;106m  [38;2;53;52;32m  
[38;2;15;15;15m  [38;2;63;63;63m██[38;2;144;145;144m██[38;2;203;205;201m██[38;2;129;125;124m██[38;2;182;144;145m██[38;2;188;157;156m██[38;2;191;171;171m  [38;2;239;214;213m  [38;2;86;71;70m  [38;2;204;153;147m██[38;2;123;96;91m██[38;2;183;167;167m██[38;2;162;105;112m██[38;2;251;210;208m██[38;2;230;186;186m██[38;2;52;51;36m  [38;2;160;158;98m  [38;2;184;175;130m  [38;2;129;108;36m  [38;2;150;125;29m██[38;2;118;98;7m██[38;2;132;131;125m  [38;2;120;118;78m  [38;2;160;158;98m  [38;2;40;39;24m  
[38;2;63;63;63m██[38;2;255;255;255m██[38;2;243;243;243m██[38;2;204;206;207m██[38;2;163;154;156m██[38;2;219;172;172m██[38;2;235;196;195m██[38;2;94;82;81m  [38;2;191;171;171m  [38;2;153;114;110m██[38;2;204;152;147m██[38;2;156;97;103m██[38;2;215;200;195m██[38;2;223;177;178m██[38;2;230;185;186m██[38;2;149;89;99m██[38;2;139;97;103m██[38;2;188;157;156m██[38;2;111;100;99m  [38;2;207;186;185m  [38;2;0;0;0m            
[38;2;0;0;0m    [38;2;192;196;199m██[38;2;223;215;220m██[38;2;184;127;130m██[38;2;204;152;147m██[38;2;214;164;160m██[38;2;56;45;45m██[38;2;255;229;227m  [38;2;63;57;56m  [38;2;188;135;133m██[38;2;227;211;214m██[38;2;168;112;119m██[38;2;251;210;208m██[38;2;209;164;166m██[38;2;141;97;107m██[38;2;229;184;184m██[38;2;251;210;208m██[38;2;140;95;102m██[38;2;21;20;54m██[38;2;12;8;9m  ██[38;2;0;0;0m        
[38;2;0;0;0m    [38;2;7;7;7m  [38;2;153;113;112m██[38;2;206;155;150m██[38;2;204;152;147m██[38;2;175;116;123m██[38;2;137;87;95m██[38;2;66;58;56m  [38;2;81;42;47m  [38;2;181;126;131m██[38;2;183;138;143m██[38;2;202;152;150m██[38;2;204;152;156m██[38;2;233;222;224m██[38;2;111;110;123m██[38;2;154;130;138m██[38;2;250;210;208m██[38;2;243;201;200m██[38;2;149;105;143m██[38;2;49;51;148m██[38;2;12;8;9m  [38;2;0;0;0m        
[38;2;0;0;0m      [38;2;114;86;83m  [38;2;153;114;110m██[38;2;191;143;138m██[38;2;164;109;115m██[38;2;126;81;88m██[38;2;137;93;98m██[38;2;126;68;76m██[38;2;210;175;175m██[38;2;221;179;180m██[38;2;206;175;174m██[38;2;107;104;107m██[38;2;211;211;207m██[38;2;169;163;158m██[38;2;187;170;170m██[38;2;206;160;162m██[38;2;230;185;181m██[38;2;158;99;105m██[38;2;66;76;242m██[38;2;65;51;94m██[38;2;47;33;37m  [38;2;0;0;0m      
[38;2;0;0;0m      [38;2;143;128;128m  [38;2;191;171;171m  [38;2;86;71;70m    [38;2;191;171;171m  [38;2;154;137;137m  [38;2;128;123;136m██[38;2;164;162;158m██[38;2;100;92;92m██[38;2;206;175;172m██[38;2;209;209;207m██[38;2;211;211;207m██[38;2;170;166;158m██[38;2;199;195;189m██[38;2;156;109;115m██[38;2;192;139;137m██[38;2;107;72;152m██[38;2;73;62;197m██[38;2;112;83;176m██[38;2;47;33;37m  [38;2;0;0;0m      
[38;2;0;0;0m      [38;2;191;171;171m  [38;2;255;229;227m  [38;2;207;186;185m  [38;2;191;171;171m  [38;2;72;67;62m  [38;2;61;61;51m██[38;2;185;183;173m██[38;2;45;38;83m██[38;2;72;55;176m██[38;2;113;112;113m██[38;2;255;255;255m██[38;2;211;211;207m██[38;2;158;145;139m██[38;2;177;149;149m██[38;2;192;139;137m██[38;2;126;76;115m██[38;2;112;79;155m██[38;2;114;79;153m██[38;2;73;54;154m██[38;2;0;0;0m        
[38;2;0;0;0m      [38;2;191;171;171m  [38;2;207;186;185m  [38;2;127;124;120m  [38;2;136;134;124m██[38;2;160;158;148m██[38;2;148;146;137m██[38;2;49;48;47m██[38;2;193;171;171m  [38;2;66;58;83m  [38;2;172;172;172m██[38;2;224;221;217m██[38;2;244;244;243m██[38;2;116;104;106m██[38;2;39;24;26m██[38;2;165;124;120m██[38;2;123;99;121m██[38;2;43;29;39m██[38;2;233;166;188m██[38;2;53;37;45m██[38;2;0;0;0m        
[38;2;0;0;0m                      [38;2;167;167;166m██[38;2;203;203;201m██[38;2;218;216;212m██[38;2;239;239;239m██[38;2;47;47;47m  [38;2;0;0;0m    [38;2;30;26;30m  [38;2;126;96;107m██[38;2;0;0;0m            
[38;2;0;0;0m                      [38;2;23;23;23m  [38;2;58;59;56m██[38;2;58;61;58m██[38;2;47;47;47m  [38;2;0;0;0m                      [0m
