      [38;2;7;7;7m▄[38;2;7;7;7m▄[38;2;7;7;7m[48;2;148;213;201m▀[0m[38;2;7;7;7m[48;2;148;213;201m▀[0m[38;2;7;7;7m[48;2;148;213;201m▀[0m[38;2;7;7;7m[48;2;148;213;201m▀[0m[38;2;7;7;7m[48;2;148;213;201m▀[0m[38;2;7;7;7m▄[38;2;7;7;7m▄      
    [38;2;7;7;7m▄[38;2;7;7;7m[48;2;148;213;201m▀[0m[38;2;148;213;201m[48;2;148;213;201m▀[0m[38;2;114;151;143m[48;2;114;151;143m▀[0m[38;2;148;213;201m[48;2;148;213;201m▀[0m[38;2;148;213;201m[48;2;148;213;201m▀[0m[38;2;148;213;201m[48;2;148;213;201m▀[0m[38;2;148;213;201m[48;2;148;213;201m▀[0m[38;2;148;213;201m[48;2;114;151;143m▀[0m[38;2;114;151;143m[48;2;148;213;201m▀[0m[38;2;148;213;201m[48;2;148;213;201m▀[0m[38;2;7;7;7m[48;2;148;213;201m▀[0m[38;2;7;7;7m[48;2;148;213;201m▀[0m[38;2;7;7;7m▄   
   [38;2;7;7;7m▄[38;2;7;7;7m[48;2;148;213;201m▀[0m[38;2;114;151;143m[48;2;114;151;143m▀[0m[38;2;148;213;201m[48;2;148;213;201m▀[0m[38;2;148;213;201m[48;2;148;213;201m▀[0m[38;2;148;213;201m[48;2;148;213;201m▀[0m[38;2;148;213;201m[48;2;148;213;201m▀[0m[38;2;148;213;201m[48;2;148;213;201m▀[0m[38;2;148;213;201m[48;2;148;213;201m▀[0m[38;2;148;213;201m[48;2;148;213;201m▀[0m[38;2;148;213;201m[48;2;114;151;143m▀[0m[38;2;148;213;201m[48;2;114;151;143m▀[0m[38;2;114;151;143m[48;2;148;213;201m▀[0m[38;2;114;151;143m[48;2;148;213;201m▀[0m[38;2;7;7;7m[48;2;114;151;143m▀[0m[38;2;7;7;7m▄  
   [38;2;7;7;7m[48;2;7;7;7m▀[0m[38;2;76;109;180m[48;2;76;109;180m▀[0m[38;2;148;213;201m[48;2;148;213;201m▀[0m[38;2;114;151;143m[48;2;148;213;201m▀[0m[38;2;148;213;201m[48;2;148;213;201m▀[0m[38;2;148;213;201m[48;2;148;213;201m▀[0m[38;2;148;213;201m[48;2;148;213;201m▀[0m[38;2;148;213;201m[48;2;148;213;201m▀[0m[38;2;148;213;201m[48;2;114;151;143m▀[0m[38;2;148;213;201m[48;2;148;213;201m▀[0m[38;2;148;213;201m[48;2;148;213;201m▀[0m[38;2;148;213;201m[48;2;76;109;180m▀[0m[38;2;76;109;180m[48;2;76;109;180m▀[0m[38;2;114;151;143m[48;2;114;151;143m▀[0m[38;2;114;151;143m[48;2;114;151;143m▀[0m[38;2;7;7;7m[48;2;7;7;7m▀[0m  
   [38;2;7;7;7m▀[38;2;41;51;104m[48;2;7;7;7m▀[0m[38;2;114;151;143m[48;2;76;109;180m▀[0m[38;2;148;213;201m[48;2;114;151;143m▀[0m[38;2;114;151;143m[48;2;87;118;114m▀[0m[38;2;148;213;201m[48;2;41;51;104m▀[0m[38;2;148;213;201m[48;2;87;118;114m▀[0m[38;2;114;151;143m[48;2;114;151;143m▀[0m[38;2;148;213;201m[48;2;114;151;143m▀[0m[38;2;148;213;201m[48;2;114;151;143m▀[0m[38;2;114;151;143m[48;2;76;109;180m▀[0m[38;2;76;109;180m[48;2;76;109;180m▀[0m[38;2;41;51;104m[48;2;41;51;104m▀[0m[38;2;114;151;143m[48;2;114;151;143m▀[0m[38;2;114;151;143m[48;2;114;151;143m▀[0m[38;2;7;7;7m[48;2;7;7;7m▀[0m  
    [38;2;7;7;7m[48;2;7;7;7m▀[0m[38;2;41;51;104m[48;2;41;51;104m▀[0m[38;2;114;151;143m[48;2;41;51;104m▀[0m[38;2;41;51;104m[48;2;41;51;104m▀[0m[38;2;41;51;104m[48;2;41;51;104m▀[0m[38;2;41;51;104m[48;2;76;109;180m▀[0m[38;2;114;151;143m[48;2;41;51;104m▀[0m[38;2;114;151;143m[48;2;76;109;180m▀[0m[38;2;76;109;180m[48;2;41;51;104m▀[0m[38;2;41;51;104m[48;2;200;200;200m▀[0m[38;2;41;51;104m[48;2;200;200;200m▀[0m[38;2;114;151;143m[48;2;87;118;114m▀[0m[38;2;114;151;143m[48;2;114;151;143m▀[0m[38;2;7;7;7m[48;2;7;7;7m▀[0m   
    [38;2;7;7;7m▀[38;2;246;246;246m[48;2;7;7;7m▀[0m[38;2;148;213;201m[48;2;7;7;7m▀[0m[38;2;41;51;104m[48;2;200;200;200m▀[0m[38;2;138;105;37m[48;2;247;229;116m▀[0m[38;2;76;109;180m[48;2;138;105;37m▀[0m[38;2;41;51;104m[48;2;200;200;200m▀[0m[38;2;41;51;104m[48;2;7;7;7m▀[0m[38;2;148;213;201m[48;2;148;213;201m▀[0m[38;2;246;246;246m[48;2;246;246;246m▀[0m[38;2;200;200;200m[48;2;200;200;200m▀[0m[38;2;87;118;114m[48;2;7;7;7m▀[0m[38;2;114;151;143m[48;2;87;118;114m▀[0m[38;2;7;7;7m[48;2;114;151;143m▀[0m[38;2;7;7;7m▄  
     [38;2;7;7;7m▀[38;2;200;200;200m[48;2;7;7;7m▀[0m[38;2;189;164;90m[48;2;247;229;116m▀[0m[38;2;247;229;116m[48;2;189;164;90m▀[0m[38;2;247;229;116m[48;2;138;105;37m▀[0m[38;2;189;164;90m[48;2;200;200;200m▀[0m[38;2;246;246;246m[48;2;200;200;200m▀[0m[38;2;246;246;246m[48;2;200;200;200m▀[0m[38;2;200;200;200m[48;2;200;200;200m▀[0m[38;2;200;200;200m[48;2;7;7;7m▀[0m[38;2;7;7;7m▀[38;2;7;7;7m▀[38;2;7;7;7m▀[38;2;7;7;7m▀  
       [38;2;7;7;7m[48;2;7;7;7m▀[0m[38;2;88;88;88m[48;2;200;200;200m▀[0m[38;2;200;200;200m[48;2;246;246;246m▀[0m[38;2;200;200;200m[48;2;148;213;201m▀[0m[38;2;200;200;200m[48;2;88;88;88m▀[0m[38;2;7;7;7m[48;2;7;7;7m▀[0m[38;2;7;7;7m▀  [38;2;7;7;7m▄[38;2;7;7;7m▄[38;2;7;7;7m[48;2;148;213;201m▀[0m[38;2;7;7;7m[48;2;114;151;143m▀[0m[38;2;7;7;7m▄
     [38;2;7;7;7m▄[38;2;7;7;7m[48;2;246;246;246m▀[0m[38;2;88;88;88m[48;2;88;88;88m▀[0m[38;2;148;213;201m[48;2;76;109;180m▀[0m[38;2;148;213;201m[48;2;148;213;201m▀[0m[38;2;148;213;201m[48;2;76;109;180m▀[0m[38;2;88;88;88m[48;2;200;200;200m▀[0m[38;2;246;246;246m[48;2;88;88;88m▀[0m[38;2;7;7;7m[48;2;246;246;246m▀[0m[38;2;7;7;7m▄[38;2;7;7;7m[48;2;148;213;201m▀[0m[38;2;148;213;201m[48;2;114;151;143m▀[0m[38;2;148;213;201m[48;2;87;118;114m▀[0m[38;2;114;151;143m[48;2;7;7;7m▀[0m[38;2;7;7;7m▀ 
 [38;2;7;7;7m▄[38;2;7;7;7m▄[38;2;7;7;7m[48;2;148;213;201m▀[0m[38;2;7;7;7m[48;2;114;151;143m▀[0m[38;2;246;246;246m[48;2;148;213;201m▀[0m[38;2;88;88;88m[48;2;88;88;88m▀[0m[38;2;76;109;180m[48;2;246;246;246m▀[0m[38;2;246;246;246m[48;2;246;246;246m▀[0m[38;2;76;109;180m[48;2;246;246;246m▀[0m[38;2;246;246;246m[48;2;246;246;246m▀[0m[38;2;246;246;246m[48;2;246;246;246m▀[0m[38;2;88;88;88m[48;2;200;200;200m▀[0m[38;2;246;246;246m[48;2;88;88;88m▀[0m[38;2;246;246;246m[48;2;246;246;246m▀[0m[38;2;88;88;88m[48;2;246;246;246m▀[0m[38;2;114;151;143m[48;2;87;118;114m▀[0m[38;2;114;151;143m[48;2;7;7;7m▀[0m[38;2;114;151;143m[48;2;7;7;7m▀[0m[38;2;7;7;7m▀ 
[38;2;7;7;7m▀[38;2;148;213;201m[48;2;7;7;7m▀[0m[38;2;114;151;143m[48;2;7;7;7m▀[0m[38;2;114;151;143m[48;2;148;213;201m▀[0m[38;2;148;213;201m[48;2;7;7;7m▀[0m[38;2;7;7;7m▀[38;2;88;88;88m[48;2;7;7;7m▀[0m[38;2;200;200;200m[48;2;88;88;88m▀[0m[38;2;246;246;246m[48;2;200;200;200m▀[0m[38;2;200;200;200m[48;2;200;200;200m▀[0m[38;2;246;246;246m[48;2;246;246;246m▀[0m[38;2;246;246;246m[48;2;200;200;200m▀[0m[38;2;200;200;200m[48;2;200;200;200m▀[0m[38;2;88;88;88m[48;2;7;7;7m▀[0m[38;2;148;213;201m[48;2;7;7;7m▀[0m[38;2;114;151;143m[48;2;148;213;201m▀[0m[38;2;148;213;201m[48;2;114;151;143m▀[0m[38;2;7;7;7m[48;2;148;213;201m▀[0m[38;2;7;7;7m▄  
   [38;2;7;7;7m▀   [38;2;7;7;7m[48;2;7;7;7m▀[0m[38;2;88;88;88m[48;2;200;200;200m▀[0m[38;2;88;88;88m[48;2;88;88;88m▀[0m[38;2;246;246;246m[48;2;246;246;246m▀[0m[38;2;246;246;246m[48;2;246;246;246m▀[0m[38;2;7;7;7m[48;2;7;7;7m▀[0m  [38;2;7;7;7m▀[38;2;7;7;7m▀[38;2;148;213;201m[48;2;7;7;7m▀[0m[38;2;114;151;143m[48;2;7;7;7m▀[0m[38;2;7;7;7m[48;2;7;7;7m▀[0m 
    [38;2;7;7;7m▄[38;2;7;7;7m[48;2;189;164;90m▀[0m[38;2;7;7;7m[48;2;189;164;90m▀[0m[38;2;138;105;37m[48;2;189;164;90m▀[0m[38;2;189;164;90m[48;2;189;164;90m▀[0m[38;2;88;88;88m[48;2;88;88;88m▀[0m[38;2;246;246;246m[48;2;189;164;90m▀[0m[38;2;246;246;246m[48;2;189;164;90m▀[0m[38;2;7;7;7m[48;2;189;164;90m▀[0m[38;2;7;7;7m▄       
     [38;2;7;7;7m▀[38;2;7;7;7m▀[38;2;7;7;7m[48;2;7;7;7m▀[0m[38;2;7;7;7m[48;2;247;229;116m▀[0m[38;2;247;229;116m[48;2;7;7;7m▀[0m[38;2;148;213;201m[48;2;247;229;116m▀[0m[38;2;148;213;201m[48;2;247;229;116m▀[0m[38;2;247;229;116m[48;2;7;7;7m▀[0m[38;2;247;229;116m[48;2;247;229;116m▀[0m[38;2;7;7;7m[48;2;7;7;7m▀[0m      
       [38;2;7;7;7m▀[38;2;7;7;7m▀ [38;2;7;7;7m▀[38;2;7;7;7m▀ [38;2;7;7;7m▀[38;2;7;7;7m▀      
[0m