
[38;2;0;0;0m          [38;2;0;1;0m  [38;2;18;17;14m██[38;2;0;1;0m  [38;2;0;0;0m                                    
[38;2;0;0;0m        [38;2;18;16;14m  [38;2;73;57;57m██[38;2;15;14;12m  [38;2;0;0;0m                                      
[38;2;0;0;0m      [38;2;21;19;16m  [38;2;94;73;73m██[38;2;23;21;18m██[38;2;0;0;0m              [38;2;0;1;0m  [38;2;40;32;28m████[38;2;30;24;21m  [38;2;0;0;0m                  
[38;2;0;0;0m    [38;2;0;1;0m  [38;2;71;56;55m██[38;2;75;59;58m██[38;2;4;4;3m  [38;2;0;0;0m          [38;2;0;2;0m  [38;2;27;23;18m  [38;2;109;84;74m██[38;2;174;142;93m██[38;2;22;20;16m██[38;2;17;15;12m  [38;2;0;0;0m                  
[38;2;0;0;0m    [38;2;23;21;18m██[38;2;94;74;73m██[38;2;76;61;61m██[38;2;5;7;5m  [38;2;0;0;0m        [38;2;11;10;8m  [38;2;110;83;77m██[38;2;180;142;106m██[38;2;171;140;86m██[38;2;0;1;0m  [38;2;0;0;0m                      
[38;2;0;0;0m    [38;2;23;21;18m██[38;2;94;74;73m██[38;2;68;65;66m██[38;2;59;58;59m██[38;2;0;3;0m    [38;2;0;0;0m  [38;2;0;2;0m  [38;2;119;88;83m██[38;2;168;132;102m██[38;2;191;158;97m██[38;2;7;7;4m  [38;2;0;0;0m                      [38;2;0;3;0m  
[38;2;0;0;0m    [38;2;24;16;6m  [38;2;129;87;55m██[38;2;255;146;65m██[38;2;255;145;63m██[38;2;242;135;60m██[38;2;237;131;57m██[38;2;76;46;23m██[38;2;105;82;80m██[38;2;136;103;94m██[38;2;221;179;117m██[38;2;207;170;105m██[38;2;23;21;12m  [38;2;0;1;0m    [38;2;0;0;0m      [38;2;71;61;36m  [38;2;0;1;0m  [38;2;0;0;0m    [38;2;49;45;25m  [38;2;129;110;67m██[38;2;55;51;28m██
[38;2;0;0;0m  [38;2;0;2;0m  [38;2;226;126;56m██[38;2;255;145;63m████[38;2;255;146;65m██[38;2;239;130;55m██[38;2;237;130;57m██[38;2;92;77;71m██[38;2;129;99;94m██[38;2;158;124;97m██[38;2;243;198;122m██[38;2;245;200;125m██[38;2;229;188;116m██[38;2;223;183;114m██[38;2;164;136;81m██[38;2;0;2;0m  [38;2;0;0;0m  [38;2;55;48;28m  [38;2;239;196;122m██[38;2;0;3;0m  [38;2;0;0;0m  [38;2;55;48;28m  [38;2;234;192;119m██[38;2;187;155;96m██[38;2;3;4;1m  
[38;2;0;1;2m  [38;2;133;127;123m██[38;2;237;130;56m██[38;2;245;136;58m████[38;2;237;130;56m██[38;2;238;129;56m██[38;2;238;130;56m██[38;2;131;90;67m██[38;2;120;93;85m██[38;2;139;107;93m██[38;2;186;149;108m██[38;2;138;114;70m██[38;2;34;30;17m  [38;2;0;2;0m  [38;2;100;84;49m  [38;2;0;3;0m    [38;2;226;183;114m██[38;2;245;200;124m██[38;2;190;158;100m██[38;2;87;74;47m██[38;2;245;200;125m██[38;2;226;183;115m██[38;2;0;3;0m  [38;2;0;0;0m  
[38;2;18;15;9m  [38;2;191;111;58m██[38;2;238;129;55m████████[38;2;73;67;65m██[38;2;196;113;57m██[38;2;235;129;58m██[38;2;108;82;72m██[38;2;68;66;67m██[38;2;21;22;19m██[38;2;0;0;0m      [38;2;0;3;0m  [38;2;0;1;0m  [38;2;134;107;68m  [38;2;229;186;116m██[38;2;231;187;117m██[38;2;243;198;124m██[38;2;243;199;124m██[38;2;245;199;125m██[38;2;67;57;34m██[38;2;0;0;0m    
[38;2;52;36;22m██[38;2;219;161;122m██[38;2;176;107;60m██[38;2;238;129;55m████[38;2;109;81;64m██[38;2;147;138;138m██[38;2;73;70;71m██[38;2;238;130;57m██[38;2;238;129;55m████[38;2;59;35;13m██[38;2;0;0;0m        [38;2;21;19;10m  [38;2;181;150;94m██[38;2;215;173;108m██[38;2;150;123;76m██[38;2;245;200;125m████[38;2;95;80;48m  [38;2;0;0;0m      
[38;2;59;35;14m██[38;2;238;131;58m██[38;2;238;129;55m████████[38;2;65;65;65m██[38;2;194;113;60m██[38;2;255;200;131m██[38;2;241;147;76m██[38;2;238;129;55m██[38;2;205;117;58m██[38;2;0;3;0m  [38;2;0;0;0m      [38;2;46;40;24m██[38;2;187;149;96m██[38;2;0;4;0m██[38;2;0;1;0m  [38;2;63;54;31m██[38;2;191;154;94m██[38;2;0;3;0m  [38;2;0;0;0m      
[38;2;0;0;0m  [38;2;85;49;20m  [38;2;171;104;59m██[38;2;239;130;56m██[38;2;151;96;62m██[38;2;219;122;58m██[38;2;238;129;56m██[38;2;250;182;113m██[38;2;255;200;131m████[38;2;232;127;56m██[38;2;206;118;59m██[38;2;0;3;0m  [38;2;0;0;0m    [38;2;0;3;0m  [38;2;187;149;96m██[38;2;46;40;24m██[38;2;0;0;0m    [38;2;30;26;15m  [38;2;33;27;15m  [38;2;0;0;0m        
[38;2;0;1;0m  [38;2;70;55;55m██[38;2;152;97;62m██[38;2;71;70;70m██[38;2;238;134;63m██[38;2;238;131;57m██[38;2;237;129;55m██[38;2;237;129;57m██[38;2;252;196;128m██[38;2;237;145;75m██[38;2;198;113;60m██[38;2;209;119;60m██[38;2;156;91;46m██[38;2;1;2;1m  [38;2;0;0;0m  [38;2;0;3;0m  [38;2;140;112;72m██[38;2;0;1;0m  [38;2;0;0;0m                
[38;2;0;1;0m  [38;2;70;55;55m██[38;2;81;64;68m██[38;2;116;112;107m██[38;2;247;228;202m██[38;2;248;195;149m██[38;2;243;141;57m██[38;2;165;103;61m██[38;2;148;96;62m██[38;2;208;118;60m██[38;2;220;123;59m██[38;2;233;129;58m██[38;2;158;100;69m██[38;2;26;23;20m██[38;2;0;0;0m  [38;2;0;1;0m  [38;2;87;71;44m██[38;2;26;23;13m  [38;2;0;0;0m                
[38;2;0;0;0m  [38;2;0;2;0m    [38;2;5;5;4m  [38;2;248;233;213m██[38;2;248;238;217m██[38;2;202;195;181m██[38;2;114;91;87m██[38;2;139;100;89m██[38;2;220;119;54m██[38;2;226;126;58m██[38;2;238;129;55m████[38;2;210;119;60m██[38;2;0;3;0m  [38;2;0;0;0m  [38;2;12;17;16m  [38;2;68;78;89m██[38;2;6;11;9m████[38;2;0;0;0m            
[38;2;0;0;0m    [38;2;0;1;0m  [38;2;114;75;48m██[38;2;164;157;146m██[38;2;248;238;216m██[38;2;230;221;204m██[38;2;112;101;97m██[38;2;91;78;76m██[38;2;123;85;62m██[38;2;187;110;58m██[38;2;238;129;55m████[38;2;174;104;65m██[38;2;56;47;45m  [38;2;0;0;0m    [38;2;0;1;0m  [38;2;30;37;41m████[38;2;43;51;59m██[38;2;8;11;10m  [38;2;0;0;0m        
[38;2;0;0;0m    [38;2;48;31;15m██[38;2;196;113;60m██[38;2;118;107;97m██[38;2;239;224;201m██[38;2;234;213;191m██[38;2;209;166;136m██[38;2;204;163;134m██[38;2;109;91;80m██[38;2;237;129;55m██████[38;2;203;117;61m██[38;2;93;72;65m██[38;2;26;25;22m██[38;2;0;0;0m        [38;2;26;31;33m██[38;2;20;26;26m██[38;2;0;0;0m        
[38;2;0;0;0m    [38;2;16;11;5m  [38;2;164;94;47m██[38;2;181;109;62m██[38;2;125;97;75m██[38;2;139;117;102m██[38;2;209;167;136m██[38;2;173;141;118m██[38;2;164;101;62m██[38;2;218;122;59m██[38;2;238;129;55m██[38;2;231;126;56m██[38;2;201;115;60m██[38;2;91;62;44m██[38;2;55;54;56m██[38;2;43;43;43m██[38;2;10;12;10m  [38;2;0;2;0m  [38;2;32;32;32m  [38;2;66;70;74m██[38;2;6;9;9m  [38;2;0;0;0m        
[38;2;0;0;0m      [38;2;10;12;16m  [38;2;148;96;71m██[38;2;167;99;62m██[38;2;145;85;45m██[38;2;0;3;0m    [38;2;120;71;37m  [38;2;197;111;56m████[38;2;196;112;57m██[38;2;168;98;52m██[38;2;0;2;0m    [38;2;16;21;22m  [38;2;64;74;88m██████[38;2;0;2;0m  [38;2;0;0;0m          
[38;2;0;0;0m  [38;2;0;2;0m  [38;2;63;53;52m██[38;2;78;61;58m██[38;2;93;70;65m██[38;2;72;48;30m██[38;2;44;28;13m  [38;2;0;0;0m      [38;2;71;47;31m██[38;2;105;77;61m██[38;2;170;100;61m██[38;2;126;74;45m██[38;2;0;2;0m  [38;2;0;0;0m    [38;2;0;1;0m      [38;2;0;0;0m            
[38;2;0;0;0m    [38;2;0;6;0m  [38;2;0;3;0m    [38;2;0;0;0m        [38;2;0;3;0m  [38;2;90;74;75m██[38;2;88;71;65m██[38;2;68;61;62m██[38;2;113;70;49m██[38;2;0;2;0m  [38;2;0;0;0m                      
[38;2;0;0;0m                    [38;2;23;25;19m████[38;2;12;15;10m  [38;2;0;1;0m  [38;2;0;0;0m                        [0m
