
[38;2;0;0;0m                  [38;2;14;43;66m██[38;2;5;15;23m  [38;2;0;0;0m                              
[38;2;0;0;0m                  [38;2;54;161;250m██[38;2;18;55;86m██[38;2;0;0;0m                              
[38;2;0;0;0m                [38;2;29;86;131m██[38;2;41;119;181m██[38;2;9;27;42m  [38;2;0;0;0m      [38;2;9;27;35m  [38;2;7;21;28m  [38;2;0;0;0m                    
[38;2;0;0;0m              [38;2;1;4;6m  [38;2;41;119;180m██[38;2;38;110;167m██[38;2;0;0;0m      [38;2;8;22;30m  [38;2;33;92;122m██[38;2;22;62;81m██[38;2;0;0;0m                    
[38;2;0;0;0m              [38;2;19;57;86m██[38;2;42;123;188m██[38;2;21;62;94m  [38;2;0;0;0m      [38;2;20;55;73m██[38;2;34;94;124m██[38;2;0;0;0m                      
[38;2;0;0;0m              [38;2;42;124;188m████[38;2;19;55;83m  [38;2;0;1;0m  [38;2;0;0;0m  [38;2;24;67;89m  [38;2;33;94;125m██[38;2;7;19;26m██[38;2;0;0;0m                      
[38;2;0;0;0m            [38;2;21;62;94m██[38;2;42;124;188m████[38;2;32;95;143m██[38;2;25;76;111m██[38;2;20;57;76m██[38;2;33;93;124m██[38;2;24;68;91m██[38;2;0;0;0m                        
[38;2;0;0;0m          [38;2;2;7;11m  [38;2;42;122;185m██[38;2;42;124;188m████████[38;2;46;113;166m██[38;2;41;86;110m██[38;2;0;0;0m                          
[38;2;0;0;0m        [38;2;10;31;48m  [38;2;42;90;136m██[38;2;40;103;155m██[38;2;41;124;188m██[38;2;42;123;188m██[38;2;43;119;179m██[38;2;55;87;113m██[38;2;53;88;118m██[38;2;41;81;122m██[38;2;15;41;55m  [38;2;0;0;0m                        
[38;2;0;0;0m        [38;2;24;58;87m██[38;2;54;77;79m██[38;2;38;107;159m██[38;2;41;122;185m██[38;2;53;89;132m██[38;2;111;77;83m██[38;2;254;122;138m██[38;2;254;123;139m██[38;2;254;90;125m██[38;2;85;64;70m██[38;2;17;27;34m██[38;2;19;57;86m██[38;2;52;157;244m██[38;2;54;162;250m██[38;2;41;120;188m██[38;2;7;22;32m██[38;2;0;0;0m            
[38;2;0;0;0m        [38;2;47;100;141m██[38;2;42;123;184m██[38;2;34;99;143m██[38;2;71;94;115m██[38;2;198;71;105m██[38;2;255;99;127m██[38;2;212;87;105m██[38;2;254;102;131m██[38;2;254;88;123m██[38;2;198;74;114m██[38;2;42;116;173m██[38;2;43;128;196m██[38;2;51;155;242m██[38;2;54;162;250m██[38;2;55;162;252m██[38;2;53;156;241m██[38;2;28;82;124m  [38;2;0;0;0m          
[38;2;0;0;0m        [38;2;50;94;127m██[38;2;41;115;171m██[38;2;65;94;119m██[38;2;128;75;93m  [38;2;212;67;96m██[38;2;227;80;108m██[38;2;224;81;110m██[38;2;189;65;88m██[38;2;238;71;109m██[38;2;40;88;125m██[38;2;40;119;179m██[38;2;36;108;162m██[38;2;42;130;199m██[38;2;53;160;249m██[38;2;53;161;250m██[38;2;54;161;251m██[38;2;52;156;243m██[38;2;5;16;24m  [38;2;0;0;0m        
[38;2;0;0;0m        [38;2;46;80;99m██[38;2;35;89;127m██[38;2;134;76;99m██[38;2;195;81;123m██[38;2;178;119;177m██[38;2;235;69;106m██[38;2;162;124;184m██[38;2;214;67;101m██[38;2;219;68;99m██[38;2;58;80;98m██[38;2;42;124;188m████[38;2;37;112;168m██[38;2;37;113;172m██[38;2;53;159;246m██[38;2;54;162;251m██[38;2;53;160;248m██[38;2;18;52;81m██[38;2;0;0;0m        
[38;2;0;0;0m  [38;2;34;100;152m██[38;2;0;0;0m    [38;2;19;59;82m██[38;2;41;123;186m██[38;2;100;104;138m██[38;2;252;73;116m██[38;2;232;86;133m██[38;2;207;101;153m██[38;2;254;73;116m██[38;2;254;73;117m████[38;2;219;70;105m██[38;2;63;97;136m██[38;2;42;124;188m██[38;2;41;123;187m██[38;2;42;124;188m██[38;2;28;87;125m██[38;2;35;105;155m██[38;2;42;124;188m██[38;2;18;52;79m██[38;2;0;0;0m        
[38;2;0;0;0m  [38;2;36;102;149m██[38;2;0;0;0m    [38;2;33;94;127m██[38;2;41;123;185m██[38;2;160;68;89m██[38;2;254;72;115m██[38;2;244;78;123m██[38;2;231;87;134m██[38;2;254;72;115m██[38;2;239;70;108m██[38;2;233;69;105m██[38;2;254;73;116m██[38;2;80;84;122m██[38;2;38;105;157m██[38;2;42;124;188m██████████[38;2;38;113;172m██[38;2;0;0;0m        
[38;2;3;10;13m  [38;2;38;68;90m██[38;2;33;62;82m██[38;2;31;87;116m██[38;2;44;79;104m██[38;2;42;104;155m██[38;2;88;66;77m██[38;2;214;72;108m██[38;2;189;96;141m██[38;2;254;73;116m██[38;2;254;72;115m██[38;2;178;63;82m  [38;2;182;65;90m██[38;2;238;70;114m██[38;2;184;67;94m██[38;2;39;110;166m██[38;2;42;124;188m██[38;2;37;111;166m██[38;2;42;124;187m██[38;2;42;123;188m██[38;2;41;121;184m██[38;2;29;88;128m██[38;2;0;0;0m        
[38;2;9;25;33m██[38;2;59;69;76m██[38;2;34;92;121m██[38;2;34;95;125m██[38;2;99;75;122m██[38;2;46;77;112m██[38;2;122;68;101m██[38;2;245;71;112m██[38;2;213;67;97m██[38;2;176;63;80m██[38;2;196;65;89m██[38;2;250;71;114m██[38;2;213;68;109m██[38;2;155;47;72m██[38;2;91;63;72m██[38;2;63;67;72m██[38;2;44;117;174m██[38;2;24;72;100m██[38;2;41;122;184m██[38;2;42;123;188m██[38;2;41;123;187m██[38;2;31;92;132m██[38;2;19;58;81m  [38;2;0;0;0m      
[38;2;9;22;30m██[38;2;47;78;97m██[38;2;44;82;103m██[38;2;50;77;92m██[38;2;149;69;115m██[38;2;188;72;138m██[38;2;142;62;100m██[38;2;49;35;37m  [38;2;209;66;111m██[38;2;212;72;123m██[38;2;178;66;120m██[38;2;189;71;137m██[38;2;189;72;137m██[38;2;181;67;128m██[38;2;153;61;103m██[38;2;103;66;91m██[38;2;43;119;177m██[38;2;37;111;167m██[38;2;41;122;186m██[38;2;41;123;188m██[38;2;42;124;188m██[38;2;35;107;159m██[38;2;25;74;103m██[38;2;11;34;49m██[38;2;0;0;0m    
[38;2;0;0;0m  [38;2;26;75;100m██[38;2;45;82;103m██[38;2;172;71;128m██[38;2;160;57;97m██[38;2;182;69;133m██[38;2;0;0;0m    [38;2;66;48;46m██[38;2;123;61;79m██[38;2;190;63;127m██[38;2;173;64;117m██[38;2;120;53;68m██[38;2;189;69;116m██[38;2;239;71;115m██[38;2;45;92;132m██[38;2;32;86;127m██[38;2;17;51;78m  [38;2;42;123;187m██[38;2;32;96;140m██[38;2;42;124;188m████[38;2;39;117;177m██[38;2;22;66;95m██[38;2;0;5;3m  [38;2;0;0;0m  
[38;2;0;0;0m  [38;2;11;32;43m  [38;2;59;63;85m██[38;2;175;67;129m██[38;2;31;11;19m  [38;2;0;0;0m    [38;2;2;2;3m██[38;2;52;76;93m██[38;2;48;77;104m██[38;2;67;73;101m██[38;2;58;93;124m██[38;2;105;71;99m██[38;2;77;89;127m██[38;2;59;81;112m██[38;2;29;67;94m██[38;2;1;4;6m  [38;2;7;20;30m  [38;2;41;122;184m██[38;2;37;112;167m██[38;2;31;94;136m██[38;2;42;123;188m████[38;2;36;106;161m██[38;2;34;101;151m██[38;2;0;0;0m  
[38;2;0;0;0m                [38;2;17;48;64m  [38;2;26;69;95m  [38;2;18;48;72m  [38;2;7;21;32m  [38;2;40;120;182m██[38;2;38;113;171m██[38;2;37;95;130m██[38;2;38;37;38m  [38;2;0;0;0m  [38;2;16;48;71m██[38;2;27;77;117m██[38;2;18;57;84m  [38;2;42;124;188m██[38;2;31;95;139m██[38;2;25;79;111m██[38;2;39;118;178m██[38;2;25;75;101m██[38;2;9;25;33m██
[38;2;0;0;0m                        [38;2;11;32;48m  [38;2;3;8;11m  [38;2;20;24;27m██[38;2;0;0;0m          [38;2;41;121;184m██[38;2;31;90;137m██[38;2;41;121;184m██[38;2;31;92;128m██[38;2;29;83;109m██[38;2;3;8;11m  
[38;2;0;0;0m                                            [38;2;42;122;184m██[38;2;12;35;53m  [38;2;22;61;82m  [38;2;0;0;0m  
[38;2;0;0;0m                                            [38;2;10;29;45m  [38;2;0;0;0m      [0m
