
[38;2;0;0;0m                [38;2;26;23;29m  [38;2;0;0;0m    [38;2;5;5;5m  [38;2;25;25;25m  [38;2;0;0;0m                                          
[38;2;0;0;0m                [38;2;101;89;115m██[38;2;0;0;0m    [38;2;94;103;113m██[38;2;97;97;97m██[38;2;0;0;0m                                          
[38;2;0;0;0m              [38;2;0;0;2m  [38;2;125;114;140m██[38;2;56;51;65m  [38;2;40;41;42m  [38;2;250;251;251m██[38;2;102;104;106m██[38;2;0;0;0m          [38;2;60;60;60m  [38;2;51;51;52m  [38;2;0;0;0m    [38;2;54;49;62m  [38;2;33;29;38m  [38;2;0;0;0m                    
[38;2;0;0;0m              [38;2;0;0;7m  [38;2;218;208;233m██[38;2;194;175;224m██[38;2;182;183;188m██[38;2;252;252;252m██[38;2;224;226;231m██[38;2;202;202;207m██[38;2;67;67;67m  [38;2;0;0;0m    [38;2;54;54;54m  [38;2;245;245;245m██[38;2;170;171;175m██[38;2;161;144;181m██[38;2;62;56;71m  [38;2;92;90;112m██[38;2;21;18;23m  [38;2;0;0;0m                    
[38;2;0;0;0m              [38;2;247;247;247m██[38;2;211;205;225m██[38;2;102;117;129m██[38;2;255;255;255m██████[38;2;252;251;253m  [38;2;235;228;246m██[38;2;53;47;61m  [38;2;0;0;0m  [38;2;129;129;129m██[38;2;208;193;235m██[38;2;91;80;104m  [38;2;0;0;0m  [38;2;100;89;111m██[38;2;3;3;3m  [38;2;0;0;0m                      
[38;2;0;0;0m              [38;2;247;247;247m██[38;2;243;244;245m██[38;2;232;234;236m██[38;2;180;187;200m██[38;2;126;137;159m██[38;2;224;209;242m██[38;2;209;188;234m██[38;2;200;180;230m██[38;2;191;172;221m██[38;2;204;199;211m██[38;2;243;237;249m██[38;2;203;180;231m██[38;2;0;0;0m                              
[38;2;11;13;18m  [38;2;45;50;69m██[38;2;86;87;86m██[38;2;226;225;230m██[38;2;252;251;255m██[38;2;108;108;108m██[38;2;81;81;81m██[38;2;145;133;169m██[38;2;242;242;243m██[38;2;231;225;244m  [38;2;188;192;203m██[38;2;149;146;159m██[38;2;128;122;141m██[38;2;104;97;118m██[38;2;12;14;15m  [38;2;139;125;161m██[38;2;198;177;230m██[38;2;179;160;207m██[38;2;26;23;29m  [38;2;0;0;0m  [38;2;55;54;70m  [38;2;40;39;50m  [38;2;0;0;0m                        
[38;2;5;5;5m  [38;2;47;56;65m██[38;2;118;128;178m██[38;2;107;104;126m██[38;2;200;191;219m██[38;2;250;248;253m██[38;2;245;245;245m██[38;2;70;69;78m██[38;2;247;248;251m██[38;2;241;239;245m██[38;2;110;85;94m██[38;2;211;91;115m██[38;2;124;139;189m██[38;2;18;23;28m  [38;2;0;0;0m  [38;2;4;4;5m  [38;2;22;19;25m██[38;2;16;14;18m  [38;2;0;0;0m    [38;2;66;65;71m██[38;2;108;106;126m██[38;2;156;153;197m██[38;2;137;139;137m██[38;2;226;226;226m██[38;2;0;0;0m                  
[38;2;19;21;28m  [38;2;99;112;146m██[38;2;140;129;149m  [38;2;188;170;216m██[38;2;197;177;228m██[38;2;197;178;227m██[38;2;166;165;162m██[38;2;251;251;251m██[38;2;155;165;196m██[38;2;147;151;212m██[38;2;222;105;145m██[38;2;197;178;227m██[38;2;168;161;180m██[38;2;128;128;128m  [38;2;0;0;0m          [38;2;114;114;114m██[38;2;133;129;155m██[38;2;116;109;130m██[38;2;121;111;133m██[38;2;160;148;188m██[38;2;228;221;243m██[38;2;230;223;244m██[38;2;196;177;230m  [38;2;135;119;154m██[38;2;82;72;94m████████[38;2;0;0;0m    
[38;2;0;0;0m  [38;2;4;5;7m  [38;2;75;66;86m██[38;2;202;178;230m██[38;2;105;117;133m██[38;2;193;172;222m██[38;2;143;130;157m██[38;2;114;111;129m██[38;2;190;174;227m██[38;2;197;178;228m██[38;2;103;101;106m██[38;2;184;166;211m██[38;2;8;7;6m  [38;2;0;0;0m          [38;2;187;187;187m  [38;2;233;227;243m██[38;2;187;169;216m██[38;2;196;177;227m██[38;2;197;178;228m██[38;2;189;172;220m██[38;2;196;177;227m██[38;2;196;177;228m██[38;2;194;175;225m██[38;2;105;111;133m██[38;2;114;117;142m██[38;2;203;178;230m██[38;2;200;177;231m██[38;2;189;173;231m██[38;2;187;164;213m██[38;2;49;43;56m  
[38;2;0;0;0m      [38;2;96;84;109m  [38;2;147;129;167m██[38;2;149;145;177m██[38;2;174;158;203m██[38;2;129;119;142m██[38;2;18;20;18m  [38;2;36;37;45m██[38;2;168;152;192m██[38;2;152;147;180m██[38;2;48;44;55m██[38;2;0;0;0m        [38;2;150;150;150m  [38;2;234;227;246m██[38;2;199;177;230m██[38;2;122;110;141m██[38;2;142;129;165m██[38;2;156;144;183m██[38;2;199;178;229m██[38;2;197;178;228m██[38;2;198;178;228m██[38;2;154;146;184m██[38;2;203;178;231m██[38;2;197;174;225m██[38;2;143;138;171m██[38;2;133;130;161m██[38;2;52;54;57m██[38;2;0;0;0m    
[38;2;0;0;0m        [38;2;2;2;3m  [38;2;7;6;8m██[38;2;93;86;108m██[38;2;202;178;231m██[38;2;0;0;0m    [38;2;116;102;132m██[38;2;107;118;135m██[38;2;77;68;88m██[38;2;0;0;0m        [38;2;239;235;248m██[38;2;196;177;230m██[38;2;7;6;8m██[38;2;1;0;1m  [38;2;5;5;6m  [38;2;177;163;208m██[38;2;93;82;106m██[38;2;197;178;228m██[38;2;200;178;229m██[38;2;196;173;224m██[38;2;101;108;129m██[38;2;110;114;138m██[38;2;199;178;229m██[38;2;196;177;227m██[38;2;194;175;223m██[38;2;0;0;0m    
[38;2;0;0;0m              [38;2;191;172;221m██[38;2;98;89;113m██[38;2;0;0;0m  [38;2;19;18;19m  [38;2;130;122;65m██[38;2;109;102;44m██[38;2;45;42;35m  [38;2;184;174;102m  [38;2;173;164;96m  [38;2;187;187;187m██[38;2;171;154;200m██[38;2;105;98;70m  [38;2;218;207;121m  [38;2;217;207;121m  [38;2;218;207;121m  [38;2;114;109;63m  [38;2;121;115;67m  [38;2;0;0;0m  [38;2;105;92;119m████[38;2;159;140;181m██[38;2;198;174;226m██[38;2;140;144;177m██[38;2;44;50;57m  [38;2;0;0;0m      
[38;2;0;0;0m                [38;2;203;178;231m██[38;2;0;0;0m    [38;2;65;65;65m████[38;2;129;116;14m██[38;2;147;140;81m  [38;2;52;55;65m██[38;2;216;198;237m██[38;2;149;130;169m██[38;2;173;164;96m  [38;2;218;207;121m        [38;2;121;115;67m  [38;2;0;0;0m        ████        
[38;2;0;0;0m                [38;2;48;42;55m  [38;2;137;126;151m██[38;2;114;117;121m██[38;2;108;103;49m██[38;2;115;108;51m██[38;2;177;176;177m██[38;2;171;171;171m██[38;2;219;206;234m  [38;2;121;109;135m██[38;2;140;133;78m  [38;2;218;207;121m          [38;2;121;115;67m  [38;2;0;0;0m                    
[38;2;0;0;0m                  [38;2;233;238;234m██[38;2;189;195;201m██[38;2;234;235;243m██[38;2;205;206;208m██[38;2;93;92;93m██[38;2;255;255;255m██[38;2;162;143;184m██[38;2;160;152;89m  [38;2;215;204;119m  [38;2;113;108;84m  [38;2;210;199;116m  [38;2;216;205;120m  [38;2;209;199;116m  [38;2;217;206;120m  [38;2;117;111;65m  [38;2;9;9;9m  [38;2;4;4;4m██[38;2;0;0;0m                
[38;2;0;0;0m                  [38;2;7;7;7m██[38;2;255;255;255m██[38;2;231;223;244m██[38;2;190;189;190m██[38;2;183;182;183m██[38;2;255;255;255m██[38;2;221;222;223m██[38;2;96;93;67m  [38;2;160;152;88m  [38;2;202;202;202m██[38;2;63;58;70m██[38;2;99;93;64m  [38;2;115;106;40m██[38;2;98;93;52m  [38;2;141;141;141m██[38;2;251;251;251m██[38;2;112;116;127m██[38;2;0;0;0m                
[38;2;0;0;0m                    [38;2;142;142;142m██[38;2;255;255;255m██[38;2;221;210;240m██[38;2;255;255;255m████[38;2;197;177;227m██[38;2;172;167;180m██[38;2;79;79;81m██[38;2;194;197;199m██[38;2;124;114;123m██[38;2;103;95;100m██[38;2;125;116;71m██[38;2;209;193;79m██[38;2;149;148;149m██[38;2;255;255;255m██[38;2;240;240;240m██[38;2;234;234;234m██[38;2;15;13;17m██[38;2;18;18;18m██[38;2;164;164;164m██[38;2;220;220;220m██[38;2;18;18;18m██[38;2;0;0;0m    
[38;2;0;0;0m                    [38;2;124;119;134m██[38;2;255;255;255m██████[38;2;231;223;244m██[38;2;185;166;209m██[38;2;170;168;171m██[38;2;254;254;255m██[38;2;114;114;107m██[38;2;163;146;177m██[38;2;150;157;162m██[38;2;106;109;106m██[38;2;227;222;176m██[38;2;156;154;138m██[38;2;142;142;142m██[38;2;146;132;163m██[38;2;147;135;165m██[38;2;199;178;229m██[38;2;209;209;210m██[38;2;161;161;161m██[38;2;103;103;103m██[38;2;206;206;206m██[38;2;151;151;151m██[38;2;40;40;40m  
[38;2;0;0;0m                  [38;2;5;5;6m██[38;2;131;122;154m██[38;2;188;172;215m██[38;2;248;246;252m██[38;2;240;236;248m██[38;2;188;172;222m██[38;2;180;163;198m██[38;2;214;213;210m██[38;2;255;255;255m████[38;2;167;150;183m██[38;2;174;154;193m██[38;2;150;134;167m██[38;2;218;212;161m██[38;2;159;155;124m██[38;2;198;174;226m██[38;2;29;30;29m  [38;2;56;59;72m██[38;2;175;158;202m██[38;2;0;0;7m  [38;2;0;0;2m  [38;2;0;0;0m        
[38;2;0;0;0m                  [38;2;2;1;2m  [38;2;146;128;166m██[38;2;152;136;166m██[38;2;168;152;189m██[38;2;197;178;228m██[38;2;131;134;159m██[38;2;143;146;146m██[38;2;252;253;255m██[38;2;255;255;255m██[38;2;225;216;242m██[38;2;197;178;227m██[38;2;92;85;89m██[38;2;134;122;105m██[38;2;203;187;71m██[38;2;95;91;67m██[38;2;198;174;226m██[38;2;0;0;0m                  
[38;2;0;0;0m                      [38;2;175;153;199m██[38;2;128;118;129m██[38;2;247;245;251m██[38;2;198;180;231m██[38;2;96;88;94m██[38;2;229;221;239m██[38;2;252;251;254m██[38;2;206;190;234m██[38;2;196;172;223m██[38;2;68;65;76m██[38;2;100;94;41m██[38;2;140;127;23m██[38;2;110;103;124m██[38;2;4;4;5m  [38;2;0;0;0m                  
[38;2;0;0;0m                      [38;2;18;13;10m██[38;2;161;156;164m██[38;2;249;245;252m██[38;2;207;186;233m██[38;2;132;117;144m██[38;2;54;49;62m██[38;2;174;183;215m██[38;2;195;177;227m██[38;2;79;74;93m██[38;2;7;5;3m  [38;2;51;46;7m██[38;2;147;131;160m██[38;2;148;130;167m██[38;2;4;3;4m  [38;2;0;0;0m                  
[38;2;0;0;0m                  [38;2;0;0;1m  [38;2;22;24;35m██[38;2;121;126;167m██[38;2;87;80;99m██[38;2;157;151;162m██[38;2;53;46;60m  [38;2;0;0;0m    [38;2;47;43;55m██[38;2;129;135;183m██[38;2;148;132;170m██[38;2;5;4;6m  [38;2;0;0;0m                          
[38;2;0;0;0m                  [38;2;1;1;1m  [38;2;36;39;56m██[38;2;30;29;35m██[38;2;59;53;67m██[38;2;0;0;0m        [38;2;123;133;148m██[38;2;148;161;180m██[38;2;153;143;181m██[38;2;29;26;33m██[38;2;0;0;0m                          
[38;2;0;0;0m                                [38;2;103;109;122m  [38;2;128;136;153m██[38;2;96;106;122m██[38;2;99;106;116m  [38;2;0;0;0m                            
[38;2;0;0;0m                                  [38;2;24;26;29m██[38;2;10;11;13m  [38;2;0;0;0m                              [0m
