
[38;2;11;11;1m  [38;2;44;46;7m            [38;2;11;12;1m  [38;2;44;46;7m    [38;2;13;14;1m    [38;2;44;46;7m                      [38;2;11;11;1m  
[38;2;44;46;7m  [38;2;179;187;29m  [38;2;179;187;28m  [38;2;179;187;29m  [38;2;179;187;28m  [38;2;179;187;29m  [38;2;146;152;23m  [38;2;94;97;1m  [38;2;80;84;12m  [38;2;79;84;12m  [38;2;163;170;20m██[38;2;161;169;16m██[38;2;80;84;12m  [38;2;179;187;29m  [38;2;146;152;23m  [38;2;46;49;7m  [38;2;179;187;28m  [38;2;179;187;29m  [38;2;179;187;28m  [38;2;179;187;29m  [38;2;179;187;28m  [38;2;179;187;29m  [38;2;179;187;28m  [38;2;44;46;7m  
[38;2;44;46;7m  [38;2;178;186;29m          [38;2;134;141;21m  [38;2;129;127;1m██[38;2;156;162;1m██[38;2;162;170;12m██[38;2;160;164;4m██[38;2;199;209;16m██[38;2;73;76;10m  [38;2;72;76;9m  [38;2;85;89;6m██[38;2;195;205;15m██[38;2;46;49;7m  [38;2;178;186;29m            [38;2;44;46;7m  
[38;2;44;46;7m  [38;2;179;187;29m  [38;2;179;187;28m  [38;2;179;187;29m  [38;2;179;187;28m  [38;2;79;84;12m  [38;2;74;78;5m  [38;2;107;122;34m██[38;2;116;116;41m██[38;2;199;209;15m██[38;2;189;197;13m██[38;2;199;209;16m██[38;2;187;196;17m██[38;2;186;196;15m██[38;2;166;171;6m██[38;2;195;205;15m██[38;2;123;130;13m  [38;2;146;152;23m  [38;2;179;187;28m  [38;2;179;187;29m  [38;2;179;187;28m  [38;2;179;187;29m  [38;2;179;187;28m  [38;2;44;46;7m  
[38;2;44;46;7m  [38;2;178;186;29m      [38;2;134;141;21m  [38;2;154;163;4m██[38;2;141;142;20m██[38;2;125;128;36m██[38;2;174;182;27m██[38;2;145;148;16m██[38;2;199;209;16m████[38;2;160;164;4m██[38;2;179;186;10m██[38;2;195;205;15m██[38;2;186;194;12m██[38;2;188;197;16m██[38;2;88;93;7m██[38;2;72;76;8m  [38;2;167;175;27m  [38;2;178;186;29m      [38;2;44;46;7m  
[38;2;44;46;7m  [38;2;179;187;29m  [38;2;179;187;28m  [38;2;179;187;29m  [38;2;62;65;5m  [38;2;102;104;40m██[38;2;166;173;30m████[38;2;174;182;27m██[38;2;174;182;25m██[38;2;160;164;4m██[38;2;189;197;13m██[38;2;199;209;16m██[38;2;189;197;13m██[38;2;167;172;6m██[38;2;186;194;12m██[38;2;160;164;4m██[38;2;199;209;16m██[38;2;150;157;12m██[38;2;134;141;21m  [38;2;179;187;28m  [38;2;179;187;29m  [38;2;179;187;28m  [38;2;44;46;7m  
[38;2;44;46;7m  [38;2;178;186;29m    [38;2;79;84;12m  [38;2;119;122;0m██[38;2;131;134;12m██[38;2;126;128;29m██[38;2;119;121;69m██[38;2;166;173;30m██[38;2;141;137;47m██[38;2;189;175;91m██[38;2;161;158;30m██[38;2;171;168;40m██[38;2;168;172;32m██[38;2;166;173;30m██[38;2;191;200;21m██[38;2;167;172;6m██[38;2;192;200;3m██[38;2;63;66;9m  [38;2;134;141;21m  [38;2;178;186;29m      [38;2;44;46;7m  
[38;2;44;46;7m  [38;2;179;187;29m  [38;2;179;187;28m  [38;2;179;187;29m  [38;2;38;40;0m██[38;2;85;86;49m██[38;2;104;98;90m██[38;2;110;104;84m██[38;2;166;173;30m██[38;2;183;162;138m██[38;2;203;183;122m██[38;2;217;192;152m██[38;2;187;169;134m██[38;2;80;78;63m██[38;2;77;74;67m██[38;2;94;94;57m██[38;2;195;205;15m██[38;2;106;117;36m██[38;2;131;129;17m██[38;2;110;114;0m██[38;2;80;84;12m  [38;2;179;187;29m  [38;2;179;187;28m  [38;2;44;46;7m  
[38;2;44;46;7m  [38;2;178;186;29m  [38;2;167;175;27m  [38;2;62;65;5m  [38;2;141;144;4m██[38;2;106;108;44m██[38;2;75;72;67m██[38;2;101;100;101m██[38;2;170;182;26m██[38;2;94;94;57m██[38;2;163;139;119m██[38;2;105;70;61m██[38;2;101;100;101m██[38;2;69;67;66m██[38;2;81;77;67m██[38;2;94;94;57m██[38;2;184;192;12m██[38;2;190;186;21m██[38;2;86;86;49m██[38;2;121;123;0m██[38;2;79;84;12m  [38;2;178;186;29m    [38;2;44;46;7m  
[38;2;44;46;7m  [38;2;179;187;29m  [38;2;167;175;27m  [38;2;62;65;5m  [38;2;125;128;16m██[38;2;166;173;30m██[38;2;143;147;39m██[38;2;107;103;101m██[38;2;172;130;69m██[38;2;145;155;34m██[38;2;111;101;100m██[38;2;246;212;203m██[38;2;107;103;101m██[38;2;80;75;67m██[38;2;94;94;57m██[38;2;191;200;21m██[38;2;117;119;41m██[38;2;150;90;86m██[38;2;119;83;77m██[38;2;110;111;12m██[38;2;46;49;7m  [38;2;146;152;23m  [38;2;179;187;28m  [38;2;44;46;7m  
[38;2;44;46;7m  [38;2;178;186;29m      [38;2;62;65;5m  [38;2;67;82;44m██[38;2;173;174;18m██[38;2;185;109;62m██[38;2;136;78;65m██[38;2;153;109;51m██[38;2;100;99;36m██[38;2;85;86;49m██[38;2;119;79;82m██[38;2;135;83;87m██[38;2;161;165;4m██[38;2;174;182;27m██[38;2;124;101;94m██[38;2;182;136;124m██[38;2;180;163;138m██[38;2;125;128;16m██[38;2;137;140;0m██[38;2;62;65;5m  [38;2;178;186;29m  [38;2;44;46;7m  
[38;2;44;46;7m  [38;2;179;187;29m  [38;2;179;187;28m  [38;2;179;187;29m  [38;2;70;60;29m  [38;2;115;71;72m██[38;2;85;82;61m██[38;2;213;126;90m██[38;2;255;130;81m██[38;2;255;136;81m██[38;2;186;121;63m██[38;2;92;104;32m██[38;2;116;114;30m██[38;2;135;83;87m██[38;2;138;102;65m██[38;2;122;86;78m██[38;2;156;95;97m██[38;2;206;176;150m██[38;2;171;127;117m██[38;2;114;105;71m██[38;2;62;65;5m  [38;2;167;175;27m  [38;2;179;187;28m  [38;2;44;46;7m  
[38;2;44;46;7m  [38;2;178;186;29m    [38;2;145;152;23m  [38;2;54;27;27m██[38;2;123;59;64m██[38;2;91;79;75m██[38;2;120;101;98m██[38;2;139;82;67m██[38;2;114;73;64m██[38;2;124;72;58m██[38;2;102;85;59m██[38;2;112;119;21m██[38;2;128;89;82m██[38;2;146;92;89m██[38;2;149;87;92m██[38;2;136;84;88m██[38;2;152;88;93m██[38;2;151;87;92m██[38;2;107;74;77m██[38;2;94;97;1m  [38;2;146;152;23m  [38;2;178;186;29m  [38;2;44;46;7m  
[38;2;44;46;7m  [38;2;179;187;29m  [38;2;46;49;7m  [38;2;49;49;38m  [38;2;124;60;65m████[38;2;105;68;70m██[38;2;152;134;126m██[38;2;131;113;104m██[38;2;94;67;61m██[38;2;114;94;78m██[38;2;105;117;70m██[38;2;100;110;61m██[38;2;210;190;155m██[38;2;212;188;157m██[38;2;165;110;108m██[38;2;71;66;67m██[38;2;87;70;72m██[38;2;146;82;87m████[38;2;49;49;38m  [38;2;146;152;23m  [38;2;179;187;28m  [38;2;44;46;7m  
[38;2;33;35;5m  [38;2;72;76;9m  [38;2;198;208;19m██[38;2;170;175;7m██[38;2;93;83;52m██[38;2;110;60;64m██[38;2;83;49;42m  [38;2;46;49;7m  [38;2;134;116;107m██[38;2;149;130;116m██[38;2;189;167;143m██[38;2;218;192;161m██[38;2;219;197;163m██[38;2;221;195;163m██[38;2;157;137;120m██[38;2;69;64;65m██[38;2;147;151;0m██[38;2;120;119;15m██[38;2;104;88;33m██[38;2;146;82;87m██[38;2;146;86;91m██[38;2;46;34;33m██[38;2;145;152;23m  [38;2;44;46;7m  
[38;2;40;37;8m  [38;2;152;157;8m██[38;2;168;179;45m██[38;2;171;175;9m██[38;2;141;145;4m██[38;2;126;127;14m██[38;2;46;50;8m  [38;2;179;187;29m  [38;2;48;48;25m██[38;2;152;112;106m██[38;2;108;70;72m██[38;2;101;94;88m██[38;2;104;94;90m██[38;2;104;96;90m██[38;2;136;96;99m██[38;2;69;64;65m██[38;2;74;74;37m██[38;2;111;115;17m  [38;2;54;52;25m██[38;2;101;87;65m██[38;2;107;96;62m██[38;2;166;173;30m██[38;2;49;49;38m  [38;2;11;12;1m  
[38;2;32;30;14m  [38;2;179;166;126m██[38;2;146;147;46m██[38;2;122;123;33m██[38;2;129;133;16m██[38;2;34;36;4m██[38;2;178;186;29m  [38;2;79;84;12m  [38;2;82;86;43m██[38;2;89;85;45m██[38;2;117;65;68m██[38;2;125;60;65m██[38;2;110;92;83m██[38;2;174;127;94m██[38;2;85;86;49m██[38;2;146;149;0m██[38;2;48;48;15m  [38;2;168;175;27m  [38;2;115;119;18m  [38;2;128;132;52m██[38;2;199;209;18m██[38;2;195;205;20m██[38;2;155;162;10m██[38;2;14;15;0m  
[38;2;42;38;30m██[38;2;190;166;142m██[38;2;202;180;151m██[38;2;152;131;115m██[38;2;112;111;97m██[38;2;107;113;20m  [38;2;179;187;28m  [38;2;79;84;12m  [38;2;84;84;41m██[38;2;86;90;48m██[38;2;95;63;66m██[38;2;91;63;65m██[38;2;86;71;62m██[38;2;132;135;12m██[38;2;115;118;24m██[38;2;85;86;49m██[38;2;87;50;50m██[38;2;135;142;21m  [38;2;52;55;4m██[38;2;170;175;7m██[38;2;189;197;13m██[38;2;172;179;21m██[38;2;192;185;92m██[38;2;45;45;0m██
[38;2;0;0;0m  [38;2;121;106;91m  [38;2;82;71;60m  [38;2;97;86;81m  [38;2;38;23;21m  [38;2;146;81;86m  [38;2;137;77;81m  [38;2;41;29;28m  [38;2;80;71;75m██[38;2;105;66;70m██[38;2;113;61;65m██[38;2;100;48;52m██[38;2;38;23;21m  [38;2;46;37;39m  [38;2;128;64;69m██[38;2;146;82;87m██[38;2;153;88;94m██[38;2;52;36;35m██[38;2;110;62;65m  [38;2;167;147;122m██[38;2;167;161;66m██[38;2;152;162;79m██[38;2;195;173;141m██[38;2;45;40;34m██
[38;2;0;0;0m        [38;2;119;67;70m  [38;2;146;81;87m  [38;2;63;46;43m  [38;2;97;84;80m██[38;2;148;126;118m██[38;2;141;120;113m██[38;2;130;112;106m██[38;2;22;18;16m██[38;2;146;81;87m  [38;2;118;68;72m  [38;2;63;36;36m██[38;2;151;88;93m██[38;2;93;72;72m██[38;2;100;84;86m██[38;2;56;33;32m  [38;2;70;54;46m  [38;2;171;153;131m██[38;2;217;187;164m██[38;2;151;131;111m██[38;2;45;40;35m██
[38;2;0;0;0m        [38;2;109;61;65m    [38;2;82;46;48m  [38;2;2;3;0m  [38;2;93;74;69m██[38;2;131;113;104m██[38;2;2;3;0m  [38;2;82;46;48m  [38;2;109;61;65m    [38;2;35;23;20m██[38;2;111;94;90m██[38;2;172;152;129m██[38;2;90;79;74m██[38;2;83;73;67m██[38;2;82;47;48m  [38;2;30;27;21m  [38;2;110;93;82m██[38;2;0;0;0m    
[38;2;0;0;0m                [38;2;0;1;0m    [38;2;0;0;0m        [38;2;5;5;3m  [38;2;48;44;35m██[38;2;33;29;25m████[38;2;40;36;30m  [38;2;0;0;0m    [38;2;0;1;0m  [38;2;0;0;0m    [0m
