
[38;2;0;0;0m                            [38;2;29;29;26m██[38;2;34;34;28m██[38;2;28;27;23m██[38;2;0;0;0m                        
[38;2;0;0;0m                        [38;2;48;48;40m  [38;2;65;65;53m██[38;2;114;114;96m██[38;2;116;116;97m██[38;2;112;111;93m██[38;2;53;53;46m██[38;2;33;33;29m  [38;2;0;0;0m                    
[38;2;0;0;0m                      [38;2;25;25;21m  [38;2;101;101;88m██[38;2;191;185;169m██[38;2;97;97;83m██[38;2;86;87;72m██[38;2;82;81;75m██[38;2;105;105;86m██[38;2;71;70;63m██[38;2;0;0;0m                    
[38;2;0;0;0m                [38;2;68;66;61m  [38;2;67;64;59m  [38;2;74;72;66m  [38;2;81;80;76m██[38;2;144;135;123m██[38;2;193;187;171m██[38;2;116;92;89m██[38;2;79;84;73m██[38;2;198;116;139m██[38;2;82;78;71m██[38;2;76;75;66m██[38;2;44;45;44m  [38;2;0;0;0m                  
[38;2;0;0;0m                [38;2;110;106;97m██[38;2;227;216;202m██[38;2;165;158;147m██[38;2;113;110;106m██[38;2;93;87;81m██[38;2;201;172;169m██[38;2;85;75;71m██[38;2;233;61;119m██[38;2;232;149;166m██[38;2;175;168;143m██[38;2;73;72;65m██[38;2;62;63;59m██[38;2;0;0;0m      [38;2;22;23;21m████[38;2;18;19;17m  [38;2;0;0;0m      
[38;2;0;0;0m                [38;2;140;136;125m██[38;2;216;209;193m██[38;2;107;104;101m██[38;2;224;216;200m██[38;2;71;70;69m██[38;2;213;166;169m██[38;2;219;165;173m██[38;2;103;62;82m██[38;2;143;141;128m██[38;2;175;168;143m██[38;2;70;71;65m██[38;2;76;77;64m██[38;2;19;19;19m  [38;2;8;8;7m  [38;2;68;71;65m██[38;2;91;95;86m██[38;2;45;47;43m██[38;2;31;32;30m██[38;2;20;20;19m  [38;2;0;0;0m    
[38;2;0;0;0m              [38;2;20;20;19m  [38;2;110;108;97m██[38;2;154;149;129m██[38;2;94;93;85m██[38;2;148;144;125m██[38;2;105;103;93m██[38;2;95;93;86m██[38;2;94;92;86m██[38;2;180;172;147m██[38;2;152;147;127m██[38;2;65;66;65m██[38;2;71;72;65m██[38;2;68;69;65m██[38;2;81;83;78m██[38;2;92;95;86m██[38;2;110;113;102m██[38;2;23;24;23m██[38;2;7;7;7m  [38;2;0;0;0m  [38;2;64;67;61m██[38;2;0;0;0m    
[38;2;0;0;0m          [38;2;0;2;0m  [38;2;66;69;62m██[38;2;89;92;84m██[38;2;89;89;83m██[38;2;87;90;84m██[38;2;131;125;105m██[38;2;71;71;69m██[38;2;152;147;127m██[38;2;95;93;87m██[38;2;94;92;86m██[38;2;94;91;86m██[38;2;75;76;65m████[38;2;71;72;65m██[38;2;68;69;65m██[38;2;81;83;78m██[38;2;101;104;94m██[38;2;184;188;164m██[38;2;170;174;154m██[38;2;169;174;157m██[38;2;172;178;161m██[38;2;117;121;111m██[38;2;0;0;0m    
[38;2;0;0;0m    [38;2;108;111;101m██[38;2;230;238;214m██[38;2;71;74;67m██[38;2;98;101;92m██[38;2;120;124;113m██[38;2;117;120;107m██[38;2;110;113;101m██[38;2;93;97;90m██[38;2;151;155;134m██[38;2;96;98;92m██[38;2;97;99;92m██[38;2;92;95;87m██[38;2;88;91;84m██[38;2;94;92;86m██[38;2;93;92;85m██[38;2;94;92;85m██[38;2;77;77;73m██[38;2;75;76;66m██[38;2;84;86;80m██[38;2;157;162;143m██[38;2;104;107;96m██[38;2;183;187;164m██[38;2;154;159;145m██[38;2;172;175;151m██[38;2;155;158;139m██[38;2;37;38;33m  [38;2;0;0;0m  
[38;2;0;0;0m  [38;2;133;138;125m  [38;2;230;238;214m██[38;2;168;174;158m██[38;2;170;176;160m██[38;2;204;211;191m████[38;2;220;227;203m██[38;2;137;133;114m██[38;2;99;102;92m██[38;2;117;120;108m████[38;2;195;199;176m██[38;2;167;171;151m██[38;2;78;80;76m██[38;2;181;173;147m████[38;2;176;168;144m██[38;2;83;83;74m██[38;2;67;68;66m██[38;2;91;95;87m██[38;2;92;94;86m██[38;2;92;92;82m██[38;2;213;220;189m██[38;2;231;239;215m██[38;2;231;239;216m██[38;2;185;191;170m██[38;2;90;93;84m██[38;2;0;0;0m  
[38;2;33;34;31m██[38;2;130;134;123m██[38;2;117;120;111m██[38;2;210;217;196m██[38;2;221;229;207m██[38;2;226;233;211m██[38;2;177;183;166m██[38;2;195;202;183m██[38;2;126;122;110m██[38;2;161;164;146m██[38;2;128;130;118m██[38;2;97;90;81m██[38;2;94;93;85m████[38;2;108;105;96m██[38;2;180;173;147m██[38;2;181;172;147m██[38;2;175;168;143m██[38;2;70;71;65m██[38;2;66;67;66m██[38;2;85;87;81m██[38;2;104;105;92m██[38;2;164;168;151m██[38;2;208;215;195m██[38;2;231;239;215m██[38;2;228;236;213m██[38;2;203;207;184m██[38;2;178;181;161m██[38;2;30;31;28m██
[38;2;33;34;31m██[38;2;131;135;124m██[38;2;115;111;101m██[38;2;230;238;215m██[38;2;196;203;184m██[38;2;150;155;141m██[38;2;129;133;121m████[38;2;174;178;161m██[38;2;113;116;107m██[38;2;93;93;89m██[38;2;95;89;83m██[38;2;94;92;86m████[38;2;65;65;65m██[38;2;94;92;86m████[38;2;93;90;85m██[38;2;92;94;89m██[38;2;113;116;107m████[38;2;151;156;140m██[38;2;132;136;124m██[38;2;132;137;125m██[38;2;154;159;145m██[38;2;199;205;181m██[38;2;195;198;175m██[38;2;195;198;174m██[38;2;49;50;44m██
[38;2;31;32;29m██[38;2;66;61;55m██[38;2;43;48;47m  [38;2;206;213;190m██[38;2;200;206;186m██[38;2;194;200;181m██[38;2;230;238;215m██[38;2;163;169;153m██[38;2;230;237;214m██[38;2;230;238;214m██[38;2;230;238;215m██████████[38;2;228;236;214m██[38;2;155;160;146m██[38;2;206;213;192m██[38;2;186;193;175m██[38;2;129;133;121m██████[38;2;129;133;122m██[38;2;208;216;195m██[38;2;173;178;161m██[38;2;117;120;109m██[38;2;155;158;141m██[38;2;151;153;134m██[38;2;0;0;0m  
[38;2;5;6;5m  [38;2;5;5;4m  [38;2;0;0;0m  [38;2;155;159;140m██[38;2;176;180;158m██[38;2;126;130;118m██[38;2;230;238;215m██[38;2;231;239;215m██[38;2;199;206;187m██[38;2;154;159;145m██[38;2;187;193;175m██[38;2;231;239;216m██[38;2;231;238;215m██[38;2;231;239;215m██[38;2;231;238;216m██[38;2;229;237;214m██[38;2;154;159;145m██[38;2;130;134;123m██[38;2;154;159;145m██[38;2;129;133;121m██████[38;2;111;114;105m██[38;2;105;108;99m██[38;2;120;124;112m██[38;2;132;135;121m██[38;2;73;75;67m██[38;2;37;37;32m  [38;2;0;0;0m  
[38;2;0;0;0m        [38;2;159;163;143m██[38;2;128;132;118m██[38;2;154;159;143m██[38;2;221;228;205m██[38;2;177;182;161m██[38;2;122;126;115m██[38;2;152;157;143m██[38;2;220;227;204m██[38;2;145;150;139m██[38;2;220;227;203m██[38;2;204;211;191m██[38;2;154;159;145m████[38;2;231;239;216m██[38;2;164;164;148m██[38;2;89;88;83m██[38;2;85;87;81m████[38;2;89;92;85m██[38;2;88;91;83m██[38;2;68;71;65m██[38;2;0;0;0m        
[38;2;0;0;0m        [38;2;15;16;14m  [38;2;48;49;43m██[38;2;166;170;151m██[38;2;185;189;160m██[38;2;93;96;87m██[38;2;92;95;87m████[38;2;187;192;169m██[38;2;124;126;110m██[38;2;120;124;111m██[38;2;168;174;158m██[38;2;230;238;215m████[38;2;231;239;216m██[38;2;230;238;215m██[38;2;190;194;175m██[38;2;189;194;177m████[38;2;111;114;104m██[38;2;19;22;23m  [38;2;0;0;0m          
[38;2;0;0;0m              [38;2;63;65;61m  [38;2;76;77;70m██[38;2;85;87;81m██████[38;2;84;86;79m██[38;2;76;74;66m██[38;2;151;156;143m██[38;2;231;239;216m██[38;2;216;222;199m██[38;2;222;229;205m██[38;2;221;228;205m██[38;2;192;196;172m██[38;2;163;166;148m██[38;2;68;67;65m██[38;2;113;109;95m██[38;2;0;2;5m  [38;2;0;0;0m          
[38;2;0;0;0m                [38;2;35;34;29m██[38;2;73;72;65m██[38;2;80;79;69m██[38;2;78;72;66m██[38;2;72;72;71m████[38;2;79;81;78m██[38;2;109;113;105m██[38;2;218;224;201m██[38;2;221;228;205m██[38;2;204;210;186m██[38;2;94;95;90m██[38;2;69;68;64m██[38;2;91;91;75m██[38;2;29;28;24m██[38;2;0;0;0m            
[38;2;0;0;0m                  [38;2;124;120;103m  [38;2;119;113;99m██[38;2;90;90;75m██[38;2;138;133;114m██[38;2;102;99;86m██[38;2;97;97;83m██[38;2;98;96;78m██[38;2;93;93;85m██[38;2;67;66;64m██[38;2;65;65;65m██[38;2;78;77;69m██[38;2;152;147;127m██[38;2;48;48;42m  [38;2;0;0;0m              
[38;2;0;0;0m                  [38;2;0;0;1m  [38;2;38;38;33m██[38;2;189;177;159m██[38;2;100;92;86m██[38;2;94;92;86m██[38;2;81;79;75m██[38;2;94;91;84m██[38;2;94;92;86m██[38;2;75;71;64m██[38;2;152;145;123m██[38;2;69;70;59m██[38;2;36;36;33m██[38;2;0;0;0m                
[38;2;0;0;0m                    [38;2;29;30;28m  [38;2;108;107;93m██[38;2;149;141;133m██[38;2;80;80;71m██[38;2;135;132;120m██[38;2;189;183;168m██[38;2;78;78;69m██[38;2;150;144;123m██[38;2;99;95;81m██[38;2;92;91;78m██[38;2;30;30;25m  [38;2;0;0;0m                
[38;2;0;0;0m                      [38;2;54;52;48m  [38;2;94;86;84m██[38;2;78;71;67m██[38;2;135;128;119m██[38;2;189;183;168m██[38;2;78;78;69m██[38;2;150;144;123m██[38;2;98;90;79m██[38;2;21;16;17m  [38;2;0;0;0m                  
[38;2;0;0;0m                        [38;2;113;104;91m██[38;2;189;183;168m██[38;2;72;70;66m██[38;2;71;64;65m██[38;2;93;93;85m██[38;2;68;64;59m██[38;2;112;109;93m██[38;2;0;0;0m                    
[38;2;0;0;0m                        [38;2;26;24;21m  [38;2;17;17;16m██[38;2;114;110;96m██[38;2;152;145;126m██[38;2;100;98;85m██[38;2;147;142;121m██[38;2;10;10;8m  [38;2;0;0;0m                    
[38;2;0;0;0m                            [38;2;49;46;40m██[38;2;98;92;82m██[38;2;80;77;74m██[38;2;0;0;0m                        
[38;2;0;0;0m                            [38;2;177;170;151m██[38;2;179;171;146m██[38;2;60;53;48m██[38;2;0;0;0m                        
[38;2;0;0;0m                            [38;2;202;195;180m██[38;2;113;110;99m██[38;2;101;93;83m██[38;2;0;0;0m                        
[38;2;0;0;0m                            [38;2;28;27;25m  [38;2;57;55;50m██[38;2;41;39;35m██[38;2;0;0;0m                        [0m
