
[38;2;0;0;0m      [38;2;34;60;62m  [38;2;38;67;69m    [38;2;18;32;33m  [38;2;33;60;62m██[38;2;8;7;8m  [38;2;38;67;69m        [38;2;26;46;47m  [38;2;0;0;0m  [38;2;38;67;69m                [38;2;10;18;18m  
[38;2;0;0;0m      [38;2;128;220;228m  [38;2;143;245;255m  [38;2;143;246;255m  [38;2;67;120;124m  [38;2;125;225;234m██[38;2;58;88;91m██[38;2;25;44;46m  [38;2;106;183;189m  [38;2;116;199;207m  [38;2;25;44;46m  [38;2;50;90;93m  [38;2;105;189;197m██[38;2;72;124;128m  [38;2;143;246;255m    [38;2;143;245;255m          [38;2;38;66;69m  
[38;2;0;0;0m      [38;2;128;220;228m  [38;2;143;246;255m  [38;2;92;158;164m  [38;2;89;161;167m██[38;2;73;159;165m██[38;2;129;232;240m██[38;2;125;227;236m██[38;2;65;121;126m██[38;2;65;118;122m██[38;2;129;232;241m██[38;2;129;231;240m██[38;2;88;159;166m██[38;2;88;151;156m  [38;2;143;245;255m  [38;2;143;246;255m          [38;2;143;245;255m  [38;2;38;66;69m  
[38;2;0;0;0m      [38;2;128;220;228m  [38;2;143;245;255m  [38;2;2;5;5m  [38;2;101;195;202m██[38;2;123;225;234m██[38;2;96;189;196m██[38;2;82;171;177m██[38;2;127;229;238m██[38;2;129;232;241m██[38;2;129;231;241m██[38;2;114;208;217m██[38;2;11;23;24m██[38;2;143;246;255m        [38;2;143;245;255m  [38;2;143;246;255m      [38;2;38;66;69m  
[38;2;0;0;0m      [38;2;128;220;228m  [38;2;143;246;255m  [38;2;2;5;5m  [38;2;112;210;217m██[38;2;101;196;203m██[38;2;116;215;223m██[38;2;108;145;154m██[38;2;102;152;158m██[38;2;149;69;70m  [38;2;95;136;133m██[38;2;51;103;109m██[38;2;122;210;217m  [38;2;143;246;255m  [38;2;143;245;255m    [38;2;143;246;255m          [38;2;38;66;69m  
[38;2;0;0;0m      [38;2;128;220;228m  [38;2;143;245;255m  [38;2;143;246;255m  [38;2;67;120;125m██[38;2;129;232;241m██[38;2;90;130;134m██[38;2;215;64;89m██[38;2;173;39;62m██[38;2;253;75;76m██[38;2;113;147;136m██[38;2;44;76;79m  [38;2;143;246;255m          [38;2;143;245;255m    [38;2;143;246;255m    [38;2;38;66;69m  
[38;2;0;0;0m      [38;2;128;220;228m  [38;2;143;246;255m    [38;2;67;120;125m██[38;2;98;192;199m██[38;2;129;232;241m██[38;2;193;191;155m██[38;2;239;128;87m██[38;2;211;87;35m██[38;2;95;142;132m██[38;2;44;76;79m  [38;2;143;245;255m  [38;2;143;246;255m              [38;2;142;246;255m  [38;2;38;66;69m  
[38;2;0;0;0m      [38;2;128;220;228m  [38;2;143;246;255m  [38;2;142;246;255m  [38;2;75;129;134m  [38;2;121;204;208m██[38;2;186;104;42m██████[38;2;219;122;66m██[38;2;27;19;19m██[38;2;143;246;255m  [38;2;143;245;255m  [38;2;143;246;255m              [38;2;142;246;255m  [38;2;38;66;69m  
[38;2;0;0;0m      [38;2;128;220;228m  [38;2;143;246;255m      [38;2;91;149;153m  [38;2;92;50;23m██[38;2;252;143;73m██[38;2;221;123;56m██[38;2;104;133;119m██[38;2;51;60;61m██[38;2;51;89;92m  [38;2;129;223;231m  [38;2;143;246;255m        [38;2;143;245;255m  [38;2;143;246;255m      [38;2;38;66;69m  
[38;2;0;0;0m      [38;2;104;180;186m  [38;2;78;132;136m  [38;2;23;42;43m██[38;2;130;224;232m  [38;2;143;246;255m  [38;2;143;245;255m  [38;2;36;74;66m  [38;2;79;129;124m██[38;2;72;157;163m██[38;2;68;87;89m██[38;2;231;69;97m██[38;2;26;8;11m██[38;2;143;245;255m  [38;2;143;246;255m      [38;2;142;245;255m  [38;2;143;245;255m      [38;2;38;66;69m  
[38;2;14;29;31m  [38;2;52;109;114m██[38;2;0;0;0m  [38;2;84;151;157m  [38;2;92;149;146m██[38;2;129;231;240m██[38;2;74;128;132m  [38;2;143;246;255m  [38;2;143;245;255m  [38;2;122;210;217m  [38;2;77;145;150m██[38;2;116;215;223m██[38;2;115;196;203m██[38;2;151;71;94m██[38;2;71;51;55m██[38;2;39;67;69m  [38;2;136;234;243m  [38;2;143;246;255m    [38;2;84;145;150m  [38;2;49;85;88m  [38;2;143;246;255m  [38;2;143;245;255m  [38;2;38;66;69m  
[38;2;0;0;0m    [38;2;46;89;95m██[38;2;119;213;222m██[38;2;98;140;138m██[38;2;79;109;111m██[38;2;64;106;109m██[38;2;103;178;185m  [38;2;53;95;99m  [38;2;31;60;63m██[38;2;117;213;222m██[38;2;129;232;241m████[38;2;114;193;201m██[38;2;60;97;99m██[38;2;61;81;83m██[38;2;17;34;35m██[38;2;103;178;185m  [38;2;35;63;65m██[38;2;87;158;164m██[38;2;102;171;177m██[38;2;15;34;33m██[38;2;111;191;198m  [38;2;38;66;69m  
[38;2;0;0;0m      [38;2;21;37;39m  [38;2;68;70;69m██[38;2;67;135;139m██[38;2;76;94;97m██[38;2;53;56;57m██[38;2;66;139;146m██[38;2;120;219;228m██[38;2;129;232;241m██████[38;2;129;231;241m██[38;2;119;205;213m██[38;2;95;150;155m██[38;2;63;71;73m██[38;2;78;118;122m██[38;2;129;232;241m██[38;2;98;154;159m██[38;2;63;134;138m██[38;2;62;130;136m██[38;2;26;46;47m  [38;2;38;66;69m  
[38;2;0;0;0m      [38;2;23;48;51m  [38;2;68;126;132m██[38;2;41;41;42m██[38;2;69;151;158m██[38;2;43;96;100m██[38;2;49;91;95m  [38;2;51;64;66m██[38;2;123;222;231m██[38;2;103;199;206m██[38;2;73;135;140m██[38;2;88;125;128m██[38;2;103;164;170m██[38;2;114;195;202m██[38;2;106;180;187m██[38;2;105;170;177m██[38;2;66;96;98m██[38;2;64;121;124m██[38;2;65;125;128m██[38;2;22;46;49m██[38;2;143;245;255m  [38;2;38;66;69m  
[38;2;0;0;0m  [38;2;53;110;116m  [38;2;65;136;143m██[38;2;71;148;156m██[38;2;6;13;14m██[38;2;127;219;227m  [38;2;6;13;14m██[38;2;130;223;231m  [38;2;59;102;105m  [38;2;118;212;221m██[38;2;90;181;188m██[38;2;111;191;198m██[38;2;111;185;192m██[38;2;123;194;197m██[38;2;121;201;207m██[38;2;125;222;231m██[38;2;129;231;241m██[38;2;66;102;105m██[38;2;69;153;156m██[38;2;69;152;155m██[38;2;56;114;118m██[38;2;67;139;147m██[38;2;37;64;66m  [38;2;38;66;69m  
[38;2;10;22;23m  [38;2;39;81;86m██[38;2;0;0;0m  [38;2;58;100;103m  [38;2;143;246;255m      [38;2;138;239;247m  [38;2;45;82;85m  [38;2;204;127;61m██[38;2;156;175;150m██[38;2;141;150;127m██[38;2;116;142;133m██[38;2;115;141;136m██[38;2;94;163;168m██[38;2;71;98;100m██[38;2;98;152;157m██[38;2;112;188;194m██[38;2;94;140;144m██[38;2;78;124;128m██[38;2;65;111;115m██[38;2;45;83;87m██[38;2;90;155;160m  [38;2;38;66;69m  
[38;2;0;0;0m      [38;2;128;220;228m  [38;2;143;245;255m  [38;2;143;246;255m  [38;2;143;245;255m  [38;2;4;9;9m██[38;2;60;125;128m██[38;2;98;148;144m██[38;2;255;138;64m██████[38;2;65;64;65m██[38;2;119;207;215m██[38;2;129;232;241m██[38;2;69;74;76m██[38;2;65;64;65m██[38;2;129;232;241m██[38;2;129;231;241m██[38;2;122;214;222m██[38;2;81;116;120m██[38;2;104;188;195m██[38;2;0;0;0m  
[38;2;0;0;0m      [38;2;128;220;228m  [38;2;143;246;255m      [38;2;4;9;9m██[38;2;66;138;144m██[38;2;67;130;135m██[38;2;69;151;158m██[38;2;69;150;158m██[38;2;70;150;158m██[38;2;101;174;180m██[38;2;129;232;241m██[38;2;129;231;241m██[38;2;101;160;165m██[38;2;59;83;85m██[38;2;67;113;115m██[38;2;67;113;116m██[38;2;95;148;153m██[38;2;79;137;140m██[38;2;115;208;216m██[38;2;15;28;29m  
[38;2;0;0;0m      [38;2;128;220;228m  [38;2;143;246;255m  [38;2;142;246;255m  [38;2;143;246;255m  [38;2;134;232;240m  [38;2;44;91;95m  [38;2;65;141;145m██[38;2;65;71;72m██[38;2;66;144;150m██[38;2;68;143;149m██[38;2;66;90;90m██[38;2;117;205;213m██[38;2;125;227;236m██[38;2;123;225;234m██[38;2;66;106;109m██[38;2;75;160;163m██[38;2;95;176;182m██[38;2;127;229;238m██[38;2;117;210;219m██[38;2;37;64;66m  [38;2;38;66;69m  
[38;2;0;0;0m      [38;2;128;220;228m  [38;2;143;246;255m      [38;2;51;89;92m  [38;2;70;124;129m  [38;2;69;151;158m██[38;2;46;86;87m██[38;2;29;43;42m██[38;2;57;91;93m██[38;2;23;23;23m██[38;2;58;83;83m██[38;2;75;130;134m██[38;2;71;156;161m██[38;2;65;94;96m██[38;2;129;231;241m██[38;2;115;207;216m██[38;2;51;91;95m  [38;2;91;156;162m  [38;2;143;246;255m  [38;2;38;66;69m  
[38;2;0;0;0m      [38;2;128;220;228m  [38;2;143;246;255m    [38;2;82;141;146m  [38;2;61;126;133m██[38;2;79;149;157m██[38;2;93;168;175m  [38;2;106;183;189m  [38;2;116;199;207m  [38;2;25;44;46m  [38;2;143;246;255m  [38;2;43;74;76m  [38;2;60;123;129m██[38;2;84;163;171m██[38;2;90;169;177m██[38;2;52;52;53m  [38;2;25;44;46m  [38;2;143;246;255m    [38;2;143;245;255m  [38;2;38;66;69m  
[38;2;0;0;0m      [38;2;34;60;62m  [38;2;39;67;69m      [38;2;0;0;0m    [38;2;5;9;10m  [38;2;39;67;69m          [38;2;0;0;0m  [38;2;32;59;61m  [38;2;10;21;22m  [38;2;0;1;1m  [38;2;39;67;69m        [38;2;10;18;18m  [0m
