
[38;2;0;0;0m          [38;2;55;10;9m  [38;2;0;0;0m                                  
[38;2;33;10;10m██[38;2;28;9;8m  [38;2;0;0;0m      [38;2;191;54;52m██[38;2;11;2;0m  [38;2;0;0;0m                                
[38;2;30;9;9m  [38;2;106;118;101m██[38;2;0;0;0m      [38;2;102;127;116m██[38;2;135;36;35m██[38;2;232;232;232m  [38;2;255;255;255m          [38;2;0;0;0m                    
[38;2;0;0;0m  [38;2;129;41;39m██[38;2;95;30;29m  [38;2;0;0;0m  [38;2;70;13;12m  [38;2;154;164;154m██[38;2;89;111;105m██[38;2;232;232;232m  [38;2;255;255;255m          [38;2;0;0;0m                    
[38;2;0;0;0m  [38;2;106;75;67m██[38;2;92;99;88m██[38;2;10;3;2m  [38;2;50;82;93m██[38;2;112;152;145m██[38;2;124;62;60m  [38;2;159;159;159m  [38;2;166;166;166m  [38;2;251;251;251m  [38;2;255;255;255m      [38;2;0;0;0m                    
[38;2;0;0;0m  [38;2;120;54;50m██[38;2;144;86;86m██[38;2;22;39;29m██[38;2;221;51;51m██[38;2;113;100;108m██[38;2;56;52;46m  [38;2;64;27;28m  [38;2;144;47;44m██[38;2;44;35;33m  [38;2;142;140;139m  [38;2;255;255;255m    [38;2;0;0;0m                    
[38;2;0;0;0m    [38;2;11;21;23m  [38;2;79;60;63m██[38;2;115;152;144m  [38;2;165;146;149m██[38;2;155;57;51m██[38;2;239;52;46m██[38;2;158;56;52m██[38;2;100;167;174m██[38;2;109;119;134m██[38;2;158;155;155m  [38;2;255;255;255m  [38;2;0;0;0m                    
[38;2;0;0;0m      [38;2;11;4;3m  [38;2;128;55;54m██[38;2;223;48;45m██[38;2;138;57;55m██[38;2;244;46;43m██[38;2;166;54;52m██[38;2;176;122;136m██[38;2;110;176;180m██[38;2;8;2;0m██[38;2;255;255;255m  [38;2;0;0;0m                    
[38;2;0;0;0m        [38;2;210;49;47m██[38;2;145;57;58m██[38;2;201;55;52m██[38;2;168;66;62m██[38;2;114;64;61m██[38;2;209;48;46m██[38;2;208;49;47m██[38;2;143;56;55m██[38;2;126;84;84m  [38;2;0;0;0m                    
[38;2;0;0;0m      [38;2;194;36;33m  [38;2;246;46;43m██[38;2;165;76;79m██[38;2;97;81;70m██[38;2;130;233;71m██[38;2;65;65;64m██[38;2;119;197;207m██[38;2;158;54;48m██[38;2;246;46;43m██[38;2;63;101;114m██[38;2;0;0;0m          [38;2;4;1;0m  [38;2;6;1;0m  [38;2;0;0;0m      
[38;2;0;0;0m      [38;2;172;41;37m██[38;2;214;52;51m██[38;2;95;76;87m██[38;2;72;135;69m██[38;2;77;120;67m██[38;2;83;100;93m██[38;2;78;65;55m██[38;2;158;80;84m██[38;2;183;132;124m██[38;2;43;64;66m  [38;2;86;110;99m  [38;2;86;110;100m      [38;2;50;54;51m  [38;2;101;84;96m██[38;2;24;48;55m  [38;2;0;0;0m  [38;2;3;0;0m  [38;2;0;0;0m  
[38;2;0;0;0m        [38;2;85;70;72m██[38;2;117;109;82m██[38;2;117;113;87m██[38;2;119;109;92m██[38;2;79;93;87m██[38;2;117;204;214m██[38;2;71;63;58m██[38;2;64;65;65m██[38;2;117;21;20m██[38;2;86;110;100m        [38;2;17;23;24m██[38;2;29;58;65m██[38;2;0;0;0m    [38;2;109;202;231m██[38;2;20;38;43m██
[38;2;0;0;0m        [38;2;60;75;69m██[38;2;49;62;57m██[38;2;38;46;42m  [38;2;64;75;70m██[38;2;75;99;89m██[38;2;69;83;78m██[38;2;134;60;59m██[38;2;164;138;150m██[38;2;50;87;98m██[38;2;86;110;99m  [38;2;86;110;100m  [38;2;82;105;95m  [38;2;69;38;34m  [38;2;82;115;115m██[38;2;55;54;61m██[38;2;16;7;12m  [38;2;97;142;169m██[38;2;47;31;64m  [38;2;0;0;0m  
[38;2;0;0;0m        [38;2;57;73;66m  [38;2;75;96;87m  [38;2;36;66;58m  [38;2;55;90;79m██[38;2;75;99;89m██[38;2;66;71;67m██[38;2;182;129;119m██[38;2;238;46;44m██[38;2;43;25;26m██[38;2;78;100;91m  [38;2;7;2;2m██[38;2;12;7;7m██[38;2;71;64;64m██[38;2;144;55;54m██[38;2;157;63;72m██[38;2;128;183;189m██[38;2;183;63;106m██[38;2;0;0;0m    
[38;2;0;0;0m        [38;2;86;110;100m    [38;2;36;45;40m  [38;2;70;96;86m██[38;2;90;114;104m██[38;2;90;114;106m██[38;2;91;78;74m██[38;2;168;54;55m██[38;2;159;97;107m██[38;2;97;29;28m██[38;2;181;55;57m██[38;2;194;56;62m██[38;2;189;103;103m██[38;2;106;75;122m██[38;2;173;59;47m██[38;2;58;112;110m██[38;2;25;56;53m██[38;2;0;0;0m    
[38;2;0;0;0m        [38;2;86;109;100m  [38;2;17;22;20m  [38;2;68;127;110m██[38;2;88;111;101m██[38;2;91;115;105m██[38;2;88;111;101m██[38;2;150;62;60m██[38;2;246;46;43m██[38;2;91;112;109m██[38;2;166;63;60m██[38;2;223;49;37m██[38;2;129;187;198m██[38;2;190;62;72m██[38;2;111;195;223m██[38;2;94;55;84m██[38;2;0;0;0m        
[38;2;0;0;0m        [38;2;86;110;100m  [38;2;40;51;47m  [38;2;69;87;79m██[38;2;91;115;105m██[38;2;91;114;105m██[38;2;80;96;91m██[38;2;95;93;88m██[38;2;138;59;56m██[38;2;70;153;149m██[38;2;127;205;187m██[38;2;211;49;45m██[38;2;169;55;53m██[38;2;227;71;67m██[38;2;177;49;48m██[38;2;85;15;14m██[38;2;0;0;0m        
[38;2;0;0;0m        [38;2;86;110;100m  [38;2;11;14;13m  [38;2;84;108;98m██[38;2;89;113;103m██[38;2;91;115;105m████[38;2;151;55;54m██[38;2;246;46;43m██[38;2;191;121;114m██[38;2;234;51;45m██[38;2;158;57;53m██[38;2;166;54;50m██[38;2;104;59;58m██[38;2;226;46;44m██[38;2;146;69;67m██[38;2;0;0;0m        
[38;2;0;0;0m        [38;2;86;110;100m  [38;2;59;76;69m  [38;2;46;61;55m██[38;2;79;103;93m██[38;2;80;104;94m████[38;2;95;74;69m██[38;2;238;51;47m██[38;2;221;50;45m██[38;2;159;59;56m██[38;2;72;76;81m██[38;2;118;127;140m██[38;2;102;42;39m██[38;2;105;61;59m██[38;2;149;64;60m██[38;2;0;0;0m        
[38;2;0;0;0m        [38;2;86;110;100m  [38;2;72;93;84m  [38;2;39;35;33m██[38;2;63;80;72m██[38;2;67;89;80m██[38;2;75;99;89m██[38;2;89;82;77m██[38;2;58;67;65m██[38;2;117;61;58m██[38;2;65;76;71m██[38;2;42;43;36m  [38;2;21;33;24m  [38;2;42;54;49m  [38;2;65;59;56m██[38;2;49;27;27m██[38;2;0;0;0m        
[38;2;0;0;0m        [38;2;26;33;30m  [38;2;3;4;3m  [38;2;33;25;22m██[38;2;4;1;1m  [38;2;9;13;11m  [38;2;22;30;27m██[38;2;21;25;23m██[38;2;64;65;65m██[38;2;98;69;67m██[38;2;18;18;18m  [38;2;14;18;17m  [38;2;26;33;30m    [38;2;3;4;4m██[38;2;9;12;11m  [38;2;0;0;0m        
[38;2;0;0;0m                      ██[38;2;164;61;57m██[38;2;0;0;0m                    
[38;2;0;0;0m                      ██[38;2;19;8;7m  [38;2;0;0;0m                    [0m
