
[38;2;0;0;0m                        [38;2;35;13;31m  [38;2;0;0;0m                      
[38;2;0;0;0m                        [38;2;129;48;116m██[38;2;0;0;0m                      
[38;2;0;0;0m                      [38;2;129;48;116m██[38;2;111;40;123m██[38;2;0;0;0m                      
[38;2;0;0;0m                      [38;2;129;48;116m██[38;2;111;40;123m██[38;2;0;0;0m                      
[38;2;0;0;0m                    [38;2;43;16;38m██[38;2;152;58;161m██[38;2;65;25;69m  [38;2;0;0;0m                      
[38;2;0;0;0m                    [38;2;170;63;152m██[38;2;148;59;161m██[38;2;50;25;58m  [38;2;0;0;0m                      
[38;2;0;0;0m                    [38;2;167;62;157m██[38;2;147;53;165m██[38;2;52;19;59m  [38;2;0;0;0m                      
[38;2;0;0;0m                  [38;2;129;48;116m██[38;2;167;62;157m██[38;2;149;53;165m██[38;2;52;47;53m██[38;2;0;0;0m                      
[38;2;0;0;0m                  [38;2;133;48;119m██[38;2;155;55;163m██[38;2;148;53;165m██[38;2;130;48;139m██[38;2;21;7;15m  [38;2;0;0;0m                    
[38;2;0;0;0m              [38;2;19;7;17m  [38;2;51;18;46m██[38;2;163;57;148m██[38;2;145;49;164m██[38;2;139;47;150m██[38;2;148;53;147m██[38;2;180;71;154m██[38;2;25;9;23m██[38;2;6;2;5m  [38;2;0;0;0m                
[38;2;0;0;0m            [38;2;118;44;106m██[38;2;161;59;146m██[38;2;175;64;159m██[38;2;163;60;153m██[38;2;159;58;152m██[38;2;171;62;158m██[38;2;176;64;160m██████[38;2;133;49;119m██[38;2;0;0;0m                
[38;2;8;3;9m  [38;2;33;12;37m██[38;2;26;8;29m  [38;2;0;0;0m  [38;2;14;13;3m  [38;2;205;190;52m██[38;2;183;79;150m██[38;2;178;74;154m██[38;2;190;105;136m██[38;2;191;104;134m██[38;2;183;79;150m██[38;2;176;64;159m██[38;2;176;64;160m████[38;2;171;64;155m██[38;2;167;62;157m██[38;2;125;46;117m██[38;2;0;0;0m              
[38;2;8;3;9m  [38;2;122;39;138m██[38;2;132;45;152m██[38;2;109;43;119m██[38;2;146;93;104m██[38;2;254;237;63m██[38;2;242;214;76m██[38;2;240;209;76m██[38;2;244;224;68m██[38;2;201;121;127m██[38;2;182;79;151m██[38;2;176;64;159m██[38;2;175;64;159m██[38;2;150;56;137m██[38;2;146;55;134m██[38;2;169;61;160m██[38;2;160;58;150m██[38;2;33;12;29m  [38;2;0;0;0m            
[38;2;0;0;0m    [38;2;23;8;27m  [38;2;182;126;105m██[38;2;236;204;80m██[38;2;247;229;64m██[38;2;254;238;63m██[38;2;206;136;119m██[38;2;173;56;164m██[38;2;176;64;158m██[38;2;176;64;160m██[38;2;175;64;158m██[38;2;158;58;144m██[38;2;167;62;150m██[38;2;175;64;156m██[38;2;175;64;159m████[38;2;173;64;156m██[38;2;43;17;36m  [38;2;0;0;0m          
[38;2;0;0;0m    [38;2;43;18;36m  [38;2;203;89;169m██[38;2;202;75;185m██[38;2;196;84;167m██[38;2;254;238;63m██[38;2;218;167;104m██[38;2;176;64;158m██[38;2;176;64;160m████[38;2;148;55;135m██[38;2;169;63;152m██[38;2;176;64;160m██[38;2;149;64;135m██[38;2;152;64;139m██[38;2;176;64;160m████[38;2;136;56;114m██[38;2;149;57;132m██[38;2;0;0;0m        
[38;2;0;0;0m    [38;2;118;37;109m██[38;2;217;69;201m██[38;2;197;67;181m████[38;2;185;90;141m██[38;2;246;219;73m██[38;2;173;64;156m██[38;2;176;64;160m██[38;2;160;62;139m██[38;2;163;65;135m██[38;2;109;47;92m██[38;2;83;56;74m██[38;2;140;60;127m██[38;2;93;53;88m██[38;2;168;62;153m██[38;2;142;50;146m██[38;2;163;60;158m████[38;2;164;62;153m██[38;2;117;47;97m██[38;2;104;39;93m██[38;2;26;9;23m  
[38;2;0;0;0m    [38;2;219;69;201m████[38;2;206;67;189m██[38;2;204;67;188m██[38;2;175;64;159m██[38;2;183;72;152m██[38;2;177;73;156m██[38;2;136;81;122m██[38;2;166;66;137m██[38;2;228;199;220m██[38;2;145;74;46m██[38;2;118;49;96m██[38;2;72;50;75m██[38;2;68;49;71m██[38;2;147;52;162m██[38;2;137;48;158m██[38;2;9;3;10m████[38;2;9;3;9m██[38;2;2;1;2m  [38;2;0;0;0m    
[38;2;0;0;0m    [38;2;143;61;133m██[38;2;229;134;217m██[38;2;229;129;217m██[38;2;212;116;200m██[38;2;206;137;196m██[38;2;222;159;213m██[38;2;226;171;224m██[38;2;167;103;169m██[38;2;105;54;95m██[38;2;94;51;38m██[38;2;97;47;45m██[38;2;96;49;86m██[38;2;93;50;101m████[38;2;128;46;144m██[38;2;17;6;20m  [38;2;0;0;0m            
[38;2;0;0;0m      [38;2;3;1;3m  [38;2;234;201;229m██[38;2;235;213;232m██[38;2;232;199;229m██[38;2;220;156;222m████[38;2;220;157;222m██[38;2;189;110;179m██[38;2;70;62;71m██[38;2;88;63;91m██[38;2;147;54;162m██[38;2;146;53;162m██[38;2;36;13;40m  [38;2;0;0;0m                
[38;2;0;0;0m    [38;2;44;16;40m  [38;2;176;64;160m  [38;2;99;36;89m  [38;2;46;30;43m  [38;2;146;98;126m██[38;2;114;74;75m██[38;2;171;91;96m██[38;2;171;96;102m██[38;2;159;107;113m██[38;2;164;106;131m██[38;2;161;107;140m██[38;2;154;117;155m██[38;2;21;21;21m  [38;2;0;0;0m                  
[38;2;0;0;0m    [38;2;44;16;40m  [38;2;175;64;160m    [38;2;57;21;52m  [38;2;206;146;208m██[38;2;181;92;119m██[38;2;181;103;121m██[38;2;168;104;121m██[38;2;227;193;230m██[38;2;208;149;209m██[38;2;170;126;171m██[38;2;28;19;27m  [38;2;0;0;0m                    
[38;2;0;0;0m    [38;2;44;16;40m  [38;2;176;64;160m      [38;2;105;45;97m  [38;2;79;56;80m██[38;2;80;56;79m██[38;2;82;57;78m██[38;2;76;57;76m██[38;2;141;109;143m██[38;2;125;94;126m██[38;2;132;48;120m  [38;2;0;0;0m                    
[38;2;0;0;0m    [38;2;44;16;40m  [38;2;176;64;160m              [38;2;140;51;127m  [38;2;144;99;145m  [38;2;168;119;169m██[38;2;131;48;120m  [38;2;0;0;0m                    
[38;2;0;0;0m    [38;2;11;4;10m  [38;2;47;17;43m                [38;2;11;4;10m  [38;2;45;32;45m  [38;2;35;12;32m  [38;2;0;0;0m                    [0m
