
[38;2;16;12;0m  [38;2;67;48;0m██[38;2;66;41;4m██[38;2;15;6;4m  [38;2;17;14;8m  [38;2;69;54;34m                          [38;2;1;0;0m  [38;2;4;0;0m  [38;2;0;0;0m    
[38;2;11;9;0m  [38;2;46;34;0m██[38;2;244;142;15m██[38;2;200;59;54m██[38;2;163;112;5m  [38;2;47;41;23m  [38;2;255;245;231m        [38;2;47;41;23m  [38;2;203;194;179m  [38;2;255;245;231m        [38;2;203;194;179m  [38;2;47;41;23m  [38;2;178;63;54m██[38;2;153;139;80m██[38;2;151;103;0m  [38;2;0;0;0m  
[38;2;63;50;31m  [38;2;187;150;93m  [38;2;103;71;16m██[38;2;127;76;61m██[38;2;164;164;98m██[38;2;181;208;49m██[38;2;63;66;63m  [38;2;255;255;255m    [38;2;63;66;63m  [38;2;107;102;87m██[38;2;20;22;17m██[38;2;255;255;255m      [38;2;187;188;187m  [38;2;96;116;9m██[38;2;233;180;4m██[38;2;153;71;69m██[38;2;79;47;48m██[38;2;67;55;33m  [38;2;0;0;0m  
[38;2;63;50;31m  [38;2;235;187;117m  [38;2;25;21;2m██[38;2;63;55;50m██[38;2;193;197;117m██[38;2;187;214;52m██[38;2;63;66;63m  [38;2;255;255;255m  [38;2;197;198;197m  [38;2;50;51;50m  [38;2;70;68;66m██[38;2;19;21;17m██[38;2;255;255;255m      [38;2;63;66;63m  [38;2;165;192;42m██[38;2;105;71;53m██[38;2;177;104;51m██[38;2;224;152;3m██[38;2;19;18;9m  [38;2;0;0;0m  
[38;2;63;50;31m  [38;2;255;203;127m  [38;2;227;181;113m  [38;2;117;85;17m  [38;2;129;98;65m██[38;2;179;204;47m██[38;2;99;113;48m  [38;2;227;227;227m  [38;2;135;137;135m  [38;2;217;191;135m██[38;2;227;201;145m██[38;2;92;90;87m██[38;2;62;63;58m  [38;2;227;227;227m  [38;2;255;255;255m  [38;2;63;66;63m  [38;2;190;217;38m██[38;2;169;143;64m██[38;2;77;52;51m  [38;2;111;113;111m  [38;2;191;152;95m  [38;2;0;0;0m  
[38;2;63;50;31m  [38;2;255;203;127m  [38;2;253;201;126m  [38;2;66;55;31m  [38;2;19;2;1m██[38;2;68;64;49m██[38;2;146;173;29m██[38;2;191;192;191m  [38;2;63;66;63m██[38;2;250;189;63m████[38;2;113;112;113m██[38;2;61;59;50m██[38;2;191;192;191m  [38;2;192;193;192m  [38;2;144;171;29m  [38;2;185;201;37m██[38;2;172;108;69m██[38;2;141;148;76m  [38;2;192;193;192m  [38;2;191;152;95m  [38;2;0;0;0m  
[38;2;63;50;31m  [38;2;255;203;127m      [38;2;250;251;236m  [38;2;158;161;144m  [38;2;84;107;0m██[38;2;59;69;18m██[38;2;117;123;96m  [38;2;142;147;122m██[38;2;136;134;134m██[38;2;73;71;66m██[38;2;124;150;22m██[38;2;117;123;98m  [38;2;117;123;96m  [38;2;171;202;34m██[38;2;56;58;56m  [38;2;132;134;132m  [38;2;139;148;64m  [38;2;245;248;216m  [38;2;191;152;95m  [38;2;0;0;0m  
[38;2;59;47;29m  [38;2;239;190;119m      [38;2;255;255;255m    [38;2;188;186;182m  [38;2;146;141;122m██[38;2;164;191;45m██[38;2;79;76;66m██[38;2;81;77;67m████[38;2;104;113;57m██[38;2;188;222;40m██[38;2;101;110;57m██[38;2;57;68;21m  [38;2;255;255;255m        [38;2;191;152;95m  [38;2;0;0;0m  
[38;2;12;14;10m  [38;2;49;48;41m████[38;2;49;49;41m██[38;2;139;141;139m  [38;2;255;255;255m  [38;2;43;41;26m██[38;2;234;229;210m██[38;2;231;245;169m██[38;2;165;184;79m██[38;2;143;164;49m████[38;2;231;245;169m██[38;2;192;196;177m██[38;2;107;113;43m██[38;2;95;89;81m  [38;2;255;255;255m    [38;2;100;103;100m    [38;2;191;152;95m  [38;2;0;0;0m  
[38;2;9;8;4m  [38;2;37;33;18m  [38;2;45;41;28m  [38;2;79;76;65m██[38;2;63;65;61m  [38;2;54;57;54m  [38;2;168;136;74m██[38;2;126;94;32m██[38;2;129;125;108m██[38;2;229;229;227m██████[38;2;196;194;188m██[38;2;87;81;64m██[38;2;112;100;73m██[38;2;77;67;53m██[38;2;227;227;227m  [38;2;63;66;63m  [38;2;71;69;66m██[38;2;73;69;60m██[38;2;14;17;11m██[38;2;4;5;3m  
[38;2;19;16;9m  [38;2;79;66;39m  [38;2;73;63;41m  [38;2;75;72;62m████[38;2;53;57;49m██[38;2;211;190;148m██[38;2;171;139;77m██[38;2;175;145;87m██[38;2;130;108;62m██[38;2;149;127;81m██[38;2;151;128;82m██[38;2;159;133;84m██[38;2;151;119;57m██[38;2;193;166;113m██[38;2;170;151;110m██[38;2;63;66;63m    [38;2;67;65;56m██[38;2;137;139;136m  [38;2;30;32;24m██[38;2;10;11;8m  
[38;2;15;17;13m  [38;2;63;61;52m██[38;2;62;58;46m  [38;2;62;58;47m  [38;2;77;73;64m██[38;2;53;52;51m██[38;2;113;111;113m██[38;2;248;236;211m██[38;2;198;174;126m██[38;2;173;149;100m██[38;2;201;176;127m██[38;2;198;174;126m██[38;2;212;194;158m██[38;2;223;223;222m██[38;2;177;176;175m██[38;2;76;73;67m██[38;2;57;55;53m██[38;2;65;63;54m██[38;2;81;78;68m██[38;2;34;35;28m██[38;2;147;118;73m  [38;2;0;0;0m  
[38;2;49;39;24m  [38;2;196;157;97m  [38;2;162;130;80m  [38;2;62;58;46m  [38;2;56;55;51m██[38;2;147;149;147m  [38;2;75;77;75m██[38;2;214;181;120m██[38;2;220;219;218m██[38;2;110;110;107m████[38;2;220;219;218m██[38;2;250;187;58m██[38;2;222;206;173m██[38;2;78;71;53m██[38;2;148;142;120m██[38;2;16;18;15m██[38;2;65;63;54m██[38;2;81;78;68m██[38;2;34;35;29m██[38;2;76;73;61m██[38;2;25;26;20m  
[38;2;43;35;21m  [38;2;63;55;37m  [38;2;33;34;27m██[38;2;56;54;46m██[38;2;58;58;54m  [38;2;211;211;211m  [38;2;93;89;76m  [38;2;212;199;174m██[38;2;105;101;90m██[38;2;78;73;62m██[38;2;75;73;67m██[38;2;164;164;163m██[38;2;250;195;79m██[38;2;240;225;195m██[38;2;129;126;113m██[38;2;116;98;57m██[38;2;123;125;123m  [38;2;63;66;63m  [38;2;61;59;50m██[38;2;191;192;191m  [38;2;59;50;29m  [38;2;0;0;0m  
[38;2;54;43;27m  [38;2;63;54;34m    [38;2;217;173;108m  [38;2;227;227;227m  [38;2;255;255;255m  [38;2;245;245;245m  [38;2;76;75;66m  [38;2;132;110;66m██[38;2;180;176;168m██[38;2;178;176;171m████[38;2;208;203;198m██[38;2;163;142;100m██[38;2;147;118;62m██[38;2;35;30;11m██[38;2;255;255;255m  [38;2;63;66;63m  [38;2;79;75;65m██[38;2;45;47;42m  [38;2;27;24;13m  [38;2;0;0;0m  
[38;2;63;50;31m  [38;2;255;203;127m      [38;2;255;255;255m      [38;2;63;66;63m  [38;2;103;105;103m  [38;2;100;103;100m  [38;2;86;68;30m██[38;2;106;86;49m██[38;2;89;76;46m  [38;2;56;56;56m  [38;2;79;81;79m██[38;2;191;192;191m  [38;2;255;255;255m    [38;2;88;89;85m  [38;2;49;49;41m██[38;2;59;60;48m  [38;2;0;0;0m  
[38;2;63;50;31m  [38;2;255;203;127m      [38;2;255;255;255m      [38;2;243;243;243m    [38;2;255;255;255m  [38;2;40;45;41m██[38;2;163;170;165m██[38;2;63;66;63m  [38;2;243;243;243m  [38;2;8;11;8m██[38;2;191;192;191m  [38;2;255;255;255m    [38;2;251;251;251m  [38;2;239;239;239m  [38;2;179;142;89m  [38;2;0;0;0m  
[38;2;63;50;31m  [38;2;255;203;127m      [38;2;255;255;255m        [38;2;132;136;136m  [38;2;83;98;34m  [38;2;114;124;37m██[38;2;153;147;46m██[38;2;81;95;34m  [38;2;133;135;133m  [38;2;255;255;255m            [38;2;191;152;95m  [38;2;0;0;0m  
[38;2;63;50;31m  [38;2;255;203;126m      [38;2;255;255;255m      [38;2;63;66;63m  [38;2;99;125;12m██[38;2;194;229;39m██[38;2;104;130;1m  [38;2;103;130;1m  [38;2;148;183;11m██[38;2;112;119;63m██[38;2;63;66;63m  [38;2;255;255;255m          [38;2;191;152;95m  [38;2;0;0;0m  
[38;2;63;50;31m  [38;2;255;203;127m      [38;2;255;255;255m    [38;2;219;219;219m  [38;2;132;100;27m  [38;2;166;172;100m██[38;2;162;188;45m██[38;2;63;66;63m    [38;2;176;206;42m████[38;2;63;66;63m  [38;2;255;255;255m          [38;2;191;152;95m  [38;2;0;0;0m  
[38;2;63;50;31m  [38;2;255;203;127m      [38;2;255;255;255m    [38;2;195;191;191m  [38;2;167;70;29m██[38;2;129;86;63m██[38;2;244;156;106m██[38;2;55;43;51m██[38;2;188;129;2m██[38;2;166;172;100m██[38;2;166;183;42m██[38;2;150;168;26m██[38;2;191;192;191m  [38;2;255;255;255m        [38;2;191;152;95m  [38;2;0;0;0m  
[38;2;63;50;31m  [38;2;255;203;127m      [38;2;255;221;172m    [38;2;192;166;129m  [38;2;189;122;30m██[38;2;117;79;45m██[38;2;108;62;18m██[38;2;120;61;47m  [38;2;175;93;22m██[38;2;183;109;85m██[38;2;196;90;44m██[38;2;178;78;30m██[38;2;191;167;129m  [38;2;255;221;172m        [38;2;191;152;95m  [38;2;0;0;0m  
[38;2;63;50;31m  [38;2;255;203;127m            [38;2;99;81;49m  [38;2;91;63;17m  [38;2;86;65;17m  [38;2;174;98;67m  [38;2;193;116;68m██[38;2;57;44;40m  [38;2;163;116;10m  [38;2;186;126;0m██[38;2;191;153;95m  [38;2;255;203;127m        [38;2;191;152;95m  [38;2;0;0;0m  
[38;2;17;13;8m  [38;2;69;54;34m              [38;2;51;41;25m      [38;2;50;36;0m  [38;2;17;14;8m    [38;2;50;36;0m  [38;2;51;41;25m  [38;2;69;54;34m        [38;2;51;41;25m  [38;2;0;0;0m  [0m
