
[38;2;13;12;9m  [38;2;48;47;36m      [38;2;27;26;20m  [38;2;57;56;46m  [38;2;25;24;19m  [38;2;48;47;36m                              [38;2;39;38;29m  [38;2;0;0;0m  
[38;2;50;49;38m  [38;2;187;183;142m      [38;2;100;98;79m  [38;2;225;221;181m██[38;2;97;95;73m  [38;2;187;183;142m            [38;2;187;183;141m  [38;2;187;183;142m            [38;2;187;183;141m  [38;2;187;183;142m  [38;2;151;148;115m  [38;2;0;0;0m  
[38;2;50;49;38m  [38;2;187;182;142m  [38;2;186;183;142m  [38;2;186;182;142m  [38;2;99;97;79m██[38;2;185;181;140m██[38;2;97;95;73m  [38;2;187;182;142m  [38;2;186;182;142m  [38;2;187;182;142m  [38;2;187;183;142m  [38;2;187;182;142m    [38;2;187;183;141m  [38;2;187;183;142m  [38;2;187;182;142m    [38;2;187;183;142m  [38;2;187;182;142m      [38;2;187;183;142m  [38;2;151;148;115m  [38;2;0;0;0m  
[38;2;50;49;38m  [38;2;187;183;142m    [38;2;49;48;37m  [38;2;189;185;148m██[38;2;185;181;140m██[38;2;97;95;73m  [38;2;187;183;141m  [38;2;187;182;142m  [38;2;187;183;142m    [38;2;187;182;142m    [38;2;187;183;142m        [38;2;187;182;142m  [38;2;187;183;142m    [38;2;187;183;141m  [38;2;187;182;142m  [38;2;151;148;115m  [38;2;0;0;0m  
[38;2;50;49;38m  [38;2;187;183;142m    [38;2;19;19;14m  [38;2;201;197;156m██[38;2;185;181;140m██[38;2;107;105;85m██[38;2;123;120;93m  [38;2;161;158;122m  [38;2;187;183;142m                          [38;2;151;148;115m  [38;2;0;0;0m  
[38;2;50;49;38m  [38;2;187;182;142m  [38;2;186;183;142m  [38;2;19;19;14m  [38;2;185;181;140m██[38;2;220;216;175m██[38;2;215;211;173m██[38;2;195;191;156m██[38;2;93;91;73m  [38;2;186;183;142m  [38;2;186;182;142m  [38;2;186;183;142m  [38;2;187;183;142m    [38;2;186;183;142m    [38;2;186;182;142m  [38;2;186;183;142m  [38;2;183;179;139m  [38;2;26;25;19m      [38;2;21;20;16m  [38;2;0;0;0m  
[38;2;50;49;38m  [38;2;187;182;142m  [38;2;107;105;83m  [38;2;219;215;176m██[38;2;226;222;180m██[38;2;226;222;181m████[38;2;223;219;179m██[38;2;150;147;122m██[38;2;87;86;66m  [38;2;187;183;142m          [38;2;158;155;120m  [38;2;115;113;88m  [38;2;105;103;82m  [38;2;96;95;78m██[38;2;246;243;201m██[38;2;236;232;193m██[38;2;152;150;124m██[38;2;123;121;101m  [38;2;0;0;0m  
[38;2;50;49;38m    [38;2;218;214;176m██[38;2;246;242;201m██[38;2;226;222;181m████[38;2;96;88;56m██[38;2;86;85;80m██[38;2;68;67;52m██[38;2;187;183;142m  [38;2;187;182;142m  [38;2;186;183;142m  [38;2;187;183;142m    [38;2;187;182;142m  [38;2;92;90;73m  [38;2;203;199;162m██[38;2;218;214;175m██[38;2;235;231;190m██[38;2;154;151;132m██[38;2;39;38;31m  [38;2;168;164;127m  [38;2;136;133;103m  [38;2;0;0;0m  
[38;2;29;28;22m  [38;2;97;95;77m  [38;2;233;229;188m██[38;2;226;222;181m██[38;2;227;223;182m██[38;2;68;67;67m██[38;2;122;113;56m██[38;2;182;178;139m██[38;2;116;113;94m██[38;2;27;26;20m  [38;2;187;183;142m      [38;2;162;158;123m  [38;2;97;95;77m  [38;2;226;222;181m████[38;2;196;191;158m██[38;2;55;93;55m██[38;2;65;103;66m██[38;2;61;99;62m██[38;2;28;66;28m██[38;2;88;86;66m  [38;2;0;0;0m  
[38;2;0;0;0m  [38;2;184;181;147m██[38;2;226;222;181m████[38;2;159;157;133m██[38;2;169;165;127m██[38;2;215;203;111m██[38;2;178;174;136m██[38;2;121;118;94m██[38;2;128;125;91m  [38;2;132;129;100m  [38;2;187;183;142m  [38;2;186;182;142m  [38;2;128;125;97m  [38;2;193;190;155m██[38;2;226;222;180m██[38;2;226;222;181m██[38;2;59;99;58m██[38;2;58;149;59m██[38;2;67;158;68m██████[38;2;63;149;64m██[38;2;17;40;17m  
[38;2;61;60;49m██[38;2;226;222;181m██[38;2;122;120;98m██[38;2;120;118;99m██[38;2;133;130;102m██[38;2;68;65;43m██[38;2;116;115;94m██[38;2;183;179;138m██[38;2;109;107;85m██[38;2;121;119;94m██[38;2;49;48;35m██[38;2;187;183;142m  [38;2;120;118;91m  [38;2;129;126;101m██[38;2;226;222;181m██[38;2;87;147;73m██[38;2;52;94;48m██[38;2;57;128;58m██[38;2;66;114;66m██[38;2;60;101;60m██[38;2;66;107;66m██[38;2;65;79;65m██[38;2;34;41;34m  [38;2;8;19;8m  
[38;2;1;1;0m██[38;2;4;4;3m██[38;2;183;179;139m  [38;2;22;21;17m  [38;2;3;3;2m██[38;2;179;175;136m  [38;2;88;86;67m  [38;2;121;117;78m██[38;2;103;100;71m██[38;2;69;68;53m██[38;2;129;127;100m██[38;2;45;44;34m  [38;2;42;41;32m  [38;2;185;181;140m██[38;2;38;114;32m██[38;2;37;128;38m██[38;2;62;69;62m██[38;2;52;95;52m██[38;2;39;128;40m██[38;2;67;158;68m██[38;2;68;159;69m██[38;2;67;157;68m██[38;2;54;127;55m  [38;2;0;0;0m  
[38;2;50;49;38m  [38;2;187;183;142m            [38;2;11;9;8m██[38;2;104;101;67m██[38;2;97;94;63m██[38;2;83;82;64m██[38;2;119;117;102m██[38;2;150;147;116m██[38;2;97;110;82m██[38;2;53;98;53m██[38;2;54;99;54m██[38;2;51;96;52m████████[38;2;32;32;32m██[38;2;71;70;57m  [38;2;88;104;70m  [38;2;18;43;18m  
[38;2;50;49;38m  [38;2;187;183;142m    [38;2;186;183;142m  [38;2;187;183;142m  [38;2;187;183;141m    [38;2;175;171;133m  [38;2;71;68;44m██[38;2;117;113;72m██[38;2;86;84;58m██[38;2;226;222;181m██[38;2;104;102;93m██[38;2;56;83;57m██[38;2;63;75;62m██[38;2;2;58;5m  [38;2;3;4;3m  [38;2;3;3;2m    [38;2;1;1;1m  [38;2;183;179;139m  [38;2;185;181;140m  [38;2;164;177;128m  [38;2;18;42;18m  
[38;2;50;49;38m  [38;2;187;183;142m  [38;2;187;182;142m  [38;2;187;183;142m        [38;2;175;171;133m  [38;2;55;54;36m██[38;2;101;98;69m██[38;2;204;200;163m██[38;2;226;222;181m████[38;2;144;142;121m██[38;2;196;193;155m██[38;2;94;92;71m  [38;2;180;176;137m  [38;2;86;84;65m    [38;2;73;71;50m  [38;2;57;55;35m██[38;2;120;118;91m  [38;2;151;148;115m  [38;2;0;0;0m  
[38;2;50;49;38m  [38;2;187;183;142m      [38;2;187;183;141m  [38;2;187;183;142m  [38;2;187;183;141m  [38;2;187;183;142m  [38;2;74;72;56m  [38;2;226;222;181m████[38;2;225;222;181m██[38;2;220;216;175m██[38;2;201;197;156m██[38;2;192;188;147m██[38;2;185;182;141m██[38;2;21;18;12m██[38;2;120;116;75m██[38;2;118;114;73m██[38;2;117;113;72m██[38;2;19;19;14m  [38;2;187;183;142m  [38;2;151;148;115m  [38;2;0;0;0m  
[38;2;50;49;38m  [38;2;187;183;142m  [38;2;186;182;142m  [38;2;187;183;142m          [38;2;74;72;56m  [38;2;172;168;127m██[38;2;226;222;181m██[38;2;210;206;165m██[38;2;157;153;112m████[38;2;194;190;149m██[38;2;158;155;125m██[38;2;93;92;72m██[38;2;86;83;53m██[38;2;118;114;73m██[38;2;68;65;37m██[38;2;116;114;88m  [38;2;186;183;142m  [38;2;151;148;115m  [38;2;0;0;0m  
[38;2;50;49;38m  [38;2;187;183;142m                [38;2;17;17;11m██[38;2;163;159;118m██[38;2;166;162;121m██[38;2;169;165;124m██[38;2;185;181;140m██[38;2;133;129;88m██[38;2;110;109;83m  [38;2;100;97;62m  [38;2;89;87;68m  [38;2;18;18;14m  [38;2;113;110;86m  [38;2;187;183;142m    [38;2;151;148;115m  [38;2;0;0;0m  
[38;2;50;49;38m  [38;2;186;183;142m  [38;2;187;183;142m              [38;2;109;106;82m  [38;2;132;129;96m██[38;2;141;138;104m██[38;2;104;102;88m██[38;2;186;182;141m██[38;2;121;119;100m██[38;2;74;72;56m  [38;2;120;117;91m  [38;2;149;146;113m  [38;2;187;183;142m        [38;2;151;148;115m  [38;2;0;0;0m  
[38;2;50;49;38m  [38;2;187;183;142m  [38;2;186;183;141m  [38;2;187;183;142m  [38;2;186;183;142m  [38;2;187;183;142m  [38;2;186;183;142m  [38;2;187;183;142m  [38;2;186;183;142m  [38;2;187;183;142m  [38;2;58;57;44m  [38;2;125;121;81m██[38;2;44;43;30m  [38;2;33;33;31m  [38;2;157;154;120m██[38;2;106;103;78m██[38;2;175;171;133m  [38;2;186;182;142m  [38;2;186;183;142m      [38;2;186;182;141m  [38;2;151;148;115m  [38;2;0;0;0m  
[38;2;50;49;38m  [38;2;187;183;142m                [38;2;63;62;48m  [38;2;73;71;48m  [38;2;107;104;72m██[38;2;144;141;109m  [38;2;82;81;62m  [38;2;161;157;118m██[38;2;74;72;53m  [38;2;183;179;138m  [38;2;187;183;142m          [38;2;151;148;115m  [38;2;0;0;0m  
[38;2;50;49;38m  [38;2;187;182;142m  [38;2;187;183;141m  [38;2;187;182;142m  [38;2;187;183;142m  [38;2;187;182;142m  [38;2;187;183;142m  [38;2;145;142;110m  [38;2;33;32;25m██[38;2;113;109;77m██[38;2;118;114;73m██[38;2;44;44;37m  [38;2;51;50;37m  [38;2;103;101;72m██[38;2;11;13;11m██[38;2;187;183;141m  [38;2;187;182;142m  [38;2;187;183;142m    [38;2;186;183;142m  [38;2;187;182;141m  [38;2;187;183;141m  [38;2;151;148;115m  [38;2;0;0;0m  
[38;2;50;49;38m  [38;2;187;183;142m            [38;2;3;3;2m██[38;2;55;54;41m██[38;2;28;27;29m██[38;2;65;64;55m██[38;2;90;89;89m██[38;2;94;94;82m██[38;2;67;63;40m██[38;2;64;65;70m██[38;2;107;105;81m  [38;2;187;183;142m    [38;2;187;183;141m  [38;2;187;183;142m      [38;2;151;148;115m  [38;2;0;0;0m  
[38;2;50;49;38m  [38;2;187;183;142m  [38;2;187;182;141m  [38;2;187;182;142m  [38;2;187;183;141m  [38;2;187;182;142m  [38;2;187;183;142m    [38;2;187;182;142m  [38;2;187;183;142m  [38;2;58;57;44m  [38;2;145;143;116m  [38;2;41;40;31m  [38;2;128;125;97m  [38;2;193;190;155m██[38;2;74;72;56m  [38;2;187;183;142m          [38;2;187;183;141m  [38;2;151;148;115m  [38;2;0;0;0m  
[38;2;13;12;9m  [38;2;48;47;36m                  [38;2;15;14;11m  [38;2;11;10;8m  [38;2;48;47;36m  [38;2;33;32;25m  [38;2;50;49;40m  [38;2;19;18;14m  [38;2;48;47;36m            [38;2;39;38;29m  [38;2;0;0;0m  [0m
