    [38;2;7;7;7m▄[38;2;7;7;7m[48;2;103;92;95m▀[0m[38;2;7;7;7m[48;2;103;92;95m▀[0m[38;2;7;7;7m▄     
  [38;2;7;7;7m▄[38;2;7;7;7m[48;2;103;92;95m▀[0m[38;2;81;72;72m[48;2;82;82;82m▀[0m[38;2;81;72;72m[48;2;82;82;82m▀[0m[38;2;82;82;82m[48;2;103;92;95m▀[0m[38;2;103;92;95m[48;2;103;92;95m▀[0m[38;2;7;7;7m[48;2;7;7;7m▀[0m    
  [38;2;7;7;7m▀[38;2;81;72;72m[48;2;7;7;7m▀[0m[38;2;103;92;95m[48;2;81;72;72m▀[0m[38;2;103;92;95m[48;2;81;72;72m▀[0m[38;2;103;92;95m[48;2;81;72;72m▀[0m[38;2;103;92;95m[48;2;81;72;72m▀[0m[38;2;81;72;72m[48;2;82;82;82m▀[0m[38;2;7;7;7m[48;2;7;7;7m▀[0m   
 [38;2;7;7;7m▄[38;2;7;7;7m[48;2;70;144;11m▀[0m[38;2;7;7;7m[48;2;70;144;11m▀[0m[38;2;82;82;82m[48;2;70;144;11m▀[0m[38;2;81;72;72m[48;2;82;82;82m▀[0m[38;2;81;72;72m[48;2;82;82;82m▀[0m[38;2;82;82;82m[48;2;120;183;68m▀[0m[38;2;120;183;68m[48;2;120;183;68m▀[0m[38;2;70;144;11m[48;2;120;183;68m▀[0m[38;2;7;7;7m[48;2;82;82;82m▀[0m[38;2;7;7;7m[48;2;70;144;11m▀[0m[38;2;7;7;7m▄
[38;2;7;7;7m[48;2;7;7;7m▀[0m[38;2;120;183;68m[48;2;120;183;68m▀[0m[38;2;120;183;68m[48;2;82;82;82m▀[0m[38;2;82;82;82m[48;2;167;157;74m▀[0m[38;2;82;82;82m[48;2;82;82;82m▀[0m[38;2;70;144;11m[48;2;120;183;68m▀[0m[38;2;82;82;82m[48;2;120;183;68m▀[0m[38;2;120;183;68m[48;2;82;82;82m▀[0m[38;2;70;144;11m[48;2;82;82;82m▀[0m[38;2;82;82;82m[48;2;70;144;11m▀[0m[38;2;70;144;11m[48;2;70;144;11m▀[0m[38;2;70;144;11m[48;2;7;7;7m▀[0m[38;2;7;7;7m▀
 [38;2;7;7;7m[48;2;7;7;7m▀[0m[38;2;167;157;74m[48;2;232;227;119m▀[0m[38;2;82;82;82m[48;2;167;157;74m▀[0m[38;2;120;183;68m[48;2;82;82;82m▀[0m[38;2;120;183;68m[48;2;82;82;82m▀[0m[38;2;82;82;82m[48;2;232;227;119m▀[0m[38;2;167;157;74m[48;2;232;227;119m▀[0m[38;2;232;227;119m[48;2;232;227;119m▀[0m[38;2;82;82;82m[48;2;232;227;119m▀[0m[38;2;7;7;7m[48;2;7;7;7m▀[0m  
[38;2;7;7;7m[48;2;7;7;7m▀[0m[38;2;248;248;248m[48;2;7;7;7m▀[0m[38;2;7;7;7m[48;2;232;227;119m▀[0m[38;2;232;227;119m[48;2;232;227;119m▀[0m[38;2;232;227;119m[48;2;232;227;119m▀[0m[38;2;232;227;119m[48;2;7;7;7m▀[0m[38;2;7;7;7m[48;2;248;248;248m▀[0m[38;2;232;227;119m[48;2;7;7;7m▀[0m[38;2;232;227;119m[48;2;232;227;119m▀[0m[38;2;232;227;119m[48;2;232;227;119m▀[0m[38;2;232;227;119m[48;2;232;227;119m▀[0m[38;2;7;7;7m[48;2;7;7;7m▀[0m 
[38;2;7;7;7m▀[38;2;167;157;74m[48;2;7;7;7m▀[0m[38;2;138;85;111m[48;2;192;116;120m▀[0m[38;2;192;116;120m[48;2;138;85;111m▀[0m[38;2;232;227;119m[48;2;192;116;120m▀[0m[38;2;167;157;74m[48;2;232;227;119m▀[0m[38;2;7;7;7m[48;2;232;227;119m▀[0m[38;2;167;157;74m[48;2;232;227;119m▀[0m[38;2;232;227;119m[48;2;167;157;74m▀[0m[38;2;232;227;119m[48;2;167;157;74m▀[0m[38;2;167;157;74m[48;2;7;7;7m▀[0m[38;2;7;7;7m▀ 
 [38;2;7;7;7m▀[38;2;82;82;82m[48;2;7;7;7m▀[0m[38;2;167;157;74m[48;2;7;7;7m▀[0m[38;2;167;157;74m[48;2;167;157;74m▀[0m[38;2;167;157;74m[48;2;167;157;74m▀[0m[38;2;167;157;74m[48;2;167;157;74m▀[0m[38;2;167;157;74m[48;2;167;157;74m▀[0m[38;2;167;157;74m[48;2;167;157;74m▀[0m[38;2;167;157;74m[48;2;7;7;7m▀[0m[38;2;7;7;7m▀  
    [38;2;7;7;7m▀[38;2;7;7;7m▀[38;2;167;157;74m[48;2;7;7;7m▀[0m[38;2;82;82;82m[48;2;7;7;7m▀[0m[38;2;7;7;7m▀    
[0m