
[38;2;0;0;0m                    [38;2;1;1;1m  [38;2;30;30;30m████[38;2;1;1;1m  [38;2;0;0;0m      
[38;2;0;0;0m                  [38;2;7;7;7m  [38;2;76;78;76m██[38;2;96;99;96m████[38;2;76;78;76m██[38;2;28;29;28m  [38;2;0;0;0m    
[38;2;0;0;0m                [38;2;17;18;17m  [38;2;96;99;96m████[38;2;96;98;96m██[38;2;96;99;96m██[38;2;95;98;95m██[38;2;82;85;82m██[38;2;23;23;23m  [38;2;0;0;0m  
[38;2;0;0;0m    [38;2;52;50;36m  [38;2;26;26;19m  [38;2;0;0;0m        [38;2;51;53;51m██[38;2;96;99;96m████[38;2;89;92;89m██[38;2;23;23;23m██[38;2;81;83;81m██[38;2;79;81;79m██[38;2;64;65;64m██[38;2;1;1;1m  
[38;2;0;0;0m    [38;2;58;56;39m██[38;2;166;159;108m██[38;2;41;40;29m  [38;2;2;2;2m    [38;2;26;26;26m  [38;2;96;98;96m██[38;2;95;98;95m██[38;2;31;32;31m  [38;2;4;4;4m  [38;2;0;0;0m  [38;2;11;12;11m  [38;2;68;69;68m██[38;2;79;81;79m██[38;2;26;26;26m██
[38;2;0;0;0m  [38;2;4;4;4m  [38;2;138;131;85m██[38;2;175;167;116m██[38;2;201;195;144m██[38;2;186;180;134m██[38;2;156;150;106m██[38;2;68;68;67m██[38;2;83;84;83m██[38;2;18;19;18m  [38;2;0;0;0m      [38;2;1;1;1m  [38;2;141;112;30m██[38;2;70;70;70m██[38;2;26;26;26m██
[38;2;0;0;0m  [38;2;58;56;41m  [38;2;129;124;111m██[38;2;157;152;130m██[38;2;215;209;155m████[38;2;174;169;130m██[38;2;192;185;134m██[38;2;69;68;58m██[38;2;2;2;2m  [38;2;0;0;0m      [38;2;15;12;5m  [38;2;183;143;31m██[38;2;190;150;39m██[38;2;14;14;14m  
[38;2;1;1;1m  [38;2;145;139;99m██[38;2;84;89;134m██[38;2;88;89;117m██[38;2;196;189;137m██[38;2;216;209;155m████[38;2;216;209;154m██[38;2;123;120;94m██[38;2;6;6;6m  [38;2;0;0;0m      [38;2;39;32;11m██[38;2;227;178;38m██[38;2;182;142;31m██[38;2;1;1;1m  
[38;2;43;41;35m██[38;2;102;99;106m██[38;2;115;137;235m██[38;2;77;102;215m██[38;2;119;115;115m██[38;2;198;191;140m██[38;2;201;194;141m██[38;2;181;174;123m██[38;2;180;174;123m██[38;2;175;169;119m██[38;2;3;3;3m  [38;2;0;0;0m  [38;2;1;1;1m  [38;2;118;93;22m██[38;2;227;178;38m██[38;2;108;85;20m  [38;2;1;1;1m  
[38;2;23;22;23m██[38;2;80;77;89m██[38;2;122;144;239m██[38;2;87;90;125m██[38;2;92;89;104m██[38;2;74;73;72m██[38;2;72;72;69m████[38;2;180;174;123m██[38;2;175;169;119m██[38;2;3;3;3m  [38;2;0;0;0m  [38;2;4;4;4m  [38;2;227;178;38m████[38;2;5;5;5m  [38;2;0;0;0m  
[38;2;39;39;39m  [38;2;90;89;94m██[38;2;92;89;104m██[38;2;81;79;89m██[38;2;49;72;34m██[38;2;148;187;122m██[38;2;144;142;132m██[38;2;179;172;122m██[38;2;181;174;123m██[38;2;6;6;6m  [38;2;0;0;0m    [38;2;160;150;68m██[38;2;238;202;64m██[38;2;159;124;28m██[38;2;3;3;3m  [38;2;0;0;0m  
[38;2;1;1;1m  [38;2;74;72;84m██[38;2;74;73;78m██[38;2;91;88;103m██[38;2;91;89;102m██[38;2;94;91;106m██[38;2;126;121;106m██[38;2;181;174;122m██[38;2;95;92;66m██[38;2;0;0;0m      [38;2;160;150;68m██[38;2;254;239;105m██[38;2;87;81;38m██[38;2;0;0;0m    
[38;2;0;0;0m  [38;2;2;2;2m  [38;2;56;54;61m██[38;2;86;83;96m██[38;2;85;82;97m██[38;2;127;122;107m██[38;2;123;120;94m██[38;2;94;91;65m██[38;2;1;1;1m  [38;2;0;0;0m      [38;2;160;150;68m██[38;2;218;205;91m██[38;2;2;2;2m  [38;2;0;0;0m    
[38;2;0;0;0m  [38;2;5;5;5m  [38;2;95;90;55m██[38;2;57;57;57m██[38;2;67;67;69m██[38;2;68;68;67m██[38;2;180;173;122m██[38;2;178;171;121m██[38;2;5;5;4m  [38;2;0;0;0m      [38;2;4;4;4m  [38;2;219;206;91m██[38;2;3;3;2m  [38;2;0;0;0m    
[38;2;0;0;0m    [38;2;36;35;28m██[38;2;70;81;132m██[38;2;116;138;236m██[38;2;150;145;109m██[38;2;106;102;73m  [38;2;125;121;95m██[38;2;94;90;65m██[38;2;0;0;0m      [38;2;1;1;1m  [38;2;140;132;60m██[38;2;87;82;39m██[38;2;0;0;0m    
[38;2;0;0;0m  [38;2;5;5;5m  [38;2;116;111;75m██[38;2;125;118;77m██[38;2;98;110;157m██[38;2;139;131;80m██[38;2;3;3;3m  [38;2;6;6;6m  [38;2;178;171;122m██[38;2;6;6;6m  [38;2;0;0;0m        [38;2;6;6;6m  [38;2;0;0;0m    
[38;2;1;1;1m  [38;2;39;40;39m  [38;2;127;121;79m██[38;2;71;71;67m██[38;2;181;174;123m██[38;2;164;157;106m██[38;2;62;59;43m  [38;2;40;40;40m  [38;2;163;158;117m██[38;2;104;100;72m  [38;2;1;1;1m  [38;2;0;0;0m            
[38;2;4;4;4m  [38;2;89;88;74m██[38;2;74;76;74m██[38;2;128;121;77m██[38;2;178;171;120m██[38;2;181;174;122m██[38;2;135;131;100m██[38;2;66;66;66m██[38;2;134;132;108m██[38;2;93;96;93m██[38;2;7;7;7m  [38;2;0;0;0m            
[38;2;30;31;30m██[38;2;200;161;49m██[38;2;83;82;72m██[38;2;134;127;79m██[38;2;145;137;86m██[38;2;178;171;120m██[38;2;181;174;123m██[38;2;113;108;76m██[38;2;86;88;86m██[38;2;191;183;102m██[38;2;46;47;46m██[38;2;0;0;0m            
[38;2;26;27;26m  [38;2;183;150;53m██[38;2;80;78;64m██[38;2;137;129;79m██[38;2;93;89;68m██[38;2;120;113;69m██[38;2;154;147;96m██[38;2;140;132;81m██[38;2;81;82;81m██[38;2;250;235;105m██[38;2;46;47;46m██[38;2;0;0;0m            
[38;2;1;1;1m  [38;2;31;31;31m██[38;2;10;10;10m  [38;2;122;115;72m██[38;2;32;31;20m  [38;2;2;2;2m  [38;2;90;85;53m██[38;2;139;131;80m██[38;2;95;93;75m██[38;2;248;234;103m██[38;2;17;18;17m  [38;2;0;0;0m            
[38;2;0;0;0m  [38;2;1;1;1m  [38;2;52;50;36m██[38;2;125;119;77m██[38;2;13;12;14m  [38;2;0;0;0m  [38;2;3;3;3m  [38;2;122;115;75m██[38;2;97;93;67m██[38;2;5;5;5m  [38;2;0;0;0m              
[38;2;1;1;1m  [38;2;53;52;60m  [38;2;82;80;90m██[38;2;77;75;85m██[38;2;53;52;60m██[38;2;0;0;0m  [38;2;3;3;3m  [38;2;81;79;90m██[38;2;77;74;72m██[38;2;4;4;4m  [38;2;0;0;0m              
[38;2;1;1;1m  [38;2;155;155;155m  [38;2;112;111;118m██[38;2;85;83;92m██[38;2;3;3;3m  [38;2;0;0;0m  [38;2;59;58;63m██[38;2;93;90;104m██[38;2;109;106;119m██[38;2;122;120;131m██[38;2;3;3;3m  [38;2;0;0;0m            
[38;2;0;0;0m  [38;2;1;1;1m      [38;2;0;0;0m    [38;2;31;31;31m  [38;2;30;29;33m██[38;2;49;48;50m██[38;2;67;67;67m  [38;2;0;0;0m              [0m
