
[38;2;0;0;0m                          [38;2;6;5;0m  [38;2;46;36;0m██[38;2;0;0;0m                                      
[38;2;0;0;0m                          [38;2;146;115;0m██[38;2;176;139;0m██[38;2;140;109;0m██[38;2;36;27;0m  [38;2;0;0;0m                                  
[38;2;0;0;0m                      [38;2;64;50;0m██[38;2;150;109;0m██[38;2;177;140;0m████[38;2;172;134;0m██[38;2;127;91;0m██[38;2;39;26;0m██[38;2;8;5;0m  [38;2;0;0;0m                              
[38;2;0;0;0m                      [38;2;174;138;0m██[38;2;170;132;0m██[38;2;177;140;0m██[38;2;176;140;0m██[38;2;174;137;0m██[38;2;132;92;0m██[38;2;154;116;0m██[38;2;105;70;0m██[38;2;0;0;0m                              
[38;2;0;0;0m                    [38;2;85;64;0m██[38;2;173;135;0m██[38;2;166;128;0m██[38;2;177;140;0m████[38;2;172;134;0m██[38;2;169;131;0m██[38;2;128;89;0m██[38;2;110;82;20m██[38;2;98;73;27m██[38;2;120;80;0m██[38;2;0;0;0m                          
[38;2;0;0;0m                  [38;2;24;6;0m  [38;2;120;81;1m██[38;2;124;84;0m██[38;2;122;82;0m██[38;2;175;137;0m████[38;2;133;94;0m██[38;2;136;97;0m██[38;2;120;80;0m██[38;2;77;68;52m██[38;2;170;133;0m██[38;2;127;87;0m██[38;2;67;44;0m  [38;2;0;0;0m                        
[38;2;0;0;0m                [38;2;40;29;0m  [38;2;177;133;1m██[38;2;153;70;67m██[38;2;211;82;85m██[38;2;109;81;12m██[38;2;120;80;0m██[38;2;122;84;5m██[38;2;92;73;26m██[38;2;95;73;29m██[38;2;101;79;31m██[38;2;162;129;7m██[38;2;148;110;0m██[38;2;149;110;0m██[38;2;119;79;0m██[38;2;10;7;0m██[38;2;0;0;0m                      
[38;2;0;0;0m                [38;2;59;43;0m██[38;2;173;138;0m██[38;2;114;97;37m██[38;2;77;70;60m██[38;2;144;104;9m██[38;2;66;65;64m██[38;2;60;65;59m██[38;2;172;130;0m██[38;2;172;137;1m██[38;2;172;138;0m██[38;2;131;92;0m██[38;2;156;118;0m██[38;2;166;127;0m██[38;2;120;80;0m██[38;2;10;7;0m██[38;2;0;0;0m                      
[38;2;0;0;0m                [38;2;28;19;0m  [38;2;146;107;0m██[38;2;147;108;0m██[38;2;144;105;0m██[38;2;120;80;0m██[38;2;148;109;0m██[38;2;167;130;0m██[38;2;176;139;0m██[38;2;154;115;0m██[38;2;147;108;0m██[38;2;146;107;0m██[38;2;119;80;0m██[38;2;120;80;0m██[38;2;73;48;0m██[38;2;0;0;0m                        
[38;2;0;0;0m                  [38;2;3;2;0m  [38;2;113;75;0m██[38;2;113;76;2m██[38;2;88;70;31m██[38;2;172;134;0m██[38;2;174;137;0m██[38;2;172;134;0m██[38;2;133;94;0m██[38;2;156;118;7m██[38;2;123;83;9m██[38;2;118;77;3m██[38;2;16;11;0m  [38;2;0;0;0m    [38;2;8;30;68m██[38;2;18;65;148m██[38;2;0;0;0m                  
[38;2;0;0;0m                        [38;2;23;15;8m  [38;2;126;84;3m██[38;2;144;104;1m██[38;2;116;77;0m██[38;2;93;81;34m██[38;2;171;69;65m██[38;2;63;32;16m██[38;2;4;0;0m  [38;2;0;0;0m  [38;2;2;25;43m  [38;2;6;69;112m██[38;2;24;93;156m██[38;2;33;89;141m██[38;2;2;32;57m  [38;2;0;0;0m                
[38;2;0;0;0m                          [38;2;23;6;1m  [38;2;76;64;47m██[38;2;73;73;67m██[38;2;192;37;67m██[38;2;174;54;54m██[38;2;1;2;2m  [38;2;6;7;6m  [38;2;17;16;15m██[38;2;22;114;186m██[38;2;178;183;161m██[38;2;252;219;159m██[38;2;170;181;163m██[38;2;9;113;198m██[38;2;0;12;22m██[38;2;0;5;9m  [38;2;0;0;0m            
[38;2;0;0;0m                      [38;2;6;4;0m  [38;2;76;50;0m██[38;2;6;6;6m  [38;2;111;89;50m██[38;2;152;119;56m██[38;2;110;89;51m██[38;2;75;67;54m██[38;2;48;56;37m██[38;2;129;139;125m██[38;2;159;149;143m██[38;2;122;116;99m██[38;2;198;176;127m██[38;2;216;127;111m██[38;2;254;229;176m██[38;2;2;111;205m████[38;2;2;84;164m██[38;2;0;0;0m            
[38;2;0;0;0m                  [38;2;1;0;0m  [38;2;29;21;10m██[38;2;108;162;53m██[38;2;144;131;8m██[38;2;118;84;3m██[38;2;124;84;7m██[38;2;160;123;50m██[38;2;139;94;26m██[38;2;134;95;0m██[38;2;145;102;0m██[38;2;168;152;127m██[38;2;157;144;122m██[38;2;116;73;22m██[38;2;76;82;59m██[38;2;138;136;106m██[38;2;254;232;177m██[38;2;251;216;169m██[38;2;248;200;160m██[38;2;209;204;169m██[38;2;14;104;185m██[38;2;35;75;125m██[38;2;16;71;147m██[38;2;4;19;40m  [38;2;0;0;0m    
[38;2;0;0;0m                  [38;2;181;49;58m██[38;2;230;90;80m██[38;2;106;180;62m██[38;2;110;157;46m██[38;2;118;151;56m██[38;2;181;153;110m██[38;2;115;133;37m██[38;2;133;127;7m██[38;2;155;129;0m██[38;2;115;102;0m██[38;2;103;148;48m██[38;2;111;140;40m██[38;2;108;145;48m██[38;2;107;164;59m██[38;2;123;152;73m██[38;2;122;115;99m██[38;2;182;135;130m██[38;2;242;172;145m██[38;2;242;171;143m██[38;2;132;136;139m██[38;2;37;72;119m██[38;2;14;62;128m██[38;2;0;0;0m      
[38;2;0;0;0m              [38;2;57;20;24m  [38;2;254;77;80m██[38;2;253;75;88m██[38;2;168;148;81m██[38;2;199;172;137m██[38;2;209;186;147m██[38;2;208;190;150m██[38;2;182;179;128m██[38;2;107;163;58m██[38;2;107;159;56m██[38;2;108;177;61m██[38;2;144;182;77m██[38;2;156;177;79m██[38;2;143;199;79m██[38;2;118;170;65m██[38;2;107;164;59m██[38;2;135;167;76m██[38;2;193;145;98m██[38;2;158;100;103m██[38;2;212;196;150m██[38;2;251;229;174m██[38;2;179;148;117m██[38;2;37;56;89m██[38;2;0;0;0m        
[38;2;0;0;0m              [38;2;246;89;103m██[38;2;232;145;107m██[38;2;146;186;83m██[38;2;158;183;107m██[38;2;253;234;197m██[38;2;212;191;153m██[38;2;130;203;89m██[38;2;117;210;78m██[38;2;110;194;66m██[38;2;111;192;66m██[38;2;143;189;83m██[38;2;247;101;107m██[38;2;254;91;99m██[38;2;226;107;80m██[38;2;202;134;81m██[38;2;145;183;76m██[38;2;149;186;78m██[38;2;178;163;81m██[38;2;255;70;83m██[38;2;137;138;103m██[38;2;155;144;108m██[38;2;65;91;134m██[38;2;6;27;57m██[38;2;0;0;0m        
[38;2;0;0;0m            [38;2;86;102;47m██[38;2;194;231;107m██[38;2;195;231;106m██[38;2;195;232;107m██[38;2;196;231;107m██[38;2;197;165;137m██[38;2;252;235;200m██[38;2;196;193;143m██[38;2;120;204;80m██[38;2;112;214;75m██[38;2;133;218;80m██[38;2;231;148;106m██[38;2;245;116;112m██[38;2;241;113;89m██[38;2;249;84;88m██[38;2;242;86;81m██[38;2;252;73;82m██[38;2;212;122;82m██[38;2;159;189;81m██[38;2;159;188;81m██[38;2;152;187;81m██[38;2;31;77;96m██[38;2;14;60;138m██[38;2;0;0;0m          
[38;2;0;0;0m          [38;2;0;15;12m  [38;2;173;211;100m██[38;2;195;232;107m██[38;2;195;232;106m██[38;2;205;200;137m██[38;2;191;175;124m██[38;2;245;223;187m██[38;2;254;235;198m██[38;2;201;175;137m██[38;2;187;226;104m██[38;2;128;217;79m██[38;2;191;231;105m██[38;2;198;225;107m██[38;2;207;207;107m██[38;2;254;71;89m██[38;2;255;68;86m██[38;2;248;78;82m██[38;2;253;70;85m██[38;2;186;196;93m██[38;2;159;187;82m██[38;2;159;189;81m██[38;2;26;131;57m██[38;2;16;111;56m██[38;2;14;10;23m  [38;2;0;0;0m          
[38;2;0;0;0m        [38;2;0;45;19m██[38;2;36;103;50m██[38;2;154;210;98m██[38;2;196;231;107m██[38;2;196;214;116m██[38;2;212;194;151m██[38;2;252;238;195m██[38;2;228;206;169m██[38;2;193;185;123m██[38;2;196;231;106m██[38;2;197;231;106m██[38;2;197;231;107m██[38;2;196;231;106m██[38;2;195;232;106m██[38;2;196;231;106m██[38;2;196;231;107m██[38;2;228;142;95m██[38;2;233;128;91m██[38;2;200;222;105m██[38;2;191;224;103m██[38;2;159;188;82m██[38;2;101;164;71m██[38;2;0;120;52m██[38;2;18;107;57m██[38;2;48;71;105m██[38;2;4;57;110m██[38;2;0;0;0m        
[38;2;0;0;0m        [38;2;0;110;48m██[38;2;0;120;52m██[38;2;66;150;53m██[38;2;21;133;58m██[38;2;215;205;153m██[38;2;252;235;200m██[38;2;253;234;198m██[38;2;192;166;129m██[38;2;195;231;107m██[38;2;195;232;107m██[38;2;197;231;107m██[38;2;139;219;82m██[38;2;143;220;84m██[38;2;195;232;107m██[38;2;195;232;106m██[38;2;195;232;107m████[38;2;195;231;106m██[38;2;195;232;107m██[38;2;179;213;95m██[38;2;21;130;56m██[38;2;0;120;52m██[38;2;1;119;52m██[38;2;41;74;104m██[38;2;2;102;199m██[38;2;2;111;205m██[38;2;8;101;176m██[38;2;2;32;57m  [38;2;0;0;0m    
[38;2;0;0;0m        [38;2;16;80;39m██[38;2;106;163;49m██[38;2;146;191;65m██[38;2;50;142;51m██[38;2;178;190;148m██[38;2;252;234;200m██[38;2;218;192;161m██[38;2;190;226;104m██[38;2;114;184;83m██[38;2;195;232;107m██[38;2;195;232;106m██[38;2;185;229;102m██[38;2;185;228;101m██[38;2;195;232;106m████[38;2;168;216;99m██[38;2;114;184;83m██[38;2;166;213;98m██[38;2;113;180;76m██[38;2;24;132;56m██[38;2;47;141;51m██[38;2;33;135;51m██[38;2;28;96;67m██[38;2;27;67;134m██[38;2;7;92;182m██[38;2;5;96;187m██[38;2;2;106;198m██[38;2;16;71;152m██[38;2;5;24;50m  [38;2;0;0;0m  
[38;2;0;0;0m        [38;2;16;45;71m██[38;2;63;73;75m██[38;2;40;88;63m██[38;2;5;111;62m██[38;2;246;231;196m██[38;2;254;235;198m██[38;2;117;172;118m██[38;2;18;129;54m██[38;2;110;167;53m██[38;2;36;137;54m██[38;2;197;229;104m██[38;2;159;209;96m██[38;2;9;126;54m██[38;2;58;150;60m██[38;2;47;147;63m██[38;2;41;139;54m██[38;2;110;167;53m██[38;2;88;161;57m██[38;2;118;172;52m██[38;2;51;143;51m██[38;2;8;124;51m██[38;2;0;121;52m██[38;2;64;65;68m██[38;2;15;67;152m██[38;2;15;69;152m██[38;2;15;70;153m██[38;2;15;70;154m██[38;2;16;69;152m██[38;2;25;65;130m██[38;2;15;16;18m  
[38;2;32;32;32m  [38;2;104;87;61m██[38;2;243;243;242m██[38;2;113;96;79m██[38;2;99;122;132m██[38;2;10;107;194m██[38;2;23;118;185m██[38;2;125;167;204m██[38;2;253;235;199m██[38;2;236;228;201m██[38;2;69;133;59m██[38;2;115;170;50m██[38;2;116;170;54m██[38;2;142;196;77m██[38;2;54;144;54m██[38;2;68;150;52m██[38;2;71;152;50m██[38;2;95;166;60m██[38;2;103;164;50m██[38;2;130;180;58m██[38;2;117;177;67m██[38;2;90;163;61m██[38;2;113;159;51m██[38;2;35;129;54m██[38;2;31;94;62m██[38;2;41;66;107m██[38;2;15;67;152m██[38;2;29;67;128m██[38;2;15;67;152m██[38;2;16;69;152m██[38;2;16;70;151m██[38;2;31;65;119m██[38;2;102;106;124m██[38;2;26;22;20m  
[38;2;0;0;0m  [38;2;187;178;162m██[38;2;214;181;135m██[38;2;196;157;113m██[38;2;255;233;178m██[38;2;85;82;77m██[38;2;5;109;201m██[38;2;1;111;205m██[38;2;4;100;207m██[38;2;91;111;132m██[38;2;58;101;92m██[38;2;40;99;58m██[38;2;115;168;54m██[38;2;92;164;67m██[38;2;79;151;49m██[38;2;114;169;53m██[38;2;80;94;63m██[38;2;80;95;64m██[38;2;115;168;53m██[38;2;77;151;50m██[38;2;0;116;44m██[38;2;1;120;52m██[38;2;8;102;57m██[38;2;53;93;64m██[38;2;17;68;149m██[38;2;16;69;152m████[38;2;43;66;103m██[38;2;60;64;72m██[38;2;15;67;149m██[38;2;14;61;126m  [38;2;0;1;5m  [38;2;0;2;6m  [38;2;0;0;0m  
[38;2;0;0;0m  [38;2;91;83;64m  [38;2;255;233;179m██[38;2;255;233;182m████[38;2;255;233;178m██[38;2;40;75;115m██[38;2;8;88;179m██████[38;2;10;89;175m██[38;2;41;70;111m██[38;2;38;65;113m██[38;2;38;70;109m██[38;2;36;90;62m██[38;2;42;85;60m██[38;2;183;183;183m██[38;2;204;204;204m██[38;2;120;119;120m██[38;2;126;143;136m██[38;2;38;70;109m██[38;2;38;65;113m████[38;2;16;67;152m██[38;2;16;69;152m██████[38;2;23;46;83m██[38;2;127;127;127m  [38;2;0;0;0m          
[38;2;0;0;0m    [38;2;207;179;127m██[38;2;151;107;52m██[38;2;249;226;171m██[38;2;252;230;174m██[38;2;153;138;100m██[38;2;17;65;149m██[38;2;16;69;152m██████[38;2;16;68;152m██[38;2;16;69;152m██[38;2;16;65;151m██[38;2;61;74;97m██[38;2;249;225;170m██[38;2;208;172;118m██[38;2;204;162;118m██[38;2;234;229;218m██[38;2;162;152;143m██[38;2;80;79;80m██[38;2;46;65;98m██[38;2;16;68;152m██[38;2;16;69;152m██████[38;2;15;65;135m  [38;2;0;0;0m              
[38;2;0;0;0m    [38;2;18;13;6m  [38;2;144;107;49m██[38;2;179;137;77m██[38;2;216;192;127m██[38;2;151;138;102m██[38;2;47;64;98m██[38;2;16;71;151m██[38;2;16;69;152m████████[38;2;49;68;104m██[38;2;193;179;146m██[38;2;255;232;179m██[38;2;255;233;178m██[38;2;255;232;178m██[38;2;217;191;138m██[38;2;212;186;160m██[38;2;222;215;213m██[38;2;46;65;98m██[38;2;16;68;152m██[38;2;16;70;151m██[38;2;16;71;151m██[38;2;11;49;105m██[38;2;0;0;0m                
[38;2;0;0;0m        [38;2;48;34;16m  [38;2;180;161;107m██[38;2;31;31;31m  [38;2;0;0;0m    [38;2;13;59;130m████[38;2;13;60;132m██[38;2;16;69;151m██[38;2;93;94;94m██[38;2;255;233;180m██[38;2;221;192;139m██[38;2;151;108;50m██[38;2;168;127;73m██[38;2;219;193;124m██[38;2;212;193;141m██[38;2;85;78;73m██[38;2;16;66;151m██[38;2;16;69;151m██[38;2;14;60;130m██[38;2;0;1;3m  [38;2;0;0;0m                  
[38;2;0;0;0m                      [38;2;0;2;4m  [38;2;5;23;49m██[38;2;93;89;82m██[38;2;241;214;150m██[38;2;152;109;51m██[38;2;175;137;62m██[38;2;170;131;60m██[38;2;203;178;112m██[38;2;186;169;112m██[38;2;37;34;32m██[38;2;5;23;49m████[38;2;0;0;0m                      
[38;2;0;0;0m                          [38;2;7;7;7m  [38;2;164;150;102m██[38;2;164;125;64m██[38;2;172;133;60m██[38;2;151;108;56m██[38;2;206;181;118m██[38;2;117;106;71m  [38;2;0;0;0m                            
[38;2;0;0;0m                            [38;2;39;35;22m  [38;2;214;191;126m██[38;2;199;172;110m██[38;2;161;140;90m██[38;2;57;52;35m██[38;2;0;0;0m                              [0m
