
[38;2;0;0;0m                        [38;2;5;6;15m  [38;2;11;12;30m  [38;2;0;0;0m                      
[38;2;0;0;0m                        [38;2;40;44;110m██[38;2;45;50;125m██[38;2;15;17;43m  [38;2;0;0;0m      [38;2;21;23;58m  [38;2;37;55;99m  [38;2;0;0;0m          
[38;2;0;0;0m                      [38;2;11;12;30m  [38;2;49;59;133m██[38;2;58;86;154m██[38;2;58;86;155m████[38;2;56;80;150m██[38;2;16;20;43m██[38;2;58;86;155m██[38;2;51;76;138m██[38;2;4;7;13m  [38;2;0;0;0m        
[38;2;0;0;0m                      [38;2;45;49;123m██[38;2;58;86;155m██████[38;2;58;85;155m██[38;2;56;80;150m██[38;2;55;78;148m██[38;2;58;86;154m██[38;2;58;85;155m██[38;2;19;29;52m██[38;2;0;0;0m        
[38;2;0;0;0m  [38;2;198;187;157m  [38;2;255;240;202m  [38;2;255;241;202m  [38;2;255;240;202m  [38;2;255;241;202m  [38;2;255;240;202m  [38;2;255;241;202m      [38;2;44;44;64m██[38;2;247;229;178m██[38;2;52;68;140m██[38;2;57;85;154m██[38;2;55;77;147m██[38;2;97;96;139m████[38;2;55;77;147m██[38;2;56;82;152m██[38;2;58;85;155m██[38;2;58;86;155m██[38;2;0;0;0m        
[38;2;0;0;0m  [38;2;198;187;157m  [38;2;255;241;202m  [38;2;255;240;202m  [38;2;255;241;202m    [38;2;255;240;202m  [38;2;255;241;202m    [38;2;75;71;59m  [38;2;217;200;154m██[38;2;250;232;178m██[38;2;124;123;149m██[38;2;52;62;133m██[38;2;199;186;165m██[38;2;250;232;178m██[38;2;251;232;179m██[38;2;199;186;165m██[38;2;106;108;145m██[38;2;58;85;155m██[38;2;57;86;155m██[38;2;35;52;95m  [38;2;0;0;0m      
[38;2;0;0;0m  [38;2;198;187;157m  [38;2;255;240;202m  [38;2;255;241;202m  [38;2;255;240;202m  [38;2;255;241;202m  [38;2;255;240;202m  [38;2;255;241;202m    [38;2;15;14;12m  [38;2;146;137;112m██[38;2;249;230;178m██[38;2;251;232;179m██[38;2;250;232;178m████[38;2;188;174;134m██[38;2;197;183;143m██[38;2;251;232;179m████[38;2;91;93;140m██[38;2;56;83;152m██[38;2;45;63;121m██[38;2;0;0;0m      
[38;2;0;0;0m  [38;2;198;187;157m  [38;2;255;241;202m  [38;2;255;240;202m  [38;2;255;241;202m    [38;2;255;240;202m  [38;2;255;241;202m    [38;2;15;14;12m  [38;2;222;205;158m██[38;2;249;230;178m██[38;2;250;232;179m██[38;2;248;229;177m██[38;2;85;80;67m██[38;2;188;174;134m██[38;2;197;183;143m██[38;2;251;232;179m████[38;2;222;206;171m██[38;2;47;56;130m██[38;2;37;41;103m██[38;2;0;0;0m      
[38;2;0;0;0m  [38;2;198;187;157m  [38;2;255;240;202m  [38;2;255;241;202m  [38;2;255;240;202m  [38;2;255;241;202m  [38;2;255;240;202m  [38;2;255;241;202m      [38;2;94;87;69m██[38;2;250;231;178m██[38;2;251;232;179m██[38;2;250;231;178m██[38;2;232;212;168m██[38;2;207;192;152m██[38;2;250;232;179m██[38;2;251;232;179m██[38;2;245;225;172m██[38;2;191;168;137m██[38;2;46;51;126m██[38;2;28;31;77m  [38;2;0;0;0m      
[38;2;0;0;0m  [38;2;198;187;157m  [38;2;255;241;202m  [38;2;255;240;202m  [38;2;255;241;202m    [38;2;255;240;202m  [38;2;255;241;202m  [38;2;174;165;138m  [38;2;63;60;50m  [38;2;112;108;120m██[38;2;250;231;178m██[38;2;153;138;108m██[38;2;111;106;93m██[38;2;107;104;99m██[38;2;207;192;152m██[38;2;251;232;179m██[38;2;224;199;148m██[38;2;218;192;142m██[38;2;82;80;128m██[38;2;46;51;126m██[38;2;0;0;0m        
[38;2;0;0;0m  [38;2;198;187;157m  [38;2;255;240;202m  [38;2;255;241;202m  [38;2;255;240;202m  [38;2;255;241;202m  [38;2;230;218;182m  [38;2;32;37;50m  [38;2;34;41;59m██[38;2;51;55;109m██[38;2;251;234;184m████[38;2;251;232;179m██[38;2;250;232;178m████[38;2;249;230;177m██[38;2;224;199;148m████[38;2;113;107;134m██[38;2;50;63;136m██[38;2;29;43;78m██[38;2;0;0;0m        
[38;2;0;0;0m  [38;2;198;187;157m  [38;2;255;241;202m  [38;2;255;240;202m  [38;2;255;241;202m    [38;2;56;61;75m  [38;2;56;83;151m██[38;2;58;86;155m██[38;2;59;81;133m██[38;2;178;169;146m██[38;2;255;241;202m██[38;2;252;235;187m██[38;2;250;232;179m████[38;2;250;232;178m██[38;2;251;232;179m██[38;2;237;219;170m██[38;2;76;88;127m██[38;2;58;85;155m██[38;2;57;86;155m██[38;2;35;52;95m  [38;2;0;0;0m      
[38;2;0;0;0m  [38;2;198;187;157m  [38;2;255;240;202m  [38;2;255;241;202m  [38;2;255;240;202m  [38;2;255;241;202m  [38;2;20;29;56m██[38;2;55;77;147m██[38;2;56;82;151m██[38;2;95;100;157m██[38;2;152;145;128m██[38;2;255;241;202m████[38;2;254;240;201m██[38;2;251;233;181m██[38;2;204;190;150m██[38;2;122;120;113m██[38;2;62;71;94m██[38;2;58;86;155m██[38;2;58;85;155m██[38;2;58;86;155m████[38;2;17;25;46m██[38;2;0;0;0m    
[38;2;0;0;0m  [38;2;198;187;157m  [38;2;255;241;202m  [38;2;255;240;202m  [38;2;255;241;202m    [38;2;122;116;105m  [38;2;183;184;203m██[38;2;113;120;170m██[38;2;117;117;119m██[38;2;229;217;183m██[38;2;255;241;202m██[38;2;255;240;202m██[38;2;255;241;202m██[38;2;177;168;143m██[38;2;59;80;132m██[38;2;58;83;145m██[38;2;58;85;155m██[38;2;58;86;154m██[38;2;58;85;155m██[38;2;57;86;155m██[38;2;58;86;155m██[38;2;47;70;127m██[38;2;0;0;0m    
[38;2;0;0;0m  [38;2;198;187;157m  [38;2;255;240;202m  [38;2;255;241;202m  [38;2;255;240;202m  [38;2;255;241;202m  [38;2;95;88;68m██[38;2;125;119;102m██[38;2;111;107;95m██[38;2;246;233;195m██[38;2;255;241;202m██████[38;2;252;238;199m██[38;2;163;161;155m██[38;2;46;53;127m██[38;2;58;86;154m██[38;2;58;85;154m██[38;2;58;86;155m██[38;2;58;85;155m██[38;2;58;86;155m████[38;2;58;85;155m██[38;2;11;16;30m  [38;2;0;0;0m  
[38;2;0;0;0m  [38;2;198;187;157m  [38;2;255;241;202m  [38;2;255;240;202m  [38;2;255;241;202m  [38;2;90;85;71m  [38;2;212;196;151m██[38;2;251;232;179m██[38;2;251;232;181m██[38;2;252;234;184m██[38;2;255;241;202m████[38;2;255;240;202m██[38;2;251;234;184m██[38;2;150;141;117m██[38;2;193;195;217m██[38;2;54;74;145m██[38;2;58;85;155m██[38;2;58;86;154m██[38;2;58;83;145m██[38;2;59;80;132m██[38;2;58;86;155m██[38;2;58;86;154m██[38;2;45;67;120m██[38;2;0;0;0m  
[38;2;0;0;0m  [38;2;198;187;157m  [38;2;191;180;151m  [38;2;243;230;192m  [38;2;233;220;184m  [38;2;39;43;54m  [38;2;251;232;178m████[38;2;251;232;179m██[38;2;250;232;179m██[38;2;250;232;178m████[38;2;251;232;179m██[38;2;250;232;178m████[38;2;117;112;100m██[38;2;116;118;151m██[38;2;59;80;132m██[38;2;91;96;108m██[38;2;104;103;102m██[38;2;58;86;155m████[38;2;58;85;155m██[38;2;47;69;127m██[38;2;2;3;8m  
[38;2;0;0;0m  [38;2;49;46;39m  [38;2;176;176;178m██[38;2;77;74;68m  [38;2;56;61;72m  [38;2;55;82;149m██[38;2;250;232;179m██[38;2;251;232;179m██[38;2;250;232;178m██[38;2;251;232;179m██[38;2;250;232;178m████[38;2;250;232;179m██████[38;2;248;229;177m██[38;2;204;190;150m████[38;2;233;216;168m██[38;2;223;211;175m██[38;2;57;86;155m██[38;2;58;86;155m██[38;2;58;86;154m██[38;2;55;78;148m██[38;2;11;13;32m██
[38;2;49;49;49m  [38;2;194;175;138m██[38;2;248;243;230m██[38;2;187;164;125m██[38;2;203;189;149m██[38;2;66;84;127m██[38;2;113;127;161m██[38;2;246;228;178m██[38;2;251;232;179m██[38;2;250;232;179m██[38;2;250;232;178m████[38;2;251;232;179m██[38;2;250;232;178m██[38;2;225;209;163m██[38;2;96;96;98m██[38;2;165;157;134m██[38;2;204;190;150m██[38;2;203;193;164m██[38;2;58;85;155m██[38;2;58;86;155m████[38;2;55;79;149m██[38;2;50;63;136m██[38;2;14;20;38m██
[38;2;0;0;0m  [38;2;195;180;139m██[38;2;245;225;173m██[38;2;232;211;160m██[38;2;250;232;179m██[38;2;211;196;154m██[38;2;61;76;113m██[38;2;101;118;160m██[38;2;250;232;178m██[38;2;251;232;179m██[38;2;250;232;178m████[38;2;250;232;179m██[38;2;248;229;177m██[38;2;86;84;78m██[38;2;239;239;241m██[38;2;144;144;144m██[38;2;162;162;168m██[38;2;118;122;133m██[38;2;58;85;155m██[38;2;57;86;155m██[38;2;48;59;133m██[38;2;53;72;143m██[38;2;50;63;136m██[38;2;14;20;38m██
[38;2;0;0;0m    [38;2;243;222;169m██[38;2;225;200;146m██[38;2;251;232;179m████[38;2;82;80;93m██[38;2;46;51;124m██[38;2;46;51;126m████[38;2;116;113;144m██[38;2;199;186;165m██[38;2;227;211;164m██[38;2;114;109;95m██[38;2;250;232;178m██[38;2;195;170;123m████[38;2;230;223;213m██[38;2;140;137;135m██[38;2;105;105;105m██[38;2;52;55;105m██[38;2;45;51;126m██[38;2;46;51;126m██[38;2;43;48;119m██[38;2;8;9;24m  
[38;2;0;0;0m  [38;2;149;140;118m  [38;2;88;72;46m██[38;2;167;126;53m██[38;2;200;169;114m██[38;2;227;203;153m██[38;2;157;141;110m██[38;2;47;52;119m██[38;2;46;51;126m████████[38;2;81;80;102m██[38;2;250;232;179m████[38;2;250;232;178m██[38;2;251;232;179m██[38;2;202;175;127m██[38;2;225;215;198m██[38;2;185;185;190m██[38;2;52;55;105m██[38;2;46;51;126m████[38;2;35;39;98m██[38;2;0;0;0m  
[38;2;0;0;0m  [38;2;198;187;157m  [38;2;197;186;156m  [38;2;102;76;39m  [38;2;139;104;44m██[38;2;205;176;126m██[38;2;128;116;93m██[38;2;35;39;89m██[38;2;34;38;94m██[38;2;45;50;124m██[38;2;46;51;126m████[38;2;157;148;121m██[38;2;250;231;178m██[38;2;183;149;93m██[38;2;155;114;50m██[38;2;180;145;88m██[38;2;215;188;139m██[38;2;197;170;123m██[38;2;62;63;73m██[38;2;46;51;126m██[38;2;43;48;120m██[38;2;34;38;94m██[38;2;0;0;0m    
[38;2;0;0;0m  [38;2;198;187;157m  [38;2;255;241;202m  [38;2;202;191;160m  [38;2;138;128;104m  [38;2;51;44;31m██[38;2;82;78;67m  [38;2;191;180;151m    [38;2;22;22;38m  [38;2;11;12;31m████[38;2;158;148;121m██[38;2;222;197;147m██[38;2;160;119;52m██[38;2;179;139;56m██[38;2;161;119;52m██[38;2;215;188;139m██[38;2;145;130;104m██[38;2;50;54;112m██[38;2;23;25;63m██[38;2;9;10;25m  [38;2;0;0;0m      
[38;2;0;0;0m          [38;2;219;196;157m  [38;2;255;229;182m    [38;2;255;229;183m  [38;2;255;229;182m  [38;2;255;229;183m    [38;2;56;52;47m  [38;2;213;186;137m██[38;2;168;128;62m██[38;2;170;129;54m██[38;2;157;117;62m██[38;2;209;183;135m██[38;2;100;89;67m  [38;2;54;49;39m  [38;2;0;0;0m          
[38;2;0;0;0m          [38;2;219;196;157m  [38;2;255;229;183m      [38;2;255;229;182m  [38;2;255;229;183m    [38;2;223;200;160m  [38;2;56;49;36m██[38;2;205;176;126m██[38;2;198;167;116m██[38;2;114;97;69m██[38;2;67;59;45m  [38;2;230;207;165m  [38;2;219;196;157m  [38;2;0;0;0m          [0m
