    [38;2;7;7;7m▄[38;2;7;7;7m[48;2;98;186;132m▀[0m[38;2;7;7;7m[48;2;98;186;132m▀[0m[38;2;7;7;7m▄     [38;2;7;7;7m▄[38;2;7;7;7m▄       
   [38;2;7;7;7m▄[38;2;7;7;7m[48;2;98;186;132m▀[0m[38;2;98;186;132m[48;2;98;186;132m▀[0m[38;2;98;186;132m[48;2;184;206;166m▀[0m[38;2;98;186;132m[48;2;98;186;132m▀[0m[38;2;7;7;7m[48;2;7;7;7m▀[0m  [38;2;7;7;7m▄[38;2;7;7;7m[48;2;98;186;132m▀[0m[38;2;98;186;132m[48;2;98;186;132m▀[0m[38;2;98;186;132m[48;2;98;186;132m▀[0m[38;2;7;7;7m[48;2;7;7;7m▀[0m      
   [38;2;7;7;7m[48;2;7;7;7m▀[0m[38;2;98;186;132m[48;2;56;124;79m▀[0m[38;2;184;206;166m[48;2;184;206;166m▀[0m[38;2;212;235;193m[48;2;56;124;79m▀[0m[38;2;56;124;79m[48;2;212;235;193m▀[0m[38;2;64;64;64m[48;2;212;235;193m▀[0m[38;2;7;7;7m[48;2;212;235;193m▀[0m[38;2;7;7;7m▄[38;2;7;7;7m[48;2;56;124;79m▀[0m[38;2;98;186;132m[48;2;212;235;193m▀[0m[38;2;184;206;166m[48;2;212;235;193m▀[0m[38;2;98;186;132m[48;2;98;186;132m▀[0m[38;2;56;124;79m[48;2;56;124;79m▀[0m[38;2;7;7;7m[48;2;7;7;7m▀[0m     
  [38;2;7;7;7m▄[38;2;7;7;7m▀[38;2;56;124;79m[48;2;7;7;7m▀[0m[38;2;56;124;79m[48;2;184;206;166m▀[0m[38;2;212;235;193m[48;2;212;235;193m▀[0m[38;2;212;235;193m[48;2;212;235;193m▀[0m[38;2;212;235;193m[48;2;212;235;193m▀[0m[38;2;212;235;193m[48;2;212;235;193m▀[0m[38;2;212;235;193m[48;2;212;235;193m▀[0m[38;2;212;235;193m[48;2;212;235;193m▀[0m[38;2;56;124;79m[48;2;212;235;193m▀[0m[38;2;212;235;193m[48;2;56;124;79m▀[0m[38;2;98;186;132m[48;2;98;186;132m▀[0m[38;2;56;124;79m[48;2;7;7;7m▀[0m[38;2;7;7;7m▀     
 [38;2;7;7;7m[48;2;7;7;7m▀[0m[38;2;184;206;166m[48;2;56;124;79m▀[0m[38;2;7;7;7m[48;2;64;64;64m▀[0m[38;2;184;206;166m[48;2;239;239;239m▀[0m[38;2;98;186;132m[48;2;98;186;132m▀[0m[38;2;212;235;193m[48;2;212;235;193m▀[0m[38;2;212;235;193m[48;2;212;235;193m▀[0m[38;2;212;235;193m[48;2;98;186;132m▀[0m[38;2;98;186;132m[48;2;98;186;132m▀[0m[38;2;98;186;132m[48;2;98;186;132m▀[0m[38;2;212;235;193m[48;2;212;235;193m▀[0m[38;2;212;235;193m[48;2;212;235;193m▀[0m[38;2;212;235;193m[48;2;212;235;193m▀[0m[38;2;56;124;79m[48;2;56;124;79m▀[0m[38;2;7;7;7m[48;2;64;64;64m▀[0m[38;2;7;7;7m▄     
[38;2;7;7;7m▀[38;2;184;206;166m[48;2;7;7;7m▀[0m[38;2;184;206;166m[48;2;56;124;79m▀[0m[38;2;64;64;64m[48;2;64;64;64m▀[0m[38;2;128;107;159m[48;2;128;107;159m▀[0m[38;2;98;186;132m[48;2;98;186;132m▀[0m[38;2;184;206;166m[48;2;98;186;132m▀[0m[38;2;98;186;132m[48;2;98;186;132m▀[0m[38;2;98;186;132m[48;2;128;107;159m▀[0m[38;2;128;107;159m[48;2;239;239;239m▀[0m[38;2;239;239;239m[48;2;128;107;159m▀[0m[38;2;98;186;132m[48;2;239;239;239m▀[0m[38;2;98;186;132m[48;2;98;186;132m▀[0m[38;2;212;235;193m[48;2;212;235;193m▀[0m[38;2;56;124;79m[48;2;212;235;193m▀[0m[38;2;212;235;193m[48;2;212;235;193m▀[0m[38;2;7;7;7m[48;2;7;7;7m▀[0m  [38;2;7;7;7m▄  
 [38;2;7;7;7m▀[38;2;184;206;166m[48;2;7;7;7m▀[0m[38;2;7;7;7m▀[38;2;239;239;239m[48;2;7;7;7m▀[0m[38;2;98;186;132m[48;2;98;186;132m▀[0m[38;2;98;186;132m[48;2;98;186;132m▀[0m[38;2;98;186;132m[48;2;98;186;132m▀[0m[38;2;128;107;159m[48;2;184;206;166m▀[0m[38;2;7;7;7m[48;2;128;107;159m▀[0m[38;2;128;107;159m[48;2;239;239;239m▀[0m[38;2;239;239;239m[48;2;98;186;132m▀[0m[38;2;98;186;132m[48;2;212;235;193m▀[0m[38;2;212;235;193m[48;2;212;235;193m▀[0m[38;2;184;206;166m[48;2;212;235;193m▀[0m[38;2;7;7;7m[48;2;212;235;193m▀[0m[38;2;7;7;7m▄[38;2;7;7;7m▄[38;2;7;7;7m[48;2;212;235;193m▀[0m[38;2;212;235;193m[48;2;212;235;193m▀[0m[38;2;7;7;7m[48;2;7;7;7m▀[0m 
     [38;2;7;7;7m[48;2;7;7;7m▀[0m[38;2;64;64;64m[48;2;56;124;79m▀[0m[38;2;212;235;193m[48;2;64;64;64m▀[0m[38;2;184;206;166m[48;2;64;64;64m▀[0m[38;2;184;206;166m[48;2;64;64;64m▀[0m[38;2;184;206;166m[48;2;64;64;64m▀[0m[38;2;64;64;64m[48;2;56;124;79m▀[0m[38;2;56;124;79m[48;2;64;64;64m▀[0m[38;2;212;235;193m[48;2;212;235;193m▀[0m[38;2;56;124;79m[48;2;64;64;64m▀[0m[38;2;64;64;64m[48;2;184;206;166m▀[0m[38;2;184;206;166m[48;2;184;206;166m▀[0m[38;2;212;235;193m[48;2;184;206;166m▀[0m[38;2;212;235;193m[48;2;212;235;193m▀[0m[38;2;212;235;193m[48;2;56;124;79m▀[0m[38;2;7;7;7m[48;2;7;7;7m▀[0m 
      [38;2;7;7;7m[48;2;7;7;7m▀[0m[38;2;56;124;79m[48;2;64;64;64m▀[0m[38;2;184;206;166m[48;2;56;124;79m▀[0m[38;2;56;124;79m[48;2;64;64;64m▀[0m[38;2;64;64;64m[48;2;184;206;166m▀[0m[38;2;64;64;64m[48;2;184;206;166m▀[0m[38;2;64;64;64m[48;2;184;206;166m▀[0m[38;2;64;64;64m[48;2;64;64;64m▀[0m[38;2;184;206;166m[48;2;184;206;166m▀[0m[38;2;184;206;166m[48;2;184;206;166m▀[0m[38;2;184;206;166m[48;2;184;206;166m▀[0m[38;2;184;206;166m[48;2;184;206;166m▀[0m[38;2;184;206;166m[48;2;184;206;166m▀[0m[38;2;212;235;193m[48;2;212;235;193m▀[0m[38;2;212;235;193m[48;2;7;7;7m▀[0m[38;2;7;7;7m[48;2;7;7;7m▀[0m
      [38;2;7;7;7m[48;2;7;7;7m▀[0m[38;2;184;206;166m[48;2;184;206;166m▀[0m[38;2;64;64;64m[48;2;64;64;64m▀[0m[38;2;56;124;79m[48;2;212;235;193m▀[0m[38;2;212;235;193m[48;2;212;235;193m▀[0m[38;2;56;124;79m[48;2;64;64;64m▀[0m[38;2;212;235;193m[48;2;212;235;193m▀[0m[38;2;212;235;193m[48;2;212;235;193m▀[0m[38;2;64;64;64m[48;2;7;7;7m▀[0m[38;2;184;206;166m[48;2;184;206;166m▀[0m[38;2;184;206;166m[48;2;184;206;166m▀[0m[38;2;184;206;166m[48;2;184;206;166m▀[0m[38;2;184;206;166m[48;2;7;7;7m▀[0m[38;2;7;7;7m▀  
       [38;2;7;7;7m▀[38;2;64;64;64m[48;2;7;7;7m▀[0m[38;2;212;235;193m[48;2;7;7;7m▀[0m[38;2;7;7;7m▀[38;2;212;235;193m[48;2;7;7;7m▀[0m[38;2;184;206;166m[48;2;7;7;7m▀[0m[38;2;7;7;7m▀ [38;2;7;7;7m▀[38;2;7;7;7m▀[38;2;7;7;7m▀    
[0m