   [38;2;7;7;7m▄[38;2;7;7;7m▄[38;2;7;7;7m[48;2;179;137;146m▀[0m[38;2;7;7;7m[48;2;255;214;223m▀[0m[38;2;7;7;7m[48;2;255;214;223m▀[0m[38;2;7;7;7m[48;2;179;137;146m▀[0m[38;2;7;7;7m▄[38;2;7;7;7m▄              
 [38;2;7;7;7m▄[38;2;7;7;7m[48;2;255;214;223m▀[0m[38;2;255;214;223m[48;2;255;214;223m▀[0m[38;2;179;137;146m[48;2;179;137;146m▀[0m[38;2;255;214;223m[48;2;255;214;223m▀[0m[38;2;255;214;223m[48;2;255;214;223m▀[0m[38;2;179;137;146m[48;2;179;137;146m▀[0m[38;2;255;214;223m[48;2;255;214;223m▀[0m[38;2;255;214;223m[48;2;255;214;223m▀[0m[38;2;255;214;223m[48;2;255;214;223m▀[0m[38;2;7;7;7m[48;2;255;214;223m▀[0m[38;2;7;7;7m▄            
[38;2;7;7;7m▄[38;2;7;7;7m[48;2;255;214;223m▀[0m[38;2;179;137;146m[48;2;255;214;223m▀[0m[38;2;255;214;223m[48;2;255;214;223m▀[0m[38;2;255;214;223m[48;2;255;214;223m▀[0m[38;2;255;214;223m[48;2;255;214;223m▀[0m[38;2;255;214;223m[48;2;255;214;223m▀[0m[38;2;255;214;223m[48;2;255;214;223m▀[0m[38;2;255;214;223m[48;2;179;137;146m▀[0m[38;2;179;137;146m[48;2;255;214;223m▀[0m[38;2;255;214;223m[48;2;255;214;223m▀[0m[38;2;255;214;223m[48;2;255;214;223m▀[0m[38;2;7;7;7m[48;2;7;7;7m▀[0m            
[38;2;7;7;7m▀[38;2;255;214;223m[48;2;7;7;7m▀[0m[38;2;179;137;146m[48;2;179;137;146m▀[0m[38;2;255;214;223m[48;2;179;137;146m▀[0m[38;2;255;214;223m[48;2;179;137;146m▀[0m[38;2;179;137;146m[48;2;179;137;146m▀[0m[38;2;179;137;146m[48;2;179;137;146m▀[0m[38;2;7;7;7m[48;2;179;137;146m▀[0m[38;2;179;137;146m[48;2;7;7;7m▀[0m[38;2;255;214;223m[48;2;7;7;7m▀[0m[38;2;255;214;223m[48;2;7;7;7m▀[0m[38;2;7;7;7m[48;2;0;119;111m▀[0m[38;2;7;7;7m[48;2;0;119;111m▀[0m[38;2;7;7;7m▄           
  [38;2;7;7;7m▀[38;2;179;137;146m[48;2;7;7;7m▀[0m[38;2;179;137;146m[48;2;179;137;146m▀[0m[38;2;179;137;146m[48;2;179;137;146m▀[0m[38;2;179;137;146m[48;2;179;137;146m▀[0m[38;2;179;137;146m[48;2;179;137;146m▀[0m[38;2;179;137;146m[48;2;0;119;111m▀[0m[38;2;0;119;111m[48;2;58;155;90m▀[0m[38;2;0;119;111m[48;2;81;240;87m▀[0m[38;2;58;155;90m[48;2;81;240;87m▀[0m[38;2;81;240;87m[48;2;81;240;87m▀[0m[38;2;0;119;111m[48;2;81;240;87m▀[0m[38;2;7;7;7m[48;2;7;7;7m▀[0m          
    [38;2;7;7;7m[48;2;7;7;7m▀[0m[38;2;7;7;7m[48;2;225;156;147m▀[0m[38;2;206;114;100m[48;2;225;156;147m▀[0m[38;2;0;119;111m[48;2;206;114;100m▀[0m[38;2;58;155;90m[48;2;183;197;216m▀[0m[38;2;183;197;216m[48;2;183;197;216m▀[0m[38;2;58;155;90m[48;2;183;197;216m▀[0m[38;2;81;240;87m[48;2;58;155;90m▀[0m[38;2;81;240;87m[48;2;81;240;87m▀[0m[38;2;81;240;87m[48;2;81;240;87m▀[0m[38;2;81;240;87m[48;2;81;240;87m▀[0m[38;2;7;7;7m[48;2;7;7;7m▀[0m  [38;2;7;7;7m▄[38;2;7;7;7m▄     
   [38;2;7;7;7m[48;2;7;7;7m▀[0m[38;2;225;156;147m[48;2;225;156;147m▀[0m[38;2;252;252;252m[48;2;225;156;147m▀[0m[38;2;225;156;147m[48;2;225;156;147m▀[0m[38;2;225;156;147m[48;2;225;156;147m▀[0m[38;2;0;119;111m[48;2;252;252;252m▀[0m[38;2;0;119;111m[48;2;7;7;7m▀[0m[38;2;0;119;111m[48;2;252;252;252m▀[0m[38;2;0;119;111m[48;2;81;240;87m▀[0m[38;2;81;240;87m[48;2;81;240;87m▀[0m[38;2;81;240;87m[48;2;81;240;87m▀[0m[38;2;81;240;87m[48;2;7;7;7m▀[0m[38;2;7;7;7m▀ [38;2;7;7;7m▄[38;2;7;7;7m[48;2;58;155;90m▀[0m[38;2;81;240;87m[48;2;81;240;87m▀[0m[38;2;7;7;7m[48;2;31;98;54m▀[0m[38;2;7;7;7m[48;2;81;240;87m▀[0m[38;2;7;7;7m▄  
   [38;2;7;7;7m[48;2;7;7;7m▀[0m[38;2;225;156;147m[48;2;206;114;100m▀[0m[38;2;225;156;147m[48;2;225;156;147m▀[0m[38;2;225;156;147m[48;2;225;156;147m▀[0m[38;2;225;156;147m[48;2;0;119;111m▀[0m[38;2;225;156;147m[48;2;0;119;111m▀[0m[38;2;252;252;252m[48;2;206;114;100m▀[0m[38;2;183;197;216m[48;2;183;197;216m▀[0m[38;2;81;240;87m[48;2;252;252;252m▀[0m[38;2;81;240;87m[48;2;81;240;87m▀[0m[38;2;58;155;90m[48;2;81;240;87m▀[0m[38;2;58;155;90m[48;2;81;240;87m▀[0m[38;2;7;7;7m[48;2;31;98;54m▀[0m[38;2;7;7;7m[48;2;81;240;87m▀[0m[38;2;31;98;54m[48;2;81;240;87m▀[0m[38;2;81;240;87m[48;2;31;98;54m▀[0m[38;2;31;98;54m[48;2;31;98;54m▀[0m[38;2;81;240;87m[48;2;58;155;90m▀[0m[38;2;81;240;87m[48;2;7;7;7m▀[0m[38;2;7;7;7m▀  
    [38;2;7;7;7m▀[38;2;7;7;7m▀[38;2;7;7;7m▀[38;2;206;114;100m[48;2;7;7;7m▀[0m[38;2;206;114;100m[48;2;0;119;111m▀[0m[38;2;0;119;111m[48;2;252;252;252m▀[0m[38;2;252;252;252m[48;2;252;252;252m▀[0m[38;2;252;252;252m[48;2;252;252;252m▀[0m[38;2;252;252;252m[48;2;252;252;252m▀[0m[38;2;58;155;90m[48;2;31;98;54m▀[0m[38;2;31;98;54m[48;2;81;240;87m▀[0m[38;2;81;240;87m[48;2;81;240;87m▀[0m[38;2;81;240;87m[48;2;81;240;87m▀[0m[38;2;81;240;87m[48;2;81;240;87m▀[0m[38;2;81;240;87m[48;2;81;240;87m▀[0m[38;2;81;240;87m[48;2;81;240;87m▀[0m[38;2;31;98;54m[48;2;183;197;216m▀[0m[38;2;7;7;7m[48;2;183;197;216m▀[0m[38;2;7;7;7m▄  
      [38;2;7;7;7m[48;2;7;7;7m▀[0m[38;2;252;252;252m[48;2;183;197;216m▀[0m[38;2;252;252;252m[48;2;252;252;252m▀[0m[38;2;252;252;252m[48;2;252;252;252m▀[0m[38;2;252;252;252m[48;2;252;252;252m▀[0m[38;2;252;252;252m[48;2;183;197;216m▀[0m[38;2;252;252;252m[48;2;183;197;216m▀[0m[38;2;31;98;54m[48;2;31;98;54m▀[0m[38;2;81;240;87m[48;2;58;155;90m▀[0m[38;2;81;240;87m[48;2;58;155;90m▀[0m[38;2;81;240;87m[48;2;58;155;90m▀[0m[38;2;81;240;87m[48;2;81;240;87m▀[0m[38;2;81;240;87m[48;2;81;240;87m▀[0m[38;2;81;240;87m[48;2;252;252;252m▀[0m[38;2;183;197;216m[48;2;252;252;252m▀[0m[38;2;0;119;111m[48;2;252;252;252m▀[0m[38;2;0;119;111m[48;2;252;252;252m▀[0m[38;2;7;7;7m[48;2;252;252;252m▀[0m[38;2;7;7;7m[48;2;7;7;7m▀[0m
       [38;2;7;7;7m[48;2;7;7;7m▀[0m[38;2;183;197;216m[48;2;183;197;216m▀[0m[38;2;183;197;216m[48;2;183;197;216m▀[0m[38;2;183;197;216m[48;2;183;197;216m▀[0m[38;2;183;197;216m[48;2;183;197;216m▀[0m[38;2;183;197;216m[48;2;183;197;216m▀[0m[38;2;58;155;90m[48;2;58;155;90m▀[0m[38;2;31;98;54m[48;2;31;98;54m▀[0m[38;2;58;155;90m[48;2;58;155;90m▀[0m[38;2;58;155;90m[48;2;58;155;90m▀[0m[38;2;31;98;54m[48;2;58;155;90m▀[0m[38;2;31;98;54m[48;2;58;155;90m▀[0m[38;2;252;252;252m[48;2;58;155;90m▀[0m[38;2;183;197;216m[48;2;252;252;252m▀[0m[38;2;183;197;216m[48;2;252;252;252m▀[0m[38;2;183;197;216m[48;2;7;7;7m▀[0m[38;2;7;7;7m▀ 
      [38;2;7;7;7m[48;2;7;7;7m▀[0m[38;2;225;156;147m[48;2;7;7;7m▀[0m[38;2;7;7;7m[48;2;225;156;147m▀[0m[38;2;31;98;54m[48;2;0;119;111m▀[0m[38;2;58;155;90m[48;2;7;7;7m▀[0m[38;2;183;197;216m[48;2;7;7;7m▀[0m[38;2;58;155;90m[48;2;58;155;90m▀[0m[38;2;58;155;90m[48;2;58;155;90m▀[0m[38;2;58;155;90m[48;2;0;119;111m▀[0m[38;2;31;98;54m[48;2;0;119;111m▀[0m[38;2;31;98;54m[48;2;58;155;90m▀[0m[38;2;58;155;90m[48;2;31;98;54m▀[0m[38;2;58;155;90m[48;2;31;98;54m▀[0m[38;2;58;155;90m[48;2;7;7;7m▀[0m[38;2;7;7;7m▀[38;2;7;7;7m▀   
        [38;2;7;7;7m▀[38;2;7;7;7m▀  [38;2;7;7;7m[48;2;7;7;7m▀[0m[38;2;0;119;111m[48;2;225;156;147m▀[0m[38;2;206;114;100m[48;2;7;7;7m▀[0m[38;2;206;114;100m[48;2;7;7;7m▀[0m[38;2;0;119;111m[48;2;225;156;147m▀[0m[38;2;0;119;111m[48;2;7;7;7m▀[0m[38;2;7;7;7m▀      
            [38;2;7;7;7m▀[38;2;7;7;7m▀  [38;2;7;7;7m▀[38;2;7;7;7m▀       
[0m