
[38;2;0;0;0m  [38;2;34;33;33m  [38;2;27;26;26m  [38;2;0;0;0m  [38;2;31;29;29m                    [38;2;2;2;2m  [38;2;0;0;0m              
[38;2;31;29;29m  [38;2;136;128;128m██[38;2;150;142;142m██[38;2;131;125;125m██[38;2;63;59;59m  [38;2;115;107;107m  [38;2;115;106;106m  [38;2;115;107;107m              [38;2;10;9;9m  [38;2;0;0;0m              
[38;2;31;29;29m██[38;2;105;99;99m██[38;2;115;107;107m██[38;2;84;84;84m██[38;2;115;115;115m  [38;2;255;255;255m        [38;2;162;162;162m    [38;2;187;187;187m  [38;2;255;255;255m                  [38;2;69;69;69m  
[38;2;2;2;2m  [38;2;93;87;87m██[38;2;104;98;98m██[38;2;14;14;14m██[38;2;156;156;156m  [38;2;255;255;255m      [38;2;107;107;107m  [38;2;104;97;97m████[38;2;60;60;60m  [38;2;212;212;212m  [38;2;255;255;255m          [38;2;23;23;23m    [38;2;65;65;65m  [38;2;69;69;69m  
[38;2;17;15;15m  [38;2;93;93;93m  [38;2;95;95;94m██[38;2;43;43;43m  [38;2;203;203;203m  [38;2;255;255;255m    [38;2;133;133;133m  [38;2;119;119;119m██[38;2;129;129;129m██[38;2;74;74;74m██[38;2;62;62;62m  [38;2;119;119;119m  [38;2;255;255;255m        [38;2;115;116;115m  [38;2;222;222;222m██[38;2;186;186;186m██[38;2;134;134;134m██[38;2;14;13;13m  
[38;2;0;0;0m  [38;2;181;182;181m██[38;2;222;223;222m██[38;2;80;81;80m██[38;2;115;115;115m  [38;2;0;0;0m████[38;2;125;123;120m██[38;2;181;181;181m██[38;2;188;188;188m██[38;2;222;223;222m██[38;2;210;211;210m██[38;2;158;158;158m██[38;2;92;92;92m  [38;2;255;255;255m      [38;2;121;121;121m██[38;2;155;155;155m██[38;2;181;181;181m██[38;2;169;167;167m██[38;2;31;29;29m██
[38;2;31;29;29m  [38;2;119;118;118m  [38;2;85;83;83m██[38;2;112;105;104m██[38;2;69;68;67m██[38;2;115;107;107m██[38;2;145;141;140m██[38;2;146;139;138m██[38;2;117;113;113m██[38;2;117;113;114m  [38;2;117;118;117m██[38;2;114;114;114m██[38;2;94;91;92m██[38;2;131;130;129m██[38;2;114;114;114m  [38;2;179;179;179m  [38;2;255;255;255m  [38;2;64;64;64m██[38;2;179;179;179m██[38;2;175;175;175m██[38;2;117;113;113m██[38;2;14;13;13m  
[38;2;31;29;29m  [38;2;229;228;228m  [38;2;127;127;127m  [38;2;97;90;90m  [38;2;87;86;84m██[38;2;184;184;184m██[38;2;173;170;169m██[38;2;115;107;107m██████[38;2;145;137;137m██[38;2;156;148;148m████[38;2;130;128;126m██[38;2;170;170;169m██[38;2;95;97;95m██[38;2;10;9;9m██[38;2;115;106;106m██[38;2;66;65;66m██[38;2;79;79;79m  [38;2;36;35;35m  [38;2;34;32;32m  
[38;2;31;29;29m  [38;2;229;228;228m  [38;2;255;255;255m  [38;2;170;172;170m  [38;2;75;73;72m██[38;2;153;149;148m██[38;2;136;130;129m██[38;2;121;113;113m██[38;2;183;180;180m██[38;2;127;120;120m██[38;2;151;148;148m██[38;2;115;106;106m████[38;2;106;101;104m██[38;2;74;72;72m██[38;2;117;119;117m██[38;2;115;106;106m██[38;2;103;98;98m██[38;2;74;74;74m██[38;2;162;162;162m  [38;2;194;194;194m  [38;2;69;69;69m  
[38;2;31;29;29m  [38;2;229;228;228m  [38;2;255;255;255m  [38;2;212;212;212m  [38;2;54;53;54m██[38;2;106;99;99m████[38;2;117;111;111m██[38;2;126;120;120m██[38;2;132;127;126m██[38;2;138;132;132m██[38;2;115;107;107m██[38;2;112;105;105m██[38;2;78;74;77m██[38;2;201;201;201m██[38;2;218;219;218m██[38;2;86;86;86m██[38;2;67;67;67m██[38;2;65;65;65m  [38;2;255;255;255m  [38;2;194;194;194m  [38;2;69;69;69m  
[38;2;31;29;29m  [38;2;229;228;228m  [38;2;187;187;187m  [38;2;108;106;106m  [38;2;157;152;152m██[38;2;148;146;145m██[38;2;77;77;77m██[38;2;85;82;82m██[38;2;49;51;49m██[38;2;49;50;47m██[38;2;115;107;107m██[38;2;115;106;106m██[38;2;101;96;96m██[38;2;94;91;91m██[38;2;96;95;96m██[38;2;177;177;177m██[38;2;49;49;49m██[38;2;185;185;185m  [38;2;255;255;255m    [38;2;194;194;194m  [38;2;69;69;69m  
[38;2;31;29;29m  [38;2;115;107;107m  [38;2;73;68;68m  [38;2;146;143;142m██[38;2;136;130;129m██[38;2;144;138;138m██[38;2;97;93;93m██[38;2;14;14;14m  [38;2;197;195;195m  [38;2;99;92;92m  [38;2;31;29;29m  [38;2;55;56;55m  [38;2;86;83;83m██[38;2;89;86;86m██[38;2;72;71;71m██[38;2;39;39;39m██[38;2;255;255;255m        [38;2;194;194;194m  [38;2;69;69;69m  
[38;2;31;29;29m  [38;2;114;107;107m  [38;2;73;68;68m  [38;2;152;149;148m██[38;2;132;126;126m██[38;2;114;107;107m██[38;2;97;93;93m██[38;2;10;9;9m  [38;2;114;107;107m  [38;2;115;107;107m  [38;2;114;107;107m  [38;2;29;27;27m██[38;2;106;99;100m██[38;2;106;99;99m██[38;2;84;83;83m██[38;2;75;75;75m██[38;2;46;46;46m  [38;2;255;255;255m      [38;2;194;194;194m  [38;2;69;69;69m  
[38;2;31;29;29m  [38;2;115;107;107m  [38;2;56;51;48m██[38;2;125;122;120m██[38;2;137;131;130m██[38;2;96;92;91m██[38;2;101;97;97m██[38;2;33;33;33m  [38;2;99;92;92m  [38;2;115;107;107m  [38;2;84;78;78m  [38;2;61;57;57m██[38;2;115;106;106m██[38;2;166;163;162m██[38;2;120;112;112m██[38;2;81;81;81m██[38;2;0;0;0m██[38;2;255;255;255m      [38;2;194;194;194m  [38;2;69;69;69m  
[38;2;31;29;29m  [38;2;115;106;106m  [38;2;30;24;24m██[38;2;108;100;98m██[38;2;69;69;68m██[38;2;110;103;103m██[38;2;94;89;90m██[38;2;74;74;74m██[38;2;73;68;68m  [38;2;115;107;107m  [38;2;31;29;29m  [38;2;115;106;107m██[38;2;115;106;106m██[38;2;120;112;112m██[38;2;169;168;168m██[38;2;98;94;94m██[38;2;0;0;0m██[38;2;255;255;255m      [38;2;194;194;194m  [38;2;69;69;69m  
[38;2;31;29;29m  [38;2;72;67;67m  [38;2;87;70;51m██[38;2;95;87;83m██[38;2;103;98;97m██[38;2;87;84;84m██[38;2;135;121;108m██[38;2;113;106;94m██[38;2;73;68;68m  [38;2;115;107;107m  [38;2;31;29;29m  [38;2;128;122;122m██[38;2;153;150;149m██[38;2;109;100;97m██[38;2;146;141;141m██[38;2;122;103;81m██[38;2;81;81;81m██[38;2;139;139;139m  [38;2;255;255;255m    [38;2;221;221;221m  [38;2;69;69;69m  
[38;2;31;29;29m  [38;2;20;19;19m  [38;2;156;121;81m██[38;2;74;70;67m██[38;2;115;107;107m██[38;2;73;65;56m██[38;2;137;114;93m██[38;2;104;80;51m██[38;2;162;162;162m  [38;2;255;255;255m  [38;2;69;69;69m  [38;2;105;95;85m██[38;2;106;100;100m██[38;2;83;80;80m██[38;2;69;69;68m██[38;2;115;107;107m██[38;2;115;89;56m██[38;2;62;58;58m  [38;2;231;231;231m  [38;2;0;0;0m      
[38;2;31;29;29m  [38;2;20;19;19m  [38;2;124;101;72m██[38;2;86;82;81m██[38;2;91;85;84m██[38;2;96;86;80m██[38;2;156;121;81m██[38;2;104;80;51m██[38;2;162;162;162m  [38;2;255;255;255m  [38;2;69;69;69m  [38;2;129;108;84m██[38;2;94;89;86m██[38;2;104;99;99m██[38;2;88;84;84m██[38;2;134;106;71m██[38;2;115;89;56m██[38;2;57;48;40m  [38;2;231;231;231m  [38;2;0;0;0m      
[38;2;31;29;29m  [38;2;115;107;107m  [38;2;57;47;38m  [38;2;141;110;74m██[38;2;122;97;71m██[38;2;125;113;106m██[38;2;133;103;68m██[38;2;97;75;49m  [38;2;170;170;170m  [38;2;255;255;255m  [38;2;69;69;69m  [38;2;133;107;78m██[38;2;103;97;96m██[38;2;89;83;81m██[38;2;74;74;72m██[38;2;156;122;81m██[38;2;115;89;56m██[38;2;52;40;25m██[38;2;231;231;231m  [38;2;0;0;0m      
[38;2;31;29;29m  [38;2;115;106;106m  [38;2;99;92;92m  [38;2;73;68;68m  [38;2;56;43;29m████[38;2;49;37;24m██[38;2;170;170;170m  [38;2;255;255;255m    [38;2;69;69;69m  [38;2;140;111;79m██[38;2;97;90;88m██[38;2;89;84;83m██[38;2;96;86;78m██[38;2;156;122;81m██[38;2;115;89;56m██[38;2;52;40;25m██[38;2;231;231;231m  [38;2;0;0;0m      
[38;2;0;0;0m                      [38;2;34;27;18m  [38;2;91;78;64m██[38;2;124;100;75m██[38;2;82;75;68m██[38;2;152;119;79m██[38;2;94;72;46m██[38;2;0;0;0m          
[38;2;0;0;0m                        [38;2;34;27;18m  [38;2;34;27;20m██[38;2;42;33;22m██[38;2;37;29;19m██[38;2;0;0;0m            [0m
