  [38;2;7;7;7m▄[38;2;7;7;7m[48;2;243;239;75m▀[0m[38;2;7;7;7m[48;2;243;239;75m▀[0m[38;2;7;7;7m[48;2;243;239;75m▀[0m[38;2;7;7;7m[48;2;243;239;75m▀[0m[38;2;7;7;7m[48;2;243;239;75m▀[0m[38;2;7;7;7m▄  
 [38;2;7;7;7m[48;2;7;7;7m▀[0m[38;2;248;248;248m[48;2;243;239;75m▀[0m[38;2;243;239;75m[48;2;243;239;75m▀[0m[38;2;243;239;75m[48;2;243;239;75m▀[0m[38;2;243;239;75m[48;2;243;239;75m▀[0m[38;2;243;239;75m[48;2;243;239;75m▀[0m[38;2;248;248;248m[48;2;243;239;75m▀[0m[38;2;248;248;248m[48;2;248;248;248m▀[0m[38;2;7;7;7m[48;2;7;7;7m▀[0m 
[38;2;7;7;7m[48;2;7;7;7m▀[0m[38;2;224;192;67m[48;2;99;99;99m▀[0m[38;2;99;99;99m[48;2;248;248;248m▀[0m[38;2;99;99;99m[48;2;99;99;99m▀[0m[38;2;99;99;99m[48;2;99;99;99m▀[0m[38;2;99;99;99m[48;2;99;99;99m▀[0m[38;2;224;192;67m[48;2;99;99;99m▀[0m[38;2;243;239;75m[48;2;99;99;99m▀[0m[38;2;243;239;75m[48;2;224;192;67m▀[0m[38;2;243;239;75m[48;2;243;239;75m▀[0m[38;2;7;7;7m[48;2;7;7;7m▀[0m
[38;2;7;7;7m[48;2;7;7;7m▀[0m[38;2;99;99;99m[48;2;239;143;127m▀[0m[38;2;166;166;166m[48;2;99;99;99m▀[0m[38;2;99;99;99m[48;2;99;99;99m▀[0m[38;2;99;99;99m[48;2;99;99;99m▀[0m[38;2;248;248;248m[48;2;166;166;166m▀[0m[38;2;99;99;99m[48;2;99;99;99m▀[0m[38;2;99;99;99m[48;2;99;99;99m▀[0m[38;2;99;99;99m[48;2;99;99;99m▀[0m[38;2;243;239;75m[48;2;224;192;67m▀[0m[38;2;7;7;7m[48;2;7;7;7m▀[0m
[38;2;7;7;7m▀[38;2;99;99;99m[48;2;7;7;7m▀[0m[38;2;239;143;127m[48;2;99;99;99m▀[0m[38;2;99;99;99m[48;2;239;143;127m▀[0m[38;2;99;99;99m[48;2;239;143;127m▀[0m[38;2;99;99;99m[48;2;239;143;127m▀[0m[38;2;99;99;99m[48;2;243;239;75m▀[0m[38;2;243;239;75m[48;2;224;192;67m▀[0m[38;2;99;99;99m[48;2;99;99;99m▀[0m[38;2;7;7;7m[48;2;7;7;7m▀[0m 
 [38;2;7;7;7m▀[38;2;99;99;99m[48;2;7;7;7m▀[0m[38;2;99;99;99m[48;2;239;143;127m▀[0m[38;2;99;99;99m[48;2;239;143;127m▀[0m[38;2;99;99;99m[48;2;231;88;63m▀[0m[38;2;99;99;99m[48;2;7;7;7m▀[0m[38;2;99;99;99m[48;2;7;7;7m▀[0m[38;2;7;7;7m▀  
   [38;2;7;7;7m[48;2;7;7;7m▀[0m[38;2;231;88;63m[48;2;99;99;99m▀[0m[38;2;7;7;7m[48;2;99;99;99m▀[0m[38;2;7;7;7m▄    
  [38;2;7;7;7m[48;2;7;7;7m▀[0m[38;2;99;99;99m[48;2;239;143;127m▀[0m[38;2;99;99;99m[48;2;99;99;99m▀[0m[38;2;99;99;99m[48;2;99;99;99m▀[0m[38;2;7;7;7m[48;2;99;99;99m▀[0m[38;2;7;7;7m▄   
  [38;2;7;7;7m▀[38;2;231;88;63m[48;2;7;7;7m▀[0m[38;2;239;143;127m[48;2;239;143;127m▀[0m[38;2;99;99;99m[48;2;239;143;127m▀[0m[38;2;239;143;127m[48;2;231;88;63m▀[0m[38;2;7;7;7m[48;2;7;7;7m▀[0m   
    [38;2;7;7;7m▀[38;2;7;7;7m▀[38;2;7;7;7m▀    
[0m