
[38;2;0;0;0m                [38;2;7;7;7m  [38;2;0;0;0m██                      
[38;2;0;0;0m                [38;2;182;160;38m██[38;2;4;3;1m██[38;2;0;0;0m                      
[38;2;0;0;0m            [38;2;0;0;1m  [38;2;70;60;17m  [38;2;156;138;38m██[38;2;3;2;0m  [38;2;0;0;0m    [38;2;36;33;28m██[38;2;71;61;14m  [38;2;0;0;0m              
[38;2;0;0;0m            [38;2;0;0;3m  [38;2;105;88;30m██[38;2;45;43;36m██[38;2;0;0;0m      [38;2;113;97;30m██[38;2;200;174;39m██[38;2;0;0;0m              
[38;2;0;0;0m              [38;2;77;73;61m██[38;2;82;79;65m██[38;2;1;1;1m██[38;2;0;0;0m  [38;2;1;0;0m  [38;2;137;120;39m██[38;2;153;130;40m██[38;2;0;0;3m  [38;2;0;0;0m            
[38;2;0;0;0m          [38;2;0;3;6m  [38;2;15;15;15m  [38;2;72;70;61m██[38;2;83;78;65m██[38;2;30;30;30m██[38;2;0;7;7m  [38;2;1;1;1m██[38;2;84;80;65m██[38;2;77;73;60m██[38;2;0;0;0m              
[38;2;0;0;0m  [38;2;39;39;39m  [38;2;64;64;64m██[38;2;82;82;82m██[38;2;86;86;86m██[38;2;70;70;69m██[38;2;79;79;79m██[38;2;70;70;70m██[38;2;58;58;58m██[38;2;83;83;83m██[38;2;54;53;50m██[38;2;83;78;66m██[38;2;83;78;65m██[38;2;54;52;47m██[38;2;7;7;7m  [38;2;0;0;0m            
[38;2;16;16;16m██[38;2;63;63;63m██[38;2;69;69;69m██[38;2;93;93;93m██[38;2;75;75;75m██[38;2;83;83;83m██[38;2;91;91;91m██[38;2;95;95;95m██[38;2;64;64;64m██[38;2;89;89;89m██[38;2;58;57;50m██[38;2;79;76;63m██[38;2;57;54;49m██[38;2;96;96;96m██[38;2;94;94;94m██[38;2;0;0;0m            
[38;2;26;26;26m  [38;2;162;162;162m██[38;2;60;60;60m██[38;2;72;72;72m██[38;2;60;60;59m██[38;2;83;83;83m██[38;2;76;76;76m██[38;2;63;63;63m██[38;2;73;73;73m██[38;2;89;89;89m██[38;2;84;84;84m██[38;2;72;72;72m██[38;2;76;76;76m██[38;2;75;75;75m██[38;2;65;65;65m██[38;2;33;33;33m  [38;2;0;0;0m          
[38;2;0;0;0m    [38;2;67;67;67m  [38;2;71;71;71m██[38;2;52;52;52m██[38;2;68;68;68m██[38;2;72;72;72m██[38;2;64;64;64m██[38;2;84;84;84m██[38;2;66;66;66m██[38;2;76;76;76m██[38;2;82;82;82m██[38;2;69;69;69m██[38;2;108;102;90m██[38;2;197;162;40m██[38;2;55;55;55m██[38;2;97;97;97m██[38;2;13;13;13m██[38;2;2;2;2m  [38;2;0;0;0m    
[38;2;0;0;0m      [38;2;1;1;1m  [38;2;24;24;24m██[38;2;81;81;81m██[38;2;77;77;77m██[38;2;75;75;75m██[38;2;74;74;74m██[38;2;70;70;70m██[38;2;84;84;84m██[38;2;65;65;65m██[38;2;147;147;147m██[38;2;51;51;51m██[38;2;80;80;80m██[38;2;81;81;81m██[38;2;73;73;73m██[38;2;96;96;96m██[38;2;72;72;72m██[38;2;0;0;0m    
[38;2;0;0;0m          [38;2;23;23;26m  [38;2;49;47;38m██[38;2;71;70;69m██[38;2;73;73;73m██[38;2;85;85;85m██[38;2;73;73;73m██[38;2;64;64;64m██[38;2;76;76;76m██[38;2;82;82;82m██[38;2;67;67;67m██[38;2;94;94;94m██[38;2;90;90;90m██[38;2;69;69;69m██[38;2;79;79;79m██[38;2;68;68;67m██[38;2;2;2;2m  
[38;2;0;0;0m          [38;2;42;42;45m  [38;2;88;79;36m██[38;2;65;63;56m██[38;2;107;93;42m██[38;2;46;46;45m██[38;2;44;44;44m██[38;2;39;39;39m██[38;2;68;68;68m██[38;2;200;200;200m██[38;2;76;76;76m██[38;2;57;57;57m██[38;2;68;68;67m██[38;2;86;86;86m██[38;2;44;44;43m██[38;2;54;54;53m██[38;2;10;10;10m██
[38;2;0;0;0m      [38;2;16;16;16m  [38;2;64;63;64m████[38;2;147;142;146m██[38;2;125;110;49m██[38;2;169;168;169m██[38;2;89;89;89m██[38;2;46;96;102m██[38;2;63;117;127m██[38;2;50;50;50m██[38;2;34;34;34m████[38;2;185;185;185m██[38;2;165;165;165m██[38;2;48;48;46m██[38;2;7;7;7m  [38;2;0;0;0m    
[38;2;0;0;0m    [38;2;17;16;17m  [38;2;63;62;63m██[38;2;64;63;64m██[38;2;63;63;63m██[38;2;128;127;126m██[38;2;227;226;227m██[38;2;87;84;80m██[38;2;174;171;180m██[38;2;123;127;140m██[38;2;57;61;62m██[38;2;66;66;66m██[38;2;56;57;57m██[38;2;2;6;7m  [38;2;4;4;4m  [38;2;37;37;37m██[38;2;6;6;6m  [38;2;0;0;0m      
[38;2;0;0;0m    [38;2;20;19;20m██[38;2;65;64;65m████[38;2;48;48;48m██[38;2;99;98;100m██[38;2;68;67;70m██[38;2;75;72;65m████[38;2;80;79;75m██[38;2;76;76;76m██[38;2;54;53;51m██[38;2;52;50;45m██[38;2;21;21;21m██[38;2;0;0;0m            
[38;2;0;0;0m    [38;2;20;19;20m██[38;2;65;64;65m██[38;2;156;137;37m██[38;2;22;19;8m██[38;2;4;4;5m  [38;2;61;60;64m██[38;2;243;243;243m████[38;2;64;64;64m██[38;2;62;62;62m██[38;2;60;58;51m██[38;2;82;77;65m██[38;2;32;30;25m██[38;2;0;0;0m            
[38;2;0;0;0m      [38;2;154;135;28m██[38;2;193;166;38m██[38;2;171;142;38m██[38;2;0;0;0m    [38;2;15;15;15m  [38;2;64;63;64m██[38;2;40;41;42m██[38;2;33;35;37m██[38;2;62;59;52m██[38;2;83;79;65m████[38;2;0;0;0m            
[38;2;0;0;0m        [38;2;165;136;37m██[38;2;75;71;60m██[38;2;0;0;0m    [38;2;2;1;0m  [38;2;66;60;22m██[38;2;2;3;8m  [38;2;0;0;0m  [38;2;42;41;37m██[38;2;83;79;66m██[38;2;83;78;66m██[38;2;73;69;58m██[38;2;0;0;0m          
[38;2;0;0;0m                [38;2;145;123;31m██[38;2;174;150;43m██[38;2;107;94;37m██[38;2;97;83;23m██[38;2;113;103;59m██[38;2;83;79;65m████[38;2;73;69;58m██[38;2;0;0;0m          
[38;2;0;0;0m              [38;2;200;174;39m██[38;2;175;146;41m██[38;2;209;179;35m██[38;2;138;125;46m██[38;2;124;104;43m██[38;2;143;127;53m██[38;2;80;76;65m██[38;2;74;70;59m██[38;2;0;0;0m            
[38;2;0;0;0m              [38;2;71;61;14m  [38;2;185;161;39m██[38;2;190;162;45m██[38;2;143;126;49m██[38;2;151;129;40m██[38;2;82;67;30m██[38;2;21;21;21m  [38;2;0;0;0m              
[38;2;0;0;0m                [38;2;151;124;34m██[38;2;166;142;37m██[38;2;151;129;34m██[38;2;0;0;0m                    
[38;2;0;0;0m                [38;2;20;17;4m  [38;2;44;38;10m██[38;2;22;19;5m  [38;2;0;0;0m                    [0m
