
[38;2;0;0;0m                          [38;2;19;19;19m  [38;2;26;27;26m██[38;2;13;16;13m██[38;2;0;0;0m    
[38;2;0;0;0m                        [38;2;80;80;80m██[38;2;94;94;94m██[38;2;98;98;98m██[38;2;89;89;89m██[38;2;0;0;0m    
[38;2;0;0;0m                    [38;2;8;8;8m  [38;2;82;82;82m██[38;2;95;95;95m██[38;2;80;80;80m██[38;2;67;73;76m██[38;2;7;9;7m  [38;2;0;0;0m    
[38;2;21;21;21m██  [38;2;0;0;0m                [38;2;90;90;90m██[38;2;99;99;99m██[38;2;72;77;81m██[38;2;129;149;160m██[38;2;16;12;13m  [38;2;0;0;0m      
[38;2;0;0;0m  [38;2;56;56;55m██[38;2;84;84;84m██[38;2;10;10;10m  [38;2;0;0;0m          [38;2;29;29;29m  [38;2;86;86;86m██[38;2;85;92;98m██[38;2;139;161;177m██[38;2;93;108;120m██[38;2;83;83;83m  [38;2;0;0;0m      
[38;2;0;0;0m    [38;2;55;54;54m██[38;2;95;95;95m██[38;2;71;71;71m  [38;2;0;0;0m      [38;2;13;13;8m  [38;2;37;37;37m██[38;2;39;39;39m██[38;2;114;130;141m██[38;2;113;125;135m██[38;2;2;1;0m  [38;2;3;3;3m  [38;2;0;0;0m      
[38;2;0;0;0m    [38;2;5;5;5m  [38;2;40;39;39m██[38;2;77;77;76m██[38;2;92;92;92m██[38;2;43;43;43m██[38;2;80;80;80m██[38;2;98;98;98m████[38;2;92;92;92m██[38;2;71;71;71m██[38;2;51;50;50m██[38;2;0;0;0m          
[38;2;0;0;0m        [38;2;44;44;43m██[38;2;73;73;72m██[38;2;76;75;75m██[38;2;85;85;85m██[38;2;98;98;98m██[38;2;89;89;89m██[38;2;88;88;88m██[38;2;98;98;98m████[38;2;27;27;26m██[38;2;1;0;0m  [38;2;0;0;0m      
[38;2;0;0;0m        [38;2;24;24;24m██[38;2;44;44;44m██[38;2;66;66;66m██[38;2;54;54;52m██[38;2;99;99;99m████[38;2;97;97;97m██[38;2;94;94;94m██[38;2;99;99;99m██[38;2;66;66;64m██[38;2;110;108;99m  [38;2;0;0;0m      
[38;2;0;0;0m        [38;2;55;55;55m██[38;2;59;61;63m██[38;2;42;42;42m██[38;2;46;46;46m██[38;2;50;50;49m██[38;2;83;83;83m██[38;2;56;56;52m██[38;2;86;85;79m██[38;2;82;80;76m██[38;2;68;65;60m██[38;2;184;183;183m██[38;2;20;20;14m██[38;2;0;0;0m    
[38;2;0;0;0m        [38;2;68;72;74m██[38;2;132;151;164m██[38;2;90;87;85m██[38;2;107;110;107m██[38;2;90;92;88m██[38;2;80;80;75m██[38;2;57;57;56m██[38;2;110;110;109m██[38;2;193;193;191m██[38;2;77;76;73m██[38;2;61;59;52m██[38;2;49;48;41m██[38;2;0;0;0m    
[38;2;0;0;0m        [38;2;58;64;67m██[38;2;86;90;93m██[38;2;89;94;92m██[38;2;151;153;151m██[38;2;153;154;152m██[38;2;102;102;97m██[38;2;91;92;88m██[38;2;55;65;68m██[38;2;49;48;44m██[38;2;78;77;75m██[38;2;63;63;58m██[38;2;92;95;97m██[38;2;0;0;0m    
[38;2;0;0;0m        [38;2;43;52;58m██[38;2;86;100;114m██[38;2;93;121;124m██[38;2;181;181;181m██[38;2;89;90;88m██[38;2;132;138;133m██[38;2;94;106;104m██[38;2;78;99;104m██[38;2;98;109;118m██[38;2;49;48;44m██[38;2;113;113;112m██[38;2;79;78;74m██[38;2;32;31;27m  [38;2;0;0;0m  
[38;2;0;0;0m        [38;2;32;35;42m  [38;2;147;165;194m██[38;2;95;112;109m██[38;2;95;122;112m██[38;2;87;88;79m██[38;2;87;124;122m██[38;2;58;96;96m██[38;2;73;83;86m██[38;2;150;171;192m██[38;2;63;68;72m██[38;2;77;77;77m██[38;2;76;74;69m██[38;2;63;63;63m██[38;2;0;0;0m  
[38;2;0;0;0m          [38;2;143;157;187m██[38;2;129;145;167m██[38;2;83;89;91m██[38;2;74;77;74m██[38;2;89;94;92m██[38;2;91;104;101m██[38;2;65;65;65m██[38;2;175;194;229m██[38;2;129;147;160m██[38;2;44;44;43m██[38;2;54;53;49m██[38;2;45;44;39m██[38;2;0;0;0m  
[38;2;0;0;0m          [38;2;6;6;0m  [38;2;138;152;176m██[38;2;67;67;67m██[38;2;90;91;90m██[38;2;109;110;109m██[38;2;69;69;69m██[38;2;99;106;118m██[38;2;161;180;207m██[38;2;110;124;134m██[38;2;47;47;46m██[38;2;83;83;82m██[38;2;0;0;0m    
[38;2;0;0;0m          [38;2;133;153;179m  [38;2;105;120;136m██[38;2;73;73;73m██[38;2;99;98;98m██[38;2;104;104;104m██[38;2;70;70;70m██[38;2;117;130;151m██[38;2;117;132;142m██[38;2;56;56;57m██[38;2;39;39;39m██[38;2;12;12;11m██[38;2;0;0;0m    
[38;2;0;0;0m    [38;2;114;126;149m██[38;2;181;199;238m██[38;2;187;205;247m██[38;2;150;172;195m██[38;2;127;146;160m██[38;2;88;98;105m██[38;2;41;41;41m██[38;2;44;44;43m██[38;2;63;68;73m██[38;2;139;161;178m██[38;2;128;144;157m██[38;2;50;52;54m██[38;2;42;42;42m██[38;2;4;4;4m  [38;2;0;0;0m    
[38;2;0;0;0m    [38;2;183;200;241m████[38;2;169;192;228m██[38;2;135;154;170m██[38;2;38;38;38m██[38;2;39;39;39m██[38;2;42;41;41m██[38;2;44;44;43m██[38;2;43;43;43m██[38;2;112;126;142m██[38;2;184;202;243m██[38;2;187;205;247m██████[38;2;191;208;247m██[38;2;47;51;61m  
[38;2;0;0;0m        [38;2;0;1;0m  [38;2;12;12;12m  [38;2;78;78;78m██[38;2;72;72;72m██[38;2;134;146;171m██[38;2;75;80;86m██[38;2;41;40;40m██[38;2;44;43;43m██[38;2;96;98;102m██[38;2;106;114;132m██[38;2;192;205;242m██[38;2;187;205;246m██[38;2;148;163;194m██[38;2;27;29;34m  
[38;2;0;0;0m          [38;2;68;68;68m██[38;2;98;98;98m██[38;2;93;93;93m██[38;2;70;74;81m██[38;2;67;69;75m██[38;2;42;42;41m██[38;2;111;111;111m██[38;2;57;56;54m██[38;2;77;78;79m██[38;2;0;0;0m        
[38;2;0;0;0m          [38;2;48;48;48m██[38;2;60;60;60m██[38;2;43;43;43m██[38;2;67;72;76m██[38;2;48;47;44m██[38;2;61;59;54m██[38;2;83;82;78m██[38;2;62;62;61m██[38;2;8;8;7m  [38;2;0;0;0m        
[38;2;0;0;0m            [38;2;68;68;68m██[38;2;80;80;80m██[38;2;85;85;85m████[38;2;80;80;80m██[38;2;68;68;68m██[38;2;0;0;0m            
[38;2;0;0;0m              [38;2;17;17;17m  [38;2;23;23;23m████[38;2;17;17;17m  [38;2;0;0;0m              [0m
