            [38;2;7;7;7m[48;2;7;7;7m▀[0m[38;2;7;7;7m[48;2;235;80;63m▀[0m[38;2;7;7;7m▄      
          [38;2;7;7;7m▄[38;2;7;7;7m[48;2;235;80;63m▀[0m[38;2;7;7;7m[48;2;204;61;45m▀[0m[38;2;204;61;45m[48;2;7;7;7m▀[0m[38;2;7;7;7m▀      
      [38;2;7;7;7m▄[38;2;7;7;7m▄[38;2;7;7;7m[48;2;235;80;63m▀[0m[38;2;7;7;7m[48;2;148;50;39m▀[0m[38;2;100;62;77m[48;2;204;61;45m▀[0m[38;2;100;62;77m[48;2;235;80;63m▀[0m[38;2;7;7;7m[48;2;204;61;45m▀[0m[38;2;7;7;7m▄[38;2;7;7;7m▄      
    [38;2;7;7;7m▄[38;2;7;7;7m[48;2;204;61;45m▀[0m[38;2;235;80;63m[48;2;235;80;63m▀[0m[38;2;148;50;39m[48;2;235;80;63m▀[0m[38;2;204;61;45m[48;2;148;50;39m▀[0m[38;2;235;80;63m[48;2;148;50;39m▀[0m[38;2;148;50;39m[48;2;204;61;45m▀[0m[38;2;148;50;39m[48;2;235;80;63m▀[0m[38;2;235;80;63m[48;2;235;80;63m▀[0m[38;2;204;61;45m[48;2;235;80;63m▀[0m[38;2;148;50;39m[48;2;148;50;39m▀[0m[38;2;7;7;7m[48;2;235;80;63m▀[0m[38;2;7;7;7m▄    
   [38;2;7;7;7m▄[38;2;7;7;7m[48;2;235;80;63m▀[0m[38;2;148;50;39m[48;2;235;80;63m▀[0m[38;2;235;80;63m[48;2;148;50;39m▀[0m[38;2;148;50;39m[48;2;235;80;63m▀[0m[38;2;235;80;63m[48;2;148;50;39m▀[0m[38;2;235;80;63m[48;2;148;50;39m▀[0m[38;2;235;80;63m[48;2;235;80;63m▀[0m[38;2;204;61;45m[48;2;148;50;39m▀[0m[38;2;148;50;39m[48;2;235;80;63m▀[0m[38;2;148;50;39m[48;2;235;80;63m▀[0m[38;2;235;80;63m[48;2;235;80;63m▀[0m[38;2;204;61;45m[48;2;204;61;45m▀[0m[38;2;7;7;7m[48;2;148;50;39m▀[0m[38;2;7;7;7m▄   
 [38;2;7;7;7m▄[38;2;7;7;7m[48;2;204;61;45m▀[0m[38;2;100;62;77m[48;2;100;62;77m▀[0m[38;2;204;61;45m[48;2;100;62;77m▀[0m[38;2;235;80;63m[48;2;100;62;77m▀[0m[38;2;148;50;39m[48;2;204;61;45m▀[0m[38;2;235;80;63m[48;2;204;61;45m▀[0m[38;2;235;80;63m[48;2;100;62;77m▀[0m[38;2;235;80;63m[48;2;148;50;39m▀[0m[38;2;148;50;39m[48;2;235;80;63m▀[0m[38;2;235;80;63m[48;2;235;80;63m▀[0m[38;2;204;61;45m[48;2;148;50;39m▀[0m[38;2;148;50;39m[48;2;235;80;63m▀[0m[38;2;204;61;45m[48;2;148;50;39m▀[0m[38;2;235;80;63m[48;2;235;80;63m▀[0m[38;2;235;80;63m[48;2;235;80;63m▀[0m[38;2;7;7;7m[48;2;7;7;7m▀[0m[38;2;7;7;7m▄  
 [38;2;7;7;7m▀[38;2;100;62;77m[48;2;7;7;7m▀[0m[38;2;100;62;77m[48;2;118;144;159m▀[0m[38;2;118;144;159m[48;2;249;249;249m▀[0m[38;2;83;105;126m[48;2;118;144;159m▀[0m[38;2;100;62;77m[48;2;118;144;159m▀[0m[38;2;100;62;77m[48;2;118;144;159m▀[0m[38;2;83;105;126m[48;2;118;144;159m▀[0m[38;2;100;62;77m[48;2;83;105;126m▀[0m[38;2;148;50;39m[48;2;100;62;77m▀[0m[38;2;148;50;39m[48;2;235;80;63m▀[0m[38;2;235;80;63m[48;2;100;62;77m▀[0m[38;2;235;80;63m[48;2;100;62;77m▀[0m[38;2;148;50;39m[48;2;100;62;77m▀[0m[38;2;148;50;39m[48;2;100;62;77m▀[0m[38;2;204;61;45m[48;2;148;50;39m▀[0m[38;2;100;62;77m[48;2;100;62;77m▀[0m[38;2;204;61;45m[48;2;7;7;7m▀[0m[38;2;7;7;7m[48;2;204;61;45m▀[0m[38;2;7;7;7m▄
  [38;2;7;7;7m[48;2;7;7;7m▀[0m[38;2;249;249;249m[48;2;66;66;66m▀[0m[38;2;66;66;66m[48;2;235;80;63m▀[0m[38;2;249;249;249m[48;2;118;144;159m▀[0m[38;2;118;144;159m[48;2;118;144;159m▀[0m[38;2;118;144;159m[48;2;249;249;249m▀[0m[38;2;249;249;249m[48;2;66;66;66m▀[0m[38;2;118;144;159m[48;2;249;249;249m▀[0m[38;2;118;144;159m[48;2;118;144;159m▀[0m[38;2;100;62;77m[48;2;64;72;94m▀[0m[38;2;83;105;126m[48;2;83;105;126m▀[0m[38;2;64;72;94m[48;2;83;105;126m▀[0m[38;2;83;105;126m[48;2;64;72;94m▀[0m[38;2;118;144;159m[48;2;64;72;94m▀[0m[38;2;100;62;77m[48;2;7;7;7m▀[0m[38;2;7;7;7m▀ [38;2;7;7;7m▀[38;2;7;7;7m▀
[38;2;7;7;7m[48;2;7;7;7m▀[0m[38;2;7;7;7m[48;2;118;144;159m▀[0m[38;2;100;62;77m[48;2;83;105;126m▀[0m[38;2;118;144;159m[48;2;64;72;94m▀[0m[38;2;118;144;159m[48;2;118;144;159m▀[0m[38;2;118;144;159m[48;2;64;72;94m▀[0m[38;2;118;144;159m[48;2;118;144;159m▀[0m[38;2;118;144;159m[48;2;118;144;159m▀[0m[38;2;235;80;63m[48;2;118;144;159m▀[0m[38;2;66;66;66m[48;2;64;72;94m▀[0m[38;2;204;61;45m[48;2;64;72;94m▀[0m[38;2;64;72;94m[48;2;83;105;126m▀[0m[38;2;100;62;77m[48;2;118;144;159m▀[0m[38;2;118;144;159m[48;2;100;62;77m▀[0m[38;2;118;144;159m[48;2;163;84;130m▀[0m[38;2;100;62;77m[48;2;100;62;77m▀[0m[38;2;163;84;130m[48;2;129;67;102m▀[0m[38;2;7;7;7m[48;2;7;7;7m▀[0m   
 [38;2;7;7;7m▀[38;2;64;72;94m[48;2;7;7;7m▀[0m[38;2;64;72;94m[48;2;129;67;102m▀[0m[38;2;118;144;159m[48;2;7;7;7m▀[0m[38;2;7;7;7m▀[38;2;118;144;159m[48;2;7;7;7m▀[0m[38;2;7;7;7m▀[38;2;83;105;126m[48;2;7;7;7m▀[0m[38;2;118;144;159m[48;2;83;105;126m▀[0m[38;2;64;72;94m[48;2;118;144;159m▀[0m[38;2;100;62;77m[48;2;7;7;7m▀[0m[38;2;163;84;130m[48;2;129;67;102m▀[0m[38;2;100;62;77m[48;2;163;84;130m▀[0m[38;2;129;67;102m[48;2;100;62;77m▀[0m[38;2;163;84;130m[48;2;129;67;102m▀[0m[38;2;7;7;7m[48;2;7;7;7m▀[0m    
  [38;2;7;7;7m▀[38;2;7;7;7m▀     [38;2;7;7;7m▀[38;2;7;7;7m▀ [38;2;7;7;7m[48;2;7;7;7m▀[0m[38;2;163;84;130m[48;2;129;67;102m▀[0m[38;2;100;62;77m[48;2;7;7;7m▀[0m[38;2;7;7;7m▀     
            [38;2;7;7;7m▀[38;2;7;7;7m▀       
[0m