
[38;2;0;0;0m            [38;2;52;44;58m            [38;2;27;23;30m  [38;2;0;0;0m    [38;2;56;48;62m████[38;2;52;45;58m  [38;2;0;0;0m  [38;2;52;44;58m              [38;2;13;11;15m  
[38;2;0;0;0m            [38;2;201;172;226m          [38;2;50;42;56m  [38;2;52;99;74m  [38;2;43;166;102m██[38;2;118;98;119m██[38;2;217;188;242m██[38;2;217;188;241m██[38;2;92;85;95m██[38;2;4;128;64m██[38;2;44;37;49m  [38;2;142;122;160m  [38;2;201;171;226m  [38;2;201;172;226m    [38;2;201;171;226m  [38;2;201;172;226m  [38;2;52;44;58m  
[38;2;0;0;0m            [38;2;201;172;226m  [38;2;200;172;225m  [38;2;201;172;226m  [38;2;201;172;225m  [38;2;78;88;98m  [38;2;80;223;149m██[38;2;175;255;214m██[38;2;76;61;59m██[38;2;229;204;250m██[38;2;233;211;252m██[38;2;134;134;147m██[38;2;72;216;141m██[38;2;13;171;89m██[38;2;0;158;76m  [38;2;0;88;43m██[38;2;149;128;168m  [38;2;200;172;225m  [38;2;200;172;226m  [38;2;201;171;225m  [38;2;200;172;225m  [38;2;52;44;58m  
[38;2;0;0;0m            [38;2;201;172;226m    [38;2;201;171;226m  [38;2;48;41;54m  [38;2;0;143;69m██[38;2;68;219;140m██[38;2;114;179;146m██[38;2;201;179;220m██[38;2;233;209;255m██[38;2;214;187;237m██[38;2;140;170;155m██[38;2;144;254;198m██[38;2;83;225;152m██[38;2;1;159;77m██[38;2;2;160;78m██[38;2;5;114;59m  [38;2;146;124;164m  [38;2;201;172;226m      [38;2;52;44;58m  
[38;2;0;0;0m            [38;2;201;171;226m  [38;2;201;172;226m  [38;2;173;148;194m  [38;2;9;58;34m  [38;2;0;158;76m██[38;2;2;160;78m██[38;2;138;123;150m██[38;2;217;188;242m██[38;2;217;188;241m██[38;2;66;70;69m██[38;2;133;249;189m██[38;2;143;254;197m██[38;2;83;228;153m██[38;2;1;159;77m██[38;2;2;160;78m██[38;2;0;142;68m██[38;2;88;93;108m  [38;2;201;172;225m  [38;2;201;172;226m  [38;2;201;172;225m  [38;2;52;44;58m  
[38;2;0;0;0m            [38;2;201;172;226m    [38;2;45;40;47m  [38;2;5;152;77m██[38;2;39;197;115m██[38;2;42;89;89m██[38;2;205;178;229m██[38;2;217;188;242m██[38;2;187;158;212m██[38;2;62;67;65m██[38;2;44;198;118m██[38;2;72;223;145m██[38;2;30;188;106m████[38;2;11;169;87m██[38;2;1;159;77m██[38;2;0;53;25m██[38;2;200;171;226m  [38;2;201;172;226m  [38;2;200;172;226m  [38;2;52;44;58m  
[38;2;0;0;0m            [38;2;109;93;122m  [38;2;82;71;91m██[38;2;176;158;201m██[38;2;66;156;112m██[38;2;84;140;126m██[38;2;116;93;128m██[38;2;216;188;242m████[38;2;183;154;208m██[38;2;118;110;129m  [38;2;11;142;74m██[38;2;1;159;77m████[38;2;22;180;98m██[38;2;9;167;85m██[38;2;11;160;83m██[38;2;90;114;112m██[38;2;70;57;80m  [38;2;124;106;140m  [38;2;201;172;226m  [38;2;52;44;58m  
[38;2;0;0;0m            [38;2;203;176;226m██[38;2;217;188;242m████[38;2;202;176;225m██[38;2;208;181;232m██[38;2;127;98;152m██[38;2;133;104;158m██[38;2;217;188;242m██[38;2;170;141;195m██[38;2;130;102;154m██[38;2;29;116;71m██[38;2;2;160;78m████[38;2;5;163;81m██[38;2;44;202;120m██[38;2;50;184;115m██[38;2;166;145;183m██[38;2;160;131;184m██[38;2;195;169;217m██[38;2;20;17;22m  [38;2;5;4;5m  
[38;2;0;0;0m            [38;2;111;89;129m██[38;2;177;148;202m██[38;2;217;188;242m████[38;2;174;145;199m██[38;2;164;240;202m██[38;2;38;196;114m██[38;2;56;60;73m██[38;2;193;164;218m██[38;2;179;150;204m██[38;2;153;134;175m██[38;2;27;119;71m██[38;2;20;150;83m██[38;2;60;219;137m██[38;2;62;178;117m██[38;2;141;126;154m██[38;2;198;169;223m██[38;2;216;188;242m██[38;2;217;188;242m██[38;2;167;138;192m██[38;2;35;27;41m██
[38;2;0;0;0m            [38;2;55;44;64m██[38;2;149;120;174m██[38;2;181;152;206m██[38;2;217;188;242m██[38;2;185;156;210m██[38;2;10;125;67m██[38;2;21;179;97m██[38;2;64;63;65m██[38;2;216;187;241m████[38;2;215;186;240m██[38;2;207;180;231m██[38;2;122;115;134m██[38;2;64;73;69m██[38;2;154;140;171m██[38;2;207;178;232m██[38;2;194;165;219m██[38;2;213;184;238m██[38;2;158;129;183m██[38;2;118;95;138m██[38;2;2;1;2m  
[38;2;0;0;0m            [38;2;160;137;180m  [38;2;92;79;103m  [38;2;103;88;118m  [38;2;213;185;237m██[38;2;215;186;240m██[38;2;96;79;108m██[38;2;134;118;146m██[38;2;217;188;242m██[38;2;217;188;241m██[38;2;217;188;242m  [38;2;216;188;242m██[38;2;217;188;242m██[38;2;216;188;242m██[38;2;217;189;242m██[38;2;192;164;216m██[38;2;174;145;199m  [38;2;180;151;205m██[38;2;122;95;145m██[38;2;86;72;102m  [38;2;116;99;131m  [38;2;52;44;58m  
[38;2;0;0;0m            [38;2;201;172;226m    [38;2;199;170;224m  [38;2;18;16;21m  [38;2;180;151;205m██[38;2;211;182;236m██[38;2;216;188;242m██[38;2;235;213;254m██[38;2;192;167;215m██[38;2;155;126;180m██[38;2;227;202;249m██[38;2;217;188;242m██[38;2;228;203;249m██[38;2;223;200;242m██[38;2;145;116;170m██[38;2;151;122;176m██[38;2;146;117;171m██[38;2;38;33;43m  [38;2;199;170;224m  [38;2;201;172;226m  [38;2;52;44;58m  
[38;2;0;0;0m            [38;2;201;172;226m    [38;2;86;77;88m  [38;2;125;127;125m██[38;2;116;93;132m██[38;2;213;184;238m██[38;2;184;155;209m██[38;2;108;93;120m██[38;2;108;95;125m██[38;2;110;129;143m██[38;2;130;130;148m██[38;2;193;168;215m██[38;2;160;132;183m██[38;2;94;79;113m██[38;2;87;73;100m██[38;2;14;12;16m  [38;2;100;86;113m  [38;2;200;172;226m  [38;2;201;172;226m  [38;2;201;171;225m  [38;2;52;44;58m  
[38;2;0;0;0m            [38;2;124;106;139m  [38;2;2;2;2m██[38;2;130;131;103m██[38;2;69;68;67m██[38;2;103;90;113m██[38;2;149;120;173m██[38;2;65;64;66m██[38;2;194;191;187m██[38;2;101;100;97m██[38;2;176;176;176m██[38;2;219;217;218m██[38;2;65;64;65m████[38;2;75;71;77m██[38;2;133;104;158m██[38;2;128;103;149m██[38;2;134;114;150m  [38;2;201;172;226m      [38;2;52;44;58m  
[38;2;0;0;0m        [38;2;91;84;73m██[38;2;92;84;74m██[38;2;102;96;82m██[38;2;97;96;86m██[38;2;97;97;84m██[38;2;100;100;86m██[38;2;81;81;74m██[38;2;144;128;157m██[38;2;132;109;151m██[38;2;70;75;83m██[38;2;145;153;160m██[38;2;149;149;150m██[38;2;79;82;92m██[38;2;73;77;83m  [38;2;100;100;86m██[38;2;95;95;83m██[38;2;95;86;98m██[38;2;131;106;152m██[38;2;135;115;150m  [38;2;201;172;225m  [38;2;201;172;226m    [38;2;52;44;58m  
[38;2;0;0;0m    [38;2;58;54;48m██[38;2;168;156;137m██[38;2;105;97;85m  [38;2;0;3;6m  [38;2;85;83;74m██[38;2;127;125;106m██[38;2;103;103;87m██[38;2;68;68;67m██[38;2;99;99;85m██[38;2;211;183;235m██[38;2;151;122;176m██[38;2;145;118;169m██[38;2;67;72;80m██[38;2;63;62;63m██[38;2;94;94;91m██[38;2;126;127;101m██[38;2;103;103;87m██[38;2;124;124;100m██[38;2;106;106;89m██[38;2;38;53;62m██[38;2;129;110;142m  [38;2;201;172;226m      [38;2;52;44;58m  
[38;2;0;0;0m  [38;2;92;85;81m  [38;2;194;179;167m██[38;2;89;82;72m██[38;2;0;0;0m  [38;2;64;65;51m  [38;2;120;121;97m██[38;2;69;68;67m██[38;2;114;115;94m██[38;2;95;95;83m██[38;2;101;93;111m██[38;2;183;155;208m██[38;2;126;105;145m██[38;2;27;26;27m██[38;2;116;99;131m  [38;2;114;98;128m  [38;2;81;82;69m██[38;2;95;95;83m██[38;2;128;123;103m██[38;2;103;97;89m██[38;2;141;131;117m██[38;2;111;104;96m██[38;2;108;99;89m██[38;2;106;90;119m  [38;2;201;172;226m    [38;2;52;44;58m  
[38;2;4;4;3m  [38;2;160;148;139m██[38;2;121;109;96m██[38;2;0;0;0m    [38;2;111;110;88m██[38;2;106;105;89m██[38;2;123;124;99m██[38;2;104;104;88m██[38;2;126;126;101m██[38;2;132;119;143m██[38;2;160;131;185m██[38;2;80;65;93m  [38;2;201;172;226m    [38;2;174;149;196m  [38;2;78;79;62m██[38;2;55;54;55m  [38;2;98;90;82m  [38;2;157;145;128m██[38;2;130;121;110m██[38;2;73;71;71m██[38;2;127;119;108m██[38;2;140;129;113m██[38;2;131;112;146m  [38;2;201;172;226m  [38;2;52;44;58m  
[38;2;44;40;36m██[38;2;172;156;138m██[38;2;45;41;36m  [38;2;0;0;0m    [38;2;42;42;33m  [38;2;121;121;98m██[38;2;91;92;76m██[38;2;87;87;72m██[38;2;47;48;38m██[38;2;114;101;125m██[38;2;215;186;240m██[38;2;96;82;108m  [38;2;201;172;226m  [38;2;136;116;153m  [38;2;105;97;85m██[38;2;82;82;65m██[38;2;130;111;146m  [38;2;81;70;92m  [38;2;166;152;135m██[38;2;113;107;98m██[38;2;153;142;126m██[38;2;65;64;65m██[38;2;166;154;134m██[38;2;45;43;37m██[38;2;201;171;226m  [38;2;52;44;58m  
[38;2;0;0;0m            [38;2;112;113;90m██[38;2;37;34;44m  [38;2;98;84;110m  [38;2;201;172;226m  [38;2;73;60;85m  [38;2;151;122;175m██[38;2;96;82;108m  [38;2;201;172;226m  [38;2;87;80;71m██[38;2;169;156;137m██[38;2;79;76;61m██[38;2;201;171;226m  [38;2;201;172;226m  [38;2;18;17;15m██[38;2;113;106;98m██[38;2;156;145;128m██[38;2;99;94;88m██[38;2;75;72;69m██[38;2;168;155;135m██[38;2;44;38;50m  [38;2;52;44;58m  
[38;2;0;0;0m              [38;2;60;51;68m  [38;2;68;58;76m    [38;2;37;32;42m  [38;2;49;39;57m  [38;2;32;28;36m  [38;2;68;58;76m  [38;2;143;131;115m██[38;2;167;153;133m██[38;2;25;23;21m  [38;2;68;58;76m    [38;2;19;17;15m██[38;2;172;157;137m██[38;2;80;77;75m██[38;2;71;66;60m██[38;2;7;7;5m  [38;2;55;54;42m██[38;2;15;12;17m  [38;2;17;15;19m  
[38;2;0;0;0m                          ██[38;2;187;172;157m██[38;2;165;151;131m██[38;2;0;0;0m      [38;2;46;42;37m██[38;2;157;145;128m██[38;2;65;64;54m██[38;2;0;0;0m          
[38;2;0;0;0m                          ██[38;2;175;161;143m██[38;2;165;151;131m██[38;2;0;0;0m      [38;2;170;157;137m██[38;2;106;100;86m██[38;2;33;32;27m  [38;2;0;0;0m          
[38;2;0;0;0m                          ██[38;2;161;149;132m██[38;2;152;139;122m██[38;2;0;0;0m      [38;2;127;118;103m██[38;2;39;37;31m  [38;2;0;0;0m            
[38;2;0;0;0m                            [38;2;33;32;30m██[38;2;27;25;23m  [38;2;0;0;0m                      [0m
