
[38;2;0;0;0m                                  [38;2;65;62;67m██[38;2;2;2;2m  [38;2;0;0;0m              
[38;2;0;0;0m                                [38;2;171;166;177m  [38;2;239;231;247m██[38;2;195;190;202m██[38;2;0;0;0m              
[38;2;0;0;0m                          [38;2;39;24;54m  [38;2;0;0;0m  [38;2;29;28;30m  [38;2;221;214;228m██[38;2;239;231;246m██[38;2;239;231;247m██[38;2;13;13;14m  [38;2;84;82;87m██[38;2;35;34;37m  [38;2;0;0;0m        
[38;2;0;0;0m                          [38;2;112;69;152m██[38;2;0;0;0m  [38;2;84;79;85m██[38;2;239;231;247m██[38;2;239;232;247m████[38;2;143;138;151m██[38;2;239;232;247m██[38;2;101;98;104m██[38;2;0;0;0m        
[38;2;0;0;0m                          [38;2;157;95;211m██[38;2;72;41;98m██[38;2;99;95;100m██[38;2;165;157;167m██[38;2;241;231;247m██[38;2;239;232;246m██[38;2;215;207;214m██[38;2;179;175;172m██[38;2;179;176;172m██[38;2;22;25;22m  [38;2;0;0;0m      
[38;2;0;0;0m                        [38;2;53;37;55m  [38;2;95;94;143m██[38;2;76;69;87m██[38;2;123;152;228m██[38;2;119;150;228m██[38;2;116;113;113m██[38;2;181;178;173m██[38;2;179;177;172m██[38;2;71;69;71m██[38;2;179;176;172m██[38;2;77;75;76m██[38;2;176;171;168m██[38;2;0;0;0m    
[38;2;0;0;0m            [38;2;17;19;19m  [38;2;39;44;44m██[38;2;73;81;81m██[38;2;34;37;37m  [38;2;54;34;68m  [38;2;47;54;77m██[38;2;123;150;234m██[38;2;88;94;140m██[38;2;115;132;208m██[38;2;122;152;232m██[38;2;120;152;232m██[38;2;108;133;198m██[38;2;119;117;117m██[38;2;92;90;90m██[38;2;179;177;172m██[38;2;145;142;139m██[38;2;179;176;171m██[38;2;179;176;172m██[38;2;0;0;0m    
[38;2;0;0;0m            [38;2;3;2;5m  [38;2;69;77;77m██[38;2;73;81;81m██[38;2;61;68;68m  [38;2;49;30;61m  [38;2;206;195;149m██[38;2;103;127;190m██[38;2;76;98;149m██[38;2;116;147;223m██[38;2;70;79;88m██[38;2;67;85;123m██[38;2;117;148;226m██[38;2;70;71;81m██[38;2;117;147;224m██[38;2;53;54;51m  [38;2;97;97;93m  [38;2;166;163;159m██[38;2;138;136;133m██[38;2;60;58;59m██[38;2;3;2;2m  
[38;2;0;0;0m            [38;2;60;34;85m██[38;2;1;1;1m  [38;2;29;32;32m██[38;2;0;0;0m  [38;2;100;100;100m  [38;2;234;220;138m██[38;2;96;105;118m██[38;2;96;118;173m██[38;2;159;152;156m██[38;2;229;213;133m██[38;2;119;122;124m██[38;2;127;139;160m██[38;2;86;98;131m██[38;2;77;99;145m██[38;2;0;0;0m    [38;2;63;61;60m  [38;2;46;45;44m  [38;2;179;175;172m██[38;2;48;47;46m██
[38;2;0;0;0m    [38;2;28;30;30m  [38;2;71;70;72m██[38;2;100;105;105m██[38;2;70;70;71m██[38;2;0;0;0m      [38;2;24;24;25m  [38;2;237;233;242m██[38;2;92;91;92m██[38;2;211;210;211m██[38;2;128;124;107m██[38;2;190;174;103m██[38;2;159;145;115m██[38;2;236;237;235m██[38;2;177;180;187m██[38;2;98;105;121m██[38;2;40;43;43m██[38;2;0;0;0m        [38;2;124;122;118m  [38;2;0;0;0m  
[38;2;0;0;0m      [38;2;86;90;90m██[38;2;103;108;109m██[38;2;97;102;103m██[38;2;0;0;0m        [38;2;51;50;52m  [38;2;227;221;229m██[38;2;121;121;127m██[38;2;222;232;238m██[38;2;195;195;195m██[38;2;214;208;211m██[38;2;138;137;138m██[38;2;168;164;175m██[38;2;185;179;195m██[38;2;69;73;74m██[38;2;48;54;54m  [38;2;0;0;0m          
[38;2;0;0;0m        [38;2;75;78;79m██[38;2;2;3;3m  [38;2;0;0;0m      [38;2;2;2;4m  [38;2;39;40;45m██[38;2;183;177;190m██[38;2;135;149;174m██[38;2;108;106;117m██[38;2;205;201;211m██[38;2;77;83;103m██[38;2;101;131;198m██[38;2;79;93;126m██[38;2;77;82;103m██[38;2;81;77;100m██[38;2;54;60;60m  [38;2;0;0;0m          
[38;2;0;0;0m        [38;2;68;42;92m██[38;2;0;0;0m        [38;2;65;88;129m██[38;2;69;94;138m██[38;2;67;66;72m██[38;2;77;83;103m██[38;2;112;108;114m██[38;2;99;95;100m██[38;2;89;118;180m██[38;2;81;109;166m██[38;2;74;83;108m██[38;2;119;147;235m██[38;2;150;104;212m██[38;2;86;50;123m  [38;2;0;0;0m          
[38;2;0;0;0m    [38;2;10;11;11m  [38;2;70;70;71m██[38;2;56;57;57m██[38;2;1;1;1m  [38;2;0;0;0m  [38;2;0;1;1m  [38;2;68;84;126m██[38;2;79;87;122m██[38;2;92;73;109m██[38;2;106;129;189m██[38;2;120;152;231m██[38;2;88;112;166m██[38;2;75;82;101m██[38;2;76;81;99m██[38;2;78;71;94m██[38;2;125;134;218m██[38;2;120;151;231m██[38;2;144;111;214m██[38;2;85;87;142m██[38;2;41;39;41m██[38;2;0;0;0m        
[38;2;0;0;0m    [38;2;88;93;93m██[38;2;122;127;129m██[38;2;114;119;120m██[38;2;84;88;88m██[38;2;0;0;0m  [38;2;3;4;6m██[38;2;104;134;203m██[38;2;150;104;213m██[38;2;135;127;222m██[38;2;75;80;97m██[38;2;123;153;231m██[38;2;130;140;226m██[38;2;122;139;221m██[38;2;121;149;223m██[38;2;76;78;95m██[38;2;93;101;143m██[38;2;120;151;231m██[38;2;107;122;198m██[38;2;69;68;80m██[38;2;73;80;80m██[38;2;0;0;0m        
[38;2;0;0;0m    [38;2;82;84;85m██[38;2;84;86;87m██[38;2;97;103;103m████[38;2;0;0;0m    [38;2;41;52;80m  [38;2;72;91;140m██[38;2;103;131;200m██[38;2;106;133;197m  [38;2;107;128;189m██[38;2;123;152;234m██[38;2;139;126;221m██[38;2;123;153;231m██[38;2;132;132;224m██[38;2;123;131;217m██[38;2;75;95;149m██[38;2;24;32;48m  [38;2;44;49;49m██[38;2;18;20;20m  [38;2;0;0;0m        
[38;2;0;0;0m  [38;2;74;77;77m  [38;2;96;101;101m██[38;2;68;67;69m██[38;2;97;103;103m████[38;2;0;0;0m        [38;2;4;6;9m  [38;2;72;77;92m██[38;2;70;80;104m██[38;2;100;121;179m██[38;2;125;154;232m██[38;2;141;118;218m██[38;2;120;78;177m██[38;2;108;85;173m██[38;2;14;8;18m██[38;2;0;0;0m  [38;2;109;61;153m██[38;2;0;0;0m          
[38;2;0;0;0m    [38;2;11;11;11m  [38;2;49;50;51m██[38;2;51;53;53m██[38;2;1;2;2m  [38;2;60;38;76m██[38;2;1;1;1m  [38;2;46;48;49m████[38;2;16;16;17m  [38;2;8;11;16m  [38;2;70;94;143m██[38;2;72;85;114m██[38;2;73;86;117m██[38;2;101;87;165m██[38;2;101;94;160m██[38;2;79;66;88m██[38;2;175;172;167m██[38;2;86;84;82m██[38;2;82;81;79m  [38;2;0;0;0m          
[38;2;0;0;0m            [38;2;1;1;1m  [38;2;97;103;103m██[38;2;117;124;124m██[38;2;127;135;135m██[38;2;97;103;103m██[38;2;14;14;14m██[38;2;66;65;66m██[38;2;70;76;92m██[38;2;80;107;162m██[38;2;67;65;67m██[38;2;65;63;65m██[38;2;179;176;173m██[38;2;71;72;65m██[38;2;155;148;158m██[38;2;181;178;173m██[38;2;78;77;74m██[38;2;23;23;22m██[38;2;61;59;58m  [38;2;0;0;0m    
[38;2;0;0;0m            [38;2;48;51;51m██[38;2;97;103;103m██[38;2;106;112;112m██[38;2;110;117;117m██[38;2;97;103;103m██[38;2;91;94;94m██[38;2;149;145;143m██[38;2;166;162;159m██[38;2;129;127;125m██[38;2;179;177;172m██[38;2;164;160;167m██[38;2;214;207;215m██[38;2;206;199;200m██[38;2;243;231;247m██[38;2;240;228;245m██[38;2;142;140;137m██[38;2;69;68;66m  [38;2;0;0;0m      
[38;2;0;0;0m            [38;2;48;51;51m██[38;2;93;97;97m██[38;2;68;67;68m██[38;2;94;99;99m██[38;2;97;103;103m██[38;2;92;95;95m██[38;2;149;144;143m██[38;2;196;190;192m██[38;2;242;231;247m████[38;2;239;231;247m██[38;2;240;231;247m██[38;2;243;231;248m██[38;2;208;200;206m██[38;2;179;176;171m██[38;2;68;67;65m  [38;2;0;0;0m        
[38;2;0;0;0m            [38;2;17;18;18m  [38;2;66;64;66m██[38;2;85;88;88m██[38;2;87;90;91m██[38;2;97;103;103m██[38;2;90;88;88m██[38;2;169;166;161m██[38;2;225;217;228m██[38;2;239;231;247m██[38;2;239;232;247m██[38;2;238;232;247m██[38;2;240;231;247m██[38;2;203;197;200m██[38;2;179;175;172m██[38;2;61;60;58m  [38;2;0;0;0m          
[38;2;0;0;0m            [38;2;9;9;9m  [38;2;78;81;79m██[38;2;68;70;70m██[38;2;79;82;83m██[38;2;27;28;28m  [38;2;146;143;139m██[38;2;170;166;163m██[38;2;168;162;162m██[38;2;190;182;193m██[38;2;207;204;210m██[38;2;185;180;178m██[38;2;179;175;172m██[38;2;147;145;140m██[38;2;0;0;0m              
[38;2;0;0;0m            [38;2;13;13;13m██[38;2;0;0;0m          [38;2;35;34;34m    [38;2;0;0;0m  [38;2;16;16;15m  [38;2;48;46;46m██[38;2;48;47;46m██[38;2;1;1;1m  [38;2;0;0;0m              [0m
