   [38;2;7;7;7m▄[38;2;7;7;7m[48;2;249;249;249m▀[0m[38;2;7;7;7m[48;2;249;249;249m▀[0m[38;2;7;7;7m▄        
   [38;2;7;7;7m▀[38;2;249;249;249m[48;2;7;7;7m▀[0m[38;2;206;171;202m[48;2;82;82;82m▀[0m[38;2;253;187;222m[48;2;223;99;165m▀[0m[38;2;7;7;7m[48;2;7;7;7m▀[0m       
  [38;2;7;7;7m▄[38;2;7;7;7m[48;2;253;187;222m▀[0m[38;2;255;113;176m[48;2;253;187;222m▀[0m[38;2;253;187;222m[48;2;249;249;249m▀[0m[38;2;249;249;249m[48;2;253;187;222m▀[0m[38;2;253;187;222m[48;2;253;187;222m▀[0m[38;2;7;7;7m[48;2;255;113;176m▀[0m[38;2;7;7;7m[48;2;223;70;129m▀[0m[38;2;7;7;7m▄    
 [38;2;7;7;7m[48;2;7;7;7m▀[0m[38;2;223;70;129m[48;2;255;113;176m▀[0m[38;2;223;70;129m[48;2;255;113;176m▀[0m[38;2;253;187;222m[48;2;255;113;176m▀[0m[38;2;249;249;249m[48;2;223;70;129m▀[0m[38;2;253;187;222m[48;2;223;70;129m▀[0m[38;2;253;187;222m[48;2;223;70;129m▀[0m[38;2;253;187;222m[48;2;223;70;129m▀[0m[38;2;223;70;129m[48;2;223;70;129m▀[0m[38;2;255;113;176m[48;2;255;113;176m▀[0m[38;2;7;7;7m[48;2;7;7;7m▀[0m   
 [38;2;7;7;7m[48;2;7;7;7m▀[0m[38;2;255;113;176m[48;2;82;82;82m▀[0m[38;2;82;82;82m[48;2;249;249;249m▀[0m[38;2;255;113;176m[48;2;255;113;176m▀[0m[38;2;255;113;176m[48;2;255;113;176m▀[0m[38;2;82;82;82m[48;2;249;249;249m▀[0m[38;2;255;113;176m[48;2;82;82;82m▀[0m[38;2;255;113;176m[48;2;255;113;176m▀[0m[38;2;255;113;176m[48;2;253;187;222m▀[0m[38;2;223;70;129m[48;2;181;109;140m▀[0m[38;2;7;7;7m[48;2;7;7;7m▀[0m   
 [38;2;7;7;7m▀[38;2;255;113;176m[48;2;7;7;7m▀[0m[38;2;121;86;243m[48;2;82;82;82m▀[0m[38;2;82;82;82m[48;2;255;113;176m▀[0m[38;2;255;113;176m[48;2;82;82;82m▀[0m[38;2;121;86;243m[48;2;223;70;129m▀[0m[38;2;223;70;129m[48;2;223;70;129m▀[0m[38;2;253;187;222m[48;2;181;109;140m▀[0m[38;2;181;109;140m[48;2;181;109;140m▀[0m[38;2;181;109;140m[48;2;7;7;7m▀[0m[38;2;7;7;7m▀ [38;2;7;7;7m▄[38;2;7;7;7m▄
[38;2;7;7;7m▄[38;2;7;7;7m[48;2;255;113;176m▀[0m[38;2;7;7;7m[48;2;223;70;129m▀[0m[38;2;7;7;7m[48;2;82;82;82m▀[0m[38;2;82;82;82m[48;2;255;113;176m▀[0m[38;2;223;70;129m[48;2;219;152;124m▀[0m[38;2;223;70;129m[48;2;255;113;176m▀[0m[38;2;255;113;176m[48;2;255;113;176m▀[0m[38;2;82;82;82m[48;2;255;113;176m▀[0m[38;2;82;82;82m[48;2;255;113;176m▀[0m[38;2;82;82;82m[48;2;255;113;176m▀[0m[38;2;7;7;7m[48;2;255;113;176m▀[0m[38;2;7;7;7m[48;2;82;82;82m▀[0m[38;2;122;80;63m[48;2;7;7;7m▀[0m[38;2;7;7;7m▀
[38;2;7;7;7m▀[38;2;223;70;129m[48;2;7;7;7m▀[0m[38;2;82;82;82m[48;2;82;82;82m▀[0m[38;2;255;113;176m[48;2;223;70;129m▀[0m[38;2;219;152;124m[48;2;255;113;176m▀[0m[38;2;176;120;94m[48;2;176;120;94m▀[0m[38;2;176;120;94m[48;2;255;113;176m▀[0m[38;2;255;113;176m[48;2;255;113;176m▀[0m[38;2;223;70;129m[48;2;82;82;82m▀[0m[38;2;82;82;82m[48;2;219;152;124m▀[0m[38;2;82;82;82m[48;2;176;120;94m▀[0m[38;2;255;113;176m[48;2;82;82;82m▀[0m[38;2;255;113;176m[48;2;223;70;129m▀[0m[38;2;7;7;7m[48;2;7;7;7m▀[0m 
  [38;2;7;7;7m▀[38;2;223;70;129m[48;2;7;7;7m▀[0m[38;2;223;70;129m[48;2;7;7;7m▀[0m[38;2;82;82;82m[48;2;7;7;7m▀[0m[38;2;255;113;176m[48;2;223;70;129m▀[0m[38;2;82;82;82m[48;2;82;82;82m▀[0m[38;2;219;152;124m[48;2;176;120;94m▀[0m[38;2;176;120;94m[48;2;176;120;94m▀[0m[38;2;176;120;94m[48;2;7;7;7m▀[0m[38;2;7;7;7m▀[38;2;7;7;7m▀  
      [38;2;7;7;7m▀[38;2;7;7;7m▀[38;2;7;7;7m▀[38;2;7;7;7m▀     
[0m