     [38;2;7;7;7m▄[38;2;7;7;7m[48;2;195;192;180m▀[0m[38;2;7;7;7m[48;2;195;192;180m▀[0m[38;2;7;7;7m[48;2;226;223;204m▀[0m[38;2;7;7;7m[48;2;226;223;204m▀[0m[38;2;7;7;7m[48;2;82;82;82m▀[0m[38;2;7;7;7m▄     
   [38;2;7;7;7m▄[38;2;7;7;7m[48;2;195;192;180m▀[0m[38;2;195;192;180m[48;2;226;223;204m▀[0m[38;2;226;223;204m[48;2;226;223;204m▀[0m[38;2;226;223;204m[48;2;226;223;204m▀[0m[38;2;226;223;204m[48;2;82;82;82m▀[0m[38;2;82;82;82m[48;2;255;253;226m▀[0m[38;2;255;253;226m[48;2;255;253;226m▀[0m[38;2;207;198;154m[48;2;255;253;226m▀[0m[38;2;7;7;7m[48;2;7;7;7m▀[0m    
   [38;2;7;7;7m[48;2;7;7;7m▀[0m[38;2;195;192;180m[48;2;255;253;226m▀[0m[38;2;195;192;180m[48;2;255;253;226m▀[0m[38;2;226;223;204m[48;2;195;192;180m▀[0m[38;2;226;223;204m[48;2;226;223;204m▀[0m[38;2;82;82;82m[48;2;195;192;180m▀[0m[38;2;255;253;226m[48;2;255;253;226m▀[0m[38;2;255;253;226m[48;2;255;253;226m▀[0m[38;2;255;253;226m[48;2;255;253;226m▀[0m[38;2;207;198;154m[48;2;207;198;154m▀[0m[38;2;7;7;7m[48;2;7;7;7m▀[0m   
  [38;2;7;7;7m[48;2;7;7;7m▀[0m[38;2;82;82;82m[48;2;195;192;180m▀[0m[38;2;207;198;154m[48;2;82;82;82m▀[0m[38;2;255;253;226m[48;2;195;192;180m▀[0m[38;2;195;192;180m[48;2;226;223;204m▀[0m[38;2;226;223;204m[48;2;226;223;204m▀[0m[38;2;226;223;204m[48;2;195;192;180m▀[0m[38;2;82;82;82m[48;2;226;223;204m▀[0m[38;2;255;253;226m[48;2;82;82;82m▀[0m[38;2;207;198;154m[48;2;207;198;154m▀[0m[38;2;207;198;154m[48;2;207;198;154m▀[0m[38;2;7;7;7m[48;2;7;7;7m▀[0m   
[38;2;7;7;7m[48;2;7;7;7m▀[0m[38;2;7;7;7m[48;2;195;192;180m▀[0m[38;2;195;192;180m[48;2;195;192;180m▀[0m[38;2;195;192;180m[48;2;82;82;82m▀[0m[38;2;82;82;82m[48;2;226;223;204m▀[0m[38;2;226;223;204m[48;2;226;223;204m▀[0m[38;2;226;223;204m[48;2;195;192;180m▀[0m[38;2;226;223;204m[48;2;226;223;204m▀[0m[38;2;226;223;204m[48;2;149;148;139m▀[0m[38;2;195;192;180m[48;2;149;148;139m▀[0m[38;2;195;192;180m[48;2;149;148;139m▀[0m[38;2;82;82;82m[48;2;195;192;180m▀[0m[38;2;82;82;82m[48;2;82;82;82m▀[0m[38;2;7;7;7m[48;2;195;192;180m▀[0m[38;2;7;7;7m[48;2;195;192;180m▀[0m[38;2;7;7;7m▄ 
 [38;2;7;7;7m▀[38;2;82;82;82m[48;2;7;7;7m▀[0m[38;2;82;82;82m[48;2;7;7;7m▀[0m[38;2;82;82;82m[48;2;195;192;180m▀[0m[38;2;226;223;204m[48;2;149;148;139m▀[0m[38;2;149;148;139m[48;2;226;223;204m▀[0m[38;2;149;148;139m[48;2;248;248;248m▀[0m[38;2;7;7;7m[48;2;248;248;248m▀[0m[38;2;248;248;248m[48;2;226;223;204m▀[0m[38;2;195;192;180m[48;2;226;223;204m▀[0m[38;2;82;82;82m[48;2;195;192;180m▀[0m[38;2;195;192;180m[48;2;195;192;180m▀[0m[38;2;195;192;180m[48;2;195;192;180m▀[0m[38;2;195;192;180m[48;2;195;192;180m▀[0m[38;2;195;192;180m[48;2;7;7;7m▀[0m[38;2;7;7;7m[48;2;7;7;7m▀[0m
   [38;2;7;7;7m▀[38;2;195;192;180m[48;2;7;7;7m▀[0m[38;2;226;223;204m[48;2;226;223;204m▀[0m[38;2;226;223;204m[48;2;226;223;204m▀[0m[38;2;226;223;204m[48;2;7;7;7m▀[0m[38;2;7;7;7m▀[38;2;82;82;82m[48;2;7;7;7m▀[0m[38;2;82;82;82m[48;2;167;165;150m▀[0m[38;2;195;192;180m[48;2;82;82;82m▀[0m[38;2;195;192;180m[48;2;195;192;180m▀[0m[38;2;195;192;180m[48;2;195;192;180m▀[0m[38;2;7;7;7m[48;2;7;7;7m▀[0m  
   [38;2;7;7;7m[48;2;7;7;7m▀[0m[38;2;167;165;150m[48;2;224;221;203m▀[0m[38;2;7;7;7m[48;2;7;7;7m▀[0m[38;2;7;7;7m▀   [38;2;7;7;7m[48;2;7;7;7m▀[0m[38;2;167;165;150m[48;2;224;221;203m▀[0m[38;2;82;82;82m[48;2;7;7;7m▀[0m[38;2;7;7;7m▀   
   [38;2;7;7;7m▀[38;2;224;221;203m[48;2;7;7;7m▀[0m[38;2;167;165;150m[48;2;224;221;203m▀[0m[38;2;7;7;7m[48;2;7;7;7m▀[0m  [38;2;7;7;7m▄[38;2;7;7;7m[48;2;224;221;203m▀[0m[38;2;224;221;203m[48;2;82;82;82m▀[0m[38;2;7;7;7m[48;2;7;7;7m▀[0m    
 [38;2;7;7;7m▄[38;2;7;7;7m[48;2;167;165;150m▀[0m[38;2;7;7;7m[48;2;224;221;203m▀[0m[38;2;82;82;82m[48;2;224;221;203m▀[0m[38;2;224;221;203m[48;2;82;82;82m▀[0m[38;2;167;165;150m[48;2;167;165;150m▀[0m[38;2;7;7;7m[48;2;7;7;7m▀[0m[38;2;7;7;7m▄[38;2;7;7;7m[48;2;167;165;150m▀[0m[38;2;224;221;203m[48;2;82;82;82m▀[0m[38;2;7;7;7m[48;2;82;82;82m▀[0m[38;2;7;7;7m▄    
  [38;2;7;7;7m▀[38;2;167;165;150m[48;2;7;7;7m▀[0m[38;2;167;165;150m[48;2;7;7;7m▀[0m[38;2;167;165;150m[48;2;7;7;7m▀[0m[38;2;7;7;7m▀ [38;2;7;7;7m▀[38;2;167;165;150m[48;2;7;7;7m▀[0m[38;2;224;221;203m[48;2;224;221;203m▀[0m[38;2;224;221;203m[48;2;224;221;203m▀[0m[38;2;82;82;82m[48;2;224;221;203m▀[0m[38;2;7;7;7m[48;2;7;7;7m▀[0m   
          [38;2;7;7;7m▀[38;2;7;7;7m▀[38;2;7;7;7m▀    
[0m