
[38;2;0;0;0m                              [38;2;58;58;61m████[38;2;26;26;28m  [38;2;0;0;0m        
[38;2;0;0;0m                            [38;2;160;158;168m  [38;2;234;233;246m██[38;2;233;234;247m██[38;2;202;201;213m██[38;2;0;0;0m        
[38;2;0;0;0m                    [38;2;91;74;141m██[38;2;0;0;0m    [38;2;69;70;74m██[38;2;88;85;107m██[38;2;206;202;226m██[38;2;192;190;201m██[38;2;177;175;184m██[38;2;75;75;78m  [38;2;40;39;42m  [38;2;192;190;202m██[38;2;0;0;0m  
[38;2;0;0;0m                    [38;2;91;75;142m██[38;2;68;57;107m  [38;2;0;0;0m  [38;2;55;54;56m██[38;2;124;107;178m██[38;2;141;139;149m██[38;2;65;64;65m██[38;2;235;233;247m██[38;2;114;113;118m██[38;2;216;212;223m██[38;2;87;86;90m██[38;2;0;0;0m  
[38;2;0;0;0m                    [38;2;80;68;119m██[38;2;104;99;134m██[38;2;129;165;84m██[38;2;90;83;108m██[38;2;133;114;189m██[38;2;136;135;138m██[38;2;234;232;244m██[38;2;107;106;110m██[38;2;221;217;228m██[38;2;140;136;141m██[38;2;145;141;145m██[38;2;0;0;0m  
[38;2;0;0;0m                  [38;2;18;25;11m  [38;2;116;151;75m██[38;2;127;164;82m██[38;2;141;187;86m██[38;2;106;103;101m██[38;2;90;91;83m██[38;2;105;101;100m██[38;2;192;187;194m██[38;2;193;187;190m██[38;2;179;171;174m██[38;2;179;171;172m██[38;2;36;35;34m  [38;2;0;0;0m  
[38;2;0;0;0m            [38;2;16;13;16m  [38;2;46;36;39m██[38;2;120;96;67m██[38;2;110;114;78m██[38;2;138;171;83m██[38;2;120;157;71m██[38;2;133;175;78m██[38;2;122;162;77m██[38;2;127;167;75m██[38;2;141;186;84m██[38;2;65;64;65m██[38;2;84;94;70m██[38;2;153;147;146m██[38;2;179;171;172m██[38;2;155;147;150m██[38;2;12;11;11m██
[38;2;0;0;0m          [38;2;48;48;48m██[38;2;87;70;122m██[38;2;80;64;82m██[38;2;58;53;47m██[38;2;220;183;117m██[38;2;118;154;77m██[38;2;102;120;75m██[38;2;94;112;70m██[38;2;210;176;119m██[38;2;135;169;81m██[38;2;115;144;78m██[38;2;122;156;80m██[38;2;101;128;67m██[38;2;31;30;30m██[38;2;179;171;171m██[38;2;44;42;43m██[38;2;12;11;11m  
[38;2;0;0;0m    [38;2;0;0;1m  [38;2;17;14;14m  [38;2;175;145;96m██[38;2;71;65;87m██[38;2;31;25;50m  [38;2;0;2;0m  [38;2;39;39;40m  [38;2;199;163;110m██[38;2;128;120;102m██[38;2;118;144;77m██[38;2;217;206;185m██[38;2;197;165;116m██[38;2;119;115;113m██[38;2;123;159;82m██[38;2;68;71;68m██[38;2;89;118;53m██[38;2;20;16;33m██[38;2;0;0;0m      
[38;2;0;0;0m    [38;2;42;33;30m  [38;2;189;148;123m██[38;2;178;147;99m██[38;2;22;17;38m██[38;2;0;0;0m  [38;2;16;16;17m  [38;2;223;224;231m██[38;2;207;207;207m██[38;2;242;241;242m██[38;2;181;177;173m██[38;2;100;89;75m██[38;2;143;135;121m██[38;2;242;243;248m██[38;2;199;203;206m██[38;2;21;35;19m██[38;2;8;8;8m  [38;2;88;71;143m██[38;2;24;19;40m  [38;2;0;0;0m    
[38;2;0;0;0m    [38;2;91;73;148m██[38;2;203;164;142m██[38;2;193;151;95m██[38;2;0;0;0m    [38;2;15;15;16m  [38;2;110;111;119m██[38;2;210;209;220m██[38;2;78;84;69m██[38;2;219;220;213m██[38;2;249;250;253m██[38;2;209;214;217m██[38;2;191;200;189m██[38;2;74;83;62m██[38;2;96;126;60m██[38;2;16;16;16m  [38;2;8;6;13m██[38;2;43;36;63m██[38;2;0;0;0m    
[38;2;0;0;0m  [38;2;114;87;98m  [38;2;67;55;125m██[38;2;92;74;147m██[38;2;34;27;17m  [38;2;0;0;0m    [38;2;7;10;4m  [38;2;42;52;29m██[38;2;111;117;106m██[38;2;133;169;90m██[38;2;111;112;112m██[38;2;130;129;135m██[38;2;116;139;83m██[38;2;96;125;60m██[38;2;94;115;64m██[38;2;119;154;78m██[38;2;115;121;124m██[38;2;52;50;57m██[38;2;72;60;112m██[38;2;119;90;60m  [38;2;0;0;0m  
[38;2;8;7;13m  [38;2;89;74;116m██[38;2;181;137;125m██[38;2;5;9;7m██[38;2;0;0;0m    [38;2;15;19;10m  [38;2;100;125;58m██[38;2;100;126;60m██[38;2;84;94;70m██[38;2;84;94;69m██[38;2;107;114;101m██[38;2;88;87;89m██[38;2;103;126;67m██[38;2;102;140;59m██[38;2;96;113;75m██[38;2;138;185;83m██[38;2;125;108;182m██[38;2;88;70;141m██[38;2;93;80;100m██[38;2;129;98;75m██[38;2;0;0;0m  
[38;2;26;21;41m██[38;2;193;156;143m██[38;2;212;172;115m██[38;2;12;11;14m██[38;2;0;0;0m    [38;2;110;145;64m██[38;2;118;148;84m██[38;2;110;93;164m██[38;2;94;111;73m██[38;2;141;186;83m██[38;2;129;172;75m██[38;2;106;132;69m██[38;2;101;122;75m██[38;2;87;119;60m██[38;2;130;124;169m██[38;2;141;186;83m██[38;2;122;110;168m██[38;2;80;86;83m██[38;2;86;81;116m██[38;2;10;13;14m  [38;2;0;0;0m  
[38;2;24;19;40m██[38;2;225;182;140m██[38;2;195;155;98m██[38;2;81;65;44m██[38;2;0;0;0m    [38;2;115;151;65m██[38;2;129;123;167m██[38;2;136;163;113m██[38;2;90;105;72m██[38;2;135;178;84m██[38;2;137;169;108m██[38;2;135;157;121m██[38;2;141;186;86m██[38;2;89;103;71m██[38;2;109;136;76m██[38;2;132;177;77m██[38;2;101;141;62m██[38;2;67;64;72m██[38;2;91;72;147m██[38;2;0;0;0m    
[38;2;24;19;37m██[38;2;224;182;138m██[38;2;214;172;111m██[38;2;248;201;134m██[38;2;0;0;0m    [38;2;45;51;37m██[38;2;84;95;68m██[38;2;114;128;96m██[38;2;127;166;74m██[38;2;118;152;78m██[38;2;139;185;84m██[38;2;137;169;108m██[38;2;141;186;83m██[38;2;131;131;161m██[38;2;124;131;132m██[38;2;108;129;83m██[38;2;11;16;6m  [38;2;23;21;28m██[38;2;47;37;76m██[38;2;0;0;0m    
[38;2;35;28;54m██[38;2;97;77;161m██[38;2;255;205;142m██[38;2;197;160;111m██[38;2;0;0;0m  [38;2;31;26;48m██[38;2;165;147;217m██[38;2;166;149;216m██[38;2;122;121;135m██[38;2;74;80;65m██[38;2;85;97;62m██[38;2;110;139;73m██[38;2;132;177;79m██[38;2;121;117;152m██[38;2;95;80;144m██[38;2;94;89;119m██[38;2;44;43;42m██[38;2;8;8;7m  [38;2;81;67;123m██[38;2;24;19;40m  [38;2;0;0;0m    
[38;2;8;7;13m  [38;2;122;90;146m██[38;2;140;108;139m██[38;2;14;14;24m██[38;2;0;0;0m  [38;2;125;104;195m██[38;2;151;132;211m██[38;2;164;147;221m██[38;2;145;125;208m██[38;2;111;105;136m██[38;2;98;130;60m██[38;2;90;114;61m██[38;2;75;84;63m██[38;2;106;128;81m██[38;2;91;101;83m██[38;2;78;83;75m██[38;2;179;172;171m██[38;2;143;137;136m██[38;2;136;130;129m██[38;2;0;0;0m      
[38;2;0;0;0m  [38;2;103;85;161m██[38;2;126;105;197m████[38;2;23;25;33m██[38;2;126;105;197m██[38;2;112;94;173m██[38;2;110;92;171m██[38;2;126;105;197m██[38;2;114;95;173m██[38;2;85;83;84m██[38;2;94;100;83m██[38;2;96;126;60m██[38;2;93;91;91m██[38;2;67;66;67m██[38;2;179;172;175m██[38;2;107;103;101m██[38;2;177;175;184m██[38;2;192;185;188m██[38;2;94;89;89m██[38;2;61;58;58m██[38;2;36;35;34m  
[38;2;0;0;0m  [38;2;25;21;40m  [38;2;126;104;196m██[38;2;126;105;197m██[38;2;117;98;181m██[38;2;80;74;97m██[38;2;125;103;197m██[38;2;69;66;79m██[38;2;126;105;197m██[38;2;130;117;164m██[38;2;148;141;143m██[38;2;172;164;165m██[38;2;151;145;144m██[38;2;179;172;171m██[38;2;190;189;198m██[38;2;220;218;229m██[38;2;193;186;187m██[38;2;235;233;247m██[38;2;230;227;240m██[38;2;125;120;120m██[38;2;36;35;34m  [38;2;0;0;0m  
[38;2;0;0;0m    [38;2;34;28;53m  [38;2;123;102;192m██[38;2;126;104;196m██[38;2;126;103;197m██[38;2;80;74;97m██[38;2;126;103;197m██[38;2;126;104;197m██[38;2;82;78;85m██[38;2;174;164;175m██[38;2;194;188;193m██[38;2;234;233;246m██[38;2;234;233;247m██[38;2;233;233;246m██[38;2;233;233;247m██[38;2;235;233;247m██[38;2;202;196;202m██[38;2;175;168;167m██[38;2;49;46;46m  [38;2;0;0;0m    
[38;2;0;0;0m      [38;2;28;23;44m  [38;2;74;60;115m██[38;2;126;105;197m████[38;2;126;104;197m██[38;2;96;84;133m██[38;2;156;149;149m██[38;2;179;172;171m██[38;2;224;222;233m██[38;2;233;234;246m██████[38;2;233;233;246m██[38;2;193;187;190m██[38;2;179;171;174m██[38;2;40;39;38m  [38;2;0;0;0m      
[38;2;0;0;0m            [38;2;94;79;142m██[38;2;48;43;68m  [38;2;105;99;100m  [38;2;143;136;136m██[38;2;179;171;173m██[38;2;163;157;161m██[38;2;171;170;179m██[38;2;193;193;199m██[38;2;183;175;178m██[38;2;179;171;172m██[38;2;134;129;128m██[38;2;0;0;0m          
[38;2;0;0;0m                  [38;2;8;7;7m  [38;2;44;42;43m██[38;2;32;31;31m  [38;2;0;0;0m  [38;2;15;14;14m  [38;2;44;42;43m████[38;2;0;0;0m            [0m
