
[38;2;0;0;0m        [38;2;33;28;8m  [38;2;0;0;0m                      
[38;2;0;0;0m        [38;2;135;113;35m██[38;2;0;0;0m                      
[38;2;0;0;0m        [38;2;135;113;35m██[38;2;233;195;60m██[38;2;10;6;6m  [38;2;0;0;0m    [38;2;21;18;5m  [38;2;5;5;1m  [38;2;0;0;0m          
[38;2;0;0;0m        [38;2;135;113;35m██[38;2;238;222;164m██[38;2;153;127;58m██[38;2;0;0;0m    [38;2;213;178;55m██[38;2;23;20;6m██[38;2;0;0;0m          
[38;2;0;0;0m        [38;2;255;214;65m██[38;2;255;243;200m██[38;2;255;235;163m██[38;2;213;189;96m██[38;2;213;186;86m██[38;2;255;235;163m██[38;2;23;20;6m██[38;2;0;0;0m  [38;2;1;1;0m  [38;2;25;21;6m██[38;2;0;0;0m    
[38;2;0;0;0m  [38;2;161;135;41m██[38;2;0;0;0m  [38;2;10;0;10m  [38;2;255;214;68m██[38;2;255;246;210m██[38;2;255;244;201m██[38;2;255;242;189m██[38;2;255;245;208m██[38;2;255;239;175m██[38;2;68;64;53m██[38;2;89;75;23m  [38;2;193;162;50m██[38;2;103;86;26m██[38;2;0;0;0m    
[38;2;0;0;0m  [38;2;161;135;41m  [38;2;177;148;45m██[38;2;125;105;41m██[38;2;255;218;88m██[38;2;255;247;214m████[38;2;185;173;159m██[38;2;77;66;75m██[38;2;255;241;188m██[38;2;255;224;106m██[38;2;255;218;85m██[38;2;185;155;47m  [38;2;0;0;0m      
[38;2;0;0;0m    [38;2;255;224;111m██[38;2;255;214;69m██[38;2;255;231;144m██[38;2;255;247;214m██[38;2;161;156;140m██[38;2;193;90;172m██[38;2;112;72;105m██[38;2;169;157;147m██[38;2;255;239;180m██[38;2;255;231;144m██[38;2;0;0;0m        
[38;2;0;0;0m    [38;2;103;86;26m██[38;2;255;245;209m██[38;2;255;235;161m██[38;2;250;241;212m██[38;2;148;103;140m██[38;2;212;90;177m██[38;2;148;66;127m██[38;2;165;63;139m██[38;2;196;177;183m██[38;2;125;101;50m██[38;2;15;16;15m  [38;2;0;0;0m      
[38;2;53;45;13m██[38;2;29;25;7m  [38;2;132;115;55m██[38;2;255;245;209m██[38;2;255;246;214m██[38;2;205;107;171m██[38;2;189;71;159m██[38;2;174;73;144m██[38;2;139;61;120m██[38;2;173;69;143m██[38;2;154;70;128m██[38;2;190;94;156m██[38;2;186;97;159m██[38;2;155;63;130m██[38;2;0;0;0m    
[38;2;0;0;0m  [38;2;161;135;41m  [38;2;255;217;78m██[38;2;255;214;66m██[38;2;255;247;214m██[38;2;192;66;160m██[38;2;195;90;165m██[38;2;181;80;157m██[38;2;204;117;176m██[38;2;125;57;110m██[38;2;220;84;189m██[38;2;205;91;175m██[38;2;112;53;93m  [38;2;2;0;2m  [38;2;0;0;0m    
[38;2;0;0;0m    [38;2;141;125;63m██[38;2;255;238;175m██[38;2;230;175;193m██[38;2;186;64;155m██[38;2;188;152;178m██[38;2;205;205;205m██[38;2;178;135;168m██[38;2;137;88;124m██[38;2;185;66;155m██[38;2;155;118;141m██[38;2;185;155;47m  [38;2;0;0;0m      
[38;2;0;0;0m      [38;2;193;162;121m  [38;2;207;128;151m██[38;2;191;68;158m██[38;2;119;64;106m██[38;2;125;66;108m██[38;2;110;93;70m██[38;2;141;89;98m██[38;2;77;64;74m██[38;2;225;200;101m██[38;2;61;61;61m  [38;2;0;0;0m      
[38;2;0;0;0m      [38;2;8;0;8m  [38;2;40;22;32m██[38;2;57;27;40m██[38;2;146;122;46m██[38;2;108;77;80m██[38;2;197;162;74m██[38;2;230;160;90m██[38;2;164;67;139m██[38;2;60;53;48m██[38;2;247;247;247m  [38;2;0;0;0m      
[38;2;0;0;0m            [38;2;120;98;43m██[38;2;193;160;47m██[38;2;235;194;65m██[38;2;187;114;107m██[38;2;213;115;130m██[38;2;96;54;117m██[38;2;0;0;0m        
[38;2;0;0;0m          [38;2;15;12;10m  [38;2;125;102;85m██[38;2;255;214;65m██[38;2;152;120;84m██[38;2;144;119;91m██[38;2;241;203;65m██[38;2;171;59;143m██[38;2;140;48;117m  [38;2;0;0;0m      
[38;2;0;0;0m        [38;2;21;9;17m  [38;2;104;84;67m██[38;2;100;68;123m██[38;2;184;146;110m██[38;2;130;69;160m██[38;2;112;62;146m██[38;2;62;62;62m  [38;2;176;134;138m██[38;2;169;80;140m██[38;2;25;11;21m  [38;2;0;0;0m    
[38;2;0;0;0m      [38;2;89;37;142m  [38;2;80;57;71m██[38;2;124;81;94m██[38;2;120;87;110m██[38;2;100;73;84m██[38;2;132;81;121m██[38;2;153;127;64m██[38;2;62;69;63m  [38;2;97;57;122m██[38;2;227;103;193m██[38;2;92;42;78m██[38;2;0;0;0m    
[38;2;0;0;0m    [38;2;11;6;10m  [38;2;67;59;65m██[38;2;86;58;111m██[38;2;101;82;106m██[38;2;161;124;83m██[38;2;228;184;82m██[38;2;228;188;68m██[38;2;110;63;103m██[38;2;122;69;170m██[38;2;75;64;79m██[38;2;222;100;198m██[38;2;115;74;105m██[38;2;34;20;49m  [38;2;0;0;0m  
[38;2;0;0;0m    [38;2;46;27;43m██[38;2;22;17;20m██[38;2;84;65;79m██[38;2;158;94;222m██[38;2;133;88;96m██[38;2;255;214;65m██[38;2;192;125;105m██[38;2;146;64;155m██[38;2;136;66;183m██[38;2;111;70;141m██[38;2;104;73;105m██[38;2;153;86;187m██[38;2;34;25;49m  [38;2;0;0;0m  
[38;2;0;0;0m        [38;2;70;38;98m  [38;2;112;62;149m██[38;2;99;75;123m██[38;2;210;151;94m██[38;2;104;63;114m██[38;2;154;76;214m██[38;2;121;64;157m██[38;2;118;67;127m██[38;2;150;96;201m██[38;2;113;64;102m██[38;2;165;75;146m██[38;2;13;4;11m  
[38;2;0;0;0m        [38;2;7;1;5m  [38;2;142;109;82m██[38;2;111;68;108m██[38;2;123;49;102m██[38;2;122;63;122m██[38;2;110;68;112m██[38;2;128;106;43m██[38;2;127;66;118m██[38;2;86;43;76m██[38;2;142;54;121m██[38;2;157;61;133m██[38;2;32;13;28m██
[38;2;0;0;0m        [38;2;21;8;19m  [38;2;94;68;64m██[38;2;124;92;56m██[38;2;0;0;0m  [38;2;4;9;0m  [38;2;147;71;116m██[38;2;161;73;123m██[38;2;128;65;111m██[38;2;34;26;26m  [38;2;0;0;0m  [38;2;122;42;102m  [38;2;0;0;0m  
[38;2;0;0;0m        [38;2;91;49;82m██[38;2;114;66;105m██[38;2;39;23;36m██[38;2;0;0;0m    [38;2;23;11;15m  [38;2;150;114;75m██[38;2;179;66;150m██[38;2;137;104;106m██[38;2;0;0;0m      
[38;2;0;0;0m                  [38;2;2;0;2m  [38;2;168;68;143m██[38;2;207;89;182m██[38;2;191;82;167m██[38;2;78;33;66m██[38;2;0;0;0m    
[38;2;0;0;0m                    [38;2;55;22;48m  [38;2;38;16;33m██[38;2;24;9;19m██[38;2;22;9;20m  [38;2;0;0;0m    [0m
