
[38;2;0;0;0m                                    [38;2;17;11;16m    [38;2;0;0;0m                
[38;2;0;0;0m                                    [38;2;63;44;60m████[38;2;0;0;0m                
[38;2;0;0;0m                                    [38;2;63;44;60m████[38;2;0;0;0m                
[38;2;0;0;0m                                [38;2;52;20;36m  [38;2;208;100;168m██[38;2;229;124;191m████[38;2;0;0;0m                
[38;2;0;0;0m                            [38;2;152;106;143m████[38;2;255;175;240m██[38;2;255;166;233m██[38;2;255;167;233m██[38;2;255;178;240m████[38;2;140;97;132m██[38;2;76;53;72m  [38;2;0;0;0m          
[38;2;0;0;0m                                [38;2;16;11;15m██[38;2;63;54;61m██[38;2;255;151;222m██[38;2;255;139;213m██[38;2;248;103;192m██[38;2;255;177;240m██[38;2;250;174;236m██[38;2;238;166;224m██[38;2;0;0;0m        
[38;2;0;0;0m                                  [38;2;30;19;22m  [38;2;255;142;207m██[38;2;255;156;224m██[38;2;26;25;26m██[38;2;0;0;0m  [38;2;33;23;31m  [38;2;135;94;127m████[38;2;33;23;31m  [38;2;0;0;0m    
[38;2;0;0;0m                            [38;2;63;44;60m██[38;2;255;178;240m████[38;2;251;97;187m██[38;2;255;133;217m██[38;2;255;177;240m████[38;2;63;44;60m██[38;2;0;0;0m            
[38;2;0;0;0m                              [38;2;134;104;52m██[38;2;142;71;114m██[38;2;195;82;155m██[38;2;255;174;240m██[38;2;255;177;240m██[38;2;145;108;138m██[38;2;220;120;185m██[38;2;225;123;189m██[38;2;136;94;128m██[38;2;0;0;0m        
[38;2;0;0;0m                        [38;2;4;1;3m██  [38;2;4;3;1m  [38;2;195;165;57m██[38;2;4;3;2m  [38;2;24;6;10m  [38;2;255;172;239m██[38;2;255;177;240m██[38;2;0;0;0m                
[38;2;0;0;0m                        [38;2;25;6;18m  [38;2;137;46;96m██[38;2;100;72;37m██[38;2;255;241;165m██[38;2;150;126;58m██[38;2;205;102;168m██[38;2;166;136;231m██[38;2;255;177;240m██[38;2;114;31;81m  [38;2;0;0;0m              
[38;2;0;0;0m                        [38;2;63;17;45m██[38;2;236;136;209m██[38;2;133;103;83m██[38;2;255;242;169m██[38;2;207;176;65m██[38;2;188;110;168m██[38;2;107;136;240m██[38;2;255;177;240m██[38;2;191;109;170m██[38;2;0;0;0m  [38;2;63;43;60m██[38;2;93;52;77m██[38;2;199;126;181m██[38;2;174;121;163m██[38;2;0;0;0m    
[38;2;0;0;0m                        [38;2;159;123;58m██[38;2;82;59;78m██[38;2;255;216;109m██[38;2;255;251;198m██[38;2;239;218;125m██[38;2;91;137;211m██[38;2;205;121;211m██[38;2;255;177;240m██[38;2;229;102;183m██[38;2;50;29;40m  [38;2;161;91;145m██[38;2;240;156;222m██[38;2;250;119;203m██[38;2;191;132;179m██[38;2;0;0;0m    
[38;2;0;0;0m                  [38;2;8;18;36m  [38;2;0;0;0m    [38;2;255;214;65m██[38;2;113;101;65m██[38;2;255;225;105m██[38;2;255;251;198m██[38;2;204;212;186m██[38;2;57;123;239m██[38;2;253;105;191m██[38;2;253;122;206m██[38;2;252;151;223m██[38;2;252;140;217m██[38;2;253;145;221m██[38;2;248;144;220m██[38;2;253;156;226m██[38;2;61;23;46m██[38;2;0;0;0m    
[38;2;0;0;0m                  [38;2;43;92;179m██[38;2;0;0;0m    [38;2;255;220;90m██[38;2;217;197;112m██[38;2;218;209;137m██[38;2;218;227;205m██[38;2;112;171;233m██[38;2;79;142;237m██[38;2;255;177;240m████[38;2;252;151;223m██[38;2;252;140;215m██[38;2;255;133;211m██[38;2;151;89;139m██[38;2;67;47;63m██[38;2;16;11;15m  [38;2;0;0;0m    
[38;2;0;0;0m                  [38;2;41;94;177m██[38;2;49;99;181m██[38;2;199;165;60m██[38;2;255;252;198m██[38;2;255;242;166m██[38;2;173;197;193m██[38;2;64;145;234m██[38;2;123;182;245m██[38;2;178;125;226m██[38;2;114;51;115m██[38;2;151;65;147m██[38;2;253;156;226m██[38;2;250;119;202m██[38;2;207;87;161m██[38;2;60;37;48m██[38;2;0;0;0m        
[38;2;0;0;0m                [38;2;51;42;13m  [38;2;98;100;87m██[38;2;129;176;203m██[38;2;208;199;144m██[38;2;255;251;198m██[38;2;250;251;206m██[38;2;92;157;243m██[38;2;97;166;242m██[38;2;199;206;230m██[38;2;105;86;103m██[38;2;178;92;180m██[38;2;193;96;170m██[38;2;140;93;124m██[38;2;255;178;240m██[38;2;238;104;193m██[38;2;124;82;124m██[38;2;93;21;99m  [38;2;3;0;3m  [38;2;0;0;0m    
[38;2;0;0;0m          [38;2;191;160;49m██[38;2;63;53;16m  [38;2;0;0;0m  [38;2;63;53;16m██[38;2;145;133;79m██[38;2;137;165;165m██[38;2;223;215;161m██[38;2;90;146;230m██[38;2;101;157;214m██[38;2;196;238;241m██[38;2;188;230;252m██[38;2;187;143;212m██[38;2;216;140;203m██[38;2;150;79;133m██[38;2;165;76;138m██[38;2;144;89;126m██[38;2;249;146;217m██[38;2;171;61;123m██[38;2;136;71;137m██[38;2;197;54;164m██[38;2;59;16;48m██[38;2;0;0;0m    
[38;2;0;0;0m          [38;2;25;21;6m  [38;2;205;174;63m██[38;2;14;13;14m  [38;2;229;192;59m██[38;2;248;238;130m██[38;2;119;111;81m██[38;2;126;163;210m██[38;2;132;198;247m██[38;2;47;92;133m██[38;2;201;248;255m██[38;2;207;155;208m██[38;2;106;62;118m██[38;2;222;84;203m██[38;2;186;59;175m██[38;2;53;33;40m██[38;2;93;48;71m██[38;2;86;53;72m██[38;2;53;28;41m██[38;2;182;79;147m██[38;2;238;77;143m██[38;2;164;71;132m██[38;2;0;0;0m    
[38;2;0;0;0m            [38;2;255;217;76m██[38;2;169;153;88m██[38;2;255;214;65m██[38;2;255;241;164m██[38;2;233;222;146m██[38;2;118;177;232m██[38;2;126;141;163m██[38;2;175;97;154m██[38;2;90;75;91m██[38;2;136;118;160m██[38;2;207;152;184m██[38;2;168;85;145m██[38;2;136;57;111m██[38;2;0;0;0m        [38;2;162;77;143m██[38;2;216;110;182m██[38;2;207;79;187m██[38;2;0;0;0m    
[38;2;0;0;0m            [38;2;76;64;20m██[38;2;255;240;161m██[38;2;255;222;96m██[38;2;255;251;195m██[38;2;214;231;198m██[38;2;118;216;239m██[38;2;105;67;98m██[38;2;189;85;160m██[38;2;107;68;98m██[38;2;248;148;203m██[38;2;251;99;153m██[38;2;131;57;96m██[38;2;14;9;7m  [38;2;0;0;0m        [38;2;120;54;104m██[38;2;216;104;188m██[38;2;126;59;109m██[38;2;5;5;0m  [38;2;0;0;0m  
[38;2;0;0;0m          [38;2;2;0;2m  [38;2;70;60;26m██[38;2;232;211;118m██[38;2;255;251;198m████[38;2;190;159;191m██[38;2;74;71;102m██[38;2;209;95;183m██[38;2;179;78;149m██[38;2;152;81;138m██[38;2;219;90;189m██[38;2;232;100;173m██[38;2;199;96;170m██[38;2;170;82;146m██[38;2;25;12;22m  [38;2;0;0;0m      [38;2;93;41;82m  [38;2;193;90;161m██[38;2;172;83;144m██[38;2;150;74;126m██[38;2;20;11;17m  
[38;2;0;0;0m          [38;2;5;0;5m  [38;2;201;174;71m██[38;2;207;176;65m██[38;2;255;252;198m██[38;2;255;251;198m██[38;2;175;81;195m██[38;2;187;91;158m██[38;2;208;97;179m████[38;2;216;105;187m██[38;2;216;110;182m██[38;2;162;77;143m██[38;2;136;56;111m██[38;2;217;103;189m██[38;2;217;103;191m██[38;2;162;77;143m██[38;2;0;0;0m      [38;2;61;29;53m██[38;2;110;69;105m██[38;2;191;90;160m██[38;2;21;14;18m██
[38;2;0;0;0m            [38;2;38;35;21m██[38;2;229;205;101m██[38;2;244;228;191m██[38;2;204;108;170m██[38;2;197;95;172m██[38;2;170;125;103m██[38;2;156;87;140m████[38;2;146;83;130m██[38;2;114;63;94m██[38;2;0;0;0m    [38;2;25;14;20m  [38;2;128;70;109m██[38;2;216;110;182m██[38;2;140;68;121m██[38;2;0;0;0m            
[38;2;0;0;0m        [38;2;12;3;7m  [38;2;14;12;7m  [38;2;101;59;85m██[38;2;143;77;120m██[38;2;236;176;93m██[38;2;144;80;169m██[38;2;77;67;74m██[38;2;192;204;179m██[38;2;125;73;108m██[38;2;206;94;178m██[38;2;211;100;184m██[38;2;202;96;178m██[38;2;0;0;0m      [38;2;120;54;104m██[38;2;216;110;182m██[38;2;179;83;148m██[38;2;0;0;0m            
[38;2;0;0;0m    [38;2;27;11;22m  [38;2;109;47;88m██[38;2;116;61;81m██[38;2;96;56;79m██[38;2;114;70;89m██[38;2;158;87;150m██[38;2;207;97;177m██[38;2;100;84;129m██[38;2;203;203;141m██[38;2;245;234;149m██[38;2;151;102;94m██[38;2;89;41;75m██[38;2;54;22;44m  [38;2;0;0;0m      [38;2;18;10;22m  [38;2;123;67;119m██[38;2;214;110;180m██[38;2;53;27;45m██[38;2;0;0;0m            
[38;2;47;22;41m  [38;2;170;80;143m██[38;2;185;82;153m██[38;2;182;80;149m██[38;2;153;75;129m██[38;2;180;72;112m██[38;2;5;13;6m  [38;2;94;43;104m  [38;2;183;93;163m██[38;2;191;161;68m██[38;2;104;119;130m██[38;2;104;93;70m██[38;2;113;56;94m  [38;2;1;1;0m  [38;2;0;0;0m      [38;2;6;5;6m  [38;2;206;142;184m██[38;2;191;126;184m██[38;2;64;41;58m██[38;2;9;8;8m  [38;2;0;0;0m            
[38;2;11;10;10m  [38;2;140;73;126m██[38;2;171;82;155m██[38;2;162;82;139m██[38;2;177;77;149m██[38;2;15;5;12m  [38;2;0;0;0m    [38;2;71;32;62m██[38;2;29;21;27m██[38;2;31;22;28m██[38;2;14;6;12m  [38;2;0;0;0m        [38;2;36;17;31m  [38;2;165;79;147m██[38;2;209;94;185m██[38;2;179;93;159m██[38;2;127;68;134m██[38;2;19;14;20m  [38;2;0;0;0m            
[38;2;43;20;38m  [38;2;173;82;152m██[38;2;0;0;0m  [38;2;130;61;114m    [38;2;0;0;0m                    [38;2;130;61;114m  [38;2;156;87;140m██[38;2;90;64;85m██[38;2;207;94;183m██[38;2;209;101;184m██[38;2;163;73;143m██[38;2;0;0;0m              
[38;2;0;0;0m                                [38;2;57;35;52m██[38;2;208;99;184m██[38;2;38;20;35m██[38;2;167;81;147m██[38;2;150;70;132m██[38;2;0;0;0m              [0m
