
[38;2;0;0;0m      [38;2;40;38;24m  [38;2;54;51;32m                  [38;2;13;12;8m  [38;2;10;9;4m  [38;2;43;36;17m██[38;2;13;12;8m  [38;2;54;51;32m      [38;2;40;38;24m  [38;2;0;0;0m  
[38;2;0;0;0m      [38;2;156;147;93m  [38;2;208;195;124m  [38;2;208;195;123m  [38;2;208;195;124m  [38;2;208;195;123m  [38;2;208;195;124m  [38;2;208;195;123m  [38;2;208;195;124m  [38;2;85;80;51m  [38;2;45;42;26m  [38;2;110;90;46m  [38;2;138;115;56m██[38;2;166;138;68m██[38;2;52;48;30m  [38;2;208;195;123m  [38;2;208;195;124m  [38;2;208;195;123m  [38;2;156;147;93m  [38;2;0;0;0m  
[38;2;0;0;0m      [38;2;156;147;93m  [38;2;208;195;124m    [38;2;144;136;86m    [38;2;118;109;71m  [38;2;40;30;28m██[38;2;50;36;27m██[38;2;62;57;56m██[38;2;143;121;67m██[38;2;166;138;68m████[38;2;114;104;71m██[38;2;74;65;37m  [38;2;192;181;114m  [38;2;208;195;124m    [38;2;156;147;93m  [38;2;0;0;0m  
[38;2;0;0;0m      [38;2;156;147;93m  [38;2;36;34;21m    [38;2;137;114;56m████[38;2;124;104;60m██[38;2;88;75;74m██[38;2;144;109;85m██[38;2;152;113;86m██[38;2;90;83;66m██[38;2;166;138;68m██████[38;2;124;103;50m██[38;2;156;147;93m  [38;2;208;195;124m  [38;2;208;195;123m  [38;2;156;147;93m  [38;2;0;0;0m  
[38;2;0;0;0m      [38;2;48;41;12m  [38;2;187;160;48m██[38;2;115;100;43m██[38;2;166;138;68m████[38;2;166;137;67m██[38;2;167;136;67m██[38;2;90;78;72m██[38;2;165;121;90m██[38;2;82;76;66m██[38;2;131;112;67m██[38;2;166;138;68m██[38;2;140;121;69m██[38;2;52;48;31m  [38;2;208;195;124m      [38;2;156;147;93m  [38;2;0;0;0m  
[38;2;0;0;0m      [38;2;140;119;36m██[38;2;167;144;48m██[38;2;146;123;59m██[38;2;166;138;68m██████[38;2;100;90;66m██[38;2;83;74;71m██[38;2;157;116;89m██[38;2;130;101;81m██[38;2;131;112;67m██[38;2;166;138;68m██[38;2;156;131;68m██[38;2;115;96;48m  [38;2;162;153;97m  [38;2;208;195;124m    [38;2;156;147;93m  [38;2;0;0;0m  
[38;2;0;0;0m      [38;2;85;73;22m  [38;2;47;46;46m██[38;2;121;102;70m██[38;2;158;129;70m██[38;2;112;89;80m██[38;2;140;111;70m██[38;2;158;129;70m██[38;2;141;119;67m██[38;2;141;106;83m██[38;2;141;107;84m██[38;2;141;119;67m██[38;2;166;138;68m██[38;2;166;137;68m██[38;2;95;82;50m██[38;2;156;147;93m  [38;2;208;195;124m  [38;2;208;195;123m  [38;2;156;147;93m  [38;2;0;0;0m  
[38;2;0;0;0m      [38;2;142;134;84m  [38;2;30;25;24m██[38;2;91;75;74m██[38;2;147;119;68m██[38;2;73;68;74m██[38;2;137;104;88m██[38;2;116;89;76m██[38;2;128;111;57m██[38;2;128;97;88m██[38;2;113;83;75m██[38;2;12;10;5m██[38;2;53;43;21m██[38;2;166;137;67m██[38;2;117;98;50m██[38;2;156;147;93m  [38;2;208;195;124m    [38;2;156;147;93m  [38;2;0;0;0m  
[38;2;0;0;0m      [38;2;156;147;93m  [38;2;106;96;62m  [38;2;124;95;81m██[38;2;86;73;71m██[38;2;139;105;87m██[38;2;165;121;93m██[38;2;166;121;89m██[38;2;112;93;82m██[38;2;109;89;73m██[38;2;52;48;31m  [38;2;208;195;124m  [38;2;178;168;106m  [38;2;90;85;53m  [38;2;119;112;71m  [38;2;208;195;124m      [38;2;156;147;93m  [38;2;0;0;0m  
[38;2;0;0;0m      [38;2;156;147;93m  [38;2;24;19;18m██[38;2;149;110;85m██[38;2;138;105;83m██[38;2;164;121;89m██[38;2;70;67;67m██[38;2;141;107;84m██[38;2;114;87;77m██[38;2;151;127;89m██[38;2;108;95;65m  [38;2;158;149;94m    [38;2;9;8;5m  [38;2;208;195;124m        [38;2;156;147;93m  [38;2;0;0;0m  
[38;2;0;0;0m      [38;2;81;76;48m  [38;2;75;59;48m██[38;2;115;90;87m██[38;2;77;73;66m██[38;2;54;50;42m██[38;2;100;81;53m██[38;2;109;93;84m██[38;2;103;80;75m██[38;2;141;118;85m██[38;2;110;98;77m██[38;2;66;60;61m██[38;2;61;64;50m██[38;2;71;61;58m██[38;2;126;119;75m  [38;2;208;195;123m  [38;2;108;102;64m  [38;2;90;82;51m  [38;2;36;41;73m██[38;2;9;11;19m  
[38;2;0;0;0m      [38;2;123;90;67m██[38;2;165;121;89m██[38;2;90;79;72m██[38;2;65;65;65m████[38;2;90;79;72m██[38;2;139;104;94m██[38;2;149;110;85m██[38;2;89;76;73m██[38;2;84;77;78m██[38;2;35;28;28m██[38;2;52;48;31m  [38;2;208;195;124m  [38;2;255;255;255m  [38;2;63;63;63m  [38;2;146;132;86m██[38;2;78;87;144m██[38;2;133;121;56m██[38;2;0;0;0m  
[38;2;0;0;0m    [38;2;31;25;24m██[38;2;126;100;97m██[38;2;131;102;96m██[38;2;147;110;92m████[38;2;147;109;92m██[38;2;135;99;84m██[38;2;161;118;90m██[38;2;153;114;90m██[38;2;78;71;68m██[38;2;116;88;81m██[38;2;91;83;56m  [38;2;208;195;123m    [38;2;101;102;110m  [38;2;63;68;99m██[38;2;92;96;131m██[38;2;170;153;69m██[38;2;0;0;5m  [38;2;0;0;0m  
[38;2;0;0;0m    [38;2;25;21;19m██[38;2;79;65;64m██[38;2;38;30;26m  [38;2;129;98;93m██[38;2;131;100;94m██[38;2;127;96;91m██[38;2;120;91;87m██[38;2;145;108;84m██[38;2;82;74;71m██[38;2;84;75;72m██[38;2;81;73;72m██[38;2;37;29;25m██[38;2;198;187;118m  [38;2;51;48;31m  [38;2;142;130;85m██[38;2;80;89;141m██[38;2;187;161;48m████[38;2;140;121;36m██[38;2;0;0;0m  
[38;2;23;17;12m  [38;2;93;68;50m██[38;2;62;57;37m██[38;2;103;97;61m  [38;2;185;174;110m  [38;2;70;59;48m  [38;2;113;85;79m██[38;2;102;93;62m  [38;2;38;37;38m██[38;2;93;79;77m██[38;2;99;105;78m██[38;2;143;121;87m██[38;2;107;88;76m██[38;2;111;94;56m██[38;2;79;67;40m██[38;2;70;72;71m██[38;2;79;80;80m██[38;2;158;140;63m██[38;2;187;160;48m████[38;2;140;120;36m██[38;2;0;0;0m  
[38;2;0;0;0m      [38;2;155;147;93m  [38;2;208;196;124m    [38;2;18;17;10m  [38;2;146;138;87m  [38;2;30;26;13m██[38;2;75;70;58m██[38;2;90;78;72m████[38;2;82;74;59m██[38;2;149;119;58m██[38;2;120;96;45m██[38;2;90;81;65m██[38;2;91;91;97m██[38;2;68;74;89m██[38;2;140;126;64m██[38;2;163;156;90m██[38;2;5;5;15m  [38;2;0;0;0m  
[38;2;0;0;0m      [38;2;156;147;93m  [38;2;208;195;124m      [38;2;52;48;31m  [38;2;93;78;49m██[38;2;89;79;47m██[38;2;88;77;57m██[38;2;122;102;68m██[38;2;136;111;53m██[38;2;119;94;48m██[38;2;145;120;66m██[38;2;82;81;77m██[38;2;90;92;99m██[38;2;93;81;133m██[38;2;55;55;65m██[38;2;35;35;26m██[38;2;26;26;19m  [38;2;0;0;0m  
[38;2;0;0;0m      [38;2;155;147;93m  [38;2;208;195;124m    [38;2;155;147;93m  [38;2;79;61;33m██[38;2;74;68;59m██[38;2;104;89;43m██[38;2;91;82;66m██[38;2;168;136;67m██[38;2;116;94;45m██[38;2;148;122;62m██[38;2;27;25;16m  [38;2;68;69;65m  [38;2;90;93;99m██[38;2;112;81;158m██[38;2;63;63;63m  [38;2;219;210;156m  [38;2;155;147;93m  [38;2;0;0;0m  
[38;2;0;0;0m      [38;2;156;147;93m  [38;2;208;195;124m    [38;2;189;178;113m  [38;2;61;53;31m  [38;2;85;77;64m██[38;2;159;131;66m██[38;2;90;83;66m██[38;2;117;101;66m██[38;2;71;64;49m██[38;2;116;107;66m  [38;2;208;195;124m  [38;2;153;144;91m  [38;2;45;45;43m██[38;2;80;82;84m██[38;2;62;60;56m  [38;2;178;169;115m  [38;2;156;147;93m  [38;2;0;0;0m  
[38;2;0;0;0m              [38;2;10;13;9m  [38;2;74;100;70m██[38;2;16;21;15m  [38;2;56;66;49m██[38;2;85;96;80m██[38;2;75;88;69m██[38;2;5;6;3m  [38;2;0;0;0m    [38;2;4;6;3m  [38;2;101;77;120m██[38;2;61;59;51m██[38;2;0;0;0m      
[38;2;0;0;0m          [38;2;40;54;38m  [38;2;42;52;42m██[38;2;72;96;69m██[38;2;17;23;16m  [38;2;0;0;0m  [38;2;10;11;9m  [38;2;89;112;74m██[38;2;94;123;74m██[38;2;8;11;6m  [38;2;0;0;0m    [38;2;66;66;66m██[38;2;85;80;89m██[38;2;53;51;49m██[38;2;0;0;0m      
[38;2;0;0;0m                    [38;2;35;43;32m██[38;2;81;104;74m██[38;2;68;90;60m██[38;2;22;29;17m  [38;2;0;0;0m                
[38;2;0;0;0m                    [38;2;27;36;23m██[38;2;27;35;21m██[38;2;0;0;0m                    [0m
