
[38;2;0;0;0m                [38;2;172;88;128m  [38;2;53;27;39m  [38;2;0;0;0m      [38;2;148;74;101m  [38;2;73;37;54m  [38;2;0;0;0m          
[38;2;0;0;0m          [38;2;5;2;3m  [38;2;88;45;65m  [38;2;0;0;0m  [38;2;172;88;128m  [38;2;244;117;132m  [38;2;46;23;34m  [38;2;0;0;0m  [38;2;181;93;135m  [38;2;255;124;147m██[38;2;52;27;39m  [38;2;0;0;0m          
[38;2;0;0;0m          [38;2;255;130;188m██[38;2;255;125;156m██[38;2;0;0;0m    [38;2;255;128;172m████[38;2;0;0;0m  [38;2;144;74;107m  [38;2;255;121;127m██[38;2;255;130;188m██[38;2;0;0;0m          
[38;2;0;0;0m          [38;2;32;16;23m  [38;2;255;124;146m██[38;2;199;102;148m  [38;2;0;0;0m  [38;2;255;134;217m██[38;2;255;128;172m██[38;2;0;0;0m  [38;2;199;102;148m  [38;2;255;119;116m██[38;2;255;130;188m██[38;2;0;0;0m  [38;2;17;8;12m  [38;2;85;44;63m  [38;2;0;0;0m    
[38;2;0;0;0m    [38;2;3;3;3m    [38;2;20;30;39m  [38;2;40;61;81m██[38;2;72;93;113m██[38;2;172;97;101m██[38;2;172;107;172m██[38;2;255;118;112m██[38;2;255;131;194m██[38;2;255;129;180m██[38;2;255;119;117m██[38;2;207;102;129m  [38;2;3;1;2m  [38;2;0;0;0m  [38;2;122;62;88m  [38;2;165;82;110m  [38;2;0;0;0m    
[38;2;1;1;1m  [38;2;6;6;6m  [38;2;64;92;118m██[38;2;63;105;144m██[38;2;80;127;173m██[38;2;81;129;175m████[38;2;80;127;172m████[38;2;69;67;66m██[38;2;213;107;104m██[38;2;255;119;112m██[38;2;255;136;234m██[38;2;3;1;2m  [38;2;243;125;181m  [38;2;249;128;186m  [38;2;255;119;113m██[38;2;255;126;160m██[38;2;0;0;0m    
[38;2;12;19;25m  [38;2;60;82;103m██[38;2;76;110;142m██[38;2;81;129;175m██████████[38;2;75;106;136m██[38;2;74;121;166m██[38;2;75;105;134m██[38;2;188;100;95m██[38;2;255;127;171m██[38;2;184;96;153m  [38;2;255;119;113m██[38;2;255;125;152m██[38;2;245;120;148m  [38;2;45;23;34m  [38;2;0;0;0m    
[38;2;21;33;44m  [38;2;65;75;85m██[38;2;81;129;175m██████[38;2;94;137;172m██[38;2;231;222;151m██[38;2;221;215;151m██[38;2;86;129;167m██[38;2;66;69;71m██[38;2;77;112;146m██[38;2;75;105;134m██[38;2;231;112;106m██[38;2;255;119;115m██[38;2;239;130;236m  [38;2;8;4;6m  [38;2;14;7;10m  [38;2;0;0;0m      
[38;2;1;1;1m  [38;2;68;107;145m██[38;2;81;129;175m████[38;2;127;157;168m██[38;2;99;95;66m██[38;2;77;124;170m██[38;2;192;164;106m██[38;2;242;229;151m██[38;2;149;167;154m██[38;2;155;112;176m██[38;2;180;102;125m██[38;2;245;116;109m██[38;2;189;99;156m  [38;2;152;83;152m  [38;2;207;105;148m  [38;2;247;120;140m  [38;2;57;29;43m  [38;2;0;0;0m    
[38;2;30;40;47m██[38;2;82;128;171m██[38;2;89;134;173m██[38;2;231;222;152m██[38;2;170;162;116m██[38;2;235;49;60m██[38;2;226;215;155m██[38;2;242;229;150m██[38;2;242;229;151m██[38;2;104;143;171m██[38;2;84;130;171m██[38;2;237;135;226m██[38;2;255;120;121m██[38;2;255;126;163m██[38;2;255;119;115m██[38;2;235;116;143m  [38;2;201;103;150m  [38;2;136;69;101m  [38;2;0;0;0m    
[38;2;71;68;46m██[38;2;200;203;157m██[38;2;186;178;133m██[38;2;237;222;146m██[38;2;211;189;123m██[38;2;178;146;93m██[38;2;235;217;138m██[38;2;242;229;151m██[38;2;242;229;150m██[38;2;217;213;154m██[38;2;88;131;168m██[38;2;218;136;231m██[38;2;255;128;174m██[38;2;255;119;112m████[38;2;121;65;111m  [38;2;0;0;0m        
[38;2;1;1;1m  [38;2;156;147;98m  [38;2;200;186;123m██[38;2;168;131;79m██[38;2;203;179;116m██[38;2;188;178;118m██[38;2;212;197;131m██[38;2;222;203;132m██[38;2;233;219;136m██[38;2;242;229;151m████[38;2;154;138;186m██[38;2;255;133;211m██[38;2;255;122;136m██[38;2;198;108;195m  [38;2;0;0;0m          
[38;2;0;0;0m  [38;2;1;1;1m  [38;2;15;12;8m  [38;2;54;47;29m██[38;2;60;57;39m██[38;2;6;4;6m  [38;2;201;149;138m██[38;2;195;170;84m██[38;2;207;186;89m██[38;2;223;188;131m██[38;2;244;213;169m██[38;2;118;145;177m██[38;2;238;138;247m██[38;2;219;128;184m██[38;2;9;8;7m  [38;2;0;0;0m          
[38;2;0;0;0m        [38;2;1;1;1m  [38;2;255;136;232m██[38;2;145;117;158m██[38;2;174;169;119m██[38;2;234;160;182m██[38;2;185;176;131m██[38;2;252;148;204m██[38;2;116;127;176m██[38;2;221;215;153m██[38;2;242;229;151m██[38;2;84;80;54m██[38;2;1;1;1m  [38;2;0;0;0m        
[38;2;0;0;0m        [38;2;87;79;39m  [38;2;215;177;103m██[38;2;145;114;136m██[38;2;232;137;237m██[38;2;250;142;220m██[38;2;120;129;180m██[38;2;255;121;131m██[38;2;93;110;145m██[38;2;219;209;141m██[38;2;242;229;151m████[38;2;3;3;3m  [38;2;0;0;0m        
[38;2;0;0;0m      [38;2;6;6;6m  [38;2;169;153;73m██[38;2;128;116;57m██[38;2;101;122;122m██[38;2;194;128;175m██[38;2;255;130;191m██[38;2;81;129;175m██[38;2;76;123;168m██[38;2;169;180;152m██[38;2;87;86;76m██[38;2;242;229;151m██[38;2;242;228;151m██[38;2;118;112;75m██[38;2;0;0;0m        
[38;2;0;0;0m      [38;2;6;6;6m  [38;2;10;9;6m  [38;2;0;0;0m  [38;2;118;109;58m██[38;2;214;210;154m██[38;2;91;128;174m██[38;2;103;137;154m██[38;2;231;221;151m██[38;2;242;229;151m██[38;2;88;86;76m██[38;2;228;212;126m██[38;2;241;228;149m██[38;2;147;141;104m██[38;2;6;6;6m  [38;2;0;0;0m      
[38;2;0;0;0m          [38;2;5;5;4m  [38;2;172;158;87m██[38;2;242;229;151m██████████[38;2;161;154;112m██[38;2;132;119;89m██[38;2;238;225;148m██[38;2;145;136;93m██[38;2;32;52;71m  [38;2;1;1;1m  [38;2;0;0;0m    
[38;2;0;0;0m        [38;2;3;3;3m  [38;2;207;187;89m██[38;2;226;210;123m██[38;2;242;229;151m██[38;2;241;228;151m██[38;2;242;229;151m██[38;2;242;228;151m██[38;2;241;229;151m██[38;2;242;229;151m██[38;2;168;161;115m██[38;2;69;69;67m██[38;2;242;229;151m██[38;2;65;106;145m██[38;2;29;30;31m██[38;2;5;5;5m  [38;2;0;0;0m  
[38;2;0;0;0m        [38;2;3;3;3m  [38;2;207;187;89m████[38;2;222;205;116m████████[38;2;242;228;151m██[38;2;242;229;151m██[38;2;242;228;151m██████[38;2;139;130;80m██[38;2;65;101;135m██[38;2;33;54;74m  [38;2;1;1;1m  
[38;2;0;0;0m          [38;2;11;11;8m██[38;2;200;181;87m██[38;2;205;185;88m██[38;2;192;174;86m██[38;2;186;168;80m████[38;2;192;174;83m██[38;2;234;219;137m██[38;2;238;224;144m████[38;2;221;204;115m██[38;2;196;177;87m██[38;2;65;94;121m██[38;2;58;100;138m██[38;2;20;32;42m  
[38;2;0;0;0m        [38;2;2;2;2m  [38;2;136;123;60m██[38;2;163;139;76m██[38;2;200;181;87m██[38;2;69;65;45m██[38;2;2;2;2m    [38;2;26;24;13m  [38;2;77;70;36m██[38;2;207;187;88m██[38;2;207;187;89m████[38;2;112;107;77m██[38;2;41;63;82m██[38;2;2;2;2m  [38;2;0;0;0m  
[38;2;0;0;0m          [38;2;5;5;5m      [38;2;1;1;1m  [38;2;0;0;0m        [38;2;43;41;33m██[38;2;204;184;88m██[38;2;141;128;77m██[38;2;51;51;51m  [38;2;2;2;2m  [38;2;0;0;0m    
[38;2;0;0;0m                          [38;2;27;24;13m  [38;2;61;55;29m██[38;2;53;45;26m██[38;2;1;1;1m  [38;2;0;0;0m      [0m
