
[38;2;0;0;0m                              [38;2;63;63;63m██[38;2;0;0;0m                      
[38;2;0;0;0m        [38;2;70;62;71m  [38;2;0;0;0m                  [38;2;102;102;102m  [38;2;42;42;42m  [38;2;0;0;0m                      
[38;2;0;0;0m        [38;2;105;95;105m██[38;2;8;8;7m  [38;2;17;15;17m  [38;2;150;141;136m██[38;2;11;12;17m  [38;2;0;0;0m    [38;2;185;184;184m██[38;2;36;36;36m  [38;2;87;87;87m██[38;2;196;196;196m██[38;2;0;0;0m                        
[38;2;0;0;0m        [38;2;140;128;136m██[38;2;74;72;72m██[38;2;131;120;128m██[38;2;169;152;154m██[38;2;69;72;77m██[38;2;150;134;137m██[38;2;19;31;39m  [38;2;187;186;187m██[38;2;128;127;128m██[38;2;242;242;242m██[38;2;116;116;116m██[38;2;0;0;0m    [38;2;220;220;220m██[38;2;89;89;89m  [38;2;0;0;0m                
[38;2;0;0;0m      [38;2;0;0;2m  [38;2;152;140;143m██[38;2;149;138;140m██[38;2;150;139;141m██[38;2;71;75;78m██[38;2;91;89;92m██[38;2;104;107;107m██[38;2;85;93;115m██[38;2;66;63;66m██[38;2;107;116;132m██[38;2;242;242;242m██[38;2;157;157;157m██[38;2;115;115;115m██[38;2;242;242;242m██[38;2;122;122;122m  [38;2;0;0;0m                  
[38;2;0;0;0m      [38;2;85;78;77m██[38;2;166;155;151m██[38;2;132;119;131m██[38;2;162;153;147m████[38;2;148;137;140m██[38;2;127;113;129m██[38;2;74;77;83m██[38;2;56;87;156m██[38;2;61;65;77m██[38;2;56;72;91m██[38;2;242;242;242m██[38;2;243;243;243m██[38;2;107;107;107m██[38;2;0;0;0m              [38;2;90;80;92m██[38;2;0;0;0m    
[38;2;0;0;0m      [38;2;119;110;113m██[38;2;156;146;144m██[38;2;160;150;146m██[38;2;143;135;131m██[38;2;151;147;148m██[38;2;66;64;65m██[38;2;155;147;141m██[38;2;66;77;108m██[38;2;159;151;148m██[38;2;54;67;98m██[38;2;53;68;102m██[38;2;195;195;195m██[38;2;241;241;241m██[38;2;216;216;215m██[38;2;139;139;139m██[38;2;131;131;131m██[38;2;0;0;0m    [38;2;5;5;6m  [38;2;94;84;95m██[38;2;73;66;77m██[38;2;119;106;120m██[38;2;0;0;0m    
[38;2;0;0;0m    [38;2;19;18;23m██[38;2;72;70;70m██[38;2;88;84;85m██[38;2;148;132;134m██[38;2;66;66;66m██[38;2;202;203;205m██[38;2;60;69;84m██[38;2;65;64;65m██[38;2;67;93;158m██[38;2;68;95;162m██[38;2;64;79;116m██[38;2;43;72;134m██[38;2;156;156;156m██[38;2;241;241;241m██[38;2;222;222;222m██[38;2;23;23;23m    [38;2;207;207;207m  [38;2;11;14;26m██[38;2;67;72;111m██[38;2;121;110;131m██[38;2;44;58;134m██[38;2;69;83;156m██[38;2;3;4;14m  [38;2;0;0;0m  
[38;2;0;0;0m    [38;2;73;92;121m██[38;2;133;136;178m██[38;2;112;118;146m██[38;2;67;67;92m██[38;2;100;109;158m██[38;2;56;71;124m██[38;2;64;82;121m██[38;2;140;140;142m██[38;2;110;114;125m██[38;2;53;80;142m██[38;2;47;73;120m██[38;2;51;72;106m██[38;2;211;211;211m██[38;2;134;134;134m██[38;2;100;100;100m  [38;2;242;242;242m  [38;2;92;92;92m  [38;2;37;48;74m██[38;2;74;81;130m██[38;2;87;84;105m██[38;2;44;58;119m██[38;2;15;21;48m██[38;2;16;21;45m██[38;2;40;53;117m██[38;2;7;9;22m  
[38;2;5;5;9m  [38;2;123;119;131m██[38;2;157;151;163m██[38;2;98;113;160m██[38;2;67;91;151m██[38;2;80;86;139m██[38;2;67;94;159m██[38;2;70;92;152m██[38;2;118;130;163m██[38;2;193;192;192m██[38;2;146;145;146m██[38;2;49;71;120m██[38;2;50;71;111m██[38;2;233;232;232m██[38;2;242;242;242m████[38;2;131;131;131m██[38;2;47;47;47m██[38;2;132;121;127m██[38;2;137;136;146m██[38;2;54;68;119m██[38;2;44;59;129m██[38;2;44;51;69m  [38;2;255;255;255m  [38;2;130;138;185m  [38;2;36;36;36m  [38;2;0;0;0m  
[38;2;28;30;53m██[38;2;108;119;205m██[38;2;75;89;124m██[38;2;93;98;161m██[38;2;61;84;159m██[38;2;68;95;162m██[38;2;83;100;153m██[38;2;109;102;124m██[38;2;79;74;79m██[38;2;186;185;185m██[38;2;194;194;194m██[38;2;69;68;69m██[38;2;106;109;119m██[38;2;193;192;192m██[38;2;224;224;224m██[38;2;237;237;237m██[38;2;113;112;113m██[38;2;115;113;114m██[38;2;96;96;101m██[38;2;69;95;158m██[38;2;67;92;145m██[38;2;45;57;113m██[38;2;170;170;170m  [38;2;255;255;255m    [38;2;198;198;198m  [38;2;0;0;0m  
[38;2;14;13;31m  [38;2;74;64;156m██[38;2;68;95;162m██[38;2;68;78;134m██[38;2;80;83;152m██[38;2;64;76;113m██[38;2;65;64;65m██[38;2;128;122;118m██[38;2;65;64;65m██[38;2;149;149;149m██[38;2;157;157;158m██[38;2;101;100;101m██[38;2;176;175;175m██[38;2;193;192;192m██[38;2;81;80;81m██[38;2;65;73;94m██[38;2;68;95;162m██[38;2;50;69;142m██[38;2;105;108;155m██[38;2;66;74;99m██[38;2;64;88;160m██[38;2;37;37;37m  [38;2;255;255;255m      [38;2;198;198;198m  [38;2;0;0;0m  
[38;2;0;0;0m  [38;2;11;9;23m  [38;2;106;105;114m██[38;2;54;55;57m██[38;2;97;94;104m██[38;2;75;77;79m██[38;2;68;76;102m██[38;2;73;98;166m██[38;2;65;64;65m██[38;2;228;228;228m██[38;2;141;140;141m██[38;2;185;184;184m██[38;2;77;74;76m██[38;2;88;84;88m██[38;2;116;122;138m██[38;2;65;70;85m██[38;2;68;95;162m██[38;2;65;92;159m██[38;2;57;79;151m██[38;2;68;95;162m██[38;2;52;71;142m██[38;2;37;37;37m  [38;2;255;255;255m      [38;2;198;198;198m  [38;2;0;0;0m  
[38;2;0;0;0m      [38;2;0;1;0m  [38;2;142;142;145m██[38;2;79;85;91m██[38;2;75;105;189m██[38;2;71;92;148m██[38;2;175;174;175m██[38;2;225;225;225m██[38;2;146;145;145m██[38;2;68;68;67m██[38;2;156;166;188m██[38;2;56;83;143m██[38;2;72;81;104m██[38;2;66;75;101m██[38;2;67;89;146m██[38;2;67;94;160m██[38;2;68;94;162m██[38;2;64;80;127m██[38;2;43;58;133m██[38;2;37;37;37m  [38;2;255;255;255m      [38;2;198;198;198m  [38;2;0;0;0m  
[38;2;0;0;0m      [38;2;0;3;0m  [38;2;219;226;234m██[38;2;73;78;99m██[38;2;65;67;76m██[38;2;208;208;209m██[38;2;223;223;223m██[38;2;193;192;192m██[38;2;92;91;92m██[38;2;119;120;118m██[38;2;178;180;180m██[38;2;58;78;117m██[38;2;85;103;179m██[38;2;67;93;159m██[38;2;114;110;111m██[38;2;147;144;149m██[38;2;68;95;162m██[38;2;62;63;72m██[38;2;18;24;57m██[38;2;235;235;235m  [38;2;255;255;255m      [38;2;198;198;198m  [38;2;0;0;0m  
[38;2;0;0;0m        [38;2;44;44;44m  [38;2;132;132;132m██[38;2;198;202;198m██[38;2;189;189;188m██[38;2;74;74;74m██[38;2;133;134;132m██[38;2;112;112;111m██[38;2;133;133;131m██[38;2;91;97;117m██[38;2;96;113;177m██[38;2;99;116;194m██[38;2;58;69;75m██[38;2;119;120;140m██[38;2;70;95;158m██[38;2;79;96;153m██[38;2;65;93;146m██[38;2;81;85;90m  [38;2;255;255;255m        [38;2;198;198;198m  [38;2;0;0;0m  
[38;2;0;0;0m            [38;2;33;34;33m██[38;2;48;61;129m██[38;2;25;34;79m██[38;2;39;52;120m██[38;2;91;99;107m██[38;2;133;133;132m██[38;2;72;74;79m██[38;2;75;100;158m██[38;2;77;78;77m██[38;2;68;95;162m██[38;2;67;94;160m██[38;2;155;149;149m██[38;2;68;95;162m██[38;2;44;54;111m██[38;2;160;163;163m  [38;2;255;255;255m        [38;2;198;198;198m  [38;2;0;0;0m  
[38;2;0;0;0m            [38;2;15;15;15m  [38;2;4;4;4m  [38;2;0;0;0m    [38;2;58;69;101m██[38;2;94;94;95m██[38;2;70;71;74m██[38;2;69;79;78m██[38;2;78;78;78m██[38;2;56;78;136m██[38;2;67;94;162m██[38;2;66;93;160m██[38;2;55;81;148m██[38;2;56;60;94m██[38;2;14;18;41m██[38;2;255;255;255m        [38;2;198;198;198m  [38;2;0;0;0m  
[38;2;0;0;0m                    [38;2;44;49;78m██[38;2;46;59;128m██[38;2;60;68;108m██[38;2;43;58;134m██[38;2;28;28;28m  [38;2;3;4;12m  [38;2;64;88;152m██[38;2;66;88;147m██[38;2;53;63;107m██[38;2;43;57;133m██[38;2;15;21;49m██[38;2;231;231;231m        [38;2;180;180;180m  [38;2;0;0;0m  
[38;2;0;0;0m                  [38;2;38;37;38m  [38;2;65;64;65m████[38;2;53;54;69m██[38;2;15;21;48m██[38;2;0;0;0m  [38;2;3;3;3m  [38;2;91;83;87m██[38;2;119;105;116m██[38;2;88;95;139m██[38;2;39;53;124m██[38;2;5;7;18m  [38;2;0;0;0m            
[38;2;0;0;0m                              [38;2;77;76;77m██[38;2;81;83;81m██[38;2;84;87;84m██[38;2;81;84;81m██[38;2;31;41;94m  [38;2;0;0;0m              
[38;2;0;0;0m                                [38;2;25;25;25m██[38;2;18;18;18m██[38;2;24;25;24m██[38;2;0;0;0m                [0m
