
[38;2;0;0;0m                [38;2;24;23;15m  [38;2;2;2;1m██[38;2;0;0;0m                          
[38;2;0;0;0m              [38;2;152;145;98m  [38;2;114;109;74m██[38;2;2;1;1m  [38;2;0;0;0m                          
[38;2;0;0;0m          [38;2;55;53;36m  [38;2;214;204;137m██[38;2;216;205;135m██[38;2;63;58;31m  [38;2;0;0;0m                            
[38;2;0;0;0m        [38;2;61;58;39m  [38;2;210;199;133m██[38;2;215;204;137m██[38;2;214;204;138m██[38;2;99;94;67m  [38;2;0;0;0m                            
[38;2;0;0;0m    [38;2;122;113;62m██[38;2;68;64;40m██[38;2;214;204;137m██[38;2;215;204;136m██[38;2;208;197;129m██[38;2;139;136;111m██[38;2;174;165;114m██[38;2;165;158;114m██[38;2;73;70;47m  [38;2;0;0;0m    [38;2;69;66;45m██[38;2;0;0;0m                  
[38;2;0;0;0m    [38;2;154;143;82m██[38;2;206;195;121m██[38;2;216;204;136m██[38;2;216;205;136m██[38;2;212;201;132m██[38;2;214;204;135m██[38;2;158;151;110m██[38;2;12;12;11m██[38;2;0;0;0m    [38;2;184;175;119m██[38;2;28;27;18m  [38;2;0;0;0m                  
[38;2;0;0;0m    [38;2;65;62;41m██[38;2;215;205;136m██[38;2;216;204;135m██[38;2;195;184;116m██[38;2;147;141;100m██[38;2;159;156;138m██[38;2;151;145;94m██[38;2;214;204;138m██[38;2;135;128;82m██[38;2;214;205;136m██[38;2;157;150;110m██[38;2;122;117;83m  [38;2;81;77;54m██[38;2;206;197;134m██[38;2;51;49;33m  [38;2;0;0;0m            
[38;2;0;0;0m  [38;2;0;0;5m  [38;2;132;127;90m██[38;2;216;205;136m██[38;2;167;160;115m██[38;2;77;74;57m██[38;2;95;95;97m██[38;2;253;252;251m██[38;2;183;172;104m██[38;2;215;204;136m██[38;2;212;202;133m██[38;2;165;153;84m██[38;2;200;190;128m██[38;2;214;204;138m██[38;2;105;100;68m██[38;2;19;18;12m  [38;2;0;0;0m              
[38;2;0;0;0m  [38;2;0;0;3m  [38;2;150;144;99m██[38;2;188;178;118m██[38;2;198;190;128m██[38;2;164;159;119m██[38;2;165;160;117m██[38;2;213;203;129m██[38;2;215;205;135m██[38;2;215;205;136m██████[38;2;204;193;124m██[38;2;146;140;103m██[38;2;11;11;11m  [38;2;89;85;58m████[38;2;0;0;0m            
[38;2;0;0;0m    [38;2;3;3;2m  [38;2;116;110;73m██[38;2;117;117;93m██[38;2;153;143;82m██[38;2;149;140;87m██[38;2;109;111;91m██[38;2;216;205;136m██[38;2;215;205;136m██[38;2;216;205;136m████[38;2;186;175;106m██[38;2;205;195;134m██[38;2;202;193;132m██[38;2;196;187;127m██[38;2;12;12;8m██[38;2;0;0;0m            
[38;2;0;0;0m        [38;2;111;103;55m██[38;2;161;153;78m██[38;2;161;151;78m██[38;2;183;171;102m██[38;2;216;205;136m████████[38;2;199;188;119m██[38;2;183;173;106m██[38;2;52;49;30m  [38;2;0;0;0m                
[38;2;0;0;0m        [38;2;210;200;136m██[38;2;166;155;86m██[38;2;180;169;101m██[38;2;213;203;138m██[38;2;68;66;65m██[38;2;207;198;135m██[38;2;214;204;137m██[38;2;215;205;136m██[38;2;161;149;80m██[38;2;161;154;78m██[38;2;69;66;33m  [38;2;0;0;0m                
[38;2;0;0;0m    [38;2;24;22;12m  [38;2;146;135;72m██[38;2;116;112;90m██[38;2;215;204;136m██[38;2;185;175;121m██[38;2;90;88;79m██[38;2;124;122;102m██[38;2;140;134;102m██[38;2;201;190;123m██[38;2;187;176;107m██[38;2;215;205;136m██[38;2;145;137;93m██[38;2;141;135;73m██[38;2;109;103;68m██[38;2;31;28;15m  [38;2;0;0;0m            
[38;2;0;0;0m    [38;2;144;135;78m██[38;2;80;68;73m██[38;2;214;204;139m██[38;2;215;204;136m██[38;2;215;204;137m██[38;2;214;204;138m██[38;2;147;138;103m██[38;2;65;64;64m██[38;2;188;177;110m██[38;2;214;204;136m██[38;2;215;204;135m██[38;2;152;145;89m██[38;2;103;99;75m██[38;2;159;152;77m██[38;2;61;56;30m  [38;2;0;0;0m            
[38;2;0;0;0m  [38;2;67;62;33m  [38;2;144;135;76m██[38;2;116;111;71m██[38;2;186;177;124m██[38;2;133;128;98m██[38;2;214;204;137m██[38;2;216;205;136m██[38;2;153;145;108m██[38;2;158;154;120m██[38;2;175;167;119m██[38;2;214;204;139m██[38;2;187;176;107m██[38;2;185;174;105m██[38;2;147;139;85m██[38;2;35;29;21m  [38;2;0;0;0m              
[38;2;54;54;54m  [38;2;147;146;128m██[38;2;106;107;84m██[38;2;197;186;111m██[38;2;109;92;115m██[38;2;195;145;214m██[38;2;123;115;93m██[38;2;213;203;138m██[38;2;216;205;136m████[38;2;215;204;137m██[38;2;73;72;68m██[38;2;179;169;107m██[38;2;216;205;136m██[38;2;218;206;129m██[38;2;4;3;9m  [38;2;0;0;0m      [38;2;2;2;1m  [38;2;3;3;2m  [38;2;0;0;0m    
[38;2;0;0;0m  [38;2;73;74;69m  [38;2;93;89;66m██[38;2;114;109;69m██[38;2;114;106;84m██[38;2;173;131;186m██[38;2;167;128;180m██[38;2;128;119;98m██[38;2;169;157;115m██[38;2;216;205;136m██[38;2;218;206;134m██[38;2;128;125;95m██[38;2;158;155;128m██[38;2;173;166;116m██[38;2;194;188;152m██[38;2;73;73;55m██[38;2;93;89;45m██[38;2;0;0;0m    [38;2;141;134;89m██[38;2;95;93;61m██[38;2;93;89;48m██[38;2;24;23;12m  
[38;2;0;0;0m    [38;2;7;4;2m  [38;2;73;68;44m██[38;2;125;120;72m██[38;2;144;99;146m██[38;2;166;115;175m██[38;2;165;119;177m██[38;2;126;101;125m██[38;2;195;185;126m██[38;2;141;136;98m██[38;2;148;141;94m██[38;2;103;101;87m██[38;2;228;229;219m██[38;2;90;88;58m██[38;2;146;144;138m██[38;2;123;118;73m██[38;2;160;150;89m██[38;2;212;201;129m██[38;2;198;189;125m██[38;2;152;145;87m██[38;2;70;70;42m██[38;2;4;3;3m  
[38;2;0;0;0m    [38;2;118;110;57m██[38;2;162;154;78m██[38;2;117;112;71m██[38;2;93;96;85m██[38;2;144;115;143m  [38;2;178;125;187m██[38;2;154;110;143m██[38;2;125;119;74m██[38;2;142;136;75m██[38;2;101;98;69m██[38;2;186;178;125m██[38;2;159;153;111m██[38;2;160;152;111m██[38;2;91;88;79m██[38;2;98;92;77m██[38;2;162;154;78m████████[38;2;60;56;30m  [38;2;15;14;7m  
[38;2;0;0;0m    [38;2;119;111;67m██[38;2;78;76;65m██[38;2;153;146;76m██[38;2;89;86;67m██[38;2;120;109;78m██[38;2;135;94;134m██[38;2;134;134;73m██[38;2;162;154;78m██[38;2;155;148;77m██[38;2;78;76;65m██[38;2;211;201;132m██[38;2;215;205;136m██[38;2;216;205;136m██[38;2;214;203;135m██[38;2;115;111;89m██[38;2;137;127;67m████[38;2;0;0;0m        
[38;2;0;0;0m    [38;2;48;46;25m██[38;2;160;154;84m██[38;2;119;109;74m██[38;2;98;94;69m██[38;2;49;46;49m██[38;2;3;2;2m  [38;2;55;53;26m██[38;2;55;52;26m██[38;2;39;37;24m██[38;2;160;150;78m██[38;2;137;131;83m██[38;2;116;111;88m██[38;2;117;113;88m██[38;2;216;204;128m██[38;2;77;74;57m██[38;2;0;0;0m            
[38;2;0;0;0m    [38;2;13;11;12m  [38;2;95;91;64m██[38;2;136;131;95m██[38;2;135;128;66m██[38;2;80;77;38m  [38;2;0;0;0m        [38;2;131;121;64m██[38;2;115;111;70m██[38;2;161;153;78m██[38;2;154;146;86m██[38;2;100;99;80m██[38;2;68;65;44m  [38;2;0;0;0m            
[38;2;0;0;0m    [38;2;19;19;19m  [38;2;38;38;37m██[38;2;53;54;52m██[38;2;4;4;4m  [38;2;0;0;0m            [38;2;90;84;50m██[38;2;198;187;118m████[38;2;161;150;87m██[38;2;0;0;0m              
[38;2;0;0;0m                        [38;2;103;103;103m  [38;2;84;88;72m██[38;2;96;98;90m██[38;2;182;182;181m  [38;2;0;0;0m              
[38;2;0;0;0m                          [38;2;8;9;4m  [38;2;29;29;28m  [38;2;0;0;0m                [0m
