          [38;2;7;7;7m▄[38;2;7;7;7m[48;2;82;82;82m▀[0m[38;2;7;7;7m[48;2;82;82;82m▀[0m[38;2;7;7;7m[48;2;82;82;82m▀[0m[38;2;7;7;7m[48;2;82;82;82m▀[0m[38;2;7;7;7m▄      
         [38;2;7;7;7m▄[38;2;7;7;7m[48;2;82;82;82m▀[0m[38;2;248;234;145m[48;2;82;82;82m▀[0m[38;2;248;234;145m[48;2;248;234;145m▀[0m[38;2;248;234;145m[48;2;248;234;145m▀[0m[38;2;82;82;82m[48;2;248;234;145m▀[0m[38;2;82;82;82m[48;2;82;82;82m▀[0m[38;2;7;7;7m[48;2;82;82;82m▀[0m[38;2;7;7;7m▄    
 [38;2;7;7;7m▄[38;2;7;7;7m[48;2;248;234;145m▀[0m[38;2;7;7;7m[48;2;248;234;145m▀[0m[38;2;7;7;7m▄   [38;2;7;7;7m▄[38;2;7;7;7m[48;2;179;163;98m▀[0m[38;2;248;234;145m[48;2;82;82;82m▀[0m[38;2;248;234;145m[48;2;82;82;82m▀[0m[38;2;82;82;82m[48;2;248;234;145m▀[0m[38;2;82;82;82m[48;2;179;163;98m▀[0m[38;2;248;234;145m[48;2;82;82;82m▀[0m[38;2;248;234;145m[48;2;179;163;98m▀[0m[38;2;82;82;82m[48;2;7;7;7m▀[0m[38;2;7;7;7m▀    
[38;2;7;7;7m[48;2;7;7;7m▀[0m[38;2;248;234;145m[48;2;179;163;98m▀[0m[38;2;82;82;82m[48;2;248;234;145m▀[0m[38;2;82;82;82m[48;2;248;234;145m▀[0m[38;2;248;234;145m[48;2;179;163;98m▀[0m[38;2;7;7;7m[48;2;82;82;82m▀[0m[38;2;7;7;7m▄[38;2;7;7;7m[48;2;179;163;98m▀[0m[38;2;248;234;145m[48;2;179;163;98m▀[0m[38;2;82;82;82m[48;2;248;234;145m▀[0m[38;2;179;163;98m[48;2;82;82;82m▀[0m[38;2;82;82;82m[48;2;248;234;145m▀[0m[38;2;82;82;82m[48;2;179;163;98m▀[0m[38;2;82;82;82m[48;2;179;163;98m▀[0m[38;2;179;163;98m[48;2;7;7;7m▀[0m[38;2;7;7;7m▀      
 [38;2;7;7;7m▀[38;2;179;163;98m[48;2;7;7;7m▀[0m[38;2;248;234;145m[48;2;248;234;145m▀[0m[38;2;82;82;82m[48;2;179;163;98m▀[0m[38;2;248;234;145m[48;2;248;234;145m▀[0m[38;2;248;234;145m[48;2;248;234;145m▀[0m[38;2;248;234;145m[48;2;248;234;145m▀[0m[38;2;248;234;145m[48;2;248;234;145m▀[0m[38;2;248;234;145m[48;2;248;234;145m▀[0m[38;2;248;234;145m[48;2;179;163;98m▀[0m[38;2;179;163;98m[48;2;244;207;38m▀[0m[38;2;244;207;38m[48;2;246;246;246m▀[0m[38;2;179;163;98m[48;2;244;207;38m▀[0m[38;2;179;163;98m[48;2;179;163;98m▀[0m[38;2;7;7;7m[48;2;7;7;7m▀[0m      
 [38;2;7;7;7m▄[38;2;7;7;7m[48;2;110;100;115m▀[0m[38;2;248;234;145m[48;2;82;82;82m▀[0m[38;2;248;234;145m[48;2;179;163;98m▀[0m[38;2;82;82;82m[48;2;82;82;82m▀[0m[38;2;82;82;82m[48;2;110;100;115m▀[0m[38;2;82;82;82m[48;2;110;100;115m▀[0m[38;2;248;234;145m[48;2;82;82;82m▀[0m[38;2;248;234;145m[48;2;82;82;82m▀[0m[38;2;179;163;98m[48;2;179;163;98m▀[0m[38;2;244;207;38m[48;2;179;163;98m▀[0m[38;2;7;7;7m[48;2;244;207;38m▀[0m[38;2;244;207;38m[48;2;179;163;98m▀[0m[38;2;179;163;98m[48;2;82;82;82m▀[0m[38;2;7;7;7m[48;2;179;163;98m▀[0m[38;2;7;7;7m▄  [38;2;7;7;7m▄[38;2;7;7;7m▄ 
[38;2;7;7;7m[48;2;7;7;7m▀[0m[38;2;110;100;115m[48;2;110;100;115m▀[0m[38;2;82;82;82m[48;2;82;82;82m▀[0m[38;2;110;100;115m[48;2;110;100;115m▀[0m[38;2;82;82;82m[48;2;110;100;115m▀[0m[38;2;110;100;115m[48;2;82;82;82m▀[0m[38;2;110;100;115m[48;2;110;100;115m▀[0m[38;2;110;100;115m[48;2;110;100;115m▀[0m[38;2;110;100;115m[48;2;82;82;82m▀[0m[38;2;110;100;115m[48;2;82;82;82m▀[0m[38;2;82;82;82m[48;2;82;82;82m▀[0m[38;2;179;163;98m[48;2;82;82;82m▀[0m[38;2;179;163;98m[48;2;179;163;98m▀[0m[38;2;179;163;98m[48;2;82;82;82m▀[0m[38;2;82;82;82m[48;2;82;82;82m▀[0m[38;2;82;82;82m[48;2;179;163;98m▀[0m[38;2;179;163;98m[48;2;179;163;98m▀[0m[38;2;7;7;7m[48;2;248;234;145m▀[0m[38;2;7;7;7m[48;2;248;234;145m▀[0m[38;2;121;66;129m[48;2;121;66;129m▀[0m[38;2;121;66;129m[48;2;121;66;129m▀[0m[38;2;7;7;7m[48;2;7;7;7m▀[0m
[38;2;7;7;7m▀[38;2;110;100;115m[48;2;7;7;7m▀[0m[38;2;110;100;115m[48;2;110;100;115m▀[0m[38;2;82;82;82m[48;2;110;100;115m▀[0m[38;2;110;100;115m[48;2;82;82;82m▀[0m[38;2;82;82;82m[48;2;7;7;7m▀[0m[38;2;110;100;115m[48;2;82;82;82m▀[0m[38;2;82;82;82m[48;2;110;100;115m▀[0m[38;2;110;100;115m[48;2;82;82;82m▀[0m[38;2;82;82;82m[48;2;110;100;115m▀[0m[38;2;110;100;115m[48;2;110;100;115m▀[0m[38;2;82;82;82m[48;2;110;100;115m▀[0m[38;2;82;82;82m[48;2;82;82;82m▀[0m[38;2;110;100;115m[48;2;110;100;115m▀[0m[38;2;110;100;115m[48;2;82;82;82m▀[0m[38;2;7;7;7m[48;2;7;7;7m▀[0m[38;2;7;7;7m▀[38;2;7;7;7m▀[38;2;248;234;145m[48;2;7;7;7m▀[0m[38;2;248;234;145m[48;2;7;7;7m▀[0m[38;2;121;66;129m[48;2;7;7;7m▀[0m[38;2;7;7;7m▀
  [38;2;7;7;7m▀[38;2;7;7;7m▀[38;2;7;7;7m▀ [38;2;7;7;7m▀[38;2;82;82;82m[48;2;7;7;7m▀[0m[38;2;82;82;82m[48;2;110;100;115m▀[0m[38;2;110;100;115m[48;2;82;82;82m▀[0m[38;2;110;100;115m[48;2;110;100;115m▀[0m[38;2;110;100;115m[48;2;7;7;7m▀[0m[38;2;7;7;7m▀[38;2;7;7;7m▀[38;2;7;7;7m▀       
        [38;2;7;7;7m▀[38;2;7;7;7m▀[38;2;7;7;7m▀           
[0m