
[38;2;0;0;0m        [38;2;26;22;0m  [38;2;63;54;0m          [38;2;23;20;0m  [38;2;10;8;0m  [38;2;63;57;28m██[38;2;63;58;31m██[38;2;63;51;0m██[38;2;19;16;0m  [38;2;63;53;0m  [38;2;63;54;0m              [38;2;55;47;0m  [38;2;0;0;0m      
[38;2;0;0;0m        [38;2;104;88;0m  [38;2;255;215;0m    [38;2;215;150;9m  [38;2;63;54;0m    [38;2;120;81;6m  [38;2;201;161;0m██[38;2;255;210;28m██[38;2;112;106;80m██[38;2;112;99;48m██[38;2;53;50;33m  [38;2;193;136;8m  [38;2;218;152;9m  [38;2;77;62;0m  [38;2;63;54;0m    [38;2;218;152;9m  [38;2;220;155;9m  [38;2;255;215;0m  [38;2;223;189;0m  [38;2;0;0;0m      
[38;2;0;0;0m        [38;2;104;88;0m  [38;2;255;216;0m  [38;2;191;162;0m  [38;2;67;53;0m██[38;2;255;209;22m██[38;2;255;238;154m██[38;2;255;207;15m██[38;2;216;152;10m██[38;2;141;122;53m██[38;2;204;165;68m██[38;2;188;157;72m██[38;2;157;123;59m██[38;2;90;74;29m██[38;2;34;29;10m██[38;2;237;190;0m██[38;2;255;225;97m██[38;2;255;213;43m██[38;2;63;51;0m██[38;2;70;56;0m  [38;2;228;193;0m  [38;2;223;189;0m  [38;2;0;0;0m      
[38;2;0;0;0m        [38;2;104;88;0m  [38;2;73;62;0m  [38;2;191;166;60m██[38;2;255;204;0m██[38;2;255;209;22m██[38;2;251;208;42m██[38;2;218;152;25m██[38;2;193;135;18m██[38;2;197;168;76m██[38;2;161;122;55m██[38;2;145;114;58m██[38;2;189;154;69m██[38;2;237;195;76m██[38;2;122;96;44m██[38;2;218;149;9m██[38;2;255;213;41m████[38;2;255;204;0m██[38;2;251;229;124m██[38;2;116;106;51m  [38;2;223;189;0m  [38;2;0;0;0m      
[38;2;0;0;0m        [38;2;104;88;0m  [38;2;255;216;0m  [38;2;125;101;0m  [38;2;242;185;3m██[38;2;218;149;9m██[38;2;221;154;8m██[38;2;255;204;0m████[38;2;155;131;33m██[38;2;207;176;77m██████[38;2;117;96;56m██[38;2;255;204;0m████[38;2;218;149;9m████[38;2;242;185;3m██[38;2;251;201;0m██[38;2;191;153;0m██[38;2;55;47;0m  [38;2;0;0;0m      
[38;2;0;0;0m        [38;2;104;88;0m  [38;2;255;215;0m  [38;2;125;101;0m  [38;2;242;186;3m██[38;2;255;204;0m████[38;2;255;221;77m██[38;2;255;227;104m██[38;2;155;131;33m██[38;2;65;65;65m██[38;2;174;145;27m██[38;2;207;169;16m██[38;2;237;183;5m██[38;2;218;149;9m██[38;2;251;199;0m██[38;2;255;204;0m██[38;2;255;231;122m██[38;2;242;199;63m██[38;2;206;141;9m██[38;2;112;95;0m  [38;2;223;189;0m  [38;2;0;0;0m      
[38;2;0;0;0m        [38;2;26;20;0m  [38;2;63;51;0m██[38;2;255;208;20m██[38;2;255;241;166m██[38;2;255;220;74m██[38;2;255;206;11m██[38;2;215;199;124m██[38;2;51;32;3m  [38;2;15;9;0m  [38;2;133;98;51m██[38;2;179;147;26m██[38;2;255;231;124m██[38;2;255;208;20m██[38;2;255;204;0m██[38;2;221;154;8m██[38;2;187;138;21m██[38;2;254;203;0m██[38;2;255;204;0m██[38;2;255;213;41m██[38;2;142;123;41m██[38;2;167;141;0m  [38;2;0;0;0m      
[38;2;0;0;0m        [38;2;26;20;0m  [38;2;244;195;0m██[38;2;255;208;20m██[38;2;255;213;41m██[38;2;255;208;18m██[38;2;237;190;0m██[38;2;120;80;6m  [38;2;181;115;11m  [38;2;101;87;34m  [38;2;150;113;51m██[38;2;87;81;64m██[38;2;255;204;0m████[38;2;255;214;46m██[38;2;255;231;124m██[38;2;143;138;106m██[38;2;111;99;49m██[38;2;186;153;23m██[38;2;255;240;166m██[38;2;255;224;92m██[38;2;167;133;0m  [38;2;0;0;0m      
[38;2;0;0;0m        [38;2;104;88;0m  [38;2;73;62;0m  [38;2;125;101;0m  [38;2;208;169;15m██[38;2;228;184;8m██[38;2;20;37;11m  [38;2;154;98;9m  [38;2;132;85;10m  [38;2;108;78;39m██[38;2;157;130;58m██[38;2;100;82;58m██[38;2;221;179;11m██[38;2;255;211;34m██[38;2;255;209;25m██[38;2;255;229;113m██[38;2;255;219;68m██[38;2;115;101;47m██[38;2;47;94;55m██[38;2;207;169;16m██[38;2;197;159;6m██[38;2;55;47;0m  [38;2;0;0;0m      
[38;2;0;0;0m        [38;2;104;88;0m  [38;2;73;62;0m  [38;2;43;73;16m  [38;2;39;109;49m██[38;2;71;105;49m██[38;2;28;122;43m██[38;2;21;93;33m██[38;2;28;89;38m██[38;2;79;72;62m██[38;2;157;130;58m████[38;2;122;107;45m██[38;2;255;235;139m██[38;2;255;237;150m██[38;2;255;206;11m██[38;2;255;204;0m████[38;2;46;96;54m██[38;2;38;109;49m██[38;2;28;100;40m██[38;2;55;47;0m  [38;2;0;0;0m      
[38;2;0;0;0m        [38;2;7;31;11m██[38;2;36;105;47m██[38;2;33;117;47m██[38;2;38;110;49m██[38;2;38;109;49m██[38;2;61;87;64m████[38;2;38;109;49m██[38;2;56;78;60m██[38;2;134;105;54m██[38;2;150;113;51m██[38;2;122;103;47m██[38;2;247;221;107m██[38;2;237;208;83m██[38;2;250;200;1m██[38;2;207;169;16m██[38;2;63;89;63m██[38;2;29;101;41m██[38;2;52;33;3m  [38;2;63;54;0m  [38;2;223;189;0m  [38;2;0;0;0m      
[38;2;29;41;8m  [38;2;111;153;30m      [38;2;27;51;31m██[38;2;93;133;19m██[38;2;76;109;37m██[38;2;118;186;67m████[38;2;107;202;64m██[38;2;34;132;48m██[38;2;40;113;51m██[38;2;61;85;64m██[38;2;69;67;64m██[38;2;85;75;60m██[38;2;79;72;62m██[38;2;104;94;51m██[38;2;90;112;53m██[38;2;107;102;49m██[38;2;45;120;55m██[38;2;50;155;61m██[38;2;109;178;58m██[38;2;52;33;3m  [38;2;63;54;0m  [38;2;237;208;3m  [38;2;37;52;10m  [38;2;0;0;0m    
[38;2;39;54;10m  [38;2;149;205;40m      [38;2;79;113;25m  [38;2;80;102;63m██[38;2;77;138;64m██[38;2;44;148;56m██[38;2;50;149;53m██[38;2;62;157;52m██[38;2;136;227;68m██[38;2;67;169;61m██[38;2;48;153;59m██[38;2;52;140;61m██[38;2;64;70;64m██[38;2;57;108;63m██[38;2;50;156;60m██[38;2;46;151;58m██[38;2;50;156;60m██[38;2;64;163;57m██[38;2;34;133;49m██[38;2;55;150;50m██[38;2;109;201;62m██[38;2;125;216;65m██[38;2;43;68;18m  [38;2;37;52;10m  [38;2;0;0;0m    
[38;2;39;54;10m  [38;2;149;205;40m  [38;2;148;205;40m  [38;2;51;70;14m  [38;2;58;100;54m██[38;2;71;173;62m██[38;2;63;162;56m██[38;2;109;201;62m██[38;2;124;215;65m██[38;2;128;220;66m██[38;2;105;198;61m██[38;2;131;222;67m██[38;2;57;153;53m██[38;2;52;140;61m██[38;2;64;70;64m██[38;2;57;108;63m██[38;2;36;136;50m██[38;2;46;151;58m██[38;2;108;204;65m██[38;2;100;192;60m██[38;2;113;208;65m██[38;2;136;227;68m██[38;2;109;201;62m██[38;2;77;171;55m██[38;2;75;173;61m██[38;2;102;170;51m██[38;2;0;0;0m    
[38;2;39;54;10m  [38;2;149;205;40m  [38;2;85;120;26m  [38;2;76;99;59m██[38;2;136;226;68m██[38;2;136;227;68m██[38;2;94;187;59m██[38;2;136;227;68m████[38;2;116;210;66m██[38;2;85;179;57m██[38;2;110;199;63m██[38;2;97;127;63m██[38;2;104;128;59m██[38;2;158;186;53m██[38;2;144;153;52m██[38;2;72;70;62m██[38;2;91;125;55m██[38;2;118;186;67m██[38;2;73;144;57m██[38;2;135;226;67m██[38;2;92;190;64m██[38;2;136;226;68m██[38;2;120;211;64m██[38;2;136;227;68m████[38;2;109;182;54m██[38;2;0;0;0m  
[38;2;39;54;10m  [38;2;149;205;40m  [38;2;18;51;17m██[38;2;55;150;50m██[38;2;97;195;64m██[38;2;136;227;68m████[38;2;57;151;51m██[38;2;136;227;68m██[38;2;110;206;65m██[38;2;78;131;64m██[38;2;68;95;59m██[38;2;151;203;52m██[38;2;158;188;53m██[38;2;213;153;26m██[38;2;237;179;11m██[38;2;95;87;54m██[38;2;102;151;7m██[38;2;95;136;17m████[38;2;82;106;64m██[38;2;99;159;66m██[38;2;131;222;67m██[38;2;87;180;57m██[38;2;127;220;67m██[38;2;114;208;66m██[38;2;64;154;50m██[38;2;27;45;13m  
[38;2;39;54;10m  [38;2;29;40;8m  [38;2;135;176;54m██[38;2;67;69;64m██[38;2;136;226;68m██[38;2;119;188;67m██[38;2;85;166;58m██[38;2;134;224;67m██[38;2;82;152;59m██[38;2;88;102;61m██[38;2;132;172;54m██[38;2;159;215;51m██[38;2;159;214;51m██[38;2;172;209;39m██[38;2;217;193;0m██[38;2;197;161;19m██[38;2;99;144;11m██[38;2;105;160;1m██[38;2;106;160;1m████[38;2;105;160;1m██[38;2;96;130;32m██[38;2;73;89;49m██[38;2;85;155;60m██[38;2;110;179;66m██[38;2;108;195;65m██[38;2;32;110;45m██[38;2;13;13;13m  
[38;2;9;13;2m  [38;2;103;139;32m  [38;2;159;214;51m██[38;2;138;182;54m██[38;2;82;105;65m██[38;2;132;173;55m██[38;2;110;142;59m██[38;2;83;106;65m██[38;2;135;177;54m██[38;2;159;215;51m██[38;2;159;214;51m██[38;2;159;215;51m██[38;2;159;214;51m██[38;2;155;211;48m██[38;2;145;201;38m██[38;2;107;110;39m██[38;2;104;156;3m██[38;2;105;160;1m████████[38;2;152;208;44m██[38;2;145;199;39m██[38;2;112;153;32m██[38;2;91;127;23m██[38;2;44;59;33m██[38;2;5;25;9m  [38;2;0;0;0m  
[38;2;17;17;17m██[38;2;140;185;53m██[38;2;159;214;51m██[38;2;159;215;51m██████████[38;2;151;207;44m██[38;2;119;173;13m██[38;2;144;199;36m██[38;2;159;215;51m██[38;2;159;214;51m████[38;2;159;215;51m██[38;2;115;169;9m██[38;2;117;171;11m██[38;2;159;214;51m██[38;2;122;177;16m██[38;2;101;149;8m██[38;2;105;159;1m██[38;2;147;201;44m██[38;2;158;214;50m██[38;2;122;176;16m██[38;2;106;160;1m██[38;2;35;54;0m██[38;2;0;0;0m    
[38;2;17;24;4m██[38;2;84;100;52m██[38;2;159;214;51m██████████[38;2;158;214;50m██[38;2;133;188;27m██[38;2;159;215;51m██[38;2;159;214;51m██[38;2;88;102;61m██[38;2;137;180;54m██[38;2;159;214;51m████[38;2;142;198;35m██[38;2;150;206;42m██[38;2;159;214;51m██[38;2;159;215;51m██[38;2;109;140;50m██[38;2;105;158;2m██[38;2;93;137;7m██[38;2;118;173;12m██[38;2;105;160;1m██[38;2;137;190;33m██[38;2;25;38;0m██[38;2;0;0;0m    
[38;2;17;26;0m██[38;2;65;71;52m██[38;2;159;214;51m██[38;2;159;215;51m████████[38;2;158;214;50m██[38;2;141;196;34m██[38;2;132;168;54m██[38;2;77;62;19m██[38;2;255;255;255m██[38;2;151;188;78m██[38;2;155;211;48m██[38;2;145;201;38m██[38;2;93;131;20m██[38;2;132;179;42m██[38;2;159;214;51m██[38;2;146;202;39m██[38;2;106;160;1m██[38;2;65;66;63m██[38;2;78;118;0m██[38;2;105;159;1m██[38;2;101;153;1m██[38;2;93;141;0m██[38;2;26;40;0m  [38;2;0;0;0m    
[38;2;4;6;0m  [38;2;130;131;131m██[38;2;112;140;57m██[38;2;159;214;51m████████[38;2;159;215;51m██[38;2;119;152;56m██[38;2;210;208;206m██[38;2;250;235;192m██[38;2;237;243;224m██[38;2;117;167;20m██[38;2;116;170;10m██[38;2;105;160;1m██[38;2;81;103;39m██[38;2;104;156;3m██[38;2;119;173;13m██[38;2;107;161;2m██[38;2;114;162;21m██[38;2;17;17;15m██[38;2;67;94;14m  [38;2;80;117;8m██[38;2;109;135;61m██[38;2;138;145;129m██[38;2;0;0;0m      
[38;2;39;54;10m  [38;2;59;81;16m  [38;2;65;88;19m  [38;2;154;208;49m██[38;2;149;203;45m██[38;2;157;213;50m██[38;2;159;215;51m██[38;2;145;201;38m████[38;2;105;160;1m████[38;2;96;144;1m████[38;2;92;139;0m██[38;2;56;84;0m██[38;2;66;82;34m██[38;2;105;160;1m██[38;2;110;165;5m██[38;2;98;147;2m██[38;2;106;160;1m██[38;2;1;2;0m██[38;2;148;205;40m  [38;2;37;51;10m    [38;2;51;70;14m  [38;2;50;69;13m  [38;2;0;0;0m    
[38;2;39;54;10m  [38;2;149;205;40m  [38;2;136;187;37m  [38;2;48;66;15m  [38;2;62;91;7m██[38;2;118;172;12m██[38;2;119;173;13m██[38;2;106;160;1m██[38;2;89;134;1m██[38;2;76;114;1m██[38;2;75;114;1m██[38;2;137;88;64m██[38;2;59;67;45m██[38;2;38;54;7m  [38;2;111;153;30m  [38;2;32;48;0m██[38;2;105;160;1m██[38;2;110;165;5m██[38;2;98;147;2m██[38;2;70;106;0m██[38;2;110;151;30m  [38;2;149;205;40m        [38;2;50;69;13m  [38;2;0;0;0m    
[38;2;39;54;10m  [38;2;149;205;40m      [38;2;103;141;28m  [38;2;37;51;10m    [38;2;49;74;0m██[38;2;86;60;27m██[38;2;117;48;48m██[38;2;132;106;110m██[38;2;37;51;10m  [38;2;115;158;31m  [38;2;149;205;40m  [38;2;34;47;9m  [38;2;133;140;122m██[38;2;98;143;11m██[38;2;102;142;24m██[38;2;97;144;6m██[38;2;60;89;4m  [38;2;147;202;40m  [38;2;148;205;40m  [38;2;149;205;40m    [38;2;149;205;41m  [38;2;50;69;13m  [38;2;0;0;0m    
[38;2;9;13;2m  [38;2;37;51;10m            [38;2;0;0;0m        [38;2;37;51;10m      [38;2;8;11;2m  [38;2;19;19;19m  [38;2;24;31;10m██[38;2;34;39;24m██[38;2;20;28;5m██[38;2;16;22;4m  [38;2;37;51;10m          [38;2;12;17;3m  [38;2;0;0;0m    [0m
