
[38;2;16;14;4m  [38;2;65;56;16m        [38;2;16;14;4m  [38;2;16;16;2m  [38;2;66;62;11m██████[38;2;49;46;8m  [38;2;0;1;0m  [38;2;16;14;4m  [38;2;65;56;16m        [38;2;16;14;4m  
[38;2;62;54;16m  [38;2;251;217;64m      [38;2;54;50;13m  [38;2;163;145;28m  [38;2;213;189;35m██[38;2;255;226;42m██████[38;2;225;197;31m██[38;2;184;162;25m██[38;2;163;146;28m  [38;2;54;50;13m  [38;2;251;217;64m      [38;2;62;54;16m  
[38;2;62;54;16m  [38;2;251;216;64m  [38;2;231;200;59m  [38;2;101;91;20m  [38;2;235;206;32m██[38;2;235;205;31m██[38;2;255;226;42m████████[38;2;223;192;25m██[38;2;241;212;35m██[38;2;255;226;42m████[38;2;101;91;20m  [38;2;231;200;59m  [38;2;251;217;64m  [38;2;62;54;16m  
[38;2;62;54;16m  [38;2;250;217;64m  [38;2;85;77;17m  [38;2;243;217;41m██[38;2;235;206;32m██[38;2;235;205;31m██[38;2;255;226;42m████████[38;2;195;163;11m██[38;2;255;226;42m██████[38;2;243;216;40m██[38;2;85;77;17m  [38;2;250;216;64m  [38;2;62;54;16m  
[38;2;62;54;16m  [38;2;185;161;47m  [38;2;104;87;1m██[38;2;235;206;32m██[38;2;255;226;42m██[38;2;195;163;11m██[38;2;237;218;50m██[38;2;125;99;83m██[38;2;205;184;48m██[38;2;234;205;32m██[38;2;214;182;19m██[38;2;252;223;39m██[38;2;248;217;33m████[38;2;245;217;39m██[38;2;124;99;11m██[38;2;185;161;47m  [38;2;62;54;16m  
[38;2;62;54;16m  [38;2;62;57;16m  [38;2;229;188;5m██[38;2;194;160;6m██[38;2;125;132;70m██[38;2;214;185;18m██[38;2;108;73;67m██[38;2;199;70;117m██[38;2;119;101;59m██[38;2;194;163;11m██[38;2;238;199;15m██[38;2;249;210;26m██[38;2;247;215;31m████[38;2;193;160;6m██[38;2;228;187;6m██[38;2;62;57;16m  [38;2;62;54;16m  
[38;2;62;54;16m  [38;2;251;217;64m  [38;2;108;94;19m  [38;2;133;112;20m██[38;2;180;69;110m██[38;2;149;118;42m██[38;2;146;70;97m██[38;2;214;80;128m██[38;2;175;71;108m██[38;2;142;120;37m██[38;2;155;123;44m██[38;2;80;66;72m██[38;2;225;185;5m██[38;2;199;163;3m██[38;2;231;190;6m████[38;2;173;143;4m██[38;2;0;1;0m  
[38;2;62;54;16m  [38;2;251;217;64m  [38;2;238;182;78m  [38;2;54;26;35m  [38;2;214;80;128m██[38;2;202;77;122m██[38;2;194;60;108m██[38;2;214;80;128m██[38;2;202;71;118m██[38;2;195;72;116m██[38;2;205;79;124m██[38;2;103;69;81m██[38;2;190;156;2m██[38;2;230;189;6m██[38;2;231;190;6m██[38;2;72;62;1m██[38;2;72;64;15m  [38;2;57;49;14m  
[38;2;62;54;16m  [38;2;250;217;64m  [38;2;131;104;42m  [38;2;137;24;64m██[38;2;209;75;123m██[38;2;188;54;102m██[38;2;175;41;89m██[38;2;195;61;109m██[38;2;214;80;128m██[38;2;213;80;128m██[38;2;209;75;123m██[38;2;166;65;101m██[38;2;130;71;93m██[38;2;130;99;25m██[38;2;96;40;58m  [38;2;189;75;115m  [38;2;251;217;64m  [38;2;62;54;16m  
[38;2;62;54;16m  [38;2;251;217;64m  [38;2;18;19;17m██[38;2;178;75;112m██[38;2;199;65;113m██[38;2;208;141;66m██[38;2;225;187;201m██[38;2;199;65;113m██[38;2;213;80;128m██[38;2;214;80;128m██████[38;2;137;36;72m██[38;2;160;64;98m  [38;2;221;87;135m    [38;2;251;217;64m  [38;2;62;54;16m  
[38;2;27;24;0m  [38;2;90;75;1m██[38;2;169;141;19m██[38;2;125;125;128m██[38;2;165;37;83m██[38;2;221;153;61m██[38;2;196;135;68m██[38;2;198;64;112m██[38;2;197;79;122m██[38;2;156;64;91m██[38;2;134;131;130m██[38;2;105;56;74m██[38;2;159;42;85m██[38;2;54;31;38m██[38;2;121;106;16m██[38;2;116;63;57m  [38;2;130;115;33m  [38;2;32;28;8m  
[38;2;0;1;0m  [38;2;173;143;4m██[38;2;189;158;20m██[38;2;189;192;195m██[38;2;60;24;31m██[38;2;164;30;78m██[38;2;166;32;80m██[38;2;215;81;129m██[38;2;42;48;44m██[38;2;153;107;0m██[38;2;208;203;201m██[38;2;135;32;69m██[38;2;108;106;64m██[38;2;212;175;8m██[38;2;192;158;1m██[38;2;235;206;32m██[38;2;255;227;43m██[38;2;63;59;10m██
[38;2;62;54;16m  [38;2;160;140;41m  [38;2;127;98;42m  [38;2;52;36;41m  [38;2;194;86;67m██[38;2;150;68;98m██[38;2;214;81;129m██[38;2;161;75;106m██[38;2;131;131;131m██[38;2;111;90;43m██[38;2;113;68;86m██[38;2;108;28;56m██[38;2;115;47;70m  [38;2;111;81;19m  [38;2;110;92;2m████[38;2;130;115;33m  [38;2;32;28;8m  
[38;2;62;54;16m  [38;2;251;216;64m  [38;2;243;184;81m  [38;2;221;87;135m  [38;2;50;16;26m  [38;2;175;43;90m██[38;2;178;44;92m██[38;2;175;44;91m██[38;2;171;42;88m██[38;2;172;43;89m██[38;2;148;52;84m██[38;2;192;160;21m██[38;2;55;24;33m  [38;2;221;87;135m      [38;2;251;216;64m  [38;2;62;54;16m  
[38;2;62;54;16m  [38;2;251;217;64m  [38;2;243;184;81m  [38;2;221;87;135m  [38;2;165;66;101m  [38;2;150;90;26m██[38;2;147;22;67m██[38;2;119;21;56m██[38;2;180;89;122m██[38;2;167;121;55m██[38;2;186;163;40m██[38;2;228;187;3m██[38;2;79;12;34m  [38;2;190;76;115m  [38;2;221;87;135m    [38;2;251;217;64m  [38;2;62;54;16m  
[38;2;62;54;16m  [38;2;251;217;64m  [38;2;243;184;81m  [38;2;206;81;126m  [38;2;56;16;29m██[38;2;89;55;68m██[38;2;230;195;24m██[38;2;247;212;29m████[38;2;239;201;33m██[38;2;242;208;43m██[38;2;78;58;25m  [38;2;200;75;120m██[38;2;69;31;42m██[38;2;206;81;127m  [38;2;221;87;135m  [38;2;251;217;64m  [38;2;62;54;16m  
[38;2;24;21;6m  [38;2;98;84;25m  [38;2;95;72;31m  [38;2;107;97;99m  [38;2;151;38;78m██[38;2;118;44;70m  [38;2;125;64;68m  [38;2;156;93;41m██[38;2;184;92;49m██[38;2;154;30;55m██[38;2;140;39;75m██[38;2;165;65;101m  [38;2;53;20;32m██[38;2;161;93;122m██[38;2;130;120;134m  [38;2;86;36;52m  [38;2;98;84;25m  [38;2;24;21;6m  
[38;2;0;0;0m    [38;2;61;64;61m██[38;2;184;185;184m██[38;2;55;21;33m  [38;2;221;86;135m  [38;2;151;59;92m  [38;2;168;63;100m██[38;2;214;79;128m████[38;2;167;62;100m██[38;2;173;168;170m  [38;2;191;192;191m  [38;2;149;137;141m██[38;2;250;251;251m██[38;2;168;175;190m██[38;2;0;3;0m  [38;2;0;0;0m  
[38;2;0;0;0m  [38;2;0;1;0m  [38;2;157;158;157m██[38;2;65;65;65m██[38;2;163;64;99m  [38;2;112;44;68m  [38;2;159;60;96m██[38;2;195;61;109m██[38;2;74;27;44m██[38;2;179;67;107m██[38;2;214;80;128m██[38;2;53;20;32m██[38;2;191;192;191m  ██[38;2;181;185;186m██[38;2;185;191;194m██[38;2;124;126;124m  [38;2;0;0;0m  
[38;2;0;0;0m    [38;2;39;39;39m  ██[38;2;221;87;134m  [38;2;55;21;33m  [38;2;190;58;105m██[38;2;39;7;18m██[38;2;221;87;134m  [38;2;84;33;51m  [38;2;185;68;110m██[38;2;60;27;39m██[38;2;221;221;221m  [38;2;63;71;68m  [38;2;224;226;227m██[38;2;150;158;161m██[38;2;176;178;177m██[38;2;0;1;0m  
[38;2;0;0;0m    [38;2;38;15;23m  [38;2;153;60;93m  [38;2;182;71;111m  [38;2;110;30;58m  [38;2;179;44;92m██[38;2;138;34;71m██[38;2;105;41;64m  [38;2;221;87;134m  [38;2;44;11;23m██[38;2;153;49;86m██[38;2;63;63;63m  [38;2;196;197;196m  [38;2;67;72;69m██[38;2;200;203;202m██[38;2;31;35;33m  [38;2;0;0;0m  
[38;2;0;0;0m    [38;2;55;21;33m  [38;2;221;87;135m  [38;2;73;51;58m  [38;2;73;74;73m██[38;2;122;116;118m  [38;2;48;18;29m  [38;2;208;82;127m  [38;2;82;56;67m  [38;2;143;135;145m██[38;2;135;92;110m██[38;2;112;112;116m██[38;2;191;191;191m  [38;2;255;255;255m  [38;2;105;107;105m  [38;2;0;0;0m    
[38;2;0;0;0m    [38;2;14;5;8m  [38;2;57;22;35m  [38;2;43;17;26m  [38;2;0;0;0m  [38;2;14;5;8m  [38;2;57;22;35m  [38;2;43;17;26m  [38;2;46;47;49m  [38;2;70;70;72m██[38;2;68;66;68m██[38;2;48;48;49m  [38;2;49;49;49m  [38;2;66;66;66m    [38;2;0;0;0m    [0m
