
[38;2;0;0;0m                        [38;2;104;71;103m  [38;2;195;139;191m██[38;2;122;87;120m  [38;2;44;30;44m  [38;2;0;0;0m                              
[38;2;0;0;0m                        [38;2;203;146;197m██[38;2;254;194;239m██[38;2;245;186;232m██[38;2;235;176;224m██[38;2;64;44;63m  [38;2;0;0;0m                            
[38;2;0;0;0m                      [38;2;165;114;164m  [38;2;255;195;239m████[38;2;255;195;240m████[38;2;214;157;206m██[38;2;0;0;0m        [38;2;4;2;4m  [38;2;44;30;44m  [38;2;0;0;0m                
[38;2;0;0;0m                      [38;2;41;28;41m  [38;2;222;164;213m██[38;2;255;195;239m██[38;2;255;195;240m████[38;2;117;83;115m  [38;2;0;0;0m        [38;2;139;97;138m  [38;2;206;149;200m██[38;2;132;91;131m  [38;2;47;32;46m  [38;2;0;0;0m            
[38;2;11;7;11m  [38;2;44;30;44m  [38;2;88;62;86m  [38;2;196;140;192m██[38;2;29;20;29m  [38;2;0;0;0m              [38;2;59;41;59m  [38;2;132;91;131m  [38;2;185;135;179m  [38;2;132;91;131m  [38;2;0;0;0m        [38;2;102;70;102m  [38;2;216;158;208m██████[38;2;190;134;187m██[38;2;0;0;0m            
[38;2;144;99;143m  [38;2;222;164;213m██[38;2;241;182;228m██[38;2;255;195;240m██[38;2;202;149;194m  [38;2;21;14;21m  [38;2;0;0;0m                [38;2;22;15;22m  [38;2;0;0;0m          [38;2;25;17;25m  [38;2;189;133;186m██[38;2;215;158;208m██[38;2;216;158;208m██[38;2;190;134;187m██[38;2;0;0;0m            
[38;2;197;140;192m██[38;2;255;195;240m██[38;2;255;195;239m██[38;2;255;195;240m██[38;2;216;159;208m██[38;2;28;19;28m  [38;2;0;0;0m      [38;2;13;22;20m  [38;2;29;55;47m██[38;2;1;4;3m  [38;2;0;0;0m              [38;2;0;1;0m  [38;2;0;0;0m  [38;2;139;97;138m  [38;2;161;113;158m  [38;2;132;91;131m  [38;2;47;32;46m  [38;2;0;0;0m            
[38;2;197;140;192m██[38;2;255;195;240m██[38;2;255;195;239m██[38;2;255;195;240m██[38;2;235;176;223m██[38;2;149;105;146m  [38;2;0;0;0m    [38;2;0;1;0m  [38;2;92;177;153m██[38;2;92;155;139m██[38;2;64;106;95m██[38;2;0;3;0m  [38;2;0;0;0m  [38;2;0;3;0m  [38;2;0;0;0m      [38;2;39;78;71m  [38;2;68;134;124m██[38;2;17;26;21m  [38;2;4;5;4m  [38;2;17;11;17m  [38;2;0;3;0m  [38;2;0;1;0m  [38;2;0;0;0m            
[38;2;34;23;34m  [38;2;212;157;203m  [38;2;205;152;197m  [38;2;132;91;131m  [38;2;235;176;224m██[38;2;149;105;146m  [38;2;0;0;0m    [38;2;11;23;18m  [38;2;85;150;133m██[38;2;116;228;197m██████[38;2;31;66;55m██[38;2;116;228;197m██[38;2;22;44;38m██[38;2;0;0;0m  [38;2;0;2;1m  [38;2;61;115;102m██[38;2;111;240;218m██[38;2;116;228;208m██[38;2;108;212;183m██[38;2;29;60;50m██[38;2;102;196;178m██[38;2;25;37;32m██[38;2;0;0;0m            
[38;2;0;0;0m  [38;2;34;23;34m  [38;2;31;21;31m  [38;2;0;0;0m  [38;2;44;30;44m  [38;2;7;4;7m  [38;2;0;1;0m  [38;2;76;150;128m  [38;2;99;193;165m██[38;2;116;231;202m██[38;2;116;232;203m████████[38;2;101;197;175m██[38;2;81;144;134m██[38;2;42;84;71m  [38;2;88;173;148m██[38;2;116;230;199m██[38;2;116;232;203m████[38;2;116;232;202m██[38;2;116;230;203m██[38;2;96;192;177m██[38;2;10;21;17m  [38;2;0;0;0m            
[38;2;0;0;0m            [38;2;38;78;67m██[38;2;107;212;190m██[38;2;98;197;190m██[38;2;116;228;196m██[38;2;97;191;179m██[38;2;114;225;201m██[38;2;116;232;203m████████[38;2;91;145;129m██[38;2;116;232;203m██[38;2;109;212;182m██[38;2;103;196;166m████[38;2;97;203;182m██[38;2;104;200;175m██[38;2;104;209;183m██[38;2;10;21;17m  [38;2;0;0;0m            
[38;2;0;0;0m            [38;2;7;15;17m  [38;2;175;195;210m██[38;2;116;231;203m██[38;2;116;228;201m██[38;2;90;183;165m██[38;2;132;192;178m██[38;2;116;228;197m██[38;2;116;231;202m██[38;2;116;232;203m████[38;2;92;149;133m██[38;2;116;232;203m██[38;2;78;175;154m██[38;2;195;202;210m██[38;2;206;217;210m██[38;2;34;43;49m██[38;2;151;225;206m██[38;2;113;217;191m██[38;2;32;45;45m██[38;2;0;0;0m            
[38;2;0;0;0m            [38;2;52;64;63m██[38;2;148;174;178m██[38;2;116;232;203m██[38;2;116;229;203m██[38;2;150;199;208m██[38;2;115;169;161m██[38;2;77;120;120m██[38;2;103;202;181m██[38;2;109;217;191m██[38;2;116;231;201m██[38;2;87;137;124m██[38;2;116;231;201m██[38;2;131;221;200m██[38;2;110;189;174m██[38;2;220;248;240m██[38;2;212;236;232m██[38;2;118;179;162m██[38;2;117;202;180m██[38;2;74;84;87m██[38;2;0;0;0m    [38;2;44;30;44m    [38;2;0;0;0m    
[38;2;0;0;0m          [38;2;0;2;0m  [38;2;150;171;161m██[38;2;111;215;184m██[38;2;116;232;203m██[38;2;116;229;203m██[38;2;113;202;195m██[38;2;246;250;251m██[38;2;220;220;220m██[38;2;209;222;222m██[38;2;153;192;184m██[38;2;78;105;98m██[38;2;99;198;179m██[38;2;93;161;143m██[38;2;117;227;195m██[38;2;75;134;106m████[38;2;77;135;108m██[38;2;84;166;158m██[38;2;67;134;139m██[38;2;7;15;15m  [38;2;0;0;0m  [38;2;89;61;89m  [38;2;235;176;223m██[38;2;235;176;224m██[38;2;132;91;131m  [38;2;34;23;34m  
[38;2;0;0;0m          [38;2;0;3;0m  [38;2;128;141;136m██[38;2;89;93;77m██[38;2;93;92;77m██[38;2;102;186;157m██[38;2;103;196;166m██[38;2;116;225;194m██[38;2;88;183;179m██[38;2;92;188;179m██[38;2;97;204;185m██[38;2;69;106;94m██[38;2;80;147;135m██[38;2;73;120;111m██[38;2;71;147;135m██[38;2;208;218;225m██[38;2;80;173;178m██[38;2;108;181;187m██[38;2;112;168;171m██[38;2;76;119;119m██[38;2;7;13;10m  [38;2;28;19;28m  [38;2;216;159;208m██[38;2;255;195;239m████[38;2;255;195;240m██[38;2;197;140;192m██
[38;2;0;0;0m      [38;2;107;73;106m  [38;2;89;61;89m  [38;2;0;0;0m  [38;2;44;83;71m██[38;2;96;105;94m██[38;2;195;78;96m██[38;2;148;115;110m██[38;2;188;159;143m██[38;2;116;114;112m██[38;2;75;135;104m██[38;2;77;130;113m██[38;2;184;146;150m██[38;2;73;134;106m██[38;2;74;146;149m██[38;2;76;141;143m██[38;2;38;70;64m██[38;2;86;158;167m██[38;2;139;163;175m██[38;2;109;179;178m██[38;2;43;52;51m██[38;2;71;118;109m██[38;2;22;29;26m██[38;2;28;19;28m  [38;2;216;159;208m██[38;2;255;195;239m██[38;2;255;195;240m██[38;2;209;152;202m██[38;2;197;140;192m██
[38;2;0;0;0m    [38;2;85;59;84m  [38;2;210;152;203m██[38;2;203;146;197m██[38;2;28;19;28m  [38;2;60;94;88m  [38;2;100;212;191m██[38;2;74;132;100m██[38;2;107;113;109m██[38;2;143;119;111m████[38;2;121;105;89m██[38;2;160;171;164m██[38;2;137;160;142m██[38;2;65;118;99m██[38;2;80;173;177m██[38;2;71;138;141m██[38;2;108;110;112m  [38;2;48;51;51m  [38;2;47;68;69m██[38;2;19;22;19m  [38;2;76;75;79m  [38;2;0;3;0m  [38;2;0;1;0m  [38;2;189;133;186m██[38;2;255;195;239m██████[38;2;237;178;225m██[38;2;45;31;45m  
[38;2;0;0;0m    [38;2;188;132;185m██[38;2;216;158;208m██[38;2;140;98;138m  [38;2;7;4;7m  [38;2;127;127;132m  [38;2;50;97;89m██[38;2;95;201;183m██[38;2;114;225;194m██[38;2;103;196;166m████[38;2;92;182;162m██[38;2;75;148;152m██[38;2;75;148;153m██[38;2;78;165;178m██[38;2;80;173;178m██[38;2;51;72;72m██[38;2;51;65;65m  [38;2;49;54;54m  [38;2;58;108;109m██[38;2;42;44;44m  [38;2;19;20;19m  [38;2;0;0;0m    [38;2;68;48;67m  [38;2;236;177;224m██[38;2;255;195;239m██[38;2;255;195;240m██[38;2;162;115;158m  [38;2;11;7;11m  
[38;2;0;0;0m    [38;2;38;26;38m  [38;2;132;91;131m  [38;2;0;0;0m    [38;2;22;39;37m██[38;2;60;77;78m██[38;2;161;159;170m██[38;2;196;193;204m██[38;2;99;182;185m██[38;2;81;169;174m██[38;2;91;179;183m██[38;2;108;181;187m██[38;2;78;175;179m██[38;2;80;173;178m██[38;2;54;85;90m  [38;2;49;53;52m  [38;2;53;73;73m██[38;2;65;120;121m████[38;2;58;109;110m██[38;2;0;1;0m  [38;2;0;0;0m      [38;2;89;61;89m  [38;2;132;91;131m    [38;2;0;0;0m    
[38;2;0;0;0m    [38;2;38;26;38m  [38;2;132;91;131m  [38;2;42;29;42m  [38;2;132;91;131m  [38;2;5;6;5m  [38;2;16;31;28m██[38;2;12;14;16m  [38;2;47;50;49m██[38;2;141;194;197m██[38;2;105;140;145m██[38;2;153;170;177m██[38;2;114;184;188m██[38;2;63;103;92m██[38;2;20;46;44m██[38;2;25;25;26m  [38;2;47;47;49m  [38;2;7;10;7m  [38;2;58;76;77m██[38;2;65;120;121m██[38;2;14;30;27m  [38;2;0;0;0m                  
[38;2;11;7;11m  [38;2;162;115;158m  [38;2;213;156;205m██[38;2;255;195;240m██[38;2;209;152;202m██[38;2;149;105;146m  [38;2;0;0;0m        [38;2;0;1;2m  [38;2;35;48;48m  [38;2;59;110;89m██[38;2;66;119;92m██[38;2;41;86;84m██[38;2;0;0;0m        [38;2;0;3;0m    [38;2;4;2;4m  [38;2;131;92;129m  [38;2;44;30;44m  [38;2;15;10;15m  [38;2;0;0;0m            
[38;2;159;113;155m  [38;2;250;190;236m██[38;2;255;195;239m██[38;2;255;195;240m██[38;2;248;189;234m██[38;2;149;105;146m  [38;2;0;0;0m            [38;2;15;35;29m██[38;2;21;49;40m██[38;2;7;18;13m  [38;2;0;0;0m            [38;2;17;11;17m  [38;2;200;144;195m██[38;2;206;149;199m██[38;2;158;111;156m  [38;2;0;0;0m            
[38;2;197;140;192m██[38;2;255;195;240m██[38;2;255;195;239m██[38;2;255;195;240m██[38;2;255;195;239m██[38;2;189;133;186m██[38;2;0;0;0m                [38;2;21;14;21m  [38;2;0;0;0m  [38;2;44;30;44m  [38;2;42;29;42m  [38;2;0;0;0m      [38;2;180;125;179m██[38;2;216;158;208m██[38;2;214;156;206m██[38;2;158;111;156m  [38;2;0;0;0m            
[38;2;83;58;82m  [38;2;241;182;229m██[38;2;255;195;239m██[38;2;255;195;240m██[38;2;236;177;224m██[38;2;68;48;67m  [38;2;0;0;0m                [38;2;182;132;176m  [38;2;132;91;131m  [38;2;235;176;224m██[38;2;232;174;221m  [38;2;59;41;59m  [38;2;0;0;0m    [38;2;58;40;57m  [38;2;186;131;183m██[38;2;168;118;165m  [38;2;15;10;15m  [38;2;0;0;0m            
[38;2;0;0;0m  [38;2;102;70;102m  [38;2;235;176;224m██[38;2;235;176;223m██[38;2;89;61;89m  [38;2;0;0;0m              [38;2;113;80;110m  [38;2;196;140;191m██[38;2;255;195;240m██████[38;2;255;195;239m██[38;2;212;154;204m██[38;2;0;0;0m                        
[38;2;0;0;0m    [38;2;44;30;44m    [38;2;0;0;0m              [38;2;124;85;123m  [38;2;244;184;231m██[38;2;255;195;239m██[38;2;255;195;240m██████[38;2;253;193;238m██[38;2;113;80;110m  [38;2;0;0;0m                        
[38;2;0;0;0m                      [38;2;124;85;123m  [38;2;244;184;231m██[38;2;255;195;239m██[38;2;255;195;240m████[38;2;207;150;200m██[38;2;232;174;221m  [38;2;59;41;59m  [38;2;0;0;0m                        
[38;2;0;0;0m                        [38;2;113;80;110m  [38;2;253;193;238m██[38;2;255;195;240m██[38;2;196;140;192m██[38;2;44;30;44m  [38;2;42;29;42m  [38;2;0;0;0m                          [0m
