
[38;2;0;0;0m        [38;2;29;28;29m  [38;2;0;0;0m                              
[38;2;0;0;0m        [38;2;190;188;190m██[38;2;0;0;0m                              
[38;2;0;0;0m        [38;2;135;133;135m██[38;2;62;61;62m  [38;2;0;0;0m                        [38;2;76;76;76m██[38;2;21;21;21m  
[38;2;0;0;0m        [38;2;83;78;83m██[38;2;222;197;218m██[38;2;0;0;0m                    [38;2;209;209;209m████[38;2;218;218;218m██[38;2;12;12;12m  
[38;2;0;0;0m        [38;2;145;126;143m██[38;2;138;122;136m  [38;2;24;19;23m  [38;2;0;0;0m              [38;2;84;72;84m  [38;2;221;220;221m██[38;2;180;180;180m██[38;2;183;183;183m██[38;2;138;138;138m  [38;2;0;0;0m  
[38;2;0;0;0m        [38;2;144;102;136m██[38;2;65;64;65m██[38;2;167;131;160m██[38;2;216;169;219m██[38;2;70;55;71m  [38;2;0;0;0m        [38;2;93;80;93m  [38;2;254;218;254m██[38;2;77;76;77m████[38;2;245;244;245m██[38;2;0;0;0m    
[38;2;0;0;0m        [38;2;103;65;95m██[38;2;69;67;69m██[38;2;215;173;222m██[38;2;250;194;252m██[38;2;171;136;171m██[38;2;100;84;104m██[38;2;95;74;96m██[38;2;0;0;0m  [38;2;27;21;27m  [38;2;221;175;224m██[38;2;67;66;67m██[38;2;73;75;79m██[38;2;206;193;204m██[38;2;95;93;95m██[38;2;0;0;0m    
[38;2;0;0;0m        [38;2;10;6;9m  [38;2;233;184;236m██[38;2;245;190;245m██[38;2;100;100;120m██[38;2;192;155;197m██[38;2;254;197;254m██[38;2;252;197;255m██[38;2;226;177;229m██[38;2;86;78;87m██[38;2;179;148;183m██[38;2;80;82;87m██[38;2;163;141;176m██[38;2;232;185;234m██[38;2;9;9;9m  [38;2;0;0;0m    
[38;2;0;0;0m        [38;2;12;12;12m  [38;2;252;196;254m██[38;2;255;195;254m██[38;2;253;196;254m████[38;2;201;150;198m██[38;2;212;170;217m██[38;2;191;153;193m██[38;2;229;180;230m██[38;2;148;124;150m██[38;2;249;195;252m██[38;2;146;114;147m██[38;2;0;0;0m        
[38;2;0;0;0m        [38;2;114;89;115m██[38;2;80;75;80m██[38;2;255;195;254m████[38;2;228;159;219m██[38;2;179;121;168m██[38;2;209;167;212m██[38;2;248;194;251m██[38;2;253;195;252m██[38;2;179;143;178m██[38;2;76;71;76m██[38;2;0;0;0m          
[38;2;0;0;0m      [38;2;0;3;7m  [38;2;137;169;149m██[38;2;252;216;252m██[38;2;142;114;137m██[38;2;147;103;138m████[38;2;157;113;150m██[38;2;234;169;229m██[38;2;255;195;253m██[38;2;164;134;165m██[38;2;193;155;196m██[38;2;119;93;120m██[38;2;0;0;0m          
[38;2;0;0;0m      [38;2;231;222;231m  [38;2;23;163;67m██[38;2;252;197;254m██[38;2;252;194;251m██[38;2;248;194;251m██[38;2;96;167;121m██[38;2;26;157;63m██[38;2;202;232;211m██[38;2;223;156;210m██[38;2;252;196;250m██[38;2;254;196;254m████[38;2;0;0;0m          
[38;2;46;35;46m██[38;2;235;184;236m██[38;2;159;129;161m██[38;2;229;186;223m██[38;2;192;212;205m██[38;2;253;220;254m██[38;2;255;195;253m██[38;2;227;194;230m██[38;2;37;164;75m██[38;2;47;170;83m████[38;2;242;216;236m██[38;2;250;188;247m██[38;2;255;195;254m████[38;2;0;0;0m          
[38;2;68;52;68m  [38;2;254;195;252m██[38;2;137;116;138m██[38;2;254;241;254m██[38;2;166;160;166m██[38;2;251;241;251m████[38;2;219;195;219m██[38;2;63;203;89m██[38;2;72;204;94m██[38;2;26;157;62m██[38;2;241;215;235m██[38;2;249;188;247m██[38;2;254;196;254m██[38;2;255;195;254m██[38;2;119;93;121m██[38;2;0;0;0m        
[38;2;2;0;0m  [38;2;175;134;166m██[38;2;190;172;188m██[38;2;254;243;251m██[38;2;254;245;253m██[38;2;167;161;167m████[38;2;252;238;251m██[38;2;162;164;168m██[38;2;124;149;136m██[38;2;188;190;191m██[38;2;239;178;237m██[38;2;172;146;184m██[38;2;201;163;208m██[38;2;255;195;254m██[38;2;119;93;121m██[38;2;0;0;0m        
[38;2;0;0;0m    [38;2;144;139;144m██[38;2;254;245;252m██[38;2;253;245;252m██[38;2;254;245;252m██████[38;2;254;245;254m██[38;2;254;198;252m██[38;2;244;192;248m██[38;2;94;97;114m██[38;2;232;184;237m██[38;2;159;120;161m██[38;2;247;194;251m██[38;2;132;105;129m██[38;2;0;0;0m        
[38;2;0;0;0m    [38;2;95;91;95m██[38;2;254;244;252m██[38;2;254;245;252m████[38;2;254;244;252m██[38;2;254;245;252m██[38;2;254;244;252m██[38;2;254;240;253m  [38;2;199;168;205m██[38;2;253;196;254m██[38;2;252;196;254m██[38;2;181;152;191m  [38;2;228;160;220m██[38;2;198;138;188m██[38;2;0;0;0m        
[38;2;0;0;0m      [38;2;231;224;230m██[38;2;252;243;250m██[38;2;254;245;252m██[38;2;253;245;252m██[38;2;254;245;252m██[38;2;253;245;252m██[38;2;254;245;252m██[38;2;255;210;252m██[38;2;254;196;254m██[38;2;249;191;250m██[38;2;147;113;151m██[38;2;216;137;200m██[38;2;215;138;199m██[38;2;200;126;185m██[38;2;0;0;0m      
[38;2;0;0;0m      [38;2;78;78;78m  [38;2;224;222;224m██[38;2;254;245;254m██[38;2;254;245;252m██████[38;2;248;244;247m██[38;2;227;223;227m██[38;2;227;160;220m██[38;2;216;140;202m██[38;2;215;138;200m██████[38;2;76;48;70m  [38;2;0;0;0m      
[38;2;0;0;0m        [38;2;196;194;196m██[38;2;211;210;211m██[38;2;211;209;211m██[38;2;244;240;244m██[38;2;238;235;238m██[38;2;224;221;224m██[38;2;219;216;219m██[38;2;215;138;200m██[38;2;215;138;199m██[38;2;215;138;200m██[38;2;215;138;199m██[38;2;88;55;82m  [38;2;0;0;0m        
[38;2;0;0;0m        [38;2;83;76;83m██[38;2;117;116;117m██[38;2;212;209;212m██[38;2;214;211;214m██[38;2;216;214;216m██[38;2;222;220;222m██[38;2;212;208;209m██[38;2;215;138;200m██[38;2;216;137;200m██[38;2;155;98;144m██[38;2;73;46;67m██[38;2;0;0;0m          
[38;2;0;0;0m    [38;2;162;128;165m██[38;2;251;196;254m██[38;2;238;173;233m██[38;2;174;110;162m██[38;2;53;52;53m██[38;2;21;21;21m  [38;2;173;172;173m██[38;2;185;183;184m██[38;2;188;136;177m██[38;2;188;124;175m██[38;2;74;52;71m██[38;2;0;1;3m  [38;2;0;0;0m            
[38;2;0;0;0m    [38;2;75;59;76m██████[38;2;0;0;0m        [38;2;50;42;48m██[38;2;188;146;181m██[38;2;184;143;177m██[38;2;19;15;18m██[38;2;0;0;0m              
[38;2;0;0;0m                  [38;2;47;37;47m██[38;2;242;190;245m██[38;2;238;187;241m██[38;2;26;20;26m██[38;2;0;0;0m              
[38;2;0;0;0m                  [38;2;3;3;3m  [38;2;54;43;55m██[38;2;49;39;50m██[38;2;2;2;2m  [38;2;0;0;0m              [0m
