  [38;2;7;7;7m▄[38;2;7;7;7m▄[38;2;7;7;7m[48;2;245;214;96m▀[0m[38;2;7;7;7m[48;2;245;214;96m▀[0m[38;2;7;7;7m[48;2;245;214;96m▀[0m[38;2;7;7;7m[48;2;246;180;54m▀[0m[38;2;7;7;7m▄[38;2;7;7;7m▄      
 [38;2;7;7;7m[48;2;7;7;7m▀[0m[38;2;245;214;96m[48;2;246;180;54m▀[0m[38;2;245;214;96m[48;2;245;214;96m▀[0m[38;2;245;214;96m[48;2;7;7;7m▀[0m[38;2;245;214;96m[48;2;245;214;96m▀[0m[38;2;245;214;96m[48;2;245;214;96m▀[0m[38;2;245;214;96m[48;2;245;214;96m▀[0m[38;2;245;214;96m[48;2;245;214;96m▀[0m[38;2;246;180;54m[48;2;245;214;96m▀[0m[38;2;7;7;7m[48;2;246;180;54m▀[0m[38;2;7;7;7m▄    
[38;2;7;7;7m[48;2;7;7;7m▀[0m[38;2;142;147;234m[48;2;93;96;209m▀[0m[38;2;142;147;234m[48;2;142;147;234m▀[0m[38;2;246;180;54m[48;2;142;147;234m▀[0m[38;2;7;7;7m[48;2;93;96;209m▀[0m[38;2;245;214;96m[48;2;245;214;96m▀[0m[38;2;245;214;96m[48;2;245;214;96m▀[0m[38;2;245;214;96m[48;2;245;214;96m▀[0m[38;2;245;214;96m[48;2;245;214;96m▀[0m[38;2;245;214;96m[48;2;245;214;96m▀[0m[38;2;245;214;96m[48;2;245;214;96m▀[0m[38;2;7;7;7m[48;2;246;180;54m▀[0m[38;2;7;7;7m▄   
 [38;2;7;7;7m▀[38;2;93;96;209m[48;2;7;7;7m▀[0m[38;2;93;96;209m[48;2;7;7;7m▀[0m[38;2;245;214;96m[48;2;7;7;7m▀[0m[38;2;245;214;96m[48;2;7;7;7m▀[0m[38;2;245;214;96m[48;2;246;180;54m▀[0m[38;2;245;214;96m[48;2;245;214;96m▀[0m[38;2;245;214;96m[48;2;245;214;96m▀[0m[38;2;245;214;96m[48;2;245;214;96m▀[0m[38;2;245;214;96m[48;2;245;214;96m▀[0m[38;2;245;214;96m[48;2;245;214;96m▀[0m[38;2;7;7;7m[48;2;7;7;7m▀[0m   
      [38;2;7;7;7m[48;2;7;7;7m▀[0m[38;2;246;180;54m[48;2;245;214;96m▀[0m[38;2;245;214;96m[48;2;245;214;96m▀[0m[38;2;245;214;96m[48;2;245;214;96m▀[0m[38;2;245;214;96m[48;2;245;214;96m▀[0m[38;2;246;180;54m[48;2;7;7;7m▀[0m[38;2;7;7;7m▀   
      [38;2;7;7;7m[48;2;7;7;7m▀[0m[38;2;245;214;96m[48;2;245;214;96m▀[0m[38;2;245;214;96m[48;2;245;214;96m▀[0m[38;2;245;214;96m[48;2;245;214;96m▀[0m[38;2;245;214;96m[48;2;246;180;54m▀[0m[38;2;7;7;7m[48;2;7;7;7m▀[0m    
   [38;2;7;7;7m▄[38;2;7;7;7m[48;2;66;66;66m▀[0m[38;2;7;7;7m[48;2;66;66;66m▀[0m[38;2;246;180;54m[48;2;246;180;54m▀[0m[38;2;245;214;96m[48;2;246;180;54m▀[0m[38;2;245;214;96m[48;2;246;180;54m▀[0m[38;2;246;180;54m[48;2;246;180;54m▀[0m[38;2;7;7;7m[48;2;7;7;7m▀[0m[38;2;7;7;7m▄[38;2;7;7;7m▄   
[38;2;7;7;7m▄[38;2;7;7;7m[48;2;107;173;156m▀[0m[38;2;7;7;7m[48;2;65;116;103m▀[0m[38;2;66;66;66m[48;2;65;116;103m▀[0m[38;2;65;116;103m[48;2;66;66;66m▀[0m[38;2;66;66;66m[48;2;66;66;66m▀[0m[38;2;246;180;54m[48;2;66;66;66m▀[0m[38;2;246;180;54m[48;2;246;180;54m▀[0m[38;2;246;180;54m[48;2;246;180;54m▀[0m[38;2;246;180;54m[48;2;66;66;66m▀[0m[38;2;66;66;66m[48;2;65;116;103m▀[0m[38;2;65;116;103m[48;2;65;116;103m▀[0m[38;2;65;116;103m[48;2;107;173;156m▀[0m[38;2;7;7;7m[48;2;107;173;156m▀[0m[38;2;7;7;7m▄ 
[38;2;7;7;7m▀[38;2;65;116;103m[48;2;7;7;7m▀[0m[38;2;65;116;103m[48;2;65;116;103m▀[0m[38;2;66;66;66m[48;2;107;173;156m▀[0m[38;2;107;173;156m[48;2;107;173;156m▀[0m[38;2;107;173;156m[48;2;66;66;66m▀[0m[38;2;66;66;66m[48;2;107;173;156m▀[0m[38;2;66;66;66m[48;2;107;173;156m▀[0m[38;2;66;66;66m[48;2;107;173;156m▀[0m[38;2;65;116;103m[48;2;107;173;156m▀[0m[38;2;66;66;66m[48;2;65;116;103m▀[0m[38;2;65;116;103m[48;2;66;66;66m▀[0m[38;2;65;116;103m[48;2;65;116;103m▀[0m[38;2;107;173;156m[48;2;65;116;103m▀[0m[38;2;107;173;156m[48;2;7;7;7m▀[0m[38;2;7;7;7m▀
  [38;2;7;7;7m▀[38;2;65;116;103m[48;2;7;7;7m▀[0m[38;2;107;173;156m[48;2;7;7;7m▀[0m[38;2;66;66;66m[48;2;65;116;103m▀[0m[38;2;65;116;103m[48;2;65;116;103m▀[0m[38;2;107;173;156m[48;2;107;173;156m▀[0m[38;2;107;173;156m[48;2;65;116;103m▀[0m[38;2;65;116;103m[48;2;65;116;103m▀[0m[38;2;65;116;103m[48;2;7;7;7m▀[0m[38;2;65;116;103m[48;2;7;7;7m▀[0m[38;2;7;7;7m▀[38;2;7;7;7m▀  
     [38;2;7;7;7m▀[38;2;7;7;7m▀[38;2;7;7;7m▀[38;2;7;7;7m▀[38;2;7;7;7m▀      
[0m