
[38;2;0;0;0m                            [38;2;16;16;16m  [38;2;65;65;65m      [38;2;55;55;56m  [38;2;25;23;27m          [38;2;0;0;0m    [38;2;27;26;30m██[38;2;6;6;7m  [38;2;0;0;0m        
[38;2;0;0;0m                            [38;2;63;63;63m  [38;2;106;106;106m    [38;2;255;255;255m  [38;2;215;214;218m  [38;2;97;92;108m        [38;2;40;38;45m  [38;2;71;67;79m██[38;2;83;78;91m██[38;2;87;82;95m██[38;2;6;5;6m  [38;2;0;0;0m        
[38;2;0;0;0m                              [38;2;157;157;157m██[38;2;63;63;63m  [38;2;255;255;255m  [38;2;215;214;218m  [38;2;97;91;108m  [38;2;90;85;100m  [38;2;66;65;67m  [38;2;24;23;27m    [38;2;107;101;117m████[38;2;49;47;51m██[38;2;0;0;0m          
[38;2;0;0;0m                      [38;2;154;154;154m  [38;2;0;0;0m    [38;2;42;42;42m  [38;2;72;72;72m██[38;2;218;218;218m  [38;2;100;100;100m  [38;2;215;214;218m  [38;2;97;91;108m  [38;2;59;58;59m  [38;2;76;76;75m██[38;2;64;60;70m  [38;2;70;66;76m  [38;2;108;102;118m██[38;2;95;89;105m██[38;2;65;61;73m██[38;2;0;0;0m          
[38;2;0;0;0m                    [38;2;20;21;20m  [38;2;193;194;193m██[38;2;157;157;157m██[38;2;0;0;0m  [38;2;50;50;50m██[38;2;64;65;64m██[38;2;149;149;149m  [38;2;197;197;197m██[38;2;68;65;69m  [38;2;71;70;71m  [38;2;183;182;180m██[38;2;65;64;67m██[38;2;42;39;47m██[38;2;88;81;97m██[38;2;72;68;79m██[38;2;42;39;46m  [38;2;48;45;53m  [38;2;24;23;26m  [38;2;0;0;0m        
[38;2;0;0;0m                    [38;2;63;63;63m██[38;2;219;219;219m██[38;2;201;201;201m██[38;2;44;44;44m  [38;2;57;58;57m██[38;2;173;67;78m██[38;2;99;99;99m██[38;2;220;220;220m██[38;2;168;168;169m██[38;2;176;176;175m██[38;2;83;81;84m██[38;2;86;80;96m██[38;2;87;81;97m██[38;2;32;30;35m██[38;2;82;77;91m  [38;2;94;88;103m  [38;2;97;92;108m  [38;2;24;23;27m  [38;2;0;0;0m        
[38;2;0;0;0m                    [38;2;244;244;244m██[38;2;169;169;169m██[38;2;84;83;85m██[38;2;149;153;156m██[38;2;149;63;70m██[38;2;100;62;67m██[38;2;244;244;244m██[38;2;211;211;211m██[38;2;170;170;170m██[38;2;136;137;139m██[38;2;78;74;87m██[38;2;88;81;97m████[38;2;45;42;51m██[38;2;71;67;78m  [38;2;97;92;107m    [38;2;24;23;26m  [38;2;0;0;0m        
[38;2;0;0;0m                    [38;2;243;243;243m██[38;2;95;94;95m██[38;2;135;61;87m██[38;2;89;68;73m██[38;2;193;65;76m██[38;2;101;71;77m██[38;2;215;215;215m██[38;2;109;108;109m██[38;2;196;196;196m██[38;2;184;102;130m██[38;2;55;56;61m██[38;2;93;88;102m██[38;2;88;81;97m██[38;2;88;81;98m██[38;2;24;23;27m  [38;2;98;91;107m  [38;2;97;92;108m  [38;2;24;23;27m  [38;2;0;0;0m        
[38;2;0;0;0m  [38;2;64;64;63m  [38;2;195;195;192m████[38;2;184;184;181m██[38;2;43;34;34m██[38;2;121;63;70m██[38;2;219;153;160m██[38;2;116;49;70m██[38;2;59;50;53m██[38;2;205;205;205m██[38;2;143;49;81m██[38;2;113;62;81m██[38;2;191;61;74m██[38;2;169;55;75m██[38;2;205;205;205m██[38;2;145;145;146m██[38;2;194;144;150m██[38;2;222;130;140m██[38;2;189;50;87m██[38;2;143;49;81m██[38;2;95;90;102m██[38;2;100;95;108m██[38;2;112;71;85m██[38;2;140;53;60m██[38;2;84;72;73m██[38;2;77;76;78m  [38;2;14;13;16m  [38;2;0;0;0m        
[38;2;0;0;0m  [38;2;14;14;13m██    [38;2;89;57;58m██[38;2;171;160;160m██[38;2;116;63;69m██[38;2;231;61;76m██[38;2;213;59;84m██[38;2;86;59;70m██[38;2;94;77;86m██[38;2;141;55;85m██[38;2;92;91;92m██[38;2;223;97;110m██[38;2;170;162;165m██[38;2;205;205;205m██[38;2;72;91;107m██[38;2;205;97;123m██[38;2;226;97;110m██[38;2;208;196;199m██[38;2;170;162;165m██[38;2;95;90;102m██[38;2;108;102;118m██[38;2;69;67;72m██[38;2;153;54;82m██[38;2;192;73;85m██[38;2;223;72;85m██[38;2;125;60;63m██[38;2;0;0;0m        
[38;2;0;0;0m        [38;2;60;48;50m██[38;2;141;65;73m██[38;2;160;63;72m██[38;2;230;60;76m██[38;2;232;64;81m██[38;2;200;109;130m██[38;2;128;107;115m██[38;2;128;62;85m██[38;2;100;99;101m██[38;2;199;145;164m██[38;2;184;193;201m██[38;2;45;80;112m██[38;2;160;199;231m██[38;2;170;78;99m██[38;2;175;129;144m██[38;2;121;50;77m██[38;2;79;75;85m██[38;2;107;101;117m██[38;2;102;97;111m██[38;2;102;63;79m██[38;2;173;102;124m██[38;2;73;56;64m██[38;2;141;144;146m██[38;2;123;132;132m██[38;2;98;97;98m  [38;2;6;6;6m  [38;2;0;0;0m    
[38;2;0;0;0m      [38;2;149;149;149m  [38;2;214;214;211m██[38;2;108;101;102m██[38;2;231;63;79m██[38;2;230;60;76m██[38;2;227;99;112m██[38;2;183;92;123m██[38;2;171;57;96m██[38;2;47;27;33m██[38;2;19;19;19m██[38;2;206;206;207m██[38;2;246;207;212m██[38;2;221;66;86m██[38;2;141;107;116m██[38;2;40;41;41m██[38;2;68;52;60m██[38;2;62;62;69m██[38;2;106;100;116m██[38;2;107;101;117m██[38;2;67;62;65m██[38;2;94;75;82m██[38;2;109;109;109m██[38;2;217;217;215m████[38;2;212;212;212m██[38;2;99;98;99m██[38;2;199;199;199m██[38;2;0;0;0m    
[38;2;24;24;24m  [38;2;187;187;184m██[38;2;116;116;115m██[38;2;136;135;136m██[38;2;123;61;70m██[38;2;131;63;71m██[38;2;173;63;74m██[38;2;230;60;76m██[38;2;231;60;76m██[38;2;188;52;87m██[38;2;130;36;68m██[38;2;0;0;0m  [38;2;29;29;29m  [38;2;195;195;195m██[38;2;130;131;130m██[38;2;112;112;112m██[38;2;118;118;118m  [38;2;220;220;220m  [38;2;100;99;102m  [38;2;47;43;52m██[38;2;70;66;76m██[38;2;82;77;88m██[38;2;148;148;148m██[38;2;194;144;161m██[38;2;156;48;85m██[38;2;110;51;72m██[38;2;56;56;57m██[38;2;115;117;119m██[38;2;162;162;162m██[38;2;249;249;249m██[38;2;191;191;191m██[38;2;0;0;0m  
[38;2;52;52;52m██[38;2;55;55;55m██[38;2;0;0;0m    [38;2;105;103;103m██[38;2;160;102;102m██[38;2;111;47;49m██[38;2;231;63;80m██[38;2;217;53;89m██[38;2;173;49;88m██[38;2;2;0;1m  [38;2;0;0;0m  [38;2;1;1;1m  [38;2;3;3;3m██[38;2;62;62;62m  [38;2;250;250;250m  [38;2;255;255;255m    [38;2;253;253;253m  [38;2;250;250;250m  [38;2;188;188;188m  [38;2;44;22;31m██[38;2;172;53;92m██[38;2;112;65;83m██[38;2;58;55;57m████[38;2;251;251;251m██[38;2;219;219;219m██[38;2;170;170;170m██[38;2;206;206;206m██[38;2;211;211;211m██[38;2;51;51;51m  
[38;2;26;26;26m    [38;2;27;27;26m  [38;2;187;187;185m██[38;2;111;111;109m██[38;2;27;35;33m  [38;2;115;67;68m██[38;2;144;143;142m██[38;2;73;28;41m██[38;2;8;7;9m  [38;2;0;0;0m        [38;2;31;32;31m  [38;2;90;71;75m  [38;2;94;61;72m  [38;2;127;127;127m  [38;2;255;255;255m    [38;2;127;131;127m  [38;2;96;56;71m  [38;2;157;49;85m██[38;2;111;60;76m██[38;2;151;150;150m██[38;2;135;134;134m██[38;2;113;110;111m██[38;2;120;74;90m██[38;2;74;75;77m██[38;2;192;192;192m██[38;2;211;211;211m██[38;2;52;52;52m██
[38;2;0;0;0m    [38;2;54;54;53m████[38;2;0;0;0m    [38;2;212;212;211m██[38;2;54;54;53m  [38;2;0;0;0m            [38;2;32;30;34m██[38;2;89;69;76m██[38;2;165;79;105m██[38;2;170;55;94m██[38;2;64;63;63m    [38;2;126;58;79m██[38;2;169;53;93m██[38;2;101;57;66m██[38;2;102;53;66m██[38;2;170;46;89m██[38;2;43;12;23m██[38;2;188;194;192m  [38;2;47;36;38m██[38;2;95;97;99m██[38;2;209;209;209m██[38;2;210;210;210m██[38;2;51;51;51m  
[38;2;0;0;0m    [38;2;24;24;24m    [38;2;0;0;0m    [38;2;167;167;164m██[38;2;0;0;0m              [38;2;17;16;18m  [38;2;60;57;65m  [38;2;119;118;120m  [38;2;147;53;86m██[38;2;153;43;80m██[38;2;83;22;43m██[38;2;103;28;53m██[38;2;85;53;65m██[38;2;138;112;130m██[38;2;117;54;69m██[38;2;96;85;96m██[38;2;61;58;61m██[38;2;133;133;135m██[38;2;218;218;217m██[38;2;206;206;206m██[38;2;133;134;133m██[38;2;70;70;70m  [38;2;0;0;0m  
[38;2;0;0;0m                            [38;2;28;27;31m  [38;2;104;99;114m  [38;2;25;23;28m██[38;2;141;51;85m██[38;2;13;13;13m  [38;2;194;194;194m    [38;2;13;13;13m  [38;2;83;51;63m██[38;2;85;53;65m██[38;2;131;103;124m██[38;2;148;38;77m██[38;2;13;13;13m  [38;2;43;43;43m  [38;2;101;100;101m██[38;2;201;201;201m██[38;2;0;0;0m    
[38;2;0;0;0m                            [38;2;63;63;63m  [38;2;172;172;172m  [38;2;63;60;67m██[38;2;61;58;66m  [38;2;255;255;255m        [38;2;26;13;18m██[38;2;115;72;86m██[38;2;144;61;88m██[38;2;23;12;16m██[38;2;109;109;109m  [38;2;117;117;117m  [38;2;118;117;118m██[38;2;22;22;22m  [38;2;0;0;0m    
[38;2;0;0;0m                        [38;2;16;16;16m  [38;2;0;0;0m  [38;2;80;80;80m  [38;2;255;255;255m  [38;2;119;114;128m  [38;2;103;97;112m  [38;2;233;233;233m    [38;2;17;14;15m██[38;2;14;4;7m██[38;2;121;116;122m██[38;2;67;63;70m██[38;2;41;30;33m  [38;2;0;5;3m  [38;2;0;0;0m  [38;2;143;143;143m  [38;2;0;0;0m        
[38;2;0;0;0m                        [38;2;191;191;191m  [38;2;115;115;115m██[38;2;139;139;139m  [38;2;255;255;255m  [38;2;101;101;101m  [38;2;130;54;61m  [38;2;130;36;50m██[38;2;103;28;54m██[38;2;189;120;143m██[38;2;141;81;102m██[38;2;126;54;78m██[38;2;100;71;82m██[38;2;0;0;0m                
[38;2;0;0;0m                    [38;2;7;7;7m    [38;2;198;198;198m  [38;2;138;138;135m  [38;2;180;179;179m██[38;2;26;26;26m██[38;2;216;63;78m██[38;2;231;61;77m██[38;2;226;94;106m██[38;2;214;194;196m██[38;2;197;154;169m██[38;2;200;169;180m██[38;2;178;96;124m██[38;2;46;46;46m  [38;2;0;0;0m                
[38;2;0;0;0m                    [38;2;56;56;56m████[38;2;255;255;255m  [38;2;187;187;190m  [38;2;44;44;44m██[38;2;117;116;115m██[38;2;184;61;74m██[38;2;231;61;77m██[38;2;231;61;76m██[38;2;231;62;77m██[38;2;201;54;85m██[38;2;200;169;179m██[38;2;97;97;97m  [38;2;40;40;40m  [38;2;0;0;0m                
[38;2;0;0;0m                    [38;2;44;44;44m  [38;2;201;201;201m██[38;2;14;14;14m██[38;2;32;32;31m██[38;2;207;207;206m██[38;2;198;198;195m██[38;2;111;56;67m██[38;2;208;60;75m██[38;2;224;61;74m██[38;2;223;62;75m██[38;2;212;63;88m██[38;2;178;150;160m██[38;2;93;93;93m  [38;2;63;63;63m  [38;2;0;0;0m                
[38;2;0;0;0m                      [38;2;51;51;51m  [38;2;167;168;170m██[38;2;105;105;106m██[38;2;122;122;122m██[38;2;169;169;167m██[38;2;94;53;67m██[38;2;93;60;64m██[38;2;113;60;62m██[38;2;112;63;64m██[38;2;200;169;180m██[38;2;52;52;52m██[38;2;255;255;255m  [38;2;63;63;63m  [38;2;0;0;0m                
[38;2;0;0;0m                        [38;2;86;85;86m██[38;2;182;182;182m██[38;2;122;122;122m  [38;2;34;34;34m  [38;2;122;122;126m██[38;2;200;200;197m██[38;2;103;102;103m██[38;2;93;92;92m██[38;2;0;0;0m  [38;2;154;154;154m  [38;2;206;206;206m  [38;2;51;51;51m  [38;2;0;0;0m                
[38;2;0;0;0m                          [38;2;13;13;13m  [38;2;136;135;136m  [38;2;26;25;23m  [38;2;213;213;212m██[38;2;64;63;63m██[38;2;94;93;93m██[38;2;53;53;54m██[38;2;0;0;0m                        
[38;2;0;0;0m                            [38;2;167;167;165m██[38;2;208;208;205m██[38;2;122;122;122m  [38;2;0;0;0m                              
[38;2;0;0;0m                            [38;2;13;13;13m  [38;2;54;54;54m██[38;2;0;0;0m                                [0m
