
[38;2;0;0;0m                [38;2;0;1;0m  [38;2;44;20;17m██[38;2;0;1;0m  [38;2;0;0;0m                          
[38;2;0;0;0m              [38;2;9;6;3m  [38;2;157;60;60m██[38;2;37;17;14m  [38;2;0;0;0m                            
[38;2;0;0;0m            [38;2;0;2;0m  [38;2;202;76;76m██[38;2;205;97;101m██[38;2;81;58;59m██[38;2;57;27;25m██[38;2;46;20;17m  [38;2;0;1;0m  [38;2;0;0;0m                      
[38;2;0;0;0m            [38;2;86;33;32m  [38;2;202;77;80m██[38;2;186;125;127m██[38;2;207;94;98m██[38;2;198;73;77m██[38;2;191;69;73m██[38;2;158;64;68m██[38;2;0;2;0m  [38;2;0;0;0m                    
[38;2;0;0;0m            [38;2;94;44;52m██[38;2;155;68;76m██[38;2;133;71;85m██[38;2;162;70;73m██[38;2;210;140;142m██[38;2;175;100;103m██[38;2;18;10;6m  [38;2;91;37;34m██[38;2;0;0;0m                    
[38;2;0;0;0m            [38;2;10;12;10m  [38;2;135;91;138m██[38;2;190;91;153m██[38;2;85;66;67m██[38;2;201;71;75m██[38;2;197;183;183m██[38;2;26;14;12m  [38;2;0;0;0m                      
[38;2;0;0;0m        [38;2;0;1;0m  [38;2;0;0;0m  [38;2;95;44;64m██[38;2;156;65;70m██[38;2;128;78;110m██[38;2;155;71;74m██[38;2;201;75;78m██[38;2;165;66;69m██[38;2;30;16;14m██[38;2;23;12;18m  [38;2;75;37;60m██[38;2;0;0;0m    [38;2;36;20;28m██[38;2;0;1;0m  [38;2;0;0;0m          
[38;2;0;0;0m      [38;2;0;3;0m  [38;2;90;64;83m██[38;2;1;9;22m  [38;2;169;82;106m██[38;2;169;70;70m██[38;2;148;86;122m██[38;2;119;74;105m██[38;2;123;60;64m██[38;2;119;59;63m██[38;2;104;68;94m██[38;2;140;76;119m██[38;2;197;93;159m██[38;2;35;37;35m  [38;2;0;0;0m  [38;2;94;46;76m██[38;2;178;85;139m██[38;2;77;39;61m  [38;2;0;0;0m  [38;2;0;3;0m  [38;2;0;0;0m    
[38;2;0;1;0m  [38;2;43;28;38m██[38;2;0;2;0m  [38;2;46;32;42m  [38;2;93;68;87m██[38;2;109;61;76m██[38;2;134;70;84m██[38;2;142;77;122m██[38;2;112;82;102m██[38;2;182;89;151m██[38;2;75;65;71m██[38;2;100;71;92m██[38;2;82;66;76m██[38;2;127;76;113m██[38;2;187;90;152m██[38;2;118;76;102m██[38;2;90;44;72m██[38;2;142;81;119m██[38;2;143;82;118m██[38;2;198;93;157m██[38;2;60;39;53m██[38;2;117;75;106m██[38;2;0;3;0m  [38;2;0;0;0m  
[38;2;0;1;0m  [38;2;103;63;92m██[38;2;104;65;94m██[38;2;118;78;107m██[38;2;162;141;156m██[38;2;194;93;154m██[38;2;149;82;107m██[38;2;76;58;80m██[38;2;134;94;120m██[38;2;187;90;152m██[38;2;85;68;80m██[38;2;115;73;102m██[38;2;164;84;138m██[38;2;87;69;82m██[38;2;187;90;152m██[38;2;144;81;121m██[38;2;190;91;153m██████[38;2;132;78;108m██[38;2;186;90;151m██[38;2;125;76;112m██[38;2;96;59;87m  [38;2;0;1;0m  
[38;2;0;0;0m  [38;2;55;35;50m  [38;2;119;75;106m██[38;2;156;83;135m██[38;2;198;89;142m██[38;2;221;220;219m██[38;2;180;151;169m██[38;2;196;92;157m██[38;2;151;82;124m██[38;2;198;94;155m██[38;2;148;83;123m██[38;2;143;81;120m██[38;2;145;66;84m██[38;2;88;69;81m██[38;2;189;92;149m██[38;2;198;94;156m██[38;2;131;78;111m██[38;2;118;73;102m██[38;2;196;92;158m██[38;2;171;87;140m██[38;2;123;77;107m██[38;2;117;75;106m██[38;2;103;63;92m██[38;2;0;1;0m  
[38;2;0;0;0m  [38;2;0;6;0m  [38;2;102;75;95m██[38;2;68;65;67m██[38;2;201;75;75m██[38;2;198;95;158m██[38;2;67;58;62m██[38;2;80;62;69m██[38;2;139;138;139m██[38;2;162;72;104m██[38;2;197;84;130m██[38;2;182;86;134m██[38;2;184;71;74m██[38;2;106;73;94m██[38;2;142;81;122m██[38;2;170;86;141m██[38;2;128;77;114m██[38;2;128;78;110m██[38;2;198;95;160m██[38;2;134;133;133m██[38;2;184;90;149m██[38;2;66;65;66m██[38;2;103;63;92m██[38;2;0;1;0m  
[38;2;0;0;0m  [38;2;45;28;25m  [38;2;106;79;97m██[38;2;129;79;108m██[38;2;170;81;113m██[38;2;67;65;67m██[38;2;98;103;87m██[38;2;193;149;154m██[38;2;103;102;103m██[38;2;135;66;80m██[38;2;187;92;151m██[38;2;149;76;105m██[38;2;133;67;80m██[38;2;152;84;125m██[38;2;198;93;158m██[38;2;121;76;103m██[38;2;99;69;88m██[38;2;198;94;157m██[38;2;209;156;189m██[38;2;172;116;150m██[38;2;133;75;111m██[38;2;127;71;87m██[38;2;82;33;31m  [38;2;0;0;0m  
[38;2;35;18;16m  [38;2;115;59;62m██[38;2;128;67;83m██[38;2;193;87;148m██[38;2;197;154;175m██[38;2;222;222;222m██[38;2;71;68;58m██[38;2;83;70;57m██[38;2;196;92;157m██[38;2;197;92;158m██[38;2;139;70;92m██[38;2;103;59;66m██[38;2;141;90;129m██[38;2;196;94;154m██[38;2;137;78;119m██[38;2;105;70;92m██[38;2;190;93;161m██[38;2;197;94;154m██[38;2;198;95;160m██[38;2;185;169;177m██[38;2;73;56;66m██[38;2;108;77;105m██[38;2;164;63;62m██[38;2;1;1;0m  
[38;2;0;0;0m  [38;2;36;23;19m  [38;2;155;66;71m██[38;2;211;144;146m██[38;2;222;224;218m██[38;2;222;223;221m██[38;2;100;99;100m██[38;2;194;90;153m██[38;2;156;63;67m██[38;2;173;75;103m██[38;2;136;67;70m██[38;2;127;72;71m██[38;2;107;77;69m██[38;2;116;74;105m██[38;2;98;69;87m██[38;2;153;79;125m██[38;2;190;127;161m██[38;2;185;113;153m██[38;2;196;92;157m██[38;2;166;86;137m██[38;2;73;64;65m██[38;2;154;62;67m██[38;2;113;44;43m██[38;2;54;23;20m██
[38;2;0;1;0m  [38;2;102;45;48m  [38;2;109;60;64m██[38;2;69;64;65m██[38;2;161;165;161m██[38;2;70;66;69m██[38;2;136;80;113m██[38;2;197;94;154m██[38;2;172;74;101m██[38;2;192;74;77m██[38;2;199;75;78m██[38;2;163;72;75m██[38;2;113;74;103m██[38;2;112;74;98m██[38;2;185;104;151m██[38;2;189;128;162m██[38;2;222;224;218m██[38;2;190;147;172m██[38;2;195;92;157m██[38;2;140;80;118m██[38;2;73;64;65m██[38;2;47;23;22m██[38;2;0;0;0m  [38;2;0;3;0m  
[38;2;0;0;0m  [38;2;0;1;0m  [38;2;46;27;26m██[38;2;123;55;58m██[38;2;97;69;90m██[38;2;128;66;83m██[38;2;183;90;149m██[38;2;174;76;102m██[38;2;181;70;73m██[38;2;74;65;66m██[38;2;121;69;71m██[38;2;106;77;98m██[38;2;98;71;92m██[38;2;197;94;158m██[38;2;161;108;135m██[38;2;179;179;171m██[38;2;98;101;97m██[38;2;186;169;174m██[38;2;173;78;136m██[38;2;136;111;127m██[38;2;108;60;64m██[38;2;97;43;45m██[38;2;0;1;0m  [38;2;0;0;0m  
[38;2;0;0;0m      [38;2;0;3;0m  [38;2;129;65;82m██[38;2;137;60;64m██[38;2;175;76;106m██[38;2;162;65;68m██[38;2;117;69;73m██[38;2;126;76;113m██[38;2;125;76;112m██[38;2;116;76;106m██[38;2;189;182;186m██[38;2;169;73;131m██[38;2;142;129;130m██[38;2;0;3;0m  [38;2;0;0;0m  [38;2;106;108;102m██[38;2;222;223;221m  [38;2;135;134;134m██[38;2;129;58;63m██[38;2;134;58;63m██[38;2;0;3;0m  [38;2;0;0;0m  
[38;2;0;0;0m      [38;2;0;1;0m  [38;2;87;39;41m██[38;2;77;34;29m██[38;2;188;71;73m██[38;2;115;69;72m██[38;2;117;75;106m██[38;2;85;68;81m██[38;2;107;73;98m██[38;2;116;82;94m██[38;2;219;201;201m██[38;2;203;136;175m██[38;2;27;18;23m██[38;2;0;0;0m    [38;2;40;42;40m  [38;2;222;224;219m██[38;2;192;189;187m██[38;2;89;63;65m██[38;2;80;36;37m██[38;2;0;1;0m  [38;2;0;0;0m  
[38;2;0;0;0m        [38;2;0;1;0m  [38;2;0;0;0m  [38;2;39;23;21m  [38;2;126;67;67m██[38;2;71;68;66m██[38;2;78;53;71m██[38;2;113;71;102m██[38;2;31;21;19m  [38;2;217;166;170m██[38;2;192;175;183m██[38;2;15;16;14m  [38;2;0;0;0m      [38;2;4;8;4m██[38;2;217;218;209m██[38;2;57;57;54m  [38;2;0;1;0m  [38;2;0;0;0m    
[38;2;0;0;0m            [38;2;47;22;21m  [38;2;127;60;63m██[38;2;19;20;18m  [38;2;6;6;5m  [38;2;13;10;11m  [38;2;3;0;0m  [38;2;146;65;64m██[38;2;156;151;149m██[38;2;0;0;0m      [38;2;0;1;0m  [38;2;147;149;147m██[38;2;128;130;126m██[38;2;0;0;0m        
[38;2;0;0;0m          [38;2;0;3;0m  [38;2;65;64;65m██[38;2;121;58;62m██[38;2;43;21;20m  [38;2;0;0;0m  [38;2;0;2;0m  [38;2;74;30;28m██[38;2;201;76;77m██[38;2;166;154;149m██[38;2;13;14;10m██[38;2;0;0;0m    [38;2;25;27;25m  [38;2;54;54;54m██[38;2;23;25;23m  [38;2;0;0;0m        
[38;2;0;0;0m          [38;2;0;1;0m  [38;2;19;21;19m██[38;2;18;20;18m  [38;2;0;0;0m      [38;2;93;36;35m██[38;2;202;73;77m██[38;2;132;55;57m██[38;2;9;5;3m  [38;2;0;0;0m      [38;2;0;1;0m  [38;2;0;0;0m          
[38;2;0;0;0m                    [38;2;0;2;0m  [38;2;65;64;65m██[38;2;145;71;73m██[38;2;0;2;0m  [38;2;0;0;0m                    
[38;2;0;0;0m                      [38;2;17;19;17m████[38;2;0;0;0m                      [0m
