
[38;2;0;0;0m                [38;2;51;46;11m  [38;2;0;0;0m                                      
[38;2;0;0;0m                [38;2;191;172;42m██[38;2;0;0;0m                                      
[38;2;0;0;0m              [38;2;191;172;42m████[38;2;0;0;0m  [38;2;22;19;4m  [38;2;88;79;19m██[38;2;125;112;27m  [38;2;0;0;0m                              
[38;2;0;0;0m              [38;2;191;172;42m██[38;2;207;190;59m██[38;2;16;17;16m  [38;2;232;210;52m██[38;2;85;77;19m██[38;2;0;0;0m                                
[38;2;0;0;0m        [38;2;10;11;5m  [38;2;201;180;45m██[38;2;144;130;32m██[38;2;254;229;56m██[38;2;171;160;64m██[38;2;228;208;59m██[38;2;142;133;52m██[38;2;8;14;11m  [38;2;26;24;6m  [38;2;107;97;24m██[38;2;0;0;0m                            
[38;2;0;0;0m        [38;2;47;44;18m██[38;2;108;103;67m██[38;2;254;229;56m██[38;2;254;227;56m██[38;2;249;225;57m██[38;2;255;230;56m██[38;2;248;223;59m██[38;2;246;221;63m██[38;2;247;223;55m██[38;2;71;64;15m██[38;2;0;0;0m            [38;2;16;18;17m  ██[38;2;0;0;0m            
[38;2;0;0;0m          [38;2;105;90;46m██[38;2;254;227;51m██[38;2;254;227;56m████[38;2;254;229;56m██[38;2;164;155;65m████[38;2;232;211;59m██[38;2;168;154;54m██[38;2;127;122;40m██[38;2;31;28;7m  [38;2;26;29;28m██[38;2;0;0;0m  [38;2;8;9;9m  [38;2;35;39;38m██[38;2;53;59;56m██[38;2;0;0;0m              
[38;2;0;0;0m            [38;2;254;229;56m██[38;2;254;227;56m██[38;2;253;228;57m██[38;2;122;121;75m██[38;2;119;117;69m██[38;2;254;227;56m██[38;2;253;228;57m██[38;2;248;219;51m██[38;2;77;79;73m██[38;2;71;79;76m██[38;2;1;2;2m  [38;2;2;2;2m  [38;2;76;76;63m██[38;2;81;73;31m██[38;2;7;7;7m  [38;2;0;0;0m  [38;2;9;8;2m██[38;2;2;2;0m██[38;2;0;0;0m        
[38;2;0;0;0m            [38;2;254;229;56m██[38;2;244;193;40m██[38;2;201;194;138m██[38;2;201;202;201m██[38;2;106;93;60m██[38;2;228;207;59m██[38;2;150;138;64m██[38;2;148;126;51m██[38;2;112;107;66m██[38;2;71;79;76m██[38;2;62;69;67m██[38;2;54;56;55m██[38;2;188;172;55m██[38;2;84;80;41m██[38;2;117;114;89m  [38;2;147;132;32m██[38;2;218;196;48m██[38;2;26;24;6m  [38;2;0;0;0m        
[38;2;0;0;0m          [38;2;191;172;42m██[38;2;248;203;45m██[38;2;228;145;18m██[38;2;130;107;71m██[38;2;177;141;82m██[38;2;183;145;49m██[38;2;253;227;56m██[38;2;214;191;55m██[38;2;164;137;44m██[38;2;69;78;74m██[38;2;70;77;74m██[38;2;69;73;67m██[38;2;209;189;55m████[38;2;195;178;59m██[38;2;241;219;60m██[38;2;237;214;56m██[38;2;4;4;4m  [38;2;22;19;4m  [38;2;29;26;6m██[38;2;7;6;1m██[38;2;0;0;0m    
[38;2;0;0;0m        [38;2;41;26;6m  [38;2;226;160;36m██[38;2;235;148;30m██[38;2;104;65;10m██[38;2;204;135;15m██[38;2;203;150;24m██[38;2;181;147;39m██[38;2;132;122;65m██[38;2;166;156;65m██[38;2;208;191;61m██[38;2;102;103;70m██[38;2;96;94;63m██[38;2;201;182;54m██[38;2;255;230;56m██[38;2;150;146;85m██[38;2;108;113;97m██[38;2;213;197;68m██[38;2;201;182;54m██[38;2;179;162;49m██[38;2;232;210;52m██[38;2;213;192;47m██[38;2;22;19;4m  [38;2;0;0;0m    
[38;2;0;0;0m      [38;2;36;23;5m  [38;2;242;154;37m██[38;2;175;108;17m██[38;2;0;0;0m  [38;2;191;191;191m  [38;2;50;52;51m  [38;2;146;124;44m██[38;2;155;132;45m████[38;2;174;144;39m██[38;2;98;93;68m██[38;2;135;126;65m██[38;2;120;111;51m██[38;2;254;228;57m██[38;2;157;152;83m██[38;2;95;103;100m██[38;2;191;179;74m██[38;2;231;211;63m██[38;2;254;228;57m██[38;2;244;219;56m██[38;2;215;194;55m██[38;2;7;6;7m  [38;2;0;0;0m      
[38;2;0;0;0m    [38;2;46;29;7m  [38;2;237;151;36m██[38;2;51;32;7m  [38;2;0;0;0m    [38;2;191;191;191m    [38;2;124;106;35m██[38;2;152;131;51m██[38;2;81;82;71m██[38;2;202;162;31m██[38;2;203;162;34m██[38;2;203;183;53m██[38;2;203;184;54m██[38;2;225;206;65m██[38;2;139;137;89m██[38;2;96;103;101m██[38;2;95;103;101m██[38;2;105;111;98m██[38;2;225;205;65m██[38;2;240;215;56m██[38;2;198;179;54m██[38;2;196;177;51m██[38;2;46;42;10m  [38;2;0;0;0m    
[38;2;0;0;0m  [38;2;51;32;7m  [38;2;139;88;21m  [38;2;0;0;0m        [38;2;191;191;191m  [38;2;255;255;255m  [38;2;63;72;72m  [38;2;171;149;40m██[38;2;228;194;50m██[38;2;205;167;32m██[38;2;245;217;52m██[38;2;213;192;53m██[38;2;172;155;52m██[38;2;255;230;57m██[38;2;168;159;81m██[38;2;128;128;92m██[38;2;182;172;76m██[38;2;254;229;57m██[38;2;254;228;57m██[38;2;198;179;54m████[38;2;81;72;47m██[38;2;138;118;46m██[38;2;27;26;17m██[38;2;13;10;2m  
[38;2;51;32;7m  [38;2;88;56;13m██[38;2;0;0;0m          [38;2;191;191;191m  [38;2;203;203;203m  [38;2;166;151;46m  [38;2;213;193;55m████[38;2;247;220;53m██[38;2;255;229;56m██[38;2;209;170;34m██[38;2;179;144;33m██[38;2;130;119;52m██[38;2;254;228;56m██[38;2;246;222;59m██[38;2;224;205;65m██[38;2;254;227;56m██[38;2;254;229;56m██[38;2;173;158;53m██[38;2;141;116;38m██[38;2;195;157;33m██[38;2;97;95;66m██[38;2;62;66;58m██[38;2;9;7;1m  
[38;2;0;0;0m              [38;2;191;191;191m  [38;2;255;255;255m  [38;2;129;129;129m  [38;2;87;80;38m██[38;2;254;227;56m██[38;2;227;194;43m██[38;2;201;162;30m██[38;2;202;163;30m██[38;2;201;163;30m██[38;2;137;112;39m██[38;2;96;72;38m██[38;2;203;185;56m██[38;2;153;140;53m██[38;2;62;57;47m██[38;2;101;87;44m██[38;2;183;165;48m██[38;2;121;107;46m██[38;2;190;153;34m██[38;2;164;136;37m██[38;2;52;50;17m  [38;2;0;0;0m  
[38;2;0;0;0m              [38;2;191;191;191m  [38;2;255;255;255m  [38;2;85;85;85m  [38;2;176;159;39m██[38;2;61;58;39m██[38;2;201;161;31m██[38;2;100;86;42m██[38;2;201;161;31m██[38;2;202;163;31m██[38;2;88;66;41m██[38;2;203;119;16m██[38;2;161;104;29m██[38;2;72;68;49m██[38;2;190;172;53m██[38;2;167;137;35m██[38;2;184;149;33m██[38;2;197;159;32m██[38;2;198;160;32m██[38;2;100;98;60m██[38;2;77;84;68m██[38;2;15;17;16m  
[38;2;0;0;0m              [38;2;191;191;191m  [38;2;255;255;255m  [38;2;144;144;144m    [38;2;63;63;63m  [38;2;165;135;35m██[38;2;100;72;37m██[38;2;137;113;38m██[38;2;121;99;23m██[38;2;49;40;29m██[38;2;164;94;17m██[38;2;174;92;10m██[38;2;132;84;29m██[38;2;65;59;47m██[38;2;179;145;33m██[38;2;202;162;30m██[38;2;159;136;44m████[38;2;202;161;30m██[38;2;29;34;32m  [38;2;0;0;0m  
[38;2;0;0;0m              [38;2;191;191;191m  [38;2;255;255;255m      [38;2;247;247;247m  [38;2;21;30;26m██[38;2;171;106;21m██[38;2;151;90;14m██[38;2;184;184;184m  [38;2;185;185;184m  [38;2;156;91;13m██[38;2;161;81;7m████[38;2;87;76;44m██[38;2;105;101;62m██[38;2;201;161;31m██[38;2;198;158;32m██[38;2;69;79;73m██[38;2;24;25;18m██[38;2;0;0;0m    
[38;2;0;0;0m              [38;2;191;191;191m  [38;2;255;255;255m        [38;2;52;31;4m██[38;2;209;123;16m██[38;2;110;78;37m  [38;2;223;223;223m  [38;2;255;255;255m  [38;2;63;63;63m  [38;2;201;117;14m██[38;2;124;68;8m██[38;2;120;115;99m  [38;2;51;49;32m██[38;2;65;70;61m██[38;2;84;73;26m██[38;2;0;0;0m        
[38;2;0;0;0m              [38;2;191;191;191m  [38;2;255;255;255m    [38;2;245;245;245m  [38;2;67;64;61m  [38;2;209;124;16m██[38;2;53;32;5m██[38;2;247;247;247m  [38;2;255;255;255m  [38;2;191;191;191m  [38;2;156;93;12m██[38;2;205;123;15m██[38;2;56;37;11m  [38;2;191;191;191m  [38;2;0;0;0m              
[38;2;0;0;0m              [38;2;191;191;191m  [38;2;112;110;107m  [38;2;109;108;107m  [38;2;120;71;9m██[38;2;185;111;14m██[38;2;209;124;16m██[38;2;169;109;19m██[38;2;137;137;137m  [38;2;218;218;218m  [38;2;117;104;86m  [38;2;213;134;26m██[38;2;159;95;10m██[38;2;191;191;191m    [38;2;0;0;0m              
[38;2;0;0;0m              [38;2;22;22;22m  [38;2;226;216;204m██[38;2;195;129;45m██[38;2;197;118;18m██[38;2;184;109;14m██[38;2;192;116;18m██[38;2;97;80;59m██[38;2;59;59;60m██[38;2;24;20;16m██[38;2;255;161;38m██[38;2;255;164;37m██[38;2;209;140;40m██[38;2;34;25;13m██[38;2;22;22;22m  [38;2;0;0;0m              
[38;2;0;0;0m              [38;2;66;66;66m  [38;2;113;112;114m██[38;2;238;237;235m██[38;2;86;74;55m  [38;2;166;166;166m  [38;2;63;61;58m██[38;2;238;237;236m██[38;2;99;90;79m██[38;2;153;105;36m██[38;2;205;129;28m██[38;2;216;129;22m██[38;2;88;60;15m██[38;2;71;44;7m██[38;2;191;191;191m██[38;2;0;0;0m              
[38;2;0;0;0m              [38;2;191;191;191m  [38;2;203;203;203m  [38;2;49;49;49m  [38;2;255;255;255m    [38;2;88;88;88m  [38;2;107;106;103m██[38;2;242;242;243m██[38;2;105;104;100m██[38;2;242;242;242m██[38;2;88;88;88m  [38;2;255;255;255m    [38;2;36;36;36m  [38;2;0;0;0m              
[38;2;0;0;0m              [38;2;51;51;51m  [38;2;68;68;68m        [38;2;51;51;51m  [38;2;0;0;3m  [38;2;51;51;52m  [38;2;0;0;2m  [38;2;51;51;51m    [38;2;68;68;68m    [38;2;51;51;51m  [38;2;0;0;0m              [0m
