
[38;2;0;0;0m                          [38;2;63;63;60m██[38;2;9;9;8m  [38;2;0;0;0m                  
[38;2;0;0;0m                          [38;2;255;255;250m██[38;2;37;37;36m██[38;2;0;0;0m                  
[38;2;0;0;0m          [38;2;249;249;239m██[38;2;122;122;117m██[38;2;0;0;0m          [38;2;49;49;48m  [38;2;255;255;252m██[38;2;37;37;36m██[38;2;0;0;0m                  
[38;2;0;0;0m          [38;2;249;249;247m██[38;2;122;122;121m██[38;2;0;0;0m        [38;2;43;43;41m  [38;2;240;240;235m██[38;2;198;202;203m██[38;2;37;37;36m██[38;2;0;0;0m                  
[38;2;0;0;0m    [38;2;15;60;47m  [38;2;43;170;134m  [38;2;24;95;75m  [38;2;249;249;247m██[38;2;241;242;239m██[38;2;63;63;63m██[38;2;44;102;85m  [38;2;36;145;114m  [38;2;175;175;173m██[38;2;186;226;215m██[38;2;167;179;180m██[38;2;190;192;196m██[38;2;251;251;247m██[38;2;17;67;53m  [38;2;42;170;134m    [38;2;43;170;134m  [38;2;126;181;166m  [38;2;63;63;63m██[38;2;22;22;22m  [38;2;0;0;0m    
[38;2;0;0;0m    [38;2;15;60;47m  [38;2;43;170;134m  [38;2;89;107;101m  [38;2;253;253;250m██[38;2;160;164;170m██[38;2;255;255;254m██[38;2;100;100;100m██[38;2;36;145;114m  [38;2;154;154;153m██[38;2;122;199;178m██[38;2;223;223;223m██[38;2;64;186;152m██[38;2;225;242;236m██[38;2;17;67;53m  [38;2;43;170;134m    [38;2;42;170;134m  [38;2;18;74;58m  [38;2;255;255;253m██[38;2;90;90;89m██[38;2;0;0;0m    
[38;2;0;0;0m    [38;2;15;60;47m  [38;2;43;170;134m  [38;2;106;106;105m██[38;2;114;160;151m██[38;2;244;244;243m██[38;2;56;182;146m██[38;2;128;128;128m██[38;2;35;116;93m  [38;2;163;163;163m██[38;2;163;181;176m██[38;2;213;213;213m██[38;2;151;193;184m██[38;2;174;172;174m██[38;2;23;92;73m  [38;2;34;131;104m  [38;2;63;63;63m████[38;2;156;156;157m██[38;2;228;228;228m██[38;2;0;0;0m      
[38;2;0;0;0m    [38;2;15;60;47m  [38;2;43;170;134m  [38;2;93;93;93m██[38;2;162;202;191m██[38;2;177;206;198m██[38;2;185;206;200m██[38;2;187;196;194m██[38;2;65;64;62m██[38;2;214;214;214m██[38;2;213;213;213m████[38;2;200;200;203m██[38;2;31;31;31m██[38;2;30;119;94m  [38;2;141;142;143m  [38;2;151;207;191m██[38;2;148;189;177m██[38;2;204;205;208m██[38;2;57;57;57m  [38;2;0;0;0m      
[38;2;69;69;68m██[38;2;255;255;253m██[38;2;52;86;74m  [38;2;32;127;100m  [38;2;23;77;61m  [38;2;208;208;208m██[38;2;184;184;189m██[38;2;194;194;198m██[38;2;193;195;196m██[38;2;70;69;70m██[38;2;157;156;167m██[38;2;194;194;198m██[38;2;209;209;210m██[38;2;150;150;150m██[38;2;29;110;87m  [38;2;117;117;117m██[38;2;192;200;198m██[38;2;174;206;197m██[38;2;241;242;236m██[38;2;183;218;208m██[38;2;0;0;0m        
[38;2;17;17;17m  [38;2;219;219;210m██[38;2;165;165;169m██[38;2;159;159;159m██[38;2;133;159;151m██[38;2;90;90;96m██[38;2;185;189;188m██[38;2;140;139;152m██[38;2;141;141;153m██[38;2;62;61;64m██[38;2;138;138;155m████[38;2;153;153;165m██[38;2;76;76;77m██[38;2;143;143;143m██[38;2;213;213;213m██[38;2;193;200;198m██[38;2;213;213;213m██[38;2;139;200;183m██[38;2;199;216;211m██[38;2;0;0;0m        
[38;2;0;0;0m    [38;2;187;186;191m██[38;2;118;138;146m██[38;2;105;132;132m██[38;2;49;49;55m██[38;2;100;99;98m██[38;2;116;115;125m██[38;2;100;99;99m██[38;2;117;116;127m██[38;2;115;115;129m██[38;2;138;138;155m██[38;2;122;121;133m██[38;2;96;95;98m██[38;2;187;187;191m██[38;2;213;213;213m████[38;2;182;193;190m██[38;2;171;171;171m██[38;2;106;106;106m  [38;2;228;228;228m  [38;2;0;0;0m      
[38;2;0;0;0m    [38;2;206;206;207m██[38;2;71;140;132m██[38;2;129;128;129m██[38;2;203;203;200m██[38;2;255;255;253m██[38;2;206;206;203m██[38;2;255;255;250m██[38;2;59;59;60m██[38;2;157;158;158m██[38;2;71;70;74m██[38;2;106;105;115m██[38;2;139;138;153m██[38;2;138;138;156m██[38;2;179;179;185m██[38;2;213;213;213m██[38;2;90;89;90m██[38;2;172;172;172m██[38;2;106;106;106m  [38;2;57;57;57m  [38;2;0;0;0m      
[38;2;0;0;0m    [38;2;56;56;56m  [38;2;56;89;79m██[38;2;197;203;203m██[38;2;244;244;244m██[38;2;214;214;214m██[38;2;205;208;208m██[38;2;180;200;196m██[38;2;8;172;126m██[38;2;79;163;140m██[38;2;182;182;182m██[38;2;117;117;117m██[38;2;127;131;137m██[38;2;138;138;156m██[38;2;155;161;160m██[38;2;95;94;95m██[38;2;200;210;207m██[38;2;160;201;189m██[38;2;205;204;206m██[38;2;218;218;219m██[38;2;63;64;65m██[38;2;255;255;253m██[38;2;69;69;68m██
[38;2;0;0;0m      [38;2;172;210;167m██[38;2;211;217;216m██[38;2;213;213;213m██[38;2;199;203;203m██[38;2;228;236;200m██[38;2;209;229;191m██[38;2;45;137;121m██[38;2;7;173;126m██[38;2;123;118;116m██[38;2;184;184;184m██[38;2;141;140;142m██[38;2;134;139;143m██[38;2;90;91;95m██[38;2;207;207;207m██[38;2;173;182;185m██[38;2;163;204;192m██[38;2;174;173;181m██[38;2;158;157;166m██[38;2;243;243;242m██[38;2;219;219;217m██[38;2;17;17;17m  
[38;2;0;0;0m    [38;2;4;62;47m██[38;2;167;192;186m██[38;2;236;236;236m██[38;2;213;213;213m██[38;2;196;215;188m██[38;2;245;253;205m██[38;2;214;235;193m██[38;2;51;129;117m██[38;2;49;69;66m██[38;2;247;247;247m██[38;2;95;95;96m██[38;2;212;212;212m██[38;2;72;71;72m██[38;2;140;139;153m██[38;2;141;142;153m██[38;2;212;212;212m██[38;2;188;209;203m██[38;2;159;177;178m██[38;2;207;207;207m██[38;2;56;56;56m  [38;2;0;0;0m    
[38;2;0;0;0m    [38;2;4;50;44m██[38;2;192;205;202m██[38;2;237;237;237m██[38;2;213;213;213m██[38;2;64;149;131m██[38;2;110;151;139m██[38;2;53;159;131m██[38;2;12;158;117m██[38;2;50;85;80m██[38;2;92;92;92m██[38;2;120;121;119m██[38;2;213;213;213m██[38;2;178;178;178m██[38;2;98;97;105m██[38;2;146;154;154m██[38;2;117;128;125m██[38;2;187;208;202m██[38;2;190;208;203m██[38;2;191;191;191m██[38;2;0;0;0m      
[38;2;0;0;0m    [38;2;67;68;69m██[38;2;166;183;178m██[38;2;224;227;226m██[38;2;195;194;198m██[38;2;32;176;136m██[38;2;47;156;129m██[38;2;132;141;141m██[38;2;172;172;172m██[38;2;102;102;106m██[38;2;138;138;156m██[38;2;153;153;165m██[38;2;213;213;213m██[38;2;214;214;214m██[38;2;85;84;90m██[38;2;77;78;80m██[38;2;76;77;77m██[38;2;153;160;149m  [38;2;4;18;14m  [38;2;0;0;0m        
[38;2;0;0;0m    [38;2;113;114;116m██[38;2;187;191;190m██[38;2;183;185;189m██[38;2;193;193;197m██[38;2;164;191;188m██[38;2;136;144;147m██[38;2;74;78;78m██[38;2;117;116;126m██[38;2;132;131;145m██[38;2;194;194;198m██[38;2;209;209;210m██[38;2;213;213;213m██[38;2;214;214;214m██[38;2;43;42;44m██[38;2;37;37;38m██[38;2;32;127;100m  [38;2;32;128;101m  [38;2;18;74;58m  [38;2;0;0;0m        
[38;2;0;0;0m    [38;2;39;40;40m  [38;2;75;75;79m██[38;2;172;172;172m██[38;2;160;160;160m██[38;2;23;39;35m  [38;2;97;97;97m██[38;2;178;178;184m██[38;2;158;157;168m██[38;2;195;195;198m██[38;2;8;171;126m██[38;2;166;204;193m██[38;2;197;206;204m██[38;2;162;166;165m██[38;2;23;92;73m  [38;2;32;130;102m  [38;2;32;127;100m  [38;2;43;170;134m  [38;2;18;74;58m  [38;2;0;0;0m        
[38;2;0;0;0m      [38;2;125;124;137m██[38;2;120;120;127m██[38;2;111;113;115m██[38;2;87;103;99m  [38;2;214;214;214m████[38;2;191;209;204m██[38;2;59;182;147m██[38;2;8;171;126m██[38;2;47;179;142m██[38;2;44;176;140m██[38;2;13;141;105m██[38;2;10;42;33m  [38;2;6;123;90m  [38;2;6;129;94m██[38;2;11;45;35m  [38;2;18;74;58m  [38;2;0;0;0m        
[38;2;0;0;0m    [38;2;15;60;47m  [38;2;14;55;43m  [38;2;21;39;35m  [38;2;121;123;125m██[38;2;9;123;92m██[38;2;164;203;192m██[38;2;211;211;211m██[38;2;27;165;130m██[38;2;90;167;154m██[38;2;14;165;126m██[38;2;28;155;120m██[38;2;32;121;98m██[38;2;19;108;93m██[38;2;6;129;94m████[38;2;10;42;33m  [38;2;43;170;134m  [38;2;18;74;58m  [38;2;0;0;0m        
[38;2;0;0;0m    [38;2;15;60;47m  [38;2;43;170;134m  [38;2;54;73;69m  [38;2;49;50;51m██[38;2;23;156;127m██[38;2;20;174;131m██[38;2;119;193;173m██[38;2;72;155;145m██[38;2;136;200;191m██[38;2;19;172;132m██[38;2;16;151;114m██[38;2;17;66;53m██[38;2;28;114;92m  [38;2;32;127;100m    [38;2;43;170;134m  [38;2;42;170;134m  [38;2;18;74;58m  [38;2;0;0;0m        
[38;2;0;0;0m    [38;2;11;11;13m  [38;2;34;34;38m██[38;2;90;91;102m██[38;2;11;42;33m  [38;2;18;139;113m██[38;2;8;171;126m████[38;2;10;168;126m██[38;2;25;150;131m██[38;2;8;78;62m  [38;2;12;43;42m  [38;2;7;134;99m██[38;2;6;57;43m██[38;2;19;75;60m  [38;2;32;127;100m  [38;2;37;147;116m  [38;2;43;170;134m  [38;2;18;74;58m  [38;2;0;0;0m  [38;2;5;22;19m  [38;2;0;0;0m    
[38;2;0;0;0m    [38;2;11;11;13m  [38;2;34;34;38m██[38;2;33;75;65m  [38;2;11;44;34m  [38;2;9;112;84m██[38;2;8;171;126m██[38;2;8;172;126m██[38;2;9;158;117m██[38;2;10;50;46m██[38;2;7;109;80m  [38;2;35;140;110m  [38;2;23;92;76m  [38;2;18;76;64m██[38;2;31;85;71m██[38;2;152;155;154m██[38;2;88;103;99m  [38;2;11;45;35m  [38;2;18;74;58m  [38;2;2;10;9m  [38;2;14;58;51m██[38;2;0;0;0m    
[38;2;0;0;0m    [38;2;15;60;47m  [38;2;43;170;134m  [38;2;34;88;73m  [38;2;121;123;125m██[38;2;30;127;101m██[38;2;31;148;128m██[38;2;11;168;126m██[38;2;181;181;181m██[38;2;29;116;92m  [38;2;10;42;33m  [38;2;27;108;85m  [38;2;103;103;103m██[38;2;175;196;193m██[38;2;213;213;213m████[38;2;170;194;191m██[38;2;167;191;188m██[38;2;41;77;78m██[38;2;55;145;134m██[38;2;82;158;146m██[38;2;12;47;41m██[38;2;7;28;24m  
[38;2;0;0;0m    [38;2;15;60;47m  [38;2;43;170;134m  [38;2;34;88;73m  [38;2;38;114;101m██[38;2;21;156;117m██[38;2;22;154;130m██[38;2;16;162;128m██[38;2;50;155;126m██[38;2;29;116;92m  [38;2;10;42;33m  [38;2;125;132;130m  [38;2;81;156;146m██[38;2;156;188;184m██[38;2;213;213;213m██[38;2;87;160;148m██[38;2;10;34;31m██[38;2;11;37;34m██[38;2;38;122;108m██[38;2;36;138;122m██[38;2;18;71;63m██[38;2;7;28;24m  [38;2;0;0;0m  
[38;2;0;0;0m    [38;2;15;60;47m  [38;2;43;170;134m  [38;2;24;95;75m  [38;2;41;117;107m██[38;2;40;130;110m██[38;2;93;181;168m██[38;2;157;202;197m██[38;2;14;163;125m██[38;2;6;80;61m██[38;2;213;213;213m██████[38;2;212;212;212m██[38;2;33;124;111m██[38;2;11;46;37m  [38;2;42;170;134m  [38;2;42;167;131m  [38;2;4;18;14m  [38;2;0;0;0m        
[38;2;0;0;0m    [38;2;3;15;11m  [38;2;10;42;33m  [38;2;6;23;18m  [38;2;16;16;18m  [38;2;53;114;108m██[38;2;100;172;160m██[38;2;155;201;194m██[38;2;35;138;122m██[38;2;34;144;128m██[38;2;111;169;161m██[38;2;213;213;213m██[38;2;172;196;192m██[38;2;81;156;146m██[38;2;5;20;18m  [38;2;10;39;31m  [38;2;10;42;33m    [38;2;4;18;14m  [38;2;0;0;0m        
[38;2;0;0;0m            [38;2;13;53;47m  [38;2;26;105;92m██[38;2;43;129;117m██[38;2;62;95;93m██[38;2;44;134;124m██[38;2;42;140;128m██[38;2;29;111;99m██[38;2;26;103;90m██[38;2;3;15;13m  [38;2;0;0;0m                  
[38;2;0;0;0m              [38;2;0;2;1m  [38;2;14;24;23m██[38;2;11;32;30m██[38;2;12;29;28m██[38;2;10;35;32m██[38;2;2;8;7m  [38;2;0;0;0m                      [0m
