
[38;2;0;0;0m        [38;2;13;15;20m  [38;2;30;34;44m██[38;2;13;15;20m  [38;2;0;0;0m                              
[38;2;0;0;0m      [38;2;81;95;120m  [38;2;101;118;148m██[38;2;25;29;36m██[38;2;11;13;16m  [38;2;0;0;0m                              
[38;2;0;0;0m    [38;2;64;74;94m██[38;2;115;134;169m██[38;2;43;50;64m  [38;2;0;0;0m                                  
[38;2;0;0;0m    [38;2;115;133;169m██[38;2;28;33;42m██[38;2;0;0;0m                                    
[38;2;0;0;0m  [38;2;94;108;141m██[38;2;101;118;151m██[38;2;7;8;10m  [38;2;0;0;0m  [38;2;88;88;88m██████[38;2;32;32;32m  [38;2;0;0;0m                          
[38;2;18;21;28m  [38;2;106;122;159m██[38;2;67;79;103m██[38;2;3;4;5m  [38;2;221;221;221m██[38;2;255;255;255m██████[38;2;233;233;233m██[38;2;181;181;181m  [38;2;0;0;0m                    [38;2;18;21;27m  [38;2;27;31;40m██
[38;2;20;25;35m██[38;2;76;94;131m██[38;2;72;83;107m██[38;2;168;175;193m██[38;2;136;147;174m██[38;2;255;255;255m██████████[38;2;122;122;122m██[38;2;0;0;0m              [38;2;4;4;6m  [38;2;89;104;131m██[38;2;94;109;138m██[38;2;0;0;0m  
[38;2;20;25;35m██[38;2;76;94;131m██[38;2;128;129;131m██[38;2;90;105;140m██[38;2;97;115;153m██[38;2;255;255;255m████████[38;2;245;244;244m██[38;2;199;194;189m██[38;2;0;0;0m              [38;2;10;12;15m██[38;2;115;133;171m██[38;2;8;9;12m  [38;2;0;0;0m  
[38;2;11;14;20m  [38;2;69;86;120m██[38;2;107;110;122m██[38;2;132;140;158m██[38;2;128;139;163m██[38;2;255;255;255m████[38;2;179;164;168m██[38;2;191;183;181m██[38;2;198;194;189m██[38;2;200;194;189m██[38;2;143;141;137m██[38;2;0;0;0m            [38;2;74;93;131m██[38;2;90;107;145m██[38;2;0;0;0m    
[38;2;0;0;0m  [38;2;62;76;107m██[38;2;53;60;79m██[38;2;50;56;72m██[38;2;193;191;189m██[38;2;73;72;73m██[38;2;81;87;104m██[38;2;146;119;128m██[38;2;135;127;131m██[38;2;197;194;189m██[38;2;200;194;188m██[38;2;160;157;153m██[38;2;11;11;10m  [38;2;0;0;0m          [38;2;76;94;131m████[38;2;0;0;0m    
[38;2;0;0;0m        [38;2;80;93;124m██[38;2;115;133;172m██[38;2;120;94;111m██[38;2;144;79;84m██[38;2;68;67;73m██[38;2;197;194;188m██[38;2;200;194;189m██[38;2;137;137;137m████[38;2;0;0;0m        [38;2;19;24;34m  [38;2;72;89;125m██[38;2;14;17;24m  [38;2;0;0;0m    
[38;2;0;0;0m        [38;2;52;60;78m██[38;2;115;133;172m██[38;2;76;94;131m████[38;2;69;74;88m██[38;2;196;194;189m████[38;2;101;99;98m██[38;2;197;194;189m██[38;2;0;0;0m      ██[38;2;77;87;108m██[38;2;0;0;0m        
[38;2;0;0;0m        [38;2;45;45;47m  [38;2;70;75;89m██[38;2;70;78;96m██[38;2;127;125;123m██[38;2;149;146;143m██[38;2;128;126;124m██[38;2;132;130;128m██[38;2;197;194;189m██[38;2;145;143;139m██[38;2;129;128;127m██[38;2;133;133;133m██[38;2;188;188;188m██[38;2;250;250;250m██[38;2;78;78;78m██[38;2;0;0;0m        
[38;2;0;0;0m        [38;2;92;92;92m██[38;2;252;252;252m██[38;2;198;195;190m██[38;2;197;194;189m██[38;2;116;114;113m██[38;2;199;196;191m██[38;2;197;194;189m██[38;2;158;155;152m██[38;2;169;166;163m██[38;2;137;137;137m██[38;2;255;255;255m████████[38;2;0;0;0m        
[38;2;0;0;0m      [38;2;0;3;0m  [38;2;220;219;217m██[38;2;231;228;226m██[38;2;227;225;222m██[38;2;231;228;226m████[38;2;250;250;249m██[38;2;208;204;199m██[38;2;101;99;98m██[38;2;150;147;144m██[38;2;206;203;199m██[38;2;223;221;217m██[38;2;255;255;255m██████[38;2;0;0;0m        
[38;2;0;0;0m        [38;2;113;113;113m██[38;2;204;200;194m██[38;2;255;255;255m████████[38;2;200;200;200m██[38;2;109;107;106m██[38;2;187;184;180m██[38;2;144;141;139m██[38;2;71;70;70m██[38;2;146;146;146m██[38;2;255;255;255m██[38;2;252;252;251m██[38;2;181;177;171m██[38;2;0;0;0m      
[38;2;0;0;0m        [38;2;35;34;33m  [38;2;255;255;255m████████[38;2;248;248;247m██[38;2;107;105;105m██[38;2;175;172;168m██[38;2;112;111;104m██[38;2;122;120;110m██[38;2;62;62;56m██[38;2;14;14;14m  [38;2;219;217;214m██[38;2;208;205;200m██[38;2;192;187;182m██[38;2;43;42;41m  [38;2;0;0;0m    
[38;2;0;0;0m          ██[38;2;213;210;207m██[38;2;248;247;247m██[38;2;250;249;249m██[38;2;164;160;155m██[38;2;164;162;159m████[38;2;10;10;10m  [38;2;130;128;115m██[38;2;29;29;26m██[38;2;0;0;0m    [38;2;109;105;103m██[38;2;203;198;194m██[38;2;62;61;59m  [38;2;0;0;0m    
[38;2;0;0;0m          ██[38;2;129;127;125m██[38;2;201;196;191m██[38;2;205;201;197m██[38;2;38;37;37m██[38;2;198;198;198m██[38;2;230;230;230m██[38;2;30;30;30m  [38;2;77;76;73m██[38;2;139;138;128m██[38;2;0;0;0m    [38;2;128;127;126m██[38;2;231;231;231m██[38;2;0;0;0m      
[38;2;0;0;0m        [38;2;15;15;14m  [38;2;197;194;189m██[38;2;184;181;177m██[38;2;63;62;61m██[38;2;59;58;56m  [38;2;8;8;8m  [38;2;197;197;197m██[38;2;245;245;245m  [38;2;85;94;111m██[38;2;127;131;132m██[38;2;12;12;11m██[38;2;0;0;0m  [38;2;14;14;14m██[38;2;237;237;237m██[38;2;201;201;201m██[38;2;0;0;0m      
[38;2;0;0;0m        [38;2;76;82;95m██[38;2;197;194;189m██[38;2;55;57;62m██[38;2;0;0;0m    [38;2;167;167;167m██[38;2;122;122;122m██[38;2;203;202;204m██[38;2;70;72;77m██[38;2;32;34;35m██[38;2;3;3;3m  [38;2;36;42;54m  [38;2;66;70;81m██[38;2;91;95;105m██[38;2;66;66;69m██[38;2;29;33;43m  [38;2;0;0;0m    
[38;2;0;0;0m        [38;2;32;40;55m  [38;2;0;0;0m  [38;2;29;33;43m  [38;2;6;8;11m██[38;2;111;117;131m██[38;2;86;89;96m██[38;2;96;112;142m██[38;2;71;71;80m██[38;2;22;23;25m██[38;2;0;0;0m                  
[38;2;0;0;0m              [38;2;1;2;3m  [38;2;7;8;12m  [38;2;19;19;22m██[38;2;8;9;12m    [38;2;5;6;8m  [38;2;0;0;0m                  [0m
