
[38;2;0;0;0m                  [38;2;49;49;49m  [38;2;0;0;0m                    
[38;2;0;0;0m                [38;2;1;1;0m  [38;2;192;192;181m██[38;2;0;0;0m                    
[38;2;0;0;0m                [38;2;63;63;57m██[38;2;185;183;160m██[38;2;123;112;49m██[38;2;0;0;0m                  
[38;2;0;0;0m                [38;2;51;51;39m██[38;2;120;113;71m██[38;2;122;110;49m██[38;2;0;0;0m                  
[38;2;0;0;0m              [38;2;6;3;0m  [38;2;202;199;163m██[38;2;155;140;65m██[38;2;90;85;65m██[38;2;40;36;16m██[38;2;0;0;0m                
[38;2;0;0;0m              [38;2;0;0;10m  [38;2;194;180;89m██[38;2;96;91;65m██[38;2;133;121;65m██[38;2;19;18;16m██[38;2;0;0;0m                
[38;2;0;0;0m        [38;2;137;125;56m██[38;2;14;13;11m  [38;2;15;13;12m  [38;2;69;63;40m██[38;2;174;160;75m██[38;2;93;86;61m██[38;2;134;121;53m██[38;2;128;115;47m██[38;2;48;43;20m  [38;2;0;0;3m  [38;2;20;19;8m    [38;2;0;0;0m        
[38;2;0;0;0m        [38;2;143;129;60m██[38;2;172;157;80m██[38;2;74;67;47m██[38;2;172;159;72m██[38;2;185;171;75m██[38;2;182;165;74m██[38;2;161;146;63m██[38;2;96;90;65m██[38;2;92;87;67m██[38;2;90;83;48m██[38;2;200;186;84m██[38;2;53;49;22m██[38;2;0;0;0m        
[38;2;0;0;0m        [38;2;97;89;45m██[38;2;139;129;73m██[38;2;218;205;107m██[38;2;155;148;97m██[38;2;130;123;76m████[38;2;108;101;65m██[38;2;150;136;65m██[38;2;140;127;65m██[38;2;177;165;84m██[38;2;185;169;75m██[38;2;40;36;16m██[38;2;0;0;0m        
[38;2;0;0;0m      [38;2;0;2;0m  [38;2;81;80;55m██[38;2;90;80;41m██[38;2;192;192;164m██[38;2;224;212;123m██[38;2;213;199;89m████[38;2;163;148;65m██[38;2;93;88;65m██[38;2;92;87;65m██[38;2;165;148;66m██[38;2;142;131;67m██[38;2;18;18;17m██[38;2;0;0;0m        
[38;2;0;0;0m      [38;2;61;63;61m██[38;2;33;34;34m  [38;2;47;42;21m  [38;2;55;50;28m██[38;2;94;90;108m██[38;2;145;140;154m██[38;2;54;52;63m██[38;2;54;51;46m██[38;2;101;92;54m██[38;2;115;112;98m██[38;2;152;138;67m██[38;2;96;90;60m██[38;2;70;71;70m██[38;2;29;29;29m  [38;2;0;0;0m      
[38;2;0;0;0m    [38;2;20;20;20m████[38;2;0;0;0m    [38;2;20;18;14m██[38;2;106;93;138m██[38;2;148;137;189m██[38;2;27;27;39m██[38;2;102;91;49m██[38;2;90;85;67m██[38;2;122;123;124m██[38;2;0;0;8m██[38;2;0;0;0m    [38;2;81;82;81m██[38;2;20;20;20m██[38;2;0;0;0m    
[38;2;0;0;0m    [38;2;9;9;9m  [38;2;41;42;41m██[38;2;0;0;0m    [38;2;8;8;8m  [38;2;96;84;74m██[38;2;117;101;87m████[38;2;101;94;65m██[38;2;139;139;139m██[38;2;0;0;0m        [38;2;20;20;20m██[38;2;52;52;52m██[38;2;0;0;0m    
[38;2;0;0;0m      [38;2;58;58;58m  [38;2;62;62;62m██[38;2;6;5;4m██[38;2;157;137;96m██[38;2;99;94;85m██[38;2;161;131;105m██[38;2;202;182;93m██[38;2;165;133;104m██[38;2;103;85;69m██[38;2;0;0;0m      [38;2;2;2;2m  [38;2;81;81;81m██[38;2;78;78;78m██[38;2;0;0;0m    
[38;2;0;0;0m        [38;2;44;42;42m██[38;2;139;120;85m██[38;2;188;166;96m██[38;2;112;103;100m██[38;2;122;107;71m██[38;2;195;177;80m██[38;2;171;155;68m██[38;2;169;145;95m██[38;2;27;27;27m  [38;2;0;0;0m  [38;2;46;46;46m██[38;2;73;73;73m██[38;2;26;26;26m  [38;2;0;0;0m      
[38;2;26;23;39m  [38;2;33;30;50m██[38;2;7;6;11m  [38;2;0;0;0m  [38;2;44;40;26m██[38;2;201;179;88m██[38;2;99;94;87m██[38;2;222;213;199m██[38;2;129;117;106m██[38;2;151;136;75m██[38;2;198;182;82m██[38;2;167;143;85m██[38;2;138;116;85m██[38;2;76;72;76m██[38;2;56;56;56m  [38;2;0;0;0m          
[38;2;0;0;0m  [38;2;86;78;129m██[38;2;103;94;156m██[38;2;73;68;101m██[38;2;86;77;85m██[38;2;145;126;95m██[38;2;119;104;93m██[38;2;106;96;89m██[38;2;93;90;84m██[38;2;134;123;91m██[38;2;171;155;68m██[38;2;209;194;87m██[38;2;139;115;96m██[38;2;46;45;46m██[38;2;30;29;30m  [38;2;0;0;0m    [38;2;71;61;105m  [38;2;94;81;140m██[38;2;23;20;35m██
[38;2;0;0;0m    [38;2;59;54;76m██[38;2;103;96;152m██[38;2;102;96;146m██[38;2;133;109;94m██[38;2;217;208;200m██[38;2;112;103;94m██[38;2;168;156;126m██[38;2;168;154;141m██[38;2;116;107;89m██[38;2;176;147;104m██[38;2;132;111;96m██[38;2;104;96;149m██[38;2;115;107;173m██[38;2;145;127;216m██[38;2;151;129;223m██[38;2;146;122;213m██[38;2;106;95;158m██[38;2;0;1;0m  
[38;2;0;0;0m    [38;2;23;21;25m██[38;2;83;80;102m██[38;2;110;103;162m██[38;2;78;74;93m██[38;2;117;109;87m██[38;2;206;187;85m██[38;2;136;121;91m██[38;2;92;85;78m██[38;2;110;96;86m██[38;2;112;96;82m██[38;2;117;116;126m██[38;2;105;98;157m██[38;2;121;111;182m██[38;2;152;131;225m██[38;2;142;124;211m██[38;2;129;113;183m██[38;2;13;12;20m  [38;2;0;0;0m  
[38;2;0;0;0m      [38;2;71;65;107m    [38;2;0;3;0m  [38;2;69;69;72m██[38;2;136;114;96m██[38;2;147;119;94m██[38;2;148;121;96m██[38;2;98;98;98m██[38;2;126;127;126m██[38;2;4;3;4m  [38;2;71;68;105m  [38;2;135;116;200m██[38;2;130;117;195m██[38;2;83;76;123m██[38;2;16;15;15m  [38;2;0;0;0m    
[38;2;0;0;0m            [38;2;19;19;19m██[38;2;117;117;117m██[38;2;177;175;171m██[38;2;178;176;159m██[38;2;166;166;166m██[38;2;19;19;19m██[38;2;0;0;0m    [38;2;11;10;17m  [38;2;47;40;70m██[38;2;0;0;0m        
[38;2;0;0;0m                [38;2;213;213;213m████[38;2;0;0;0m                    
[38;2;0;0;0m                [38;2;16;16;16m    [38;2;0;0;0m                    [0m
