
[38;2;0;0;0m    [38;2;49;47;51m██[38;2;12;11;12m  [38;2;0;0;0m      [38;2;47;47;47m██  [38;2;0;0;0m                                      
[38;2;0;0;0m    [38;2;73;71;76m██[38;2;147;144;153m██[38;2;147;145;153m██[38;2;36;36;38m  [38;2;0;0;0m  [38;2;52;52;52m  [38;2;192;192;192m██[38;2;191;191;191m██[38;2;0;0;0m                                    
[38;2;0;0;0m        [38;2;147;145;153m██[38;2;184;181;192m██[38;2;151;149;158m██[38;2;195;195;195m██[38;2;125;124;126m██[38;2;188;185;196m██[38;2;241;240;243m██[38;2;132;131;133m██[38;2;167;167;168m██[38;2;49;48;51m██[38;2;0;0;0m                            
[38;2;0;0;0m          [38;2;36;36;38m  [38;2;136;133;137m██[38;2;243;242;243m██[38;2;243;243;243m██[38;2;125;124;126m██[38;2;151;148;153m██[38;2;149;147;150m██[38;2;97;98;100m██[38;2;122;120;126m██[38;2;110;109;115m  [38;2;0;0;0m                          
[38;2;0;0;0m            [38;2;108;106;108m██[38;2;251;250;252m██[38;2;255;255;255m████[38;2;108;110;108m██[38;2;97;99;99m██[38;2;201;196;205m██[38;2;122;120;126m██[38;2;97;96;101m██[38;2;49;48;51m██[38;2;0;0;0m                        
[38;2;0;0;0m          [38;2;143;143;143m  [38;2;220;217;225m██[38;2;251;251;252m██[38;2;255;255;255m████[38;2;108;107;108m██[38;2;97;96;99m██[38;2;98;96;100m██[38;2;172;169;178m██[38;2;147;145;152m██[38;2;135;133;140m██[38;2;0;0;0m                        
[38;2;0;0;0m        [38;2;90;88;93m██[38;2;213;210;219m██[38;2;255;255;255m██[38;2;219;219;219m██[38;2;171;171;171m██[38;2;89;88;91m██[38;2;61;130;183m██[38;2;68;144;207m██[38;2;86;148;202m██[38;2;66;76;83m██[38;2;132;131;137m██[38;2;195;193;202m██[38;2;123;121;127m██[38;2;0;0;0m                      
[38;2;0;0;0m      [38;2;143;140;143m  [38;2;244;240;245m██[38;2;148;147;148m██[38;2;112;111;112m██[38;2;147;147;149m██[38;2;65;64;70m██[38;2;196;195;198m██[38;2;167;189;206m██[38;2;84;120;151m██[38;2;141;148;169m██[38;2;144;144;153m██[38;2;144;143;144m██[38;2;133;132;140m██[38;2;156;155;159m██[38;2;36;36;38m  [38;2;0;0;0m  [38;2;67;67;67m  [38;2;36;38;36m  [38;2;0;0;0m              
[38;2;0;0;0m        [38;2;82;82;82m██[38;2;137;137;137m██[38;2;124;123;124m██[38;2;196;195;197m██[38;2;243;243;243m██[38;2;209;210;209m████[38;2;127;134;136m██[38;2;124;130;135m██[38;2;197;194;205m██[38;2;137;137;137m██[38;2;175;175;175m██[38;2;205;204;208m██[38;2;172;170;178m██[38;2;41;42;41m██[38;2;93;95;93m██[38;2;85;85;85m██[38;2;0;0;0m              
[38;2;0;0;0m        [38;2;41;42;41m██[38;2;72;72;72m██[38;2;195;195;195m██[38;2;99;97;99m██[38;2;112;111;112m██[38;2;175;176;175m██[38;2;107;109;107m██[38;2;212;210;217m██[38;2;209;206;216m██[38;2;122;120;126m██[38;2;88;90;88m██[38;2;79;81;79m██[38;2;114;115;114m██[38;2;100;100;100m██[38;2;87;87;77m██[38;2;94;97;94m██[38;2;17;18;17m  [38;2;0;0;0m              
[38;2;0;0;0m        [38;2;39;40;39m██[38;2;86;88;86m██[38;2;108;107;108m██[38;2;229;230;231m██[38;2;240;240;242m██[38;2;210;206;216m██[38;2;200;194;208m██[38;2;173;166;178m██[38;2;75;71;70m██[38;2;88;90;88m██[38;2;92;94;92m██[38;2;70;70;70m██[38;2;117;117;117m██[38;2;117;118;117m██[38;2;111;111;111m██[38;2;85;87;85m██[38;2;21;21;21m  [38;2;0;0;0m              
[38;2;0;0;0m    [38;2;47;47;47m  [38;2;191;191;191m██[38;2;70;70;70m██[38;2;81;82;81m██[38;2;89;90;89m██[38;2;165;166;172m██[38;2;163;162;169m██[38;2;123;118;122m██[38;2;98;96;100m██[38;2;89;89;88m██[38;2;96;97;96m██[38;2;77;77;77m██[38;2;75;78;75m██[38;2;86;88;86m██[38;2;87;87;87m██[38;2;117;117;117m██[38;2;75;74;75m██[38;2;74;74;74m██[38;2;80;80;80m██[38;2;22;22;22m  [38;2;0;0;0m            
[38;2;0;0;0m    [38;2;207;207;207m██[38;2;243;243;243m██[38;2;215;215;216m██[38;2;73;72;74m██[38;2;70;72;70m██[38;2;17;20;17m  [38;2;95;94;96m██[38;2;96;92;93m██[38;2;78;77;78m██████[38;2;108;107;108m██[38;2;114;114;114m██[38;2;95;97;95m██[38;2;81;82;81m██[38;2;65;64;65m██[38;2;133;132;135m██[38;2;241;239;243m██[38;2;218;218;218m██[38;2;39;39;41m██[38;2;0;0;0m            
[38;2;0;0;0m  [38;2;66;65;66m  [38;2;94;93;94m██[38;2;100;99;105m██[38;2;204;203;208m██[38;2;61;60;64m██[38;2;0;0;0m    [38;2;18;18;18m██[38;2;102;103;102m██[38;2;116;118;116m██[38;2;117;117;117m██[38;2;116;118;116m██[38;2;117;117;117m██[38;2;107;107;107m██[38;2;73;73;73m██[38;2;81;82;81m██[38;2;94;93;94m██[38;2;98;96;100m██[38;2;174;170;181m██[38;2;224;221;228m██[38;2;183;183;186m██[38;2;36;36;36m  [38;2;0;0;0m          
[38;2;26;26;25m██[38;2;88;85;74m██[38;2;123;121;116m██[38;2;67;66;67m██[38;2;110;109;115m  [38;2;0;0;0m    [38;2;18;18;18m  [38;2;77;76;77m██[38;2;87;89;87m██[38;2;74;73;74m██[38;2;104;103;104m████[38;2;84;83;84m██[38;2;87;87;87m██[38;2;84;86;84m██[38;2;116;117;115m██[38;2;108;108;102m██[38;2;117;118;117m██[38;2;86;88;86m██[38;2;177;172;179m██[38;2;200;194;208m██[38;2;70;70;70m██[38;2;92;94;92m██[38;2;21;22;21m██[38;2;77;76;77m██[38;2;95;97;95m██[38;2;23;24;23m██
[38;2;52;52;51m██[38;2;115;114;111m██[38;2;51;51;50m██[38;2;5;5;4m  [38;2;0;0;0m    [38;2;12;12;12m  [38;2;83;84;84m██[38;2;83;84;83m██[38;2;107;106;107m██[38;2;94;93;94m██[38;2;94;94;94m████[38;2;104;103;104m██[38;2;116;116;116m██[38;2;79;79;79m██[38;2;101;100;100m██[38;2;176;175;171m██[38;2;84;83;77m██[38;2;107;107;106m██[38;2;98;96;100m██[38;2;123;117;122m██[38;2;87;88;87m██[38;2;76;76;76m██[38;2;92;94;92m██[38;2;76;76;76m██[38;2;76;78;76m██[38;2;5;6;5m  
[38;2;0;0;0m            [38;2;123;120;128m██[38;2;123;120;127m██[38;2;90;88;91m██[38;2;80;79;80m██[38;2;99;100;99m██[38;2;104;104;104m██[38;2;103;104;103m██[38;2;104;103;104m██[38;2;105;106;105m██[38;2;86;88;86m██[38;2;93;94;93m██[38;2;112;111;112m██[38;2;105;104;100m██[38;2;136;135;136m██[38;2;101;99;99m██[38;2;91;88;88m██[38;2;94;97;94m██[38;2;72;72;72m██[38;2;92;94;92m██[38;2;58;58;58m██[38;2;0;0;0m    
[38;2;0;0;0m            [38;2;200;194;208m████[38;2;191;185;198m██[38;2;164;161;170m██[38;2;70;70;70m██[38;2;74;73;74m██████[38;2;75;76;75m██[38;2;70;70;70m██[38;2;219;219;219m██[38;2;255;255;255m██[38;2;207;207;207m██[38;2;243;243;243m████[38;2;107;109;107m██[38;2;88;90;88m██[38;2;85;84;85m██[38;2;22;22;22m██[38;2;4;4;4m  [38;2;0;0;0m    
[38;2;0;0;0m            [38;2;18;18;18m██[38;2;144;141;146m██[38;2;168;165;170m████[38;2;75;76;75m██[38;2;74;76;74m██[38;2;94;97;94m██[38;2;95;97;95m██[38;2;86;88;86m██[38;2;166;161;172m██[38;2;209;205;215m██[38;2;215;215;217m██[38;2;207;207;207m██[38;2;207;207;209m██[38;2;228;227;231m██[38;2;85;84;89m██[38;2;0;0;0m            
[38;2;0;0;0m            [38;2;165;165;165m██[38;2;180;179;178m██[38;2;85;84;81m██[38;2;91;92;87m██[38;2;58;58;58m██[38;2;4;4;4m  [38;2;23;24;23m████[38;2;21;22;21m██[38;2;156;151;162m██[38;2;103;100;106m██[38;2;82;79;76m██[38;2;85;87;87m██[38;2;88;90;90m██[38;2;84;86;85m██[38;2;12;12;12m  [38;2;0;0;0m            
[38;2;0;0;0m                              [38;2;4;4;4m  [38;2;56;54;55m██[38;2;109;106;98m██[38;2;90;90;82m██[38;2;83;84;81m██[38;2;47;50;47m  [38;2;0;0;0m              
[38;2;0;0;0m                                  [38;2;47;47;47m  [38;2;31;31;31m████[38;2;47;47;47m  [38;2;0;0;0m              [0m
