
[38;2;0;0;0m                [38;2;16;15;4m    [38;2;0;0;0m                            
[38;2;0;0;0m                [38;2;63;59;16m██[38;2;174;153;62m██[38;2;0;0;0m                            
[38;2;0;0;0m                [38;2;32;27;13m  [38;2;224;206;62m██[38;2;58;54;14m  [38;2;0;0;0m                [38;2;58;54;18m  [38;2;133;124;33m  [38;2;0;0;0m      
[38;2;0;0;0m                  [38;2;191;178;48m██[38;2;243;227;62m██[38;2;52;49;13m  [38;2;0;0;0m            [38;2;157;147;50m██[38;2;190;178;61m██[38;2;0;0;0m        
[38;2;0;0;0m                  [38;2;92;78;40m  [38;2;249;231;66m██[38;2;227;210;67m██[38;2;92;83;33m██[38;2;88;84;42m██[38;2;66;65;46m  [38;2;0;0;0m  [38;2;88;82;22m██[38;2;213;199;54m██[38;2;232;217;59m██[38;2;41;38;10m  [38;2;0;0;0m        
[38;2;0;0;0m                  [38;2;49;41;42m  [38;2;209;187;97m██[38;2;244;237;164m██[38;2;254;245;142m██[38;2;254;245;147m██[38;2;246;231;74m██[38;2;178;156;65m██[38;2;255;238;65m████[38;2;148;128;59m██[38;2;0;0;0m          
[38;2;0;0;0m              [38;2;38;29;27m  [38;2;62;48;49m██[38;2;133;117;70m██[38;2;254;249;179m██████[38;2;254;240;93m██[38;2;254;243;116m██[38;2;254;236;64m██[38;2;229;206;71m██[38;2;210;181;77m██[38;2;24;19;19m  [38;2;0;0;0m          
[38;2;0;0;0m            [38;2;28;22;21m  [38;2;127;96;91m██[38;2;90;84;67m██[38;2;229;209;66m██[38;2;254;241;101m██[38;2;254;249;179m██[38;2;254;246;153m██[38;2;254;238;67m██[38;2;254;238;63m██[38;2;192;157;81m██[38;2;222;192;76m██[38;2;122;106;70m██[38;2;117;96;93m██[38;2;115;90;86m██[38;2;0;0;0m        
[38;2;9;9;10m  [38;2;92;92;97m██[38;2;0;0;0m        [38;2;32;24;23m██[38;2;81;72;72m██[38;2;213;186;90m██[38;2;160;148;98m██[38;2;254;238;63m██████[38;2;213;193;74m██[38;2;188;155;82m██[38;2;205;170;82m██[38;2;223;189;79m██[38;2;104;95;69m██[38;2;134;101;94m██[38;2;161;117;90m██[38;2;166;121;89m██[38;2;94;69;51m██[38;2;41;32;30m  [38;2;0;0;0m  
[38;2;40;46;46m██[38;2;205;216;209m██[38;2;182;183;184m  [38;2;0;0;1m  [38;2;0;0;0m    [38;2;1;1;1m  [38;2;91;75;73m██[38;2;129;112;104m██[38;2;64;58;54m██[38;2;254;238;63m██[38;2;218;202;120m██[38;2;122;97;55m██[38;2;189;188;186m██[38;2;238;226;206m██[38;2;218;183;79m██[38;2;231;201;75m██[38;2;201;176;75m██[38;2;91;79;74m██[38;2;166;121;91m██[38;2;166;121;89m████[38;2;153;113;90m██[38;2;31;23;22m  
[38;2;40;47;47m██[38;2;163;190;189m██[38;2;207;216;215m██[38;2;66;59;59m██[38;2;91;85;23m  [38;2;0;0;0m    [38;2;79;68;29m  [38;2;90;80;79m██[38;2;176;164;98m██[38;2;254;238;63m██[38;2;183;150;77m██[38;2;206;189;121m██[38;2;206;190;137m██[38;2;213;176;81m██[38;2;232;202;77m██[38;2;164;153;68m██[38;2;164;154;65m██[38;2;105;85;82m██[38;2;145;107;92m██[38;2;149;110;92m████[38;2;118;94;92m██[38;2;26;20;20m██
[38;2;0;0;0m  [38;2;122;142;141m██[38;2;151;157;155m██[38;2;213;198;69m██[38;2;207;194;65m██[38;2;16;16;16m██[38;2;55;47;20m██[38;2;222;190;81m██[38;2;182;158;77m██[38;2;207;194;65m██[38;2;233;208;71m██[38;2;210;171;81m██[38;2;224;188;79m██[38;2;224;190;79m██[38;2;65;64;65m██[38;2;65;60;71m██[38;2;112;104;71m██[38;2;114;90;86m██[38;2;131;99;95m████████[38;2;56;48;48m██[38;2;0;0;0m  
[38;2;0;0;0m  [38;2;99;93;25m  [38;2;149;136;70m██[38;2;187;176;73m██[38;2;123;113;75m██[38;2;123;94;90m██[38;2;106;95;75m██[38;2;134;125;70m██[38;2;146;138;72m██[38;2;215;196;68m██[38;2;201;178;79m██[38;2;228;214;73m██[38;2;123;113;75m██[38;2;99;82;80m██[38;2;131;99;95m██[38;2;131;99;94m██[38;2;96;80;78m██[38;2;98;81;79m██[38;2;90;74;72m██[38;2;65;54;43m██[38;2;146;123;71m██[38;2;64;54;43m██[38;2;0;0;0m    
[38;2;0;0;0m    [38;2;245;228;63m██[38;2;135;111;71m██[38;2;159;136;75m██[38;2;112;89;85m██[38;2;124;116;65m██[38;2;246;230;62m██[38;2;0;0;0m  [38;2;135;115;58m    [38;2;182;170;46m  [38;2;209;196;65m██[38;2;73;71;65m██[38;2;128;97;92m██[38;2;78;76;76m██[38;2;239;252;252m██[38;2;124;123;124m██[38;2;0;0;0m    [38;2;60;56;15m  [38;2;243;227;62m██[38;2;2;2;2m  [38;2;0;0;0m  
[38;2;0;0;0m    [38;2;156;143;48m██[38;2;112;96;68m██[38;2;113;99;73m██[38;2;131;117;72m██[38;2;230;206;72m██[38;2;52;46;18m██[38;2;0;0;0m        [38;2;146;137;37m██[38;2;255;238;65m██[38;2;145;137;65m██[38;2;143;158;158m██[38;2;171;190;190m██[38;2;220;226;222m██[38;2;34;33;20m  [38;2;0;0;3m  [38;2;0;0;0m  [38;2;69;51;38m██[38;2;115;89;72m██[38;2;23;17;12m  
[38;2;0;0;0m    [38;2;104;99;60m██[38;2;238;222;65m██[38;2;115;100;75m██[38;2;222;189;81m██[38;2;218;185;77m██[38;2;51;43;18m  [38;2;0;0;0m    [38;2;4;3;3m  [38;2;16;14;7m██[38;2;158;137;76m██[38;2;207;194;65m██[38;2;211;198;65m██[38;2;136;154;151m██[38;2;165;189;181m██[38;2;159;182;180m██[38;2;124;116;51m██[38;2;78;74;22m██[38;2;159;117;88m██[38;2;163;121;89m██[38;2;163;118;88m██[38;2;38;27;20m  
[38;2;0;0;0m    [38;2;6;6;6m  [38;2;100;111;111m██[38;2;126;133;119m██[38;2;98;83;45m██[38;2;65;55;24m  [38;2;0;0;0m    [38;2;74;55;41m  [38;2;85;75;53m██[38;2;113;100;68m██[38;2;151;128;64m██[38;2;117;111;48m██[38;2;254;239;82m██[38;2;191;190;113m██[38;2;114;112;93m██[38;2;167;160;102m██[38;2;185;164;69m██[38;2;206;190;67m██[38;2;109;80;78m██[38;2;158;117;90m██[38;2;48;35;26m  [38;2;0;0;0m  
[38;2;0;0;0m      [38;2;106;123;123m    [38;2;0;0;0m        [38;2;82;64;61m  [38;2;151;113;86m██[38;2;126;104;72m██[38;2;18;18;20m  [38;2;0;0;0m  [38;2;230;221;125m██[38;2;255;249;169m██[38;2;125;120;76m██[38;2;232;215;66m██[38;2;118;93;72m██[38;2;78;71;66m██[38;2;128;104;83m██[38;2;60;54;40m██[38;2;0;0;0m    
[38;2;0;0;0m                  [38;2;84;65;40m  [38;2;140;120;75m██[38;2;140;119;68m██[38;2;172;147;77m██[38;2;30;26;13m  [38;2;63;62;41m██[38;2;254;249;176m██[38;2;208;203;152m██[38;2;163;152;96m██[38;2;215;211;96m██[38;2;174;164;67m██[38;2;189;178;63m██[38;2;234;217;68m██[38;2;0;0;0m    
[38;2;0;0;0m                [38;2;173;165;154m██[38;2;142;109;67m██[38;2;136;111;95m██[38;2;186;158;81m██[38;2;156;132;65m██[38;2;39;33;16m  [38;2;0;0;0m  [38;2;157;154;111m  [38;2;210;204;136m██[38;2;101;97;74m██[38;2;105;110;106m██[38;2;93;91;81m██[38;2;242;224;66m██[38;2;254;237;63m██[38;2;191;178;48m██[38;2;0;0;0m  
[38;2;0;0;0m                    [38;2;69;60;56m██[38;2;53;45;26m██[38;2;0;0;0m          [38;2;14;14;14m  [38;2;95;102;102m██[38;2;171;152;83m██[38;2;183;160;74m██[38;2;254;238;63m██[38;2;191;178;48m██[38;2;0;0;0m  
[38;2;0;0;0m                                  [38;2;149;149;149m    [38;2;0;0;0m  [38;2;147;116;82m██[38;2;203;181;119m██[38;2;0;0;0m    
[38;2;0;0;0m                                        [38;2;16;16;16m  [38;2;66;66;66m██[38;2;0;0;0m    [0m
