                   [38;2;7;7;7m▄[38;2;7;7;7m[48;2;101;201;58m▀[0m[38;2;7;7;7m▄[38;2;7;7;7m[48;2;101;201;58m▀[0m[38;2;7;7;7m▄                  
                  [38;2;7;7;7m▄[38;2;7;7;7m[48;2;101;201;58m▀[0m[38;2;101;201;58m[48;2;101;201;58m▀[0m[38;2;93;149;46m[48;2;93;149;46m▀[0m[38;2;101;201;58m[48;2;101;201;58m▀[0m[38;2;7;7;7m[48;2;101;201;58m▀[0m[38;2;7;7;7m▄                 
               [38;2;7;7;7m▄ [38;2;7;7;7m[48;2;7;7;7m▀[0m[38;2;101;201;58m[48;2;101;201;58m▀[0m[38;2;101;201;58m[48;2;101;201;58m▀[0m[38;2;93;149;46m[48;2;93;149;46m▀[0m[38;2;101;201;58m[48;2;101;201;58m▀[0m[38;2;101;201;58m[48;2;101;201;58m▀[0m[38;2;101;201;58m[48;2;101;201;58m▀[0m[38;2;7;7;7m[48;2;101;201;58m▀[0m[38;2;7;7;7m▄[38;2;7;7;7m[48;2;101;201;58m▀[0m[38;2;7;7;7m▄              
              [38;2;7;7;7m[48;2;7;7;7m▀[0m[38;2;101;201;58m[48;2;101;201;58m▀[0m[38;2;7;7;7m[48;2;66;66;66m▀[0m[38;2;101;201;58m[48;2;93;149;46m▀[0m[38;2;101;201;58m[48;2;101;201;58m▀[0m[38;2;101;201;58m[48;2;101;201;58m▀[0m[38;2;93;149;46m[48;2;101;201;58m▀[0m[38;2;101;201;58m[48;2;101;201;58m▀[0m[38;2;101;201;58m[48;2;101;201;58m▀[0m[38;2;101;201;58m[48;2;93;149;46m▀[0m[38;2;93;149;46m[48;2;66;66;66m▀[0m[38;2;66;66;66m[48;2;101;201;58m▀[0m[38;2;101;201;58m[48;2;101;201;58m▀[0m[38;2;7;7;7m[48;2;7;7;7m▀[0m              
              [38;2;7;7;7m▀[38;2;101;201;58m[48;2;7;7;7m▀[0m[38;2;101;201;58m[48;2;101;201;58m▀[0m[38;2;66;66;66m[48;2;101;201;58m▀[0m[38;2;66;66;66m[48;2;101;201;58m▀[0m[38;2;93;149;46m[48;2;66;66;66m▀[0m[38;2;93;149;46m[48;2;93;149;46m▀[0m[38;2;93;149;46m[48;2;66;66;66m▀[0m[38;2;66;66;66m[48;2;101;201;58m▀[0m[38;2;66;66;66m[48;2;101;201;58m▀[0m[38;2;101;201;58m[48;2;101;201;58m▀[0m[38;2;101;201;58m[48;2;101;201;58m▀[0m[38;2;7;7;7m[48;2;7;7;7m▀[0m [38;2;7;7;7m▄             
               [38;2;7;7;7m▀[38;2;101;201;58m[48;2;7;7;7m▀[0m[38;2;101;201;58m[48;2;101;201;58m▀[0m[38;2;101;201;58m[48;2;101;201;58m▀[0m[38;2;101;201;58m[48;2;93;149;46m▀[0m[38;2;66;66;66m[48;2;66;66;66m▀[0m[38;2;101;201;58m[48;2;101;201;58m▀[0m[38;2;101;201;58m[48;2;101;201;58m▀[0m[38;2;101;201;58m[48;2;66;66;66m▀[0m[38;2;101;201;58m[48;2;66;66;66m▀[0m[38;2;7;7;7m[48;2;93;149;46m▀[0m[38;2;7;7;7m▄[38;2;7;7;7m[48;2;93;149;46m▀[0m[38;2;93;149;46m[48;2;93;149;46m▀[0m[38;2;7;7;7m[48;2;7;7;7m▀[0m            
               [38;2;7;7;7m▄[38;2;7;7;7m[48;2;245;252;209m▀[0m[38;2;66;66;66m[48;2;245;252;209m▀[0m[38;2;66;66;66m[48;2;245;252;209m▀[0m[38;2;66;66;66m[48;2;245;252;209m▀[0m[38;2;191;189;139m[48;2;245;252;209m▀[0m[38;2;66;66;66m[48;2;245;252;209m▀[0m[38;2;66;66;66m[48;2;245;252;209m▀[0m[38;2;191;189;139m[48;2;245;252;209m▀[0m[38;2;66;66;66m[48;2;191;189;139m▀[0m[38;2;93;149;46m[48;2;66;66;66m▀[0m[38;2;66;66;66m[48;2;93;149;46m▀[0m[38;2;93;149;46m[48;2;93;149;46m▀[0m[38;2;7;7;7m[48;2;66;66;66m▀[0m[38;2;7;7;7m▄            
  [38;2;7;7;7m▄[38;2;7;7;7m▄           [38;2;7;7;7m[48;2;7;7;7m▀[0m[38;2;245;252;209m[48;2;7;7;7m▀[0m[38;2;7;7;7m[48;2;245;252;209m▀[0m[38;2;245;252;209m[48;2;245;252;209m▀[0m[38;2;245;252;209m[48;2;245;252;209m▀[0m[38;2;245;252;209m[48;2;7;7;7m▀[0m[38;2;245;252;209m[48;2;245;252;209m▀[0m[38;2;245;252;209m[48;2;245;252;209m▀[0m[38;2;245;252;209m[48;2;191;189;139m▀[0m[38;2;245;252;209m[48;2;245;252;209m▀[0m[38;2;191;189;139m[48;2;191;189;139m▀[0m[38;2;66;66;66m[48;2;66;66;66m▀[0m[38;2;66;66;66m[48;2;93;149;46m▀[0m[38;2;93;149;46m[48;2;7;7;7m▀[0m[38;2;7;7;7m▀            
  [38;2;7;7;7m▀[38;2;101;201;58m[48;2;7;7;7m▀[0m[38;2;7;7;7m[48;2;101;201;58m▀[0m[38;2;7;7;7m▄[38;2;7;7;7m[48;2;101;201;58m▀[0m[38;2;7;7;7m[48;2;7;7;7m▀[0m      [38;2;7;7;7m▄[38;2;7;7;7m[48;2;66;66;66m▀[0m[38;2;191;189;139m[48;2;66;66;66m▀[0m[38;2;245;252;209m[48;2;191;189;139m▀[0m[38;2;245;252;209m[48;2;245;252;209m▀[0m[38;2;245;252;209m[48;2;245;252;209m▀[0m[38;2;245;252;209m[48;2;245;252;209m▀[0m[38;2;7;7;7m[48;2;245;252;209m▀[0m[38;2;7;7;7m[48;2;245;252;209m▀[0m[38;2;245;252;209m[48;2;191;189;139m▀[0m[38;2;245;252;209m[48;2;66;66;66m▀[0m[38;2;66;66;66m[48;2;66;66;66m▀[0m[38;2;93;149;46m[48;2;93;149;46m▀[0m[38;2;93;149;46m[48;2;7;7;7m▀[0m[38;2;7;7;7m▀         [38;2;7;7;7m▄[38;2;7;7;7m▄  
[38;2;7;7;7m[48;2;7;7;7m▀[0m[38;2;7;7;7m[48;2;101;201;58m▀[0m[38;2;7;7;7m▄[38;2;7;7;7m▀[38;2;101;201;58m[48;2;7;7;7m▀[0m[38;2;101;201;58m[48;2;101;201;58m▀[0m[38;2;101;201;58m[48;2;101;201;58m▀[0m[38;2;66;66;66m[48;2;66;66;66m▀[0m[38;2;7;7;7m[48;2;101;201;58m▀[0m[38;2;7;7;7m▄ [38;2;7;7;7m▄[38;2;7;7;7m▄[38;2;7;7;7m[48;2;101;201;58m▀[0m[38;2;66;66;66m[48;2;101;201;58m▀[0m[38;2;101;201;58m[48;2;66;66;66m▀[0m[38;2;93;149;46m[48;2;101;201;58m▀[0m[38;2;66;66;66m[48;2;101;201;58m▀[0m[38;2;191;189;139m[48;2;66;66;66m▀[0m[38;2;191;189;139m[48;2;191;189;139m▀[0m[38;2;191;189;139m[48;2;66;66;66m▀[0m[38;2;191;189;139m[48;2;66;66;66m▀[0m[38;2;66;66;66m[48;2;101;201;58m▀[0m[38;2;66;66;66m[48;2;101;201;58m▀[0m[38;2;101;201;58m[48;2;66;66;66m▀[0m[38;2;93;149;46m[48;2;7;7;7m▀[0m[38;2;7;7;7m▀       [38;2;7;7;7m[48;2;7;7;7m▀[0m[38;2;7;7;7m[48;2;101;201;58m▀[0m[38;2;7;7;7m▄[38;2;7;7;7m[48;2;101;201;58m▀[0m[38;2;101;201;58m[48;2;7;7;7m▀[0m[38;2;7;7;7m▀  
 [38;2;7;7;7m[48;2;7;7;7m▀[0m[38;2;101;201;58m[48;2;93;149;46m▀[0m[38;2;7;7;7m[48;2;101;201;58m▀[0m[38;2;7;7;7m[48;2;101;201;58m▀[0m[38;2;93;149;46m[48;2;101;201;58m▀[0m[38;2;101;201;58m[48;2;101;201;58m▀[0m[38;2;101;201;58m[48;2;101;201;58m▀[0m[38;2;101;201;58m[48;2;66;66;66m▀[0m[38;2;7;7;7m[48;2;101;201;58m▀[0m[38;2;7;7;7m[48;2;101;201;58m▀[0m[38;2;7;7;7m[48;2;93;149;46m▀[0m[38;2;101;201;58m[48;2;101;201;58m▀[0m[38;2;93;149;46m[48;2;101;201;58m▀[0m[38;2;101;201;58m[48;2;101;201;58m▀[0m[38;2;101;201;58m[48;2;93;149;46m▀[0m[38;2;66;66;66m[48;2;66;66;66m▀[0m[38;2;101;201;58m[48;2;101;201;58m▀[0m[38;2;101;201;58m[48;2;101;201;58m▀[0m[38;2;66;66;66m[48;2;101;201;58m▀[0m[38;2;93;149;46m[48;2;101;201;58m▀[0m[38;2;101;201;58m[48;2;101;201;58m▀[0m[38;2;101;201;58m[48;2;66;66;66m▀[0m[38;2;66;66;66m[48;2;93;149;46m▀[0m[38;2;93;149;46m[48;2;93;149;46m▀[0m[38;2;66;66;66m[48;2;66;66;66m▀[0m[38;2;7;7;7m[48;2;101;201;58m▀[0m[38;2;7;7;7m▄[38;2;7;7;7m▄   [38;2;7;7;7m▄[38;2;7;7;7m[48;2;101;201;58m▀[0m[38;2;66;66;66m[48;2;66;66;66m▀[0m[38;2;101;201;58m[48;2;101;201;58m▀[0m[38;2;101;201;58m[48;2;93;149;46m▀[0m[38;2;101;201;58m[48;2;7;7;7m▀[0m[38;2;7;7;7m▀[38;2;7;7;7m▄[38;2;7;7;7m[48;2;101;201;58m▀[0m[38;2;7;7;7m[48;2;7;7;7m▀[0m
 [38;2;7;7;7m▄[38;2;7;7;7m[48;2;93;149;46m▀[0m[38;2;93;149;46m[48;2;95;37;58m▀[0m[38;2;95;37;58m[48;2;132;67;104m▀[0m[38;2;95;37;58m[48;2;132;67;104m▀[0m[38;2;101;201;58m[48;2;95;37;58m▀[0m[38;2;101;201;58m[48;2;101;201;58m▀[0m[38;2;101;201;58m[48;2;101;201;58m▀[0m[38;2;101;201;58m[48;2;101;201;58m▀[0m[38;2;93;149;46m[48;2;101;201;58m▀[0m[38;2;101;201;58m[48;2;101;201;58m▀[0m[38;2;101;201;58m[48;2;95;37;58m▀[0m[38;2;95;37;58m[48;2;132;67;104m▀[0m[38;2;95;37;58m[48;2;132;67;104m▀[0m[38;2;66;66;66m[48;2;95;37;58m▀[0m[38;2;101;201;58m[48;2;101;201;58m▀[0m[38;2;101;201;58m[48;2;66;66;66m▀[0m[38;2;66;66;66m[48;2;245;252;209m▀[0m[38;2;66;66;66m[48;2;191;189;139m▀[0m[38;2;101;201;58m[48;2;66;66;66m▀[0m[38;2;101;201;58m[48;2;101;201;58m▀[0m[38;2;93;149;46m[48;2;101;201;58m▀[0m[38;2;66;66;66m[48;2;66;66;66m▀[0m[38;2;93;149;46m[48;2;93;149;46m▀[0m[38;2;93;149;46m[48;2;93;149;46m▀[0m[38;2;101;201;58m[48;2;95;37;58m▀[0m[38;2;101;201;58m[48;2;95;37;58m▀[0m[38;2;7;7;7m[48;2;101;201;58m▀[0m[38;2;7;7;7m▄[38;2;7;7;7m▄[38;2;7;7;7m[48;2;101;201;58m▀[0m[38;2;7;7;7m[48;2;101;201;58m▀[0m[38;2;101;201;58m[48;2;66;66;66m▀[0m[38;2;101;201;58m[48;2;101;201;58m▀[0m[38;2;101;201;58m[48;2;101;201;58m▀[0m[38;2;101;201;58m[48;2;101;201;58m▀[0m[38;2;7;7;7m[48;2;101;201;58m▀[0m[38;2;7;7;7m[48;2;101;201;58m▀[0m[38;2;101;201;58m[48;2;93;149;46m▀[0m[38;2;7;7;7m[48;2;7;7;7m▀[0m 
 [38;2;7;7;7m▀[38;2;7;7;7m[48;2;7;7;7m▀[0m[38;2;132;67;104m[48;2;66;66;66m▀[0m[38;2;132;67;104m[48;2;132;67;104m▀[0m[38;2;132;67;104m[48;2;95;37;58m▀[0m[38;2;95;37;58m[48;2;93;149;46m▀[0m[38;2;101;201;58m[48;2;95;37;58m▀[0m[38;2;101;201;58m[48;2;95;37;58m▀[0m[38;2;101;201;58m[48;2;101;201;58m▀[0m[38;2;93;149;46m[48;2;93;149;46m▀[0m[38;2;95;37;58m[48;2;95;37;58m▀[0m[38;2;132;67;104m[48;2;66;66;66m▀[0m[38;2;132;67;104m[48;2;132;67;104m▀[0m[38;2;132;67;104m[48;2;7;7;7m▀[0m[38;2;95;37;58m[48;2;7;7;7m▀[0m[38;2;66;66;66m[48;2;245;252;209m▀[0m[38;2;245;252;209m[48;2;83;97;78m▀[0m[38;2;83;97;78m[48;2;206;131;81m▀[0m[38;2;245;252;209m[48;2;83;97;78m▀[0m[38;2;245;252;209m[48;2;245;252;209m▀[0m[38;2;66;66;66m[48;2;83;97;78m▀[0m[38;2;101;201;58m[48;2;66;66;66m▀[0m[38;2;66;66;66m[48;2;191;189;139m▀[0m[38;2;93;149;46m[48;2;95;37;58m▀[0m[38;2;95;37;58m[48;2;132;67;104m▀[0m[38;2;132;67;104m[48;2;132;67;104m▀[0m[38;2;132;67;104m[48;2;132;67;104m▀[0m[38;2;95;37;58m[48;2;95;37;58m▀[0m[38;2;101;201;58m[48;2;101;201;58m▀[0m[38;2;101;201;58m[48;2;101;201;58m▀[0m[38;2;93;149;46m[48;2;101;201;58m▀[0m[38;2;101;201;58m[48;2;101;201;58m▀[0m[38;2;101;201;58m[48;2;101;201;58m▀[0m[38;2;101;201;58m[48;2;101;201;58m▀[0m[38;2;101;201;58m[48;2;95;37;58m▀[0m[38;2;95;37;58m[48;2;132;67;104m▀[0m[38;2;95;37;58m[48;2;132;67;104m▀[0m[38;2;93;149;46m[48;2;95;37;58m▀[0m[38;2;7;7;7m[48;2;93;149;46m▀[0m[38;2;7;7;7m▄ 
   [38;2;7;7;7m▀[38;2;7;7;7m[48;2;7;7;7m▀[0m[38;2;93;149;46m[48;2;93;149;46m▀[0m[38;2;95;37;58m[48;2;66;66;66m▀[0m[38;2;132;67;104m[48;2;132;67;104m▀[0m[38;2;132;67;104m[48;2;132;67;104m▀[0m[38;2;95;37;58m[48;2;95;37;58m▀[0m[38;2;93;149;46m[48;2;7;7;7m▀[0m[38;2;7;7;7m▀[38;2;7;7;7m▀[38;2;7;7;7m▀ [38;2;7;7;7m▀[38;2;245;252;209m[48;2;7;7;7m▀[0m[38;2;83;97;78m[48;2;169;79;52m▀[0m[38;2;206;131;81m[48;2;206;131;81m▀[0m[38;2;206;131;81m[48;2;206;131;81m▀[0m[38;2;83;97;78m[48;2;206;131;81m▀[0m[38;2;206;131;81m[48;2;169;79;52m▀[0m[38;2;206;131;81m[48;2;169;79;52m▀[0m[38;2;83;97;78m[48;2;206;131;81m▀[0m[38;2;95;37;58m[48;2;169;79;52m▀[0m[38;2;66;66;66m[48;2;7;7;7m▀[0m[38;2;132;67;104m[48;2;7;7;7m▀[0m[38;2;95;37;58m[48;2;93;149;46m▀[0m[38;2;93;149;46m[48;2;93;149;46m▀[0m[38;2;101;201;58m[48;2;95;37;58m▀[0m[38;2;95;37;58m[48;2;132;67;104m▀[0m[38;2;95;37;58m[48;2;132;67;104m▀[0m[38;2;101;201;58m[48;2;95;37;58m▀[0m[38;2;101;201;58m[48;2;93;149;46m▀[0m[38;2;95;37;58m[48;2;95;37;58m▀[0m[38;2;132;67;104m[48;2;66;66;66m▀[0m[38;2;132;67;104m[48;2;132;67;104m▀[0m[38;2;132;67;104m[48;2;7;7;7m▀[0m[38;2;7;7;7m▀[38;2;7;7;7m▀  
     [38;2;7;7;7m▀[38;2;7;7;7m▀[38;2;66;66;66m[48;2;7;7;7m▀[0m[38;2;132;67;104m[48;2;7;7;7m▀[0m[38;2;7;7;7m▀      [38;2;7;7;7m▀[38;2;206;131;81m[48;2;7;7;7m▀[0m[38;2;169;79;52m[48;2;206;131;81m▀[0m[38;2;169;79;52m[48;2;206;131;81m▀[0m[38;2;169;79;52m[48;2;206;131;81m▀[0m[38;2;206;131;81m[48;2;206;131;81m▀[0m[38;2;206;131;81m[48;2;206;131;81m▀[0m[38;2;206;131;81m[48;2;7;7;7m▀[0m[38;2;7;7;7m▀  [38;2;7;7;7m▀[38;2;7;7;7m▀[38;2;95;37;58m[48;2;7;7;7m▀[0m[38;2;132;67;104m[48;2;66;66;66m▀[0m[38;2;132;67;104m[48;2;132;67;104m▀[0m[38;2;95;37;58m[48;2;7;7;7m▀[0m[38;2;93;149;46m[48;2;93;149;46m▀[0m[38;2;93;149;46m[48;2;7;7;7m▀[0m[38;2;7;7;7m▀[38;2;7;7;7m▀     
                  [38;2;7;7;7m[48;2;7;7;7m▀[0m[38;2;206;131;81m[48;2;169;79;52m▀[0m[38;2;206;131;81m[48;2;206;131;81m▀[0m[38;2;206;131;81m[48;2;206;131;81m▀[0m[38;2;206;131;81m[48;2;169;79;52m▀[0m[38;2;7;7;7m[48;2;169;79;52m▀[0m[38;2;7;7;7m▄     [38;2;7;7;7m▀[38;2;7;7;7m▀ [38;2;7;7;7m▀[38;2;7;7;7m▀       
                 [38;2;7;7;7m[48;2;7;7;7m▀[0m[38;2;169;79;52m[48;2;169;79;52m▀[0m[38;2;169;79;52m[48;2;169;79;52m▀[0m[38;2;169;79;52m[48;2;169;79;52m▀[0m[38;2;169;79;52m[48;2;169;79;52m▀[0m[38;2;169;79;52m[48;2;66;66;66m▀[0m[38;2;169;79;52m[48;2;169;79;52m▀[0m[38;2;7;7;7m[48;2;169;79;52m▀[0m[38;2;7;7;7m▄                
              [38;2;7;7;7m▄[38;2;7;7;7m▄[38;2;7;7;7m[48;2;206;131;81m▀[0m[38;2;206;131;81m[48;2;169;79;52m▀[0m[38;2;169;79;52m[48;2;169;79;52m▀[0m[38;2;66;66;66m[48;2;66;66;66m▀[0m[38;2;169;79;52m[48;2;169;79;52m▀[0m[38;2;206;131;81m[48;2;206;131;81m▀[0m[38;2;7;7;7m[48;2;7;7;7m▀[0m[38;2;7;7;7m▀[38;2;169;79;52m[48;2;7;7;7m▀[0m[38;2;206;131;81m[48;2;169;79;52m▀[0m[38;2;7;7;7m[48;2;206;131;81m▀[0m[38;2;7;7;7m▄[38;2;7;7;7m▄             
           [38;2;7;7;7m▄[38;2;7;7;7m[48;2;206;131;81m▀[0m[38;2;7;7;7m[48;2;206;131;81m▀[0m[38;2;206;131;81m[48;2;169;79;52m▀[0m[38;2;206;131;81m[48;2;7;7;7m▀[0m[38;2;169;79;52m[48;2;7;7;7m▀[0m[38;2;169;79;52m[48;2;7;7;7m▀[0m[38;2;66;66;66m[48;2;191;189;139m▀[0m[38;2;191;189;139m[48;2;191;189;139m▀[0m[38;2;66;66;66m[48;2;7;7;7m▀[0m[38;2;206;131;81m[48;2;169;79;52m▀[0m[38;2;206;131;81m[48;2;206;131;81m▀[0m[38;2;7;7;7m[48;2;7;7;7m▀[0m [38;2;7;7;7m▀[38;2;169;79;52m[48;2;7;7;7m▀[0m[38;2;206;131;81m[48;2;7;7;7m▀[0m[38;2;206;131;81m[48;2;169;79;52m▀[0m[38;2;7;7;7m[48;2;206;131;81m▀[0m[38;2;7;7;7m[48;2;206;131;81m▀[0m[38;2;7;7;7m▄          
            [38;2;7;7;7m▀[38;2;7;7;7m▀[38;2;7;7;7m▀  [38;2;7;7;7m▀[38;2;191;189;139m[48;2;7;7;7m▀[0m[38;2;7;7;7m▀ [38;2;7;7;7m▀[38;2;169;79;52m[48;2;7;7;7m▀[0m[38;2;206;131;81m[48;2;7;7;7m▀[0m[38;2;7;7;7m[48;2;206;131;81m▀[0m[38;2;7;7;7m▄  [38;2;7;7;7m▀[38;2;7;7;7m▀[38;2;7;7;7m▀           
                        [38;2;7;7;7m▀[38;2;7;7;7m▀                
[0m