
[38;2;0;0;0m                                    [38;2;69;62;48m  [38;2;30;27;21m  [38;2;0;0;0m        
[38;2;0;0;0m                                  [38;2;207;186;146m██[38;2;250;226;176m██[38;2;20;18;14m  [38;2;0;0;0m        
[38;2;0;0;0m          [38;2;88;79;62m  [38;2;169;152;119m██[38;2;0;0;0m    [38;2;77;69;54m  [38;2;0;0;0m          [38;2;90;81;63m██[38;2;244;220;172m██[38;2;255;229;179m██[38;2;127;117;115m██[38;2;102;84;70m██[38;2;0;0;0m        
[38;2;0;0;0m        [38;2;128;108;91m██[38;2;250;226;177m██[38;2;255;230;179m██[38;2;214;193;151m  [38;2;138;124;97m  [38;2;217;196;153m██[38;2;0;0;0m        [38;2;195;175;137m  [38;2;255;230;179m██████[38;2;249;223;174m██[38;2;241;217;171m██[38;2;164;131;105m  [38;2;0;0;0m      
[38;2;0;0;0m      [38;2;183;146;117m██[38;2;239;209;164m██[38;2;255;229;179m████████[38;2;247;222;174m██[38;2;124;105;83m██[38;2;0;0;0m    [38;2;79;71;56m██[38;2;255;229;179m██████████████[38;2;162;146;114m██[38;2;0;0;0m    
[38;2;0;0;0m    [38;2;88;79;62m  [38;2;209;170;135m██[38;2;255;230;179m████████[38;2;255;229;179m██[38;2;205;165;131m██[38;2;204;163;130m██[38;2;49;49;49m  [38;2;0;0;0m  [38;2;251;226;177m██[38;2;255;230;179m██████████████[38;2;255;229;179m██[38;2;0;0;0m    
[38;2;27;20;11m  [38;2;74;63;46m██[38;2;255;229;179m██[38;2;255;230;179m██[38;2;255;229;179m██[38;2;255;230;179m████████[38;2;251;224;176m██[38;2;212;173;138m██[38;2;188;152;123m██[38;2;136;115;98m██[38;2;237;206;162m██[38;2;255;230;179m████████[38;2;229;196;155m██[38;2;240;210;165m██[38;2;248;223;175m██[38;2;199;166;131m██[38;2;166;133;106m██[38;2;0;0;0m  
[38;2;0;0;0m  [38;2;160;120;66m██[38;2;174;155;121m██[38;2;255;230;179m██████[38;2;255;229;179m██[38;2;255;230;180m██[38;2;247;223;175m██[38;2;76;71;66m████[38;2;104;91;79m██[38;2;101;91;82m██[38;2;196;157;126m██[38;2;243;215;169m██[38;2;253;227;178m██[38;2;255;230;180m██[38;2;230;198;156m██[38;2;250;224;176m██[38;2;232;200;158m██[38;2;79;75;71m██[38;2;204;163;131m██[38;2;202;162;129m██[38;2;52;41;33m  
[38;2;0;0;0m  [38;2;63;47;26m  [38;2;223;200;156m██[38;2;255;230;179m██[38;2;255;229;179m██[38;2;255;230;179m████[38;2;247;223;175m██[38;2;164;126;89m██[38;2;225;161;90m██[38;2;255;203;141m██[38;2;237;185;126m██[38;2;134;108;87m██[38;2;149;124;104m██[38;2;124;107;93m██[38;2;212;174;138m██[38;2;224;190;150m██[38;2;214;176;140m██[38;2;205;164;131m██[38;2;213;175;139m██[38;2;79;75;71m██[38;2;205;163;131m██[38;2;189;151;121m██[38;2;33;26;21m  
[38;2;0;0;0m    [38;2;230;208;163m██[38;2;255;230;179m██[38;2;255;231;184m██[38;2;218;197;154m██[38;2;92;92;92m██[38;2;191;144;83m██[38;2;225;155;82m██[38;2;255;220;165m████[38;2;194;133;78m██[38;2;177;144;118m██[38;2;147;123;103m██[38;2;184;149;121m██[38;2;205;164;131m  [38;2;205;163;131m████  [38;2;120;102;88m██[38;2;175;140;111m████[38;2;0;0;0m    
[38;2;0;0;0m    [38;2;76;61;39m██[38;2;215;173;112m██[38;2;178;164;136m██[38;2;89;79;62m██[38;2;255;255;255m██[38;2;138;118;89m██[38;2;176;122;74m██[38;2;124;95;70m████[38;2;171;140;115m██[38;2;205;163;131m██[38;2;161;133;110m██[38;2;116;101;89m██[38;2;146;122;103m██[38;2;205;163;131m████[38;2;202;161;129m██[38;2;28;22;17m  [38;2;0;0;0m        
[38;2;0;0;0m  [38;2;12;12;12m  [38;2;226;205;162m██[38;2;255;230;179m██[38;2;224;163;94m██[38;2;241;160;81m████[38;2;239;160;83m██[38;2;237;204;150m██[38;2;255;230;179m████[38;2;248;223;175m██[38;2;185;155;125m██[38;2;108;87;68m██[38;2;233;152;80m██[38;2;197;133;76m██[38;2;168;137;112m██[38;2;182;145;116m██[38;2;0;0;0m            
[38;2;0;0;0m  [38;2;171;156;124m██[38;2;226;205;162m██[38;2;255;230;179m██[38;2;249;221;170m██[38;2;241;211;157m████[38;2;242;212;158m██[38;2;255;230;179m██████[38;2;248;223;175m██[38;2;214;194;154m██[38;2;154;111;72m██[38;2;255;163;81m████[38;2;89;89;95m██[38;2;24;19;15m  [38;2;0;0;0m            
[38;2;0;0;0m    [38;2;189;170;133m██[38;2;216;194;151m██[38;2;218;193;159m██[38;2;155;131;104m██[38;2;168;139;110m██[38;2;255;229;179m██[38;2;255;230;179m██[38;2;252;226;177m██[38;2;180;155;122m██[38;2;109;97;79m██[38;2;106;90;70m██[38;2;136;113;98m██[38;2;237;156;84m██[38;2;186;134;91m██[38;2;132;111;98m██[38;2;112;86;52m██[38;2;127;118;102m██[38;2;156;141;110m██[38;2;228;206;161m██[38;2;0;0;0m      
[38;2;0;0;0m    [38;2;6;5;4m  [38;2;175;142;113m██[38;2;202;165;135m██[38;2;205;164;131m██[38;2;221;189;149m██[38;2;255;229;179m████[38;2;247;220;172m██[38;2;161;135;106m██[38;2;161;132;109m██[38;2;95;93;94m██[38;2;220;154;81m██[38;2;255;163;81m██[38;2;245;159;83m██[38;2;206;150;82m██[38;2;82;82;84m██[38;2;255;230;179m██[38;2;255;229;179m██[38;2;33;30;23m  [38;2;0;0;0m      
[38;2;0;0;0m      [38;2;138;124;97m  [38;2;197;164;130m██[38;2;254;229;179m██[38;2;255;230;179m██[38;2;208;187;146m██[38;2;225;202;158m██[38;2;160;134;106m  [38;2;191;154;123m██[38;2;149;124;104m██[38;2;89;86;86m██[38;2;101;97;96m██[38;2;121;100;72m██[38;2;200;144;85m██[38;2;86;92;105m██[38;2;97;89;81m██[38;2;235;204;161m██[38;2;243;215;169m██[38;2;138;124;97m  [38;2;0;0;0m      
[38;2;0;0;0m        [38;2;173;143;114m██[38;2;206;167;133m██[38;2;230;197;156m██[38;2;196;158;126m██[38;2;175;145;115m██[38;2;205;163;131m██[38;2;114;100;88m██[38;2;80;88;103m██[38;2;164;131;88m██[38;2;4;5;5m██[38;2;168;127;70m██[38;2;194;146;82m██[38;2;189;144;83m██[38;2;77;79;85m██[38;2;205;164;131m██[38;2;98;79;63m██[38;2;0;0;0m        
[38;2;0;0;0m        [38;2;46;37;29m  [38;2;137;115;98m██[38;2;205;163;131m████████[38;2;158;131;109m██[38;2;130;107;78m██[38;2;55;51;45m██[38;2;0;0;0m    [38;2;132;110;87m██[38;2;69;67;65m██[38;2;167;137;113m██[38;2;202;162;129m██[38;2;46;37;29m  [38;2;0;0;0m        
[38;2;0;0;0m        [38;2;1;1;0m  [38;2;80;88;103m██[38;2;136;115;99m██[38;2;204;163;130m██[38;2;203;162;129m██[38;2;182;147;120m██[38;2;156;122;76m██[38;2;168;133;87m██[38;2;84;92;107m██[38;2;175;158;123m██[38;2;0;0;0m  [38;2;79;64;51m  [38;2;202;161;129m████[38;2;0;0;0m            
[38;2;0;0;0m        [38;2;86;64;35m██[38;2;147;123;92m██[38;2;142;116;83m██[38;2;84;67;53m  [38;2;54;43;34m  [38;2;36;37;39m██[38;2;134;112;98m██[38;2;104;99;102m██[38;2;237;207;159m██[38;2;76;69;54m  [38;2;0;0;0m  [38;2;11;11;11m  [38;2;132;106;71m██[38;2;139;111;74m██[38;2;108;81;45m  [38;2;0;0;0m          
[38;2;0;0;0m        [38;2;170;120;68m██[38;2;196;146;81m██[38;2;186;139;77m██[38;2;0;0;0m    [38;2;37;23;11m██[38;2;148;118;96m██[38;2;255;163;81m██[38;2;234;196;143m██[38;2;0;0;0m    [38;2;55;34;20m██[38;2;193;144;80m██[38;2;171;117;64m██[38;2;172;129;71m  [38;2;0;0;0m          
[38;2;0;0;0m        [38;2;43;35;25m██[38;2;69;52;29m██[38;2;33;25;13m  [38;2;0;0;0m    [38;2;177;114;57m██[38;2;255;163;81m████[38;2;58;37;18m██[38;2;0;0;0m    [38;2;9;9;9m  [38;2;66;50;28m██[38;2;60;41;22m██[38;2;0;0;0m            
[38;2;0;0;0m                  [38;2;158;115;64m██[38;2;214;138;71m██[38;2;150;96;53m██[38;2;36;27;15m  [38;2;0;0;0m                      
[38;2;0;0;0m                  [38;2;5;3;1m  [38;2;49;35;19m██[38;2;30;18;10m  [38;2;0;0;0m                        [0m
