
[38;2;0;0;0m                                        [38;2;5;4;4m  [38;2;16;15;15m██[38;2;0;0;0m    
[38;2;0;0;0m                                      [38;2;42;39;39m  [38;2;83;77;77m██[38;2;13;12;12m  [38;2;0;0;0m    
[38;2;0;0;0m          [38;2;1;1;1m  [38;2;17;16;16m  [38;2;0;0;0m                      [38;2;9;9;9m██[38;2;116;108;108m██[38;2;107;100;100m██[38;2;13;12;12m  [38;2;0;0;0m    
[38;2;0;0;0m          [38;2;6;6;6m  [38;2;59;55;55m██[38;2;0;0;0m      [38;2;1;1;1m  [38;2;0;0;0m            [38;2;45;42;42m  [38;2;89;83;83m██[38;2;115;108;108m██[38;2;116;108;108m██[38;2;98;91;91m██[38;2;4;4;4m  [38;2;0;0;0m  
[38;2;0;0;0m  [38;2;1;1;1m  [38;2;22;21;21m  [38;2;0;0;0m  [38;2;4;4;4m  [38;2;113;105;105m██[38;2;106;99;99m██[38;2;6;6;6m  [38;2;0;0;0m  [38;2;22;21;21m██[38;2;41;38;38m██[38;2;0;0;0m        [38;2;14;13;13m  [38;2;34;32;32m██[38;2;116;107;107m██[38;2;110;102;102m██[38;2;113;105;105m██[38;2;116;108;108m████[38;2;80;76;76m██[38;2;1;1;1m  
[38;2;0;0;0m  [38;2;5;5;5m  [38;2;77;72;72m██[38;2;5;5;5m  [38;2;78;73;73m██[38;2;115;107;107m██[38;2;116;108;108m██[38;2;6;6;6m  [38;2;3;3;3m  [38;2;92;86;86m██[38;2;41;38;38m██[38;2;0;0;0m      [38;2;4;4;4m  [38;2;88;83;83m██[38;2;116;108;108m██[38;2;116;107;107m██[38;2;109;102;102m██[38;2;75;74;74m██[38;2;99;93;93m██[38;2;116;108;108m██[38;2;107;100;100m██[38;2;22;21;21m  
[38;2;0;0;0m  [38;2;4;4;4m  [38;2;98;91;91m██[38;2;116;108;108m██████[38;2;112;105;105m██[38;2;88;83;83m██[38;2;70;66;66m██[38;2;116;108;108m██[38;2;99;93;93m██[38;2;5;5;5m  [38;2;0;0;0m  [38;2;1;1;1m  [38;2;29;27;27m  [38;2;116;108;108m██[38;2;116;107;107m██[38;2;110;102;102m██[38;2;79;77;77m██[38;2;105;99;99m██[38;2;79;77;77m██[38;2;105;98;98m██[38;2;88;83;83m██[38;2;22;21;21m  
[38;2;1;1;1m  [38;2;5;5;5m  [38;2;98;91;91m██[38;2;204;87;79m██[38;2;116;108;108m██[38;2;116;107;107m██[38;2;112;105;105m██[38;2;110;102;102m██[38;2;113;105;105m██[38;2;116;108;108m██[38;2;99;93;93m██[38;2;70;67;67m██[38;2;20;19;19m  [38;2;83;77;77m██[38;2;77;75;75m██[38;2;93;88;88m██[38;2;116;108;108m██[38;2;92;87;87m██[38;2;116;108;108m██[38;2;115;108;108m██[38;2;110;103;103m██[38;2;86;82;82m██[38;2;76;71;71m██[38;2;1;1;1m  
[38;2;46;17;17m  [38;2;111;63;63m██[38;2;113;92;91m██[38;2;234;78;67m██[38;2;187;82;79m██[38;2;138;97;97m██[38;2;110;102;102m██[38;2;116;107;107m████[38;2;100;95;95m██[38;2;85;81;81m██[38;2;82;79;79m████[38;2;111;104;104m██[38;2;116;108;108m██[38;2;90;86;86m██[38;2;108;101;101m██[38;2;98;92;92m██[38;2;85;82;82m██[38;2;89;85;85m██[38;2;105;98;98m██[38;2;69;66;66m██[38;2;4;4;4m  [38;2;0;0;0m  
[38;2;1;1;1m  [38;2;169;54;54m██[38;2;119;67;65m██[38;2;243;77;65m██[38;2;196;80;72m██[38;2;120;81;81m██[38;2;110;102;102m██[38;2;99;93;93m██[38;2;93;88;88m██[38;2;201;75;65m████[38;2;172;74;67m██[38;2;82;79;79m██[38;2;74;72;72m██[38;2;110;103;103m██[38;2;116;107;107m██[38;2;110;103;103m██[38;2;116;107;107m██[38;2;103;97;97m██[38;2;102;96;96m██[38;2;84;80;80m██[38;2;8;8;8m  [38;2;0;0;0m    
[38;2;0;0;0m  [38;2;5;5;5m  [38;2;116;108;108m██[38;2;233;81;70m██[38;2;105;99;99m██[38;2;116;108;108m██[38;2;103;97;97m██[38;2;137;95;95m██[38;2;169;75;69m██[38;2;100;94;94m██[38;2;116;108;108m██[38;2;160;94;90m██[38;2;106;76;74m██[38;2;100;94;94m██[38;2;76;74;74m██[38;2;116;108;108m██[38;2;116;107;107m██[38;2;103;97;97m██[38;2;98;92;92m██[38;2;99;93;93m██[38;2;83;78;78m██[38;2;2;2;2m  [38;2;0;0;0m    
[38;2;0;0;0m  [38;2;1;1;1m  [38;2;98;51;47m██[38;2;243;78;67m██[38;2;197;136;136m██[38;2;38;36;36m██[38;2;202;202;202m██[38;2;110;66;65m██[38;2;223;79;69m██[38;2;214;85;76m████[38;2;109;75;73m██[38;2;113;105;105m██[38;2;112;104;104m██[38;2;82;79;79m██[38;2;116;107;107m██[38;2;99;93;93m██[38;2;95;89;89m██[38;2;97;92;92m██[38;2;91;87;87m██[38;2;25;24;24m  [38;2;0;0;0m      
[38;2;0;0;0m  [38;2;1;1;1m  [38;2;56;53;53m██[38;2;98;92;92m██[38;2;146;55;49m██[38;2;110;68;65m██[38;2;247;205;202m██[38;2;117;69;66m██[38;2;129;77;74m██[38;2;76;74;74m██[38;2;74;73;73m██[38;2;111;104;104m██[38;2;107;100;100m██[38;2;106;99;99m██[38;2;107;70;68m██[38;2;101;74;72m██[38;2;91;86;86m██[38;2;92;87;87m████[38;2;80;75;75m██[38;2;4;4;4m  [38;2;0;0;0m      
[38;2;1;1;1m  [38;2;42;42;42m  [38;2;91;87;87m██[38;2;116;107;107m██[38;2;119;94;93m██[38;2;130;84;81m████[38;2;129;85;83m██[38;2;113;105;105m██[38;2;79;77;77m██[38;2;106;99;99m██[38;2;111;104;104m██[38;2;93;88;88m██[38;2;88;84;84m██[38;2;220;76;65m██[38;2;229;76;65m██[38;2;80;71;70m██[38;2;92;87;87m██[38;2;90;85;85m██[38;2;13;12;12m  [38;2;0;0;0m  [38;2;5;5;5m  [38;2;4;4;4m  [38;2;0;0;0m  
[38;2;1;1;1m  [38;2;73;68;68m  [38;2;116;108;108m████[38;2;113;105;105m██[38;2;103;97;97m██[38;2;106;100;100m██[38;2;116;107;107m████[38;2;79;77;77m██[38;2;89;85;85m██[38;2;90;85;85m██[38;2;85;81;81m██[38;2;112;74;75m██[38;2;240;78;67m██[38;2;230;79;69m██[38;2;89;89;104m██[38;2;93;73;73m██[38;2;66;66;66m██[38;2;53;51;51m██[38;2;42;39;39m██[38;2;96;89;89m██[38;2;73;68;68m  [38;2;1;1;1m  
[38;2;0;0;0m  [38;2;1;1;1m  [38;2;49;47;47m██[38;2;78;76;76m██[38;2;135;133;133m██[38;2;88;84;84m██[38;2;78;76;76m██[38;2;116;108;108m██[38;2;116;107;107m██[38;2;114;106;106m██[38;2;82;79;79m██[38;2;95;70;70m██[38;2;171;65;65m██[38;2;69;71;75m██[38;2;221;77;67m██[38;2;181;82;81m██[38;2;198;81;77m██[38;2;139;65;65m██[38;2;103;97;97m██[38;2;105;99;99m██[38;2;99;93;93m██[38;2;43;40;40m██[38;2;1;1;1m  [38;2;0;0;0m  
[38;2;0;0;0m    [38;2;2;2;2m  [38;2;88;83;83m██[38;2;91;86;86m██[38;2;85;81;81m██[38;2;107;100;100m██[38;2;116;107;107m████[38;2;116;108;108m████[38;2;113;105;105m██[38;2;165;81;81m██[38;2;154;79;79m██[38;2;71;70;70m██[38;2;243;76;65m██[38;2;179;72;75m██[38;2;74;78;86m██[38;2;115;107;107m██[38;2;105;98;98m██[38;2;88;83;83m██[38;2;2;2;2m  [38;2;0;0;0m    
[38;2;0;0;0m    [38;2;21;21;21m  [38;2;109;102;102m██[38;2;110;102;102m██[38;2;66;66;66m██[38;2;116;108;108m████[38;2;93;88;88m██[38;2;116;108;108m██[38;2;183;92;86m██[38;2;188;88;81m██[38;2;84;81;81m██[38;2;70;69;69m██[38;2;156;65;65m██[38;2;175;74;77m██[38;2;83;89;105m██[38;2;123;69;71m██[38;2;98;92;92m██[38;2;103;96;96m██[38;2;30;29;29m  [38;2;0;0;0m      
[38;2;1;1;1m  [38;2;29;27;27m██[38;2;102;96;96m██[38;2;84;81;81m██[38;2;186;88;83m██[38;2;118;107;107m██[38;2;88;84;84m██[38;2;106;97;97m██[38;2;114;92;91m██[38;2;74;72;72m██[38;2;102;96;96m██[38;2;214;79;70m██[38;2;168;94;90m██[38;2;98;92;92m██[38;2;72;71;71m██[38;2;185;65;65m██[38;2;173;65;65m██[38;2;75;77;84m██[38;2;92;87;87m██[38;2;44;41;41m██[38;2;0;0;0m        
[38;2;0;0;0m  [38;2;28;26;26m  [38;2;34;32;32m██[38;2;62;62;62m██[38;2;241;76;65m██[38;2;118;107;107m██[38;2;88;84;84m██[38;2;77;66;65m██[38;2;205;73;69m██[38;2;91;86;86m██[38;2;76;74;74m██[38;2;83;73;73m██[38;2;128;84;81m██[38;2;72;68;68m██[38;2;28;27;27m██[38;2;91;75;75m██[38;2;68;65;65m██[38;2;88;84;84m██[38;2;90;85;85m██[38;2;13;12;12m  [38;2;0;0;0m        
[38;2;0;0;0m      [38;2;4;4;4m  [38;2;130;72;68m██[38;2;88;81;81m██[38;2;67;68;70m██[38;2;101;86;85m██[38;2;223;79;69m██[38;2;88;83;83m██[38;2;169;68;65m██[38;2;151;71;76m██[38;2;76;75;76m██[38;2;56;54;54m██[38;2;1;1;1m  [38;2;37;35;35m  [38;2;85;81;81m████[38;2;6;6;6m  [38;2;0;0;0m          
[38;2;0;0;0m        [38;2;44;42;42m██[38;2;66;66;66m██[38;2;173;68;70m██[38;2;76;72;71m██[38;2;107;86;84m██[38;2;73;73;74m██[38;2;109;86;96m██[38;2;110;87;99m██[38;2;136;101;100m██[38;2;24;22;22m  [38;2;0;0;0m  [38;2;8;8;8m  [38;2;162;63;63m██[38;2;171;65;65m██[38;2;153;50;50m  [38;2;2;2;2m  [38;2;0;0;0m        
[38;2;0;0;0m      [38;2;6;6;6m  [38;2;140;65;65m██[38;2;204;65;65m██[38;2;180;58;58m██[38;2;5;5;5m  [38;2;58;55;55m██[38;2;92;67;65m██[38;2;161;84;86m██[38;2;246;78;65m██[38;2;125;81;78m██[38;2;3;3;3m  [38;2;0;0;0m  [38;2;61;29;29m██[38;2;203;65;65m██[38;2;187;63;63m██[38;2;153;50;50m  [38;2;2;2;2m  [38;2;0;0;0m        
[38;2;0;0;0m      [38;2;1;1;1m  [38;2;37;21;21m██[38;2;56;21;21m██[38;2;28;11;11m  [38;2;0;0;0m  [38;2;17;17;17m  [38;2;208;75;65m██[38;2;246;78;65m████[38;2;61;23;20m██[38;2;0;0;0m    [38;2;9;9;9m  [38;2;54;21;21m██[38;2;52;21;21m██[38;2;1;1;1m  [38;2;0;0;0m          
[38;2;0;0;0m                [38;2;3;3;3m  [38;2;158;52;52m██[38;2;216;70;64m██[38;2;167;59;59m██[38;2;40;15;15m  [38;2;0;0;0m                      
[38;2;0;0;0m                  [38;2;8;4;4m  [38;2;54;21;21m██[38;2;37;16;16m  [38;2;0;0;0m                        [0m
