
[38;2;0;0;0m            [38;2;36;36;24m██[38;2;0;0;0m                    
[38;2;0;0;0m          [38;2;176;176;117m  [38;2;138;138;92m██[38;2;0;0;0m                    
[38;2;0;0;0m    [38;2;79;79;53m██[38;2;53;53;41m██[38;2;28;28;19m  [38;2;231;231;154m██[38;2;136;136;104m██[38;2;74;74;50m██[38;2;209;209;141m██[38;2;0;0;0m                
[38;2;0;0;0m    [38;2;79;79;53m██[38;2;92;91;80m██[38;2;220;220;147m██[38;2;110;109;90m██[38;2;215;215;147m██[38;2;246;246;164m██[38;2;157;157;107m██[38;2;0;0;0m                
[38;2;0;0;0m    [38;2;175;170;101m██[38;2;247;245;158m██[38;2;251;232;83m██[38;2;249;239;123m██[38;2;222;210;101m██[38;2;130;129;101m██[38;2;187;187;132m██[38;2;244;244;163m██[38;2;71;71;47m  [38;2;0;0;0m            
[38;2;0;0;0m    [38;2;104;93;25m██[38;2;254;225;47m██[38;2;254;223;39m██[38;2;254;223;34m██[38;2;240;224;95m██[38;2;253;226;53m██[38;2;168;167;121m██[38;2;31;31;20m  [38;2;0;0;0m              
[38;2;0;0;0m    [38;2;37;27;0m  [38;2;234;202;28m██[38;2;242;209;25m██[38;2;124;95;10m██[38;2;212;183;29m██[38;2;198;216;117m██[38;2;204;225;172m██[38;2;135;136;103m██[38;2;42;42;28m  [38;2;0;0;0m            
[38;2;0;0;0m    [38;2;75;65;9m  [38;2;251;220;32m██[38;2;119;98;6m██[38;2;214;186;36m██[38;2;232;197;29m██[38;2;110;206;247m██[38;2;105;129;117m██[38;2;21;21;14m██[38;2;9;9;6m  [38;2;0;0;0m            
[38;2;67;59;8m  [38;2;161;137;42m██[38;2;255;217;26m██[38;2;184;164;45m██[38;2;223;196;38m██[38;2;75;125;143m██[38;2;146;158;89m██[38;2;175;156;46m██[38;2;0;0;0m                  
[38;2;2;2;0m  [38;2;198;194;195m██[38;2;89;78;11m██[38;2;39;35;7m██[38;2;74;123;145m██[38;2;48;117;160m██[38;2;170;153;49m██[38;2;180;136;4m██[38;2;39;39;39m  [38;2;0;0;0m                
[38;2;32;32;32m  [38;2;227;225;227m██[38;2;112;111;112m██[38;2;0;0;0m  [38;2;53;103;137m██[38;2;111;149;149m██[38;2;163;145;44m██[38;2;218;179;16m██[38;2;149;149;130m██[38;2;255;255;255m██[38;2;180;180;180m██[38;2;111;111;111m  [38;2;0;0;0m          
[38;2;0;0;0m  [38;2;202;202;202m██[38;2;0;0;0m    [38;2;163;167;83m██[38;2;88;80;46m██[38;2;171;171;130m██[38;2;65;65;65m██[38;2;164;162;115m██[38;2;255;255;255m██████[38;2;97;97;97m██[38;2;0;0;0m        
[38;2;0;0;0m    [38;2;11;11;13m  [38;2;115;122;138m██[38;2;186;197;213m██[38;2;245;245;246m██[38;2;255;255;255m██[38;2;226;234;246m██[38;2;224;233;246m██[38;2;198;214;239m██[38;2;197;214;239m██[38;2;226;234;246m██[38;2;168;171;174m██[38;2;0;0;0m        
[38;2;0;0;0m  [38;2;8;7;1m  [38;2;255;222;32m████[38;2;112;127;142m██[38;2;187;217;252m██[38;2;135;150;166m██[38;2;74;71;64m██[38;2;185;214;249m██[38;2;131;181;230m██[38;2;83;142;186m██[38;2;183;210;242m██[38;2;198;214;239m██[38;2;0;0;0m        
[38;2;28;21;0m  [38;2;224;193;26m██[38;2;182;162;45m██[38;2;163;146;48m██[38;2;111;149;182m██[38;2;103;116;131m██[38;2;206;185;44m  [38;2;255;222;32m██[38;2;134;133;88m██[38;2;125;187;238m██[38;2;111;162;206m██[38;2;93;150;194m██[38;2;109;152;187m██[38;2;0;0;0m    [38;2;14;39;51m██[38;2;0;0;0m  
[38;2;45;34;0m  [38;2;238;203;26m██[38;2;116;106;50m██[38;2;85;80;55m██[38;2;63;98;112m██[38;2;236;209;36m██[38;2;245;214;34m██[38;2;239;208;35m██[38;2;160;144;49m██[38;2;53;121;159m██[38;2;77;147;194m██[38;2;124;175;224m██[38;2;124;172;218m██[38;2;0;0;0m  [38;2;22;60;77m██[38;2;26;71;92m██[38;2;1;1;1m  
[38;2;0;0;0m  [38;2;79;69;10m  [38;2;0;0;0m    [38;2;127;172;182m██[38;2;238;209;35m██[38;2;149;134;51m██[38;2;71;69;65m██[38;2;160;144;49m██[38;2;163;238;255m██[38;2;83;178;222m██[38;2;58;136;178m██[38;2;49;76;99m██[38;2;5;5;5m  [38;2;48;63;70m██[38;2;53;82;97m██[38;2;20;34;38m██
[38;2;0;0;0m        [38;2;62;91;104m██[38;2;84;99;105m██[38;2;115;127;106m██[38;2;102;95;67m██[38;2;121;163;172m██[38;2;94;187;228m██[38;2;74;151;188m██[38;2;65;156;198m██████[38;2;65;157;198m██[38;2;45;109;136m  [38;2;0;0;0m  
[38;2;0;0;0m    [38;2;5;18;24m  [38;2;59;93;111m██[38;2;58;97;112m██[38;2;142;218;244m██[38;2;143;207;223m██[38;2;183;242;227m██[38;2;124;177;193m██[38;2;49;92;119m██[38;2;57;94;115m██[38;2;60;154;202m██[38;2;65;157;198m██[38;2;59;142;179m██[38;2;22;54;68m██[38;2;0;0;0m    
[38;2;0;0;0m    [38;2;159;177;199m██[38;2;38;88;111m██[38;2;43;107;135m██[38;2;3;6;8m  [38;2;38;75;92m  [38;2;88;170;210m██[38;2;93;130;146m██[38;2;52;123;166m██[38;2;55;117;153m██[38;2;47;48;51m  [38;2;0;0;0m          
[38;2;0;0;0m                [38;2;60;93;110m██[38;2;61;137;181m██[38;2;74;152;190m██[38;2;0;0;0m            
[38;2;0;0;0m                [38;2;227;227;227m██[38;2;255;255;255m██[38;2;159;203;224m██[38;2;0;0;0m            
[38;2;0;0;0m                [38;2;33;33;33m  [38;2;66;66;66m██[38;2;29;29;29m  [38;2;0;0;0m            [0m
