
[38;2;0;0;0m                [38;2;18;23;37m  [38;2;0;0;0m                                        
[38;2;0;0;0m                [38;2;69;89;138m██[38;2;0;0;0m                                        
[38;2;0;0;0m              [38;2;101;131;202m██[38;2;11;19;25m  [38;2;0;0;0m                    [38;2;108;194;240m██[38;2;15;27;33m  [38;2;0;0;0m      [38;2;25;46;57m██[38;2;0;0;0m        
[38;2;0;0;0m            [38;2;0;3;2m  [38;2;56;83;121m██[38;2;64;85;130m██[38;2;0;0;0m                    [38;2;115;206;255m██[38;2;45;81;101m██[38;2;0;0;0m      [38;2;77;138;171m██[38;2;0;0;0m        
[38;2;0;0;0m            [38;2;41;55;85m██[38;2;65;96;137m██[38;2;69;89;138m██[38;2;0;0;0m                    [38;2;9;17;21m██[38;2;115;206;254m██[38;2;0;0;0m    [38;2;17;32;39m██[38;2;115;206;254m██[38;2;0;0;0m        
[38;2;0;0;0m            [38;2;91;124;185m██[38;2;105;139;212m██[38;2;4;5;9m  [38;2;0;0;0m                    [38;2;10;17;21m██[38;2;117;207;254m██[38;2;94;169;209m  [38;2;0;0;0m  [38;2;18;32;39m██[38;2;116;207;254m██[38;2;0;0;0m        
[38;2;0;0;0m            [38;2;115;149;230m██[38;2;67;87;135m██[38;2;0;0;0m                        [38;2;69;124;153m██[38;2;111;196;242m  [38;2;48;67;80m██[38;2;123;205;255m██[38;2;57;88;109m██[38;2;10;18;22m  [38;2;98;174;214m██[38;2;90;160;197m██[38;2;0;0;0m  
[38;2;0;0;0m          [38;2;97;125;191m██[38;2;115;149;228m██[38;2;13;17;27m██[38;2;0;0;0m                          [38;2;117;207;254m██[38;2;89;152;199m██[38;2;115;206;255m██[38;2;81;110;127m██[38;2;117;207;254m██[38;2;115;206;254m██[38;2;0;0;0m    
[38;2;0;0;0m          [38;2;97;125;193m██[38;2;115;149;229m██[38;2;13;17;27m██[38;2;0;0;0m                          [38;2;115;206;254m████[38;2;107;183;225m██[38;2;82;114;133m██[38;2;115;206;254m██[38;2;71;128;158m██[38;2;0;0;0m    
[38;2;0;0;0m          [38;2;97;174;215m██[38;2;113;147;227m██[38;2;13;17;27m██[38;2;0;0;0m        [38;2;4;74;112m██[38;2;0;2;3m██[38;2;0;0;0m              [38;2;13;24;30m██[38;2;115;206;254m██[38;2;82;139;186m██[38;2;114;206;255m██[38;2;102;171;208m██[38;2;24;28;31m██[38;2;7;13;16m██[38;2;1;3;4m  
[38;2;0;0;0m          [38;2;97;174;215m██[38;2;104;163;223m██[38;2;74;96;149m██[38;2;27;49;60m  [38;2;5;10;13m  [38;2;0;0;0m  [38;2;65;117;145m  [38;2;24;158;229m██[38;2;0;2;3m██[38;2;0;0;0m              [38;2;13;24;30m██[38;2;116;206;254m████[38;2;94;148;178m██[38;2;95;149;179m██[38;2;110;190;232m██[38;2;101;179;219m██[38;2;11;21;26m  
[38;2;0;0;0m            [38;2;100;175;223m██[38;2;110;145;222m██[38;2;84;120;140m██[38;2;40;81;104m██[38;2;48;43;42m██[38;2;33;156;214m██[38;2;0;77;118m██[38;2;0;0;0m  [38;2;0;9;14m  [38;2;0;19;29m██[38;2;0;9;13m  [38;2;0;0;0m        [38;2;13;24;30m██[38;2;116;206;254m██[38;2;117;207;254m██[38;2;116;207;254m██[38;2;108;187;229m██[38;2;82;108;128m██[38;2;59;62;74m██[38;2;3;5;7m  
[38;2;0;0;0m            [38;2;110;195;244m██[38;2;89;136;193m██[38;2;69;104;131m██[38;2;33;157;220m██[38;2;65;115;133m██[38;2;14;152;222m██[38;2;41;101;127m██[38;2;76;135;167m██[38;2;38;141;196m██[38;2;0;143;219m██[38;2;0;22;34m  [38;2;0;0;0m        [38;2;13;24;30m██[38;2;115;206;254m██[38;2;115;174;240m██[38;2;115;180;243m██[38;2;98;151;188m██[38;2;110;140;213m██[38;2;107;136;205m██[38;2;21;23;31m██
[38;2;0;0;0m    [38;2;0;20;31m  [38;2;0;0;0m      [38;2;41;74;92m██[38;2;86;146;193m██[38;2;64;110;152m██[38;2;34;152;208m██[38;2;54;172;222m██[38;2;16;131;192m██[38;2;51;131;166m██[38;2;1;145;222m██[38;2;0;130;199m██[38;2;0;0;0m            [38;2;34;61;75m██[38;2;109;166;231m██[38;2;115;189;247m██[38;2;115;183;245m██[38;2;104;131;196m██[38;2;83;95;127m██[38;2;58;62;76m██[38;2;0;0;0m  
[38;2;0;0;0m    [38;2;0;58;89m██[38;2;0;20;30m  [38;2;0;0;0m    [38;2;11;19;24m  [38;2;104;187;232m██[38;2;91;134;164m██[38;2;56;87;103m██[38;2;38;128;172m██[38;2;18;121;176m██[38;2;0;144;218m██[38;2;0;144;221m██[38;2;23;42;53m██[38;2;0;0;0m            [38;2;117;207;254m██[38;2;89;153;199m██[38;2;115;151;231m██[38;2;115;153;232m██[38;2;101;126;186m██[38;2;51;65;97m██[38;2;23;30;47m  [38;2;0;0;0m  
[38;2;0;0;0m    [38;2;4;20;30m  [38;2;16;130;192m██[38;2;0;0;0m      [38;2;74;132;164m  [38;2;103;181;229m██[38;2;66;70;75m██[38;2;60;106;130m██[38;2;17;123;180m██[38;2;91;121;136m██[38;2;84;117;127m██[38;2;90;123;132m██[38;2;0;0;0m        [38;2;2;4;5m  [38;2;81;146;180m██[38;2;110;195;244m██[38;2;100;138;205m██[38;2;115;149;227m██[38;2;90;107;148m██[38;2;57;73;106m  [38;2;10;13;17m  [38;2;0;0;0m    
[38;2;0;0;0m    [38;2;0;34;52m  [38;2;3;139;212m██[38;2;0;0;0m        [38;2;43;61;71m██[38;2;141;147;146m██[38;2;158;165;162m██[38;2;63;65;69m██[38;2;79;89;97m██[38;2;229;252;253m██[38;2;98;168;226m██[38;2;51;50;51m  [38;2;0;0;0m      [38;2;93;168;208m██[38;2;115;206;255m██[38;2;85;140;189m██[38;2;112;146;225m██[38;2;74;80;97m██[38;2;101;126;186m██[38;2;115;149;230m██[38;2;33;43;67m██[38;2;0;0;0m    
[38;2;0;0;0m  [38;2;0;37;57m  [38;2;5;140;212m██[38;2;3;24;36m██[38;2;0;0;0m          [38;2;105;107;107m  [38;2;98;105;113m██[38;2;89;112;126m██[38;2;125;172;207m██[38;2;82;147;215m██[38;2;127;199;245m██[38;2;115;205;253m██[38;2;57;85;100m██[38;2;42;76;93m██[38;2;116;203;254m██[38;2;101;177;224m██[38;2;109;160;228m██[38;2;112;145;223m██[38;2;95;118;176m██[38;2;117;150;227m██[38;2;66;77;104m██[38;2;0;0;0m        
[38;2;0;0;0m  [38;2;51;72;120m██[38;2;2;106;161m██[38;2;1;2;3m  [38;2;0;0;0m          [38;2;50;49;50m  [38;2;105;130;144m██[38;2;101;137;158m██[38;2;150;198;242m██[38;2;116;206;253m██[38;2;117;207;254m██[38;2;116;206;253m██[38;2;108;187;229m██[38;2;117;207;254m██[38;2;96;163;209m██[38;2;102;161;216m██[38;2;112;147;226m██[38;2;114;147;227m██[38;2;72;85;122m██[38;2;27;26;29m██[38;2;5;6;10m██[38;2;0;0;0m        
[38;2;19;22;36m██[38;2;76;86;144m██[38;2;72;88;140m██[38;2;33;46;67m██[38;2;0;0;0m      [38;2;26;29;52m  [38;2;48;54;90m██[38;2;84;89;106m██[38;2;153;172;189m██[38;2;208;236;254m██[38;2;207;236;254m██[38;2;116;168;210m██[38;2;115;187;231m██[38;2;116;206;254m██[38;2;115;193;249m██[38;2;91;134;194m██[38;2;115;149;228m██[38;2;111;143;219m██[38;2;27;35;54m  [38;2;8;10;16m  [38;2;46;87;134m██[38;2;23;67;104m██[38;2;40;113;180m██[38;2;16;52;79m██[38;2;4;11;16m  [38;2;0;0;0m    
[38;2;1;1;2m  [38;2;60;68;112m██[38;2;75;86;142m██[38;2;75;87;144m██[38;2;70;81;135m████[38;2;70;80;134m██[38;2;75;85;141m██[38;2;46;53;92m██[38;2;61;70;76m██[38;2;205;234;254m██[38;2;208;236;254m████[38;2;206;236;254m██[38;2;137;177;209m██[38;2;122;194;254m██[38;2;115;150;227m██[38;2;115;149;230m██[38;2;53;69;107m██[38;2;7;9;13m  [38;2;0;0;0m      [38;2;11;28;44m██[38;2;42;107;167m██[38;2;2;143;217m██[38;2;27;101;156m██[38;2;17;0;0m  [38;2;0;0;0m  
[38;2;0;0;0m    [38;2;11;13;22m  [38;2;40;46;77m██████[38;2;25;29;49m  [38;2;0;0;0m      [38;2;151;172;186m██[38;2;208;236;254m██[38;2;206;235;254m████[38;2;148;191;218m██[38;2;91;146;196m██[38;2;115;149;227m██[38;2;72;93;140m██[38;2;1;1;0m  [38;2;0;0;0m        [38;2;7;6;10m  [38;2;30;91;142m██[38;2;6;139;213m  [38;2;25;116;180m██[38;2;20;109;168m  [38;2;0;0;0m  
[38;2;0;0;0m                    [38;2;89;101;109m██[38;2;208;236;254m██[38;2;182;221;243m██[38;2;156;207;230m██[38;2;156;206;230m██[38;2;74;121;165m██[38;2;115;149;227m██[38;2;115;149;230m██[38;2;49;64;99m██[38;2;0;0;0m████████[38;2;0;145;222m██[38;2;51;105;170m██[38;2;61;97;159m██[38;2;0;145;222m██[38;2;0;0;0m    
[38;2;0;0;0m                      [38;2;69;91;101m  [38;2;156;207;227m████[38;2;115;165;197m██[38;2;115;149;230m██[38;2;115;193;249m██[38;2;95;136;168m██[38;2;50;61;79m██[38;2;38;41;61m██[38;2;59;67;111m██[38;2;75;87;145m██[38;2;76;86;143m██[38;2;32;40;66m██[38;2;17;58;88m██[38;2;0;54;83m  [38;2;0;0;0m      
[38;2;0;0;0m                        [38;2;28;27;28m  [38;2;155;194;209m██[38;2;28;31;34m  [38;2;107;192;238m██[38;2;117;207;254m██[38;2;101;182;225m  [38;2;0;0;0m                      
[38;2;0;0;0m                        [38;2;33;32;33m  [38;2;95;97;101m██[38;2;1;0;0m  [38;2;0;1;1m  [38;2;67;103;122m██[38;2;0;0;0m                        
[38;2;0;0;0m                    [38;2;66;66;68m██[38;2;73;73;74m██[38;2;111;109;111m██[38;2;52;52;52m██[38;2;0;0;0m    [38;2;46;46;46m██[38;2;163;165;163m██[38;2;0;0;0m                      
[38;2;0;0;0m                    [38;2;53;56;59m██[38;2;180;188;195m██[38;2;21;20;21m  [38;2;0;0;0m  [38;2;57;58;57m  [38;2;77;78;77m██[38;2;152;157;152m██[38;2;54;54;54m  [38;2;0;0;0m                      
[38;2;0;0;0m                            [38;2;91;96;101m  [38;2;54;53;54m██[38;2;115;119;122m██[38;2;0;0;0m                        
[38;2;0;0;0m                              [38;2;1;1;1m  [38;2;29;30;31m  [38;2;0;0;0m                        [0m
