
[38;2;0;0;0m                  [38;2;33;33;27m████[38;2;0;0;0m      [38;2;28;29;28m  [38;2;11;10;11m  [38;2;9;9;9m  [38;2;0;0;0m                              
[38;2;0;0;0m                [38;2;101;100;82m██[38;2;62;62;51m██[38;2;61;66;55m██[38;2;90;89;73m  [38;2;0;0;0m    [38;2;111;113;111m██[38;2;75;71;71m██[38;2;38;37;36m██[38;2;0;0;0m                [38;2;27;68;72m  [38;2;0;0;0m            
[38;2;0;0;0m            [38;2;17;17;14m  [38;2;100;100;86m██[38;2;46;55;48m██[38;2;38;48;40m██[38;2;56;62;52m██[38;2;117;117;101m██[38;2;58;59;53m██[38;2;0;0;0m    [38;2;122;119;116m  [38;2;123;123;117m██[38;2;0;2;0m  [38;2;0;0;0m  [38;2;32;32;32m  [38;2;0;0;0m      [38;2;29;29;28m  [38;2;19;19;26m██[38;2;71;86;105m██[38;2;66;129;137m██[38;2;0;0;0m          
[38;2;0;0;0m            [38;2;59;59;51m██[38;2;40;48;42m██[38;2;36;45;40m██[38;2;87;89;81m██[38;2;106;107;95m██[38;2;123;123;102m██[38;2;109;110;98m██[38;2;89;87;73m  [38;2;31;30;31m  [38;2;82;81;82m██[38;2;80;80;79m██[38;2;66;67;66m  [38;2;43;42;43m  [38;2;127;130;127m██[38;2;5;5;5m  [38;2;2;1;2m  [38;2;55;52;46m  [38;2;63;64;64m██[38;2;63;112;139m██[38;2;69;133;152m██[38;2;68;146;156m██[38;2;23;49;56m  [38;2;0;0;0m        
[38;2;0;0;0m            [38;2;38;38;33m██[38;2;113;113;93m██[38;2;114;111;97m██[38;2;93;92;85m██[38;2;120;120;101m██[38;2;131;130;104m██[38;2;131;129;104m██[38;2;109;110;99m██[38;2;111;110;95m██[38;2;81;81;74m██[38;2;65;64;65m██[38;2;71;70;68m██[38;2;86;86;77m██[38;2;122;124;122m██[38;2;68;67;68m██[38;2;53;53;45m██[38;2;109;108;94m██[38;2;89;89;80m██[38;2;57;57;64m██[38;2;71;158;178m██[38;2;68;133;133m██[38;2;80;148;160m██[38;2;65;120;151m██[38;2;7;13;16m  [38;2;0;0;0m    
[38;2;0;0;0m            [38;2;5;5;4m  [38;2;89;91;89m██[38;2;93;93;89m██[38;2;70;69;61m██[38;2;131;130;104m██████[38;2;130;128;104m██[38;2;107;108;98m██[38;2;128;129;102m██[38;2;78;77;72m██[38;2;107;107;89m██[38;2;75;74;71m██[38;2;102;103;102m██[38;2;76;76;76m██[38;2;94;94;82m██[38;2;67;66;66m██[38;2;96;94;85m██[38;2;66;144;154m██[38;2;71;143;171m██[38;2;86;147;175m██[38;2;141;195;193m██[38;2;66;110;142m██[38;2;23;50;56m██[38;2;0;0;0m    
[38;2;0;0;0m              [38;2;59;60;59m  [38;2;94;97;94m██[38;2;93;95;93m██[38;2;103;103;87m██[38;2;131;130;104m██████[38;2;114;114;94m██[38;2;104;105;96m██[38;2;73;72;71m██[38;2;118;119;96m██[38;2;69;68;67m██[38;2;110;112;110m██[38;2;93;93;84m██[38;2;99;98;84m██[38;2;100;98;81m██[38;2;96;96;83m██[38;2;66;69;71m██[38;2;67;122;130m██[38;2;68;161;172m██[38;2;70;145;170m██[38;2;76;183;158m██[38;2;66;120;152m██[38;2;20;27;34m  [38;2;0;0;0m  
[38;2;0;0;0m    [38;2;42;42;40m  [38;2;18;18;17m  [38;2;0;0;0m      [38;2;56;55;56m  [38;2;94;97;94m██[38;2;94;96;94m██[38;2;80;80;78m██[38;2;131;130;104m██[38;2;131;131;104m██[38;2;121;121;98m██[38;2;67;66;66m██[38;2;131;135;130m██[38;2;97;97;93m██[38;2;87;85;77m██[38;2;116;115;94m██[38;2;123;122;99m██[38;2;89;88;75m██[38;2;88;88;80m██[38;2;99;100;95m██[38;2;94;96;92m██[38;2;122;123;104m██[38;2;107;109;95m██[38;2;56;70;76m██[38;2;65;75;78m██[38;2;73;156;174m██[38;2;70;149;164m██[38;2;53;121;132m██[38;2;0;0;0m  
[38;2;0;0;0m    [38;2;15;15;15m  [38;2;105;105;100m██[38;2;35;35;33m  [38;2;0;0;0m  [38;2;62;64;62m██[38;2;76;77;76m██[38;2;88;90;88m██[38;2;94;97;94m██[38;2;84;85;84m██[38;2;107;106;90m██[38;2;131;131;104m██[38;2;79;79;79m██[38;2;134;138;134m██[38;2;84;84;84m██[38;2;140;142;140m██[38;2;76;74;68m██[38;2;102;100;83m██[38;2;79;77;70m██[38;2;92;94;92m██[38;2;94;96;93m██[38;2;83;84;83m██[38;2;90;90;82m██[38;2;105;102;86m██[38;2;111;110;93m██[38;2;125;126;102m██[38;2;113;111;110m██[38;2;69;94;118m██[38;2;63;99;137m██[38;2;56;116;137m██[38;2;0;0;0m  
[38;2;0;0;0m    [38;2;3;3;3m  [38;2;100;98;96m██[38;2;85;84;86m██[38;2;56;57;59m██[38;2;75;76;75m██[38;2;94;96;94m██[38;2;80;81;80m██[38;2;95;96;95m██[38;2;95;97;95m██[38;2;72;71;69m██[38;2;131;131;104m██[38;2;115;116;95m██[38;2;139;143;139m██[38;2;138;142;138m██[38;2;147;149;147m██[38;2;111;110;111m██[38;2;69;68;67m██[38;2;104;103;90m██[38;2;91;93;91m██[38;2;71;71;70m██[38;2;94;93;87m██[38;2;128;127;102m██[38;2;124;122;101m██[38;2;86;83;75m██[38;2;100;99;86m██[38;2;75;75;75m██[38;2;125;66;60m██[38;2;72;121;166m██[38;2;5;11;11m  [38;2;0;0;0m  
[38;2;0;0;0m        [38;2;75;74;75m██[38;2;81;79;81m██[38;2;94;95;94m██[38;2;65;64;65m██[38;2;115;117;115m██[38;2;81;82;81m████[38;2;79;80;79m██[38;2;89;88;79m██[38;2;65;64;65m██[38;2;76;77;76m██[38;2;155;157;152m██[38;2;81;80;79m██[38;2;137;141;137m██[38;2;73;73;73m██[38;2;113;111;91m██[38;2;95;93;82m██[38;2;97;96;87m██[38;2;130;128;105m██[38;2;131;130;104m██[38;2;87;87;77m██[38;2;116;117;113m██[38;2;86;90;83m██[38;2;95;95;87m██[38;2;88;35;20m  [38;2;0;0;0m      
[38;2;0;0;0m        [38;2;2;2;2m  [38;2;60;59;60m██[38;2;113;115;113m██[38;2;66;65;66m██[38;2;142;146;142m██[38;2;66;65;66m██[38;2;103;104;92m██[38;2;99;100;89m██[38;2;89;90;82m██[38;2;65;64;65m██[38;2;99;99;99m██[38;2;81;80;81m██[38;2;119;118;114m██[38;2;111;109;101m██[38;2;120;119;97m██[38;2;87;87;76m██[38;2;126;125;104m██[38;2;109;107;89m██[38;2;128;127;102m██[38;2;108;106;91m██[38;2;91;90;84m██[38;2;138;134;125m██[38;2;123;122;101m██[38;2;67;66;67m██[38;2;0;0;0m        
[38;2;0;0;0m        [38;2;42;42;40m██[38;2;93;91;82m██[38;2;76;75;76m██[38;2;167;173;167m██[38;2;106;108;106m██[38;2;111;113;111m██[38;2;65;64;65m██[38;2;98;99;89m██[38;2;71;71;70m██[38;2;102;103;91m██[38;2;80;81;80m██[38;2;92;92;92m██[38;2;87;86;85m██[38;2;97;98;83m██[38;2;89;89;81m██[38;2;94;97;94m████[38;2;103;102;91m██[38;2;99;98;85m██[38;2;91;92;85m██[38;2;181;183;177m██[38;2;100;99;87m██[38;2;84;81;76m██[38;2;135;133;131m██[38;2;60;65;67m██[38;2;10;24;26m  [38;2;0;0;0m    
[38;2;0;0;0m        [38;2;129;127;106m██[38;2;66;65;66m██[38;2;79;82;79m██[38;2;117;120;117m██[38;2;114;117;114m██[38;2;166;172;166m██[38;2;86;85;86m██[38;2;69;69;68m██[38;2;79;80;76m██[38;2;72;72;71m██[38;2;105;108;97m██[38;2;129;130;103m████[38;2;74;74;73m██[38;2;93;96;93m██[38;2;95;97;95m████[38;2;87;87;86m██[38;2;96;95;88m██[38;2;79;80;79m██[38;2;105;108;103m██[38;2;115;119;117m██[38;2;75;74;74m██[38;2;194;191;186m██[38;2;65;77;80m██[38;2;23;52;57m██[38;2;0;0;0m    
[38;2;0;0;0m        [38;2;83;82;81m██[38;2;59;58;58m██[38;2;80;82;80m██[38;2;90;91;90m██[38;2;116;118;116m██[38;2;116;116;116m██[38;2;92;91;88m██[38;2;97;97;84m██[38;2;86;86;81m██[38;2;67;66;67m██[38;2;79;80;79m██████[38;2;84;85;84m██[38;2;95;97;95m████[38;2;94;97;94m██[38;2;80;80;78m██[38;2;97;97;86m██[38;2;84;83;79m██[38;2;79;80;79m██[38;2;84;87;87m██[38;2;98;98;97m██[38;2;77;76;77m██[38;2;70;143;170m██[38;2;63;140;158m██[38;2;0;0;0m    
[38;2;0;0;0m        [38;2;95;96;92m██[38;2;67;66;66m██[38;2;91;90;82m██[38;2;67;62;58m██[38;2;85;81;71m██[38;2;82;79;68m██[38;2;102;103;87m██[38;2;68;68;68m██[38;2;94;97;94m██[38;2;70;70;70m██[38;2;93;96;93m██[38;2;95;97;95m██[38;2;94;97;94m██[38;2;73;74;73m██[38;2;93;96;93m████[38;2;68;68;68m██[38;2;91;89;81m██[38;2;83;80;70m██[38;2;140;136;129m██[38;2;65;65;65m██[38;2;78;79;78m██[38;2;133;133;122m██[38;2;70;98;125m██[38;2;73;121;166m██[38;2;62;103;137m██[38;2;54;128;137m██[38;2;0;0;0m  
[38;2;0;0;0m        [38;2;60;61;59m██[38;2;66;65;66m██[38;2;87;88;84m██[38;2;95;94;84m██[38;2;95;94;83m████[38;2;77;77;72m██[38;2;94;97;94m████[38;2;89;91;89m██[38;2;74;74;76m██[38;2;78;79;78m██[38;2;78;79;79m██[38;2;92;92;86m██[38;2;93;94;89m██[38;2;89;91;89m██[38;2;88;87;81m██[38;2;143;142;139m██[38;2;135;133;123m██[38;2;143;139;132m██[38;2;78;79;78m██[38;2;105;105;98m██[38;2;97;98;95m██[38;2;75;112;145m██[38;2;65;106;143m██[38;2;68;131;155m██[38;2;64;133;151m██[38;2;9;9;8m  
[38;2;0;0;0m        [38;2;36;37;36m██[38;2;94;97;94m██[38;2;78;78;78m██[38;2;94;97;94m██████[38;2;78;78;78m██[38;2;93;95;93m██[38;2;94;97;94m██[38;2;70;69;68m██[38;2;121;119;100m██[38;2;131;131;104m██[38;2;131;129;105m██[38;2;112;110;95m██[38;2;68;67;68m██[38;2;93;95;93m██[38;2;83;82;77m██[38;2;133;133;128m██[38;2;94;97;94m██[38;2;76;74;68m██[38;2;73;71;72m██[38;2;135;135;123m██[38;2;68;63;64m██[38;2;20;22;30m  [38;2;70;115;158m██[38;2;70;120;149m██[38;2;95;94;100m██[38;2;50;49;48m██
[38;2;0;0;0m        [38;2;50;49;50m██[38;2;92;95;92m██[38;2;83;82;79m██[38;2;95;97;94m██[38;2;95;97;95m██████[38;2;68;67;68m██[38;2;83;84;83m██[38;2;83;85;83m██[38;2;120;119;102m██[38;2;122;122;98m██[38;2;93;92;83m██[38;2;87;86;83m██[38;2;95;97;95m██[38;2;75;75;75m██[38;2;93;95;94m██[38;2;118;118;111m██[38;2;97;100;97m██[38;2;105;99;102m██[38;2;125;121;118m██[38;2;83;81;80m██[38;2;165;66;39m██[38;2;0;0;0m    [38;2;18;18;18m  [38;2;73;72;70m██[38;2;7;7;7m  
[38;2;0;0;0m    [38;2;11;11;8m██[38;2;60;59;52m██[38;2;112;115;107m██[38;2;67;66;67m██[38;2;81;83;81m██[38;2;67;66;67m██[38;2;93;94;90m██[38;2;91;94;91m████[38;2;93;92;85m██[38;2;82;83;79m██[38;2;92;94;91m██[38;2;76;75;73m██[38;2;73;72;65m██[38;2;93;89;80m██[38;2;88;85;75m██[38;2;89;90;88m██[38;2;83;85;83m██[38;2;91;93;91m██[38;2;90;90;86m██[38;2;80;78;72m██[38;2;105;107;103m██[38;2;134;129;123m██[38;2;130;68;54m██[38;2;0;3;7m  [38;2;0;0;0m          
[38;2;31;31;30m  [38;2;55;54;53m██[38;2;109;110;98m██[38;2;72;71;68m██[38;2;133;137;131m██[38;2;82;83;82m██[38;2;94;97;94m██[38;2;95;97;92m██[38;2;84;86;84m██[38;2;82;83;82m██[38;2;83;83;83m██[38;2;88;89;84m██[38;2;82;82;77m██[38;2;84;85;83m██[38;2;86;87;79m██[38;2;151;148;143m██[38;2;133;130;122m██[38;2;134;131;122m██[38;2;97;95;87m██[38;2;89;92;89m██[38;2;101;98;99m██[38;2;77;75;76m██[38;2;141;139;133m██[38;2;150;157;160m██[38;2;83;97;119m██[38;2;46;36;39m██[38;2;0;1;2m  [38;2;0;0;0m          
[38;2;0;0;0m    [38;2;83;85;83m██[38;2;60;60;60m██[38;2;120;123;120m██[38;2;88;90;88m██[38;2;93;95;93m██[38;2;74;73;72m██[38;2;77;76;76m██[38;2;90;92;90m██[38;2;94;95;94m██[38;2;94;97;94m██[38;2;75;75;75m██[38;2;90;93;89m██[38;2;137;142;140m██[38;2;82;78;68m██[38;2;92;89;79m██[38;2;83;81;71m██[38;2;180;175;168m██[38;2;84;84;74m██[38;2;82;78;81m██[38;2;192;188;186m██[38;2;181;178;174m██[38;2;84;96;110m██[38;2;77;121;161m██[38;2;7;6;8m  [38;2;0;0;0m            
[38;2;0;0;0m        [38;2;58;57;55m██[38;2;68;67;68m██[38;2;92;92;88m██[38;2;138;138;126m██[38;2;186;184;178m██[38;2;149;146;144m██[38;2;109;103;106m██[38;2;94;97;94m██[38;2;87;89;87m██[38;2;78;79;77m██[38;2;102;105;99m██[38;2;126;125;118m██[38;2;114;110;101m██[38;2;80;76;68m██[38;2;112;108;104m██[38;2;99;98;95m██[38;2;192;189;184m██[38;2;126;129;126m██[38;2;90;105;116m██[38;2;59;98;132m██[38;2;70;146;170m██[38;2;33;54;74m██[38;2;0;0;0m            
[38;2;0;0;0m          [38;2;108;106;102m  [38;2;127;127;117m██[38;2;67;73;80m██[38;2;66;72;80m██[38;2;71;77;84m██[38;2;188;185;180m██[38;2;85;83;83m██[38;2;72;72;71m██[38;2;69;68;68m██[38;2;79;78;76m██[38;2;137;136;134m██[38;2;71;69;67m██[38;2;150;147;144m██[38;2;177;175;170m██[38;2;176;173;169m██[38;2;78;83;90m██[38;2;66;95;111m██[38;2;59;103;132m██[38;2;68;161;175m██[38;2;53;101;124m██[38;2;28;53;65m  [38;2;0;0;0m            
[38;2;0;0;0m            [38;2;51;70;72m██[38;2;144;201;223m██[38;2;95;152;172m██[38;2;115;164;172m██[38;2;92;104;116m██[38;2;111;114;119m██[38;2;164;167;165m██[38;2;147;145;141m██[38;2;114;114;106m██[38;2;117;115;106m██[38;2;146;144;139m██[38;2;141;139;136m██[38;2;108;106;105m██[38;2;71;102;131m██[38;2;63;102;137m██[38;2;65;106;143m██[38;2;69;156;175m██[38;2;68;161;175m██[38;2;72;125;164m██[38;2;0;0;0m              
[38;2;0;0;0m        [38;2;4;11;12m  [38;2;12;30;32m██[38;2;110;190;201m██[38;2;158;226;239m██[38;2;72;134;169m██[38;2;124;174;176m██[38;2;72;114;153m██[38;2;82;90;101m  [38;2;0;0;2m  [38;2;159;157;153m████████[38;2;17;29;40m  [38;2;67;99;127m██[38;2;68;107;135m██[38;2;72;118;161m██[38;2;73;121;164m██[38;2;93;142;180m██[38;2;79;145;173m██[38;2;0;0;0m                
[38;2;0;0;0m        [38;2;7;18;19m  [38;2;19;47;50m██[38;2;68;161;175m████[38;2;69;105;129m██[38;2;67;80;94m██[38;2;66;83;99m██[38;2;87;86;82m  [38;2;0;0;0m            [38;2;17;29;39m  [38;2;86;134;169m██[38;2;114;165;175m██[38;2;100;149;171m██[38;2;175;236;250m██[38;2;84;128;158m██[38;2;137;134;131m  [38;2;0;0;0m              
[38;2;0;0;0m              [38;2;49;48;49m  [38;2;73;80;84m██[38;2;62;72;81m██[38;2;18;31;41m  [38;2;0;0;0m              [38;2;36;36;35m  [38;2;90;115;133m██[38;2;71;116;149m██[38;2;99;153;175m██[38;2;73;124;166m██[38;2;57;93;127m██[38;2;152;150;146m██[38;2;69;68;66m  [38;2;0;0;0m            
[38;2;0;0;0m                [38;2;0;0;1m    [38;2;0;0;0m                [38;2;42;41;40m  [38;2;46;46;43m██[38;2;15;25;36m██[38;2;19;32;41m██[38;2;19;32;43m██[38;2;0;0;0m                  [0m
