
[38;2;0;0;0m            [38;2;65;43;48m██[38;2;54;31;35m██[38;2;0;0;0m                            
[38;2;0;0;0m        [38;2;47;36;39m  [38;2;190;152;165m██[38;2;254;193;212m██[38;2;238;163;185m██[38;2;165;92;101m██[38;2;47;33;36m  [38;2;0;0;0m                        
[38;2;0;0;0m        [38;2;111;80;89m██[38;2;254;196;215m██[38;2;253;177;197m██[38;2;245;162;183m██[38;2;237;152;167m██[38;2;218;130;142m██[38;2;62;49;53m██[38;2;55;30;33m██[38;2;2;0;0m  [38;2;40;19;21m  [38;2;111;90;98m██[38;2;254;206;222m██[38;2;207;149;164m██[38;2;31;22;24m██[38;2;0;0;0m        
[38;2;0;0;0m        [38;2;229;136;150m██[38;2;254;176;199m██[38;2;245;162;183m██[38;2;238;168;184m██[38;2;246;186;201m██[38;2;254;206;223m██[38;2;253;205;223m██[38;2;238;168;184m██[38;2;177;116;129m██[38;2;208;139;152m██[38;2;246;189;206m██[38;2;254;207;224m██[38;2;254;181;204m██[38;2;217;155;173m██[38;2;0;0;0m        
[38;2;0;0;0m      [38;2;47;33;36m  [38;2;252;173;191m██[38;2;251;171;194m██[38;2;254;175;200m████[38;2;254;198;216m████[38;2;254;192;212m██[38;2;254;175;200m████████████[38;2;254;177;197m██[38;2;182;132;146m██[38;2;0;0;0m      
[38;2;0;0;0m      [38;2;191;133;147m██[38;2;251;171;194m██[38;2;225;131;146m██[38;2;254;185;205m██[38;2;254;210;228m██[38;2;254;176;200m██████████[38;2;254;177;198m██[38;2;254;177;197m██[38;2;228;136;151m██[38;2;248;180;203m██[38;2;225;174;194m██[38;2;167;138;154m██[38;2;12;13;12m  [38;2;0;0;0m    
[38;2;0;0;0m        [38;2;202;139;157m██[38;2;223;132;147m██[38;2;239;172;190m██[38;2;64;55;59m██[38;2;254;175;200m██[38;2;206;188;193m██[38;2;249;175;199m██[38;2;254;175;200m██[38;2;251;171;194m██[38;2;225;131;146m████[38;2;242;171;190m██[38;2;201;123;140m██[38;2;211;166;186m██[38;2;126;111;120m██[38;2;51;45;48m██[38;2;0;0;0m    
[38;2;0;0;0m    [38;2;143;143;143m  [38;2;0;0;0m  [38;2;64;38;43m██[38;2;249;170;193m██[38;2;254;176;199m██[38;2;219;156;172m██[38;2;254;176;200m██[38;2;106;78;86m██[38;2;236;174;197m██[38;2;254;176;200m██[38;2;243;159;176m██[38;2;242;158;178m██[38;2;241;170;193m██[38;2;205;165;186m██[38;2;103;78;86m██[38;2;103;88;95m██[38;2;166;138;153m██[38;2;12;10;11m  [38;2;0;0;0m    
[38;2;0;0;0m    [38;2;242;242;242m██[38;2;111;111;111m██[38;2;219;156;172m██[38;2;254;176;199m████[38;2;229;136;150m██[38;2;243;159;176m████[38;2;254;177;197m██[38;2;254;175;200m██[38;2;246;164;181m██[38;2;169;112;125m██[38;2;185;135;152m██[38;2;117;103;111m██[38;2;208;169;191m██[38;2;205;169;189m██[38;2;0;0;0m        
[38;2;0;0;0m    [38;2;108;108;108m██[38;2;255;255;255m██[38;2;106;94;96m██[38;2;242;178;198m██[38;2;254;176;199m████[38;2;242;158;178m████[38;2;254;176;199m██[38;2;254;176;200m██[38;2;255;178;197m██[38;2;221;155;172m██[38;2;173;127;139m██[38;2;91;83;88m██[38;2;124;110;120m██[38;2;204;172;190m██[38;2;117;95;107m  [38;2;0;0;0m      
[38;2;0;0;0m    [38;2;134;132;131m██[38;2;225;225;224m██[38;2;189;178;186m██[38;2;208;148;166m██[38;2;254;176;199m██[38;2;254;175;200m██████[38;2;254;176;199m████[38;2;183;140;151m██[38;2;112;111;112m██[38;2;148;147;148m██[38;2;255;255;255m██[38;2;207;199;207m██[38;2;172;141;159m██[38;2;168;137;155m██[38;2;12;10;11m  [38;2;0;0;0m    
[38;2;0;0;0m    [38;2;81;81;82m██[38;2;199;181;183m██[38;2;216;164;184m██[38;2;134;108;116m██[38;2;254;177;197m██[38;2;254;176;200m██████[38;2;254;176;199m██[38;2;148;113;122m██[38;2;219;219;219m██[38;2;255;255;255m██████[38;2;124;118;124m██[38;2;195;165;183m██[38;2;207;169;190m██[38;2;51;42;47m██[38;2;0;0;0m    
[38;2;0;0;0m    [38;2;14;12;12m  [38;2;163;136;140m██[38;2;254;175;200m██[38;2;112;95;105m██[38;2;161;162;166m██[38;2;189;181;190m██[38;2;232;171;187m██[38;2;219;156;172m██[38;2;183;135;147m██[38;2;112;92;97m██[38;2;175;170;178m██[38;2;247;243;246m██[38;2;225;226;224m██[38;2;118;118;118m██[38;2;178;150;165m██[38;2;207;169;190m██[38;2;211;185;202m██[38;2;47;45;47m██[38;2;0;0;0m    
[38;2;0;0;0m    [38;2;164;164;160m██[38;2;179;176;178m██[38;2;112;92;98m██[38;2;183;179;182m██[38;2;255;253;254m██[38;2;233;232;234m██[38;2;125;124;129m██[38;2;183;135;149m██[38;2;219;156;172m██[38;2;254;176;199m██[38;2;216;175;189m██[38;2;209;205;207m██[38;2;225;225;224m██[38;2;136;136;136m██[38;2;189;165;179m██[38;2;243;233;238m██[38;2;247;246;247m██[38;2;199;199;199m██[38;2;0;0;0m    
[38;2;41;41;41m  [38;2;166;166;161m██[38;2;138;138;136m██[38;2;194;194;193m██[38;2;118;109;111m██[38;2;255;254;255m██[38;2;255;255;255m████[38;2;211;211;212m██[38;2;157;96;103m██[38;2;209;147;163m██[38;2;206;147;166m██[38;2;97;98;100m██[38;2;111;112;112m██[38;2;112;111;112m██[38;2;209;209;209m██[38;2;255;255;255m██[38;2;187;193;194m██[38;2;181;187;189m██[38;2;216;216;216m██[38;2;191;191;191m██[38;2;47;47;47m  
[38;2;0;0;0m    [38;2;55;55;54m██[38;2;27;27;26m██[38;2;166;138;143m██[38;2;255;253;255m██[38;2;255;255;255m████[38;2;218;200;201m██[38;2;158;125;129m██[38;2;209;193;196m██[38;2;207;207;207m██[38;2;246;238;243m██[38;2;187;193;194m██[38;2;255;255;255m██[38;2;187;193;194m██[38;2;165;172;174m██[38;2;232;234;234m██[38;2;245;246;247m██[38;2;69;70;71m██[38;2;0;0;0m    
[38;2;0;0;0m        [38;2;54;31;35m██[38;2;230;194;200m██[38;2;240;217;220m██[38;2;228;189;193m██[38;2;205;133;148m██[38;2;210;142;151m██[38;2;243;243;243m██[38;2;228;229;224m██[38;2;175;179;181m██[38;2;226;227;228m██[38;2;174;179;181m██[38;2;225;227;228m██[38;2;172;178;181m██[38;2;138;138;135m██[38;2;41;41;39m  [38;2;0;0;0m      
[38;2;0;0;0m        [38;2;17;10;11m  [38;2;188;128;144m██[38;2;224;155;175m██[38;2;207;153;172m██[38;2;192;158;168m██[38;2;210;196;196m██[38;2;224;219;216m██[38;2;222;223;218m██[38;2;215;217;214m██[38;2;201;203;201m██[38;2;215;217;214m██[38;2;200;203;201m██[38;2;222;222;222m██[38;2;97;97;95m██[38;2;0;0;0m        
[38;2;0;0;0m            [38;2;176;133;150m██[38;2;172;142;159m██[38;2;161;130;135m██[38;2;226;222;221m██[38;2;222;223;219m████[38;2;222;222;219m████[38;2;212;212;209m██[38;2;170;171;168m██[38;2;0;0;0m            
[38;2;0;0;0m            [38;2;130;71;81m██[38;2;170;143;158m██[38;2;55;55;55m██[38;2;180;181;178m██[38;2;222;223;219m████[38;2;192;192;192m██[38;2;104;103;104m██[38;2;82;81;82m██[38;2;4;4;4m  [38;2;0;0;0m            
[38;2;0;0;0m          [38;2;115;95;106m  [38;2;153;127;141m██████[38;2;38;31;35m  [38;2;0;0;0m    [38;2;79;55;64m██[38;2;204;157;176m██[38;2;201;154;172m██[38;2;42;25;28m██[38;2;0;0;0m            
[38;2;0;0;0m                        [38;2;13;9;10m  [38;2;61;42;47m██[38;2;62;43;48m██[38;2;15;10;11m  [38;2;0;0;0m            [0m
