
[38;2;0;0;0m            [38;2;4;4;4m██  [38;2;0;0;0m                            
[38;2;0;0;0m            [38;2;4;4;4m  ██[38;2;0;0;0m              [38;2;36;36;36m  [38;2;0;0;0m            
[38;2;0;0;0m              [38;2;143;54;32m  [38;2;44;20;14m  [38;2;0;0;0m        [38;2;15;14;12m  [38;2;143;54;32m  [38;2;0;0;0m              
[38;2;0;0;0m                [38;2;111;52;38m██[38;2;0;1;2m  [38;2;0;0;0m    [38;2;47;18;10m  [38;2;63;32;23m██[38;2;0;0;0m                
[38;2;0;0;0m                [38;2;37;20;18m██[38;2;49;29;24m██[38;2;0;0;0m  [38;2;47;18;10m  [38;2;46;43;38m  [38;2;0;0;0m                  
[38;2;0;0;0m                [38;2;30;30;32m██[38;2;88;72;63m██[38;2;59;56;50m██[38;2;205;85;54m██[38;2;36;36;36m  [38;2;0;0;0m                  
[38;2;0;0;0m        [38;2;20;19;17m████[38;2;0;1;1m  [38;2;47;12;12m  [38;2;124;68;55m██[38;2;122;82;67m██[38;2;102;71;63m██[38;2;73;69;65m██[38;2;112;62;62m██[38;2;42;29;28m██[38;2;0;0;0m                
[38;2;0;0;0m    [38;2;15;14;12m██  [38;2;66;64;55m██[38;2;66;63;55m██[38;2;15;7;8m  [38;2;207;52;50m██[38;2;85;69;64m██[38;2;78;66;64m██[38;2;209;90;58m██[38;2;175;63;60m██[38;2;201;60;66m██[38;2;120;69;65m██[38;2;42;41;38m  [38;2;0;0;0m              
[38;2;0;0;0m    [38;2;5;6;5m  [38;2;84;55;57m██[38;2;95;75;69m██[38;2;109;70;64m██[38;2;209;59;58m██[38;2;107;65;63m██[38;2;110;115;119m██[38;2;102;102;102m██[38;2;108;66;63m██[38;2;212;61;59m██[38;2;175;63;60m██[38;2;67;65;65m██[38;2;83;60;59m██[38;2;79;32;34m██[38;2;0;0;0m  [38;2;15;14;12m  [38;2;61;59;51m██[38;2;0;0;0m      
[38;2;0;0;0m    [38;2;37;16;15m██[38;2;132;72;64m██[38;2;134;69;61m██[38;2;130;71;64m██[38;2;76;73;66m██[38;2;67;65;65m██[38;2;174;178;181m██[38;2;96;98;100m██[38;2;67;65;65m██[38;2;69;67;65m██[38;2;70;68;65m██[38;2;78;73;70m██[38;2;222;60;59m██[38;2;255;57;56m██[38;2;157;45;44m██[38;2;75;72;63m██[38;2;61;58;51m██[38;2;0;0;0m      
[38;2;0;0;0m    [38;2;145;66;66m██[38;2;225;92;95m██[38;2;220;88;91m██[38;2;77;64;62m██[38;2;101;62;64m██[38;2;179;181;185m██[38;2;119;123;123m██[38;2;68;67;65m██[38;2;71;69;66m██[38;2;77;74;67m██[38;2;86;70;63m██[38;2;146;66;66m██[38;2;101;73;72m██[38;2;184;64;62m██[38;2;90;70;65m██[38;2;70;69;65m██[38;2;71;69;66m██[38;2;34;33;29m██[38;2;46;44;38m  [38;2;0;0;0m  
[38;2;0;0;0m    [38;2;135;102;90m██[38;2;245;122;124m██[38;2;156;111;113m██[38;2;180;55;56m██[38;2;132;94;96m██[38;2;152;153;155m██[38;2;85;82;80m██[38;2;70;67;65m██[38;2;103;65;64m██[38;2;207;58;58m██[38;2;156;111;113m██[38;2;125;96;95m██[38;2;110;68;68m██[38;2;100;74;70m██[38;2;132;69;64m██[38;2;96;76;67m██[38;2;80;77;67m██[38;2;71;69;66m██[38;2;0;0;0m    
[38;2;7;4;3m  [38;2;199;46;45m██[38;2;220;60;56m██[38;2;127;72;54m██[38;2;116;66;65m██[38;2;119;84;85m██[38;2;143;109;111m██[38;2;89;90;91m██[38;2;65;64;65m██[38;2;206;103;73m██[38;2;253;82;73m██[38;2;239;167;170m██[38;2;236;189;192m██[38;2;223;190;192m██[38;2;166;63;58m██[38;2;122;105;97m██[38;2;231;59;55m██[38;2;150;66;63m██[38;2;156;64;73m██[38;2;39;16;17m██[38;2;0;0;0m    
[38;2;37;16;16m██[38;2;163;67;61m██[38;2;254;56;53m██[38;2;156;68;57m██[38;2;69;52;52m██[38;2;57;47;48m██[38;2;167;163;159m██[38;2;178;111;79m██[38;2;65;64;65m██[38;2;193;173;165m██[38;2;239;197;179m██[38;2;252;127;88m██[38;2;255;56;56m██[38;2;242;56;56m██[38;2;101;71;65m██[38;2;204;92;92m██[38;2;236;189;192m██[38;2;129;104;95m██[38;2;101;74;67m██[38;2;114;55;53m██[38;2;0;0;0m    
[38;2;0;0;0m  [38;2;86;56;45m██[38;2;116;73;59m██[38;2;124;58;50m██[38;2;0;0;0m  [38;2;4;2;4m  [38;2;88;64;53m██[38;2;109;79;64m██[38;2;67;65;65m██[38;2;76;73;65m██[38;2;196;174;166m██[38;2;211;121;80m██[38;2;211;93;69m██[38;2;114;72;65m██[38;2;83;72;67m██[38;2;88;64;66m██[38;2;154;60;58m██[38;2;237;58;58m██[38;2;221;60;58m██[38;2;149;65;66m██[38;2;113;51;57m██[38;2;0;0;0m  
[38;2;0;0;0m  [38;2;169;142;143m██[38;2;213;63;53m██[38;2;122;52;44m██[38;2;0;0;0m    [38;2;5;5;7m  [38;2;158;95;71m██[38;2;107;80;68m██[38;2;209;119;77m██[38;2;72;67;65m██[38;2;69;67;65m████[38;2;72;67;65m██[38;2;143;63;71m██[38;2;69;28;31m██[38;2;79;32;34m██[38;2;255;56;56m██[38;2;142;70;54m██[38;2;98;76;65m██[38;2;95;57;58m██[38;2;17;11;11m  
[38;2;0;0;0m  [38;2;152;124;124m  [38;2;189;119;116m██[38;2;140;67;53m██[38;2;29;12;13m  [38;2;0;0;0m      [38;2;119;68;62m██[38;2;185;99;74m██[38;2;189;105;81m██[38;2;196;154;156m██[38;2;189;58;59m██[38;2;100;63;65m██[38;2;66;48;50m██[38;2;0;0;0m    [38;2;119;50;39m██[38;2;105;74;60m██[38;2;159;64;73m██[38;2;131;59;70m██[38;2;14;8;8m  
[38;2;0;0;0m  [38;2;9;2;4m  [38;2;110;79;83m██[38;2;122;65;67m██[38;2;117;48;55m██[38;2;0;0;0m      [38;2;75;26;26m██[38;2;183;59;60m██[38;2;209;87;88m██[38;2;156;111;113m██[38;2;189;58;59m██[38;2;100;63;65m██[38;2;30;12;13m  [38;2;0;0;0m  [38;2;47;22;24m  [38;2;237;53;56m██[38;2;133;70;60m██[38;2;159;64;73m██[38;2;29;13;15m  [38;2;0;0;0m  
[38;2;0;0;0m  [38;2;0;2;4m  [38;2;116;53;61m██[38;2;66;48;50m██[38;2;0;0;0m      [38;2;31;14;13m  [38;2;78;64;64m██[38;2;68;66;65m██[38;2;74;63;62m██[38;2;91;52;52m██[38;2;67;65;65m██[38;2;65;65;65m██[38;2;52;52;52m██[38;2;69;52;52m██[38;2;111;45;46m██[38;2;133;67;58m██[38;2;163;65;66m██[38;2;129;52;60m██[38;2;0;0;0m    
[38;2;0;0;0m            [38;2;109;46;50m██[38;2;144;64;64m██[38;2;152;62;62m██[38;2;104;65;64m██[38;2;79;75;67m██[38;2;122;64;70m████[38;2;102;65;62m██[38;2;183;60;56m██[38;2;93;65;65m██[38;2;118;64;70m████[38;2;76;52;55m██[38;2;9;4;4m  [38;2;0;0;0m    
[38;2;0;0;0m        [38;2;5;4;4m  [38;2;60;55;53m██[38;2;142;63;72m██[38;2;131;69;55m██[38;2;239;52;53m██[38;2;47;10;10m  [38;2;73;52;53m██[38;2;135;69;58m████[38;2;98;47;51m██[38;2;202;57;61m██[38;2;159;68;51m██[38;2;36;36;36m  [38;2;0;0;0m          
[38;2;0;0;0m        [38;2;5;4;4m  [38;2;61;44;45m██[38;2;89;57;56m██[38;2;125;71;56m██[38;2;47;10;10m  [38;2;0;0;0m  [38;2;37;16;16m██[38;2;108;66;67m████[38;2;53;23;25m██[38;2;15;10;9m  [38;2;111;40;30m██[38;2;70;40;27m  [38;2;0;0;0m          
[38;2;0;0;0m          [38;2;0;9;9m  [38;2;144;70;72m██[38;2;181;48;50m██[38;2;0;0;0m    [38;2;13;13;12m  [38;2;69;58;57m██[38;2;77;67;65m██[38;2;23;16;16m██[38;2;0;1;0m  [38;2;143;42;36m  [38;2;94;54;36m██[38;2;0;0;0m          
[38;2;0;0;0m          [38;2;0;3;0m  [38;2;150;70;67m██[38;2;37;20;16m██[38;2;0;0;0m    [38;2;0;1;2m  [38;2;100;49;57m██[38;2;142;64;72m██[38;2;40;16;18m██[38;2;0;0;0m    [38;2;94;54;36m██[38;2;0;0;0m          
[38;2;0;0;0m                        [38;2;92;44;41m██[38;2;0;1;0m  [38;2;0;0;0m                
[38;2;0;0;0m                        [38;2;30;14;13m  [38;2;0;0;0m                  [0m
