
[38;2;0;0;0m              [38;2;33;37;47m  [38;2;44;50;63m████[38;2;33;37;47m  [38;2;0;0;0m  [38;2;44;50;63m████[38;2;33;37;47m  [38;2;0;0;0m              
[38;2;0;0;0m        [38;2;0;3;0m  [38;2;41;71;73m  [38;2;134;151;191m██[38;2;111;124;176m██[38;2;103;120;170m██[38;2;156;176;233m██[38;2;168;189;239m██[38;2;76;86;129m██[38;2;120;133;193m██[38;2;121;148;189m██[38;2;92;103;155m██[38;2;56;84;100m██[38;2;0;9;0m  [38;2;0;0;0m          
[38;2;0;0;0m      [38;2;7;20;14m  [38;2;42;104;79m██[38;2;46;92;84m██[38;2;67;92;127m██[38;2;47;104;87m██[38;2;39;103;76m██[38;2;60;105;112m██[38;2;89;112;152m██[38;2;154;173;227m██[38;2;67;96;126m██[38;2;46;88;90m██[38;2;40;109;74m██[38;2;45;96;81m██[38;2;45;96;82m██[38;2;17;47;33m██[38;2;0;0;0m        
[38;2;0;0;0m      [38;2;30;82;56m██[38;2;40;110;75m████████████[38;2;43;107;78m██[38;2;50;103;91m██[38;2;40;109;74m██[38;2;43;106;75m██[38;2;50;100;74m██[38;2;40;110;75m██████[38;2;23;61;43m  [38;2;0;0;0m      
[38;2;0;0;0m    [38;2;10;27;19m██[38;2;40;109;76m██[38;2;40;110;76m██[38;2;40;110;75m██[38;2;40;110;76m██[38;2;40;110;75m██[38;2;40;110;76m██[38;2;40;110;75m██[38;2;42;106;77m██[38;2;91;117;103m██[38;2;52;87;67m██[38;2;40;110;75m██[38;2;51;99;74m██[38;2;42;108;75m██[38;2;40;110;76m██[38;2;40;110;75m██[38;2;33;88;63m██[38;2;2;6;4m  [38;2;0;0;0m    
[38;2;47;46;47m██  [38;2;46;63;56m██[38;2;40;109;76m██[38;2;40;110;75m████████████[38;2;46;97;74m██[38;2;207;207;207m██[38;2;168;177;172m██[38;2;45;100;75m██[38;2;44;105;75m████[38;2;40;110;75m████[38;2;40;109;76m██[38;2;10;27;19m██[38;2;47;47;47m    
[38;2;63;62;63m██[38;2;158;157;158m██[38;2;58;75;68m██[38;2;42;107;76m██[38;2;40;110;76m██[38;2;40;110;75m██[38;2;40;110;76m██[38;2;40;110;75m██[38;2;40;110;76m██[38;2;40;110;75m██[38;2;46;97;74m██[38;2;131;130;126m██[38;2;194;193;193m██[38;2;59;97;81m██[38;2;43;106;75m████[38;2;40;110;76m██[38;2;40;110;75m██[38;2;40;110;76m██[38;2;10;27;19m██[38;2;232;231;232m██[38;2;63;63;63m██
[38;2;17;16;15m  [38;2;138;137;135m██[38;2;103;111;104m██[38;2;44;102;74m██[38;2;40;110;75m████████████[38;2;46;97;74m██[38;2;166;161;172m██[38;2;187;183;192m██[38;2;97;96;100m██[38;2;40;110;75m██████████[38;2;48;64;57m██[38;2;156;152;156m██[38;2;15;15;15m  
[38;2;0;0;0m  [38;2;110;109;115m  [38;2;172;169;178m██[38;2;59;97;81m██[38;2;42;108;77m██[38;2;42;108;75m██[38;2;40;110;76m██[38;2;40;110;75m██[38;2;40;110;76m██[38;2;40;110;75m██[38;2;46;97;74m██[38;2;166;161;172m██[38;2;187;184;196m██[38;2;97;96;100m██[38;2;50;94;72m██[38;2;49;95;72m██[38;2;40;110;76m██[38;2;43;106;75m██[38;2;48;100;73m██[38;2;87;93;94m██[38;2;110;109;115m  [38;2;0;0;0m  
[38;2;0;0;0m    [38;2;197;194;205m██[38;2;172;174;183m██[38;2;54;87;73m██[38;2;47;96;73m██[38;2;43;106;75m████[38;2;50;100;74m██[38;2;40;110;75m██[38;2;54;87;72m██[38;2;130;133;138m██[38;2;127;132;135m██[38;2;67;87;78m██[38;2;56;83;71m██[38;2;58;85;71m██[38;2;52;97;74m██[38;2;56;94;74m██[38;2;61;75;66m██[38;2;163;163;170m██[38;2;0;0;0m    
[38;2;0;0;0m    [38;2;36;36;38m  [38;2;147;151;158m██[38;2;118;123;127m██[38;2;54;94;76m██[38;2;55;90;72m██[38;2;51;98;74m██[38;2;47;101;74m██[38;2;56;92;73m██[38;2;58;81;70m██[38;2;118;125;127m██[38;2;104;111;112m██[38;2;56;85;72m████[38;2;55;92;73m██[38;2;56;90;73m██[38;2;58;85;71m██[38;2;87;94;92m██[38;2;26;27;27m  [38;2;0;0;0m    
[38;2;0;0;0m      [38;2;36;37;39m  [38;2;58;61;63m██[38;2;121;129;132m██[38;2;105;113;111m██[38;2;60;77;67m██[38;2;54;90;71m██[38;2;56;93;73m██[38;2;77;85;80m██[38;2;131;140;142m██[38;2;62;70;67m██[38;2;60;75;68m██[38;2;58;80;70m██[38;2;62;70;67m██[38;2;76;84;82m██[38;2;117;124;127m██[38;2;26;27;27m  [38;2;0;0;0m      
[38;2;0;0;0m            [38;2;107;113;115m██[38;2;118;125;127m██[38;2;69;69;70m██[38;2;82;84;85m██[38;2;137;145;147m██[38;2;95;103;101m██[38;2;67;75;70m██[38;2;82;84;85m██[38;2;95;99;101m██[38;2;110;117;120m██[38;2;77;81;83m  [38;2;0;0;0m          
[38;2;0;0;0m            [38;2;77;79;79m██[38;2;131;131;126m██[38;2;146;147;137m██[38;2;127;131;141m██[38;2;123;126;138m██[38;2;159;164;160m██[38;2;109;115;110m██[38;2;82;84;85m██[38;2;54;76;67m██[38;2;9;9;9m  [38;2;0;0;0m            
[38;2;0;0;0m          [38;2;90;89;85m██[38;2;175;176;180m██[38;2;231;232;232m██[38;2;233;233;235m██[38;2;168;169;176m██[38;2;103;113;120m██[38;2;63;73;73m██[38;2;60;71;67m██[38;2;72;116;108m██[38;2;81;132;125m██[38;2;20;33;31m██[38;2;0;0;0m            
[38;2;0;0;0m          [38;2;12;12;12m  [38;2;88;91;88m██[38;2;165;167;168m██[38;2;112;114;117m██[38;2;112;111;112m██[38;2;149;173;209m██[38;2;147;174;209m██[38;2;48;93;73m██[38;2;73;113;107m██[38;2;153;184;221m██[38;2;18;33;29m██[38;2;0;0;0m            
[38;2;0;0;0m            [38;2;7;20;14m  [38;2;50;80;63m██[38;2;122;155;175m██[38;2;58;75;68m██[38;2;73;113;107m██[38;2;67;125;110m██[38;2;51;89;72m████[38;2;23;61;43m  [38;2;0;0;0m              
[38;2;0;0;0m              [38;2;10;15;12m  [38;2;60;76;68m██[38;2;100;109;110m██[38;2;98;113;111m██[38;2;59;75;69m██[38;2;49;92;72m██[38;2;128;144;171m██[38;2;32;55;47m  [38;2;0;5;0m  [38;2;0;0;0m            
[38;2;0;0;0m              [38;2;47;55;50m██[38;2;84;92;90m██[38;2;185;187;198m████[38;2;72;112;95m██[38;2;49;94;72m██[38;2;58;77;65m██[38;2;152;187;222m██[38;2;21;29;31m██[38;2;0;0;0m            
[38;2;0;0;0m            [38;2;12;12;12m  [38;2;167;168;167m██[38;2;87;93;89m██[38;2;188;184;196m████[38;2;87;93;89m██[38;2;207;209;207m██[38;2;100;106;100m██[38;2;121;136;193m██[38;2;68;111;107m██[38;2;0;0;0m            
[38;2;0;0;0m            [38;2;19;21;35m██[38;2;57;66;102m██[38;2;62;68;96m██[38;2;111;114;116m██[38;2;94;98;98m██[38;2;98;99;100m██[38;2;51;51;58m██[38;2;128;142;190m██[38;2;96;109;146m██[38;2;117;131;168m██[38;2;0;0;0m            
[38;2;0;0;0m            [38;2;4;5;8m  [38;2;19;22;35m██[38;2;5;5;4m  [38;2;98;102;104m██[38;2;102;102;102m██[38;2;65;65;65m██[38;2;5;6;8m  [38;2;22;24;33m██[38;2;32;36;48m  [38;2;0;0;0m              
[38;2;0;0;0m                  [38;2;77;81;83m  [38;2;115;115;115m██[38;2;63;63;63m██[38;2;0;0;0m                    
[38;2;0;0;0m                    [38;2;30;31;30m██[38;2;15;15;15m  [38;2;0;0;0m                    [0m
