    [38;2;7;7;7m▄[38;2;7;7;7m▄[38;2;7;7;7m[48;2;237;247;222m▀[0m[38;2;7;7;7m[48;2;237;247;222m▀[0m[38;2;7;7;7m[48;2;237;247;222m▀[0m[38;2;7;7;7m[48;2;180;188;167m▀[0m[38;2;7;7;7m[48;2;54;119;84m▀[0m[38;2;7;7;7m[48;2;99;193;112m▀[0m[38;2;7;7;7m▄  
 [38;2;7;7;7m[48;2;7;7;7m▀[0m[38;2;7;7;7m[48;2;180;188;167m▀[0m[38;2;7;7;7m[48;2;180;188;167m▀[0m[38;2;237;247;222m[48;2;66;66;66m▀[0m[38;2;237;247;222m[48;2;237;247;222m▀[0m[38;2;237;247;222m[48;2;237;247;222m▀[0m[38;2;237;247;222m[48;2;237;247;222m▀[0m[38;2;237;247;222m[48;2;237;247;222m▀[0m[38;2;237;247;222m[48;2;237;247;222m▀[0m[38;2;237;247;222m[48;2;237;247;222m▀[0m[38;2;54;119;84m[48;2;180;188;167m▀[0m[38;2;7;7;7m[48;2;180;188;167m▀[0m[38;2;7;7;7m▄ 
 [38;2;7;7;7m▄[38;2;7;7;7m[48;2;137;227;142m▀[0m[38;2;137;227;142m[48;2;137;227;142m▀[0m[38;2;137;227;142m[48;2;137;227;142m▀[0m[38;2;54;119;84m[48;2;137;227;142m▀[0m[38;2;66;66;66m[48;2;137;227;142m▀[0m[38;2;66;66;66m[48;2;137;227;142m▀[0m[38;2;66;66;66m[48;2;137;227;142m▀[0m[38;2;66;66;66m[48;2;137;227;142m▀[0m[38;2;66;66;66m[48;2;66;66;66m▀[0m[38;2;180;188;167m[48;2;180;188;167m▀[0m[38;2;180;188;167m[48;2;180;188;167m▀[0m[38;2;7;7;7m[48;2;7;7;7m▀[0m 
[38;2;7;7;7m▀[38;2;180;188;167m[48;2;7;7;7m▀[0m[38;2;54;119;84m[48;2;66;66;66m▀[0m[38;2;137;227;142m[48;2;137;227;142m▀[0m[38;2;137;227;142m[48;2;137;227;142m▀[0m[38;2;99;193;112m[48;2;45;157;125m▀[0m[38;2;137;227;142m[48;2;137;227;142m▀[0m[38;2;137;227;142m[48;2;99;193;112m▀[0m[38;2;137;227;142m[48;2;66;66;66m▀[0m[38;2;99;193;112m[48;2;66;66;66m▀[0m[38;2;45;157;125m[48;2;137;227;142m▀[0m[38;2;66;66;66m[48;2;137;227;142m▀[0m[38;2;237;247;222m[48;2;66;66;66m▀[0m[38;2;237;247;222m[48;2;7;7;7m▀[0m[38;2;7;7;7m▀
 [38;2;7;7;7m▀[38;2;54;119;84m[48;2;7;7;7m▀[0m[38;2;137;227;142m[48;2;224;147;73m▀[0m[38;2;137;227;142m[48;2;137;227;142m▀[0m[38;2;45;157;125m[48;2;137;227;142m▀[0m[38;2;66;66;66m[48;2;54;119;84m▀[0m[38;2;66;66;66m[48;2;66;66;66m▀[0m[38;2;66;66;66m[48;2;66;66;66m▀[0m[38;2;66;66;66m[48;2;137;227;142m▀[0m[38;2;137;227;142m[48;2;137;227;142m▀[0m[38;2;137;227;142m[48;2;99;193;112m▀[0m[38;2;45;157;125m[48;2;45;157;125m▀[0m[38;2;7;7;7m[48;2;7;7;7m▀[0m 
 [38;2;7;7;7m[48;2;7;7;7m▀[0m[38;2;255;180;61m[48;2;255;180;61m▀[0m[38;2;255;180;61m[48;2;255;180;61m▀[0m[38;2;224;147;73m[48;2;255;180;61m▀[0m[38;2;137;227;142m[48;2;54;119;84m▀[0m[38;2;137;227;142m[48;2;54;119;84m▀[0m[38;2;137;227;142m[48;2;54;119;84m▀[0m[38;2;137;227;142m[48;2;54;119;84m▀[0m[38;2;54;119;84m[48;2;99;193;112m▀[0m[38;2;99;193;112m[48;2;45;157;125m▀[0m[38;2;99;193;112m[48;2;7;7;7m▀[0m[38;2;7;7;7m▀  
  [38;2;7;7;7m▀[38;2;255;180;61m[48;2;7;7;7m▀[0m[38;2;66;66;66m[48;2;45;157;125m▀[0m[38;2;237;247;222m[48;2;66;66;66m▀[0m[38;2;54;119;84m[48;2;66;66;66m▀[0m[38;2;99;193;112m[48;2;66;66;66m▀[0m[38;2;99;193;112m[48;2;66;66;66m▀[0m[38;2;66;66;66m[48;2;45;157;125m▀[0m[38;2;66;66;66m[48;2;45;157;125m▀[0m[38;2;7;7;7m[48;2;45;157;125m▀[0m[38;2;7;7;7m[48;2;45;157;125m▀[0m[38;2;7;7;7m▄ 
   [38;2;7;7;7m▀[38;2;7;7;7m[48;2;7;7;7m▀[0m[38;2;45;157;125m[48;2;45;157;125m▀[0m[38;2;45;157;125m[48;2;45;157;125m▀[0m[38;2;45;157;125m[48;2;66;66;66m▀[0m[38;2;66;66;66m[48;2;99;193;112m▀[0m[38;2;66;66;66m[48;2;99;193;112m▀[0m[38;2;45;157;125m[48;2;66;66;66m▀[0m[38;2;45;157;125m[48;2;7;7;7m▀[0m[38;2;7;7;7m[48;2;7;7;7m▀[0m  
    [38;2;7;7;7m▀[38;2;7;7;7m[48;2;7;7;7m▀[0m[38;2;66;66;66m[48;2;137;227;142m▀[0m[38;2;99;193;112m[48;2;7;7;7m▀[0m[38;2;99;193;112m[48;2;7;7;7m▀[0m[38;2;99;193;112m[48;2;66;66;66m▀[0m[38;2;99;193;112m[48;2;54;119;84m▀[0m[38;2;99;193;112m[48;2;54;119;84m▀[0m[38;2;7;7;7m[48;2;7;7;7m▀[0m  
     [38;2;7;7;7m▀[38;2;7;7;7m▀  [38;2;7;7;7m[48;2;7;7;7m▀[0m[38;2;137;227;142m[48;2;7;7;7m▀[0m[38;2;7;7;7m▀   
[0m