
[38;2;0;0;0m                            [38;2;5;12;8m    [38;2;0;0;0m                        
[38;2;0;0;0m                            [38;2;48;54;51m████[38;2;0;0;0m                        
[38;2;0;0;0m                            [38;2;58;56;58m██[38;2;58;57;60m██[38;2;0;0;0m                        
[38;2;0;0;0m                            [38;2;44;45;46m██[38;2;44;48;52m██[38;2;0;0;0m                        
[38;2;0;0;0m                  [38;2;22;30;27m  [38;2;106;151;132m██[38;2;22;30;21m██[38;2;0;0;0m    [38;2;97;95;97m██[38;2;99;104;103m██[38;2;0;0;0m        [38;2;10;11;11m    [38;2;0;0;0m            
[38;2;0;0;0m                  [38;2;94;142;104m██[38;2;116;193;139m██[38;2;90;95;60m██[38;2;0;0;0m    [38;2;151;159;157m██[38;2;152;159;152m██[38;2;0;0;0m        [38;2;40;47;47m████[38;2;0;0;0m            
[38;2;0;0;0m                [38;2;30;40;36m██[38;2;92;187;141m██[38;2;208;201;122m██[38;2;41;41;29m  [38;2;117;115;121m██[38;2;120;140;133m██[38;2;142;166;157m██[38;2;139;153;145m██[38;2;133;148;147m██[38;2;6;6;6m  [38;2;0;0;0m    [38;2;163;190;189m████[38;2;0;0;0m            
[38;2;0;0;0m                [38;2;97;130;120m██[38;2;93;194;143m██[38;2;88;157;104m██[38;2;0;0;0m  [38;2;6;6;5m  [38;2;85;158;119m██[38;2;163;190;189m████[38;2;142;145;139m██[38;2;177;174;178m██[38;2;0;0;0m    [38;2;163;190;189m████[38;2;0;0;0m            
[38;2;0;0;0m              [38;2;43;41;43m  [38;2;110;155;141m██[38;2;117;159;146m██[38;2;0;0;0m    [38;2;5;12;8m  [38;2;91;111;104m██[38;2;147;192;177m██[38;2;147;186;177m██[38;2;126;142;142m██[38;2;22;23;24m██[38;2;0;0;0m    [38;2;163;190;189m████[38;2;30;35;35m  [38;2;0;0;0m          
[38;2;0;0;0m            [38;2;0;1;1m  [38;2;89;108;104m██[38;2;193;201;203m██[38;2;70;80;78m██[38;2;0;0;0m    [38;2;22;51;34m██[38;2;145;173;162m██[38;2;86;96;93m██[38;2;86;94;93m██[38;2;120;164;150m██[38;2;22;36;34m██[38;2;0;0;0m    [38;2;71;83;82m██[38;2;163;190;189m██[38;2;122;142;141m██[38;2;0;0;0m          
[38;2;0;0;0m            [38;2;30;41;38m██[38;2;122;167;153m██[38;2;87;135;122m██[38;2;16;26;23m  [38;2;0;0;0m    [38;2;37;81;56m██[38;2;70;101;89m██[38;2;164;162;170m██[38;2;91;90;91m██[38;2;102;166;148m██[38;2;130;168;164m██[38;2;0;0;0m    [38;2;40;45;44m██[38;2;154;182;178m██[38;2;110;132;124m██[38;2;0;0;0m          
[38;2;0;0;0m            [38;2;159;165;165m██[38;2;119;161;145m██[38;2;89;120;110m██[38;2;0;0;0m      [38;2;83;170;120m██[38;2;69;106;108m██[38;2;96;94;95m██[38;2;103;100;95m██[38;2;77;129;103m██[38;2;124;175;169m██[38;2;52;69;70m  [38;2;0;0;0m  [38;2;50;52;50m██[38;2;202;207;208m██[38;2;141;167;161m██[38;2;30;35;35m  [38;2;0;0;0m        
[38;2;0;0;0m          [38;2;18;27;24m  [38;2;122;161;149m██[38;2;194;201;204m██[38;2;0;0;0m    [38;2;8;12;10m  [38;2;66;141;98m██[38;2;67;88;90m██[38;2;68;89;88m██[38;2;170;175;185m██[38;2;185;179;185m██[38;2;69;99;88m██[38;2;127;184;166m██[38;2;95;157;144m██[38;2;33;42;43m██[38;2;0;0;0m  [38;2;98;126;117m██[38;2;162;189;186m██[38;2;39;50;45m██[38;2;0;0;0m        
[38;2;0;0;0m          [38;2;147;152;153m██[38;2;93;138;124m██[38;2;42;59;53m██[38;2;0;0;0m    [38;2;20;50;36m██[38;2;65;97;82m██[38;2;71;121;123m██[38;2;79;91;90m██[38;2;171;169;176m██[38;2;171;162;168m██[38;2;66;76;72m██[38;2;97;147;128m██[38;2;126;194;172m██[38;2;111;137;137m██[38;2;15;11;11m  [38;2;109;137;130m██[38;2;147;179;171m██[38;2;48;59;57m██[38;2;0;0;0m        
[38;2;0;0;0m        [38;2;29;41;36m██[38;2;101;150;135m██[38;2;186;195;195m██[38;2;41;46;43m  [38;2;0;0;0m    [38;2;83;169;120m██[38;2;70;100;88m██[38;2;69;104;102m██[38;2;72;91;82m██[38;2;136;135;135m██[38;2;144;139;142m██[38;2;67;75;76m██[38;2;57;86;76m██[38;2;119;186;156m██[38;2;94;137;139m██[38;2;130;152;149m██[38;2;156;152;157m██[38;2;190;197;199m██[38;2;144;164;160m██[38;2;0;0;0m        
[38;2;0;0;0m    [38;2;19;34;26m  [38;2;79;136;104m██[38;2;86;144;120m██[38;2;116;165;147m██[38;2;83;117;106m██[38;2;0;0;0m      [38;2;83;170;120m██[38;2;74;71;66m██[38;2;85;179;125m██[38;2;94;167;142m██[38;2;130;170;164m██[38;2;140;158;168m██[38;2;88;90;90m██[38;2;83;87;88m██[38;2;108;202;151m██[38;2;94;137;139m██[38;2;116;154;142m██[38;2;75;82;80m██[38;2;123;162;150m██[38;2;185;196;196m██[38;2;0;0;0m        
[38;2;5;12;8m  [38;2;68;166;112m██[38;2;80;173;133m██[38;2;76;142;127m██[38;2;91;162;136m██[38;2;104;180;139m██[38;2;0;0;0m        [38;2;106;141;131m██[38;2;165;206;197m██[38;2;85;116;103m██[38;2;154;192;140m██[38;2;152;183;135m██[38;2;86;96;94m██[38;2;167;216;202m██[38;2;164;192;190m██[38;2;69;99;84m██[38;2;110;172;144m██[38;2;86;131;128m██[38;2;73;91;85m██[38;2;201;208;209m██[38;2;150;177;171m██[38;2;30;35;35m  [38;2;0;0;0m      
[38;2;22;51;34m██[38;2;79;158;130m██[38;2;82;189;136m██[38;2;78;157;130m██[38;2;81;183;135m██[38;2;81;147;129m██[38;2;47;115;78m  [38;2;0;0;0m    [38;2;95;131;118m  [38;2;165;200;195m██[38;2;164;210;199m██[38;2;97;126;113m██[38;2;92;101;90m██[38;2;145;171;149m██[38;2;163;215;199m██[38;2;164;192;190m██[38;2;168;217;203m██[38;2;69;99;84m██[38;2;110;172;144m██[38;2;95;130;122m██[38;2;76;89;85m██[38;2;100;109;109m██[38;2;163;188;186m██[38;2;99;147;127m██[38;2;0;0;0m      
[38;2;4;7;7m  [38;2;58;87;89m██[38;2;77;158;120m██[38;2;81;184;135m██[38;2;79;168;132m██[38;2;78;133;126m██[38;2;65;150;104m██[38;2;0;0;0m  [38;2;10;11;11m  [38;2;136;163;158m██[38;2;156;207;191m██[38;2;108;126;110m██[38;2;163;203;154m██[38;2;163;203;168m██[38;2;109;123;113m██[38;2;157;182;181m██[38;2;167;222;205m██[38;2;168;217;204m██[38;2;68;90;79m██[38;2;109;163;139m██[38;2;88;117;109m██[38;2;13;14;14m  [38;2;62;86;74m██[38;2;105;202;151m██[38;2;87;141;122m██[38;2;4;7;7m  [38;2;0;0;0m    
[38;2;18;30;30m██[38;2;67;78;79m██[38;2;68;99;100m██[38;2;68;91;83m██[38;2;79;168;132m██[38;2;91;172;135m██[38;2;18;35;26m  [38;2;0;0;0m  [38;2;20;23;23m██[38;2;155;202;183m██[38;2;110;123;109m██[38;2;136;169;128m██[38;2;196;199;203m██[38;2;104;140;143m██[38;2;170;207;145m██[38;2;139;158;158m██[38;2;165;206;197m██[38;2;164;210;199m██[38;2;120;143;139m██[38;2;75;82;80m██[38;2;102;118;118m██[38;2;0;0;0m  [38;2;23;34;34m██[38;2;94;137;139m██[38;2;75;136;126m██[38;2;54;120;92m██[38;2;50;111;87m  [38;2;0;0;0m  
[38;2;13;22;23m  [38;2;62;70;71m██[38;2;69;106;108m████[38;2;65;67;68m██[38;2;53;55;56m██[38;2;0;0;0m    [38;2;16;38;26m  [38;2;74;110;88m██[38;2;107;133;111m██[38;2;123;160;147m██[38;2;211;204;213m██[38;2;208;203;212m██[38;2;106;154;135m██[38;2;100;111;91m██[38;2;165;200;194m████[38;2;157;212;194m██[38;2;144;183;172m██[38;2;74;117;92m██[38;2;37;80;62m██[38;2;80;169;132m██[38;2;79;168;132m██[38;2;77;152;129m████[38;2;83;189;136m██[38;2;22;51;34m██
[38;2;0;0;0m  [38;2;12;12;12m  [38;2;27;40;41m██[38;2;73;104;106m██[38;2;30;42;42m██[38;2;18;30;30m██[38;2;0;0;0m      [38;2;140;179;122m██[38;2;167;219;158m██[38;2;90;110;107m██[38;2;130;132;135m██[38;2;206;208;220m██[38;2;121;148;130m██[38;2;110;191;133m██[38;2;90;98;97m████[38;2;88;122;106m██[38;2;81;170;120m██[38;2;118;166;92m██[38;2;77;169;117m██[38;2;73;139;121m██[38;2;75;136;125m██[38;2;81;184;135m██[38;2;80;182;140m██[38;2;61;109;91m██[38;2;5;12;8m  
[38;2;0;0;0m                    [38;2;116;143;96m  [38;2;33;40;42m  [38;2;91;105;106m██[38;2;60;76;75m██[38;2;95;113;91m██[38;2;137;227;153m██[38;2;118;218;143m██[38;2;108;207;130m██[38;2;110;194;116m██[38;2;116;152;71m██[38;2;0;0;6m  [38;2;47;115;79m  [38;2;71;124;113m██[38;2;73;122;111m██[38;2;77;154;117m██[38;2;66;72;75m██[38;2;49;56;59m██[38;2;0;0;0m  
[38;2;0;0;0m                        [38;2;69;106;108m████[38;2;100;111;91m██[38;2;208;254;172m██[38;2;152;183;118m██[38;2;89;101;73m██[38;2;68;77;57m██[38;2;4;4;4m  [38;2;0;0;0m    [38;2;72;93;95m██[38;2;68;96;97m██[38;2;66;74;75m████[38;2;53;90;92m██[38;2;0;0;0m  
[38;2;0;0;0m                        [38;2;64;128;95m██[38;2;65;119;105m██[38;2;73;122;111m██[38;2;69;90;78m████[38;2;66;131;94m██[38;2;50;115;78m  [38;2;0;0;0m      [38;2;41;68;69m    [38;2;13;22;23m  [38;2;50;58;59m██[38;2;0;0;0m    
[38;2;0;0;0m                        [38;2;2;0;2m  [38;2;16;38;26m  [38;2;19;42;30m██[38;2;20;42;30m████[38;2;4;4;4m  [38;2;0;0;0m                    [0m
