                 [38;2;7;7;7m[48;2;7;7;7m▀[0m[38;2;7;7;7m[48;2;207;116;196m▀[0m[38;2;7;7;7m▄[38;2;7;7;7m▄             
                 [38;2;7;7;7m▄[38;2;7;7;7m[48;2;207;116;196m▀[0m[38;2;207;116;196m[48;2;207;116;196m▀[0m[38;2;207;116;196m[48;2;103;126;222m▀[0m[38;2;7;7;7m[48;2;7;7;7m▀[0m            
                [38;2;7;7;7m[48;2;7;7;7m▀[0m[38;2;207;116;196m[48;2;207;116;196m▀[0m[38;2;207;116;196m[48;2;207;116;196m▀[0m[38;2;103;126;222m[48;2;103;126;222m▀[0m[38;2;7;7;7m[48;2;7;7;7m▀[0m             
                [38;2;7;7;7m▀[38;2;207;116;196m[48;2;7;7;7m▀[0m[38;2;207;116;196m[48;2;207;116;196m▀[0m[38;2;207;116;196m[48;2;7;7;7m▀[0m[38;2;103;126;222m[48;2;207;116;196m▀[0m[38;2;7;7;7m[48;2;207;116;196m▀[0m[38;2;7;7;7m[48;2;103;126;222m▀[0m[38;2;7;7;7m▄[38;2;7;7;7m[48;2;103;126;222m▀[0m[38;2;7;7;7m[48;2;7;7;7m▀[0m        
                  [38;2;7;7;7m▀ [38;2;7;7;7m[48;2;7;7;7m▀[0m[38;2;156;205;255m[48;2;156;205;255m▀[0m[38;2;207;116;196m[48;2;156;205;255m▀[0m[38;2;156;205;255m[48;2;156;205;255m▀[0m[38;2;103;126;222m[48;2;156;205;255m▀[0m[38;2;7;7;7m[48;2;103;126;222m▀[0m[38;2;7;7;7m▄       
           [38;2;10;10;10m▄[38;2;10;10;10m[48;2;89;62;139m▀[0m[38;2;10;10;10m[48;2;103;126;222m▀[0m[38;2;10;10;10m[48;2;103;126;222m▀[0m[38;2;48;48;48m▄[38;2;7;7;7m[48;2;156;205;255m▀[0m[38;2;7;7;7m[48;2;156;205;255m▀[0m[38;2;7;7;7m[48;2;156;205;255m▀[0m[38;2;7;7;7m[48;2;103;126;222m▀[0m[38;2;103;126;222m[48;2;103;126;222m▀[0m[38;2;103;126;222m[48;2;7;7;7m▀[0m[38;2;156;205;255m[48;2;7;7;7m▀[0m[38;2;156;205;255m[48;2;156;205;255m▀[0m[38;2;156;205;255m[48;2;103;126;222m▀[0m[38;2;103;126;222m[48;2;103;126;222m▀[0m[38;2;7;7;7m[48;2;7;7;7m▀[0m       
         [38;2;10;10;10m▄[38;2;10;10;10m[48;2;123;94;181m▀[0m[38;2;123;94;181m[48;2;123;94;181m▀[0m[38;2;123;94;181m[48;2;123;94;181m▀[0m[38;2;103;126;222m[48;2;123;94;181m▀[0m[38;2;103;126;222m[48;2;103;126;222m▀[0m[38;2;103;126;222m[48;2;103;126;222m▀[0m[38;2;48;48;48m[48;2;48;48;48m▀[0m[38;2;103;126;222m[48;2;48;48;48m▀[0m[38;2;156;205;255m[48;2;48;48;48m▀[0m[38;2;156;205;255m[48;2;156;205;255m▀[0m[38;2;7;7;7m[48;2;103;126;222m▀[0m[38;2;7;7;7m▄ [38;2;7;7;7m▀[38;2;103;126;222m[48;2;7;7;7m▀[0m[38;2;103;126;222m[48;2;103;126;222m▀[0m[38;2;7;7;7m[48;2;7;7;7m▀[0m       
        [38;2;10;10;10m▄[38;2;10;10;10m[48;2;48;48;48m▀[0m[38;2;48;48;48m[48;2;48;48;48m▀[0m[38;2;89;62;139m[48;2;48;48;48m▀[0m[38;2;123;94;181m[48;2;123;94;181m▀[0m[38;2;123;94;181m[48;2;48;48;48m▀[0m[38;2;89;62;139m[48;2;48;48;48m▀[0m[38;2;48;48;48m[48;2;48;48;48m▀[0m[38;2;103;126;222m[48;2;48;48;48m▀[0m[38;2;103;126;222m[48;2;103;126;222m▀[0m[38;2;89;62;139m[48;2;103;126;222m▀[0m[38;2;48;48;48m[48;2;48;48;48m▀[0m[38;2;156;205;255m[48;2;103;126;222m▀[0m[38;2;103;126;222m[48;2;103;126;222m▀[0m[38;2;7;7;7m[48;2;7;7;7m▀[0m  [38;2;7;7;7m▀        
        [38;2;10;10;10m[48;2;10;10;10m▀[0m[38;2;48;48;48m[48;2;48;48;48m▀[0m[38;2;207;116;196m[48;2;207;116;196m▀[0m[38;2;48;48;48m[48;2;48;48;48m▀[0m[38;2;48;48;48m[48;2;48;48;48m▀[0m[38;2;48;48;48m[48;2;207;116;196m▀[0m[38;2;207;116;196m[48;2;207;116;196m▀[0m[38;2;48;48;48m[48;2;89;62;139m▀[0m[38;2;89;62;139m[48;2;89;62;139m▀[0m[38;2;103;126;222m[48;2;103;126;222m▀[0m[38;2;103;126;222m[48;2;103;126;222m▀[0m[38;2;48;48;48m[48;2;48;48;48m▀[0m[38;2;103;126;222m[48;2;48;48;48m▀[0m[38;2;48;48;48m[48;2;48;48;48m▀[0m[38;2;7;7;7m[48;2;7;7;7m▀[0m[38;2;7;7;7m▄[38;2;7;7;7m▄[38;2;7;7;7m▄        
        [38;2;10;10;10m▀[38;2;89;62;139m[48;2;10;10;10m▀[0m[38;2;48;48;48m[48;2;89;62;139m▀[0m[38;2;89;62;139m[48;2;89;62;139m▀[0m[38;2;48;48;48m[48;2;89;62;139m▀[0m[38;2;207;116;196m[48;2;89;62;139m▀[0m[38;2;89;62;139m[48;2;48;48;48m▀[0m[38;2;48;48;48m[48;2;244;244;244m▀[0m[38;2;48;48;48m[48;2;207;116;196m▀[0m[38;2;48;48;48m[48;2;244;244;244m▀[0m[38;2;48;48;48m[48;2;48;48;48m▀[0m[38;2;48;48;48m[48;2;103;126;222m▀[0m[38;2;48;48;48m[48;2;156;205;255m▀[0m[38;2;48;48;48m[48;2;156;205;255m▀[0m[38;2;103;126;222m[48;2;156;205;255m▀[0m[38;2;156;205;255m[48;2;7;7;7m▀[0m[38;2;156;205;255m[48;2;7;7;7m▀[0m[38;2;7;7;7m▀        
     [38;2;7;7;7m[48;2;7;7;7m▀[0m[38;2;7;7;7m[48;2;156;205;255m▀[0m[38;2;7;7;7m▄ [38;2;10;10;10m▀[38;2;89;62;139m[48;2;10;10;10m▀[0m[38;2;89;62;139m[48;2;89;62;139m▀[0m[38;2;89;62;139m[48;2;89;62;139m▀[0m[38;2;48;48;48m[48;2;48;48;48m▀[0m[38;2;207;116;196m[48;2;207;116;196m▀[0m[38;2;244;244;244m[48;2;207;116;196m▀[0m[38;2;207;116;196m[48;2;244;244;244m▀[0m[38;2;244;244;244m[48;2;48;48;48m▀[0m[38;2;48;48;48m[48;2;103;126;222m▀[0m[38;2;103;126;222m[48;2;7;7;7m▀[0m[38;2;103;126;222m[48;2;7;7;7m▀[0m[38;2;7;7;7m▀[38;2;7;7;7m▀           
      [38;2;7;7;7m[48;2;7;7;7m▀[0m[38;2;156;205;255m[48;2;156;205;255m▀[0m[38;2;7;7;7m[48;2;156;205;255m▀[0m[38;2;7;7;7m[48;2;156;205;255m▀[0m[38;2;7;7;7m▄[38;2;10;10;10m▀[38;2;48;48;48m[48;2;7;7;7m▀[0m[38;2;48;48;48m[48;2;48;48;48m▀[0m[38;2;48;48;48m[48;2;103;126;222m▀[0m[38;2;48;48;48m[48;2;103;126;222m▀[0m[38;2;48;48;48m[48;2;103;126;222m▀[0m[38;2;103;126;222m[48;2;7;7;7m▀[0m[38;2;7;7;7m▀[38;2;7;7;7m▄[38;2;7;7;7m▄     [38;2;7;7;7m▄[38;2;7;7;7m[48;2;156;205;255m▀[0m[38;2;7;7;7m[48;2;7;7;7m▀[0m     
     [38;2;7;7;7m▄[38;2;7;7;7m[48;2;103;126;222m▀[0m[38;2;156;205;255m[48;2;156;205;255m▀[0m[38;2;156;205;255m[48;2;156;205;255m▀[0m[38;2;156;205;255m[48;2;48;48;48m▀[0m[38;2;48;48;48m[48;2;123;94;181m▀[0m[38;2;7;7;7m[48;2;48;48;48m▀[0m[38;2;123;94;181m[48;2;123;94;181m▀[0m[38;2;123;94;181m[48;2;89;62;139m▀[0m[38;2;48;48;48m[48;2;123;94;181m▀[0m[38;2;48;48;48m[48;2;48;48;48m▀[0m[38;2;48;48;48m[48;2;48;48;48m▀[0m[38;2;7;7;7m[48;2;156;205;255m▀[0m[38;2;7;7;7m[48;2;89;62;139m▀[0m[38;2;123;94;181m[48;2;123;94;181m▀[0m[38;2;123;94;181m[48;2;123;94;181m▀[0m[38;2;7;7;7m[48;2;7;7;7m▀[0m[38;2;7;7;7m▄[38;2;7;7;7m▄[38;2;7;7;7m[48;2;156;205;255m▀[0m[38;2;7;7;7m[48;2;156;205;255m▀[0m[38;2;156;205;255m[48;2;156;205;255m▀[0m[38;2;7;7;7m[48;2;7;7;7m▀[0m      
   [38;2;7;7;7m▄[38;2;7;7;7m[48;2;103;126;222m▀[0m[38;2;7;7;7m[48;2;156;205;255m▀[0m[38;2;156;205;255m[48;2;156;205;255m▀[0m[38;2;156;205;255m[48;2;156;205;255m▀[0m[38;2;89;62;139m[48;2;123;94;181m▀[0m[38;2;123;94;181m[48;2;89;62;139m▀[0m[38;2;123;94;181m[48;2;89;62;139m▀[0m[38;2;89;62;139m[48;2;156;205;255m▀[0m[38;2;48;48;48m[48;2;48;48;48m▀[0m[38;2;123;94;181m[48;2;123;94;181m▀[0m[38;2;123;94;181m[48;2;123;94;181m▀[0m[38;2;123;94;181m[48;2;123;94;181m▀[0m[38;2;123;94;181m[48;2;123;94;181m▀[0m[38;2;156;205;255m[48;2;156;205;255m▀[0m[38;2;89;62;139m[48;2;7;7;7m▀[0m[38;2;7;7;7m▀[38;2;7;7;7m[48;2;7;7;7m▀[0m[38;2;123;94;181m[48;2;123;94;181m▀[0m[38;2;123;94;181m[48;2;123;94;181m▀[0m[38;2;48;48;48m[48;2;123;94;181m▀[0m[38;2;156;205;255m[48;2;48;48;48m▀[0m[38;2;156;205;255m[48;2;156;205;255m▀[0m[38;2;156;205;255m[48;2;7;7;7m▀[0m[38;2;7;7;7m▀      
  [38;2;7;7;7m[48;2;7;7;7m▀[0m[38;2;123;94;181m[48;2;207;116;196m▀[0m[38;2;207;116;196m[48;2;207;116;196m▀[0m[38;2;156;205;255m[48;2;207;116;196m▀[0m[38;2;156;205;255m[48;2;156;205;255m▀[0m[38;2;156;205;255m[48;2;156;205;255m▀[0m[38;2;156;205;255m[48;2;156;205;255m▀[0m[38;2;156;205;255m[48;2;156;205;255m▀[0m[38;2;156;205;255m[48;2;48;48;48m▀[0m[38;2;103;126;222m[48;2;48;48;48m▀[0m[38;2;48;48;48m[48;2;48;48;48m▀[0m[38;2;123;94;181m[48;2;156;205;255m▀[0m[38;2;123;94;181m[48;2;156;205;255m▀[0m[38;2;123;94;181m[48;2;156;205;255m▀[0m[38;2;156;205;255m[48;2;7;7;7m▀[0m[38;2;7;7;7m▀ [38;2;7;7;7m▄[38;2;7;7;7m[48;2;156;205;255m▀[0m[38;2;48;48;48m[48;2;156;205;255m▀[0m[38;2;123;94;181m[48;2;48;48;48m▀[0m[38;2;123;94;181m[48;2;48;48;48m▀[0m[38;2;89;62;139m[48;2;123;94;181m▀[0m[38;2;156;205;255m[48;2;89;62;139m▀[0m[38;2;156;205;255m[48;2;156;205;255m▀[0m[38;2;7;7;7m[48;2;7;7;7m▀[0m[38;2;7;7;7m▄     
 [38;2;7;7;7m[48;2;7;7;7m▀[0m[38;2;123;94;181m[48;2;207;116;196m▀[0m[38;2;207;116;196m[48;2;207;116;196m▀[0m[38;2;207;116;196m[48;2;207;116;196m▀[0m[38;2;207;116;196m[48;2;207;116;196m▀[0m[38;2;207;116;196m[48;2;123;94;181m▀[0m[38;2;156;205;255m[48;2;7;7;7m▀[0m[38;2;7;7;7m▀[38;2;48;48;48m[48;2;7;7;7m▀[0m[38;2;123;94;181m[48;2;123;94;181m▀[0m[38;2;89;62;139m[48;2;123;94;181m▀[0m[38;2;48;48;48m[48;2;123;94;181m▀[0m[38;2;123;94;181m[48;2;48;48;48m▀[0m[38;2;156;205;255m[48;2;123;94;181m▀[0m[38;2;123;94;181m[48;2;48;48;48m▀[0m[38;2;7;7;7m[48;2;123;94;181m▀[0m[38;2;7;7;7m[48;2;123;94;181m▀[0m[38;2;7;7;7m[48;2;123;94;181m▀[0m[38;2;48;48;48m[48;2;48;48;48m▀[0m[38;2;156;205;255m[48;2;156;205;255m▀[0m[38;2;156;205;255m[48;2;156;205;255m▀[0m[38;2;156;205;255m[48;2;7;7;7m▀[0m[38;2;156;205;255m[48;2;156;205;255m▀[0m[38;2;89;62;139m[48;2;156;205;255m▀[0m[38;2;89;62;139m[48;2;156;205;255m▀[0m[38;2;156;205;255m[48;2;156;205;255m▀[0m[38;2;156;205;255m[48;2;156;205;255m▀[0m[38;2;103;126;222m[48;2;156;205;255m▀[0m[38;2;7;7;7m[48;2;156;205;255m▀[0m[38;2;7;7;7m▄   
[38;2;7;7;7m[48;2;7;7;7m▀[0m[38;2;123;94;181m[48;2;207;116;196m▀[0m[38;2;207;116;196m[48;2;123;94;181m▀[0m[38;2;207;116;196m[48;2;7;7;7m▀[0m[38;2;207;116;196m[48;2;7;7;7m▀[0m[38;2;7;7;7m▀[38;2;7;7;7m▀  [38;2;7;7;7m▀[38;2;123;94;181m[48;2;7;7;7m▀[0m[38;2;123;94;181m[48;2;123;94;181m▀[0m[38;2;123;94;181m[48;2;123;94;181m▀[0m[38;2;48;48;48m[48;2;48;48;48m▀[0m[38;2;123;94;181m[48;2;7;7;7m▀[0m[38;2;48;48;48m[48;2;48;48;48m▀[0m[38;2;123;94;181m[48;2;123;94;181m▀[0m[38;2;123;94;181m[48;2;123;94;181m▀[0m[38;2;48;48;48m[48;2;48;48;48m▀[0m[38;2;156;205;255m[48;2;48;48;48m▀[0m[38;2;48;48;48m[48;2;7;7;7m▀[0m[38;2;7;7;7m▀ [38;2;7;7;7m▀[38;2;7;7;7m[48;2;7;7;7m▀[0m[38;2;156;205;255m[48;2;103;126;222m▀[0m[38;2;156;205;255m[48;2;156;205;255m▀[0m[38;2;156;205;255m[48;2;207;116;196m▀[0m[38;2;207;116;196m[48;2;207;116;196m▀[0m[38;2;207;116;196m[48;2;207;116;196m▀[0m[38;2;123;94;181m[48;2;207;116;196m▀[0m[38;2;7;7;7m[48;2;7;7;7m▀[0m  
[38;2;7;7;7m▀[38;2;7;7;7m▀[38;2;7;7;7m▀       [38;2;7;7;7m▀[38;2;123;94;181m[48;2;7;7;7m▀[0m[38;2;48;48;48m[48;2;103;126;222m▀[0m[38;2;7;7;7m[48;2;7;7;7m▀[0m [38;2;7;7;7m▀[38;2;123;94;181m[48;2;7;7;7m▀[0m[38;2;123;94;181m[48;2;123;94;181m▀[0m[38;2;123;94;181m[48;2;123;94;181m▀[0m[38;2;123;94;181m[48;2;89;62;139m▀[0m[38;2;7;7;7m[48;2;7;7;7m▀[0m    [38;2;7;7;7m▀[38;2;207;116;196m[48;2;7;7;7m▀[0m[38;2;207;116;196m[48;2;123;94;181m▀[0m[38;2;207;116;196m[48;2;207;116;196m▀[0m[38;2;207;116;196m[48;2;207;116;196m▀[0m[38;2;207;116;196m[48;2;207;116;196m▀[0m[38;2;123;94;181m[48;2;207;116;196m▀[0m[38;2;7;7;7m[48;2;7;7;7m▀[0m 
           [38;2;7;7;7m▀[38;2;103;126;222m[48;2;7;7;7m▀[0m[38;2;7;7;7m▀   [38;2;7;7;7m▀[38;2;48;48;48m[48;2;7;7;7m▀[0m[38;2;103;126;222m[48;2;103;126;222m▀[0m[38;2;7;7;7m[48;2;7;7;7m▀[0m      [38;2;7;7;7m▀[38;2;7;7;7m▀[38;2;207;116;196m[48;2;7;7;7m▀[0m[38;2;207;116;196m[48;2;7;7;7m▀[0m[38;2;207;116;196m[48;2;123;94;181m▀[0m[38;2;123;94;181m[48;2;207;116;196m▀[0m[38;2;7;7;7m[48;2;7;7;7m▀[0m
                   [38;2;7;7;7m▀[38;2;7;7;7m▀          [38;2;7;7;7m▀[38;2;7;7;7m▀[38;2;7;7;7m▀
[0m