
[38;2;0;0;0m                    [38;2;29;9;6m  [38;2;2;0;0m  [38;2;0;0;0m                              
[38;2;0;0;0m                    [38;2;113;36;25m██[38;2;9;2;2m██[38;2;0;0;0m    [38;2;102;32;22m  [38;2;0;0;0m                        
[38;2;0;0;0m                    [38;2;113;48;25m██[38;2;255;82;56m██[38;2;0;0;0m    [38;2;132;42;29m██[38;2;70;22;15m  [38;2;0;0;0m                      
[38;2;0;0;0m                    [38;2;113;97;4m██[38;2;255;133;62m██[38;2;0;0;0m    [38;2;132;80;22m██[38;2;245;77;54m██[38;2;0;0;0m                      
[38;2;0;0;0m                [38;2;1;1;1m  [38;2;75;26;19m  [38;2;218;182;10m██[38;2;6;6;0m  [38;2;0;0;0m  [38;2;81;32;18m██[38;2;255;197;27m██[38;2;0;0;0m              [38;2;54;17;12m  [38;2;141;44;31m  [38;2;0;0;0m      
[38;2;0;0;0m                [38;2;58;21;16m  [38;2;246;86;64m██[38;2;23;7;5m  [38;2;0;0;0m  [38;2;102;40;22m  [38;2;255;101;56m██[38;2;144;140;0m██[38;2;0;0;0m            [38;2;31;10;7m  [38;2;99;31;22m██[38;2;0;0;0m        
[38;2;0;0;0m              [38;2;83;42;27m  [38;2;172;101;62m██[38;2;131;91;65m██[38;2;36;17;12m  [38;2;85;47;22m  [38;2;241;132;69m██[38;2;114;59;39m██[38;2;0;0;0m  [38;2;3;1;0m  [38;2;39;12;8m  [38;2;0;0;0m        [38;2;255;81;56m██[38;2;84;26;18m██[38;2;0;0;0m        
[38;2;0;0;0m            [38;2;81;42;28m  [38;2;200;98;66m██[38;2;255;141;66m██[38;2;255;142;65m██[38;2;234;127;61m██[38;2;253;141;65m██[38;2;113;56;37m██[38;2;1;0;1m  [38;2;0;0;0m  [38;2;9;3;2m██[38;2;113;35;25m██[38;2;0;0;0m        [38;2;255;149;75m██[38;2;231;73;51m██[38;2;0;0;0m        
[38;2;0;0;0m          [38;2;195;103;56m██[38;2;211;108;65m██[38;2;249;128;65m██[38;2;201;108;58m██[38;2;214;146;42m██[38;2;255;107;60m██[38;2;255;141;65m██[38;2;129;70;40m██[38;2;3;0;9m  [38;2;96;52;15m██[38;2;245;77;54m██[38;2;0;0;0m          [38;2;120;83;37m██[38;2;255;183;72m██[38;2;0;0;0m        
[38;2;0;0;0m          [38;2;161;75;56m██[38;2;170;76;65m██[38;2;45;30;26m██[38;2;240;155;39m██[38;2;254;245;0m██[38;2;255;136;64m██[38;2;198;97;65m██[38;2;180;110;51m██[38;2;228;177;39m██[38;2;136;74;21m██[38;2;26;8;5m  [38;2;0;0;0m        [38;2;143;97;46m  [38;2;255;177;78m██[38;2;103;80;23m██[38;2;0;0;0m        
[38;2;0;0;0m      [38;2;84;47;21m  [38;2;154;86;39m██[38;2;221;115;65m██[38;2;167;87;51m██[38;2;223;109;62m██[38;2;220;107;65m██[38;2;180;104;65m██[38;2;180;155;33m██[38;2;227;183;26m██[38;2;228;182;26m██[38;2;189;89;65m██[38;2;0;0;0m          [38;2;28;27;0m██[38;2;255;219;30m██[38;2;239;168;69m██[38;2;50;48;0m  [38;2;0;0;0m        
[38;2;0;0;0m      [38;2;207;115;53m██[38;2;255;124;68m██[38;2;255;216;21m██[38;2;255;141;66m██[38;2;106;74;72m██[38;2;159;122;39m██[38;2;167;87;71m██[38;2;190;96;62m██[38;2;79;67;65m██[38;2;189;89;65m████[38;2;0;0;0m    [38;2;130;41;29m  [38;2;0;0;0m    [38;2;146;62;61m██[38;2;221;173;36m██[38;2;22;11;11m  [38;2;0;0;0m          
[38;2;0;0;0m      [38;2;66;60;35m  [38;2;204;115;46m██[38;2;179;108;58m██[38;2;185;110;65m██[38;2;208;155;41m██[38;2;65;41;41m██[38;2;7;8;7m  [38;2;72;54;50m██[38;2;186;88;65m██[38;2;189;89;65m██[38;2;105;50;37m██[38;2;0;0;0m  [38;2;117;37;26m██[38;2;175;55;39m██[38;2;8;5;2m  [38;2;196;133;63m██[38;2;255;200;45m██[38;2;211;150;59m██[38;2;99;63;37m  [38;2;0;0;0m          
[38;2;0;0;0m      [38;2;150;136;79m██[38;2;189;186;142m██[38;2;66;65;65m██[38;2;147;92;65m██[38;2;14;10;10m██[38;2;0;0;0m    [38;2;211;114;69m██[38;2;188;90;65m██[38;2;189;89;65m██[38;2;0;0;0m██  [38;2;255;81;56m████[38;2;244;84;56m██[38;2;255;214;35m██[38;2;255;246;0m██[38;2;180;146;33m██[38;2;52;31;21m██[38;2;81;55;26m  [38;2;0;0;0m        
[38;2;31;21;9m██[38;2;26;18;8m  [38;2;123;100;22m██[38;2;255;230;88m██[38;2;175;152;94m██[38;2;255;212;160m██[38;2;191;75;60m██[38;2;134;42;30m██[38;2;48;27;12m  [38;2;244;136;63m██[38;2;255;140;65m██[38;2;210;89;60m██[38;2;105;44;31m██[38;2;0;0;0m    [38;2;139;44;31m██[38;2;255;177;162m██[38;2;255;213;159m██[38;2;255;233;142m██[38;2;249;236;3m██[38;2;150;128;12m██[38;2;0;0;0m            
[38;2;1;0;0m  [38;2;196;133;63m██[38;2;253;245;0m██[38;2;50;48;1m██[38;2;1;0;0m  [38;2;217;149;72m██[38;2;255;138;72m██[38;2;255;144;71m██[38;2;147;88;65m██[38;2;255;141;65m██[38;2;200;84;61m██[38;2;159;66;65m██[38;2;253;95;60m██[38;2;0;0;0m    [38;2;251;169;80m██[38;2;255;173;83m██[38;2;255;254;247m██[38;2;255;246;244m██[38;2;255;254;216m██[38;2;255;247;0m██[38;2;251;238;5m██[38;2;83;69;13m  [38;2;0;0;0m    [38;2;55;17;12m  [38;2;65;20;14m  
[38;2;0;0;0m            [38;2;238;175;57m██[38;2;196;114;68m██[38;2;255;148;69m██[38;2;163;71;66m██[38;2;233;85;58m██[38;2;253;81;57m██[38;2;255;109;58m██[38;2;255;181;44m██[38;2;193;168;21m██[38;2;255;245;6m██[38;2;255;236;208m██[38;2;255;199;166m██[38;2;255;150;45m██[38;2;255;225;38m██[38;2;255;235;140m██[38;2;255;237;118m██[38;2;169;133;34m██[38;2;0;0;0m  [38;2;89;28;20m  [38;2;226;72;50m██[38;2;33;10;7m  
[38;2;0;0;0m  [38;2;2;1;0m  [38;2;2;1;1m██[38;2;0;0;0m    [38;2;217;210;0m██[38;2;181;97;61m██[38;2;248;142;63m██[38;2;157;68;64m██[38;2;247;152;72m██[38;2;254;173;81m██[38;2;253;85;58m██[38;2;254;84;70m██[38;2;255;168;54m██[38;2;255;247;3m██[38;2;255;254;243m██[38;2;255;198;163m██[38;2;254;100;35m██[38;2;196;71;62m██[38;2;115;88;29m  [38;2;2;0;5m  [38;2;251;212;32m██[38;2;253;171;81m██[38;2;255;173;81m██[38;2;255;109;64m██[38;2;195;62;43m  [38;2;0;0;0m  
[38;2;19;8;8m  [38;2;170;79;64m██[38;2;171;76;65m██[38;2;113;52;40m██[38;2;19;14;12m  [38;2;153;140;31m██[38;2;206;104;65m  [38;2;207;154;34m██[38;2;202;150;35m████[38;2;205;111;69m██[38;2;208;106;66m██[38;2;205;111;69m██[38;2;255;174;81m██[38;2;255;232;136m██[38;2;255;247;0m██[38;2;255;220;31m██[38;2;126;91;29m██[38;2;236;77;58m██[38;2;120;38;26m  [38;2;0;0;0m    [38;2;79;54;25m  [38;2;119;61;30m██[38;2;119;44;28m██[38;2;0;0;0m    
[38;2;51;47;48m██[38;2;156;94;99m██[38;2;180;84;62m██[38;2;187;88;65m██[38;2;147;81;65m██[38;2;228;158;44m██[38;2;220;115;65m██[38;2;160;69;65m██[38;2;255;141;65m██[38;2;255;140;65m██[38;2;246;138;65m████[38;2;255;142;65m██[38;2;160;69;65m██[38;2;246;237;8m██[38;2;234;227;0m  [38;2;0;0;0m    [38;2;112;52;39m██[38;2;244;82;58m██[38;2;75;35;26m██[38;2;0;0;0m            
[38;2;22;20;21m  [38;2;98;102;102m██[38;2;0;0;0m  [38;2;67;31;23m  [38;2;129;110;65m██[38;2;255;199;24m██[38;2;255;185;46m██[38;2;255;145;66m██[38;2;255;173;44m██[38;2;156;100;65m██[38;2;140;86;71m██[38;2;137;90;66m██[38;2;149;97;65m██[38;2;255;142;65m██[38;2;30;17;12m  [38;2;0;0;0m      [38;2;49;23;17m  [38;2;189;89;65m████[38;2;0;0;0m            
[38;2;0;0;0m        [38;2;97;86;12m██[38;2;255;228;213m██[38;2;255;226;162m██[38;2;255;244;17m██[38;2;176;112;68m██[38;2;177;102;67m██[38;2;222;175;151m██[38;2;252;140;78m██[38;2;243;134;67m██[38;2;255;142;65m██[38;2;122;68;32m██[38;2;0;0;0m        [38;2;189;89;65m████[38;2;160;75;56m██[38;2;0;0;0m          
[38;2;0;0;0m        [38;2;255;252;164m██[38;2;255;250;122m██[38;2;255;255;246m██[38;2;214;213;168m██[38;2;179;170;136m██[38;2;103;70;71m██[38;2;189;170;166m██[38;2;249;244;232m██[38;2;143;92;67m██[38;2;143;96;65m██[38;2;152;87;50m██[38;2;0;0;0m      [38;2;54;22;23m  [38;2;189;89;65m████[38;2;177;84;61m██[38;2;37;17;12m  [38;2;0;0;0m        
[38;2;0;0;0m      [38;2;53;52;53m██[38;2;255;252;173m██[38;2;255;253;191m██[38;2;255;252;165m██[38;2;255;247;2m██[38;2;255;250;116m██[38;2;255;248;42m██[38;2;161;119;53m██[38;2;92;76;65m██[38;2;255;141;65m██[38;2;255;140;65m████[38;2;96;63;46m██[38;2;13;11;15m██[38;2;26;11;11m██[38;2;173;77;65m██[38;2;162;69;65m██[38;2;187;88;65m██[38;2;198;113;56m██[38;2;84;82;0m██[38;2;0;0;0m        
[38;2;0;0;0m    [38;2;31;14;12m  [38;2;135;73;61m██[38;2;176;176;172m  [38;2;255;248;36m██[38;2;255;251;150m██[38;2;255;252;163m██[38;2;255;255;247m████[38;2;255;202;38m██[38;2;255;207;26m██[38;2;255;140;65m██████[38;2;249;141;71m██[38;2;139;84;62m██[38;2;155;65;65m██[38;2;156;65;65m██[38;2;169;74;66m██[38;2;197;123;49m██[38;2;192;141;33m██[38;2;32;31;0m  [38;2;0;0;0m        
[38;2;0;0;0m    [38;2;51;23;19m██[38;2;182;84;65m██[38;2;131;121;118m██[38;2;251;248;215m██[38;2;251;251;238m██[38;2;253;247;55m██[38;2;255;254;227m██[38;2;255;255;247m██[38;2;255;227;152m██[38;2;230;132;64m██[38;2;255;139;65m██[38;2;255;140;65m██████[38;2;164;104;65m██[38;2;144;65;65m██[38;2;156;65;65m██[38;2;169;88;57m██[38;2;205;155;55m██[38;2;187;187;181m  [38;2;0;0;0m          
[38;2;0;0;0m    [38;2;19;9;6m  [38;2;139;58;58m██[38;2;163;89;63m██[38;2;133;110;52m██[38;2;180;179;120m██[38;2;251;247;97m██[38;2;255;253;195m██[38;2;255;255;247m████[38;2;72;72;72m██[38;2;255;141;65m██[38;2;255;140;65m██████[38;2;255;141;65m██[38;2;77;73;62m██[38;2;220;183;23m██[38;2;255;252;160m██[38;2;150;149;113m██[38;2;0;0;0m            
[38;2;0;0;0m        [38;2;50;26;21m  [38;2;163;84;67m██[38;2;151;81;65m██[38;2;86;68;65m██[38;2;143;131;128m██[38;2;213;210;206m██[38;2;212;212;205m██[38;2;76;50;38m██[38;2;255;141;70m██[38;2;255;140;65m██[38;2;249;137;65m██[38;2;254;141;65m██[38;2;250;138;70m██[38;2;81;57;44m██[38;2;212;212;205m██[38;2;0;0;0m                
[38;2;0;0;0m        [38;2;35;15;15m  [38;2;130;58;56m██[38;2;189;89;65m████[38;2;123;63;49m██[38;2;2;1;1m  [38;2;0;0;0m  [38;2;0;2;4m  [38;2;164;91;43m██[38;2;255;141;65m██[38;2;222;116;65m██[38;2;210;107;65m██[38;2;149;80;42m██[38;2;0;2;4m  [38;2;0;0;0m                  
[38;2;0;0;0m      [38;2;118;119;118m  [38;2;118;91;85m██[38;2;157;76;58m██[38;2;151;72;53m██[38;2;16;8;5m  [38;2;0;0;0m          [38;2;204;114;53m██[38;2;190;105;65m██[38;2;242;132;65m██[38;2;255;142;65m██[38;2;0;0;0m                    
[38;2;0;0;0m        [38;2;52;52;52m██[38;2;7;7;7m  [38;2;0;0;0m              [38;2;134;63;46m██[38;2;178;103;65m██[38;2;236;127;65m██[38;2;255;142;65m██[38;2;0;0;0m                    
[38;2;0;0;0m                        [38;2;70;63;63m██[38;2;140;123;123m██[38;2;136;126;124m██[38;2;248;244;240m██[38;2;40;28;28m  [38;2;0;0;0m                    
[38;2;0;0;0m                        [38;2;4;0;0m  [38;2;65;65;65m██[38;2;4;0;0m  [38;2;63;62;61m  [38;2;3;0;0m  [38;2;0;0;0m                    [0m
