
[38;2;0;0;0m                        [38;2;53;27;16m██[38;2;52;27;16m██[38;2;54;26;18m██[38;2;3;0;2m  [38;2;0;0;0m                                      
[38;2;0;0;0m                    [38;2;63;32;20m  [38;2;158;81;50m██[38;2;208;105;63m██[38;2;205;105;64m██[38;2;128;73;63m██[38;2;119;52;46m██[38;2;61;25;29m  [38;2;0;0;0m  [38;2;63;25;28m  [38;2;0;0;0m                                
[38;2;0;0;0m                    [38;2;170;79;72m██[38;2;208;143;73m██[38;2;185;88;67m██[38;2;111;77;64m██[38;2;141;86;65m██[38;2;130;64;71m██[38;2;145;64;72m██[38;2;113;45;50m██[38;2;54;22;24m  [38;2;0;0;0m                                
[38;2;0;0;0m                  [38;2;113;45;52m  [38;2;180;104;75m██[38;2;162;71;74m██[38;2;205;105;64m████[38;2;118;109;104m██[38;2;148;153;150m██[38;2;96;87;87m██[38;2;0;0;0m                                    
[38;2;0;0;0m            [38;2;40;40;40m  [38;2;164;167;164m██[38;2;89;83;62m██[38;2;105;96;69m██[38;2;166;114;74m██[38;2;135;74;71m██[38;2;140;97;67m██[38;2;114;104;70m██[38;2;124;120;101m██[38;2;135;139;137m██[38;2;124;123;124m██[38;2;81;81;81m████[38;2;0;0;0m                                
[38;2;0;0;0m              [38;2;65;67;65m██[38;2;162;168;162m██[38;2;91;87;76m██[38;2;210;179;80m██[38;2;198;170;79m██[38;2;150;133;74m██[38;2;91;84;67m██[38;2;151;148;138m██[38;2;223;223;223m██[38;2;255;255;255m████[38;2;145;145;145m██[38;2;0;0;0m                                
[38;2;0;0;0m            [38;2;38;38;38m  [38;2;112;113;112m██[38;2;126;131;139m██[38;2;232;228;227m██[38;2;142;97;67m██[38;2;117;89;67m██[38;2;162;115;97m██[38;2;249;246;245m██[38;2;178;182;188m██[38;2;188;191;209m██[38;2;194;194;194m██[38;2;139;141;139m██[38;2;0;0;0m                                  
[38;2;0;0;0m        [38;2;151;71;0m  [38;2;0;0;0m      [38;2;43;41;35m██[38;2;101;100;108m██[38;2;166;133;128m██[38;2;231;226;215m██[38;2;249;246;244m██[38;2;113;115;129m██[38;2;55;57;68m██[38;2;222;223;230m██[38;2;255;255;255m██[38;2;104;103;68m██[38;2;72;74;68m  [38;2;0;0;0m                                
[38;2;0;0;0m            [38;2;1;0;0m  [38;2;58;58;50m  [38;2;152;150;100m██[38;2;60;59;60m██[38;2;53;44;43m  [38;2;173;180;198m██[38;2;160;161;160m██[38;2;103;107;118m██[38;2;0;0;5m  [38;2;0;0;0m  [38;2;72;71;72m██[38;2;124;121;72m██[38;2;169;170;146m██[38;2;68;67;58m  [38;2;0;0;0m                              
[38;2;0;0;0m            [38;2;55;54;47m  [38;2;133;130;113m██[38;2;73;71;63m██[38;2;59;58;58m██[38;2;23;27;47m  [38;2;46;54;96m██[38;2;157;163;157m██[38;2;43;54;102m██[38;2;0;0;0m    [38;2;8;8;8m  [38;2;169;169;159m██[38;2;140;133;66m██[38;2;232;235;244m██[38;2;104;104;104m  [38;2;0;0;0m                            
[38;2;0;0;0m            [38;2;75;77;75m██[38;2;79;79;79m██[38;2;169;175;172m██[38;2;169;175;169m██[38;2;107;109;107m██[38;2;124;127;124m██[38;2;86;98;138m██[38;2;131;136;173m██[38;2;104;110;153m██[38;2;27;30;53m██[38;2;0;0;0m  [38;2;99;99;99m██[38;2;214;196;139m██[38;2;224;191;84m██[38;2;255;255;255m██[38;2;104;104;104m██[38;2;44;44;44m  [38;2;0;0;0m                        
[38;2;0;0;0m          [38;2;195;92;0m  [38;2;100;102;100m██[38;2;162;167;162m██[38;2;72;72;73m██[38;2;150;151;150m██[38;2;72;74;72m██[38;2;65;64;65m██[38;2;139;142;149m██[38;2;254;254;254m██[38;2;161;163;174m██[38;2;6;6;11m██[38;2;0;0;0m    [38;2;139;137;133m██[38;2;251;248;237m██[38;2;226;194;92m██[38;2;255;255;255m██[38;2;243;243;243m██[38;2;215;215;215m  [38;2;0;0;0m                      
[38;2;0;0;0m          [38;2;118;56;5m  [38;2;218;108;17m██[38;2;126;113;114m██[38;2;143;138;128m██[38;2;77;76;71m██[38;2;204;204;204m██[38;2;255;255;255m██[38;2;224;224;225m██[38;2;176;175;176m██[38;2;54;57;82m██[38;2;1;1;1m  [38;2;0;0;0m    [38;2;73;73;73m  [38;2;254;244;224m██[38;2;237;218;156m██[38;2;255;255;255m████████[38;2;238;238;238m██[38;2;112;112;112m██[38;2;106;107;106m  [38;2;74;76;75m████[38;2;23;24;23m  [38;2;0;0;0m        
[38;2;0;0;0m          [38;2;133;61;13m  [38;2;213;100;26m██[38;2;230;107;9m██[38;2;175;121;71m██[38;2;65;65;66m██[38;2;122;67;73m██[38;2;73;72;73m████[38;2;191;101;65m██[38;2;146;87;35m██[38;2;6;3;0m  [38;2;0;0;0m    [38;2;82;76;61m  [38;2;96;89;74m██[38;2;255;255;255m██████████████[38;2;254;254;254m██[38;2;197;201;199m██[38;2;169;175;172m██[38;2;165;168;166m██[38;2;164;166;164m████[38;2;0;0;0m    
[38;2;0;0;0m    [38;2;158;74;4m██[38;2;114;52;16m██[38;2;149;68;16m  [38;2;247;118;2m██[38;2;254;126;5m██[38;2;254;135;16m██[38;2;221;120;17m██[38;2;150;96;61m██[38;2;131;67;65m██[38;2;147;69;65m██[38;2;208;105;63m██[38;2;198;149;64m██[38;2;156;90;42m██[38;2;254;135;16m██[38;2;189;89;0m██[38;2;119;56;0m██[38;2;254;128;8m██[38;2;250;134;18m██[38;2;150;137;105m██[38;2;255;255;255m████[38;2;254;254;254m  [38;2;255;255;255m██████[38;2;249;249;249m██[38;2;184;189;187m██[38;2;113;116;113m████[38;2;120;122;120m████[38;2;114;114;111m██[38;2;24;24;23m  
[38;2;0;0;0m    [38;2;254;121;0m██[38;2;252;121;0m██[38;2;183;103;71m██[38;2;175;86;71m██[38;2;234;154;47m██[38;2;254;196;63m██[38;2;252;151;34m██[38;2;81;71;76m██[38;2;188;155;64m██[38;2;75;71;65m██[38;2;156;64;73m██[38;2;239;196;58m██[38;2;131;115;68m██[38;2;249;150;32m██[38;2;254;151;34m██[38;2;254;152;34m████[38;2;253;153;35m██[38;2;236;175;53m██[38;2;94;77;53m██[38;2;255;252;233m██[38;2;255;255;255m████████[38;2;170;176;172m██[38;2;101;103;101m██[38;2;84;84;84m██[38;2;169;175;169m██[38;2;167;173;168m██[38;2;167;173;170m██[38;2;0;0;0m    
[38;2;0;0;0m    [38;2;163;77;0m██[38;2;254;121;0m██[38;2;189;123;71m██[38;2;255;210;58m██[38;2;192;108;71m██[38;2;173;140;66m██[38;2;159;124;61m██[38;2;61;61;92m██[38;2;93;76;78m██[38;2;160;108;48m██[38;2;155;137;65m██[38;2;70;74;109m██[38;2;151;119;83m██[38;2;254;178;50m██[38;2;254;190;60m██[38;2;254;178;51m██[38;2;254;190;55m██[38;2;209;132;71m██[38;2;182;84;64m██[38;2;208;150;75m██[38;2;90;57;27m██[38;2;127;127;127m██[38;2;179;179;179m██[38;2;208;209;208m██[38;2;169;174;172m██[38;2;161;167;164m██[38;2;151;155;151m██[38;2;160;165;160m██[38;2;117;119;117m██[38;2;116;119;117m██[38;2;116;118;117m██[38;2;66;67;66m  [38;2;0;0;0m  
[38;2;0;0;0m    [38;2;254;120;0m██[38;2;179;74;59m██[38;2;255;250;65m██[38;2;253;208;65m██[38;2;125;63;70m██[38;2;172;128;65m██[38;2;42;54;110m██[38;2;42;52;113m██[38;2;157;65;73m████[38;2;252;151;32m██[38;2;75;78;120m██[38;2;150;132;99m██[38;2;253;202;67m██[38;2;254;202;67m████[38;2;206;130;71m██[38;2;222;153;57m██[38;2;209;112;51m██[38;2;253;149;32m██[38;2;107;51;0m  [38;2;0;0;0m    [38;2;19;19;19m  [38;2;167;171;169m██[38;2;169;174;171m██[38;2;101;103;101m██[38;2;66;65;66m██[38;2;135;139;135m██[38;2;167;172;167m██[38;2;54;52;54m  [38;2;0;0;0m    
[38;2;0;0;0m  [38;2;104;47;12m  [38;2;209;103;28m██[38;2;245;160;51m██[38;2;255;233;59m██[38;2;172;87;69m██[38;2;225;175;66m██[38;2;111;80;66m██[38;2;152;73;74m██[38;2;189;108;62m██[38;2;247;182;43m██[38;2;206;109;52m██[38;2;144;106;68m██[38;2;135;73;86m██[38;2;146;89;72m██[38;2;153;116;65m██[38;2;202;128;69m██[38;2;206;128;62m██[38;2;202;116;62m██[38;2;252;166;49m██[38;2;209;112;51m██[38;2;240;114;0m██[38;2;0;0;0m  [38;2;11;5;0m  [38;2;54;25;0m  [38;2;0;0;0m    [38;2;80;81;80m██████[38;2;46;46;46m██[38;2;0;0;0m        
[38;2;0;0;0m  [38;2;196;93;0m██[38;2;188;106;69m██[38;2;254;216;65m██[38;2;255;220;55m██[38;2;181;83;66m██[38;2;252;197;55m██[38;2;170;83;72m██[38;2;254;172;42m██[38;2;254;162;35m██[38;2;241;210;62m██[38;2;172;77;71m██[38;2;254;203;68m██[38;2;92;66;65m██[38;2;82;55;68m██[38;2;142;86;62m██[38;2;204;107;53m██[38;2;254;157;42m██[38;2;237;176;57m██[38;2;170;74;72m██[38;2;255;177;49m██[38;2;254;150;33m██[38;2;115;54;9m██[38;2;179;83;14m██[38;2;101;48;0m██[38;2;0;0;0m                    
[38;2;36;17;0m  [38;2;228;109;0m██[38;2;226;105;21m██[38;2;235;158;52m██[38;2;254;232;65m  [38;2;243;208;58m██[38;2;195;108;67m██[38;2;217;150;68m██[38;2;222;147;56m██[38;2;255;246;64m██[38;2;218;159;68m██[38;2;247;190;51m██[38;2;254;202;66m██[38;2;202;124;73m██[38;2;226;169;56m██[38;2;255;205;54m██[38;2;232;161;48m██[38;2;255;249;68m██[38;2;205;117;58m██[38;2;254;202;58m██[38;2;254;187;59m██[38;2;254;151;34m██[38;2;254;127;12m██[38;2;254;119;6m██[38;2;101;48;0m██[38;2;0;0;0m                    
[38;2;65;31;0m██[38;2;254;121;0m██[38;2;254;130;9m██[38;2;181;87;63m██[38;2;187;110;70m██[38;2;253;234;62m██[38;2;204;146;69m██[38;2;163;72;70m██[38;2;236;177;59m██[38;2;255;245;76m██[38;2;242;187;61m██[38;2;175;78;70m██[38;2;163;72;72m██[38;2;249;170;52m██[38;2;255;211;137m██[38;2;255;252;239m██[38;2;253;234;155m██[38;2;254;153;32m██[38;2;203;107;53m██[38;2;254;202;65m██[38;2;254;179;52m██[38;2;254;196;66m██[38;2;254;137;15m██[38;2;232;111;0m██[38;2;0;0;0m    [38;2;12;5;0m  [38;2;0;0;0m                
[38;2;65;31;0m██[38;2;255;121;0m██[38;2;254;143;23m██[38;2;254;198;47m██[38;2;208;111;51m██[38;2;194;125;68m██[38;2;244;220;148m██[38;2;254;191;80m██[38;2;255;238;106m██[38;2;255;251;146m██[38;2;254;242;65m██[38;2;254;212;61m██[38;2;254;218;63m██[38;2;254;222;64m██[38;2;246;191;56m██[38;2;202;128;61m██[38;2;195;129;70m██[38;2;196;100;56m██[38;2;234;134;41m██[38;2;254;203;70m██[38;2;254;213;65m██[38;2;254;209;51m██[38;2;254;151;19m██[38;2;95;45;0m  [38;2;0;0;0m    [38;2;65;31;0m  [38;2;0;0;0m                
[38;2;65;31;0m██[38;2;255;120;0m██[38;2;254;175;43m██[38;2;255;235;81m██[38;2;254;191;53m██[38;2;254;194;54m██[38;2;199;121;68m██[38;2;254;245;200m██[38;2;255;254;234m██[38;2;254;246;90m██[38;2;252;194;59m██[38;2;250;191;64m██[38;2;229;136;56m██[38;2;169;80;72m██[38;2;169;78;68m██[38;2;225;158;59m██[38;2;254;157;38m████[38;2;254;180;52m██[38;2;254;209;65m██[38;2;254;227;65m██[38;2;254;150;33m██[38;2;255;118;9m██[38;2;16;7;14m  [38;2;16;7;0m  [38;2;0;0;0m                    
[38;2;24;11;0m  [38;2;218;103;0m██[38;2;254;178;43m██[38;2;255;252;216m██[38;2;254;246;147m██[38;2;254;207;63m██[38;2;246;179;52m██[38;2;254;226;70m██[38;2;254;209;60m██[38;2;254;173;42m██[38;2;247;176;60m██[38;2;236;165;63m██[38;2;245;198;61m██[38;2;255;231;64m██[38;2;254;202;64m██[38;2;254;202;63m██[38;2;254;202;69m██[38;2;254;203;69m██[38;2;254;202;67m██[38;2;254;221;66m██[38;2;254;233;64m██[38;2;254;150;33m██[38;2;254;120;3m██[38;2;216;102;5m██[38;2;216;102;0m██[38;2;0;0;0m                    
[38;2;0;0;0m  [38;2;196;93;0m██[38;2;254;175;39m██[38;2;254;252;197m██[38;2;255;253;195m██[38;2;254;211;67m██[38;2;254;202;64m██[38;2;254;202;58m██[38;2;253;175;51m██[38;2;254;203;69m██[38;2;254;206;67m  [38;2;254;247;88m██[38;2;255;244;161m██[38;2;255;250;75m██[38;2;254;203;66m██[38;2;254;203;68m██[38;2;253;203;68m██[38;2;254;203;67m██[38;2;254;206;67m██[38;2;254;202;67m██[38;2;254;172;46m██[38;2;254;146;28m██[38;2;247;117;1m██[38;2;250;119;3m██[38;2;88;41;0m  [38;2;0;0;0m                    
[38;2;0;0;0m  [38;2;68;32;0m  [38;2;254;135;13m██[38;2;254;234;68m██[38;2;254;251;110m  [38;2;254;211;67m██[38;2;253;203;68m██[38;2;254;203;68m██████[38;2;254;221;66m██[38;2;255;254;238m██[38;2;255;255;255m██[38;2;255;250;75m██[38;2;254;203;66m██[38;2;254;202;68m████[38;2;254;233;65m██[38;2;254;211;67m██[38;2;254;170;44m██[38;2;254;153;35m██[38;2;254;121;0m██[38;2;141;67;7m██[38;2;78;36;14m  [38;2;0;0;0m                      
[38;2;0;0;0m    [38;2;224;114;8m██[38;2;254;183;57m██[38;2;254;223;64m██[38;2;254;202;66m██[38;2;254;220;121m██[38;2;255;251;114m██[38;2;255;221;84m██[38;2;254;204;67m██[38;2;254;221;66m██[38;2;255;254;238m██[38;2;255;254;241m██[38;2;254;242;74m██[38;2;254;203;65m██[38;2;254;241;65m██[38;2;255;199;66m██[38;2;254;202;56m██[38;2;254;213;66m██[38;2;254;193;63m  [38;2;254;132;13m██[38;2;240;114;0m██[38;2;0;0;0m                          
[38;2;0;0;0m    [38;2;23;10;0m  [38;2;219;113;8m██[38;2;254;157;38m██[38;2;254;196;65m██[38;2;254;208;68m██[38;2;254;246;116m██[38;2;254;215;105m██[38;2;254;203;67m██[38;2;254;208;66m██[38;2;254;248;120m██[38;2;254;237;99m██[38;2;254;204;67m██[38;2;254;203;67m████[38;2;254;177;52m██[38;2;254;167;42m██[38;2;254;169;47m██[38;2;254;130;10m██[38;2;255;121;0m██[38;2;76;36;0m  [38;2;0;0;0m                          
[38;2;0;0;0m        [38;2;220;112;8m██[38;2;254;147;29m██[38;2;254;163;39m██[38;2;254;192;59m██[38;2;254;203;68m████[38;2;254;203;67m██[38;2;254;203;65m██[38;2;254;197;62m██[38;2;254;203;68m██[38;2;254;177;49m██[38;2;254;163;40m██[38;2;254;173;49m██[38;2;254;152;35m██[38;2;254;133;13m██[38;2;253;120;0m██[38;2;93;44;0m  [38;2;0;0;0m                            
[38;2;0;0;0m        [38;2;23;10;0m  [38;2;73;37;1m██[38;2;254;131;8m██[38;2;254;129;10m██[38;2;254;166;45m████[38;2;254;181;54m██[38;2;255;170;44m██[38;2;254;179;54m██[38;2;254;201;67m██[38;2;254;160;39m██[38;2;254;166;45m██[38;2;254;141;22m██[38;2;254;129;10m██[38;2;161;76;0m██[38;2;71;33;0m  [38;2;0;0;0m                              
[38;2;0;0;0m              [38;2;168;80;0m  [38;2;197;93;0m██[38;2;248;117;0m██[38;2;254;144;27m████████[38;2;254;134;14m██[38;2;198;94;0m██[38;2;197;93;0m██[38;2;0;0;0m                                    
[38;2;0;0;0m                  [38;2;58;27;0m  [38;2;65;31;0m██████████[38;2;1;0;0m  [38;2;0;0;0m                                      [0m
