
[38;2;0;0;0m    [38;2;9;7;12m██[38;2;2;2;3m  [38;2;0;0;0m                                        
[38;2;0;0;0m    [38;2;37;31;49m██[38;2;82;69;107m██[38;2;0;0;0m                                        
[38;2;0;0;0m      [38;2;94;80;124m██[38;2;106;89;139m██[38;2;28;23;36m██[38;2;0;0;0m                                    
[38;2;0;0;0m      [38;2;23;20;31m  [38;2;106;89;139m██[38;2;105;89;139m██[38;2;0;0;0m                                [38;2;122;117;166m██[38;2;33;31;45m  
[38;2;0;0;0m        [38;2;79;67;104m██[38;2;105;89;138m██[38;2;67;60;86m██[38;2;40;39;55m██[38;2;16;15;21m  [38;2;0;0;0m                    [38;2;18;16;26m  [38;2;43;38;62m██[38;2;155;145;213m██[38;2;144;134;200m██[38;2;26;23;38m  
[38;2;0;0;0m          [38;2;25;22;34m  [38;2;120;119;157m██[38;2;102;106;135m██[38;2;77;82;101m██[38;2;0;0;0m                [38;2;23;23;23m  [38;2;98;86;141m██[38;2;130;119;182m██[38;2;154;143;212m██[38;2;139;125;197m██[38;2;26;23;38m  [38;2;0;0;0m  
[38;2;0;0;0m        [38;2;7;7;7m  [38;2;160;153;217m██[38;2;81;89;105m████[38;2;79;86;99m██[38;2;86;90;108m██[38;2;54;52;68m██[38;2;0;0;0m    [38;2;36;33;49m██[38;2;3;3;5m  [38;2;0;0;0m    [38;2;62;55;90m██[38;2;139;125;197m██[38;2;155;145;213m██[38;2;130;114;187m██[38;2;44;38;62m██[38;2;0;0;0m    
[38;2;0;0;0m        [38;2;83;76;108m██[38;2;89;87;103m██[38;2;69;71;75m██[38;2;81;88;104m██[38;2;122;123;128m██[38;2;146;147;154m██[38;2;98;104;112m██[38;2;82;86;91m██[38;2;105;101;139m██[38;2;121;107;164m██[38;2;102;89;146m██[38;2;0;0;0m    [38;2;113;100;164m██[38;2;139;125;197m██[38;2;131;115;189m██[38;2;120;105;172m██[38;2;9;7;12m  [38;2;0;0;0m    
[38;2;0;0;0m    [38;2;9;7;12m  [38;2;105;94;145m██[38;2;119;118;130m██[38;2;158;158;164m██[38;2;155;159;167m██[38;2;96;96;97m██[38;2;96;96;98m██[38;2;105;105;107m██[38;2;124;128;139m██[38;2;105;111;119m██[38;2;125;121;160m██[38;2;121;107;164m██[38;2;130;114;187m██[38;2;111;100;152m██[38;2;127;112;183m██[38;2;123;109;174m██[38;2;98;86;141m██[38;2;42;37;62m  [38;2;0;0;0m        
[38;2;26;23;38m  [38;2;98;86;141m██[38;2;100;87;140m██[38;2;69;67;72m██[38;2;126;124;166m██[38;2;77;83;95m██[38;2;88;89;91m██[38;2;101;101;104m██[38;2;189;189;197m██[38;2;134;140;148m██[38;2;99;101;105m██[38;2;146;149;160m██[38;2;71;73;76m██[38;2;145;135;196m██[38;2;127;111;181m██[38;2;131;115;189m████[38;2;50;48;57m██[38;2;0;0;0m            
[38;2;0;0;0m  [38;2;79;70;115m  [38;2;125;110;178m██[38;2;92;89;109m██[38;2;116;117;154m██[38;2;65;65;65m██[38;2;100;107;117m██[38;2;106;111;118m██[38;2;75;71;83m██[38;2;76;75;85m██[38;2;78;80;82m██[38;2;160;160;166m██[38;2;130;122;170m██[38;2;118;102;163m██[38;2;131;115;189m██[38;2;121;111;172m██[38;2;117;105;168m██[38;2;105;89;139m██[38;2;0;0;0m            
[38;2;0;0;0m    [38;2;70;65;95m██[38;2;106;109;139m██[38;2;76;81;92m██[38;2;156;156;162m██[38;2;81;79;96m██[38;2;96;84;121m██[38;2;105;89;139m██[38;2;99;86;131m██[38;2;83;77;108m██[38;2;105;104;117m██[38;2;113;99;149m██[38;2;131;115;189m████[38;2;135;121;193m██[38;2;85;84;119m██[38;2;89;80;110m██[38;2;0;0;0m            
[38;2;0;0;0m    [38;2;108;106;135m██[38;2;84;89;105m██[38;2;124;125;131m██[38;2;79;85;97m██[38;2;100;96;117m██[38;2;102;88;135m██[38;2;105;89;139m██[38;2;100;87;133m██[38;2;89;81;122m██[38;2;118;117;128m██[38;2;158;150;213m██[38;2;113;97;154m██[38;2;99;93;141m██[38;2;111;99;155m██[38;2;94;90;133m██[38;2;92;83;129m██[38;2;0;0;0m            
[38;2;0;0;0m    [38;2;134;132;180m██[38;2;66;67;69m██[38;2;142;145;157m██[38;2;65;65;65m██[38;2;169;164;186m██[38;2;90;82;123m██[38;2;93;83;127m██[38;2;93;87;124m██[38;2;182;182;194m██[38;2;211;211;211m██[38;2;141;135;186m██[38;2;113;97;154m██[38;2;131;115;189m██[38;2;118;106;170m██[38;2;130;114;187m██[38;2;151;139;209m██[38;2;122;117;166m██[38;2;53;51;72m  [38;2;0;0;0m        
[38;2;0;0;0m    [38;2;115;113;155m██[38;2;72;74;81m██[38;2;129;132;142m██[38;2;65;65;66m██[38;2;89;81;122m████[38;2;164;160;182m██[38;2;91;91;91m██[38;2;255;255;255m██[38;2;87;85;100m██[38;2;119;105;158m██[38;2;131;115;189m██████[38;2;125;109;177m██[38;2;124;108;176m██[38;2;98;86;142m██[38;2;122;117;166m██[38;2;0;0;0m        
[38;2;0;0;0m    [38;2;58;55;78m██[38;2;90;96;118m██[38;2;90;93;97m██[38;2;78;84;96m██[38;2;81;75;102m██[38;2;89;81;123m██[38;2;89;81;122m██[38;2;131;125;156m████[38;2;87;85;100m██[38;2;119;105;158m██[38;2;131;115;189m████[38;2;123;107;174m██[38;2;106;90;139m██[38;2;51;47;60m██[38;2;0;0;0m            
[38;2;0;0;0m    [38;2;43;41;58m  [38;2;104;107;138m██[38;2;86;90;95m██[38;2;92;100;114m██[38;2;81;79;96m██[38;2;86;80;111m██[38;2;116;112;144m██[38;2;134;132;159m██[38;2;191;196;198m██[38;2;65;65;65m██[38;2;141;135;186m██[38;2;111;95;150m██[38;2;108;92;144m██[38;2;108;92;143m██[38;2;77;72;87m██[38;2;100;86;129m██[38;2;0;0;0m            
[38;2;0;0;0m      [38;2;36;34;49m  [38;2;114;115;150m██[38;2;79;81;83m██[38;2;120;121;125m██[38;2;79;85;96m██[38;2;97;99;101m██[38;2;108;109;109m██[38;2;80;86;95m██[38;2;136;136;141m██[38;2;141;135;186m██[38;2;105;89;139m██[38;2;106;89;139m██[38;2;127;111;181m██[38;2;125;109;177m██[38;2;84;76;100m██[38;2;0;0;0m            
[38;2;0;0;0m        [38;2;68;63;93m██[38;2;83;91;108m██[38;2;75;80;89m██[38;2;153;154;160m██[38;2;92;99;110m██[38;2;99;106;119m██[38;2;141;141;147m██[38;2;80;84;97m██[38;2;135;127;179m██[38;2;105;89;139m██[38;2;90;84;123m██[38;2;100;93;140m██[38;2;68;67;71m██[38;2;41;35;54m  [38;2;0;0;0m            
[38;2;0;0;0m        [38;2;14;12;20m  [38;2;116;107;165m██[38;2;49;54;64m██[38;2;15;15;15m  [38;2;18;19;20m  [38;2;26;27;29m  [38;2;0;0;0m  [38;2;50;48;63m██[38;2;119;105;158m██[38;2;105;89;139m██[38;2;38;32;49m██[38;2;103;89;136m██[38;2;96;84;121m██[38;2;0;0;0m              
[38;2;0;0;0m                      [38;2;150;140;202m██[38;2;85;72;112m██[38;2;0;0;0m    [38;2;31;26;41m  [38;2;127;112;183m██[38;2;68;59;98m██[38;2;0;0;0m            
[38;2;0;0;0m                      [38;2;37;35;50m██[38;2;6;5;7m  [38;2;0;0;0m      [38;2;30;26;44m  [38;2;17;14;24m  [38;2;0;0;0m            [0m
