
[38;2;6;5;10m    [38;2;0;0;0m                                                            
[38;2;26;22;39m████[38;2;0;0;0m                                                      [38;2;62;51;90m  [38;2;0;0;0m    
[38;2;26;22;39m██[38;2;107;89;156m██[38;2;0;0;0m                                                    [38;2;50;42;73m██[38;2;107;89;156m██[38;2;0;0;0m    
[38;2;26;22;39m██[38;2;107;89;156m██[38;2;65;54;94m  [38;2;0;0;0m                                                [38;2;65;54;94m  [38;2;107;89;156m████[38;2;0;0;0m    
[38;2;0;0;0m  [38;2;80;68;119m██[38;2;89;74;129m██[38;2;8;7;12m  [38;2;0;0;0m      [38;2;80;66;117m██[38;2;0;0;0m                                  [38;2;26;21;38m  [38;2;65;44;71m██[38;2;155;89;134m██[38;2;177;76;110m██[38;2;26;22;39m██[38;2;0;0;0m    
[38;2;0;0;0m  [38;2;57;51;88m██[38;2;107;89;156m██[38;2;94;78;137m██[38;2;0;0;0m    [38;2;22;18;32m  [38;2;102;85;149m██[38;2;67;56;98m    [38;2;0;0;0m                            [38;2;22;18;32m  [38;2;102;85;149m██[38;2;237;89;97m██[38;2;161;89;131m██[38;2;84;70;123m██[38;2;4;3;6m  [38;2;0;0;0m    
[38;2;0;0;0m    [38;2;79;74;128m██[38;2;73;69;85m██[38;2;92;96;147m██[38;2;5;6;5m  [38;2;55;48;74m██[38;2;85;82;114m██[38;2;91;87;127m██[38;2;76;71;88m██[38;2;91;99;143m██[38;2;91;96;149m██[38;2;0;0;0m                    [38;2;38;32;56m██[38;2;89;75;131m██[38;2;120;88;148m██[38;2;191;82;109m██[38;2;106;89;155m██[38;2;104;90;148m██[38;2;20;19;20m  [38;2;0;0;0m      
[38;2;0;0;0m    [38;2;25;25;41m██[38;2;67;67;80m██[38;2;113;119;185m██[38;2;70;71;87m██[38;2;79;78;106m██[38;2;97;85;138m██[38;2;99;104;149m██[38;2;99;100;149m██[38;2;106;92;156m██[38;2;106;91;156m██[38;2;75;81;124m  [38;2;0;0;0m              [38;2;23;19;34m  [38;2;94;79;137m██[38;2;99;85;148m██[38;2;99;86;148m██[38;2;111;89;153m████[38;2;107;89;156m██[38;2;104;87;152m██[38;2;98;82;142m██[38;2;94;78;137m██[38;2;70;58;102m  [38;2;0;0;0m  
[38;2;0;0;0m    [38;2;11;11;18m  [38;2;63;62;85m██[38;2;100;104;152m██[38;2;112;111;179m██[38;2;92;93;133m██[38;2;108;94;160m██[38;2;100;86;142m██[38;2;96;91;138m██[38;2;89;75;119m██[38;2;107;89;156m██[38;2;107;90;155m██[38;2;75;64;109m██[38;2;0;0;0m  [38;2;22;21;36m  [38;2;31;26;46m  [38;2;0;0;0m  [38;2;31;29;39m██[38;2;38;33;52m██[38;2;103;87;152m██[38;2;93;82;142m██[38;2;105;79;132m██[38;2;164;87;127m████[38;2;120;87;147m██[38;2;128;85;142m██[38;2;195;86;112m████[38;2;128;85;142m██[38;2;64;53;94m██[38;2;16;13;23m  
[38;2;0;0;0m      [38;2;55;54;92m██[38;2;77;78;96m██[38;2;109;97;164m██[38;2;107;92;158m██[38;2;107;89;156m██[38;2;91;77;132m██[38;2;24;18;25m██[38;2;89;74;119m██[38;2;107;89;156m██[38;2;95;81;137m██[38;2;14;16;20m██[38;2;0;0;0m  [38;2;55;54;92m██[38;2;82;77;132m██[38;2;73;66;113m██[38;2;75;71;90m██[38;2;105;89;154m██[38;2;98;85;147m██[38;2;96;82;145m██[38;2;110;88;154m██[38;2;119;88;149m████[38;2;110;88;154m██[38;2;107;89;156m██[38;2;72;62;102m██[38;2;14;13;13m██[38;2;9;7;13m██[38;2;0;0;0m    
[38;2;0;0;0m      [38;2;0;3;0m  [38;2;83;75;117m██[38;2;102;93;150m██[38;2;107;89;156m██[38;2;87;79;101m██[38;2;86;82;89m██[38;2;0;0;0m██[38;2;81;77;131m██[38;2;106;89;156m██[38;2;87;77;114m██[38;2;101;85;143m██[38;2;34;28;50m  [38;2;29;26;37m  [38;2;73;68;103m██[38;2;81;78;122m██[38;2;89;78;117m██[38;2;95;83;145m██[38;2;92;82;141m██[38;2;152;81;126m██[38;2;170;89;127m██[38;2;168;81;119m██[38;2;103;87;148m██[38;2;142;75;106m██[38;2;125;77;96m██[38;2;55;46;73m██[38;2;0;0;0m        
[38;2;0;0;0m        [38;2;71;69;107m██[38;2;77;71;90m██[38;2;52;46;39m██[38;2;13;34;57m██[38;2;185;67;82m██[38;2;50;47;81m██[38;2;105;88;154m██[38;2;77;71;91m██[38;2;105;88;152m██[38;2;107;89;156m██[38;2;138;84;134m██[38;2;108;66;68m██[38;2;65;64;67m██[38;2;94;82;130m██[38;2;83;78;133m██[38;2;99;85;149m██[38;2;106;89;156m██[38;2;112;89;152m██[38;2;114;89;152m██[38;2;114;88;151m██[38;2;106;89;155m██[38;2;112;88;152m██[38;2;175;79;100m██[38;2;218;89;120m██[38;2;130;62;95m██[38;2;25;21;36m  [38;2;0;0;0m    
[38;2;0;0;0m      [38;2;23;22;23m  [38;2;90;91;122m██[38;2;87;77;112m██[38;2;72;66;81m██[38;2;92;70;113m██[38;2;92;69;118m██[38;2;102;89;153m██[38;2;70;67;76m██[38;2;85;76;107m██[38;2;87;77;114m██[38;2;102;86;145m██[38;2;193;74;91m██[38;2;142;84;134m██[38;2;154;82;123m██[38;2;91;81;140m██[38;2;115;81;134m██[38;2;236;81;88m██[38;2;153;82;116m██[38;2;102;86;145m██[38;2;118;83;135m██[38;2;158;72;80m██[38;2;78;69;103m██[38;2;57;49;90m██[38;2;0;2;4m  [38;2;0;2;7m  [38;2;0;1;6m  [38;2;0;0;0m      
[38;2;0;0;0m      [38;2;85;87;140m██[38;2;99;96;148m██[38;2;106;88;154m██[38;2;96;82;132m██[38;2;66;65;67m██[38;2;76;71;89m████[38;2;106;88;154m██[38;2;106;89;156m██[38;2;106;88;154m██[38;2;76;71;89m██[38;2;93;80;125m██[38;2;104;87;148m██[38;2;217;79;94m██[38;2;105;88;155m██[38;2;107;89;156m██[38;2;108;89;154m████[38;2;76;71;89m██[38;2;93;80;125m██[38;2;106;87;147m██[38;2;243;78;84m██[38;2;163;63;88m██[38;2;0;0;0m            
[38;2;0;0;0m      [38;2;83;80;129m██[38;2;94;81;134m██[38;2;78;72;94m██[38;2;101;91;96m██[38;2;101;92;96m██[38;2;87;82;91m██[38;2;84;80;129m██[38;2;107;89;156m████[38;2;90;81;139m██[38;2;89;81;139m██[38;2;86;77;111m██[38;2;89;80;132m██[38;2;122;85;143m██[38;2;112;80;132m██[38;2;213;76;83m██[38;2;102;86;145m██[38;2;123;88;143m██[38;2;110;81;118m██[38;2;69;68;94m██[38;2;73;70;90m██[38;2;84;75;113m██[38;2;63;55;87m██[38;2;40;33;58m  [38;2;0;0;0m          
[38;2;0;0;0m      [38;2;78;65;114m  [38;2;0;0;0m    [38;2;16;16;16m  [38;2;71;71;108m██[38;2;82;77;131m██[38;2;106;88;155m██[38;2;107;89;156m████[38;2;106;88;155m██[38;2;106;88;154m██[38;2;71;70;108m████[38;2;66;65;66m██[38;2;94;82;134m████[38;2;66;65;66m██[38;2;100;86;149m██[38;2;206;69;81m██[38;2;94;82;136m██[38;2;69;67;111m██[38;2;55;55;92m██[38;2;0;0;0m              
[38;2;0;0;0m            [38;2;9;10;16m  [38;2;69;66;104m██[38;2;75;72;104m██[38;2;103;87;152m██[38;2;106;89;156m██[38;2;98;84;138m██[38;2;74;71;97m██[38;2;87;77;114m██[38;2;79;78;109m██[38;2;72;71;116m██[38;2;75;73;121m██[38;2;72;70;101m██[38;2;71;69;94m██[38;2;77;73;110m██[38;2;73;71;103m██[38;2;53;47;75m██[38;2;38;33;54m  [38;2;26;26;42m  [38;2;25;25;42m  [38;2;0;0;0m              
[38;2;0;0;0m              [38;2;46;46;46m  [38;2;92;82;133m██[38;2;80;73;103m██[38;2;95;82;131m██[38;2;68;66;70m██[38;2;104;88;156m██[38;2;77;72;92m██[38;2;104;105;172m██[38;2;70;68;80m██[38;2;71;70;107m██[38;2;67;65;69m██[38;2;71;70;106m██[38;2;65;64;67m██[38;2;51;50;54m██[38;2;1;1;2m  [38;2;0;0;0m                    
[38;2;0;0;0m                [38;2;68;67;70m██[38;2;80;74;101m██[38;2;93;81;126m██[38;2;107;89;156m██[38;2;86;80;112m██[38;2;102;105;158m██[38;2;67;66;79m██[38;2;74;70;95m██[38;2;92;81;128m██[38;2;107;89;156m██[38;2;83;75;104m██[38;2;72;70;108m██[38;2;87;79;136m██[38;2;51;49;84m██[38;2;60;50;88m██[38;2;15;12;22m  [38;2;0;0;0m                
[38;2;0;0;0m                [38;2;105;105;169m██[38;2;107;91;158m████[38;2;110;110;177m██[38;2;100;103;154m██[38;2;65;64;69m██[38;2;71;70;108m██[38;2;96;82;133m██[38;2;104;87;150m██[38;2;107;90;156m██[38;2;67;66;68m██[38;2;77;73;102m██[38;2;75;71;109m██[38;2;74;74;123m██[38;2;67;68;112m██[38;2;72;72;120m████[38;2;16;17;28m  [38;2;0;0;0m            
[38;2;0;0;0m                [38;2;11;12;18m  [38;2;45;48;74m██[38;2;91;91;138m██[38;2;71;70;96m██[38;2;73;72;123m██[38;2;73;73;123m██[38;2;74;70;96m██[38;2;98;91;143m██[38;2;76;71;88m██[38;2;107;89;156m██[38;2;94;96;142m██[38;2;39;38;59m██[38;2;9;8;12m  [38;2;29;29;48m██[38;2;0;0;0m  [38;2;22;22;36m    [38;2;0;0;0m              
[38;2;0;0;0m                    [38;2;23;19;25m  [38;2;72;70;112m██[38;2;67;66;79m██[38;2;73;73;123m██[38;2;71;68;80m██[38;2;102;102;162m██[38;2;77;78;99m██[38;2;110;116;181m██[38;2;72;71;117m██[38;2;16;15;27m  [38;2;0;0;0m                        
[38;2;0;0;0m                    [38;2;10;10;10m  [38;2;71;70;71m██[38;2;78;77;82m██[38;2;68;67;86m██[38;2;27;26;38m██[38;2;24;25;40m██[38;2;73;74;122m██[38;2;73;73;122m██[38;2;61;64;80m██[38;2;13;13;17m  [38;2;0;0;0m                        
[38;2;0;0;0m                  [38;2;8;8;14m  [38;2;61;64;80m██[38;2;17;18;22m  [38;2;15;15;25m  ██[38;2;0;0;0m      [38;2;41;42;41m  [38;2;89;80;85m██[38;2;18;16;18m  [38;2;0;0;0m                        
[38;2;0;0;0m                  [38;2;55;56;92m██[38;2;20;21;26m  [38;2;0;0;0m              [38;2;94;83;88m██[38;2;0;0;0m                          
[38;2;0;0;0m                                [38;2;3;3;3m  [38;2;87;77;82m██[38;2;117;101;109m██[38;2;35;32;40m██[38;2;0;0;0m                        
[38;2;0;0;0m                                [38;2;73;63;99m██[38;2;87;77;113m██[38;2;27;23;25m  [38;2;16;16;27m  [38;2;0;0;0m                        
[38;2;0;0;0m                              [38;2;43;43;71m  [38;2;11;10;15m  [38;2;91;79;132m██[38;2;0;0;0m                            
[38;2;0;0;0m                                  [38;2;21;18;30m  [38;2;0;0;0m                            [0m
