
[38;2;0;0;0m        [38;2;54;49;19m██[38;2;5;5;1m  [38;2;0;0;0m                          
[38;2;0;0;0m        [38;2;182;168;65m██[38;2;23;21;7m██[38;2;0;0;0m    [38;2;29;65;61m  [38;2;0;0;0m                    
[38;2;0;0;0m        [38;2;61;57;24m  [38;2;183;170;70m██[38;2;21;15;16m  [38;2;15;19;18m  [38;2;71;112;109m██[38;2;47;44;47m██[38;2;47;37;39m██[38;2;0;0;0m                
[38;2;0;0;0m        [38;2;0;1;1m  [38;2;143;116;108m██[38;2;107;109;112m██[38;2;65;140;131m██[38;2;73;116;112m██[38;2;139;122;92m██[38;2;169;141;105m██[38;2;141;112;117m██[38;2;59;47;49m  [38;2;0;0;0m            
[38;2;0;0;0m    [38;2;5;13;12m██[38;2;2;9;7m  [38;2;89;79;75m██[38;2;152;128;95m██[38;2;78;101;99m██[38;2;77;164;154m██[38;2;110;109;62m██[38;2;166;155;55m██[38;2;175;153;87m██[38;2;153;137;68m██[38;2;163;133;133m██[38;2;24;54;51m██[38;2;62;139;131m██[38;2;0;0;0m        
[38;2;0;0;0m    [38;2;5;13;12m  [38;2;72;86;85m██[38;2;124;127;86m██[38;2;120;109;68m██[38;2;42;80;75m██[38;2;79;163;153m██[38;2;8;10;10m  [38;2;0;0;0m  [38;2;73;66;38m██[38;2;103;99;67m██[38;2;74;113;105m██[38;2;68;152;143m██[38;2;6;15;14m██[38;2;0;0;0m        
[38;2;0;0;0m    [38;2;14;12;5m  [38;2;67;124;115m██[38;2;67;141;133m██[38;2;12;10;10m██[38;2;0;0;0m  [38;2;72;147;143m██[38;2;11;9;11m  [38;2;0;0;0m  [38;2;8;16;15m  [38;2;71;155;146m██[38;2;73;165;156m██[38;2;73;154;146m██[38;2;117;91;96m██[38;2;0;0;0m        
[38;2;45;40;14m  [38;2;75;71;50m██[38;2;122;108;59m██[38;2;75;65;66m██[38;2;90;159;152m██[38;2;59;128;121m██[38;2;29;56;52m  [38;2;70;151;143m██[38;2;54;114;108m██[38;2;6;3;0m  [38;2;58;108;101m██[38;2;71;119;115m██[38;2;80;152;139m██[38;2;78;90;80m██[38;2;78;71;73m██[38;2;93;71;72m  [38;2;0;0;0m      
[38;2;34;31;14m  [38;2;66;63;50m██[38;2;144;127;70m██[38;2;101;110;109m██[38;2;59;67;68m██[38;2;63;82;81m██[38;2;61;129;121m██[38;2;67;92;90m██[38;2;74;156;147m██[38;2;59;117;110m██[38;2;23;43;40m  [38;2;9;4;4m██[38;2;102;102;82m██[38;2;135;142;104m██[38;2;188;170;76m██[38;2;84;70;53m██[38;2;0;1;1m  [38;2;0;0;0m    
[38;2;0;0;0m    [38;2;78;70;44m██[38;2;101;81;71m██[38;2;26;54;49m██[38;2;72;152;143m██[38;2;70;122;116m██[38;2;73;166;156m██[38;2;66;99;95m██[38;2;68;119;112m██[38;2;23;23;23m  [38;2;101;95;65m██[38;2;231;151;110m██[38;2;251;240;174m██[38;2;177;167;111m██[38;2;159;139;74m██[38;2;14;13;10m  [38;2;0;0;0m    
[38;2;0;0;0m    [38;2;15;15;15m  [38;2;129;125;75m██[38;2;68;102;96m██[38;2;73;163;153m██[38;2;68;116;113m██[38;2;65;119;112m██[38;2;65;95;91m██[38;2;65;123;115m██[38;2;7;14;13m██[38;2;136;122;64m██[38;2;228;130;116m██[38;2;253;253;252m██[38;2;173;163;121m██[38;2;83;76;77m██[38;2;124;103;69m██[38;2;202;182;74m██[38;2;57;54;19m██
[38;2;0;0;0m      [38;2;58;89;88m██[38;2;72;93;85m██[38;2;63;83;71m██[38;2;37;62;59m██[38;2;65;122;114m██[38;2;65;93;89m██[38;2;16;30;28m██[38;2;57;106;99m██[38;2;77;88;72m██[38;2;236;208;135m██[38;2;243;234;182m██[38;2;161;143;77m██[38;2;127;113;72m██[38;2;11;9;11m  [38;2;47;42;17m██[38;2;10;10;3m  
[38;2;0;0;0m  [38;2;84;65;45m██[38;2;0;0;0m  [38;2;5;0;0m  [38;2;104;103;86m██[38;2;56;52;47m██[38;2;6;7;8m  [38;2;63;76;74m██[38;2;34;64;60m██[38;2;0;0;0m  [38;2;26;48;45m  [38;2;91;102;73m██[38;2;116;108;68m██[38;2;117;104;62m██[38;2;141;124;61m██[38;2;59;51;32m██[38;2;12;8;7m  [38;2;0;0;0m    
[38;2;0;0;0m  [38;2;84;65;45m██[38;2;54;42;29m  [38;2;0;0;0m  [38;2;68;54;51m██[38;2;148;121;94m██[38;2;103;96;61m██[38;2;65;119;111m██[38;2;58;87;83m██[38;2;0;0;0m  [38;2;71;62;29m  [38;2;149;132;71m██[38;2;94;86;73m██[38;2;111;96;74m██[38;2;6;5;6m  [38;2;24;17;10m██[38;2;49;35;20m██[38;2;0;0;0m    
[38;2;0;0;0m  [38;2;84;65;45m██[38;2;18;14;9m  [38;2;0;0;0m      [38;2;95;73;78m██[38;2;73;159;151m██[38;2;65;102;95m██[38;2;144;139;80m██[38;2;125;104;90m██[38;2;88;76;79m██[38;2;117;86;93m██[38;2;0;0;0m  [38;2;24;17;10m  [38;2;154;112;64m██[38;2;45;33;19m██[38;2;0;0;0m    
[38;2;0;0;0m  [38;2;21;16;11m  [38;2;98;74;43m██[38;2;0;0;0m      [38;2;7;6;7m  [38;2;70;157;148m██[38;2;71;118;110m██[38;2;53;76;75m██[38;2;35;29;23m██[38;2;85;71;58m██[38;2;64;56;32m██[38;2;0;0;0m  [38;2;24;17;10m  [38;2;95;77;59m██[38;2;32;25;18m██[38;2;0;0;0m    
[38;2;0;0;0m    [38;2;96;74;43m██[38;2;36;51;43m██[38;2;0;0;0m    [38;2;32;69;65m██[38;2;73;165;155m██[38;2;68;120;115m██[38;2;6;0;0m██[38;2;0;0;0m  [38;2;7;9;14m  [38;2;161;141;68m██[38;2;14;14;14m  [38;2;24;18;10m  [38;2;137;101;63m██[38;2;32;25;18m██[38;2;0;0;0m    
[38;2;0;0;0m    [38;2;31;34;30m██[38;2;75;157;146m██[38;2;53;96;92m██[38;2;5;5;5m  [38;2;53;104;98m██[38;2;73;164;155m██[38;2;65;122;115m██[38;2;49;92;86m██[38;2;0;0;0m  [38;2;2;6;6m  [38;2;78;103;88m██[38;2;71;67;64m██[38;2;117;87;49m██[38;2;94;73;50m██[38;2;8;6;4m  [38;2;0;0;0m    
[38;2;0;0;0m    [38;2;60;113;105m██[38;2;76;76;65m██[38;2;71;131;122m██[38;2;126;99;67m██[38;2;71;158;150m██[38;2;66;125;117m██[38;2;65;123;115m████[38;2;120;109;78m██[38;2;75;165;154m██[38;2;82;159;146m██[38;2;70;145;137m██[38;2;91;75;60m██[38;2;67;52;35m  [38;2;0;0;0m      
[38;2;0;0;0m    [38;2;11;21;19m  [38;2;17;15;13m  [38;2;71;120;110m██[38;2;67;114;108m██[38;2;71;103;95m██[38;2;66;123;115m██[38;2;65;122;115m██[38;2;65;79;78m██[38;2;73;122;111m██[38;2;69;130;122m██[38;2;80;91;79m██[38;2;93;119;102m██[38;2;47;51;46m██[38;2;0;0;0m        
[38;2;0;0;0m        [38;2;18;17;18m  [38;2;64;115;108m██[38;2;65;59;52m██[38;2;66;120;112m██[38;2;64;117;109m██[38;2;63;67;67m██[38;2;72;93;80m██[38;2;65;120;113m██[38;2;60;68;61m██[38;2;14;6;5m  [38;2;59;96;93m██[38;2;0;0;0m        
[38;2;0;0;0m          [38;2;14;27;25m  [38;2;6;6;6m  [38;2;63;117;109m██[38;2;70;113;106m██[38;2;20;18;17m██[38;2;8;16;15m  [38;2;63;118;110m██[38;2;6;12;12m  [38;2;0;0;0m  [38;2;10;19;18m  [38;2;0;0;0m        
[38;2;0;0;0m              [38;2;15;29;27m  [38;2;58;108;101m██[38;2;0;0;0m    [38;2;46;87;81m  [38;2;0;0;0m              
[38;2;0;0;0m              [38;2;15;29;27m  [38;2;8;16;15m  [38;2;0;0;0m                    [0m
