  [38;2;7;7;7m▄[38;2;7;7;7m▄[38;2;7;7;7m[48;2;82;82;82m▀[0m[38;2;7;7;7m[48;2;120;183;68m▀[0m[38;2;7;7;7m▄[38;2;7;7;7m▄ [38;2;7;7;7m▄[38;2;7;7;7m▄[38;2;7;7;7m[48;2;120;183;68m▀[0m[38;2;7;7;7m[48;2;82;82;82m▀[0m[38;2;7;7;7m▄[38;2;7;7;7m▄[38;2;7;7;7m▄   
[38;2;7;7;7m▄[38;2;7;7;7m[48;2;224;215;110m▀[0m[38;2;224;215;110m[48;2;224;215;110m▀[0m[38;2;224;215;110m[48;2;224;215;110m▀[0m[38;2;224;215;110m[48;2;224;215;110m▀[0m[38;2;82;82;82m[48;2;82;82;82m▀[0m[38;2;120;183;68m[48;2;120;183;68m▀[0m[38;2;120;183;68m[48;2;70;144;11m▀[0m[38;2;7;7;7m[48;2;70;144;11m▀[0m[38;2;120;183;68m[48;2;70;144;11m▀[0m[38;2;120;183;68m[48;2;120;183;68m▀[0m[38;2;120;183;68m[48;2;82;82;82m▀[0m[38;2;82;82;82m[48;2;176;161;94m▀[0m[38;2;224;215;110m[48;2;176;161;94m▀[0m[38;2;224;215;110m[48;2;224;215;110m▀[0m[38;2;224;215;110m[48;2;224;215;110m▀[0m[38;2;7;7;7m[48;2;224;215;110m▀[0m[38;2;7;7;7m▄ 
[38;2;7;7;7m▀[38;2;224;215;110m[48;2;7;7;7m▀[0m[38;2;224;215;110m[48;2;176;161;94m▀[0m[38;2;224;215;110m[48;2;176;161;94m▀[0m[38;2;176;161;94m[48;2;176;161;94m▀[0m[38;2;176;161;94m[48;2;82;82;82m▀[0m[38;2;82;82;82m[48;2;120;183;68m▀[0m[38;2;120;183;68m[48;2;120;183;68m▀[0m[38;2;120;183;68m[48;2;120;183;68m▀[0m[38;2;120;183;68m[48;2;120;183;68m▀[0m[38;2;70;144;11m[48;2;120;183;68m▀[0m[38;2;82;82;82m[48;2;70;144;11m▀[0m[38;2;176;161;94m[48;2;70;144;11m▀[0m[38;2;176;161;94m[48;2;176;161;94m▀[0m[38;2;224;215;110m[48;2;176;161;94m▀[0m[38;2;224;215;110m[48;2;224;215;110m▀[0m[38;2;224;215;110m[48;2;224;215;110m▀[0m[38;2;224;215;110m[48;2;224;215;110m▀[0m[38;2;7;7;7m[48;2;7;7;7m▀[0m
 [38;2;7;7;7m▀[38;2;7;7;7m▀[38;2;176;161;94m[48;2;7;7;7m▀[0m[38;2;82;82;82m[48;2;70;144;11m▀[0m[38;2;120;183;68m[48;2;120;183;68m▀[0m[38;2;120;183;68m[48;2;120;183;68m▀[0m[38;2;120;183;68m[48;2;82;82;82m▀[0m[38;2;82;82;82m[48;2;237;243;205m▀[0m[38;2;120;183;68m[48;2;82;82;82m▀[0m[38;2;120;183;68m[48;2;120;183;68m▀[0m[38;2;120;183;68m[48;2;120;183;68m▀[0m[38;2;120;183;68m[48;2;120;183;68m▀[0m[38;2;70;144;11m[48;2;120;183;68m▀[0m[38;2;176;161;94m[48;2;70;144;11m▀[0m[38;2;176;161;94m[48;2;82;82;82m▀[0m[38;2;176;161;94m[48;2;7;7;7m▀[0m[38;2;7;7;7m▀ 
  [38;2;7;7;7m▄[38;2;7;7;7m[48;2;120;183;68m▀[0m[38;2;120;183;68m[48;2;82;82;82m▀[0m[38;2;120;183;68m[48;2;82;82;82m▀[0m[38;2;82;82;82m[48;2;237;243;205m▀[0m[38;2;177;183;148m[48;2;237;243;205m▀[0m[38;2;237;243;205m[48;2;237;243;205m▀[0m[38;2;177;183;148m[48;2;237;243;205m▀[0m[38;2;82;82;82m[48;2;177;183;148m▀[0m[38;2;120;183;68m[48;2;82;82;82m▀[0m[38;2;120;183;68m[48;2;70;144;11m▀[0m[38;2;120;183;68m[48;2;120;183;68m▀[0m[38;2;120;183;68m[48;2;120;183;68m▀[0m[38;2;7;7;7m[48;2;7;7;7m▀[0m   
  [38;2;7;7;7m▀[38;2;7;7;7m[48;2;7;7;7m▀[0m[38;2;177;183;148m[48;2;82;82;82m▀[0m[38;2;82;82;82m[48;2;248;248;248m▀[0m[38;2;237;243;205m[48;2;82;82;82m▀[0m[38;2;237;243;205m[48;2;237;243;205m▀[0m[38;2;237;243;205m[48;2;237;243;205m▀[0m[38;2;237;243;205m[48;2;82;82;82m▀[0m[38;2;82;82;82m[48;2;248;248;248m▀[0m[38;2;177;183;148m[48;2;82;82;82m▀[0m[38;2;82;82;82m[48;2;237;243;205m▀[0m[38;2;82;82;82m[48;2;237;243;205m▀[0m[38;2;120;183;68m[48;2;7;7;7m▀[0m[38;2;120;183;68m[48;2;7;7;7m▀[0m[38;2;7;7;7m[48;2;7;7;7m▀[0m  
    [38;2;7;7;7m[48;2;7;7;7m▀[0m[38;2;248;248;248m[48;2;82;82;82m▀[0m[38;2;82;82;82m[48;2;237;243;205m▀[0m[38;2;237;243;205m[48;2;237;243;205m▀[0m[38;2;237;243;205m[48;2;237;243;205m▀[0m[38;2;82;82;82m[48;2;237;243;205m▀[0m[38;2;248;248;248m[48;2;82;82;82m▀[0m[38;2;82;82;82m[48;2;237;243;205m▀[0m[38;2;237;243;205m[48;2;177;183;148m▀[0m[38;2;177;183;148m[48;2;177;183;148m▀[0m[38;2;7;7;7m[48;2;7;7;7m▀[0m    
     [38;2;7;7;7m▀[38;2;177;183;148m[48;2;7;7;7m▀[0m[38;2;237;243;205m[48;2;82;82;82m▀[0m[38;2;237;243;205m[48;2;177;183;148m▀[0m[38;2;237;243;205m[48;2;177;183;148m▀[0m[38;2;177;183;148m[48;2;82;82;82m▀[0m[38;2;82;82;82m[48;2;120;183;68m▀[0m[38;2;82;82;82m[48;2;7;7;7m▀[0m[38;2;7;7;7m▀     
 [38;2;7;7;7m[48;2;7;7;7m▀[0m[38;2;7;7;7m[48;2;120;183;68m▀[0m[38;2;7;7;7m[48;2;120;183;68m▀[0m[38;2;7;7;7m[48;2;120;183;68m▀[0m[38;2;7;7;7m[48;2;120;183;68m▀[0m[38;2;70;144;11m[48;2;120;183;68m▀[0m[38;2;120;183;68m[48;2;82;82;82m▀[0m[38;2;82;82;82m[48;2;70;144;11m▀[0m[38;2;82;82;82m[48;2;120;183;68m▀[0m[38;2;120;183;68m[48;2;70;144;11m▀[0m[38;2;82;82;82m[48;2;82;82;82m▀[0m[38;2;120;183;68m[48;2;120;183;68m▀[0m[38;2;7;7;7m[48;2;120;183;68m▀[0m[38;2;7;7;7m[48;2;120;183;68m▀[0m[38;2;7;7;7m[48;2;120;183;68m▀[0m[38;2;7;7;7m▄[38;2;7;7;7m▄[38;2;7;7;7m▄
  [38;2;7;7;7m▀[38;2;120;183;68m[48;2;7;7;7m▀[0m[38;2;120;183;68m[48;2;82;82;82m▀[0m[38;2;120;183;68m[48;2;82;82;82m▀[0m[38;2;82;82;82m[48;2;70;144;11m▀[0m[38;2;82;82;82m[48;2;82;82;82m▀[0m[38;2;120;183;68m[48;2;120;183;68m▀[0m[38;2;70;144;11m[48;2;120;183;68m▀[0m[38;2;120;183;68m[48;2;120;183;68m▀[0m[38;2;120;183;68m[48;2;120;183;68m▀[0m[38;2;82;82;82m[48;2;82;82;82m▀[0m[38;2;120;183;68m[48;2;82;82;82m▀[0m[38;2;120;183;68m[48;2;70;144;11m▀[0m[38;2;120;183;68m[48;2;120;183;68m▀[0m[38;2;120;183;68m[48;2;120;183;68m▀[0m[38;2;120;183;68m[48;2;7;7;7m▀[0m[38;2;7;7;7m▀
    [38;2;7;7;7m[48;2;7;7;7m▀[0m[38;2;70;144;11m[48;2;82;82;82m▀[0m[38;2;82;82;82m[48;2;120;183;68m▀[0m[38;2;120;183;68m[48;2;120;183;68m▀[0m[38;2;120;183;68m[48;2;120;183;68m▀[0m[38;2;120;183;68m[48;2;70;144;11m▀[0m[38;2;120;183;68m[48;2;82;82;82m▀[0m[38;2;120;183;68m[48;2;120;183;68m▀[0m[38;2;82;82;82m[48;2;120;183;68m▀[0m[38;2;70;144;11m[48;2;82;82;82m▀[0m[38;2;82;82;82m[48;2;70;144;11m▀[0m[38;2;82;82;82m[48;2;7;7;7m▀[0m[38;2;7;7;7m▀  
  [38;2;7;7;7m[48;2;7;7;7m▀[0m[38;2;7;7;7m[48;2;177;183;148m▀[0m[38;2;70;144;11m[48;2;82;82;82m▀[0m[38;2;82;82;82m[48;2;120;183;68m▀[0m[38;2;120;183;68m[48;2;120;183;68m▀[0m[38;2;120;183;68m[48;2;7;7;7m▀[0m[38;2;70;144;11m[48;2;82;82;82m▀[0m[38;2;177;183;148m[48;2;177;183;148m▀[0m[38;2;82;82;82m[48;2;177;183;148m▀[0m[38;2;70;144;11m[48;2;82;82;82m▀[0m[38;2;120;183;68m[48;2;120;183;68m▀[0m[38;2;82;82;82m[48;2;120;183;68m▀[0m[38;2;70;144;11m[48;2;82;82;82m▀[0m[38;2;7;7;7m[48;2;177;183;148m▀[0m[38;2;7;7;7m▄  
   [38;2;7;7;7m▀[38;2;82;82;82m[48;2;7;7;7m▀[0m[38;2;120;183;68m[48;2;7;7;7m▀[0m[38;2;7;7;7m▀ [38;2;7;7;7m[48;2;7;7;7m▀[0m[38;2;177;183;148m[48;2;82;82;82m▀[0m[38;2;237;243;205m[48;2;237;243;205m▀[0m[38;2;7;7;7m[48;2;7;7;7m▀[0m[38;2;7;7;7m▀[38;2;120;183;68m[48;2;7;7;7m▀[0m[38;2;7;7;7m[48;2;7;7;7m▀[0m[38;2;7;7;7m▀[38;2;7;7;7m▀  
         [38;2;7;7;7m▀[38;2;7;7;7m▀        
[0m