
[38;2;0;0;0m            [38;2;50;50;33m██[38;2;0;0;0m                                      
[38;2;0;0;0m          [38;2;151;151;101m  [38;2;185;185;123m██[38;2;0;0;0m                                      
[38;2;0;0;0m    [38;2;61;61;41m██[38;2;84;84;61m██[38;2;22;22;14m  [38;2;207;207;138m██[38;2;22;22;20m  [38;2;67;67;44m  [38;2;224;224;150m██[38;2;39;39;26m  [38;2;0;0;0m                                
[38;2;0;0;0m  [38;2;0;2;10m  [38;2;104;96;52m██[38;2;112;111;90m██[38;2;230;230;153m██[38;2;123;122;97m██[38;2;230;230;154m██[38;2;241;241;161m██[38;2;76;75;71m██[38;2;15;14;15m  [38;2;0;0;0m                                
[38;2;0;0;0m  [38;2;0;1;6m  [38;2;224;202;89m██[38;2;247;244;150m██[38;2;251;232;87m██[38;2;249;240;132m██[38;2;249;238;120m██[38;2;172;172;124m██[38;2;247;247;165m██[38;2;185;185;131m██[38;2;101;101;67m  [38;2;0;0;0m  [38;2;24;11;13m  ██[38;2;0;0;0m                        
[38;2;0;0;0m    [38;2;63;55;8m██[38;2;255;223;32m██[38;2;255;222;32m████[38;2;253;229;65m████[38;2;201;201;140m██[38;2;65;65;65m██[38;2;0;0;0m    [38;2;214;105;115m██[38;2;53;26;28m██[38;2;0;0;0m  ██[38;2;160;78;86m██[38;2;0;0;0m    [38;2;191;112;110m██[38;2;0;0;0m      ██    
[38;2;0;0;0m    [38;2;20;16;1m  [38;2;211;180;19m██[38;2;246;211;28m██[38;2;112;94;19m██[38;2;185;162;38m██[38;2;248;163;80m██[38;2;243;172;106m██[38;2;228;221;123m██[38;2;130;126;73m██[38;2;111;70;71m██[38;2;144;74;81m██[38;2;88;68;70m██[38;2;90;64;63m██[38;2;113;86;86m██[38;2;144;74;81m██[38;2;72;42;45m██[38;2;164;101;100m██[38;2;98;62;61m██[38;2;0;0;0m  [38;2;87;42;47m  [38;2;111;54;60m██[38;2;24;11;13m  [38;2;0;0;0m    
[38;2;5;5;0m  [38;2;17;15;1m██[38;2;81;70;9m██[38;2;255;222;32m██[38;2;142;119;13m██[38;2;187;151;27m██[38;2;243;190;36m██[38;2;220;97;57m██[38;2;196;134;56m██[38;2;122;96;65m██[38;2;118;71;74m██[38;2;223;65;87m██[38;2;195;65;84m██[38;2;207;127;127m████[38;2;177;92;47m████[38;2;207;128;127m██[38;2;238;136;136m██[38;2;123;77;83m██[38;2;106;58;62m██[38;2;102;61;67m██[38;2;80;57;60m██[38;2;35;24;21m██[38;2;0;0;0m    
[38;2;63;55;8m██[38;2;231;202;28m██[38;2;255;221;31m██[38;2;173;151;32m██[38;2;224;183;54m██[38;2;171;118;60m██[38;2;215;135;63m██[38;2;161;149;55m██[38;2;147;109;26m██[38;2;137;105;63m██[38;2;237;158;83m██[38;2;186;128;92m██[38;2;113;65;72m██[38;2;197;147;115m██[38;2;195;132;50m██[38;2;212;173;95m██[38;2;217;155;101m██[38;2;138;95;79m██[38;2;176;64;81m██[38;2;211;74;93m██[38;2;81;99;93m██[38;2;152;56;69m██[38;2;65;49;49m██[38;2;62;83;79m██[38;2;86;28;35m██[38;2;0;5;3m  
[38;2;0;0;0m  [38;2;156;136;20m  [38;2;52;45;8m  [38;2;52;45;23m  [38;2;106;87;60m██[38;2;223;120;68m██[38;2;208;184;54m██[38;2;208;194;96m██[38;2;116;103;56m██[38;2;194;145;46m██[38;2;130;109;63m██[38;2;246;163;96m██[38;2;204;140;79m██[38;2;171;135;40m██[38;2;252;228;175m██[38;2;240;227;143m██[38;2;209;111;34m██[38;2;201;91;86m██[38;2;179;80;92m██[38;2;0;125;101m██[38;2;0;108;87m██[38;2;0;46;36m  [38;2;0;19;14m  [38;2;0;0;0m  [38;2;0;26;19m  [38;2;0;6;4m  
[38;2;0;0;0m        [38;2;191;119;78m██[38;2;223;171;48m██[38;2;153;117;72m██[38;2;183;171;99m██[38;2;139;130;78m██[38;2;242;213;47m██[38;2;242;205;36m██[38;2;207;158;48m██[38;2;231;218;119m██[38;2;243;239;153m██[38;2;238;220;137m██[38;2;212;139;49m██[38;2;195;77;93m██[38;2;16;129;105m██[38;2;92;104;98m██[38;2;43;84;76m██[38;2;0;0;0m            
[38;2;0;0;0m        [38;2;95;84;38m██[38;2;99;93;60m██[38;2;242;239;150m██[38;2;163;141;50m██[38;2;151;140;69m██[38;2;255;225;43m██[38;2;205;160;6m██[38;2;181;153;36m██[38;2;235;225;131m██[38;2;238;219;136m██[38;2;214;100;39m██[38;2;239;64;89m██[38;2;48;119;103m██[38;2;37;135;106m██[38;2;35;97;76m  [38;2;0;0;0m              
[38;2;0;0;0m        [38;2;212;184;33m██[38;2;221;194;37m██[38;2;94;92;78m██[38;2;151;116;15m██[38;2;248;244;148m██[38;2;137;131;82m██[38;2;117;102;48m██[38;2;216;182;30m██[38;2;203;168;41m██[38;2;241;228;145m██[38;2;154;132;28m██[38;2;43;121;103m██[38;2;195;95;102m██[38;2;75;165;134m██[38;2;0;0;0m                
[38;2;0;0;0m    [38;2;17;12;0m  [38;2;208;180;24m██[38;2;203;179;41m████[38;2;85;77;55m██[38;2;137;104;66m██[38;2;169;166;110m██[38;2;224;197;38m██[38;2;224;196;36m██[38;2;173;149;41m██[38;2;219;196;86m██[38;2;247;247;165m██[38;2;238;226;130m██[38;2;100;151;76m██[38;2;18;146;117m██[38;2;18;28;25m██[38;2;0;0;0m                
[38;2;0;0;0m    [38;2;47;35;0m██[38;2;238;202;24m██[38;2;113;104;57m████[38;2;232;212;142m██[38;2;121;94;78m██[38;2;242;212;35m██[38;2;255;222;32m████[38;2;113;104;57m██[38;2;246;246;165m██[38;2;207;175;52m██[38;2;190;157;28m██[38;2;62;129;60m██[38;2;1;132;106m██[38;2;1;31;25m██[38;2;0;0;0m                
[38;2;0;0;0m      [38;2;104;91;13m  [38;2;9;9;9m  [38;2;144;45;58m██[38;2;130;72;71m██[38;2;91;78;71m██[38;2;207;183;41m████[38;2;113;104;57m████[38;2;124;122;36m██[38;2;123;102;85m██[38;2;130;96;97m██[38;2;211;72;91m██[38;2;81;80;79m██[38;2;0;22;18m  [38;2;0;0;0m                
[38;2;0;0;0m          [38;2;0;48;42m██[38;2;146;55;67m██[38;2;195;204;142m██[38;2;65;65;65m██[38;2;207;192;90m██[38;2;65;65;65m████[38;2;59;116;102m██[38;2;239;65;89m██[38;2;179;82;94m██[38;2;0;134;107m██[38;2;0;100;80m██[38;2;0;0;0m                  
[38;2;0;0;0m          [38;2;0;22;19m  [38;2;4;44;39m██[38;2;18;87;78m██[38;2;148;147;110m██[38;2;163;126;93m██[38;2;255;189;104m██[38;2;190;131;93m██[38;2;122;78;84m██[38;2;113;100;99m██[38;2;141;92;96m██[38;2;157;88;95m██[38;2;0;45;36m  [38;2;0;0;0m                  
[38;2;0;0;0m          [38;2;15;6;7m  [38;2;176;92;100m██[38;2;79;67;69m██[38;2;0;88;74m██[38;2;0;22;18m  [38;2;0;0;0m    [38;2;7;0;0m  [38;2;1;93;75m  [38;2;0;122;98m██[38;2;0;115;89m██[38;2;0;6;5m  [38;2;0;0;0m                  
[38;2;0;0;0m          [38;2;66;26;29m  [38;2;65;26;29m██[38;2;77;38;41m██[38;2;0;0;0m          [38;2;86;39;46m  [38;2;39;58;53m██[38;2;42;75;71m██[38;2;0;74;61m██[38;2;0;0;0m                  
[38;2;0;0;0m                        [38;2;52;30;30m██[38;2;198;80;90m██[38;2;251;145;144m██[38;2;206;82;93m██[38;2;83;55;55m██[38;2;0;1;2m  [38;2;0;0;0m                
[38;2;0;0;0m                          [38;2;52;30;30m  [38;2;64;33;34m████[38;2;50;31;30m  [38;2;0;0;0m                  [0m
