
[38;2;0;0;0m                                [38;2;61;47;17m████[38;2;57;45;19m██[38;2;60;46;18m██[38;2;46;35;13m  [38;2;0;0;0m                          
[38;2;0;0;0m                            [38;2;46;35;13m  [38;2;184;141;51m██[38;2;231;177;65m██[38;2;181;153;62m██[38;2;177;151;66m██[38;2;230;177;67m██[38;2;34;26;9m  [38;2;0;0;0m                          
[38;2;0;0;0m                  [38;2;47;40;20m  [38;2;63;54;26m██[38;2;167;136;53m██[38;2;202;163;61m████[38;2;231;178;65m██[38;2;231;177;63m██[38;2;217;170;62m██[38;2;174;149;60m██[38;2;182;152;67m██[38;2;164;129;49m██[38;2;0;0;0m                            
[38;2;0;0;0m                [38;2;40;35;17m  [38;2;182;156;79m██[38;2;189;162;79m██[38;2;184;159;78m██[38;2;183;158;78m████[38;2;155;140;54m██[38;2;212;167;60m██[38;2;231;177;63m██[38;2;222;173;64m██[38;2;170;143;65m██[38;2;122;77;59m██[38;2;0;0;0m                            
[38;2;0;0;0m              [38;2;0;3;6m  [38;2;139;122;68m██[38;2;84;79;67m██[38;2;102;95;65m██[38;2;133;120;65m██[38;2;133;119;69m██[38;2;189;162;79m████[38;2;169;150;68m██[38;2;163;146;63m██[38;2;189;157;65m██[38;2;206;161;65m██[38;2;124;90;65m██[38;2;140;88;66m██[38;2;154;90;63m██[38;2;63;35;24m██[38;2;62;35;25m██[38;2;0;0;0m                    
[38;2;0;0;0m              [38;2;161;124;46m  [38;2;180;155;76m██[38;2;180;155;80m██[38;2;176;154;74m██[38;2;141;132;54m██[38;2;123;116;57m██[38;2;74;71;66m██[38;2;102;95;66m██[38;2;189;162;72m██[38;2;160;138;71m██[38;2;186;160;77m██[38;2;201;163;69m██[38;2;222;172;67m██[38;2;90;72;65m██[38;2;158;90;62m██[38;2;159;89;61m██[38;2;158;89;62m██[38;2;148;83;57m██[38;2;37;20;14m  [38;2;0;0;0m                
[38;2;0;0;0m  [38;2;80;62;23m  [38;2;107;84;30m██[38;2;107;83;30m██[38;2;128;101;38m██[38;2;190;158;60m██████[38;2;184;155;61m██[38;2;165;148;65m██[38;2;160;145;63m██[38;2;144;136;53m██[38;2;140;136;61m██[38;2;112;121;80m██[38;2;114;114;81m██[38;2;95;94;63m██[38;2;150;141;86m██[38;2;190;162;77m██[38;2;183;156;72m██[38;2;157;132;66m██[38;2;218;169;69m██[38;2;143;103;65m██[38;2;153;90;63m██[38;2;135;91;68m██[38;2;138;89;66m██[38;2;57;45;38m██[38;2;0;0;0m                
[38;2;0;0;0m    [38;2;38;33;11m██[38;2;149;133;56m██[38;2;178;151;60m██[38;2;178;155;74m██[38;2;189;162;81m████[38;2;156;142;60m██[38;2;189;162;79m██[38;2;178;155;74m██[38;2;144;136;53m██[38;2;65;72;76m██[38;2;131;163;135m██[38;2;126;173;174m██[38;2;64;100;131m██[38;2;75;94;96m██[38;2;160;137;73m██[38;2;189;162;79m██[38;2;183;150;73m██[38;2;86;82;65m██[38;2;210;164;65m██[38;2;115;93;73m██[38;2;148;90;65m██[38;2;159;91;62m██[38;2;89;75;65m██[38;2;159;89;60m██[38;2;39;22;15m██[38;2;0;0;0m            
[38;2;0;0;0m        [38;2;22;18;9m  [38;2;88;75;38m████[38;2;163;140;68m██[38;2;189;162;79m████[38;2;133;126;54m██[38;2;85;100;92m██[38;2;112;160;158m██[38;2;113;159;161m██[38;2;81;122;140m██[38;2;205;99;155m██[38;2;102;90;67m██[38;2;102;93;67m██[38;2;124;110;70m██[38;2;159;140;69m██[38;2;192;162;78m██[38;2;147;128;72m██[38;2;164;132;65m██[38;2;190;142;68m██[38;2;139;96;70m██[38;2;159;89;63m██[38;2;89;70;64m██[38;2;159;89;62m██[38;2;140;79;56m██[38;2;20;11;8m  [38;2;0;0;0m        
[38;2;0;0;0m              [38;2;10;6;7m  [38;2;57;69;73m██[38;2;72;69;66m██[38;2;125;119;56m██[38;2;84;114;120m██[38;2;91;123;134m██[38;2;112;106;125m██[38;2;76;30;49m██[38;2;255;101;165m██[38;2;106;92;66m██[38;2;198;165;75m██[38;2;71;82;85m██[38;2;72;84;88m██[38;2;96;90;72m██[38;2;189;160;75m██[38;2;162;139;73m██[38;2;183;145;66m██[38;2;199;152;65m██[38;2;128;94;65m██[38;2;94;72;64m██[38;2;128;91;70m██[38;2;156;89;62m██[38;2;47;26;18m██[38;2;0;0;0m        
[38;2;0;0;0m              [38;2;69;99;107m██[38;2;93;100;88m██[38;2;159;139;68m██[38;2;108;104;58m██[38;2;85;82;62m██[38;2;74;105;117m██[38;2;118;94;113m██[38;2;255;101;165m██[38;2;165;93;138m██[38;2;91;99;91m██[38;2;127;121;83m██[38;2;75;105;116m██[38;2;80;119;133m██[38;2;85;123;137m██[38;2;107;104;80m██[38;2;192;162;75m██[38;2;152;132;75m██[38;2;118;108;60m██[38;2;163;128;69m██[38;2;138;90;68m██[38;2;158;93;63m██[38;2;139;91;67m██[38;2;152;90;63m██[38;2;0;0;0m        
[38;2;0;0;0m            [38;2;43;60;59m██[38;2;107;153;156m██[38;2;81;115;125m██[38;2;69;73;76m██[38;2;133;127;57m██[38;2;82;82;67m██[38;2;89;116;120m██[38;2;85;127;139m██[38;2;82;76;66m██[38;2;173;138;66m██[38;2;60;83;99m██[38;2;98;108;96m██[38;2;85;129;143m██[38;2;139;190;180m██[38;2;94;138;147m██[38;2;71;82;85m██[38;2;95;92;75m██[38;2;157;141;61m██[38;2;187;158;78m██[38;2;103;95;66m██[38;2;201;149;67m██[38;2;147;89;65m██[38;2;149;90;65m██[38;2;133;82;60m██[38;2;0;0;0m        
[38;2;0;0;0m          [38;2;33;32;33m  [38;2;127;175;171m██[38;2;98;142;153m██[38;2;106;151;158m██[38;2;73;112;135m██[38;2;84;89;86m██[38;2;84;93;94m██[38;2;178;155;83m██[38;2;79;98;102m██[38;2;107;102;78m██[38;2;103;130;127m██[38;2;107;142;143m██[38;2;105;150;158m██[38;2;139;190;181m██[38;2;102;127;123m██[38;2;123;164;158m██[38;2;80;105;111m██[38;2;88;128;137m██[38;2;101;100;81m██[38;2;192;162;76m██[38;2;181;156;73m██[38;2;179;144;65m██[38;2;144;106;69m██[38;2;145;83;58m██[38;2;104;64;49m██[38;2;0;0;0m        
[38;2;0;0;0m    [38;2;9;8;4m  [38;2;151;129;59m██[38;2;109;98;63m██[38;2;97;89;68m██[38;2;132;181;175m██[38;2;95;134;146m██[38;2;132;180;175m██[38;2;110;155;158m██[38;2;81;111;116m██[38;2;77;89;90m██[38;2;80;90;89m██[38;2;125;165;158m██[38;2;123;170;169m██[38;2;86;128;145m██[38;2;95;125;130m██[38;2;108;106;84m██[38;2;110;139;134m██[38;2;182;158;84m██[38;2;75;85;89m██[38;2;90;81;65m██[38;2;86;123;132m██[38;2;90;134;144m██[38;2;94;87;68m██[38;2;180;156;76m██[38;2;170;148;61m██[38;2;166;125;67m██[38;2;104;81;65m██[38;2;136;83;62m██[38;2;23;13;9m  [38;2;0;0;0m      
[38;2;0;0;1m  [38;2;63;72;75m  [38;2;133;120;53m██[38;2;162;143;68m██[38;2;158;139;67m██[38;2;74;71;66m██[38;2;80;99;103m██[38;2;130;179;174m██[38;2;129;177;173m██[38;2;139;190;181m██[38;2;101;148;153m██[38;2;102;148;153m██[38;2;103;148;153m████[38;2;117;164;166m██[38;2;134;183;177m██[38;2;121;158;152m██[38;2;180;150;76m██[38;2;81;98;99m██[38;2;185;159;81m██[38;2;107;105;85m██[38;2;189;158;74m██[38;2;70;89;96m██[38;2;97;143;150m██[38;2;82;107;111m██[38;2;147;141;86m██[38;2;186;159;74m██[38;2;171;148;60m██[38;2;84;67;65m██[38;2;128;89;68m██[38;2;106;68;49m██[38;2;0;0;0m      
[38;2;27;33;34m██[38;2;141;169;172m██[38;2;88;130;142m██[38;2;84;99;104m██[38;2;74;90;96m██[38;2;76;115;138m██[38;2;74;91;97m██[38;2;87;128;139m██[38;2;126;174;171m██[38;2;135;186;178m██[38;2;140;190;180m██[38;2;140;190;181m██[38;2;140;190;180m██[38;2;140;190;181m██[38;2;135;186;178m██[38;2;126;174;171m██[38;2;78;103;111m██[38;2;154;132;76m██[38;2;109;126;120m██[38;2;110;118;101m██[38;2;105;99;78m██[38;2;195;159;75m██[38;2;103;142;141m██[38;2;136;191;182m██[38;2;96;130;132m██[38;2;72;81;84m██[38;2;188;162;79m██[38;2;164;147;64m██[38;2;86;70;65m██[38;2;155;91;63m██[38;2;98;69;50m██[38;2;0;0;0m      
[38;2;23;33;36m██[38;2;93;132;145m██[38;2;95;129;143m██[38;2;77;112;135m██[38;2;89;131;145m██[38;2;85;126;142m██[38;2;78;109;122m██[38;2;73;89;94m██[38;2;89;133;144m██[38;2;97;141;149m██[38;2;99;144;151m████████[38;2;97;141;149m██[38;2;89;133;144m██[38;2;103;104;105m██[38;2;96;119;136m██[38;2;185;199;204m██[38;2;119;163;160m██[38;2;116;149;144m██[38;2;98;109;100m██[38;2;139;190;181m██[38;2;90;116;117m██[38;2;94;131;134m██[38;2;72;82;85m██[38;2;189;162;79m██[38;2;191;162;76m██[38;2;143;125;72m██[38;2;109;84;65m██[38;2;86;69;53m██[38;2;0;0;0m      
[38;2;0;0;0m  [38;2;44;66;73m  [38;2;69;98;106m██[38;2;74;113;134m██[38;2;90;132;145m██[38;2;93;132;145m██[38;2;44;68;77m██[38;2;82;123;133m██[38;2;79;80;76m██[38;2;104;111;100m██[38;2;83;116;124m██[38;2;92;133;144m██[38;2;93;133;145m██[38;2;93;132;145m██[38;2;87;128;137m██[38;2;69;76;78m██[38;2;84;127;141m██[38;2;84;125;141m██[38;2;68;106;132m██[38;2;152;179;187m██[38;2;145;181;184m██[38;2;139;190;181m██[38;2;95;117;115m██[38;2;95;120;119m██[38;2;107;147;146m██[38;2;78;99;105m██[38;2;151;132;68m██[38;2;162;144;65m██[38;2;160;137;75m██[38;2;100;85;69m██[38;2;55;45;36m  [38;2;0;0;0m      
[38;2;0;0;0m    [38;2;3;4;4m  [38;2;12;17;19m██████[38;2;0;0;0m  [38;2;8;13;14m  [38;2;235;218;162m██[38;2;234;218;163m██[38;2;189;177;138m██[38;2;69;74;76m██████[38;2;109;108;96m██[38;2;229;209;158m██[38;2;68;85;93m██[38;2;89;133;144m██[38;2;92;132;145m██[38;2;86;130;142m██[38;2;109;151;155m██[38;2;93;107;104m██[38;2;82;92;90m██[38;2;136;186;177m██[38;2;137;188;180m██[38;2;100;145;152m██[38;2;85;113;116m██[38;2;162;140;76m██[38;2;185;158;77m██[38;2;97;88;68m██[38;2;0;0;0m        
[38;2;0;0;0m                [38;2;178;164;121m██[38;2;168;163;138m██[38;2;255;235;171m██[38;2;255;235;172m██[38;2;220;206;158m██[38;2;255;235;171m████[38;2;175;165;134m██[38;2;226;207;156m██[38;2;141;133;107m██[38;2;82;105;113m██[38;2;80;106;112m██[38;2;141;133;108m██[38;2;165;169;137m██[38;2;131;165;161m██[38;2;110;146;143m██[38;2;117;156;151m██[38;2;140;190;181m██[38;2;83;116;124m██[38;2;158;137;75m██[38;2;189;162;78m██[38;2;77;69;49m██[38;2;0;0;0m        
[38;2;0;0;0m                [38;2;63;58;43m██[38;2;249;230;170m██[38;2;255;235;169m██[38;2;255;235;172m██[38;2;167;163;137m██[38;2;255;235;169m████[38;2;167;163;137m██[38;2;255;235;172m██[38;2;255;235;169m██[38;2;242;223;165m████[38;2;225;212;164m██[38;2;93;113;129m██[38;2;72;89;103m██[38;2;177;146;73m██[38;2;65;83;93m██[38;2;62;101;129m██[38;2;84;116;124m██[38;2;158;137;75m██[38;2;144;124;60m██[38;2;3;2;1m  [38;2;0;0;0m        
[38;2;0;0;0m                [38;2;41;38;30m██[38;2;232;215;160m████[38;2;157;147;117m██[38;2;153;143;115m██[38;2;118;113;97m██[38;2;188;175;135m██[38;2;255;235;170m████[38;2;214;201;156m██[38;2;200;190;151m██[38;2;197;186;147m██[38;2;104;113;113m██[38;2;128;177;173m██[38;2;121;158;152m██[38;2;189;149;65m██[38;2;132;124;88m██[38;2;130;178;174m██[38;2;75;91;102m██[38;2;122;117;85m██[38;2;154;137;74m██[38;2;10;15;17m  [38;2;0;0;0m        
[38;2;0;0;0m            [38;2;57;44;16m██[38;2;57;47;28m██[38;2;80;81;62m██[38;2;72;82;85m██[38;2;65;65;65m██[38;2;130;125;108m██[38;2;220;207;161m██[38;2;189;167;142m██[38;2;88;83;79m██[38;2;142;139;125m██[38;2;143;140;125m██[38;2;230;209;159m██[38;2;255;235;170m██[38;2;113;107;91m██[38;2;189;149;65m██[38;2;155;153;106m██[38;2;86;83;64m██[38;2;210;164;64m██[38;2;123;124;71m██[38;2;64;72;81m██[38;2;189;149;65m██[38;2;121;158;152m██[38;2;74;78;79m██[38;2;68;102;128m██[38;2;47;40;20m██[38;2;189;165;87m██[38;2;0;3;6m  [38;2;0;0;0m  
[38;2;0;0;0m            [38;2;26;20;7m  [38;2;200;157;59m██[38;2;150;129;56m██[38;2;88;80;65m██[38;2;182;166;122m██[38;2;110;105;91m██[38;2;187;166;139m██[38;2;206;178;147m██[38;2;137;123;108m██[38;2;136;132;122m██[38;2;241;220;165m██[38;2;96;92;85m██[38;2;229;212;157m██[38;2;84;89;91m██[38;2;211;176;81m██[38;2;90;88;72m██[38;2;107;97;63m██[38;2;165;146;54m██[38;2;187;156;80m██[38;2;130;117;80m██[38;2;211;164;64m██[38;2;117;137;126m██[38;2;61;74;91m██[38;2;113;126;111m██[38;2;118;125;105m██[38;2;128;116;69m██[38;2;76;66;33m  [38;2;0;0;0m  
[38;2;0;0;0m              [38;2;161;124;46m  [38;2;168;146;57m██[38;2;105;92;65m██[38;2;162;148;95m██[38;2;167;145;121m██[38;2;90;87;84m██[38;2;181;160;137m██[38;2;173;151;128m██[38;2;160;149;126m██[38;2;157;148;134m██[38;2;105;99;90m██[38;2;154;144;115m██[38;2;140;132;90m██[38;2;216;180;82m██[38;2;222;172;65m██[38;2;88;88;70m██[38;2;208;163;64m██[38;2;187;156;80m██[38;2;180;152;82m██[38;2;228;175;63m██[38;2;115;121;106m██[38;2;113;155;159m██[38;2;81;116;129m██[38;2;90;132;145m██[38;2;73;85;89m██[38;2;71;83;87m██[38;2;20;31;34m  
[38;2;0;0;0m              [38;2;0;0;6m  [38;2;153;118;52m██[38;2;173;139;65m██[38;2;123;112;56m██[38;2;98;89;63m██[38;2;107;98;90m██[38;2;99;98;93m██[38;2;142;127;111m██[38;2;164;144;123m██[38;2;142;127;111m██[38;2;203;179;147m██[38;2;65;65;65m██[38;2;121;158;152m██[38;2;107;93;65m████[38;2;121;158;152m██[38;2;189;149;65m██[38;2;126;120;89m██[38;2;72;92;112m██[38;2;189;149;65m██[38;2;120;158;152m████[38;2;83;116;124m██[38;2;93;133;145m██[38;2;51;72;78m██[38;2;27;39;42m  [38;2;0;0;0m  
[38;2;0;0;0m                [38;2;13;16;19m██[38;2;64;74;86m██[38;2;74;111;132m██[38;2;66;72;77m██[38;2;89;134;144m██[38;2;74;89;93m██[38;2;42;42;42m  [38;2;92;91;81m  [38;2;111;109;100m██[38;2;75;74;74m██[38;2;123;123;113m██[38;2;116;148;142m██[38;2;123;162;156m██████[38;2;163;158;100m██[38;2;87;118;125m██[38;2;139;190;180m██[38;2;91;108;106m██[38;2;140;190;180m██[38;2;34;40;39m  [38;2;0;0;0m          
[38;2;0;0;0m                [38;2;7;8;9m  [38;2;154;153;151m██[38;2;101;113;122m██[38;2;89;120;130m██[38;2;74;113;125m██[38;2;29;44;47m██[38;2;0;0;0m    [38;2;11;11;10m  [38;2;46;46;42m████[38;2;28;27;27m██[38;2;102;127;123m██[38;2;140;190;181m██[38;2;84;125;142m██[38;2;162;180;189m██[38;2;110;131;130m██[38;2;100;141;153m██[38;2;140;190;181m██[38;2;69;94;90m██[38;2;1;0;0m  [38;2;0;0;0m          
[38;2;0;0;0m                    [38;2;0;0;6m  [38;2;0;0;1m  [38;2;0;0;0m                [38;2;27;37;36m  [38;2;62;94;111m██[38;2;202;209;215m████[38;2;145;162;173m██[38;2;197;210;215m██[38;2;62;94;111m██[38;2;27;37;36m  [38;2;0;0;0m            
[38;2;0;0;0m                                            [38;2;50;50;50m        [38;2;0;0;0m                [0m
