
[38;2;0;0;0m                        [38;2;32;32;32m██[38;2;0;0;0m                    
[38;2;0;0;0m                        [38;2;128;128;128m██[38;2;0;0;0m                    
[38;2;0;0;0m                        [38;2;120;124;124m██[38;2;45;45;47m  [38;2;0;0;0m                  
[38;2;0;0;0m                [38;2;69;63;62m  [38;2;0;0;0m      [38;2;162;157;162m██[38;2;163;153;153m██[38;2;0;0;0m                  
[38;2;0;0;0m                [38;2;111;101;99m██[38;2;1;1;1m  [38;2;7;7;7m  [38;2;231;239;239m██[38;2;104;97;100m██[38;2;155;142;141m██[38;2;0;0;0m                  
[38;2;0;0;0m                [38;2;132;122;120m██[38;2;169;175;175m██[38;2;121;124;125m██[38;2;231;239;239m██[38;2;114;113;117m██[38;2;95;89;90m██[38;2;25;23;24m  [38;2;0;0;0m                
[38;2;0;0;0m              [38;2;91;94;100m██[38;2;165;167;170m██[38;2;230;239;238m██[38;2;154;157;157m██[38;2;231;239;239m██[38;2;124;124;129m██[38;2;160;146;144m██[38;2;135;136;140m██[38;2;0;0;0m                
[38;2;0;0;0m              [38;2;58;58;59m██[38;2;251;252;253m██[38;2;248;251;250m██[38;2;139;139;139m██[38;2;231;239;239m██[38;2;172;175;178m██[38;2;93;89;89m██[38;2;168;159;162m██[38;2;0;0;0m                
[38;2;0;0;0m              [38;2;71;71;73m██[38;2;199;200;202m██[38;2;191;190;193m██[38;2;65;65;65m██[38;2;233;240;241m██[38;2;189;192;195m██[38;2;81;80;83m██[38;2;160;149;151m██[38;2;0;0;0m                
[38;2;0;0;0m              [38;2;105;105;112m██[38;2;119;119;123m██[38;2;189;190;198m██[38;2;65;66;65m██[38;2;195;199;201m██[38;2;189;192;195m██[38;2;170;169;175m██[38;2;147;138;141m██[38;2;0;0;0m                
[38;2;0;0;0m            [38;2;45;45;48m██[38;2;69;70;70m██[38;2;187;190;187m██[38;2;111;111;111m██[38;2;160;162;160m██[38;2;189;190;198m██[38;2;189;192;195m██[38;2;188;187;191m██[38;2;141;133;138m██[38;2;147;136;136m██[38;2;0;0;0m              
[38;2;0;0;0m            [38;2;45;45;48m██[38;2;69;70;70m██[38;2;173;240;245m██[38;2;235;244;241m██[38;2;154;158;157m██[38;2;189;190;198m██[38;2;189;192;195m██[38;2;135;134;141m██[38;2;137;131;134m██[38;2;149;136;135m██[38;2;0;0;0m              
[38;2;0;0;0m            [38;2;38;40;43m██[38;2;81;98;98m██[38;2;160;237;244m██[38;2;120;234;246m██[38;2;67;151;162m██[38;2;189;190;198m██[38;2;189;192;195m██[38;2;135;134;141m██[38;2;163;151;151m██[38;2;104;104;112m██[38;2;0;0;0m              
[38;2;0;0;0m            [38;2;19;27;28m██[38;2;146;224;225m██[38;2;99;233;248m██[38;2;120;234;246m██[38;2;67;151;162m██[38;2;189;190;198m██[38;2;189;192;195m██[38;2;188;187;191m██[38;2;158;157;163m██[38;2;115;112;121m██[38;2;48;44;43m  [38;2;0;0;0m            
[38;2;0;0;0m            [38;2;19;27;28m██[38;2;128;196;197m██[38;2;187;239;242m██[38;2;194;240;241m██[38;2;138;170;174m██[38;2;158;158;165m██[38;2;189;192;195m████[38;2;147;148;154m██[38;2;165;150;147m██[38;2;64;58;57m██[38;2;0;0;0m            
[38;2;0;0;0m            [38;2;60;104;110m██[38;2;202;241;239m██[38;2;187;239;242m██[38;2;194;240;241m██[38;2;171;234;239m██[38;2;65;65;65m██[38;2;189;192;195m██[38;2;188;188;192m██[38;2;141;137;143m██[38;2;134;124;127m██[38;2;64;61;60m██[38;2;0;0;0m            
[38;2;0;0;0m            [38;2;116;134;134m██[38;2;80;231;250m██[38;2;99;233;248m██[38;2;120;234;246m██[38;2;111;236;249m██[38;2;65;65;65m██[38;2;189;192;195m██[38;2;188;187;191m██[38;2;144;140;145m██[38;2;189;183;183m██[38;2;68;64;65m██[38;2;0;0;0m            
[38;2;0;0;0m            [38;2;116;134;134m██[38;2;80;231;250m██[38;2;99;233;248m██[38;2;120;234;246m██[38;2;111;236;249m██[38;2;65;65;65m██[38;2;189;192;195m██[38;2;191;190;194m██[38;2;150;149;156m██[38;2;185;184;188m██[38;2;145;136;138m██[38;2;0;0;0m            
[38;2;0;0;0m  [38;2;36;38;38m  [38;2;157;161;165m██[38;2;183;184;192m██[38;2;47;47;49m██[38;2;63;62;63m██[38;2;140;217;230m██[38;2;227;239;239m██[38;2;231;238;238m████[38;2;231;239;239m██[38;2;65;65;65m██[38;2;189;192;195m██[38;2;183;182;184m██[38;2;196;201;203m██[38;2;143;143;149m██[38;2;155;141;139m██[38;2;35;32;32m  [38;2;0;0;0m          
[38;2;0;0;0m  [38;2;38;38;38m  [38;2;93;94;94m██[38;2;168;160;162m██[38;2;171;160;160m██[38;2;79;79;78m██[38;2;204;237;241m██[38;2;86;222;250m██[38;2;99;232;248m██[38;2;126;234;251m██[38;2;122;216;229m██[38;2;53;71;72m██[38;2;195;190;197m██[38;2;153;146;150m██[38;2;172;177;177m██[38;2;152;152;155m██[38;2;129;125;129m██[38;2;149;136;135m██[38;2;16;17;16m  [38;2;0;0;0m        
[38;2;12;13;12m  [38;2;64;63;63m██[38;2;149;136;135m██[38;2;163;150;150m██[38;2;130;120;119m██[38;2;170;172;172m██[38;2;234;237;237m██[38;2;237;243;243m██[38;2;237;245;243m██[38;2;239;239;240m██[38;2;227;239;240m██[38;2;171;193;194m██[38;2;111;108;111m██[38;2;195;190;198m██[38;2;121;116;123m██[38;2;198;204;205m██[38;2;150;149;153m██[38;2;68;68;68m██[38;2;46;101;124m██[38;2;16;20;22m  [38;2;10;11;11m  [38;2;151;151;156m██[38;2;0;0;0m  
[38;2;0;0;0m  [38;2;15;14;14m  [38;2;144;134;135m██[38;2;162;150;150m██[38;2;130;120;119m██[38;2;172;175;178m██[38;2;187;185;187m██[38;2;184;175;177m██[38;2;205;207;209m██[38;2;192;191;195m██[38;2;134;132;140m██[38;2;134;132;141m██[38;2;129;124;129m██[38;2;184;185;193m██[38;2;151;155;157m██[38;2;212;219;220m██[38;2;239;245;244m██[38;2;154;149;154m██[38;2;107;119;124m██[38;2;54;74;81m██[38;2;123;127;129m██[38;2;120;120;120m██[38;2;0;1;0m  
[38;2;0;0;0m      [38;2;102;92;91m  [38;2;108;108;111m██[38;2;172;176;179m██[38;2;97;104;108m██[38;2;93;129;134m██[38;2;145;143;151m██[38;2;188;191;194m██[38;2;156;189;197m██[38;2;86;178;200m██[38;2;152;153;156m██[38;2;84;84;85m██[38;2;226;229;229m██[38;2;251;251;251m██[38;2;127;126;127m██[38;2;162;162;169m██[38;2;108;109;111m██[38;2;164;150;148m██[38;2;162;150;150m████[38;2;42;39;39m██
[38;2;0;0;0m      [38;2;117;117;122m  [38;2;88;89;91m██[38;2;84;84;86m██[38;2;62;198;220m██[38;2;74;201;210m██[38;2;100;111;115m██[38;2;132;133;141m██[38;2;189;191;195m██[38;2;205;197;197m██[38;2;130;131;134m██[38;2;80;81;80m██[38;2;108;108;110m██[38;2;109;110;109m██[38;2;80;78;80m██[38;2;82;81;83m██[38;2;108;109;111m██[38;2;164;150;148m██[38;2;162;149;149m██[38;2;161;148;150m██[38;2;42;38;39m██
[38;2;0;0;0m      [38;2;159;159;165m██[38;2;78;79;80m██[38;2;74;109;112m██[38;2;61;203;221m██[38;2;55;216;244m██[38;2;87;181;193m██[38;2;132;129;134m██[38;2;118;122;131m██[38;2;172;171;177m██[38;2;146;147;151m██[38;2;65;65;65m██[38;2;88;88;91m██[38;2;68;69;68m██[38;2;65;64;65m██[38;2;65;65;65m██[38;2;130;120;120m██[38;2;164;150;149m██[38;2;154;143;145m██[38;2;141;134;138m██[38;2;29;29;32m██
[38;2;0;0;0m    [38;2;0;1;0m  [38;2;127;126;127m██[38;2;89;90;93m██[38;2;58;174;208m██[38;2;71;232;249m██[38;2;41;224;255m██[38;2;30;218;255m██[38;2;103;199;209m██[38;2;121;116;118m██[38;2;149;139;143m██[38;2;225;233;233m██[38;2;65;64;65m██[38;2;66;65;66m██[38;2;81;79;81m██[38;2;77;76;77m██[38;2;78;77;78m██[38;2;114;113;119m██[38;2;127;121;125m██[38;2;118;117;124m██[38;2;28;28;30m██[38;2;7;7;8m  
[38;2;0;0;0m    [38;2;5;5;5m  [38;2;132;127;125m██[38;2;132;127;131m██[38;2;96;95;97m██[38;2;80;186;204m██[38;2;63;208;229m██[38;2;31;145;191m██[38;2;17;122;166m██[38;2;39;108;135m██[38;2;117;136;144m██[38;2;217;224;225m██[38;2;231;239;238m██[38;2;171;172;172m██[38;2;107;108;109m████[38;2;189;192;195m██[38;2;106;107;108m██[38;2;74;75;78m  [38;2;0;0;0m      
[38;2;0;0;0m    [38;2;129;120;118m██[38;2;125;119;118m██[38;2;154;144;145m██[38;2;150;150;150m██[38;2;108;109;113m██[38;2;8;34;45m██[38;2;33;145;189m██[38;2;16;125;166m██[38;2;39;145;185m██[38;2;12;18;20m██[38;2;166;170;174m██[38;2;231;239;238m██[38;2;241;245;245m██[38;2;231;238;239m██[38;2;213;217;221m██[38;2;191;193;198m██[38;2;76;77;79m██[38;2;1;0;0m  [38;2;0;0;0m      
[38;2;0;0;0m        [38;2;121;112;112m██[38;2;123;112;111m██[38;2;0;0;0m            [38;2;108;111;115m██[38;2;230;239;238m██[38;2;206;211;213m██[38;2;220;227;228m██[38;2;161;162;168m██[38;2;130;130;137m██[38;2;111;113;115m██[38;2;0;0;0m        
[38;2;0;0;0m                        [38;2;24;24;25m  [38;2;199;203;206m██[38;2;193;196;199m██[38;2;220;227;228m██[38;2;106;104;108m██[38;2;32;33;33m██[38;2;143;144;149m██[38;2;117;117;122m  [38;2;0;0;0m      
[38;2;0;0;0m                              [38;2;145;146;152m██[38;2;102;103;107m██[38;2;0;0;0m            
[38;2;0;0;0m                              [38;2;4;4;4m  [38;2;47;47;49m██[38;2;0;0;0m            [0m
