
[38;2;0;0;0m          [38;2;1;1;1m  [38;2;64;63;66m████[38;2;0;0;0m  [38;2;1;1;1m  [38;2;64;63;66m████[38;2;31;31;32m  [38;2;1;1;1m  [38;2;0;0;0m                  
[38;2;0;0;0m        [38;2;2;2;2m  [38;2;157;155;162m██[38;2;170;167;175m██[38;2;222;219;230m██[38;2;104;102;107m  [38;2;172;169;178m  [38;2;155;152;160m██[38;2;64;63;66m██[38;2;207;204;214m██[38;2;6;6;6m  [38;2;0;0;0m                  
[38;2;0;0;0m        [38;2;87;85;90m██[38;2;187;184;194m██[38;2;3;3;3m  [38;2;59;58;61m  [38;2;104;102;107m  [38;2;172;169;178m  [38;2;34;34;35m  [38;2;0;0;0m  [38;2;96;94;99m  [38;2;227;224;235m██[38;2;3;3;3m  [38;2;0;0;0m                
[38;2;0;0;0m        [38;2;87;85;90m██[38;2;37;36;38m██[38;2;2;2;2m  [38;2;59;58;61m██[38;2;0;0;0m  [38;2;1;1;1m  [38;2;37;36;38m██[38;2;0;0;0m  [38;2;3;3;3m  [38;2;227;224;235m██[38;2;3;3;3m  [38;2;0;0;0m                
[38;2;0;0;0m        [38;2;2;2;2m  [38;2;207;204;214m██[38;2;56;55;55m██[38;2;213;90;88m██[38;2;3;3;3m  [38;2;1;1;1m    [38;2;62;28;28m██[38;2;34;34;35m  [38;2;214;209;218m██[38;2;3;3;3m  [38;2;0;0;0m                
[38;2;0;0;0m          [38;2;56;55;58m  [38;2;162;158;164m██[38;2;213;90;88m██[38;2;99;42;41m  [38;2;172;169;178m  [38;2;118;116;121m██[38;2;227;93;91m██[38;2;126;122;124m██[38;2;48;46;46m  [38;2;0;0;0m                  
[38;2;0;0;0m          [38;2;1;1;1m  [38;2;79;45;45m██[38;2;106;72;72m██[38;2;152;95;96m██[38;2;191;188;197m██[38;2;123;75;74m██[38;2;227;93;91m██[38;2;65;64;66m██[38;2;1;1;1m  [38;2;0;0;0m                  
[38;2;0;0;0m        [38;2;2;2;2m  [38;2;120;115;115m██[38;2;153;80;79m██[38;2;116;74;73m██[38;2;160;107;130m██[38;2;183;87;85m██[38;2;186;86;84m██[38;2;106;72;72m██[38;2;217;213;224m██[38;2;172;169;178m  [38;2;5;5;5m  [38;2;0;0;0m        [38;2;5;5;5m  [38;2;1;1;1m  [38;2;0;0;0m    
[38;2;0;0;0m        [38;2;67;64;64m██[38;2;80;79;79m██[38;2;94;90;77m██[38;2;228;116;163m██[38;2;209;85;125m██[38;2;113;79;92m██[38;2;154;71;77m██[38;2;220;187;202m██[38;2;237;234;246m██[38;2;191;187;196m██[38;2;181;97;130m██[38;2;6;6;6m  [38;2;0;0;0m  [38;2;5;5;5m  [38;2;46;29;32m██[38;2;200;99;115m██[38;2;99;50;58m██[38;2;43;23;26m  [38;2;0;0;0m  
[38;2;0;0;0m        [38;2;67;64;64m██[38;2;80;79;79m██[38;2;181;163;111m██[38;2;228;116;163m██[38;2;202;78;115m██[38;2;73;39;53m██[38;2;233;181;122m██[38;2;225;102;147m██[38;2;170;168;175m██[38;2;199;105;144m██[38;2;201;72;110m██[38;2;6;6;6m  [38;2;3;3;3m  [38;2;175;74;72m██[38;2;151;93;98m██[38;2;200;99;114m██[38;2;200;99;115m██[38;2;136;89;95m██[38;2;48;22;22m  
[38;2;0;0;0m        [38;2;2;2;2m  [38;2;97;70;81m██[38;2;178;160;104m██[38;2;112;83;91m██[38;2;161;106;119m██[38;2;212;205;199m██[38;2;193;172;108m██[38;2;144;50;69m██[38;2;171;154;166m██[38;2;170;46;71m██[38;2;168;58;89m██[38;2;4;4;4m  [38;2;38;18;17m  [38;2;142;57;64m██[38;2;151;93;98m██[38;2;168;96;108m██[38;2;163;96;106m██[38;2;142;94;100m██[38;2;56;29;29m██
[38;2;0;0;0m        [38;2;2;2;2m  [38;2;213;106;151m██[38;2;147;91;114m██[38;2;106;78;90m██[38;2;161;106;119m██[38;2;89;84;70m██[38;2;154;106;114m██[38;2;199;107;146m██[38;2;240;179;211m██[38;2;194;68;106m██[38;2;26;11;16m  [38;2;0;0;0m  [38;2;140;59;58m██[38;2;77;67;68m██[38;2;166;80;90m██[38;2;124;92;96m██[38;2;140;92;95m██[38;2;143;69;78m██[38;2;9;8;9m  
[38;2;0;0;0m          [38;2;44;42;42m  [38;2;195;192;201m████[38;2;167;125;145m██[38;2;242;149;191m██[38;2;220;113;159m██[38;2;243;121;173m██[38;2;194;125;151m██[38;2;5;5;5m  [38;2;0;0;0m  [38;2;17;14;15m██[38;2;127;94;102m██[38;2;173;87;99m██[38;2;21;21;21m  [38;2;120;37;45m██[38;2;40;15;17m  [38;2;4;4;4m  [38;2;0;0;0m  
[38;2;0;0;0m        [38;2;21;21;21m  [38;2;89;87;87m██[38;2;99;97;97m██[38;2;191;188;196m██[38;2;181;179;187m██[38;2;109;107;111m██[38;2;196;82;120m██[38;2;219;89;134m██[38;2;75;59;64m██[38;2;5;5;5m  [38;2;88;45;52m  [38;2;55;53;53m██[38;2;145;78;86m██[38;2;41;21;23m  [38;2;0;0;0m  [38;2;1;1;1m  [38;2;0;0;0m      
[38;2;0;0;0m    [38;2;21;12;15m  [38;2;29;24;26m██[38;2;134;55;62m██[38;2;129;54;61m██[38;2;137;72;78m██[38;2;89;62;64m██[38;2;126;67;83m██[38;2;174;75;107m██[38;2;134;72;90m██[38;2;65;65;65m██[38;2;126;57;63m██[38;2;69;66;66m██[38;2;113;70;74m██[38;2;120;37;45m██[38;2;50;17;20m  [38;2;0;0;0m            
[38;2;0;0;0m    [38;2;79;41;57m██[38;2;96;75;84m██[38;2;165;70;79m██[38;2;166;88;100m██[38;2;91;68;70m██[38;2;158;68;76m██[38;2;147;49;58m██[38;2;141;71;78m██[38;2;78;67;68m██[38;2;141;72;79m██[38;2;165;71;80m██[38;2;71;67;69m██[38;2;113;60;78m██[38;2;1;1;1m  [38;2;0;0;0m              
[38;2;0;0;0m    [38;2;59;31;43m  [38;2;233;116;165m██[38;2;107;65;69m██[38;2;171;94;106m██[38;2;170;93;94m██[38;2;88;74;75m██[38;2;99;74;78m██[38;2;76;72;74m██[38;2;178;93;93m██[38;2;151;79;87m██[38;2;102;69;72m██[38;2;220;90;136m██[38;2;241;117;161m██[38;2;6;6;6m  [38;2;0;0;0m              
[38;2;0;0;0m      [38;2;55;29;40m  [38;2;189;72;106m██[38;2;88;73;78m██[38;2;117;80;81m██[38;2;172;97;109m██[38;2;200;99;115m██[38;2;176;97;110m██[38;2;120;83;84m██[38;2;75;72;73m██[38;2;135;87;107m██[38;2;243;121;173m██[38;2;141;68;91m██[38;2;1;1;1m  [38;2;0;0;0m              
[38;2;0;0;0m    [38;2;2;2;2m  [38;2;145;63;90m██[38;2;149;73;98m██[38;2;102;69;80m██[38;2;168;75;105m██[38;2;90;62;65m██[38;2;102;69;80m████[38;2;154;73;100m██[38;2;65;65;65m██[38;2;217;84;109m██[38;2;226;106;154m██[38;2;10;10;10m  [38;2;1;1;1m  [38;2;0;0;0m              
[38;2;0;0;0m  [38;2;4;4;4m  [38;2;58;57;60m  [38;2;157;151;153m██[38;2;78;67;70m██[38;2;102;69;80m██[38;2;211;79;121m██[38;2;198;71;107m██[38;2;211;79;121m████[38;2;190;66;96m██[38;2;174;75;107m██[38;2;102;69;80m██[38;2;209;78;121m██[38;2;104;61;75m██[38;2;125;120;120m  [38;2;2;2;2m  [38;2;0;0;0m  [38;2;1;1;1m  [38;2;0;0;0m        
[38;2;14;13;13m  [38;2;152;145;145m██[38;2;208;202;207m██[38;2;238;234;246m██[38;2;129;125;127m██[38;2;232;228;238m██[38;2;103;102;103m██[38;2;94;92;92m██[38;2;129;85;99m██[38;2;174;75;107m██[38;2;94;92;92m██[38;2;65;65;65m██[38;2;181;173;173m██[38;2;109;107;110m██[38;2;181;179;187m██[38;2;194;186;189m██[38;2;101;97;97m██[38;2;61;59;59m██[38;2;51;49;49m  [38;2;0;0;0m        
[38;2;52;50;50m██[38;2;181;173;173m██[38;2;238;234;245m██[38;2;237;234;246m██[38;2;228;224;234m██[38;2;237;234;245m██[38;2;232;228;238m██[38;2;184;176;177m██[38;2;168;161;161m██[38;2;152;146;146m██[38;2;181;172;172m██[38;2;195;192;201m██[38;2;223;218;227m██[38;2;197;190;193m██[38;2;238;234;246m██[38;2;233;228;239m██[38;2;128;124;124m██[38;2;44;42;42m  [38;2;0;0;0m          
[38;2;1;1;1m  [38;2;143;136;136m██[38;2;194;186;189m██[38;2;235;231;242m██[38;2;237;234;246m██[38;2;238;234;246m██[38;2;238;234;245m██[38;2;185;178;179m██[38;2;205;199;204m██[38;2;238;234;246m██[38;2;238;234;245m██[38;2;238;234;246m██[38;2;237;234;246m██[38;2;235;231;242m██[38;2;205;198;203m██[38;2;177;169;169m██[38;2;56;54;54m  [38;2;0;0;0m            
[38;2;0;0;0m  [38;2;39;38;38m  [38;2;181;173;173m██[38;2;192;185;188m██[38;2;210;204;210m██[38;2;237;234;245m██[38;2;221;216;224m██[38;2;182;174;174m██[38;2;229;225;235m██[38;2;238;234;245m██[38;2;237;234;245m██[38;2;238;234;246m██[38;2;238;234;245m██[38;2;194;187;190m██[38;2;180;172;172m██[38;2;46;44;44m  [38;2;0;0;0m              
[38;2;0;0;0m    [38;2;45;43;43m  [38;2;137;131;131m██[38;2;180;172;172m██[38;2;143;136;136m██[38;2;137;131;131m██[38;2;177;169;169m██[38;2;162;154;154m██[38;2;178;175;183m██[38;2;201;197;206m██[38;2;181;173;173m████[38;2;131;126;126m  [38;2;5;5;5m  [38;2;0;0;0m                
[38;2;0;0;0m      [38;2;1;1;1m  [38;2;50;48;48m██[38;2;8;7;7m  [38;2;1;1;1m  [38;2;46;44;44m  [38;2;29;28;28m  [38;2;1;1;1m  [38;2;25;24;24m  [38;2;50;48;48m████[38;2;1;1;1m  [38;2;0;0;0m                  [0m
