
[38;2;0;0;0m                [38;2;40;20;12m  [38;2;0;0;0m                                  
[38;2;0;0;0m          [38;2;149;139;76m  [38;2;38;37;38m  [38;2;120;61;38m  [38;2;153;78;48m██[38;2;0;0;0m                                  
[38;2;0;0;0m      [38;2;58;54;24m  [38;2;255;238;95m██[38;2;211;198;65m██[38;2;131;83;65m██[38;2;173;95;65m██[38;2;205;105;65m██[38;2;98;50;31m██[38;2;46;23;14m  [38;2;0;0;0m                              
[38;2;0;0;0m  [38;2;131;105;50m  [38;2;40;31;17m  [38;2;226;210;72m██[38;2;246;223;74m██[38;2;195;158;80m██[38;2;89;71;65m██[38;2;188;173;65m██[38;2;118;79;64m██[38;2;207;105;63m██[38;2;26;13;8m  [38;2;0;0;0m                              
[38;2;0;0;0m  [38;2;159;127;61m██[38;2;191;163;93m██[38;2;254;236;75m██[38;2;234;204;73m██[38;2;255;238;65m████[38;2;207;191;65m██[38;2;109;72;67m██[38;2;158;90;63m██[38;2;160;85;54m██[38;2;71;70;64m██[38;2;85;85;77m██[38;2;21;21;19m  [38;2;0;0;0m  [38;2;0;1;2m  [38;2;106;102;91m██[38;2;246;246;222m██[38;2;205;205;185m██[38;2;21;21;19m  [38;2;0;0;0m            
[38;2;0;0;0m  [38;2;20;16;8m  [38;2;217;187;76m██[38;2;254;238;63m██[38;2;212;200;63m██[38;2;89;86;65m████[38;2;174;82;76m██[38;2;209;83;80m██[38;2;99;68;68m██[38;2;200;104;65m██[38;2;124;101;80m██[38;2;246;246;222m██[38;2;221;221;200m██[38;2;0;0;0m  [38;2;37;36;34m  [38;2;174;159;141m██[38;2;229;226;203m████[38;2;87;83;79m██[38;2;0;0;0m            
[38;2;0;0;0m  [38;2;87;86;91m██[38;2;151;141;69m██[38;2;132;128;107m██[38;2;93;86;87m██[38;2;141;100;101m██[38;2;222;217;214m██[38;2;216;106;105m██[38;2;163;74;76m██[38;2;128;82;65m██[38;2;178;96;63m██[38;2;118;82;64m██[38;2;204;197;175m██[38;2;224;219;197m██[38;2;212;205;184m██[38;2;246;246;222m██[38;2;181;173;158m██[38;2;120;116;117m██[38;2;138;128;115m██[38;2;171;156;136m██[38;2;145;133;116m██[38;2;16;15;13m  [38;2;24;24;21m  [38;2;96;96;86m██[38;2;149;149;135m██[38;2;37;37;33m  
[38;2;45;44;47m  [38;2;195;189;203m██[38;2;188;182;195m██[38;2;194;191;202m██[38;2;85;62;66m██[38;2;149;62;74m██[38;2;179;77;87m██[38;2;220;84;85m██[38;2;214;84;82m██[38;2;163;69;75m██[38;2;95;69;66m██[38;2;120;80;66m██[38;2;236;235;211m██[38;2;241;240;213m██[38;2;245;245;222m██[38;2;240;243;222m██[38;2;106;105;107m██[38;2;152;157;162m██[38;2;91;87;82m██[38;2;171;156;136m██[38;2;172;157;137m██[38;2;160;146;128m██[38;2;159;147;129m██[38;2;59;56;50m██[38;2;0;0;0m    
[38;2;49;48;51m██[38;2;178;178;188m██[38;2;145;151;156m██[38;2;191;188;200m██[38;2;179;175;186m██[38;2;135;76;87m██[38;2;186;65;84m██[38;2;171;62;79m██[38;2;209;76;84m██[38;2;168;78;77m██[38;2;138;77;68m██[38;2;98;78;65m██[38;2;153;136;118m██[38;2;178;176;159m██[38;2;133;135;135m██[38;2;90;92;89m██[38;2;162;165;167m██[38;2;112;118;120m██[38;2;96;99;101m██[38;2;96;91;83m██[38;2;172;157;137m██[38;2;115;105;92m██[38;2;71;66;58m  [38;2;0;0;0m      
[38;2;49;48;51m██[38;2;150;157;162m██[38;2;185;174;141m██[38;2;139;146;149m██[38;2;199;194;207m██[38;2;97;96;100m██[38;2;191;62;89m██[38;2;191;62;87m██[38;2;70;64;65m██[38;2;129;70;73m██[38;2;156;88;61m██[38;2;102;80;66m██[38;2;144;133;119m██[38;2;66;64;65m██[38;2;116;120;122m██[38;2;159;161;171m██[38;2;134;138;145m██[38;2;132;142;145m██[38;2;104;110;112m██[38;2;1;1;1m  [38;2;7;6;6m██[38;2;1;1;1m  [38;2;0;0;0m        
[38;2;25;25;26m    [38;2;61;56;49m██[38;2;83;80;74m██[38;2;182;177;183m██[38;2;133;125;117m██[38;2;145;62;79m██[38;2;148;68;77m██[38;2;125;76;68m██[38;2;161;91;63m██[38;2;158;91;65m██[38;2;147;136;118m██[38;2;113;109;102m██[38;2;124;128;131m██[38;2;109;115;118m██[38;2;135;145;147m██[38;2;101;106;108m████[38;2;128;126;131m██[38;2;102;101;106m██[38;2;0;0;0m            
[38;2;0;0;0m    [38;2;39;22;15m██[38;2;156;89;63m██[38;2;94;98;83m██[38;2;205;188;139m██[38;2;95;68;72m██[38;2;87;75;73m██[38;2;205;105;64m██[38;2;208;105;63m████[38;2;109;80;66m██[38;2;73;71;68m██[38;2;164;166;177m██[38;2;164;169;177m██[38;2;69;73;71m██[38;2;197;197;211m██[38;2;197;194;205m██[38;2;0;0;0m████            
[38;2;0;0;0m    [38;2;159;89;61m██[38;2;128;84;65m██[38;2;189;171;129m██[38;2;211;194;143m██[38;2;202;167;133m██[38;2;174;95;64m██[38;2;206;105;63m██[38;2;208;105;63m████[38;2;159;91;65m██[38;2;143;141;143m██[38;2;140;147;153m██[38;2;96;98;101m██[38;2;97;98;101m██[38;2;113;75;59m██[38;2;7;7;8m  [38;2;0;0;0m                
[38;2;0;0;0m  [38;2;117;66;48m██[38;2;159;90;62m██[38;2;102;81;66m██[38;2;254;234;171m████[38;2;212;195;146m██[38;2;175;97;64m██[38;2;207;104;63m██[38;2;205;104;62m██[38;2;207;104;63m██[38;2;113;83;64m██[38;2;140;85;64m██[38;2;69;65;64m██[38;2;159;89;61m██[38;2;193;101;64m██[38;2;205;105;64m██[38;2;53;28;18m██[38;2;0;0;0m                
[38;2;0;0;0m  [38;2;50;29;21m  [38;2;148;89;61m██[38;2;164;145;110m██[38;2;254;234;171m██[38;2;254;234;169m██[38;2;212;195;146m██[38;2;138;87;64m██[38;2;172;94;63m██[38;2;159;89;63m██[38;2;165;93;65m██[38;2;123;85;63m██[38;2;159;90;61m██[38;2;159;89;63m██[38;2;140;93;69m██[38;2;197;102;64m██[38;2;207;105;63m██[38;2;159;91;65m██[38;2;39;36;52m  [38;2;0;0;0m              
[38;2;0;0;0m    [38;2;133;80;56m██[38;2;188;167;145m██[38;2;113;108;101m████[38;2;187;173;141m██[38;2;77;73;70m██[38;2;132;85;66m██[38;2;137;86;65m██[38;2;134;85;66m██[38;2;139;89;65m██[38;2;89;55;43m██[38;2;35;20;14m  [38;2;46;23;14m  [38;2;202;102;62m██[38;2;207;105;63m██[38;2;195;102;65m██[38;2;50;46;59m██[38;2;0;0;0m              
[38;2;0;0;0m    [38;2;38;28;28m██[38;2;87;72;67m██[38;2;193;187;186m████[38;2;92;91;104m██[38;2;56;55;54m██[38;2;127;85;65m██[38;2;115;84;64m██[38;2;136;86;64m██[38;2;85;49;35m██[38;2;0;2;4m  [38;2;0;0;0m    [38;2;90;60;48m██[38;2;125;83;73m██[38;2;96;80;100m██[38;2;82;68;72m██[38;2;24;13;9m  [38;2;0;0;0m            
[38;2;0;0;0m    [38;2;76;52;48m██[38;2;67;61;60m██[38;2;93;92;95m██[38;2;111;104;133m██[38;2;90;91;103m  [38;2;0;0;1m  [38;2;36;21;15m██[38;2;147;87;61m██[38;2;146;86;63m██[38;2;144;85;64m██[38;2;6;6;6m  [38;2;0;0;0m      [38;2;61;58;58m██[38;2;77;67;64m██[38;2;159;89;61m██[38;2;97;72;63m██[38;2;15;8;5m  [38;2;0;0;0m          
[38;2;0;0;0m    [38;2;51;38;38m██[38;2;80;68;66m██[38;2;65;64;65m██[38;2;33;32;33m██[38;2;0;0;0m    [38;2;52;52;52m██[38;2;83;85;83m██[38;2;65;64;65m████[38;2;48;48;48m██[38;2;0;0;0m      [38;2;39;22;15m██[38;2;129;87;92m██[38;2;149;89;72m██[38;2;149;88;70m██[38;2;41;23;15m  [38;2;0;0;0m          
[38;2;6;6;6m  [38;2;18;18;20m██[38;2;151;89;70m████[38;2;151;85;60m██[38;2;32;18;13m  [38;2;0;0;0m    [38;2;60;56;56m██[38;2;81;68;64m████[38;2;89;60;49m██[38;2;20;17;18m  [38;2;0;0;0m      [38;2;127;130;141m██[38;2;127;131;143m██[38;2;107;100;129m██[38;2;74;76;77m██[38;2;0;0;0m            
[38;2;34;35;39m██[38;2;104;105;117m██[38;2;123;116;132m██[38;2;99;86;115m██[38;2;36;20;14m██[38;2;0;0;0m      [38;2;32;21;22m██[38;2;128;86;88m████[38;2;133;87;85m██[38;2;35;21;14m  [38;2;0;0;0m      [38;2;38;39;43m██[38;2;38;40;43m██[38;2;32;30;39m██[38;2;10;11;11m  [38;2;0;0;0m            
[38;2;0;0;0m                [38;2;172;164;174m██[38;2;170;162;174m██[38;2;132;114;127m██[38;2;121;97;104m██[38;2;0;0;0m                            
[38;2;0;0;0m                [38;2;40;41;41m██[38;2;39;38;41m██[38;2;32;31;33m██[38;2;10;10;11m  [38;2;0;0;0m                            [0m
