
[38;2;0;0;0m                          [38;2;11;17;10m  [38;2;5;8;4m██[38;2;0;0;0m                  
[38;2;0;0;0m                          [38;2;87;131;77m██[38;2;5;8;4m  [38;2;0;0;0m                  
[38;2;0;0;0m      [38;2;12;20;16m  [38;2;14;22;18m██[38;2;0;0;0m            [38;2;0;0;1m  [38;2;98;166;106m██[38;2;76;114;67m  [38;2;0;0;0m                    
[38;2;0;0;0m      [38;2;12;20;16m  [38;2;32;52;42m██[38;2;43;70;55m██[38;2;20;33;26m  [38;2;0;0;0m        [38;2;14;24;21m  [38;2;83;136;112m██[38;2;0;0;0m        [38;2;110;166;98m████[38;2;48;72;42m  [38;2;0;0;0m        
[38;2;0;0;0m          [38;2;41;68;54m  [38;2;56;91;73m██[38;2;13;21;17m  [38;2;0;0;0m      [38;2;36;59;51m██[38;2;70;113;99m██[38;2;0;0;0m    [38;2;71;111;70m██[38;2;147;224;132m██[38;2;57;86;51m  [38;2;0;0;0m            
[38;2;0;0;0m            [38;2;36;59;47m██[38;2;56;91;72m██[38;2;16;27;21m  [38;2;0;0;0m    [38;2;87;140;119m██[38;2;19;32;27m██[38;2;0;0;0m  [38;2;55;96;76m  [38;2;96;160;114m██[38;2;41;70;44m██[38;2;0;0;0m    [38;2;24;38;31m  [38;2;42;68;55m██████[38;2;11;18;15m  
[38;2;30;45;26m  [38;2;110;166;98m██[38;2;115;180;109m██[38;2;99;166;125m██[38;2;58;94;80m██[38;2;21;35;30m██[38;2;44;50;48m██[38;2;56;84;71m██[38;2;56;92;73m██[38;2;12;19;15m  [38;2;10;14;12m  [38;2;59;83;71m██[38;2;25;35;29m██[38;2;42;67;58m██[38;2;86;140;122m██[38;2;73;102;92m██[38;2;18;21;20m██[38;2;34;55;45m██[38;2;56;93;73m██[38;2;48;79;63m██[38;2;38;61;49m  [38;2;0;0;0m      
[38;2;0;0;0m    [38;2;7;12;10m  [38;2;20;35;30m██[38;2;51;81;70m██[38;2;89;140;122m██[38;2;94;136;95m██[38;2;123;175;111m██[38;2;62;71;67m██[38;2;52;87;71m██[38;2;56;68;63m██[38;2;58;88;74m██[38;2;64;73;69m██[38;2;86;140;122m██[38;2;72;91;85m██[38;2;61;73;67m██[38;2;56;86;72m██[38;2;63;70;67m██[38;2;54;77;54m██[38;2;8;10;10m  [38;2;0;0;0m        
[38;2;0;0;0m          [38;2;5;0;0m  [38;2;64;87;79m██[38;2;72;89;79m██[38;2;130;194;123m██[38;2;69;90;80m██[38;2;60;75;69m██[38;2;56;84;71m██[38;2;77;123;109m██[38;2;72;115;98m██[38;2;64;67;65m██[38;2;68;91;75m██[38;2;85;103;81m██[38;2;141;212;129m██[38;2;126;182;114m██[38;2;48;72;42m  [38;2;0;0;0m        
[38;2;0;0;0m            [38;2;7;12;9m  [38;2;62;106;87m██[38;2;74;98;90m██[38;2;72;104;90m██[38;2;67;87;78m██[38;2;56;89;73m██[38;2;67;98;86m██[38;2;63;68;66m██[38;2;118;165;107m██[38;2;121;174;112m██[38;2;81;107;89m██[38;2;79;94;86m██[38;2;64;63;64m██[38;2;21;21;21m  [38;2;0;0;0m        
[38;2;0;0;0m          [38;2;50;45;34m  [38;2;76;71;60m██[38;2;64;65;65m██[38;2;55;88;73m██[38;2;61;73;68m██[38;2;59;77;69m██[38;2;62;70;67m██[38;2;56;85;72m██[38;2;83;121;94m██[38;2;86;130;110m██[38;2;67;71;70m██[38;2;70;83;79m██[38;2;77;110;100m██[38;2;86;139;119m██[38;2;67;112;83m██[38;2;104;175;111m██[38;2;110;166;98m██[38;2;0;0;0m    
[38;2;0;0;0m        [38;2;67;61;45m  [38;2;203;186;138m██[38;2;205;187;139m██[38;2;163;151;117m██[38;2;63;68;66m██[38;2;54;90;73m████[38;2;56;81;69m██[38;2;72;110;97m██[38;2;68;92;78m██[38;2;77;113;101m██[38;2;84;129;114m██[38;2;89;141;123m██[38;2;21;35;30m██[38;2;21;34;29m  [38;2;0;0;1m    [38;2;0;0;0m      
[38;2;0;0;0m      [38;2;131;108;94m██[38;2;205;186;139m██[38;2;205;187;139m████[38;2;202;185;137m██[38;2;106;100;86m██[38;2;100;95;83m██[38;2;100;94;83m██[38;2;58;84;72m██[38;2;65;85;75m██[38;2;66;102;88m██[38;2;79;122;108m██[38;2;74;78;71m██[38;2;59;50;37m██[38;2;0;0;0m              
[38;2;0;0;0m      [38;2;45;41;31m██[38;2;205;188;139m████[38;2;205;186;139m██[38;2;104;98;85m██[38;2;170;155;120m██[38;2;205;188;139m██[38;2;205;186;139m██[38;2;170;155;120m██[38;2;89;91;77m██[38;2;56;84;71m██[38;2;154;143;112m██[38;2;183;168;127m██[38;2;205;188;139m██[38;2;153;139;104m██[38;2;0;0;0m            
[38;2;0;0;0m        [38;2;89;81;60m██[38;2;205;185;139m██[38;2;131;119;103m██[38;2;255;249;179m██[38;2;242;235;173m██[38;2;188;172;166m██[38;2;162;139;128m██[38;2;183;165;144m██[38;2;205;188;139m██[38;2;108;102;88m██[38;2;189;167;129m██[38;2;188;172;140m██[38;2;161;155;134m██[38;2;237;227;165m██[38;2;251;246;201m██[38;2;27;27;22m  [38;2;0;0;0m        
[38;2;0;0;0m        [38;2;144;123;100m██[38;2;205;185;139m██[38;2;151;148;117m██[38;2;254;249;179m██[38;2;204;193;152m██[38;2;227;227;227m██[38;2;195;195;192m██[38;2;161;133;103m██[38;2;132;126;103m██[38;2;206;198;147m██[38;2;221;211;203m██[38;2;211;206;200m██[38;2;210;185;147m██[38;2;254;249;179m██[38;2;255;250;186m██[38;2;111;109;81m██[38;2;0;0;0m        
[38;2;0;0;0m        [38;2;176;159;119m██[38;2;67;64;66m██[38;2;186;181;138m██[38;2;254;249;179m██[38;2;217;207;159m██[38;2;237;233;227m██[38;2;244;239;228m██[38;2;210;195;156m██[38;2;108;106;91m██[38;2;255;249;179m██[38;2;222;210;153m██[38;2;214;196;144m██[38;2;208;193;171m██[38;2;222;211;158m██[38;2;159;136;114m██[38;2;179;157;123m██[38;2;0;0;0m        
[38;2;0;0;0m        [38;2;22;20;15m  [38;2;64;55;64m██[38;2;159;142;118m██[38;2;254;249;179m████[38;2;237;230;190m██[38;2;244;235;178m██[38;2;255;249;179m██[38;2;181;178;135m██[38;2;157;154;120m██[38;2;254;249;179m████[38;2;225;214;159m██[38;2;223;212;158m██[38;2;217;203;149m██[38;2;118;108;80m██[38;2;0;0;0m        
[38;2;0;0;0m            [38;2;199;182;163m██[38;2;161;107;95m██[38;2;162;104;105m██[38;2;153;93;100m██[38;2;145;107;104m██[38;2;235;220;159m██[38;2;205;188;139m██[38;2;109;107;91m██[38;2;247;242;175m██[38;2;254;249;179m██[38;2;243;235;170m██[38;2;224;212;155m██[38;2;203;185;138m██[38;2;67;61;45m  [38;2;0;0;0m        
[38;2;0;0;0m            [38;2;26;21;20m  [38;2;207;176;142m██[38;2;217;95;118m██[38;2;184;74;97m██[38;2;192;147;128m██[38;2;206;186;141m██[38;2;124;115;97m██[38;2;102;90;88m██[38;2;64;62;47m██[38;2;124;117;86m██[38;2;205;187;139m██[38;2;131;119;89m██[38;2;50;45;34m  [38;2;0;0;0m          
[38;2;0;0;0m                [38;2;80;32;42m  [38;2;143;46;67m██[38;2;159;118;100m██[38;2;85;78;77m██[38;2;123;110;101m██[38;2;70;61;59m  [38;2;0;0;0m                    
[38;2;0;0;0m                    [38;2;13;14;11m  [38;2;114;96;86m██[38;2;118;96;82m██[38;2;0;0;0m                      
[38;2;0;0;0m                      [38;2;169;156;136m██[38;2;152;131;121m██[38;2;0;0;0m                      
[38;2;0;0;0m                      [38;2;128;112;96m██[38;2;129;108;86m██[38;2;0;0;0m                      
[38;2;0;0;0m                      [38;2;171;151;131m██[38;2;172;157;134m██[38;2;0;0;0m                      
[38;2;0;0;0m                    [38;2;88;78;67m  [38;2;129;113;95m██[38;2;129;109;86m██[38;2;88;80;71m  [38;2;0;0;0m      [38;2;42;68;55m██[38;2;0;0;0m    [38;2;67;130;92m████[38;2;0;0;0m    
[38;2;0;0;0m                  [38;2;64;59;49m██[38;2;195;175;145m██[38;2;197;175;145m██[38;2;173;156;135m██[38;2;172;157;137m██[38;2;25;22;19m██[38;2;0;0;0m    [38;2;20;32;26m  [38;2;67;67;62m██[38;2;62;101;79m██[38;2;74;115;93m██[38;2;15;24;19m  [38;2;0;0;0m    
[38;2;0;0;0m                  [38;2;137;118;94m██[38;2;194;172;144m██[38;2;198;174;145m██[38;2;173;157;134m██[38;2;129;108;87m██[38;2;127;115;100m██[38;2;0;0;0m      [38;2;25;21;23m██[38;2;91;86;80m██[38;2;168;205;143m██[38;2;54;67;45m  [38;2;0;0;0m    
[38;2;0;0;0m                [38;2;101;91;81m██[38;2;165;149;127m██[38;2;127;107;87m████[38;2;129;109;87m██[38;2;172;157;134m██[38;2;155;142;125m██[38;2;20;17;16m  [38;2;0;0;0m  [38;2;23;19;18m  [38;2;177;156;138m██[38;2;114;106;97m██[38;2;163;200;142m██[38;2;201;250;169m██[38;2;0;0;0m    
[38;2;0;0;0m              [38;2;2;2;2m  [38;2;84;74;66m██[38;2;135;116;95m██[38;2;172;157;136m██[38;2;171;157;137m██[38;2;172;157;137m██[38;2;129;108;86m██[38;2;84;77;70m██[38;2;95;83;78m██[38;2;75;61;58m██[38;2;119;101;94m██[38;2;167;154;135m██[38;2;118;133;107m██[38;2;164;206;147m██[38;2;190;238;161m██[38;2;0;0;0m    
[38;2;0;0;0m              [38;2;135;110;104m██[38;2;103;85;77m██[38;2;120;103;92m██[38;2;116;96;83m██[38;2;118;96;82m████[38;2;110;101;96m██[38;2;139;118;112m██[38;2;109;94;93m██[38;2;134;111;108m██[38;2;91;74;71m██[38;2;0;0;0m  [38;2;69;86;62m  [38;2;122;154;110m██[38;2;43;54;39m  [38;2;0;0;0m    
[38;2;0;0;0m              [38;2;31;25;24m██[38;2;131;108;103m██[38;2;116;100;90m██[38;2;85;76;75m██[38;2;137;117;116m██[38;2;97;81;81m██[38;2;153;140;123m██[38;2;172;156;134m██[38;2;139;124;109m██[38;2;38;32;31m██[38;2;0;0;0m              
[38;2;0;0;0m            [38;2;26;25;23m  [38;2;126;107;106m██[38;2;84;78;76m██[38;2;89;80;78m██[38;2;70;62;61m██[38;2;0;2;4m  [38;2;0;0;0m  [38;2;129;115;99m██[38;2;128;108;87m██[38;2;145;125;105m██[38;2;10;10;10m██[38;2;0;0;0m              
[38;2;0;0;0m            [38;2;26;25;23m  [38;2;35;33;31m██[38;2;146;124;117m██[38;2;123;100;102m██[38;2;10;8;8m  [38;2;0;0;0m    [38;2;115;106;96m██[38;2;90;86;81m██[38;2;88;84;79m██[38;2;126;116;104m██[38;2;0;0;0m              
[38;2;0;0;0m                          [38;2;131;125;119m██[38;2;153;138;118m██[38;2;147;134;118m██[38;2;131;125;119m██[38;2;0;0;0m              
[38;2;0;0;0m                          [38;2;21;19;18m  [38;2;33;28;23m██[38;2;42;38;34m██[38;2;5;3;3m  [38;2;0;0;0m              [0m
