
[38;2;0;0;0m                          [38;2;12;18;10m  [38;2;5;8;5m██[38;2;0;0;0m                  
[38;2;0;0;0m                          [38;2;128;192;113m██[38;2;21;32;19m██[38;2;0;0;0m                  
[38;2;0;0;0m                        [38;2;38;58;34m  [38;2;101;152;90m██[38;2;0;0;0m                    
[38;2;0;0;0m      [38;2;44;71;58m  [38;2;49;79;64m██[38;2;1;1;1m  [38;2;0;0;0m            [38;2;72;128;93m██[38;2;12;19;11m  [38;2;0;0;0m                    
[38;2;0;0;0m        [38;2;14;23;19m  [38;2;56;90;73m██[38;2;39;63;51m██[38;2;0;0;0m        [38;2;20;32;27m██[38;2;88;149;121m██[38;2;0;0;0m    [38;2;24;39;24m  [38;2;60;91;54m██[38;2;118;178;105m██[38;2;87;130;77m██[38;2;38;57;33m  [38;2;0;0;0m        
[38;2;0;0;0m          [38;2;2;4;3m  [38;2;56;93;73m██[38;2;50;80;65m  [38;2;0;0;0m      [38;2;83;134;115m██[38;2;23;37;32m██[38;2;0;0;0m    [38;2;114;180;109m██[38;2;147;222;131m██[38;2;4;6;3m  [38;2;0;0;0m            
[38;2;19;28;17m  [38;2;71;107;63m████[38;2;45;79;58m██[38;2;23;43;32m  [38;2;0;0;0m  [38;2;47;55;51m██[38;2;56;93;73m██[38;2;39;63;50m██[38;2;0;0;0m    [38;2;72;117;99m██[38;2;40;50;46m██[38;2;13;21;18m  [38;2;80;129;110m██[38;2;80;133;108m██[38;2;34;36;35m██[38;2;13;21;17m  [38;2;27;43;35m██[38;2;44;70;57m██[38;2;54;86;70m██[38;2;29;47;38m████[38;2;7;12;10m  
[38;2;0;0;0m    [38;2;31;49;42m  [38;2;85;137;118m██[38;2;86;139;120m██[38;2;87;140;123m██[38;2;83;102;89m██[38;2;61;76;72m██[38;2;56;83;72m██[38;2;46;77;63m██[38;2;43;51;47m██[38;2;56;93;73m██[38;2;63;70;67m██[38;2;86;141;123m██[38;2;85;139;122m██[38;2;64;64;65m██[38;2;54;89;73m██[38;2;54;90;73m████[38;2;24;39;31m  [38;2;0;0;0m        
[38;2;0;0;0m        [38;2;16;27;24m  [38;2;38;62;54m██[38;2;87;124;100m██[38;2;102;135;100m██[38;2;105;155;107m██[38;2;56;80;77m██[38;2;62;73;67m██[38;2;56;88;72m██[38;2;73;99;90m██[38;2;80;132;114m██[38;2;65;71;69m██[38;2;60;74;69m██[38;2;59;76;69m██[38;2;110;151;101m██[38;2;110;150;100m██[38;2;35;53;31m  [38;2;0;0;0m        
[38;2;0;0;0m            [38;2;28;40;36m  [38;2;96;134;102m██[38;2;83;114;95m██[38;2;90;134;102m██[38;2;58;83;72m██[38;2;56;85;72m██[38;2;78;120;106m██[38;2;59;82;70m██[38;2;71;76;70m██[38;2;97;137;97m██[38;2;140;208;125m██[38;2;120;173;112m██[38;2;56;62;71m██[38;2;2;2;2m  [38;2;0;0;0m        
[38;2;0;0;0m            [38;2;21;20;21m  [38;2;60;75;67m██[38;2;63;92;80m██[38;2;62;79;72m██[38;2;68;78;75m██[38;2;59;77;69m██[38;2;54;91;73m██[38;2;80;94;78m██[38;2;118;171;112m██[38;2;87;111;93m██[38;2;65;65;66m██[38;2;71;87;82m██[38;2;78;112;101m██[38;2;65;108;86m██[38;2;92;138;81m████[38;2;0;0;0m    
[38;2;0;0;0m        [38;2;14;13;9m  [38;2;201;182;136m██[38;2;205;187;139m██[38;2;86;82;76m██[38;2;59;77;69m██[38;2;54;91;73m██[38;2;56;93;73m██[38;2;61;72;67m██[38;2;59;78;68m██[38;2;76;118;104m██[38;2;68;77;75m██[38;2;75;101;93m██[38;2;86;140;120m██[38;2;73;117;100m██[38;2;71;115;98m  [38;2;0;0;0m          
[38;2;0;0;0m      [38;2;81;61;58m  [38;2;169;154;115m██[38;2;205;187;139m██[38;2;205;188;139m██[38;2;202;183;137m██[38;2;103;97;85m██[38;2;61;72;67m██[38;2;62;72;67m██[38;2;54;89;73m██[38;2;62;101;84m██[38;2;64;100;84m██[38;2;81;137;120m██[38;2;71;87;82m██[38;2;29;45;39m██[38;2;0;0;0m              
[38;2;0;0;0m      [38;2;141;127;95m██[38;2;205;186;139m██[38;2;204;188;139m██[38;2;204;187;139m██[38;2;168;154;119m██[38;2;108;107;91m██[38;2;254;249;179m██[38;2;254;249;180m██[38;2;108;106;91m██[38;2;70;92;76m██[38;2;60;86;73m██[38;2;97;103;84m██[38;2;166;163;126m██[38;2;254;249;180m██[38;2;59;58;44m██[38;2;0;0;0m            
[38;2;0;0;0m        [38;2;116;106;78m██[38;2;205;188;139m██[38;2;149;137;109m██[38;2;213;209;154m██[38;2;254;249;179m████████[38;2;220;217;159m██[38;2;110;114;92m██[38;2;248;243;176m██[38;2;254;249;179m██[38;2;163;141;117m██[38;2;255;250;191m██[38;2;191;187;154m  [38;2;0;0;0m          
[38;2;0;0;0m        [38;2;111;99;76m██[38;2;205;188;139m██[38;2;129;127;107m██[38;2;254;249;179m██[38;2;218;214;170m██[38;2;183;178;149m██[38;2;216;204;153m██[38;2;225;214;159m██[38;2;210;206;153m██[38;2;164;160;132m██[38;2;179;160;139m██[38;2;130;128;126m██[38;2;227;219;192m██[38;2;244;237;188m██[38;2;254;249;179m██[38;2;111;109;78m██[38;2;0;0;0m        
[38;2;0;0;0m        [38;2;197;178;134m██[38;2;89;86;78m██[38;2;163;160;125m██[38;2;254;249;179m██[38;2;254;252;208m██[38;2;34;33;33m██[38;2;234;229;228m██[38;2;199;176;132m██[38;2;108;106;91m██[38;2;254;249;181m██[38;2;254;249;184m██[38;2;202;178;142m██[38;2;243;233;167m██[38;2;253;244;178m██[38;2;148;123;108m██[38;2;162;141;112m██[38;2;0;0;0m        
[38;2;0;0;0m        [38;2;56;50;38m  [38;2;66;65;65m██[38;2;208;194;146m██[38;2;254;249;179m██[38;2;254;251;198m██[38;2;255;253;213m██[38;2;228;213;170m██[38;2;255;249;179m██[38;2;149;141;112m██[38;2;205;201;150m██[38;2;254;248;179m██[38;2;254;249;179m██[38;2;180;161;129m██[38;2;175;155;126m██[38;2;235;221;159m██[38;2;161;146;109m██[38;2;0;0;0m        
[38;2;0;0;0m          [38;2;5;5;5m  [38;2;216;207;192m██[38;2;139;112;100m████████[38;2;244;237;171m██[38;2;206;187;139m██[38;2;124;121;100m██[38;2;254;249;179m██████[38;2;232;222;162m██[38;2;205;187;139m██[38;2;89;81;60m██[38;2;0;0;0m        
[38;2;0;0;0m            [38;2;74;69;59m██[38;2;234;149;139m██[38;2;255;121;139m██[38;2;219;100;121m██[38;2;191;139;139m██[38;2;205;187;139m  [38;2;160;147;117m██[38;2;104;96;84m██[38;2;158;146;113m██[38;2;192;188;142m██[38;2;206;190;140m██[38;2;161;147;109m██[38;2;111;100;75m  [38;2;0;0;0m          
[38;2;0;0;0m              [38;2;65;61;58m██[38;2;150;135;107m██[38;2;205;184;138m██[38;2;204;185;139m██[38;2;67;66;66m██[38;2;101;83;72m██[38;2;120;97;86m██[38;2;135;113;111m██[38;2;40;39;40m██[38;2;3;3;2m██[38;2;1;1;1m  [38;2;0;0;0m            
[38;2;0;0;0m              [38;2;45;43;44m██[38;2;126;117;104m██[38;2;120;112;100m  ██[38;2;170;156;135m██[38;2;158;137;128m██[38;2;123;105;90m██[38;2;93;81;69m██[38;2;0;0;0m                  
[38;2;0;0;0m            [38;2;71;58;58m██[38;2;133;112;101m██[38;2;95;81;67m██[38;2;118;96;74m████[38;2;116;94;73m██[38;2;114;92;72m██[38;2;115;97;96m██[38;2;157;144;121m██[38;2;107;98;86m██[38;2;0;0;0m                
[38;2;0;0;0m            [38;2;23;19;15m  [38;2;127;103;96m██[38;2;115;101;95m██[38;2;108;100;95m██[38;2;138;123;115m██[38;2;139;115;112m██[38;2;106;93;87m██[38;2;115;104;94m██[38;2;172;157;137m████[38;2;72;60;49m██[38;2;0;0;0m              
[38;2;0;0;0m            [38;2;77;68;65m██[38;2;74;70;70m██[38;2;75;71;66m██[38;2;100;88;80m██[38;2;17;17;17m  [38;2;0;0;0m    [38;2;141;126;108m██[38;2;122;101;78m████[38;2;148;135;118m██[38;2;0;0;0m              
[38;2;0;0;0m            [38;2;59;57;57m██[38;2;208;200;199m██[38;2;126;106;104m██[38;2;40;33;30m  [38;2;0;0;0m      [38;2;108;100;88m██[38;2;101;95;83m████[38;2;111;102;90m██[38;2;0;0;0m              
[38;2;0;0;0m              [38;2;6;0;0m  [38;2;2;0;0m  [38;2;0;0;0m        [38;2;134;125;111m██[38;2;152;140;120m██[38;2;146;136;119m██[38;2;135;125;110m██[38;2;0;0;0m              
[38;2;0;0;0m                          [38;2;23;21;21m  [38;2;36;29;29m██[38;2;47;40;40m██[38;2;4;4;4m  [38;2;0;0;0m              [0m
