 [38;2;7;7;7m▄[38;2;7;7;7m▄[38;2;7;7;7m▄   [38;2;7;7;7m▄[38;2;7;7;7m[48;2;66;66;66m▀[0m[38;2;7;7;7m[48;2;79;91;103m▀[0m[38;2;7;7;7m[48;2;66;66;66m▀[0m[38;2;7;7;7m▄  [38;2;7;7;7m▄[38;2;7;7;7m▄[38;2;7;7;7m▄               
[38;2;7;7;7m[48;2;7;7;7m▀[0m[38;2;66;66;66m[48;2;79;91;103m▀[0m[38;2;79;91;103m[48;2;79;91;103m▀[0m[38;2;66;66;66m[48;2;79;91;103m▀[0m[38;2;7;7;7m[48;2;7;7;7m▀[0m  [38;2;7;7;7m[48;2;7;7;7m▀[0m[38;2;79;91;103m[48;2;66;66;66m▀[0m[38;2;79;91;103m[48;2;79;91;103m▀[0m[38;2;79;91;103m[48;2;66;66;66m▀[0m[38;2;7;7;7m[48;2;7;7;7m▀[0m [38;2;7;7;7m[48;2;7;7;7m▀[0m[38;2;86;52;47m[48;2;131;83;54m▀[0m[38;2;131;83;54m[48;2;131;83;54m▀[0m[38;2;86;52;47m[48;2;131;83;54m▀[0m[38;2;7;7;7m[48;2;7;7;7m▀[0m              
[38;2;7;7;7m▀[38;2;66;66;66m[48;2;7;7;7m▀[0m[38;2;79;91;103m[48;2;66;66;66m▀[0m[38;2;66;66;66m[48;2;79;91;103m▀[0m[38;2;7;7;7m[48;2;7;7;7m▀[0m  [38;2;7;7;7m▄[38;2;7;7;7m[48;2;66;66;66m▀[0m[38;2;79;91;103m[48;2;79;91;103m▀[0m[38;2;7;7;7m[48;2;7;7;7m▀[0m [38;2;7;7;7m▄[38;2;7;7;7m[48;2;86;52;47m▀[0m[38;2;86;52;47m[48;2;131;83;54m▀[0m[38;2;131;83;54m[48;2;7;7;7m▀[0m[38;2;86;52;47m[48;2;7;7;7m▀[0m[38;2;7;7;7m▀              
  [38;2;7;7;7m▀[38;2;79;91;103m[48;2;7;7;7m▀[0m[38;2;79;91;103m[48;2;66;66;66m▀[0m[38;2;7;7;7m[48;2;79;91;103m▀[0m[38;2;7;7;7m[48;2;79;91;103m▀[0m[38;2;79;91;103m[48;2;79;91;103m▀[0m[38;2;66;66;66m[48;2;66;66;66m▀[0m[38;2;79;91;103m[48;2;79;91;103m▀[0m[38;2;66;66;66m[48;2;66;66;66m▀[0m[38;2;7;7;7m[48;2;79;91;103m▀[0m[38;2;58;34;33m[48;2;86;52;47m▀[0m[38;2;86;52;47m[48;2;7;7;7m▀[0m[38;2;7;7;7m▀                 
  [38;2;7;7;7m▄[38;2;7;7;7m[48;2;79;91;103m▀[0m[38;2;79;91;103m[48;2;79;91;103m▀[0m[38;2;79;91;103m[48;2;79;91;103m▀[0m[38;2;79;91;103m[48;2;79;91;103m▀[0m[38;2;79;91;103m[48;2;79;91;103m▀[0m[38;2;79;91;103m[48;2;79;91;103m▀[0m[38;2;79;91;103m[48;2;79;91;103m▀[0m[38;2;79;91;103m[48;2;79;91;103m▀[0m[38;2;79;91;103m[48;2;230;190;117m▀[0m[38;2;79;91;103m[48;2;254;232;156m▀[0m[38;2;79;91;103m[48;2;79;91;103m▀[0m[38;2;7;7;7m[48;2;86;52;47m▀[0m[38;2;7;7;7m▄                
 [38;2;7;7;7m▄[38;2;7;7;7m[48;2;79;91;103m▀[0m[38;2;79;91;103m[48;2;66;66;66m▀[0m[38;2;66;66;66m[48;2;66;66;66m▀[0m[38;2;66;66;66m[48;2;189;197;197m▀[0m[38;2;66;66;66m[48;2;189;197;197m▀[0m[38;2;66;66;66m[48;2;66;66;66m▀[0m[38;2;79;91;103m[48;2;66;66;66m▀[0m[38;2;79;91;103m[48;2;66;66;66m▀[0m[38;2;79;91;103m[48;2;79;91;103m▀[0m[38;2;254;232;156m[48;2;254;232;156m▀[0m[38;2;248;248;248m[48;2;7;7;7m▀[0m[38;2;254;232;156m[48;2;7;7;7m▀[0m[38;2;79;91;103m[48;2;254;232;156m▀[0m[38;2;7;7;7m[48;2;86;52;47m▀[0m[38;2;7;7;7m▄               
 [38;2;7;7;7m[48;2;7;7;7m▀[0m[38;2;66;66;66m[48;2;66;66;66m▀[0m[38;2;189;197;197m[48;2;66;66;66m▀[0m[38;2;66;66;66m[48;2;254;232;156m▀[0m[38;2;248;248;248m[48;2;66;66;66m▀[0m[38;2;66;66;66m[48;2;254;232;156m▀[0m[38;2;66;66;66m[48;2;66;66;66m▀[0m[38;2;189;197;197m[48;2;248;248;248m▀[0m[38;2;189;197;197m[48;2;66;66;66m▀[0m[38;2;66;66;66m[48;2;66;66;66m▀[0m[38;2;79;91;103m[48;2;66;66;66m▀[0m[38;2;254;232;156m[48;2;79;91;103m▀[0m[38;2;7;7;7m[48;2;254;232;156m▀[0m[38;2;254;232;156m[48;2;230;190;117m▀[0m[38;2;79;91;103m[48;2;79;91;103m▀[0m[38;2;7;7;7m[48;2;7;7;7m▀[0m               
[38;2;7;7;7m▄[38;2;7;7;7m[48;2;66;66;66m▀[0m[38;2;254;232;156m[48;2;230;190;117m▀[0m[38;2;254;232;156m[48;2;254;232;156m▀[0m[38;2;254;232;156m[48;2;254;232;156m▀[0m[38;2;254;232;156m[48;2;254;232;156m▀[0m[38;2;66;66;66m[48;2;149;148;146m▀[0m[38;2;66;66;66m[48;2;248;248;248m▀[0m[38;2;149;148;146m[48;2;7;7;7m▀[0m[38;2;248;248;248m[48;2;248;248;248m▀[0m[38;2;253;147;51m[48;2;253;147;51m▀[0m[38;2;66;66;66m[48;2;253;147;51m▀[0m[38;2;79;91;103m[48;2;66;66;66m▀[0m[38;2;79;91;103m[48;2;79;91;103m▀[0m[38;2;79;91;103m[48;2;79;91;103m▀[0m[38;2;79;91;103m[48;2;79;91;103m▀[0m[38;2;7;7;7m[48;2;7;7;7m▀[0m               
[38;2;7;7;7m[48;2;7;7;7m▀[0m[38;2;247;148;153m[48;2;247;148;153m▀[0m[38;2;191;93;105m[48;2;247;148;153m▀[0m[38;2;254;232;156m[48;2;247;148;153m▀[0m[38;2;254;232;156m[48;2;247;148;153m▀[0m[38;2;230;190;117m[48;2;191;93;105m▀[0m[38;2;253;147;51m[48;2;253;147;51m▀[0m[38;2;7;7;7m[48;2;253;147;51m▀[0m[38;2;7;7;7m[48;2;253;147;51m▀[0m[38;2;253;147;51m[48;2;253;147;51m▀[0m[38;2;253;147;51m[48;2;66;66;66m▀[0m[38;2;217;109;64m[48;2;66;66;66m▀[0m[38;2;66;66;66m[48;2;66;66;66m▀[0m[38;2;79;91;103m[48;2;79;91;103m▀[0m[38;2;79;91;103m[48;2;79;91;103m▀[0m[38;2;7;7;7m[48;2;7;7;7m▀[0m                
 [38;2;7;7;7m▀[38;2;247;148;153m[48;2;7;7;7m▀[0m[38;2;247;148;153m[48;2;7;7;7m▀[0m[38;2;247;148;153m[48;2;191;93;105m▀[0m[38;2;191;93;105m[48;2;253;147;51m▀[0m[38;2;253;147;51m[48;2;253;147;51m▀[0m[38;2;253;147;51m[48;2;66;66;66m▀[0m[38;2;66;66;66m[48;2;248;248;248m▀[0m[38;2;66;66;66m[48;2;66;66;66m▀[0m[38;2;248;248;248m[48;2;189;197;197m▀[0m[38;2;189;197;197m[48;2;66;66;66m▀[0m[38;2;66;66;66m[48;2;79;91;103m▀[0m[38;2;79;91;103m[48;2;58;34;33m▀[0m[38;2;58;34;33m[48;2;58;34;33m▀[0m[38;2;86;52;47m[48;2;86;52;47m▀[0m[38;2;7;7;7m[48;2;230;190;117m▀[0m[38;2;7;7;7m▄      [38;2;7;7;7m▄   [38;2;7;7;7m▄   
    [38;2;7;7;7m▀[38;2;7;7;7m▀[38;2;7;7;7m▀[38;2;66;66;66m[48;2;7;7;7m▀[0m[38;2;189;197;197m[48;2;7;7;7m▀[0m[38;2;189;197;197m[48;2;58;34;33m▀[0m[38;2;66;66;66m[48;2;58;34;33m▀[0m[38;2;58;34;33m[48;2;217;109;64m▀[0m[38;2;58;34;33m[48;2;86;52;47m▀[0m[38;2;86;52;47m[48;2;86;52;47m▀[0m[38;2;58;34;33m[48;2;58;34;33m▀[0m[38;2;58;34;33m[48;2;86;52;47m▀[0m[38;2;7;7;7m[48;2;230;190;117m▀[0m[38;2;7;7;7m▄[38;2;7;7;7m▄ [38;2;7;7;7m▄[38;2;7;7;7m[48;2;254;232;156m▀[0m[38;2;7;7;7m▄[38;2;7;7;7m[48;2;86;52;47m▀[0m[38;2;254;232;156m[48;2;86;52;47m▀[0m[38;2;7;7;7m[48;2;58;34;33m▀[0m[38;2;7;7;7m▄[38;2;7;7;7m[48;2;86;52;47m▀[0m[38;2;254;232;156m[48;2;86;52;47m▀[0m[38;2;7;7;7m[48;2;7;7;7m▀[0m  
         [38;2;7;7;7m▀[38;2;217;109;64m[48;2;7;7;7m▀[0m[38;2;86;52;47m[48;2;86;52;47m▀[0m[38;2;86;52;47m[48;2;86;52;47m▀[0m[38;2;86;52;47m[48;2;86;52;47m▀[0m[38;2;86;52;47m[48;2;131;83;54m▀[0m[38;2;58;34;33m[48;2;131;83;54m▀[0m[38;2;86;52;47m[48;2;131;83;54m▀[0m[38;2;58;34;33m[48;2;86;52;47m▀[0m[38;2;230;190;117m[48;2;86;52;47m▀[0m[38;2;7;7;7m[48;2;131;83;54m▀[0m[38;2;86;52;47m[48;2;131;83;54m▀[0m[38;2;86;52;47m[48;2;131;83;54m▀[0m[38;2;131;83;54m[48;2;217;109;64m▀[0m[38;2;131;83;54m[48;2;253;147;51m▀[0m[38;2;131;83;54m[48;2;253;147;51m▀[0m[38;2;131;83;54m[48;2;253;147;51m▀[0m[38;2;131;83;54m[48;2;217;109;64m▀[0m[38;2;86;52;47m[48;2;131;83;54m▀[0m[38;2;58;34;33m[48;2;66;66;66m▀[0m[38;2;7;7;7m[48;2;7;7;7m▀[0m  
          [38;2;7;7;7m[48;2;7;7;7m▀[0m[38;2;217;109;64m[48;2;253;147;51m▀[0m[38;2;86;52;47m[48;2;253;147;51m▀[0m[38;2;131;83;54m[48;2;217;109;64m▀[0m[38;2;131;83;54m[48;2;131;83;54m▀[0m[38;2;131;83;54m[48;2;131;83;54m▀[0m[38;2;131;83;54m[48;2;253;147;51m▀[0m[38;2;131;83;54m[48;2;253;147;51m▀[0m[38;2;131;83;54m[48;2;131;83;54m▀[0m[38;2;217;109;64m[48;2;131;83;54m▀[0m[38;2;253;147;51m[48;2;253;147;51m▀[0m[38;2;253;147;51m[48;2;253;147;51m▀[0m[38;2;253;147;51m[48;2;253;147;51m▀[0m[38;2;253;147;51m[48;2;253;147;51m▀[0m[38;2;253;147;51m[48;2;253;147;51m▀[0m[38;2;253;147;51m[48;2;253;147;51m▀[0m[38;2;253;147;51m[48;2;253;147;51m▀[0m[38;2;253;147;51m[48;2;253;147;51m▀[0m[38;2;217;109;64m[48;2;253;147;51m▀[0m[38;2;7;7;7m[48;2;253;147;51m▀[0m[38;2;7;7;7m▄ 
           [38;2;7;7;7m[48;2;7;7;7m▀[0m[38;2;253;147;51m[48;2;131;83;54m▀[0m[38;2;131;83;54m[48;2;131;83;54m▀[0m[38;2;131;83;54m[48;2;253;147;51m▀[0m[38;2;253;147;51m[48;2;253;147;51m▀[0m[38;2;253;147;51m[48;2;131;83;54m▀[0m[38;2;253;147;51m[48;2;217;109;64m▀[0m[38;2;217;109;64m[48;2;253;147;51m▀[0m[38;2;131;83;54m[48;2;253;147;51m▀[0m[38;2;253;147;51m[48;2;253;147;51m▀[0m[38;2;253;147;51m[48;2;253;147;51m▀[0m[38;2;253;147;51m[48;2;253;147;51m▀[0m[38;2;253;147;51m[48;2;253;147;51m▀[0m[38;2;253;147;51m[48;2;253;147;51m▀[0m[38;2;253;147;51m[48;2;253;147;51m▀[0m[38;2;253;147;51m[48;2;253;147;51m▀[0m[38;2;253;147;51m[48;2;253;147;51m▀[0m[38;2;253;147;51m[48;2;253;147;51m▀[0m[38;2;253;147;51m[48;2;253;147;51m▀[0m[38;2;7;7;7m[48;2;217;109;64m▀[0m[38;2;7;7;7m▄
           [38;2;7;7;7m▀[38;2;253;147;51m[48;2;7;7;7m▀[0m[38;2;253;147;51m[48;2;131;83;54m▀[0m[38;2;253;147;51m[48;2;131;83;54m▀[0m[38;2;217;109;64m[48;2;253;147;51m▀[0m[38;2;131;83;54m[48;2;253;147;51m▀[0m[38;2;131;83;54m[48;2;253;147;51m▀[0m[38;2;253;147;51m[48;2;253;147;51m▀[0m[38;2;253;147;51m[48;2;253;147;51m▀[0m[38;2;253;147;51m[48;2;253;147;51m▀[0m[38;2;253;147;51m[48;2;253;147;51m▀[0m[38;2;253;147;51m[48;2;217;109;64m▀[0m[38;2;217;109;64m[48;2;217;109;64m▀[0m[38;2;253;147;51m[48;2;217;109;64m▀[0m[38;2;253;147;51m[48;2;217;109;64m▀[0m[38;2;253;147;51m[48;2;217;109;64m▀[0m[38;2;253;147;51m[48;2;217;109;64m▀[0m[38;2;253;147;51m[48;2;217;109;64m▀[0m[38;2;217;109;64m[48;2;217;109;64m▀[0m[38;2;217;109;64m[48;2;217;109;64m▀[0m[38;2;7;7;7m[48;2;7;7;7m▀[0m
            [38;2;7;7;7m[48;2;7;7;7m▀[0m[38;2;131;83;54m[48;2;217;109;64m▀[0m[38;2;217;109;64m[48;2;253;147;51m▀[0m[38;2;253;147;51m[48;2;253;147;51m▀[0m[38;2;253;147;51m[48;2;253;147;51m▀[0m[38;2;253;147;51m[48;2;253;147;51m▀[0m[38;2;253;147;51m[48;2;253;147;51m▀[0m[38;2;253;147;51m[48;2;253;147;51m▀[0m[38;2;253;147;51m[48;2;230;190;117m▀[0m[38;2;217;109;64m[48;2;230;190;117m▀[0m[38;2;217;109;64m[48;2;66;66;66m▀[0m[38;2;230;190;117m[48;2;66;66;66m▀[0m[38;2;66;66;66m[48;2;230;190;117m▀[0m[38;2;66;66;66m[48;2;66;66;66m▀[0m[38;2;217;109;64m[48;2;7;7;7m▀[0m[38;2;217;109;64m[48;2;7;7;7m▀[0m[38;2;217;109;64m[48;2;217;109;64m▀[0m[38;2;217;109;64m[48;2;217;109;64m▀[0m[38;2;217;109;64m[48;2;7;7;7m▀[0m[38;2;7;7;7m▀
             [38;2;7;7;7m[48;2;7;7;7m▀[0m[38;2;230;190;117m[48;2;254;232;156m▀[0m[38;2;86;52;47m[48;2;230;190;117m▀[0m[38;2;253;147;51m[48;2;86;52;47m▀[0m[38;2;253;147;51m[48;2;253;147;51m▀[0m[38;2;253;147;51m[48;2;253;147;51m▀[0m[38;2;230;190;117m[48;2;7;7;7m▀[0m[38;2;7;7;7m▀[38;2;7;7;7m▀[38;2;66;66;66m[48;2;7;7;7m▀[0m[38;2;230;190;117m[48;2;230;190;117m▀[0m[38;2;230;190;117m[48;2;230;190;117m▀[0m[38;2;7;7;7m[48;2;7;7;7m▀[0m [38;2;7;7;7m[48;2;7;7;7m▀[0m[38;2;217;109;64m[48;2;230;190;117m▀[0m[38;2;217;109;64m[48;2;230;190;117m▀[0m[38;2;7;7;7m[48;2;7;7;7m▀[0m 
              [38;2;7;7;7m[48;2;7;7;7m▀[0m[38;2;230;190;117m[48;2;230;190;117m▀[0m[38;2;86;52;47m[48;2;230;190;117m▀[0m[38;2;217;109;64m[48;2;66;66;66m▀[0m[38;2;217;109;64m[48;2;217;109;64m▀[0m[38;2;7;7;7m[48;2;217;109;64m▀[0m[38;2;7;7;7m▄ [38;2;7;7;7m▄[38;2;7;7;7m[48;2;66;66;66m▀[0m[38;2;230;190;117m[48;2;66;66;66m▀[0m[38;2;7;7;7m[48;2;7;7;7m▀[0m  [38;2;7;7;7m[48;2;7;7;7m▀[0m[38;2;230;190;117m[48;2;230;190;117m▀[0m[38;2;7;7;7m[48;2;7;7;7m▀[0m 
             [38;2;7;7;7m▄[38;2;7;7;7m[48;2;86;52;47m▀[0m[38;2;230;190;117m[48;2;230;190;117m▀[0m[38;2;230;190;117m[48;2;230;190;117m▀[0m[38;2;66;66;66m[48;2;66;66;66m▀[0m[38;2;217;109;64m[48;2;230;190;117m▀[0m[38;2;217;109;64m[48;2;230;190;117m▀[0m[38;2;7;7;7m[48;2;7;7;7m▀[0m [38;2;7;7;7m▀[38;2;66;66;66m[48;2;7;7;7m▀[0m[38;2;66;66;66m[48;2;7;7;7m▀[0m[38;2;7;7;7m▀ [38;2;7;7;7m[48;2;7;7;7m▀[0m[38;2;66;66;66m[48;2;66;66;66m▀[0m[38;2;66;66;66m[48;2;66;66;66m▀[0m[38;2;7;7;7m[48;2;7;7;7m▀[0m 
             [38;2;7;7;7m▀[38;2;66;66;66m[48;2;7;7;7m▀[0m[38;2;86;52;47m[48;2;7;7;7m▀[0m[38;2;66;66;66m[48;2;86;52;47m▀[0m[38;2;230;190;117m[48;2;86;52;47m▀[0m[38;2;230;190;117m[48;2;230;190;117m▀[0m[38;2;7;7;7m[48;2;7;7;7m▀[0m        [38;2;7;7;7m▀[38;2;7;7;7m▀  
               [38;2;7;7;7m▀[38;2;66;66;66m[48;2;7;7;7m▀[0m[38;2;66;66;66m[48;2;7;7;7m▀[0m[38;2;86;52;47m[48;2;7;7;7m▀[0m[38;2;7;7;7m▀            
[0m