  [38;2;7;7;7m▄[38;2;7;7;7m[48;2;246;221;97m▀[0m[38;2;7;7;7m[48;2;246;221;97m▀[0m[38;2;7;7;7m[48;2;224;170;62m▀[0m[38;2;7;7;7m▄      [38;2;7;7;7m▄[38;2;7;7;7m▄[38;2;7;7;7m▄      
 [38;2;7;7;7m[48;2;7;7;7m▀[0m[38;2;246;221;97m[48;2;246;221;97m▀[0m[38;2;246;221;97m[48;2;246;221;97m▀[0m[38;2;224;170;62m[48;2;240;213;159m▀[0m[38;2;240;213;159m[48;2;80;80;80m▀[0m[38;2;185;146;117m[48;2;251;244;221m▀[0m[38;2;7;7;7m[48;2;246;221;97m▀[0m[38;2;7;7;7m[48;2;246;221;97m▀[0m[38;2;7;7;7m[48;2;246;221;97m▀[0m[38;2;7;7;7m[48;2;224;170;62m▀[0m[38;2;7;7;7m▄[38;2;7;7;7m[48;2;185;146;117m▀[0m[38;2;246;221;97m[48;2;251;244;221m▀[0m[38;2;246;221;97m[48;2;246;221;97m▀[0m[38;2;246;221;97m[48;2;246;221;97m▀[0m[38;2;7;7;7m[48;2;224;170;62m▀[0m[38;2;7;7;7m▄    
[38;2;7;7;7m[48;2;7;7;7m▀[0m[38;2;246;221;97m[48;2;246;221;97m▀[0m[38;2;246;221;97m[48;2;224;170;62m▀[0m[38;2;224;170;62m[48;2;240;213;159m▀[0m[38;2;80;80;80m[48;2;80;80;80m▀[0m[38;2;224;170;62m[48;2;251;244;221m▀[0m[38;2;251;244;221m[48;2;251;244;221m▀[0m[38;2;251;244;221m[48;2;251;244;221m▀[0m[38;2;251;244;221m[48;2;224;170;62m▀[0m[38;2;251;244;221m[48;2;224;170;62m▀[0m[38;2;246;221;97m[48;2;251;244;221m▀[0m[38;2;224;170;62m[48;2;251;244;221m▀[0m[38;2;185;146;117m[48;2;185;146;117m▀[0m[38;2;251;244;221m[48;2;251;244;221m▀[0m[38;2;251;244;221m[48;2;246;221;97m▀[0m[38;2;246;221;97m[48;2;246;221;97m▀[0m[38;2;80;80;80m[48;2;246;221;97m▀[0m[38;2;7;7;7m[48;2;224;170;62m▀[0m[38;2;7;7;7m▄[38;2;7;7;7m▄  
[38;2;7;7;7m▀[38;2;224;170;62m[48;2;7;7;7m▀[0m[38;2;224;170;62m[48;2;224;170;62m▀[0m[38;2;80;80;80m[48;2;7;7;7m▀[0m[38;2;7;7;7m[48;2;251;244;221m▀[0m[38;2;251;244;221m[48;2;185;146;117m▀[0m[38;2;251;244;221m[48;2;251;244;221m▀[0m[38;2;251;244;221m[48;2;251;244;221m▀[0m[38;2;251;244;221m[48;2;251;244;221m▀[0m[38;2;240;213;159m[48;2;7;7;7m▀[0m[38;2;240;213;159m[48;2;7;7;7m▀[0m[38;2;251;244;221m[48;2;240;213;159m▀[0m[38;2;251;244;221m[48;2;240;213;159m▀[0m[38;2;251;244;221m[48;2;240;213;159m▀[0m[38;2;224;170;62m[48;2;240;213;159m▀[0m[38;2;224;170;62m[48;2;224;170;62m▀[0m[38;2;246;221;97m[48;2;224;170;62m▀[0m[38;2;246;221;97m[48;2;224;170;62m▀[0m[38;2;80;80;80m[48;2;80;80;80m▀[0m[38;2;224;170;62m[48;2;224;170;62m▀[0m[38;2;7;7;7m[48;2;224;170;62m▀[0m[38;2;7;7;7m▄
 [38;2;7;7;7m▀[38;2;240;213;159m[48;2;7;7;7m▀[0m[38;2;80;80;80m[48;2;80;80;80m▀[0m[38;2;185;146;117m[48;2;251;244;221m▀[0m[38;2;251;244;221m[48;2;185;146;117m▀[0m[38;2;185;146;117m[48;2;251;244;221m▀[0m[38;2;240;213;159m[48;2;251;244;221m▀[0m[38;2;251;244;221m[48;2;185;146;117m▀[0m[38;2;7;7;7m[48;2;240;213;159m▀[0m[38;2;251;244;221m[48;2;7;7;7m▀[0m[38;2;7;7;7m[48;2;185;146;117m▀[0m[38;2;240;213;159m[48;2;240;213;159m▀[0m[38;2;240;213;159m[48;2;240;213;159m▀[0m[38;2;240;213;159m[48;2;185;146;117m▀[0m[38;2;240;213;159m[48;2;240;213;159m▀[0m[38;2;224;170;62m[48;2;240;213;159m▀[0m[38;2;224;170;62m[48;2;80;80;80m▀[0m[38;2;80;80;80m[48;2;224;170;62m▀[0m[38;2;240;213;159m[48;2;185;146;117m▀[0m[38;2;224;170;62m[48;2;7;7;7m▀[0m[38;2;7;7;7m▀
   [38;2;7;7;7m▀[38;2;240;213;159m[48;2;7;7;7m▀[0m[38;2;251;244;221m[48;2;251;244;221m▀[0m[38;2;240;213;159m[48;2;251;244;221m▀[0m[38;2;251;244;221m[48;2;251;244;221m▀[0m[38;2;251;244;221m[48;2;251;244;221m▀[0m[38;2;185;146;117m[48;2;185;146;117m▀[0m[38;2;240;213;159m[48;2;240;213;159m▀[0m[38;2;240;213;159m[48;2;240;213;159m▀[0m[38;2;240;213;159m[48;2;240;213;159m▀[0m[38;2;240;213;159m[48;2;80;80;80m▀[0m[38;2;240;213;159m[48;2;224;170;62m▀[0m[38;2;185;146;117m[48;2;80;80;80m▀[0m[38;2;80;80;80m[48;2;251;244;221m▀[0m[38;2;185;146;117m[48;2;251;244;221m▀[0m[38;2;240;213;159m[48;2;7;7;7m▀[0m[38;2;7;7;7m▀  
    [38;2;7;7;7m[48;2;7;7;7m▀[0m[38;2;80;80;80m[48;2;224;170;62m▀[0m[38;2;251;244;221m[48;2;80;80;80m▀[0m[38;2;251;244;221m[48;2;80;80;80m▀[0m[38;2;185;146;117m[48;2;80;80;80m▀[0m[38;2;240;213;159m[48;2;80;80;80m▀[0m[38;2;240;213;159m[48;2;80;80;80m▀[0m[38;2;80;80;80m[48;2;224;170;62m▀[0m[38;2;80;80;80m[48;2;246;221;97m▀[0m[38;2;246;221;97m[48;2;246;221;97m▀[0m[38;2;246;221;97m[48;2;251;244;221m▀[0m[38;2;80;80;80m[48;2;80;80;80m▀[0m[38;2;251;244;221m[48;2;251;244;221m▀[0m[38;2;251;244;221m[48;2;240;213;159m▀[0m[38;2;7;7;7m[48;2;7;7;7m▀[0m   
     [38;2;7;7;7m[48;2;7;7;7m▀[0m[38;2;224;170;62m[48;2;80;80;80m▀[0m[38;2;246;221;97m[48;2;251;244;221m▀[0m[38;2;246;221;97m[48;2;246;221;97m▀[0m[38;2;246;221;97m[48;2;246;221;97m▀[0m[38;2;246;221;97m[48;2;251;244;221m▀[0m[38;2;246;221;97m[48;2;251;244;221m▀[0m[38;2;246;221;97m[48;2;80;80;80m▀[0m[38;2;251;244;221m[48;2;80;80;80m▀[0m[38;2;80;80;80m[48;2;7;7;7m▀[0m[38;2;185;146;117m[48;2;240;213;159m▀[0m[38;2;240;213;159m[48;2;240;213;159m▀[0m[38;2;240;213;159m[48;2;7;7;7m▀[0m[38;2;7;7;7m▀   
     [38;2;7;7;7m▀[38;2;240;213;159m[48;2;7;7;7m▀[0m[38;2;80;80;80m[48;2;7;7;7m▀[0m[38;2;7;7;7m▀[38;2;80;80;80m[48;2;7;7;7m▀[0m[38;2;80;80;80m[48;2;251;244;221m▀[0m[38;2;80;80;80m[48;2;251;244;221m▀[0m[38;2;240;213;159m[48;2;7;7;7m▀[0m[38;2;7;7;7m▀ [38;2;7;7;7m▀[38;2;7;7;7m▀     
          [38;2;7;7;7m▀[38;2;7;7;7m▀          
[0m