  [38;2;7;7;7m▄[38;2;7;7;7m▄[38;2;7;7;7m[48;2;246;246;246m▀[0m[38;2;7;7;7m[48;2;215;209;215m▀[0m[38;2;7;7;7m[48;2;255;122;170m▀[0m[38;2;7;7;7m[48;2;195;64;101m▀[0m[38;2;7;7;7m[48;2;215;209;215m▀[0m[38;2;7;7;7m▄              
[38;2;7;7;7m▄[38;2;7;7;7m[48;2;120;120;112m▀[0m[38;2;120;120;112m[48;2;120;120;112m▀[0m[38;2;120;120;112m[48;2;120;120;112m▀[0m[38;2;246;246;246m[48;2;82;82;82m▀[0m[38;2;246;246;246m[48;2;246;246;246m▀[0m[38;2;215;209;215m[48;2;246;246;246m▀[0m[38;2;246;246;246m[48;2;243;217;66m▀[0m[38;2;246;246;246m[48;2;7;7;7m▀[0m[38;2;246;246;246m[48;2;243;217;66m▀[0m[38;2;7;7;7m[48;2;215;209;215m▀[0m[38;2;7;7;7m▄            
[38;2;7;7;7m[48;2;7;7;7m▀[0m[38;2;120;120;112m[48;2;82;82;82m▀[0m[38;2;82;82;82m[48;2;82;82;82m▀[0m[38;2;82;82;82m[48;2;82;82;82m▀[0m[38;2;82;82;82m[48;2;82;82;82m▀[0m[38;2;82;82;82m[48;2;82;82;82m▀[0m[38;2;246;246;246m[48;2;215;209;215m▀[0m[38;2;140;108;0m[48;2;243;217;66m▀[0m[38;2;246;246;246m[48;2;7;7;7m▀[0m[38;2;140;108;0m[48;2;243;217;66m▀[0m[38;2;215;209;215m[48;2;215;209;215m▀[0m[38;2;7;7;7m[48;2;195;64;101m▀[0m[38;2;7;7;7m▄           
[38;2;7;7;7m[48;2;7;7;7m▀[0m[38;2;82;82;82m[48;2;82;82;82m▀[0m[38;2;82;82;82m[48;2;82;82;82m▀[0m[38;2;82;82;82m[48;2;82;82;82m▀[0m[38;2;82;82;82m[48;2;7;7;7m▀[0m[38;2;7;7;7m▀[38;2;7;7;7m▀[38;2;215;209;215m[48;2;7;7;7m▀[0m[38;2;215;209;215m[48;2;195;64;101m▀[0m[38;2;215;209;215m[48;2;195;64;101m▀[0m[38;2;195;64;101m[48;2;255;122;170m▀[0m[38;2;255;122;170m[48;2;255;122;170m▀[0m[38;2;7;7;7m[48;2;7;7;7m▀[0m           
 [38;2;7;7;7m▀[38;2;82;82;82m[48;2;7;7;7m▀[0m[38;2;82;82;82m[48;2;7;7;7m▀[0m[38;2;7;7;7m▀   [38;2;7;7;7m[48;2;7;7;7m▀[0m[38;2;255;122;170m[48;2;255;122;170m▀[0m[38;2;255;122;170m[48;2;255;122;170m▀[0m[38;2;7;7;7m[48;2;7;7;7m▀[0m            
       [38;2;7;7;7m[48;2;7;7;7m▀[0m[38;2;255;122;170m[48;2;255;122;170m▀[0m[38;2;255;122;170m[48;2;255;122;170m▀[0m[38;2;255;122;170m[48;2;7;7;7m▀[0m[38;2;7;7;7m▀            
       [38;2;7;7;7m[48;2;7;7;7m▀[0m[38;2;255;122;170m[48;2;255;122;170m▀[0m[38;2;255;122;170m[48;2;255;122;170m▀[0m[38;2;7;7;7m[48;2;7;7;7m▀[0m [38;2;7;7;7m▄[38;2;7;7;7m▄[38;2;7;7;7m▄[38;2;7;7;7m▄[38;2;7;7;7m▄       
       [38;2;7;7;7m▀[38;2;255;122;170m[48;2;7;7;7m▀[0m[38;2;255;122;170m[48;2;255;122;170m▀[0m[38;2;255;122;170m[48;2;255;122;170m▀[0m[38;2;7;7;7m[48;2;255;122;170m▀[0m[38;2;158;50;80m[48;2;158;50;80m▀[0m[38;2;158;50;80m[48;2;195;64;101m▀[0m[38;2;255;122;170m[48;2;158;50;80m▀[0m[38;2;255;122;170m[48;2;255;122;170m▀[0m[38;2;255;122;170m[48;2;255;122;170m▀[0m[38;2;7;7;7m[48;2;255;122;170m▀[0m[38;2;7;7;7m[48;2;255;122;170m▀[0m[38;2;7;7;7m▄    
      [38;2;7;7;7m▄[38;2;7;7;7m[48;2;158;50;80m▀[0m[38;2;158;50;80m[48;2;255;122;170m▀[0m[38;2;195;64;101m[48;2;158;50;80m▀[0m[38;2;255;122;170m[48;2;195;64;101m▀[0m[38;2;255;122;170m[48;2;195;64;101m▀[0m[38;2;255;122;170m[48;2;158;50;80m▀[0m[38;2;158;50;80m[48;2;255;122;170m▀[0m[38;2;255;122;170m[48;2;255;122;170m▀[0m[38;2;158;50;80m[48;2;158;50;80m▀[0m[38;2;255;122;170m[48;2;255;122;170m▀[0m[38;2;255;122;170m[48;2;158;50;80m▀[0m[38;2;158;50;80m[48;2;255;122;170m▀[0m[38;2;158;50;80m[48;2;255;122;170m▀[0m[38;2;7;7;7m[48;2;255;122;170m▀[0m[38;2;7;7;7m▄  
      [38;2;7;7;7m[48;2;7;7;7m▀[0m[38;2;158;50;80m[48;2;158;50;80m▀[0m[38;2;255;122;170m[48;2;255;122;170m▀[0m[38;2;158;50;80m[48;2;255;122;170m▀[0m[38;2;158;50;80m[48;2;255;122;170m▀[0m[38;2;158;50;80m[48;2;255;122;170m▀[0m[38;2;255;122;170m[48;2;158;50;80m▀[0m[38;2;255;122;170m[48;2;158;50;80m▀[0m[38;2;255;122;170m[48;2;158;50;80m▀[0m[38;2;158;50;80m[48;2;255;122;170m▀[0m[38;2;255;122;170m[48;2;195;64;101m▀[0m[38;2;255;122;170m[48;2;255;122;170m▀[0m[38;2;255;122;170m[48;2;255;122;170m▀[0m[38;2;255;122;170m[48;2;255;122;170m▀[0m[38;2;255;122;170m[48;2;195;64;101m▀[0m[38;2;195;64;101m[48;2;255;122;170m▀[0m[38;2;7;7;7m[48;2;195;64;101m▀[0m[38;2;7;7;7m[48;2;7;7;7m▀[0m
      [38;2;7;7;7m▀[38;2;195;64;101m[48;2;7;7;7m▀[0m[38;2;158;50;80m[48;2;158;50;80m▀[0m[38;2;255;122;170m[48;2;158;50;80m▀[0m[38;2;255;122;170m[48;2;158;50;80m▀[0m[38;2;255;122;170m[48;2;158;50;80m▀[0m[38;2;255;122;170m[48;2;158;50;80m▀[0m[38;2;158;50;80m[48;2;255;122;170m▀[0m[38;2;255;122;170m[48;2;255;122;170m▀[0m[38;2;255;122;170m[48;2;255;122;170m▀[0m[38;2;158;50;80m[48;2;195;64;101m▀[0m[38;2;195;64;101m[48;2;158;50;80m▀[0m[38;2;255;122;170m[48;2;195;64;101m▀[0m[38;2;255;122;170m[48;2;195;64;101m▀[0m[38;2;255;122;170m[48;2;195;64;101m▀[0m[38;2;195;64;101m[48;2;7;7;7m▀[0m[38;2;7;7;7m▀ 
        [38;2;7;7;7m▀[38;2;158;50;80m[48;2;7;7;7m▀[0m[38;2;195;64;101m[48;2;7;7;7m▀[0m[38;2;255;122;170m[48;2;195;64;101m▀[0m[38;2;255;122;170m[48;2;195;64;101m▀[0m[38;2;255;122;170m[48;2;195;64;101m▀[0m[38;2;255;122;170m[48;2;195;64;101m▀[0m[38;2;195;64;101m[48;2;195;64;101m▀[0m[38;2;195;64;101m[48;2;195;64;101m▀[0m[38;2;195;64;101m[48;2;195;64;101m▀[0m[38;2;158;50;80m[48;2;195;64;101m▀[0m[38;2;158;50;80m[48;2;7;7;7m▀[0m[38;2;7;7;7m▀   
           [38;2;7;7;7m▀[38;2;158;50;80m[48;2;7;7;7m▀[0m[38;2;158;50;80m[48;2;215;209;215m▀[0m[38;2;195;64;101m[48;2;7;7;7m▀[0m[38;2;195;64;101m[48;2;7;7;7m▀[0m[38;2;195;64;101m[48;2;7;7;7m▀[0m[38;2;158;50;80m[48;2;215;209;215m▀[0m[38;2;158;50;80m[48;2;215;209;215m▀[0m[38;2;7;7;7m[48;2;7;7;7m▀[0m    
            [38;2;7;7;7m[48;2;7;7;7m▀[0m[38;2;215;209;215m[48;2;215;209;215m▀[0m[38;2;7;7;7m[48;2;7;7;7m▀[0m [38;2;7;7;7m▄[38;2;7;7;7m[48;2;246;246;246m▀[0m[38;2;246;246;246m[48;2;215;209;215m▀[0m[38;2;215;209;215m[48;2;7;7;7m▀[0m[38;2;7;7;7m▀   
            [38;2;7;7;7m[48;2;7;7;7m▀[0m[38;2;215;209;215m[48;2;215;209;215m▀[0m[38;2;7;7;7m[48;2;82;82;82m▀[0m[38;2;7;7;7m[48;2;246;246;246m▀[0m[38;2;246;246;246m[48;2;246;246;246m▀[0m[38;2;215;209;215m[48;2;7;7;7m▀[0m[38;2;7;7;7m▀     
            [38;2;7;7;7m[48;2;7;7;7m▀[0m[38;2;82;82;82m[48;2;82;82;82m▀[0m[38;2;246;246;246m[48;2;82;82;82m▀[0m[38;2;246;246;246m[48;2;7;7;7m▀[0m[38;2;246;246;246m[48;2;7;7;7m▀[0m[38;2;246;246;246m[48;2;7;7;7m▀[0m[38;2;7;7;7m▀     
            [38;2;7;7;7m[48;2;7;7;7m▀[0m[38;2;215;209;215m[48;2;215;209;215m▀[0m[38;2;7;7;7m[48;2;7;7;7m▀[0m         
          [38;2;7;7;7m▄[38;2;7;7;7m[48;2;246;246;246m▀[0m[38;2;246;246;246m[48;2;215;209;215m▀[0m[38;2;215;209;215m[48;2;215;209;215m▀[0m[38;2;7;7;7m[48;2;215;209;215m▀[0m[38;2;7;7;7m▄        
          [38;2;7;7;7m▀[38;2;7;7;7m▀[38;2;7;7;7m▀[38;2;7;7;7m▀[38;2;7;7;7m▀         
[0m