
[38;2;0;0;0m                          [38;2;1;0;0m  [38;2;47;45;32m  [38;2;0;0;0m          
[38;2;0;0;0m                          [38;2;144;136;97m  ██[38;2;0;0;0m          
[38;2;0;0;0m                        [38;2;15;15;11m  [38;2;207;197;147m██[38;2;217;196;121m██[38;2;111;106;79m██[38;2;0;0;0m        
[38;2;0;0;0m                    [38;2;47;45;33m    [38;2;207;197;147m██[38;2;255;242;181m██[38;2;255;243;181m██[38;2;255;242;181m██[38;2;0;0;0m        
[38;2;0;0;0m    [38;2;38;19;12m  [38;2;0;0;0m              [38;2;111;106;79m██[38;2;255;243;180m██[38;2;207;198;152m██[38;2;243;231;173m██[38;2;255;243;180m████[38;2;157;136;71m██[38;2;15;15;11m  [38;2;0;0;0m    
[38;2;0;0;0m  [38;2;115;59;37m  [38;2;154;78;49m██[38;2;0;0;0m              [38;2;219;209;159m██[38;2;113;109;94m██[38;2;207;119;77m██[38;2;136;112;90m██[38;2;255;243;181m██[38;2;217;196;121m██[38;2;242;227;161m██[38;2;63;60;45m██[38;2;0;0;0m    
[38;2;12;6;4m  [38;2;169;85;51m████[38;2;12;6;4m  [38;2;0;0;0m  [38;2;47;45;33m  [38;2;0;0;0m    [38;2;15;8;5m  [38;2;173;145;103m██[38;2;141;99;75m██[38;2;219;124;78m██[38;2;207;119;77m██[38;2;207;198;152m██[38;2;255;243;180m██████[38;2;63;60;45m██[38;2;0;0;0m    
[38;2;51;26;16m██[38;2;208;105;63m████[38;2;51;33;25m██[38;2;0;0;0m  [38;2;191;182;135m██[38;2;143;136;101m  [38;2;0;0;0m  [38;2;63;34;20m██[38;2;221;123;77m██[38;2;101;88;77m██[38;2;77;69;66m██[38;2;174;135;99m██[38;2;209;197;150m██[38;2;255;243;181m██[38;2;255;242;181m██[38;2;255;243;181m██[38;2;160;151;103m██[38;2;52;45;33m  [38;2;47;45;33m  
[38;2;38;19;12m  [38;2;194;98;60m██[38;2;198;103;64m██[38;2;93;61;46m██[38;2;111;106;79m██[38;2;255;243;180m██[38;2;206;196;145m██[38;2;15;14;10m  [38;2;99;55;34m██[38;2;101;78;69m██[38;2;62;72;77m██[38;2;206;121;81m██[38;2;117;102;85m██[38;2;255;239;176m██[38;2;255;243;180m██████[38;2;208;197;137m██[38;2;254;241;162m██[38;2;63;59;40m██
[38;2;0;0;0m  [38;2;154;78;49m██[38;2;127;105;87m██[38;2;207;198;152m██[38;2;255;243;181m██[38;2;255;242;181m██[38;2;253;239;172m██[38;2;107;101;68m██[38;2;207;119;77m██[38;2;58;81;91m██[38;2;51;93;112m██[38;2;203;126;90m██[38;2;113;109;94m██[38;2;255;242;181m██[38;2;255;243;181m██[38;2;255;242;181m██[38;2;255;243;181m██[38;2;255;242;181m██[38;2;206;195;142m██[38;2;15;13;6m  
[38;2;0;0;0m    [38;2;255;243;180m████[38;2;246;217;159m██[38;2;233;177;95m██[38;2;194;159;88m██[38;2;207;119;77m██[38;2;62;72;77m██[38;2;88;101;108m██[38;2;116;113;106m██[38;2;130;110;87m██[38;2;255;243;180m██████████[38;2;250;241;164m██[38;2;159;135;59m██[38;2;0;0;0m  
[38;2;0;0;0m  [38;2;4;0;0m  [38;2;255;204;134m██[38;2;255;242;181m██[38;2;252;243;155m██[38;2;217;133;80m██[38;2;234;126;77m██[38;2;243;131;83m██[38;2;206;121;80m██[38;2;136;94;74m██[38;2;137;111;89m██[38;2;243;227;168m██[38;2;255;243;181m██[38;2;255;242;181m██[38;2;255;243;181m██[38;2;255;242;181m██[38;2;253;238;167m██[38;2;244;218;113m██[38;2;182;162;82m██[38;2;0;0;0m  
[38;2;0;0;0m  [38;2;159;108;63m██[38;2;203;139;77m██[38;2;237;190;95m██[38;2;227;166;96m██[38;2;247;133;75m██[38;2;255;137;82m██[38;2;222;124;81m██[38;2;184;117;82m██[38;2;219;209;159m██[38;2;137;131;108m██[38;2;209;198;149m██[38;2;255;241;174m██[38;2;253;237;165m██[38;2;252;233;153m████[38;2;247;224;120m██[38;2;245;218;107m██[38;2;35;30;14m  [38;2;0;0;0m  
[38;2;0;0;0m  [38;2;15;19;16m  [38;2;252;139;86m██[38;2;243;130;76m██[38;2;209;116;77m██[38;2;114;82;69m██[38;2;148;95;73m██[38;2;189;112;75m██[38;2;113;109;94m██[38;2;255;242;181m██[38;2;226;215;160m██[38;2;192;184;127m██[38;2;148;139;105m██[38;2;249;222;119m██[38;2;252;233;153m████[38;2;230;210;119m██[38;2;238;209;100m██[38;2;220;194;95m██[38;2;46;41;20m  
[38;2;0;0;0m  [38;2;191;103;61m██[38;2;222;126;79m██[38;2;255;136;85m██[38;2;65;66;68m██[38;2;175;171;167m██[38;2;130;94;81m██[38;2;209;105;63m██[38;2;111;103;76m██[38;2;253;236;162m██[38;2;249;237;175m██[38;2;215;204;145m██[38;2;136;107;78m██[38;2;237;200;102m██[38;2;247;218;107m██████[38;2;168;145;72m██[38;2;0;0;0m    
[38;2;0;0;0m  [38;2;47;28;19m  [38;2;218;128;83m██[38;2;255;134;82m██[38;2;198;115;77m██[38;2;175;99;69m██[38;2;186;115;80m██[38;2;124;82;68m██[38;2;213;189;99m██[38;2;248;223;120m██[38;2;249;233;171m██[38;2;113;98;77m██[38;2;243;139;86m██[38;2;135;107;77m██[38;2;247;218;107m██[38;2;246;218;107m██[38;2;200;177;86m██[38;2;15;13;6m  [38;2;0;0;0m    
[38;2;0;0;0m  [38;2;47;47;38m  [38;2;121;90;66m██[38;2;158;92;65m██[38;2;172;95;62m██[38;2;171;95;65m██[38;2;112;101;76m██[38;2;219;181;94m██[38;2;247;218;107m████[38;2;207;192;136m██[38;2;174;143;102m██[38;2;255;136;84m██[38;2;139;90;70m██[38;2;138;123;60m  [38;2;0;0;0m          
[38;2;0;0;0m  [38;2;191;182;135m██[38;2;243;231;173m██[38;2;207;198;152m████[38;2;203;184;110m██[38;2;247;218;107m██[38;2;246;218;107m██[38;2;247;218;107m██[38;2;246;218;107m██[38;2;237;200;102m██[38;2;136;107;78m██[38;2;246;131;78m██[38;2;209;107;66m██[38;2;0;0;0m            
[38;2;0;0;0m    [38;2;206;195;142m██[38;2;253;236;162m██[38;2;255;243;180m██[38;2;253;238;167m██[38;2;247;218;107m████[38;2;235;209;104m██[38;2;156;136;70m██[38;2;0;0;0m  [38;2;115;59;37m  [38;2;209;105;63m██[38;2;168;85;52m██[38;2;0;0;0m            
[38;2;0;0;0m    [38;2;27;25;19m██[38;2;111;103;76m██[38;2;249;224;131m██[38;2;247;220;113m██[38;2;213;190;99m██[38;2;111;103;76m██[38;2;127;90;54m██[38;2;42;24;16m██[38;2;0;0;0m  [38;2;143;77;46m  [38;2;171;90;57m██[38;2;60;32;20m██[38;2;0;0;0m            
[38;2;0;0;0m    [38;2;38;19;12m  [38;2;154;78;49m██[38;2;46;41;30m  [38;2;37;36;40m  [38;2;131;86;67m██[38;2;210;108;69m██[38;2;139;77;49m██[38;2;0;2;3m  [38;2;0;0;0m                    
[38;2;0;0;0m            [38;2;55;30;18m██[38;2;55;30;19m██[38;2;23;13;9m  [38;2;0;0;0m                      [0m
