   [38;2;7;7;7m▄[38;2;7;7;7m[48;2;81;171;54m▀[0m[38;2;7;7;7m▄        [38;2;7;7;7m▄[38;2;7;7;7m▄[38;2;7;7;7m▄
  [38;2;7;7;7m▄[38;2;7;7;7m[48;2;81;171;54m▀[0m[38;2;81;171;54m[48;2;205;235;179m▀[0m[38;2;7;7;7m[48;2;146;184;133m▀[0m[38;2;7;7;7m▄    [38;2;7;7;7m▄[38;2;7;7;7m▄[38;2;7;7;7m[48;2;205;235;179m▀[0m[38;2;81;171;54m[48;2;81;171;54m▀[0m[38;2;81;171;54m[48;2;31;135;36m▀[0m[38;2;7;7;7m[48;2;7;7;7m▀[0m
  [38;2;7;7;7m[48;2;7;7;7m▀[0m[38;2;205;235;179m[48;2;205;235;179m▀[0m[38;2;205;235;179m[48;2;146;184;133m▀[0m[38;2;146;184;133m[48;2;89;130;85m▀[0m[38;2;7;7;7m[48;2;7;7;7m▀[0m[38;2;7;7;7m▄[38;2;7;7;7m▄[38;2;7;7;7m[48;2;205;235;179m▀[0m[38;2;7;7;7m[48;2;205;235;179m▀[0m[38;2;205;235;179m[48;2;205;235;179m▀[0m[38;2;205;235;179m[48;2;205;235;179m▀[0m[38;2;205;235;179m[48;2;205;235;179m▀[0m[38;2;205;235;179m[48;2;205;235;179m▀[0m[38;2;7;7;7m[48;2;7;7;7m▀[0m 
 [38;2;7;7;7m▄[38;2;7;7;7m[48;2;205;235;179m▀[0m[38;2;205;235;179m[48;2;205;235;179m▀[0m[38;2;205;235;179m[48;2;33;80;35m▀[0m[38;2;205;235;179m[48;2;205;235;179m▀[0m[38;2;205;235;179m[48;2;205;235;179m▀[0m[38;2;205;235;179m[48;2;33;80;35m▀[0m[38;2;33;80;35m[48;2;33;80;35m▀[0m[38;2;205;235;179m[48;2;205;235;179m▀[0m[38;2;205;235;179m[48;2;205;235;179m▀[0m[38;2;205;235;179m[48;2;205;235;179m▀[0m[38;2;205;235;179m[48;2;205;235;179m▀[0m[38;2;205;235;179m[48;2;205;235;179m▀[0m[38;2;205;235;179m[48;2;7;7;7m▀[0m[38;2;7;7;7m▀ 
 [38;2;7;7;7m[48;2;7;7;7m▀[0m[38;2;205;235;179m[48;2;27;54;29m▀[0m[38;2;33;80;35m[48;2;33;80;35m▀[0m[38;2;33;80;35m[48;2;33;80;35m▀[0m[38;2;205;235;179m[48;2;205;235;179m▀[0m[38;2;33;80;35m[48;2;33;80;35m▀[0m[38;2;33;80;35m[48;2;33;80;35m▀[0m[38;2;33;80;35m[48;2;33;80;35m▀[0m[38;2;205;235;179m[48;2;27;54;29m▀[0m[38;2;205;235;179m[48;2;27;54;29m▀[0m[38;2;205;235;179m[48;2;33;80;35m▀[0m[38;2;205;235;179m[48;2;205;235;179m▀[0m[38;2;205;235;179m[48;2;205;235;179m▀[0m[38;2;7;7;7m[48;2;7;7;7m▀[0m  
 [38;2;7;7;7m[48;2;7;7;7m▀[0m[38;2;190;190;190m[48;2;190;190;190m▀[0m[38;2;27;54;29m[48;2;193;60;99m▀[0m[38;2;33;80;35m[48;2;33;80;35m▀[0m[38;2;33;80;35m[48;2;33;80;35m▀[0m[38;2;33;80;35m[48;2;33;80;35m▀[0m[38;2;33;80;35m[48;2;27;54;29m▀[0m[38;2;27;54;29m[48;2;193;60;99m▀[0m[38;2;246;246;246m[48;2;193;60;99m▀[0m[38;2;190;190;190m[48;2;190;190;190m▀[0m[38;2;33;80;35m[48;2;205;235;179m▀[0m[38;2;205;235;179m[48;2;205;235;179m▀[0m[38;2;205;235;179m[48;2;205;235;179m▀[0m[38;2;7;7;7m[48;2;7;7;7m▀[0m[38;2;7;7;7m▄[38;2;7;7;7m▄
[38;2;7;7;7m[48;2;7;7;7m▀[0m[38;2;7;7;7m[48;2;146;184;133m▀[0m[38;2;33;80;35m[48;2;89;130;85m▀[0m[38;2;7;7;7m[48;2;33;80;35m▀[0m[38;2;33;80;35m[48;2;33;80;35m▀[0m[38;2;33;80;35m[48;2;193;60;99m▀[0m[38;2;33;80;35m[48;2;33;80;35m▀[0m[38;2;33;80;35m[48;2;33;80;35m▀[0m[38;2;7;7;7m[48;2;33;80;35m▀[0m[38;2;193;60;99m[48;2;33;80;35m▀[0m[38;2;33;80;35m[48;2;205;235;179m▀[0m[38;2;205;235;179m[48;2;205;235;179m▀[0m[38;2;205;235;179m[48;2;205;235;179m▀[0m[38;2;205;235;179m[48;2;89;130;85m▀[0m[38;2;205;235;179m[48;2;146;184;133m▀[0m[38;2;205;235;179m[48;2;7;7;7m▀[0m[38;2;7;7;7m▀
[38;2;7;7;7m▄[38;2;7;7;7m[48;2;146;184;133m▀[0m[38;2;146;184;133m[48;2;7;7;7m▀[0m[38;2;89;130;85m[48;2;7;7;7m▀[0m[38;2;33;80;35m[48;2;205;235;179m▀[0m[38;2;33;80;35m[48;2;205;235;179m▀[0m[38;2;33;80;35m[48;2;205;235;179m▀[0m[38;2;33;80;35m[48;2;205;235;179m▀[0m[38;2;205;235;179m[48;2;81;171;54m▀[0m[38;2;222;103;136m[48;2;193;60;99m▀[0m[38;2;193;60;99m[48;2;222;103;136m▀[0m[38;2;89;130;85m[48;2;89;130;85m▀[0m[38;2;146;184;133m[48;2;89;130;85m▀[0m[38;2;205;235;179m[48;2;89;130;85m▀[0m[38;2;7;7;7m[48;2;205;235;179m▀[0m[38;2;7;7;7m▄ 
[38;2;7;7;7m▀[38;2;7;7;7m▀ [38;2;7;7;7m▄[38;2;7;7;7m[48;2;7;7;7m▀[0m[38;2;31;135;36m[48;2;81;171;54m▀[0m[38;2;31;135;36m[48;2;81;171;54m▀[0m[38;2;31;135;36m[48;2;81;171;54m▀[0m[38;2;31;135;36m[48;2;205;235;179m▀[0m[38;2;81;171;54m[48;2;205;235;179m▀[0m[38;2;205;235;179m[48;2;89;130;85m▀[0m[38;2;205;235;179m[48;2;205;235;179m▀[0m[38;2;31;135;36m[48;2;205;235;179m▀[0m[38;2;31;135;36m[48;2;7;7;7m▀[0m[38;2;7;7;7m▀[38;2;7;7;7m▀ 
[38;2;7;7;7m[48;2;7;7;7m▀[0m[38;2;7;7;7m[48;2;205;235;179m▀[0m[38;2;7;7;7m[48;2;205;235;179m▀[0m[38;2;146;184;133m[48;2;27;54;29m▀[0m[38;2;27;54;29m[48;2;27;54;29m▀[0m[38;2;31;135;36m[48;2;33;80;35m▀[0m[38;2;33;80;35m[48;2;33;80;35m▀[0m[38;2;31;135;36m[48;2;33;80;35m▀[0m[38;2;33;80;35m[48;2;205;235;179m▀[0m[38;2;205;235;179m[48;2;205;235;179m▀[0m[38;2;7;7;7m[48;2;7;7;7m▀[0m[38;2;7;7;7m▀[38;2;205;235;179m[48;2;7;7;7m▀[0m[38;2;205;235;179m[48;2;205;235;179m▀[0m[38;2;7;7;7m[48;2;205;235;179m▀[0m[38;2;7;7;7m▄ 
[38;2;7;7;7m▄[38;2;7;7;7m[48;2;33;80;35m▀[0m[38;2;146;184;133m[48;2;146;184;133m▀[0m[38;2;27;54;29m[48;2;146;184;133m▀[0m[38;2;33;80;35m[48;2;27;54;29m▀[0m[38;2;33;80;35m[48;2;33;80;35m▀[0m[38;2;33;80;35m[48;2;205;235;179m▀[0m[38;2;33;80;35m[48;2;205;235;179m▀[0m[38;2;33;80;35m[48;2;205;235;179m▀[0m[38;2;205;235;179m[48;2;205;235;179m▀[0m[38;2;7;7;7m[48;2;89;130;85m▀[0m[38;2;7;7;7m[48;2;146;184;133m▀[0m[38;2;7;7;7m[48;2;89;130;85m▀[0m[38;2;205;235;179m[48;2;205;235;179m▀[0m[38;2;205;235;179m[48;2;146;184;133m▀[0m[38;2;7;7;7m[48;2;205;235;179m▀[0m[38;2;7;7;7m[48;2;7;7;7m▀[0m
[38;2;7;7;7m▀[38;2;33;80;35m[48;2;7;7;7m▀[0m[38;2;33;80;35m[48;2;7;7;7m▀[0m[38;2;7;7;7m[48;2;7;7;7m▀[0m[38;2;89;130;85m[48;2;89;130;85m▀[0m[38;2;33;80;35m[48;2;146;184;133m▀[0m[38;2;33;80;35m[48;2;146;184;133m▀[0m[38;2;205;235;179m[48;2;146;184;133m▀[0m[38;2;205;235;179m[48;2;205;235;179m▀[0m[38;2;205;235;179m[48;2;205;235;179m▀[0m[38;2;205;235;179m[48;2;205;235;179m▀[0m[38;2;89;130;85m[48;2;89;130;85m▀[0m[38;2;27;54;29m[48;2;27;54;29m▀[0m[38;2;89;130;85m[48;2;33;80;35m▀[0m[38;2;33;80;35m[48;2;33;80;35m▀[0m[38;2;7;7;7m[48;2;7;7;7m▀[0m 
   [38;2;7;7;7m▄[38;2;7;7;7m[48;2;146;184;133m▀[0m[38;2;146;184;133m[48;2;146;184;133m▀[0m[38;2;146;184;133m[48;2;146;184;133m▀[0m[38;2;7;7;7m[48;2;7;7;7m▀[0m[38;2;7;7;7m▀[38;2;146;184;133m[48;2;7;7;7m▀[0m[38;2;205;235;179m[48;2;146;184;133m▀[0m[38;2;205;235;179m[48;2;146;184;133m▀[0m[38;2;7;7;7m[48;2;7;7;7m▀[0m[38;2;7;7;7m▀[38;2;7;7;7m▀  
 [38;2;7;7;7m▄[38;2;7;7;7m[48;2;33;80;35m▀[0m[38;2;7;7;7m[48;2;33;80;35m▀[0m[38;2;33;80;35m[48;2;27;54;29m▀[0m[38;2;33;80;35m[48;2;33;80;35m▀[0m[38;2;7;7;7m[48;2;7;7;7m▀[0m  [38;2;7;7;7m▀[38;2;33;80;35m[48;2;7;7;7m▀[0m[38;2;33;80;35m[48;2;33;80;35m▀[0m[38;2;7;7;7m[48;2;33;80;35m▀[0m[38;2;7;7;7m▄   
 [38;2;7;7;7m▀[38;2;33;80;35m[48;2;7;7;7m▀[0m[38;2;27;54;29m[48;2;7;7;7m▀[0m[38;2;33;80;35m[48;2;7;7;7m▀[0m[38;2;7;7;7m▀    [38;2;7;7;7m[48;2;7;7;7m▀[0m[38;2;33;80;35m[48;2;27;54;29m▀[0m[38;2;27;54;29m[48;2;33;80;35m▀[0m[38;2;33;80;35m[48;2;27;54;29m▀[0m[38;2;7;7;7m[48;2;7;7;7m▀[0m  
           [38;2;7;7;7m▀[38;2;7;7;7m▀[38;2;7;7;7m▀   
[0m