
[38;2;0;0;0m                  [38;2;3;5;4m  [38;2;27;40;30m██[38;2;14;15;11m  [38;2;0;0;0m                        
[38;2;0;0;0m                [38;2;40;74;52m  [38;2;75;112;76m██[38;2;69;80;74m██[38;2;114;186;102m██[38;2;108;175;94m██[38;2;74;120;64m  [38;2;0;0;0m                    
[38;2;0;0;0m            [38;2;14;28;20m  [38;2;80;148;106m██[38;2;76;119;92m██[38;2;93;136;89m██[38;2;129;215;116m██[38;2;84;136;73m██[38;2;19;31;16m  [38;2;0;0;0m                      
[38;2;0;0;0m            [38;2;76;143;102m██[38;2;70;80;72m██[38;2;125;201;110m██[38;2;128;215;115m██[38;2;48;80;43m██[38;2;0;0;0m                          
[38;2;0;0;0m        [38;2;56;103;74m██[38;2;72;112;88m██[38;2;84;122;88m██[38;2;131;215;115m██[38;2;128;214;115m██[38;2;61;100;53m  [38;2;0;0;0m                            
[38;2;0;0;0m    [38;2;0;0;2m  [38;2;83;139;81m██[38;2;75;110;87m██[38;2;130;212;114m██[38;2;131;215;115m████[38;2;131;214;115m██[38;2;0;0;0m                              
[38;2;0;0;0m  [38;2;109;113;105m  [38;2;72;114;69m██[38;2;148;245;140m██[38;2;149;243;143m██[38;2;117;150;103m██[38;2;163;86;96m████[38;2;134;122;98m██[38;2;75;114;87m██[38;2;0;0;0m          [38;2;55;26;30m  [38;2;139;68;76m██[38;2;72;35;39m  [38;2;0;0;0m            
[38;2;69;33;37m██[38;2;99;85;74m██[38;2;140;185;134m██[38;2;150;247;141m██[38;2;130;182;122m██[38;2;211;81;98m██[38;2;226;162;171m██[38;2;200;80;96m██[38;2;230;97;116m██[38;2;72;93;76m  [38;2;0;0;0m  [38;2;4;1;2m  [38;2;21;10;11m██[38;2;94;49;52m██[38;2;249;134;139m██[38;2;229;174;136m██[38;2;198;235;131m██[38;2;132;65;73m██[38;2;0;0;0m    [38;2;20;10;11m  [38;2;0;0;0m      
[38;2;69;33;37m██[38;2;155;79;92m██[38;2;117;190;110m██[38;2;128;215;115m██[38;2;119;161;105m██[38;2;211;81;98m██[38;2;154;87;96m██[38;2;71;66;67m██[38;2;213;104;123m██[38;2;0;0;0m    [38;2;53;25;28m██[38;2;222;174;133m██[38;2;212;207;134m██[38;2;195;235;129m██[38;2;196;235;130m██[38;2;232;169;136m██[38;2;154;80;87m██[38;2;0;0;0m    [38;2;228;111;125m██[38;2;0;0;0m      
[38;2;0;0;0m  [38;2;100;95;58m  [38;2;174;197;124m██[38;2;103;165;111m██[38;2;112;141;104m██[38;2;180;74;96m██[38;2;91;71;75m██[38;2;98;69;73m██[38;2;200;94;109m██[38;2;0;0;0m    [38;2;80;38;41m██[38;2;203;208;129m██[38;2;195;235;129m██[38;2;194;235;129m██[38;2;212;206;133m██[38;2;209;145;127m██[38;2;158;81;90m██[38;2;217;174;137m██[38;2;149;76;85m██[38;2;203;223;132m██[38;2;100;56;59m██[38;2;246;141;138m██[38;2;69;33;37m██
[38;2;0;0;0m  [38;2;3;0;0m  [38;2;56;60;36m██[38;2;183;217;122m██[38;2;165;195;129m██[38;2;180;192;124m██[38;2;122;83;82m██[38;2;129;86;89m██[38;2;28;13;15m  [38;2;0;0;0m    [38;2;202;96;94m██[38;2;157;180;82m██[38;2;197;235;131m██[38;2;232;166;136m██[38;2;231;134;126m██[38;2;30;23;23m██[38;2;33;18;19m  [38;2;245;138;139m██[38;2;156;92;99m██[38;2;227;145;131m██[38;2;176;93;106m██[38;2;207;132;119m██[38;2;18;9;10m  
[38;2;0;0;0m        [38;2;0;0;5m  [38;2;11;0;17m  [38;2;99;116;57m██[38;2;137;171;68m██[38;2;88;107;47m██[38;2;0;0;2m  [38;2;40;15;19m  [38;2;201;96;93m██[38;2;154;78;72m██[38;2;165;67;84m██[38;2;23;13;12m  [38;2;0;0;0m      [38;2;1;9;6m  [38;2;74;75;61m██[38;2;166;81;91m  [38;2;0;2;5m  [38;2;0;0;0m    
[38;2;0;0;0m            [38;2;12;17;7m  [38;2;186;231;108m██[38;2;193;230;127m██[38;2;146;170;99m██[38;2;163;75;81m██[38;2;38;14;18m██[38;2;8;3;4m  [38;2;0;0;0m          [38;2;2;3;1m  [38;2;60;98;52m██[38;2;0;0;0m        
[38;2;0;0;0m      [38;2;83;83;83m  [38;2;58;71;36m██[38;2;1;1;0m  [38;2;37;44;25m  [38;2;195;231;130m██[38;2;150;173;108m██[38;2;157;182;111m██[38;2;111;132;74m██[38;2;0;0;0m            [38;2;59;82;44m██[38;2;161;222;120m██[38;2;0;0;0m          
[38;2;0;0;0m      [38;2;74;73;74m██[38;2;145;148;139m██[38;2;124;144;73m██[38;2;133;157;90m██[38;2;84;86;76m██[38;2;180;183;150m██[38;2;165;167;148m██[38;2;160;187;110m██[38;2;138;164;92m  [38;2;0;0;0m      [38;2;45;77;41m  [38;2;175;212;119m██[38;2;195;234;131m██[38;2;14;20;10m  [38;2;0;0;0m          
[38;2;0;0;0m        [38;2;60;60;60m  [38;2;38;69;59m██[38;2;107;135;89m██[38;2;128;143;99m██[38;2;143;156;110m██[38;2;162;165;146m██[38;2;131;154;101m██[38;2;100;153;94m██[38;2;129;214;113m██[38;2;62;87;59m██[38;2;155;214;120m██[38;2;176;229;126m██[38;2;144;220;118m██[38;2;56;66;37m  [38;2;0;0;0m            
[38;2;0;0;0m          [38;2;58;102;77m██[38;2;72;105;86m██[38;2;198;235;131m██[38;2;198;234;131m██[38;2;178;210;122m██[38;2;82;119;85m██[38;2;123;217;114m██[38;2;92;164;108m██[38;2;147;189;113m██[38;2;116;194;109m██[38;2;119;141;79m██[38;2;0;0;0m██              
[38;2;0;0;0m          [38;2;58;75;37m  [38;2;112;143;66m██[38;2;98;126;68m██[38;2;76;95;45m██[38;2;135;166;65m██[38;2;81;111;82m██[38;2;146;194;121m██[38;2;185;226;129m██[38;2;130;163;75m██[38;2;34;36;30m██[38;2;0;0;0m                  
[38;2;0;0;0m            [38;2;37;39;34m██[38;2;68;70;61m██[38;2;0;0;0m      [38;2;76;83;61m██[38;2;133;164;65m██[38;2;0;0;0m                      
[38;2;0;0;0m            [38;2;53;82;47m██[38;2;96;148;86m██[38;2;0;0;0m    [38;2;0;7;3m  [38;2;121;152;85m██[38;2;108;129;72m██[38;2;0;0;0m                      
[38;2;0;0;0m                    [38;2;90;123;68m██[38;2;183;237;128m██[38;2;39;51;24m██[38;2;0;0;0m                      
[38;2;0;0;0m                    [38;2;24;40;21m  [38;2;31;49;28m██[38;2;4;4;4m  [38;2;0;0;0m                      [0m
