   [38;2;7;7;7m▄[38;2;7;7;7m[48;2;195;198;206m▀[0m[38;2;7;7;7m[48;2;157;164;173m▀[0m[38;2;7;7;7m▄[38;2;7;7;7m[48;2;195;198;206m▀[0m[38;2;7;7;7m[48;2;157;164;173m▀[0m[38;2;7;7;7m▄   
  [38;2;7;7;7m[48;2;7;7;7m▀[0m[38;2;195;198;206m[48;2;255;228;17m▀[0m[38;2;157;164;173m[48;2;157;164;173m▀[0m[38;2;84;84;84m[48;2;157;164;173m▀[0m[38;2;195;198;206m[48;2;157;164;173m▀[0m[38;2;157;164;173m[48;2;255;228;17m▀[0m[38;2;157;164;173m[48;2;157;164;173m▀[0m[38;2;157;164;173m[48;2;157;164;173m▀[0m[38;2;7;7;7m[48;2;7;7;7m▀[0m  
 [38;2;7;7;7m[48;2;7;7;7m▀[0m[38;2;255;228;17m[48;2;7;7;7m▀[0m[38;2;229;248;252m[48;2;84;84;84m▀[0m[38;2;157;164;173m[48;2;84;84;84m▀[0m[38;2;157;164;173m[48;2;157;164;173m▀[0m[38;2;255;228;17m[48;2;7;7;7m▀[0m[38;2;229;248;252m[48;2;7;7;7m▀[0m[38;2;255;228;17m[48;2;255;228;17m▀[0m[38;2;157;164;173m[48;2;157;164;173m▀[0m[38;2;123;124;133m[48;2;157;164;173m▀[0m[38;2;7;7;7m[48;2;7;7;7m▀[0m 
 [38;2;7;7;7m[48;2;7;7;7m▀[0m[38;2;84;84;84m[48;2;238;240;240m▀[0m[38;2;238;240;240m[48;2;238;240;240m▀[0m[38;2;238;240;240m[48;2;238;240;240m▀[0m[38;2;84;84;84m[48;2;238;240;240m▀[0m[38;2;7;7;7m[48;2;84;84;84m▀[0m[38;2;7;7;7m[48;2;255;228;17m▀[0m[38;2;255;228;17m[48;2;157;164;173m▀[0m[38;2;157;164;173m[48;2;157;164;173m▀[0m[38;2;157;164;173m[48;2;157;164;173m▀[0m[38;2;7;7;7m[48;2;157;164;173m▀[0m[38;2;7;7;7m▄
[38;2;7;7;7m▄[38;2;7;7;7m[48;2;84;84;84m▀[0m[38;2;238;240;240m[48;2;177;167;178m▀[0m[38;2;238;240;240m[48;2;238;240;240m▀[0m[38;2;238;240;240m[48;2;177;167;178m▀[0m[38;2;238;240;240m[48;2;238;240;240m▀[0m[38;2;84;84;84m[48;2;84;84;84m▀[0m[38;2;157;164;173m[48;2;84;84;84m▀[0m[38;2;157;164;173m[48;2;157;164;173m▀[0m[38;2;157;164;173m[48;2;157;164;173m▀[0m[38;2;157;164;173m[48;2;157;164;173m▀[0m[38;2;157;164;173m[48;2;157;164;173m▀[0m[38;2;7;7;7m[48;2;7;7;7m▀[0m
[38;2;7;7;7m[48;2;7;7;7m▀[0m[38;2;123;124;133m[48;2;84;84;84m▀[0m[38;2;84;84;84m[48;2;123;124;133m▀[0m[38;2;84;84;84m[48;2;123;124;133m▀[0m[38;2;238;240;240m[48;2;84;84;84m▀[0m[38;2;84;84;84m[48;2;123;124;133m▀[0m[38;2;123;124;133m[48;2;123;124;133m▀[0m[38;2;123;124;133m[48;2;166;221;214m▀[0m[38;2;84;84;84m[48;2;157;164;173m▀[0m[38;2;157;164;173m[48;2;157;164;173m▀[0m[38;2;157;164;173m[48;2;84;84;84m▀[0m[38;2;157;164;173m[48;2;123;124;133m▀[0m[38;2;7;7;7m[48;2;7;7;7m▀[0m
[38;2;7;7;7m[48;2;7;7;7m▀[0m[38;2;123;124;133m[48;2;145;119;26m▀[0m[38;2;84;84;84m[48;2;123;124;133m▀[0m[38;2;166;221;214m[48;2;84;84;84m▀[0m[38;2;219;255;255m[48;2;219;255;255m▀[0m[38;2;219;255;255m[48;2;219;255;255m▀[0m[38;2;123;124;133m[48;2;219;255;255m▀[0m[38;2;123;124;133m[48;2;84;84;84m▀[0m[38;2;84;84;84m[48;2;123;124;133m▀[0m[38;2;84;84;84m[48;2;123;124;133m▀[0m[38;2;123;124;133m[48;2;123;124;133m▀[0m[38;2;7;7;7m[48;2;7;7;7m▀[0m 
 [38;2;7;7;7m[48;2;7;7;7m▀[0m[38;2;145;119;26m[48;2;84;84;84m▀[0m[38;2;84;84;84m[48;2;123;124;133m▀[0m[38;2;219;255;255m[48;2;84;84;84m▀[0m[38;2;219;255;255m[48;2;166;221;214m▀[0m[38;2;166;221;214m[48;2;166;221;214m▀[0m[38;2;84;84;84m[48;2;166;221;214m▀[0m[38;2;84;84;84m[48;2;145;119;26m▀[0m[38;2;145;119;26m[48;2;84;84;84m▀[0m[38;2;84;84;84m[48;2;123;124;133m▀[0m[38;2;123;124;133m[48;2;123;124;133m▀[0m[38;2;7;7;7m[48;2;7;7;7m▀[0m
 [38;2;7;7;7m▀[38;2;123;124;133m[48;2;7;7;7m▀[0m[38;2;84;84;84m[48;2;7;7;7m▀[0m[38;2;123;124;133m[48;2;7;7;7m▀[0m[38;2;7;7;7m▀[38;2;7;7;7m▀[38;2;7;7;7m▀[38;2;7;7;7m[48;2;7;7;7m▀[0m[38;2;84;84;84m[48;2;123;124;133m▀[0m[38;2;123;124;133m[48;2;84;84;84m▀[0m[38;2;84;84;84m[48;2;123;124;133m▀[0m[38;2;7;7;7m[48;2;7;7;7m▀[0m
         [38;2;7;7;7m▀[38;2;7;7;7m▀[38;2;7;7;7m▀ 
[0m