     [38;2;254;92;46m▄[38;2;254;92;46m[48;2;254;210;61m▀[0m[38;2;254;92;46m[48;2;254;210;61m▀[0m[38;2;254;92;46m▄           
    [38;2;254;92;46m[48;2;254;92;46m▀[0m[38;2;254;210;61m[48;2;254;92;46m▀[0m[38;2;254;210;61m[48;2;254;92;46m▀[0m[38;2;254;210;61m[48;2;254;210;61m▀[0m[38;2;254;210;61m[48;2;254;210;61m▀[0m[38;2;254;92;46m[48;2;254;92;46m▀[0m[38;2;254;92;46m[48;2;254;210;61m▀[0m[38;2;254;92;46m[48;2;254;92;46m▀[0m        
     [38;2;7;7;7m▄[38;2;7;7;7m▄[38;2;254;92;46m[48;2;254;92;46m▀[0m[38;2;254;210;61m[48;2;7;7;7m▀[0m[38;2;254;210;61m[48;2;7;7;7m▀[0m[38;2;254;92;46m[48;2;7;7;7m▀[0m         
   [38;2;7;7;7m▄[38;2;7;7;7m[48;2;170;164;147m▀[0m[38;2;255;248;223m[48;2;255;248;223m▀[0m[38;2;80;80;80m[48;2;255;248;223m▀[0m[38;2;80;80;80m[48;2;255;248;223m▀[0m[38;2;255;248;223m[48;2;255;248;223m▀[0m[38;2;255;248;223m[48;2;255;248;223m▀[0m[38;2;237;143;120m[48;2;255;248;223m▀[0m[38;2;7;7;7m[48;2;236;88;48m▀[0m[38;2;7;7;7m▄       
  [38;2;7;7;7m▄[38;2;7;7;7m[48;2;80;80;80m▀[0m[38;2;255;248;223m[48;2;80;80;80m▀[0m[38;2;255;248;223m[48;2;80;80;80m▀[0m[38;2;255;248;223m[48;2;255;248;223m▀[0m[38;2;255;248;223m[48;2;170;164;147m▀[0m[38;2;7;7;7m[48;2;248;248;248m▀[0m[38;2;170;164;147m[48;2;7;7;7m▀[0m[38;2;255;248;223m[48;2;255;248;223m▀[0m[38;2;237;143;120m[48;2;255;248;223m▀[0m[38;2;236;88;48m[48;2;236;88;48m▀[0m[38;2;7;7;7m[48;2;7;7;7m▀[0m      
[38;2;7;7;7m▄[38;2;7;7;7m[48;2;255;248;223m▀[0m[38;2;255;248;223m[48;2;170;164;147m▀[0m[38;2;255;248;223m[48;2;255;248;223m▀[0m[38;2;255;248;223m[48;2;170;164;147m▀[0m[38;2;255;248;223m[48;2;255;248;223m▀[0m[38;2;80;80;80m[48;2;255;248;223m▀[0m[38;2;80;80;80m[48;2;255;248;223m▀[0m[38;2;7;7;7m[48;2;170;164;147m▀[0m[38;2;7;7;7m[48;2;170;164;147m▀[0m[38;2;255;248;223m[48;2;255;248;223m▀[0m[38;2;255;248;223m[48;2;255;248;223m▀[0m[38;2;236;88;48m[48;2;236;88;48m▀[0m[38;2;236;88;48m[48;2;236;88;48m▀[0m[38;2;7;7;7m[48;2;7;7;7m▀[0m     
[38;2;7;7;7m▀[38;2;255;248;223m[48;2;7;7;7m▀[0m[38;2;80;80;80m[48;2;248;248;248m▀[0m[38;2;80;80;80m[48;2;248;248;248m▀[0m[38;2;255;248;223m[48;2;80;80;80m▀[0m[38;2;255;248;223m[48;2;80;80;80m▀[0m[38;2;255;248;223m[48;2;170;164;147m▀[0m[38;2;255;248;223m[48;2;255;248;223m▀[0m[38;2;255;248;223m[48;2;255;248;223m▀[0m[38;2;255;248;223m[48;2;255;248;223m▀[0m[38;2;255;248;223m[48;2;237;143;120m▀[0m[38;2;237;143;120m[48;2;236;88;48m▀[0m[38;2;236;88;48m[48;2;236;88;48m▀[0m[38;2;236;88;48m[48;2;236;88;48m▀[0m[38;2;7;7;7m[48;2;7;7;7m▀[0m     
  [38;2;7;7;7m[48;2;7;7;7m▀[0m[38;2;80;80;80m[48;2;80;80;80m▀[0m[38;2;164;72;96m[48;2;248;248;248m▀[0m[38;2;164;72;96m[48;2;221;118;119m▀[0m[38;2;80;80;80m[48;2;221;118;119m▀[0m[38;2;80;80;80m[48;2;248;248;248m▀[0m[38;2;80;80;80m[48;2;80;80;80m▀[0m[38;2;80;80;80m[48;2;236;88;48m▀[0m[38;2;236;88;48m[48;2;236;88;48m▀[0m[38;2;236;88;48m[48;2;80;80;80m▀[0m[38;2;236;88;48m[48;2;236;88;48m▀[0m[38;2;236;88;48m[48;2;236;88;48m▀[0m[38;2;192;68;40m[48;2;192;68;40m▀[0m[38;2;7;7;7m[48;2;7;7;7m▀[0m    
 [38;2;7;7;7m[48;2;7;7;7m▀[0m[38;2;80;80;80m[48;2;192;68;40m▀[0m[38;2;236;88;48m[48;2;80;80;80m▀[0m[38;2;80;80;80m[48;2;236;88;48m▀[0m[38;2;80;80;80m[48;2;236;88;48m▀[0m[38;2;80;80;80m[48;2;236;88;48m▀[0m[38;2;80;80;80m[48;2;236;88;48m▀[0m[38;2;236;88;48m[48;2;80;80;80m▀[0m[38;2;80;80;80m[48;2;236;88;48m▀[0m[38;2;80;80;80m[48;2;236;88;48m▀[0m[38;2;236;88;48m[48;2;236;88;48m▀[0m[38;2;236;88;48m[48;2;236;88;48m▀[0m[38;2;192;68;40m[48;2;192;68;40m▀[0m[38;2;192;68;40m[48;2;192;68;40m▀[0m[38;2;223;162;47m[48;2;192;68;40m▀[0m[38;2;7;7;7m[48;2;223;162;47m▀[0m[38;2;7;7;7m▄[38;2;7;7;7m▄ 
 [38;2;7;7;7m▀[38;2;192;68;40m[48;2;7;7;7m▀[0m[38;2;192;68;40m[48;2;7;7;7m▀[0m[38;2;80;80;80m[48;2;7;7;7m▀[0m[38;2;223;162;47m[48;2;80;80;80m▀[0m[38;2;223;162;47m[48;2;223;162;47m▀[0m[38;2;223;162;47m[48;2;223;162;47m▀[0m[38;2;80;80;80m[48;2;223;162;47m▀[0m[38;2;192;68;40m[48;2;80;80;80m▀[0m[38;2;236;88;48m[48;2;80;80;80m▀[0m[38;2;236;88;48m[48;2;80;80;80m▀[0m[38;2;80;80;80m[48;2;236;88;48m▀[0m[38;2;236;88;48m[48;2;236;88;48m▀[0m[38;2;192;68;40m[48;2;80;80;80m▀[0m[38;2;192;68;40m[48;2;170;164;147m▀[0m[38;2;192;68;40m[48;2;170;164;147m▀[0m[38;2;170;164;147m[48;2;170;164;147m▀[0m[38;2;170;164;147m[48;2;7;7;7m▀[0m[38;2;7;7;7m▀
    [38;2;7;7;7m[48;2;7;7;7m▀[0m[38;2;192;68;40m[48;2;80;80;80m▀[0m[38;2;80;80;80m[48;2;192;68;40m▀[0m[38;2;80;80;80m[48;2;192;68;40m▀[0m[38;2;170;164;147m[48;2;7;7;7m▀[0m[38;2;170;164;147m[48;2;7;7;7m▀[0m[38;2;80;80;80m[48;2;7;7;7m▀[0m[38;2;236;88;48m[48;2;80;80;80m▀[0m[38;2;236;88;48m[48;2;236;88;48m▀[0m[38;2;236;88;48m[48;2;80;80;80m▀[0m[38;2;192;68;40m[48;2;192;68;40m▀[0m[38;2;80;80;80m[48;2;7;7;7m▀[0m[38;2;7;7;7m▀[38;2;7;7;7m▀  
     [38;2;7;7;7m▀[38;2;7;7;7m▀[38;2;7;7;7m▀  [38;2;7;7;7m▀[38;2;80;80;80m[48;2;7;7;7m▀[0m[38;2;7;7;7m[48;2;7;7;7m▀[0m[38;2;80;80;80m[48;2;7;7;7m▀[0m[38;2;192;68;40m[48;2;7;7;7m▀[0m[38;2;7;7;7m▀    
[0m