
[38;2;0;0;0m        [38;2;35;47;45m██[38;2;3;4;3m  [38;2;0;0;0m                      
[38;2;0;0;0m        [38;2;140;190;181m██[38;2;108;146;139m██[38;2;58;79;75m  [38;2;0;0;0m                    
[38;2;0;0;0m        [38;2;139;190;180m████[38;2;139;190;181m██[38;2;139;190;180m██[38;2;17;23;22m  [38;2;0;0;0m                
[38;2;0;0;0m        [38;2;74;101;97m██[38;2;139;190;180m████[38;2;139;190;181m██[38;2;122;166;158m██[38;2;0;0;0m                
[38;2;0;0;0m        [38;2;49;69;67m██[38;2;138;189;180m██[38;2;139;190;181m██[38;2;139;190;180m██[38;2;139;190;181m██[38;2;135;184;175m██[38;2;0;0;0m              
[38;2;0;0;0m        [38;2;114;157;151m██[38;2;139;189;180m██[38;2;116;171;153m██[38;2;86;147;118m██[38;2;112;168;149m██[38;2;138;188;179m██[38;2;46;62;59m  [38;2;0;0;0m            
[38;2;0;0;0m    [38;2;5;10;8m  [38;2;120;166;158m██[38;2;139;190;180m██[38;2;123;177;162m██[38;2;83;160;112m██[38;2;99;181;132m██[38;2;81;158;114m██[38;2;122;181;161m██[38;2;61;83;79m██[38;2;0;0;0m            
[38;2;0;0;0m    [38;2;37;56;49m██[38;2;135;187;177m██[38;2;118;173;157m██[38;2;82;162;116m██[38;2;122;198;155m██[38;2;127;203;161m██[38;2;103;183;138m██[38;2;82;164;117m██[38;2;45;59;52m██[38;2;0;0;0m            
[38;2;0;0;0m    [38;2;99;147;131m██[38;2;138;190;180m██[38;2;102;163;138m██[38;2;85;172;121m██[38;2;122;199;156m██[38;2;124;204;160m██[38;2;103;172;130m██[38;2;85;148;107m██[38;2;87;103;92m██[38;2;63;63;63m██[38;2;24;24;24m  [38;2;0;0;0m        
[38;2;0;0;0m    [38;2;91;151;124m██[38;2;140;190;181m██[38;2;75;149;107m██[38;2;87;175;123m██[38;2;94;177;127m██[38;2;90;115;89m██[38;2;143;155;144m██[38;2;161;165;161m██[38;2;235;235;234m██[38;2;238;238;238m██[38;2;24;24;24m  [38;2;0;0;0m        
[38;2;0;0;0m    [38;2;22;42;31m██[38;2;129;181;168m██[38;2;75;149;107m██[38;2;87;175;123m██[38;2;84;133;96m██[38;2;204;182;187m██[38;2;192;168;170m██[38;2;166;190;189m██[38;2;125;125;125m██[38;2;0;0;0m            
[38;2;0;0;0m    [38;2;5;10;7m  [38;2;81;122;104m██[38;2;98;169;139m██[38;2;87;160;123m██[38;2;109;94;87m██[38;2;145;46;68m██[38;2;196;209;207m██[38;2;220;237;237m██[38;2;200;197;200m██[38;2;0;0;0m            
[38;2;17;35;26m██[38;2;27;53;39m██[38;2;32;37;35m██[38;2;55;92;68m██[38;2;75;111;97m██[38;2;86;150;120m██[38;2;120;110;110m██[38;2;166;158;161m██[38;2;116;120;117m██[38;2;66;82;73m██[38;2;45;51;48m██[38;2;0;0;0m        [38;2;4;8;6m  [38;2;5;11;8m  
[38;2;17;35;25m██[38;2;68;133;96m██[38;2;69;122;93m██[38;2;24;48;35m██[38;2;0;0;0m  [38;2;31;43;41m  [38;2;99;76;73m██[38;2;70;115;90m██[38;2;70;102;82m██[38;2;72;87;73m██[38;2;68;101;83m██[38;2;53;98;73m██[38;2;20;37;28m  [38;2;0;0;0m  [38;2;45;88;62m  [38;2;72;139;98m██[38;2;23;46;32m██
[38;2;14;26;19m  [38;2;67;125;92m██[38;2;48;89;66m██[38;2;0;0;0m    [38;2;129;41;61m  [38;2;179;61;82m██[38;2;89;171;121m██[38;2;110;144;120m██[38;2;79;60;59m  [38;2;0;0;0m  [38;2;4;8;6m  [38;2;64;111;83m██[38;2;78;148;105m██[38;2;87;174;123m██[38;2;71;138;97m██[38;2;0;0;0m  
[38;2;0;0;0m  [38;2;53;106;78m██[38;2;45;55;50m██[38;2;0;0;0m  [38;2;0;1;0m  [38;2;174;174;174m  [38;2;92;95;84m██[38;2;72;143;105m██[38;2;231;239;234m██[38;2;191;185;185m  [38;2;0;0;0m    [38;2;50;91;65m██[38;2;86;173;119m██[38;2;89;174;123m██[38;2;17;34;24m  [38;2;0;0;0m  
[38;2;0;0;0m        [38;2;0;1;0m  [38;2;116;117;116m  [38;2;174;200;190m██[38;2;91;148;121m██[38;2;233;236;236m██[38;2;120;139;139m  [38;2;0;0;0m  [38;2;7;13;9m██[38;2;85;121;91m██[38;2;65;131;90m██[38;2;21;42;29m  [38;2;0;0;0m    
[38;2;0;0;0m          [38;2;112;129;129m  [38;2;132;148;148m██[38;2;42;48;48m██[38;2;137;140;140m██[38;2;185;186;187m  [38;2;0;0;0m  [38;2;1;1;1m  [38;2;21;34;25m██[38;2;0;0;0m        
[38;2;0;0;0m      [38;2;35;39;40m  [38;2;156;177;179m██[38;2;127;146;145m██[38;2;0;0;0m      [38;2;193;193;193m██[38;2;190;195;202m██[38;2;58;58;58m  [38;2;0;0;0m          
[38;2;0;0;0m      [38;2;134;158;161m██[38;2;128;149;150m██[38;2;14;16;16m██[38;2;0;0;0m      [38;2;7;7;7m██[38;2;255;255;255m██[38;2;232;232;233m██[38;2;0;1;2m  [38;2;0;0;0m        
[38;2;0;0;0m                    [38;2;142;142;142m██[38;2;177;178;178m██[38;2;97;97;97m██[38;2;0;0;0m        
[38;2;0;0;0m                    [38;2;35;35;35m  [38;2;44;47;44m██[38;2;24;25;24m  [38;2;0;0;0m        [0m
