
[38;2;0;0;0m        [38;2;21;18;21m  [38;2;58;49;58m██████[38;2;36;27;47m██[38;2;0;0;0m                    
[38;2;0;0;0m        [38;2;143;125;143m██[38;2;200;171;200m██[38;2;213;181;213m██[38;2;213;180;213m██[38;2;154;119;181m██[38;2;140;108;167m████[38;2;5;5;5m  [38;2;103;99;100m██[38;2;0;0;0m            
[38;2;0;0;0m      [38;2;161;135;161m██[38;2;98;86;98m████[38;2;192;160;192m████[38;2;157;124;172m██[38;2;143;105;184m██[38;2;160;118;200m██[38;2;132;107;151m██[38;2;133;118;74m██[38;2;116;94;62m██[38;2;80;57;26m██[38;2;0;0;0m        
[38;2;0;0;0m      [38;2;11;9;11m  [38;2;73;69;73m██████[38;2;151;122;151m██[38;2;156;125;156m██[38;2;94;60;147m██[38;2;101;70;145m██[38;2;73;68;72m██[38;2;254;214;89m██[38;2;219;159;71m██[38;2;220;157;72m██[38;2;0;0;0m        
[38;2;0;0;0m        [38;2;83;58;121m██[38;2;105;78;142m██[38;2;83;68;105m██[38;2;96;74;127m██[38;2;98;78;121m██[38;2;81;66;94m██[38;2;123;97;145m██[38;2;123;101;142m██[38;2;129;93;172m██[38;2;92;60;143m██[38;2;92;69;120m██[38;2;53;40;68m  [38;2;0;0;0m      
[38;2;0;0;0m        [38;2;65;64;65m██[38;2;129;100;158m██[38;2;110;92;123m██[38;2;172;131;205m██[38;2;159;117;195m██[38;2;147;105;186m██[38;2;99;69;136m██[38;2;65;52;81m██[38;2;65;64;65m██[38;2;172;133;205m██[38;2;123;86;167m██[38;2;101;66;151m██[38;2;139;99;189m██[38;2;0;0;0m    
[38;2;0;0;0m    [38;2;23;16;32m  [38;2;100;77;127m██[38;2;113;85;146m██[38;2;72;61;86m██[38;2;172;128;214m██[38;2;132;94;173m██[38;2;133;98;172m██[38;2;138;99;179m██[38;2;172;130;206m██[38;2;172;130;208m██[38;2;143;114;168m██[38;2;117;93;137m██[38;2;95;82;107m██[38;2;133;96;175m██[38;2;131;91;181m██[38;2;109;76;152m██[38;2;0;0;0m  
[38;2;0;0;0m  [38;2;1;0;0m  [38;2;168;65;66m██[38;2;127;91;170m██[38;2;139;97;189m██[38;2;140;103;178m██[38;2;105;75;141m██[38;2;168;129;202m██[38;2;125;95;156m██[38;2;175;131;200m██[38;2;162;126;192m████[38;2;165;126;198m██[38;2;100;77;121m██[38;2;65;60;69m██[38;2;159;121;196m██[38;2;94;60;147m██[38;2;66;45;94m  [38;2;0;0;0m  
[38;2;0;0;0m  [38;2;12;0;0m  [38;2;132;117;131m██[38;2;90;71;115m██[38;2;146;105;192m██[38;2;170;130;204m██[38;2;172;132;204m██[38;2;125;88;168m██[38;2;115;88;144m██[38;2;118;87;98m██[38;2;151;99;103m██[38;2;180;104;96m██[38;2;104;72;142m██[38;2;131;91;185m██[38;2;116;88;145m██[38;2;112;84;141m██[38;2;35;21;53m██[38;2;0;0;0m    
[38;2;0;0;0m    [38;2;48;47;49m  [38;2;118;114;124m██[38;2;110;77;160m██[38;2;102;66;155m██[38;2;104;71;151m██[38;2;123;86;170m██[38;2;181;134;122m██[38;2;183;109;104m██[38;2;219;112;107m██[38;2;217;111;104m██[38;2;105;82;133m██[38;2;71;43;108m  [38;2;0;0;0m          
[38;2;0;0;0m    [38;2;0;0;1m  [38;2;43;41;44m  [38;2;143;140;147m██[38;2;183;165;200m██[38;2;202;189;214m██[38;2;156;153;152m██[38;2;135;88;100m██[38;2;197;63;64m██[38;2;181;79;94m██[38;2;123;83;177m██[38;2;88;65;110m██[38;2;99;80;99m  [38;2;0;0;0m          
[38;2;0;0;0m    [38;2;37;26;51m██[38;2;87;54;132m██[38;2;64;56;72m██[38;2;53;38;63m██[38;2;116;96;137m██[38;2;118;88;156m██[38;2;111;67;98m██[38;2;84;75;93m██[38;2;74;67;85m██[38;2;84;70;104m██[38;2;163;129;181m██[38;2;125;103;126m██[38;2;45;36;48m██[38;2;123;86;168m██[38;2;11;9;15m  [38;2;9;7;11m  [38;2;12;9;14m  
[38;2;0;0;0m  [38;2;89;62;122m  [38;2;127;87;178m██[38;2;95;61;149m██[38;2;11;6;16m  [38;2;0;0;0m  [38;2;46;37;58m██[38;2;123;86;171m██[38;2;125;91;158m██[38;2;165;121;212m██[38;2;118;96;137m██[38;2;162;122;198m██[38;2;137;101;161m██[38;2;169;135;181m██[38;2;40;37;38m██[38;2;108;80;148m██[38;2;82;61;107m██[38;2;147;113;175m██[38;2;45;34;53m██
[38;2;20;17;20m  [38;2;95;76;107m██[38;2;64;50;73m  [38;2;0;0;0m          [38;2;87;64;114m██[38;2;133;107;154m██[38;2;104;84;120m██[38;2;132;99;162m██[38;2;92;70;115m██[38;2;55;34;84m  [38;2;0;0;0m  [38;2;10;8;13m  [38;2;86;65;108m██[38;2;169;129;203m██[38;2;42;31;52m██
[38;2;56;47;56m██[38;2;55;46;56m██[38;2;0;0;0m            [38;2;94;73;118m██[38;2;91;60;140m██[38;2;95;61;143m██[38;2;125;90;169m██[38;2;2;1;2m  [38;2;0;0;0m      [38;2;117;90;140m██[38;2;159;120;201m██[38;2;36;26;49m██
[38;2;0;0;0m          [38;2;56;39;76m  [38;2;86;59;121m██[38;2;119;81;170m██[38;2;101;79;125m██[38;2;95;60;147m██[38;2;140;102;181m██[38;2;169;133;196m  [38;2;89;69;109m██[38;2;124;86;169m██[38;2;0;0;0m  [38;2;28;22;32m██[38;2;152;118;178m██[38;2;131;101;161m██[38;2;19;14;26m  
[38;2;0;0;0m        [38;2;51;35;69m██[38;2;98;63;152m██[38;2;94;60;147m██[38;2;95;62;147m██[38;2;78;61;93m██[38;2;97;60;147m██[38;2;213;182;217m██[38;2;143;110;166m██[38;2;126;103;146m██[38;2;124;86;169m██[38;2;0;0;0m  [38;2;0;0;2m  [38;2;134;104;150m██[38;2;168;143;168m██[38;2;0;0;0m  
[38;2;0;0;0m          [38;2;27;26;28m  [38;2;83;62;110m██[38;2;4;7;5m██[38;2;0;0;0m  [38;2;74;55;96m██[38;2;102;84;118m██[38;2;63;56;80m██[38;2;138;111;160m██[38;2;102;80;128m██[38;2;51;35;69m██[38;2;0;0;0m  [38;2;66;56;66m  [38;2;0;0;0m    
[38;2;0;0;0m            [38;2;60;42;81m██[38;2;96;61;149m██[38;2;0;0;0m      [38;2;2;2;3m  [38;2;77;58;104m██[38;2;87;53;132m██[38;2;0;0;0m          
[38;2;0;0;0m          [38;2;88;71;88m  [38;2;85;68;93m██[38;2;34;21;53m██[38;2;0;0;0m        [38;2;81;58;111m██[38;2;117;77;169m██[38;2;23;17;31m  [38;2;0;0;0m        
[38;2;0;0;0m                        [38;2;65;45;89m██[38;2;90;82;96m██[38;2;51;44;53m██[38;2;0;0;0m        
[38;2;0;0;0m                          [38;2;58;49;58m██[38;2;48;39;48m██[38;2;0;0;0m        [0m
