
[38;2;0;0;0m                      [38;2;35;19;42m  [38;2;0;0;0m                                    
[38;2;0;0;0m                      [38;2;151;87;183m██[38;2;40;23;48m  [38;2;0;0;0m                                  
[38;2;0;0;0m                      [38;2;152;88;184m██[38;2;109;82;124m██[38;2;15;15;15m  [38;2;39;25;46m  [38;2;0;0;0m  [38;2;42;29;50m  [38;2;53;36;63m██[38;2;164;109;193m██[38;2;76;51;90m  [38;2;0;0;0m                    
[38;2;0;0;0m                      [38;2;144;85;172m██[38;2;142;102;164m██[38;2;147;101;172m██[38;2;158;102;187m██[38;2;134;85;161m██[38;2;171;115;203m██[38;2;181;122;213m██[38;2;99;81;109m██[38;2;88;59;104m  [38;2;0;0;0m      [38;2;67;38;82m  [38;2;118;67;143m██[38;2;0;0;0m          
[38;2;0;0;0m                      [38;2;118;86;133m██[38;2;156;109;182m██[38;2;181;123;214m██████[38;2;174;113;207m██[38;2;162;102;195m██[38;2;175;115;208m██[38;2;159;100;192m██[38;2;65;43;78m██[38;2;116;78;137m██[38;2;172;111;205m██[38;2;156;89;189m██[38;2;97;55;117m  [38;2;0;0;0m          
[38;2;0;0;0m                      [38;2;166;115;195m██[38;2;181;122;214m██[38;2;181;123;214m██████[38;2;178;118;211m██[38;2;178;119;211m██[38;2;181;122;214m██[38;2;178;120;211m██[38;2;181;122;214m██[38;2;171;109;204m██[38;2;156;89;189m████[38;2;0;0;0m            
[38;2;0;0;0m                  [38;2;3;2;4m  [38;2;136;79;112m██[38;2;181;123;214m██[38;2;166;108;199m██[38;2;168;105;201m██[38;2;165;107;198m██[38;2;181;122;214m████[38;2;177;118;210m██[38;2;158;92;191m██[38;2;175;115;208m██[38;2;172;111;205m██[38;2;156;89;189m████[38;2;76;50;91m██[38;2;0;0;0m            
[38;2;0;0;0m                  [38;2;10;5;12m██[38;2;210;123;109m██[38;2;161;96;194m██[38;2;142;84;175m██[38;2;170;111;203m██[38;2;162;103;195m██[38;2;175;114;208m██[38;2;158;92;191m██[38;2;157;91;190m██[38;2;156;89;189m██[38;2;157;91;190m██[38;2;156;90;189m██[38;2;156;89;189m██[38;2;126;66;159m██[38;2;83;65;95m██[38;2;82;55;102m  [38;2;0;0;0m          
[38;2;0;0;0m                  [38;2;162;91;184m██[38;2;247;139;122m██[38;2;183;63;155m██[38;2;138;76;171m██[38;2;156;89;189m██[38;2;146;81;179m██[38;2;189;120;142m██[38;2;199;126;134m██[38;2;240;159;78m██[38;2;168;93;170m██[38;2;156;89;189m████████[38;2;92;65;107m██[38;2;37;25;46m  [38;2;0;0;0m          
[38;2;0;0;0m                [38;2;60;32;77m  [38;2;111;66;130m██[38;2;215;60;137m██[38;2;241;186;104m██[38;2;155;89;188m██[38;2;149;75;154m██[38;2;245;66;107m██[38;2;253;87;105m██[38;2;254;213;88m██[38;2;224;173;118m██[38;2;156;90;187m██[38;2;156;89;189m██████[38;2;125;65;158m██[38;2;120;65;152m██[38;2;69;64;72m██[38;2;36;24;45m  [38;2;0;0;0m        
[38;2;0;0;0m                [38;2;71;32;72m██[38;2;70;70;75m██[38;2;153;139;176m██[38;2;130;80;159m██[38;2;130;76;162m██[38;2;165;95;172m██[38;2;211;150;191m██[38;2;211;84;144m  [38;2;209;169;128m██[38;2;139;79;172m██[38;2;156;89;189m████[38;2;142;79;175m██[38;2;132;72;165m██[38;2;123;64;156m██[38;2;123;65;156m██[38;2;90;67;105m██[38;2;65;44;82m██[38;2;0;0;0m    [38;2;10;5;13m  [38;2;14;7;18m██
[38;2;0;0;0m                [38;2;92;65;110m██[38;2;176;49;125m██[38;2;141;137;141m██[38;2;239;236;241m██[38;2;224;212;229m██[38;2;100;59;131m██[38;2;100;64;125m████[38;2;100;59;131m██[38;2;199;181;208m██[38;2;148;85;180m██[38;2;124;64;157m██[38;2;123;65;156m██[38;2;122;65;156m██[38;2;123;65;156m██[38;2;122;65;156m██[38;2;114;69;145m██[38;2;0;5;1m  [38;2;0;0;0m    [38;2;24;13;31m██[38;2;32;17;41m██
[38;2;0;0;0m              [38;2;59;31;75m██[38;2;92;65;107m██[38;2;206;40;107m██[38;2;121;55;82m██[38;2;117;45;73m██[38;2;82;59;67m██[38;2;132;133;132m██[38;2;136;137;136m██[38;2;151;152;151m██[38;2;153;155;153m██[38;2;107;107;107m██[38;2;115;65;144m██[38;2;122;65;156m████[38;2;123;65;156m██[38;2;122;65;156m██████[38;2;49;26;62m██[38;2;0;0;0m  [38;2;39;20;50m  [38;2;98;51;124m██[38;2;0;0;0m  
[38;2;0;0;0m    ██        [38;2;123;65;156m██[38;2;140;52;87m██[38;2;196;42;104m██[38;2;130;40;75m██[38;2;158;29;79m██[38;2;137;37;76m██[38;2;173;24;81m████████[38;2;137;39;79m██[38;2;123;49;97m██[38;2;122;65;156m██[38;2;123;65;156m██[38;2;122;65;156m██[38;2;123;65;156m██████[38;2;49;26;62m██[38;2;0;0;1m  [38;2;154;50;118m██[38;2;98;51;124m██[38;2;0;0;0m  
[38;2;21;12;26m  [38;2;80;46;98m██[38;2;120;75;146m  [38;2;73;39;91m██[38;2;0;0;0m    [38;2;29;15;37m  [38;2;122;65;156m██[38;2;140;51;87m██[38;2;196;42;104m██[38;2;130;40;75m██[38;2;158;29;79m██[38;2;137;37;76m██[38;2;173;22;81m██[38;2;131;36;73m██[38;2;98;38;61m██[38;2;161;28;80m██[38;2;116;47;78m██[38;2;71;65;71m██[38;2;122;65;156m██[38;2;123;65;156m████[38;2;122;65;156m████[38;2;123;65;156m████[38;2;61;38;52m██[38;2;210;61;151m██[38;2;0;0;0m    
[38;2;0;0;0m  [38;2;123;70;150m██[38;2;117;75;139m██[38;2;127;68;160m██[38;2;75;40;95m██[38;2;0;0;0m  [38;2;58;31;73m██[38;2;120;65;152m██[38;2;143;51;88m██[38;2;73;62;67m██[38;2;173;24;81m██[38;2;80;59;68m██[38;2;173;24;82m██[38;2;151;31;78m██[38;2;103;41;65m██[38;2;102;22;53m██[38;2;148;33;77m██[38;2;83;44;59m██[38;2;71;58;62m██[38;2;123;65;156m████[38;2;123;66;155m██[38;2;123;65;156m████[38;2;123;65;155m██[38;2;123;65;156m██[38;2;90;65;81m██[38;2;77;21;53m██[38;2;0;0;0m    
[38;2;0;0;0m  [38;2;43;23;55m  [38;2;132;71;165m██[38;2;122;65;156m██[38;2;123;68;156m██[38;2;39;31;50m██[38;2;120;65;112m██[38;2;65;65;65m██[38;2;206;40;107m██[38;2;73;62;67m██[38;2;173;24;81m██[38;2;80;59;68m██[38;2;133;39;76m██[38;2;103;50;71m██[38;2;101;23;53m██[38;2;114;8;48m██[38;2;97;28;54m██[38;2;115;8;48m██[38;2;71;58;62m██[38;2;123;65;156m████████[38;2;122;65;156m██[38;2;123;65;156m████[38;2;166;60;143m██[38;2;9;9;9m  [38;2;0;0;0m    
[38;2;0;0;0m    [38;2;123;65;155m██[38;2;123;65;156m██[38;2;128;65;156m██[38;2;131;65;156m██[38;2;146;65;112m██[38;2;65;65;65m██[38;2;201;40;105m██[38;2;82;60;69m██[38;2;110;47;72m██[38;2;73;61;67m██[38;2;134;38;76m██[38;2;146;34;78m██[38;2;73;63;69m██[38;2;65;65;65m██[38;2;71;56;60m██[38;2;112;32;64m██[38;2;71;58;62m██[38;2;123;65;156m██[38;2;121;73;142m██[38;2;95;69;106m██[38;2;72;66;75m██[38;2;121;65;152m██[38;2;123;65;156m██[38;2;187;65;161m██[38;2;114;56;135m██[38;2;0;0;0m      
[38;2;0;0;0m    [38;2;171;65;155m██[38;2;185;63;157m██[38;2;178;65;160m██[38;2;235;65;164m██[38;2;125;44;91m██[38;2;75;54;65m██[38;2;148;103;127m██[38;2;123;53;82m██[38;2;155;30;79m██[38;2;109;48;72m██[38;2;119;52;84m██[38;2;132;53;93m██[38;2;121;55;89m██[38;2;124;55;90m██[38;2;156;44;98m██[38;2;111;48;77m██[38;2;68;62;64m██[38;2;110;68;131m██[38;2;85;64;99m██[38;2;122;75;147m██[38;2;156;85;189m██[38;2;97;68;111m██[38;2;187;65;160m██[38;2;164;65;159m██[38;2;207;56;143m██[38;2;0;0;0m      
[38;2;0;0;0m    [38;2;68;23;55m  [38;2;211;58;147m██[38;2;212;57;146m██[38;2;14;3;9m  [38;2;0;0;0m  [38;2;175;128;160m██[38;2;167;146;156m██[38;2;166;167;166m██[38;2;79;65;73m██[38;2;165;50;108m██[38;2;154;49;102m██[38;2;75;64;70m██[38;2;141;52;97m██[38;2;153;50;102m██[38;2;93;58;74m██[38;2;109;48;72m██[38;2;80;59;68m██[38;2;102;70;114m██[38;2;155;88;188m██[38;2;128;77;157m██[38;2;156;89;189m██[38;2;111;72;128m██[38;2;126;63;146m██[38;2;223;61;153m██[38;2;0;0;0m        
[38;2;0;0;0m              [38;2;88;39;66m██[38;2;141;60;103m██[38;2;146;70;109m██[38;2;142;69;107m██[38;2;115;68;92m██[38;2;145;67;107m██[38;2;172;63;120m██[38;2;119;55;88m██[38;2;133;39;76m██[38;2;165;27;80m██[38;2;105;49;71m██[38;2;71;62;66m██[38;2;142;65;126m██[38;2;130;72;161m██[38;2;156;89;189m████[38;2;128;68;161m██[38;2;79;45;60m██[38;2;35;19;26m  [38;2;0;0;0m        
[38;2;0;0;0m            [38;2;28;10;19m██[38;2;189;73;131m██[38;2;187;71;129m██[38;2;184;68;126m██[38;2;180;64;122m██[38;2;188;72;130m██[38;2;145;88;116m██[38;2;97;74;84m██[38;2;90;90;90m██[38;2;86;85;86m██[38;2;84;85;84m██[38;2;163;157;167m██[38;2;86;74;95m██[38;2;116;65;110m██[38;2;118;64;150m██[38;2;151;85;184m██[38;2;122;64;156m██[38;2;122;65;156m██[38;2;148;52;128m██[38;2;0;1;3m  [38;2;0;0;0m        
[38;2;0;0;0m        [38;2;50;19;35m  [38;2;126;49;88m██[38;2;189;73;131m██[38;2;172;56;115m██[38;2;177;61;119m██[38;2;181;65;123m██[38;2;183;67;125m██[38;2;160;63;111m██[38;2;158;55;110m██[38;2;131;103;119m██[38;2;120;121;120m██[38;2;111;111;111m██[38;2;108;108;108m██[38;2;181;64;132m██[38;2;197;77;152m██[38;2;170;61;126m██[38;2;119;63;149m██[38;2;164;64;159m██[38;2;200;64;162m██[38;2;164;65;159m██[38;2;161;56;138m██[38;2;0;1;3m  [38;2;0;0;0m        
[38;2;0;0;0m    [38;2;11;4;8m  [38;2;168;65;117m██[38;2;188;73;131m████[38;2;189;73;131m████[38;2;187;71;129m██[38;2;183;69;126m██[38;2;58;21;40m  [38;2;0;6;0m  [38;2;0;13;4m  [38;2;194;58;134m██[38;2;194;52;134m██████[38;2;194;53;134m████[38;2;0;9;0m  [38;2;181;50;125m  [38;2;188;65;161m██[38;2;144;65;157m██[38;2;188;65;161m██[38;2;168;58;144m  [38;2;0;1;2m  [38;2;0;0;0m        
[38;2;0;0;0m    [38;2;63;24;44m██[38;2;189;73;131m██[38;2;188;73;131m██[38;2;189;73;131m██████[38;2;172;55;114m██[38;2;47;15;31m  [38;2;0;0;0m                      [38;2;70;19;48m██████[38;2;0;0;0m            
[38;2;0;0;0m    [38;2;42;12;27m  [38;2;176;63;120m██[38;2;183;67;125m████[38;2;155;50;103m██[38;2;128;37;83m██[38;2;0;0;0m                                            
[38;2;0;0;0m      [38;2;37;10;24m  [38;2;42;12;27m████[38;2;23;7;15m  [38;2;0;0;0m                                              [0m
