[38;2;7;7;7m[48;2;7;7;7m▀[0m[38;2;7;7;7m[48;2;241;202;79m▀[0m[38;2;7;7;7m▄             
 [38;2;7;7;7m▀[38;2;7;7;7m▀[38;2;7;7;7m▀[38;2;7;7;7m▄[38;2;7;7;7m▄  [38;2;7;7;7m▄[38;2;7;7;7m▄[38;2;7;7;7m▄     
    [38;2;7;7;7m▄[38;2;7;7;7m[48;2;7;7;7m▀[0m[38;2;7;7;7m▄[38;2;7;7;7m▄[38;2;7;7;7m[48;2;7;7;7m▀[0m[38;2;7;7;7m▄ [38;2;7;7;7m▀[38;2;7;7;7m▀[38;2;7;7;7m[48;2;7;7;7m▀[0m[38;2;7;7;7m[48;2;241;202;79m▀[0m[38;2;7;7;7m▄
  [38;2;7;7;7m▄[38;2;7;7;7m[48;2;68;83;114m▀[0m[38;2;187;196;219m[48;2;187;196;219m▀[0m[38;2;187;196;219m[48;2;187;196;219m▀[0m[38;2;187;196;219m[48;2;187;196;219m▀[0m[38;2;187;196;219m[48;2;187;196;219m▀[0m[38;2;187;196;219m[48;2;187;196;219m▀[0m[38;2;187;196;219m[48;2;187;196;219m▀[0m[38;2;7;7;7m[48;2;187;196;219m▀[0m[38;2;7;7;7m▄  [38;2;7;7;7m▀[38;2;7;7;7m▀
  [38;2;7;7;7m[48;2;7;7;7m▀[0m[38;2;241;202;79m[48;2;241;202;79m▀[0m[38;2;68;83;114m[48;2;68;83;114m▀[0m[38;2;187;196;219m[48;2;68;83;114m▀[0m[38;2;187;196;219m[48;2;68;83;114m▀[0m[38;2;68;83;114m[48;2;241;202;79m▀[0m[38;2;68;83;114m[48;2;241;202;79m▀[0m[38;2;187;196;219m[48;2;68;83;114m▀[0m[38;2;187;196;219m[48;2;187;196;219m▀[0m[38;2;7;7;7m[48;2;7;7;7m▀[0m    
  [38;2;7;7;7m[48;2;7;7;7m▀[0m[38;2;68;83;114m[48;2;187;196;219m▀[0m[38;2;187;196;219m[48;2;187;196;219m▀[0m[38;2;187;196;219m[48;2;187;196;219m▀[0m[38;2;68;83;114m[48;2;187;196;219m▀[0m[38;2;241;202;79m[48;2;68;83;114m▀[0m[38;2;241;202;79m[48;2;68;83;114m▀[0m[38;2;68;83;114m[48;2;187;196;219m▀[0m[38;2;187;196;219m[48;2;137;147;171m▀[0m[38;2;49;51;56m[48;2;49;51;56m▀[0m[38;2;7;7;7m[48;2;205;168;52m▀[0m[38;2;7;7;7m▄  
   [38;2;7;7;7m▀[38;2;187;196;219m[48;2;7;7;7m▀[0m[38;2;68;83;114m[48;2;137;147;171m▀[0m[38;2;187;196;219m[48;2;137;147;171m▀[0m[38;2;187;196;219m[48;2;137;147;171m▀[0m[38;2;187;196;219m[48;2;137;147;171m▀[0m[38;2;187;196;219m[48;2;49;51;56m▀[0m[38;2;49;51;56m[48;2;241;202;79m▀[0m[38;2;135;96;45m[48;2;135;96;45m▀[0m[38;2;205;168;52m[48;2;205;168;52m▀[0m[38;2;7;7;7m[48;2;7;7;7m▀[0m  
   [38;2;7;7;7m▄[38;2;7;7;7m[48;2;68;83;114m▀[0m[38;2;68;83;114m[48;2;137;147;171m▀[0m[38;2;68;83;114m[48;2;137;147;171m▀[0m[38;2;68;83;114m[48;2;137;147;171m▀[0m[38;2;49;51;56m[48;2;49;51;56m▀[0m[38;2;135;96;45m[48;2;135;96;45m▀[0m[38;2;205;168;52m[48;2;135;96;45m▀[0m[38;2;241;202;79m[48;2;205;168;52m▀[0m[38;2;205;168;52m[48;2;7;7;7m▀[0m[38;2;7;7;7m▀  
  [38;2;7;7;7m▀[38;2;137;147;171m[48;2;7;7;7m▀[0m[38;2;68;83;114m[48;2;49;51;56m▀[0m[38;2;187;196;219m[48;2;187;196;219m▀[0m[38;2;187;196;219m[48;2;187;196;219m▀[0m[38;2;137;147;171m[48;2;68;83;114m▀[0m[38;2;137;147;171m[48;2;137;147;171m▀[0m[38;2;49;51;56m[48;2;49;51;56m▀[0m[38;2;205;168;52m[48;2;7;7;7m▀[0m[38;2;205;168;52m[48;2;7;7;7m▀[0m[38;2;7;7;7m▀   
    [38;2;7;7;7m▀[38;2;7;7;7m▀[38;2;7;7;7m▀[38;2;137;147;171m[48;2;7;7;7m▀[0m[38;2;68;83;114m[48;2;7;7;7m▀[0m[38;2;7;7;7m▀      
[0m