
[38;2;0;0;0m              [38;2;50;43;27m  [38;2;16;14;13m  [38;2;40;39;38m  [38;2;46;48;42m██[38;2;54;49;25m██[38;2;0;0;0m              [38;2;13;13;13m    [38;2;0;0;0m              
[38;2;0;0;0m        [38;2;0;0;1m  [38;2;0;0;6m  [38;2;50;44;21m  [38;2;123;113;77m██[38;2;91;88;84m██[38;2;190;185;180m██[38;2;168;165;158m██[38;2;204;182;96m██[38;2;164;146;78m████[38;2;0;0;0m          [38;2;48;48;48m  [38;2;79;81;79m  [38;2;53;52;53m  [38;2;0;0;0m            
[38;2;0;0;0m      [38;2;67;59;28m  [38;2;112;99;53m██[38;2;151;133;73m██[38;2;229;204;102m██[38;2;130;123;105m██[38;2;198;194;189m████[38;2;147;142;128m██[38;2;219;195;99m██[38;2;217;193;99m██[38;2;167;151;88m██[38;2;246;218;105m██[38;2;128;113;55m██[38;2;67;59;29m  [38;2;0;0;2m  [38;2;0;0;0m    [38;2;51;51;51m  [38;2;91;93;91m██[38;2;72;72;72m██[38;2;16;16;16m  [38;2;0;0;0m        
[38;2;0;0;0m    [38;2;37;27;20m  [38;2;168;124;89m██[38;2;200;179;95m██████[38;2;166;161;158m██[38;2;169;164;160m██[38;2;76;75;76m██[38;2;233;207;103m██[38;2;246;218;105m████[38;2;110;102;75m██[38;2;246;218;105m████[38;2;240;212;105m██[38;2;111;97;56m██[38;2;0;0;0m    [38;2;16;16;16m  [38;2;86;88;86m██[38;2;93;96;93m██[38;2;67;67;67m  [38;2;44;43;44m  [38;2;0;0;0m      
[38;2;0;0;0m    [38;2;30;29;30m  [38;2;85;71;42m██[38;2;164;136;74m██[38;2;152;136;81m██[38;2;246;218;105m██[38;2;171;154;89m████[38;2;246;218;105m████[38;2;184;165;92m██[38;2;159;144;86m██[38;2;221;196;100m██[38;2;210;173;98m██[38;2;218;184;90m██[38;2;175;134;73m██[38;2;113;87;54m██[38;2;0;0;0m    [38;2;16;16;16m  [38;2;86;88;86m██[38;2;95;97;95m██[38;2;94;97;94m██[38;2;78;78;78m██[38;2;41;41;41m  [38;2;0;0;0m    
[38;2;0;0;0m  [38;2;48;48;48m  [38;2;95;97;95m██[38;2;94;97;94m██[38;2;16;14;10m██[38;2;65;59;40m██[38;2;207;172;81m██[38;2;248;215;102m████[38;2;213;168;79m██[38;2;73;48;48m██[38;2;67;60;60m██[38;2;246;218;105m██[38;2;187;145;93m██[38;2;191;157;63m██[38;2;189;157;64m██[38;2;141;117;48m██[38;2;0;0;0m    [38;2;48;48;48m  [38;2;72;72;72m██[38;2;95;97;95m██████[38;2;94;97;94m██[38;2;72;72;72m██[38;2;0;0;0m    
[38;2;0;0;0m  [38;2;48;48;48m  [38;2;90;92;90m██[38;2;78;79;78m██[38;2;84;86;87m██[38;2;79;69;40m██[38;2;130;111;63m██[38;2;173;144;69m██[38;2;120;103;72m██[38;2;100;78;65m██[38;2;117;77;58m██[38;2;132;108;76m██[38;2;246;216;102m██[38;2;196;159;82m██[38;2;113;97;55m██[38;2;43;36;18m  [38;2;0;1;5m  [38;2;0;0;0m  [38;2;16;16;16m  [38;2;87;88;87m██[38;2;94;97;94m████[38;2;43;44;43m██[38;2;83;85;83m██[38;2;77;78;77m██[38;2;94;97;94m██[38;2;48;48;48m  [38;2;0;0;0m  
[38;2;21;21;21m  [38;2;85;87;85m██[38;2;44;43;44m  [38;2;12;4;2m  [38;2;33;26;24m██[38;2;28;28;28m██[38;2;149;124;61m██[38;2;100;93;74m██[38;2;101;94;76m██[38;2;97;93;84m██[38;2;108;85;67m██[38;2;99;76;61m██[38;2;232;199;89m██[38;2;182;149;64m██[38;2;5;4;3m  [38;2;0;0;0m  [38;2;20;20;20m  [38;2;67;66;67m██[38;2;74;74;74m██[38;2;97;95;92m██[38;2;86;89;87m██[38;2;26;25;25m██[38;2;222;85;81m██[38;2;60;23;25m██[38;2;14;14;14m  [38;2;83;85;83m  [38;2;52;51;52m  [38;2;1;1;1m  
[38;2;72;72;72m████[38;2;0;0;0m  [38;2;134;54;32m████[38;2;57;56;57m██[38;2;28;26;17m██[38;2;141;117;60m██[38;2;95;84;65m██[38;2;147;127;67m██[38;2;170;141;65m██[38;2;162;142;78m██[38;2;183;160;86m██[38;2;115;103;80m██[38;2;97;87;56m██[38;2;41;35;23m  [38;2;84;86;84m██[38;2;95;97;95m██[38;2;34;35;34m██[38;2;44;29;30m██[38;2;129;66;66m██[38;2;90;53;54m██[38;2;116;44;42m██[38;2;55;21;20m██[38;2;0;0;0m  [38;2;48;48;48m  [38;2;86;88;86m██[38;2;16;16;16m  
[38;2;53;52;53m  [38;2;13;13;13m  [38;2;0;0;0m  [38;2;110;44;25m  [38;2;0;0;0m  [38;2;33;29;14m  [38;2;185;151;65m██[38;2;90;82;65m██[38;2;125;120;110m██[38;2;85;65;61m██[38;2;109;67;56m██[38;2;106;71;62m██[38;2;96;88;83m██[38;2;128;128;118m██[38;2;134;123;80m██[38;2;241;210;101m██[38;2;22;22;22m████[38;2;222;84;84m██[38;2;111;56;57m██[38;2;191;84;83m██[38;2;55;21;20m██[38;2;0;0;0m  [38;2;66;68;66m  [38;2;48;48;48m  [38;2;0;0;0m  [38;2;53;52;53m  [38;2;13;13;13m  
[38;2;0;0;0m          [38;2;50;44;21m  [38;2;222;194;94m██[38;2;97;91;72m██[38;2;180;164;126m██[38;2;124;94;79m████[38;2;127;105;80m██[38;2;85;74;72m██[38;2;168;150;85m██[38;2;240;203;92m██[38;2;121;106;58m██[38;2;4;8;17m  [38;2;4;4;4m  [38;2;100;38;37m██[38;2;70;31;30m██[38;2;15;10;10m  [38;2;50;40;41m██[38;2;0;0;0m  [38;2;13;13;13m    [38;2;0;0;0m      
[38;2;0;0;0m          [38;2;38;32;13m  [38;2;123;111;74m██[38;2;187;167;115m██[38;2;116;95;93m██[38;2;136;97;90m████[38;2;104;85;77m██[38;2;192;171;93m██[38;2;163;145;81m██[38;2;142;121;71m██[38;2;145;122;68m██[38;2;62;58;48m██[38;2;41;41;38m██[38;2;44;45;43m██[38;2;4;4;4m  [38;2;0;0;0m                
[38;2;0;0;0m          [38;2;25;21;8m  [38;2;198;165;80m██[38;2;116;87;63m██[38;2;182;117;115m██[38;2;222;84;84m██[38;2;222;83;83m██[38;2;121;74;73m██[38;2;218;166;98m██[38;2;213;189;98m██[38;2;148;124;65m████[38;2;97;96;96m██[38;2;189;186;180m██[38;2;150;152;145m██[38;2;164;162;157m██[38;2;0;0;0m                
[38;2;0;0;0m          [38;2;90;74;31m  [38;2;110;97;65m██[38;2;137;133;117m██[38;2;104;104;96m██[38;2;104;103;93m████[38;2;94;91;78m██[38;2;110;99;71m██[38;2;110;97;65m██[38;2;119;103;65m██[38;2;103;99;81m██[38;2;197;197;189m██[38;2;181;179;172m██[38;2;160;158;149m██[38;2;171;170;162m██[38;2;172;169;162m██[38;2;96;95;88m██[38;2;0;0;0m            
[38;2;0;0;0m            [38;2;39;32;20m██[38;2;147;149;142m██[38;2;186;98;87m██[38;2;208;87;84m████[38;2;201;95;87m██[38;2;77;79;66m██[38;2;81;77;67m██[38;2;103;99;93m██[38;2;189;186;181m██[38;2;144;142;133m██[38;2;179;177;170m██[38;2;199;194;189m██[38;2;193;192;184m██[38;2;148;148;142m██[38;2;200;194;188m██[38;2;139;135;128m  [38;2;0;0;0m          
[38;2;0;0;0m          [38;2;67;66;64m  [38;2;183;178;171m██[38;2;135;117;108m██[38;2;161;93;76m██[38;2;145;86;64m████[38;2;150;105;93m██[38;2;127;95;87m██[38;2;181;177;172m██[38;2;198;194;189m██[38;2;197;194;189m██[38;2;134;131;125m██[38;2;182;179;174m██[38;2;200;194;189m██[38;2;171;168;153m██[38;2;89;90;92m██[38;2;172;169;160m██[38;2;163;158;140m██[38;2;130;118;72m██[38;2;0;2;8m  [38;2;0;0;0m      
[38;2;0;0;0m        [38;2;24;24;23m██[38;2;172;169;165m██[38;2;182;180;173m██[38;2;96;94;82m██[38;2;130;129;119m██[38;2;104;103;93m████[38;2;130;129;119m██[38;2;111;107;98m██[38;2;200;194;189m████[38;2;128;125;114m██[38;2;94;92;83m██[38;2;164;161;158m██[38;2;176;171;164m██[38;2;211;188;102m██[38;2;200;179;95m██[38;2;120;120;111m██[38;2;135;130;102m██[38;2;85;84;67m██[38;2;61;59;42m██[38;2;0;0;0m      
[38;2;0;0;0m        [38;2;101;86;45m██[38;2;129;121;97m██[38;2;136;133;123m██[38;2;145;129;79m██[38;2;127;114;77m██[38;2;87;85;82m████[38;2;90;89;78m██[38;2;172;158;99m██[38;2;158;152;119m██[38;2;157;153;141m██[38;2;157;146;99m██[38;2;162;149;97m██[38;2;120;112;89m██[38;2;126;123;113m██[38;2;129;126;116m██[38;2;109;107;100m██[38;2;107;105;98m██[38;2;139;138;128m██[38;2;83;82;80m██[38;2;102;103;89m██[38;2;67;67;59m██[38;2;55;56;49m██[38;2;13;14;12m  
[38;2;0;0;0m        [38;2;47;39;16m██[38;2;123;116;86m██[38;2;129;121;97m██[38;2;105;105;93m██[38;2;74;73;71m██[38;2;104;103;93m██[38;2;99;100;87m██[38;2;23;23;20m  [38;2;96;96;85m██[38;2;130;127;117m██[38;2;119;116;101m██[38;2;137;134;120m██[38;2;120;119;112m██[38;2;92;93;83m██[38;2;166;143;71m██[38;2;129;126;116m██[38;2;120;117;109m██[38;2;159;133;65m██[38;2;102;104;92m██[38;2;71;72;63m██[38;2;90;92;81m██[38;2;92;93;81m██[38;2;0;0;0m    
[38;2;0;0;0m        [38;2;164;143;66m██[38;2;165;142;72m██[38;2;76;69;45m██[38;2;114;104;74m██[38;2;27;26;26m██[38;2;37;37;33m██[38;2;27;28;24m  [38;2;0;0;3m  [38;2;96;86;55m██[38;2;119;111;89m██[38;2;168;144;80m██[38;2;143;134;106m██[38;2;106;99;80m██[38;2;138;119;70m██[38;2;209;181;88m██[38;2;122;111;72m██[38;2;120;108;70m██[38;2;148;123;54m██[38;2;44;42;31m██[38;2;17;14;5m  [38;2;0;0;0m        
[38;2;0;0;0m                      [38;2;0;0;4m  [38;2;110;96;51m  [38;2;100;91;66m  [38;2;227;193;86m██[38;2;37;32;21m  [38;2;100;92;66m  [38;2;0;3;6m  [38;2;158;137;65m  [38;2;1;0;4m  [38;2;0;0;4m  [38;2;0;0;0m              
[38;2;0;0;0m                            [38;2;50;44;21m  [38;2;0;0;0m                          [0m
