
[38;2;0;0;0m            [38;2;5;7;10m  [38;2;1;2;3m  [38;2;0;0;0m                                      
[38;2;0;0;0m            [38;2;21;30;42m██[38;2;6;9;12m██[38;2;0;0;0m                                      
[38;2;0;0;0m            [38;2;15;22;31m  [38;2;55;79;111m██[38;2;0;0;0m              [38;2;20;39;51m████[38;2;0;0;0m                    
[38;2;0;0;0m              [38;2;50;72;102m██[38;2;0;0;0m            [38;2;31;60;79m  [38;2;81;156;205m████[38;2;61;117;153m████[38;2;54;103;136m  [38;2;0;0;0m              
[38;2;0;0;0m      [38;2;16;26;28m  [38;2;0;0;0m    [38;2;5;7;10m  [38;2;52;75;105m██[38;2;82;53;87m██[38;2;0;0;0m          [38;2;42;80;106m██[38;2;75;135;179m██[38;2;80;89;126m██[38;2;77;84;123m██[38;2;77;83;123m██[38;2;75;137;182m████[38;2;67;121;160m██[38;2;20;32;34m██[38;2;16;26;28m  [38;2;0;0;0m      
[38;2;0;0;0m    [38;2;30;20;32m  [38;2;86;119;133m██[38;2;28;40;57m  [38;2;0;0;0m  [38;2;23;25;28m██[38;2;57;80;110m██[38;2;82;53;87m██[38;2;0;0;0m          [38;2;72;137;180m██[38;2;61;83;117m██[38;2;145;108;153m██[38;2;176;126;184m██[38;2;154;104;162m██[38;2;118;87;139m████[38;2;110;88;136m██[38;2;63;94;121m██[38;2;62;94;117m██[38;2;61;98;104m██[38;2;0;0;0m    
[38;2;0;0;0m    [38;2;38;68;82m██[38;2;81;152;195m██[38;2;79;149;197m██[38;2;23;37;51m██[38;2;80;119;161m██[38;2;73;94;111m██[38;2;61;39;65m  [38;2;0;0;0m        ██[38;2;78;146;193m██[38;2;93;97;137m██[38;2;189;139;197m██[38;2;112;86;121m██[38;2;189;139;197m██[38;2;184;134;192m██[38;2;151;102;160m██[38;2;139;89;147m██[38;2;115;74;123m██[38;2;84;54;90m  [38;2;0;0;0m  [38;2;61;98;104m██[38;2;15;25;27m  
[38;2;0;0;0m  [38;2;47;76;81m  [38;2;81;156;205m████[38;2;79;149;197m██[38;2;75;137;182m██[38;2;121;149;202m██[38;2;93;154;204m██[38;2;36;69;91m  [38;2;0;0;0m        [38;2;61;117;153m██[38;2;69;117;158m██[38;2;189;139;197m████[38;2;165;122;173m██[38;2;163;121;171m██[38;2;189;139;197m████[38;2;34;22;36m██[38;2;11;7;12m  [38;2;0;0;0m        
[38;2;5;10;13m  [38;2;202;206;209m██[38;2;81;151;193m██[38;2;81;156;205m██[38;2;75;138;176m██[38;2;115;155;165m██[38;2;190;218;236m██[38;2;81;156;205m██[38;2;81;145;178m██[38;2;25;40;42m██[38;2;0;0;0m    [38;2;50;95;125m██[38;2;75;137;182m██[38;2;141;118;167m██[38;2;189;139;197m████[38;2;182;134;190m██[38;2;155;115;163m██[38;2;189;139;197m██[38;2;69;51;72m██[38;2;0;0;0m            
[38;2;17;22;25m██[38;2;112;160;191m██[38;2;81;151;193m██[38;2;81;140;164m██[38;2;141;149;150m██[38;2;217;217;217m██[38;2;109;159;181m██[38;2;81;156;205m██[38;2;81;134;148m██[38;2;81;131;139m██[38;2;27;27;27m  [38;2;59;112;148m  [38;2;72;129;172m██[38;2;156;124;176m██[38;2;189;139;197m██████[38;2;187;137;195m██[38;2;143;107;152m██[38;2;173;127;180m██[38;2;17;12;18m  [38;2;0;0;0m            
[38;2;0;0;0m  [38;2;37;37;37m  [38;2;102;118;129m██[38;2;77;133;170m██[38;2;93;149;185m██[38;2;125;180;217m██[38;2;79;141;182m██[38;2;81;150;190m██[38;2;76;113;123m██[38;2;69;87;100m██[38;2;79;147;195m██[38;2;75;137;182m██[38;2;107;86;135m██[38;2;176;126;184m██[38;2;189;139;197m████████[38;2;139;105;148m██[38;2;125;92;131m  [38;2;0;0;0m              
[38;2;0;0;0m    [38;2;64;64;64m██[38;2;65;65;65m██[38;2;128;128;128m██[38;2;133;133;133m██[38;2;66;73;77m██[38;2;80;126;134m██[38;2;81;133;145m██[38;2;64;103;138m██[38;2;87;94;138m██[38;2;118;87;139m██[38;2;139;89;147m████[38;2;47;34;49m██████[38;2;189;139;197m██[38;2;139;105;148m██[38;2;0;0;0m                
[38;2;0;0;0m      [38;2;50;80;84m  [38;2;67;75;77m██[38;2;65;65;65m██████[38;2;79;121;128m██[38;2;98;96;122m██[38;2;134;88;143m██[38;2;139;89;147m██[38;2;54;35;57m  [38;2;0;0;0m                            
[38;2;0;0;0m        [38;2;76;108;114m██[38;2;65;65;65m██████[38;2;71;91;95m██[38;2;81;131;139m██[38;2;120;85;129m██[38;2;38;24;41m██[38;2;0;0;0m                              
[38;2;0;0;0m        [38;2;96;96;96m██[38;2;65;65;65m████████[38;2;80;126;133m██[38;2;76;108;114m██[38;2;2;3;3m██[38;2;0;0;0m                              
[38;2;0;0;0m        [38;2;158;158;162m██[38;2;65;65;65m██[38;2;117;117;117m██[38;2;80;80;80m██[38;2;65;65;65m██[38;2;80;126;133m██[38;2;81;131;139m██[38;2;3;4;5m██[38;2;0;0;0m                              
[38;2;0;0;0m        [38;2;23;29;33m██[38;2;65;68;70m██[38;2;99;99;101m██[38;2;205;222;233m██[38;2;74;113;136m██[38;2;81;132;142m██[38;2;80;123;130m██[38;2;69;82;84m██[38;2;50;80;84m██[38;2;81;131;139m██[38;2;0;0;0m                          
[38;2;0;0;0m        [38;2;6;13;17m  [38;2;69;119;152m██[38;2;77;133;170m██[38;2;81;153;201m██[38;2;76;114;126m██[38;2;24;36;38m██[38;2;45;69;72m██[38;2;81;130;138m██[38;2;75;105;110m██[38;2;81;131;139m██[38;2;0;0;0m                          
[38;2;0;0;0m              [38;2;56;61;68m██[38;2;37;41;45m██[38;2;0;0;0m    [38;2;46;46;46m  [38;2;81;131;139m██[38;2;0;0;0m██                          
[38;2;0;0;0m              [38;2;12;18;25m  [38;2;8;12;17m  [38;2;0;0;0m    [38;2;59;112;148m  [38;2;52;93;114m██[38;2;0;0;0m                            
[38;2;0;0;0m                      [38;2;78;150;197m██[38;2;42;80;106m██[38;2;0;0;0m                            
[38;2;0;0;0m                      [38;2;19;37;49m  [38;2;10;20;26m  [38;2;0;0;0m                            [0m
