
[38;2;0;0;0m                              [38;2;44;43;36m████[38;2;40;38;33m  [38;2;0;0;0m              
[38;2;0;0;0m                        [38;2;67;64;55m  [38;2;133;127;110m██[38;2;81;77;73m██[38;2;140;127;103m██[38;2;93;91;85m██[38;2;138;124;100m██[38;2;98;86;67m██[38;2;0;0;0m            
[38;2;0;0;0m                    [38;2;20;19;17m  [38;2;177;169;145m██[38;2;167;161;142m██[38;2;94;96;101m██[38;2;103;96;84m██[38;2;98;96;89m██[38;2;179;172;147m██[38;2;93;91;85m██[38;2;106;98;84m██[38;2;79;77;74m██[38;2;175;167;143m██[38;2;36;35;30m  [38;2;0;0;0m      
[38;2;0;0;0m                  [38;2;45;45;45m  [38;2;155;148;128m██[38;2;179;172;147m██[38;2;112;109;105m██[38;2;82;78;72m██[38;2;166;159;138m██[38;2;179;171;147m██████[38;2;162;155;135m██[38;2;126;120;87m██[38;2;122;111;93m██[38;2;141;129;105m██[38;2;40;38;33m  [38;2;0;0;0m    
[38;2;0;0;0m                [38;2;46;43;40m██[38;2;150;146;133m██[38;2;127;126;121m██[38;2;78;83;95m██[38;2;89;83;74m██[38;2;130;114;90m██[38;2;127;126;121m██[38;2;179;172;147m████[38;2;179;171;146m██[38;2;166;158;119m██[38;2;172;164;131m██[38;2;97;95;80m██[38;2;114;102;83m██[38;2;126;111;88m██[38;2;0;0;0m    
[38;2;0;0;0m              [38;2;88;77;60m  [38;2;103;94;79m██[38;2;115;106;92m██[38;2;101;94;83m██[38;2;77;83;95m██[38;2;96;93;89m██[38;2;82;78;71m██[38;2;124;111;92m██[38;2;110;114;118m██[38;2;179;171;147m██[38;2;179;171;146m██[38;2;166;158;119m██[38;2;169;160;131m██[38;2;91;86;78m██[38;2;114;102;83m██[38;2;91;84;74m██[38;2;0;0;0m    
[38;2;0;0;0m            [38;2;12;10;8m  [38;2;121;106;83m██[38;2;114;102;83m██[38;2;71;73;75m██[38;2;99;100;99m██[38;2;178;170;147m██[38;2;143;141;132m██[38;2;118;108;93m██[38;2;99;90;77m██[38;2;128;113;90m██[38;2;129;128;122m██[38;2;149;145;133m██[38;2;94;96;102m██[38;2;121;107;86m██[38;2;108;98;81m██[38;2;116;109;98m██[38;2;153;149;129m██[38;2;83;86;90m██[38;2;0;0;0m  
[38;2;41;41;41m  [38;2;159;159;159m██[38;2;0;0;0m        [38;2;49;43;34m██[38;2;86;81;73m██[38;2;93;86;75m██[38;2;150;146;133m██[38;2;179;172;147m██████[38;2;154;150;136m██[38;2;105;99;92m██[38;2;84;79;72m██[38;2;123;111;92m██[38;2;115;105;91m██[38;2;81;77;71m██[38;2;86;81;73m██[38;2;125;110;87m██[38;2;96;101;106m██[38;2;170;162;128m██[38;2;126;120;86m██[38;2;0;0;0m  
[38;2;0;0;0m  [38;2;81;52;52m  [38;2;143;104;91m██[38;2;108;104;99m██[38;2;35;35;35m  [38;2;0;0;0m  [38;2;17;16;14m  [38;2;100;103;108m██[38;2;103;95;84m██[38;2;147;141;123m██[38;2;179;172;147m██████[38;2;154;150;136m██[38;2;114;106;95m██[38;2;65;65;65m██[38;2;81;77;71m██[38;2;86;81;73m██[38;2;123;111;92m██[38;2;115;106;92m██[38;2;110;102;91m██[38;2;107;99;85m██[38;2;136;132;106m██[38;2;171;163;130m██[38;2;42;40;28m██
[38;2;0;0;0m  [38;2;81;52;52m  [38;2;156;126;95m██[38;2;108;104;99m██[38;2;132;116;100m██[38;2;6;6;6m  [38;2;68;65;56m██[38;2;179;171;147m██[38;2;102;100;99m██[38;2;68;68;66m██[38;2;93;91;85m████[38;2;179;172;147m██[38;2;82;90;105m██[38;2;104;94;79m██[38;2;115;103;84m██[38;2;131;115;89m██[38;2;94;96;101m██[38;2;132;130;124m██[38;2;158;154;138m██[38;2;106;105;99m██[38;2;207;207;207m██[38;2;127;126;122m██[38;2;145;138;113m██[38;2;11;11;9m  
[38;2;41;41;41m  [38;2;159;159;159m██[38;2;109;76;69m██[38;2;156;125;93m██[38;2;120;99;83m██[38;2;147;113;92m██[38;2;113;105;93m██[38;2;177;169;145m██[38;2;129;122;110m██[38;2;100;91;87m██[38;2;205;172;156m████[38;2;99;91;87m██[38;2;100;91;87m██[38;2;96;89;77m██[38;2;131;115;89m██[38;2;102;100;99m██[38;2;179;171;147m██[38;2;179;172;147m██[38;2;175;168;145m██[38;2;151;145;127m██[38;2;113;100;92m██[38;2;195;162;142m██[38;2;78;71;68m██[38;2;0;0;0m  
[38;2;0;0;0m      [38;2;33;26;20m  [38;2;22;18;18m██[38;2;140;106;85m██[38;2;135;93;88m██[38;2;96;90;85m██[38;2;184;156;142m██[38;2;205;171;156m██[38;2;205;172;156m██████[38;2;203;170;154m██[38;2;99;80;77m██[38;2;128;113;90m██[38;2;129;128;122m██[38;2;179;171;147m██[38;2;179;172;147m██[38;2;109;107;102m██[38;2;162;146;129m██[38;2;205;172;156m████[38;2;87;86;92m██[38;2;0;0;0m  
[38;2;0;0;0m              [38;2;90;82;78m██[38;2;205;172;156m██[38;2;205;171;156m██[38;2;205;172;156m████[38;2;157;137;114m██[38;2;109;84;60m██[38;2;163;131;97m██[38;2;66;66;67m██[38;2;129;128;122m██[38;2;179;171;147m██[38;2;176;168;140m██[38;2;167;159;137m██[38;2;142;125;112m██[38;2;205;172;156m██[38;2;140;128;129m██[38;2;201;195;191m██[38;2;42;34;25m██
[38;2;0;0;0m              [38;2;184;154;140m██[38;2;205;172;156m██[38;2;205;171;156m██[38;2;205;172;156m██[38;2;126;105;77m██[38;2;235;174;158m██[38;2;139;90;90m██[38;2;163;131;97m██[38;2;135;112;88m██[38;2;81;84;91m██[38;2;178;170;144m██[38;2;169;161;126m██[38;2;163;155;114m██[38;2;147;140;105m██[38;2;102;95;93m██[38;2;112;110;118m██[38;2;143;116;98m██[38;2;37;26;23m██
[38;2;0;0;0m                [38;2;205;172;156m██[38;2;205;171;156m██[38;2;150;125;98m██[38;2;64;25;16m██[38;2;243;180;164m██[38;2;163;130;97m██[38;2;156;125;92m██[38;2;135;111;88m██[38;2;97;88;74m██[38;2;85;89;98m██[38;2;140;134;103m██[38;2;81;77;71m████[38;2;143;117;91m██[38;2;163;131;97m██[38;2;135;110;86m██[38;2;31;25;19m  
[38;2;0;0;0m                [38;2;205;172;156m██[38;2;205;171;156m██[38;2;129;105;72m██[38;2;185;122;89m██[38;2;125;109;80m██[38;2;115;94;61m██[38;2;116;98;79m██[38;2;88;77;53m██[38;2;82;74;56m██[38;2;114;102;83m████[38;2;102;88;60m██[38;2;81;77;71m██[38;2;155;133;122m██[38;2;55;47;39m██[38;2;12;12;12m  [38;2;0;0;0m  
[38;2;0;0;0m                [38;2;111;74;74m██[38;2;128;87;79m██[38;2;147;118;85m██[38;2;137;92;71m██[38;2;243;124;133m██[38;2;137;113;88m██[38;2;62;55;42m██[38;2;52;51;49m██[38;2;115;99;71m██[38;2;97;81;48m██[38;2;92;79;51m██[38;2;114;102;97m██[38;2;205;172;156m████[38;2;97;81;74m██[38;2;0;0;0m    
[38;2;0;0;0m                [38;2;111;74;74m██[38;2;76;70;62m██[38;2;215;112;116m██[38;2;254;219;223m██[38;2;52;31;29m██[38;2;15;15;15m  [38;2;0;0;0m  [38;2;1;1;1m  [38;2;27;23;16m██[38;2;29;25;17m██[38;2;114;97;78m██[38;2;178;145;118m██[38;2;205;172;156m██████[38;2;0;0;0m    
[38;2;0;0;0m              [38;2;143;143;143m  [38;2;94;78;78m██[38;2;122;85;85m██[38;2;77;77;77m██[38;2;0;0;0m              [38;2;76;60;45m  [38;2;161;126;97m██[38;2;173;134;123m██[38;2;193;159;141m██[38;2;142;114;93m██[38;2;0;0;0m    
[38;2;0;0;0m                [38;2;22;22;22m  [38;2;18;18;18m██[38;2;28;28;28m  [38;2;0;0;0m                [38;2;163;131;97m██[38;2;159;124;96m██[38;2;162;129;97m██[38;2;47;36;28m██[38;2;0;0;0m    
[38;2;0;0;0m                                    [38;2;118;118;118m  [38;2;113;76;76m██[38;2;138;109;93m██[38;2;156;119;119m██[38;2;165;154;154m██[38;2;0;0;0m    
[38;2;0;0;0m                                      [38;2;8;8;8m  [38;2;21;21;21m  [38;2;52;52;52m  [38;2;0;0;0m      [0m
