
[38;2;0;0;0m                      [38;2;9;9;9m  [38;2;22;22;22m██[38;2;0;0;0m                      
[38;2;0;0;0m            [38;2;53;37;53m  [38;2;8;8;8m  [38;2;51;51;51m██[38;2;0;0;0m    [38;2;22;23;23m██[38;2;163;176;169m██[38;2;114;125;119m  [38;2;0;0;0m                    
[38;2;0;0;0m            [38;2;99;68;99m██[38;2;147;147;145m██[38;2;172;175;173m██[38;2;14;14;14m  [38;2;35;44;41m  [38;2;214;230;225m██[38;2;108;111;112m██[38;2;114;119;119m██[38;2;79;87;83m██[38;2;26;27;27m██[38;2;139;140;139m██[38;2;120;120;120m██[38;2;16;16;16m██[38;2;132;143;137m██[38;2;38;38;38m  [38;2;0;0;0m      
[38;2;0;0;0m          [38;2;108;74;108m  [38;2;17;12;17m  [38;2;31;27;24m██[38;2;124;125;124m██[38;2;167;181;175m██[38;2;112;142;130m██[38;2;111;108;122m██[38;2;95;91;105m██[38;2;199;207;212m██[38;2;222;243;233m██[38;2;146;155;151m██[38;2;114;90;87m██[38;2;78;78;78m██[38;2;142;145;142m██[38;2;153;165;158m██[38;2;154;155;154m██[38;2;0;0;0m      
[38;2;0;0;0m          [38;2;150;97;150m██[38;2;55;54;55m██[38;2;3;3;3m  [38;2;118;122;115m██[38;2;155;162;152m██[38;2;159;189;176m██[38;2;99;89;111m██[38;2;112;110;119m██[38;2;222;243;231m██[38;2;222;243;233m██[38;2;170;182;176m██[38;2;114;90;87m██[38;2;110;99;96m██[38;2;142;150;146m██[38;2;153;165;158m██[38;2;154;155;154m██[38;2;0;0;0m      
[38;2;0;0;0m          [38;2;150;97;150m██[38;2;124;123;121m██[38;2;77;72;66m██[38;2;159;197;183m██[38;2;134;176;161m██[38;2;117;118;123m██[38;2;119;108;128m██[38;2;139;140;134m██[38;2;222;243;231m████[38;2;177;185;181m██[38;2;72;71;72m██[38;2;201;219;209m██[38;2;68;67;68m██[38;2;183;194;187m██[38;2;187;202;193m██[38;2;0;0;0m      
[38;2;0;0;0m          [38;2;150;97;150m██[38;2;93;92;87m██[38;2;155;162;154m██[38;2;133;164;150m██[38;2;183;196;189m██[38;2;113;97;115m██[38;2;107;102;109m██[38;2;223;242;232m██[38;2;172;180;170m██[38;2;175;180;176m██[38;2;170;174;171m██[38;2;96;97;96m██[38;2;203;221;211m██[38;2;106;109;108m██[38;2;198;212;204m██[38;2;0;0;0m        
[38;2;0;0;0m        [38;2;50;32;50m  [38;2;153;99;153m██[38;2;151;161;151m██[38;2;118;165;148m██[38;2;181;212;198m██[38;2;82;80;76m██[38;2;125;88;125m██[38;2;101;105;103m██[38;2;222;243;231m██[38;2;177;182;178m██[38;2;103;102;103m██[38;2;122;125;122m██[38;2;206;222;212m██[38;2;147;157;151m██[38;2;183;196;190m██[38;2;128;135;129m██[38;2;0;0;0m    [38;2;135;148;140m██[38;2;0;0;0m  
[38;2;0;0;0m    [38;2;61;61;61m██[38;2;205;218;212m██[38;2;122;118;121m██[38;2;76;73;65m██[38;2;159;163;153m██[38;2;134;162;151m██[38;2;126;127;133m██[38;2;155;122;175m██[38;2;127;102;137m██[38;2;116;103;116m██[38;2;152;154;154m██[38;2;137;140;138m██[38;2;99;103;101m██[38;2;160;172;165m██[38;2;175;187;182m██[38;2;129;132;131m██[38;2;167;172;169m██[38;2;109;111;109m██[38;2;55;60;57m██[38;2;161;170;167m██[38;2;100;103;103m  [38;2;0;0;0m  
[38;2;0;0;0m    [38;2;142;146;142m██[38;2;114;110;106m██[38;2;103;80;103m██[38;2;76;73;67m██[38;2;222;242;231m██[38;2;100;107;104m██[38;2;118;91;123m██[38;2;84;77;86m██[38;2;93;93;83m██[38;2;72;69;72m██[38;2;152;157;156m██[38;2;174;184;179m██[38;2;216;236;224m██[38;2;121;124;122m██[38;2;144;152;148m██[38;2;91;91;93m██[38;2;93;93;93m██[38;2;144;147;144m██[38;2;176;185;178m██[38;2;62;65;64m██[38;2;1;0;1m  [38;2;0;0;0m  
[38;2;0;0;0m    [38;2;121;123;117m██[38;2;126;98;88m██[38;2;105;87;79m██[38;2;151;101;147m██[38;2;99;85;87m██[38;2;166;121;177m██[38;2;107;86;111m██[38;2;86;75;87m██[38;2;88;82;96m██[38;2;157;117;165m██[38;2;90;76;85m██[38;2;183;196;189m██[38;2;97;91;90m██[38;2;113;113;113m██[38;2;180;195;187m██[38;2;203;221;211m██[38;2;105;109;107m████[38;2;98;102;101m██[38;2;21;22;22m  [38;2;0;0;0m    
[38;2;0;0;0m  [38;2;62;62;54m  [38;2;97;93;84m██[38;2;39;32;29m██[38;2;122;93;97m██[38;2;88;75;84m██[38;2;118;85;118m██[38;2;147;97;147m██[38;2;90;67;90m██[38;2;37;29;38m██[38;2;39;33;47m██[38;2;93;77;88m██[38;2;127;95;96m██[38;2;115;90;87m██[38;2;129;97;92m██[38;2;95;80;78m██[38;2;139;146;143m██[38;2;142;151;146m██[38;2;219;241;229m██[38;2;176;209;194m██[38;2;222;243;233m██[38;2;162;170;166m██[38;2;0;0;0m    
[38;2;27;27;24m██[38;2;82;82;71m██[38;2;0;0;0m    [38;2;64;58;52m██[38;2;58;51;45m██[38;2;53;36;53m  [38;2;58;43;58m██[38;2;43;31;43m  [38;2;0;0;0m    [38;2;11;11;11m  [38;2;131;116;110m██[38;2;150;127;121m██[38;2;131;101;100m██[38;2;110;107;100m██[38;2;68;67;68m██[38;2;137;152;146m██[38;2;122;159;148m██[38;2;168;188;181m██[38;2;189;204;199m██[38;2;154;168;162m██[38;2;138;142;139m██[38;2;0;0;0m  
[38;2;6;6;6m  [38;2;4;4;4m  [38;2;0;0;0m  [38;2;69;69;60m  [38;2;70;68;60m██[38;2;0;0;0m    [38;2;0;1;0m  [38;2;0;0;0m  [38;2;153;167;159m██[38;2;63;62;57m██[38;2;24;20;18m  [38;2;144;124;117m██[38;2;138;123;113m██[38;2;95;87;75m██[38;2;199;215;204m██[38;2;75;72;76m██[38;2;154;180;170m██[38;2;124;164;151m██[38;2;207;227;223m██[38;2;150;152;148m██[38;2;97;133;118m██[38;2;120;122;114m██[38;2;35;35;35m  
[38;2;0;0;0m      [38;2;92;92;80m██[38;2;0;0;0m        [38;2;25;26;25m  [38;2;183;197;189m██[38;2;124;127;121m██[38;2;125;110;100m██[38;2;118;119;109m██[38;2;149;157;146m██[38;2;188;203;193m██[38;2;136;145;140m██[38;2;212;231;220m██[38;2;225;241;231m██[38;2;174;200;189m██[38;2;143;146;141m██[38;2;157;164;159m██[38;2;123;126;118m██[38;2;121;122;114m██[38;2;35;35;35m  
[38;2;0;0;0m      [38;2;23;23;20m  [38;2;0;0;0m      [38;2;48;49;48m██[38;2;154;158;154m██[38;2;79;79;79m██[38;2;193;206;201m██[38;2;195;211;199m██[38;2;176;189;180m██[38;2;105;105;100m██[38;2;105;104;100m██[38;2;92;86;84m██[38;2;106;110;107m██[38;2;105;109;107m██[38;2;221;241;230m██[38;2;162;169;164m██[38;2;97;112;98m██[38;2;136;144;136m██[38;2;40;38;35m  [38;2;0;0;0m  
[38;2;0;0;0m            [38;2;16;12;12m  [38;2;145;149;145m██[38;2;107;105;107m██[38;2;169;178;170m██[38;2;187;198;193m██[38;2;171;178;172m██[38;2;82;81;81m██[38;2;112;96;93m██[38;2;204;223;212m██[38;2;112;113;112m██[38;2;132;118;112m██[38;2;156;136;127m██[38;2;89;84;82m██[38;2;158;162;158m██[38;2;149;153;147m██[38;2;125;127;122m██[38;2;0;0;0m    
[38;2;0;0;0m            [38;2;84;80;79m██[38;2;107;100;98m██[38;2;46;43;43m██[38;2;119;124;119m██[38;2;175;187;179m██[38;2;143;146;141m██[38;2;103;90;88m██[38;2;110;105;103m██[38;2;216;235;224m██[38;2;100;102;96m██[38;2;92;92;91m██[38;2;120;108;103m██[38;2;155;135;126m██[38;2;110;103;100m██[38;2;96;96;85m██[38;2;15;15;15m  [38;2;0;0;0m    
[38;2;0;0;0m              [38;2;127;119;116m  [38;2;2;0;0m  [38;2;7;6;6m  [38;2;129;139;132m██[38;2;80;79;76m  [38;2;0;0;0m  [38;2;39;40;39m  [38;2;141;144;141m██[38;2;81;81;76m██[38;2;92;92;91m██[38;2;112;112;110m██[38;2;75;74;71m██[38;2;80;80;80m██[38;2;0;0;0m        
[38;2;0;0;0m                            [38;2;14;13;14m  [38;2;66;67;60m██[38;2;160;165;160m██[38;2;83;83;77m██[38;2;76;76;73m██[38;2;158;162;158m██[38;2;116;116;116m  [38;2;0;0;0m      
[38;2;0;0;0m                                  [38;2;90;90;79m██[38;2;1;1;1m  [38;2;49;48;49m██[38;2;116;116;116m  [38;2;0;0;0m      
[38;2;0;0;0m                                  [38;2;13;13;11m  [38;2;0;0;0m            [0m
