      [38;2;7;7;7m▄[38;2;7;7;7m[48;2;99;70;200m▀[0m[38;2;7;7;7m▄           
     [38;2;7;7;7m▄[38;2;7;7;7m[48;2;148;118;255m▀[0m[38;2;148;118;255m[48;2;255;194;118m▀[0m[38;2;7;7;7m[48;2;148;118;255m▀[0m[38;2;7;7;7m▄          
     [38;2;7;7;7m▀[38;2;148;118;255m[48;2;7;7;7m▀[0m[38;2;255;194;118m[48;2;148;118;255m▀[0m[38;2;148;118;255m[48;2;7;7;7m▀[0m[38;2;7;7;7m▀          
     [38;2;7;7;7m[48;2;7;7;7m▀[0m[38;2;163;165;180m[48;2;249;249;249m▀[0m[38;2;99;70;200m[48;2;249;249;249m▀[0m[38;2;163;165;180m[48;2;249;249;249m▀[0m[38;2;7;7;7m[48;2;7;7;7m▀[0m       [38;2;7;7;7m▄[38;2;7;7;7m▄ 
   [38;2;7;7;7m▄[38;2;7;7;7m[48;2;129;129;170m▀[0m[38;2;129;129;170m[48;2;82;82;82m▀[0m[38;2;163;165;180m[48;2;129;129;170m▀[0m[38;2;249;249;249m[48;2;173;192;230m▀[0m[38;2;163;165;180m[48;2;173;192;230m▀[0m[38;2;129;129;170m[48;2;173;192;230m▀[0m[38;2;7;7;7m[48;2;173;192;230m▀[0m[38;2;7;7;7m[48;2;82;82;82m▀[0m[38;2;7;7;7m▄[38;2;7;7;7m▄[38;2;7;7;7m▄ [38;2;7;7;7m[48;2;7;7;7m▀[0m[38;2;249;249;249m[48;2;186;189;210m▀[0m[38;2;7;7;7m[48;2;249;249;249m▀[0m[38;2;7;7;7m▄
  [38;2;7;7;7m▄[38;2;7;7;7m[48;2;129;129;170m▀[0m[38;2;82;82;82m[48;2;173;192;230m▀[0m[38;2;129;129;170m[48;2;82;82;82m▀[0m[38;2;173;192;230m[48;2;173;192;230m▀[0m[38;2;173;192;230m[48;2;173;192;230m▀[0m[38;2;173;192;230m[48;2;129;129;170m▀[0m[38;2;173;192;230m[48;2;173;192;230m▀[0m[38;2;173;192;230m[48;2;173;192;230m▀[0m[38;2;173;192;230m[48;2;173;192;230m▀[0m[38;2;82;82;82m[48;2;82;82;82m▀[0m[38;2;129;129;170m[48;2;129;129;170m▀[0m[38;2;129;129;170m[48;2;129;129;170m▀[0m[38;2;7;7;7m[48;2;129;129;170m▀[0m[38;2;7;7;7m▄[38;2;7;7;7m[48;2;129;129;170m▀[0m[38;2;249;249;249m[48;2;7;7;7m▀[0m[38;2;7;7;7m▀
[38;2;7;7;7m▄[38;2;7;7;7m[48;2;173;192;230m▀[0m[38;2;129;129;170m[48;2;82;82;82m▀[0m[38;2;173;192;230m[48;2;82;82;82m▀[0m[38;2;173;192;230m[48;2;82;82;82m▀[0m[38;2;173;192;230m[48;2;173;192;230m▀[0m[38;2;115;115;115m[48;2;173;192;230m▀[0m[38;2;173;192;230m[48;2;115;115;115m▀[0m[38;2;173;192;230m[48;2;115;115;115m▀[0m[38;2;115;115;115m[48;2;115;115;115m▀[0m[38;2;173;192;230m[48;2;129;129;170m▀[0m[38;2;129;129;170m[48;2;173;192;230m▀[0m[38;2;173;192;230m[48;2;173;192;230m▀[0m[38;2;82;82;82m[48;2;82;82;82m▀[0m[38;2;129;129;170m[48;2;129;129;170m▀[0m[38;2;129;129;170m[48;2;115;115;115m▀[0m[38;2;82;82;82m[48;2;129;129;170m▀[0m[38;2;7;7;7m[48;2;7;7;7m▀[0m  
[38;2;7;7;7m[48;2;7;7;7m▀[0m[38;2;173;192;230m[48;2;173;192;230m▀[0m[38;2;129;129;170m[48;2;173;192;230m▀[0m[38;2;82;82;82m[48;2;129;129;170m▀[0m[38;2;129;129;170m[48;2;173;192;230m▀[0m[38;2;173;192;230m[48;2;129;129;170m▀[0m[38;2;129;129;170m[48;2;173;192;230m▀[0m[38;2;173;192;230m[48;2;173;192;230m▀[0m[38;2;173;192;230m[48;2;82;82;82m▀[0m[38;2;173;192;230m[48;2;173;192;230m▀[0m[38;2;173;192;230m[48;2;129;129;170m▀[0m[38;2;82;82;82m[48;2;82;82;82m▀[0m[38;2;173;192;230m[48;2;249;249;249m▀[0m[38;2;129;129;170m[48;2;249;249;249m▀[0m[38;2;82;82;82m[48;2;82;82;82m▀[0m[38;2;186;189;210m[48;2;186;189;210m▀[0m[38;2;115;115;115m[48;2;163;165;180m▀[0m[38;2;186;189;210m[48;2;186;189;210m▀[0m[38;2;7;7;7m[48;2;7;7;7m▀[0m 
[38;2;7;7;7m▀[38;2;82;82;82m[48;2;7;7;7m▀[0m[38;2;173;192;230m[48;2;82;82;82m▀[0m[38;2;82;82;82m[48;2;129;129;170m▀[0m[38;2;173;192;230m[48;2;82;82;82m▀[0m[38;2;173;192;230m[48;2;173;192;230m▀[0m[38;2;173;192;230m[48;2;82;82;82m▀[0m[38;2;82;82;82m[48;2;129;129;170m▀[0m[38;2;129;129;170m[48;2;129;129;170m▀[0m[38;2;129;129;170m[48;2;7;7;7m▀[0m[38;2;82;82;82m[48;2;82;82;82m▀[0m[38;2;163;165;180m[48;2;249;249;249m▀[0m[38;2;249;249;249m[48;2;249;249;249m▀[0m[38;2;249;249;249m[48;2;163;165;180m▀[0m[38;2;82;82;82m[48;2;249;249;249m▀[0m[38;2;186;189;210m[48;2;115;115;115m▀[0m[38;2;186;189;210m[48;2;7;7;7m▀[0m[38;2;7;7;7m▀  
  [38;2;7;7;7m▀[38;2;7;7;7m▀[38;2;129;129;170m[48;2;7;7;7m▀[0m[38;2;82;82;82m[48;2;7;7;7m▀[0m[38;2;129;129;170m[48;2;7;7;7m▀[0m[38;2;115;115;115m[48;2;7;7;7m▀[0m[38;2;7;7;7m▀[38;2;129;129;170m[48;2;7;7;7m▀[0m[38;2;82;82;82m[48;2;129;129;170m▀[0m[38;2;163;165;180m[48;2;82;82;82m▀[0m[38;2;249;249;249m[48;2;7;7;7m▀[0m[38;2;7;7;7m▀[38;2;7;7;7m▀[38;2;7;7;7m▀    
          [38;2;7;7;7m▀[38;2;7;7;7m▀        
[0m