
[38;2;0;0;0m                            [38;2;6;6;10m  ██[38;2;0;0;0m                    
[38;2;0;0;0m                            [38;2;91;83;128m██[38;2;27;25;38m██[38;2;0;0;0m                    
[38;2;0;0;0m                            [38;2;83;75;118m██[38;2;81;77;104m██[38;2;23;22;33m  [38;2;0;0;0m                  
[38;2;0;0;0m                            [38;2;59;55;81m██[38;2;107;100;152m██[38;2;81;76;115m██[38;2;0;0;0m                  
[38;2;0;0;0m                        [38;2;8;8;12m  [38;2;91;84;127m██[38;2;83;77;116m██[38;2;110;102;154m██[38;2;0;0;0m                    
[38;2;0;0;0m                    [38;2;55;50;89m  [38;2;0;0;0m  [38;2;27;25;38m██[38;2;40;37;57m██[38;2;4;4;6m  [38;2;86;80;121m██[38;2;0;0;0m                    
[38;2;0;0;0m                    [38;2;74;67;119m██[38;2;10;9;12m██[38;2;103;97;151m██[38;2;56;51;79m██[38;2;11;10;13m  [38;2;86;79;126m██[38;2;77;70;113m██[38;2;0;0;0m  [38;2;29;27;40m  [38;2;0;0;0m              
[38;2;0;0;0m                [38;2;58;52;96m  [38;2;43;42;43m  [38;2;74;70;93m██[38;2;55;51;82m██[38;2;90;85;142m██[38;2;90;82;144m██[38;2;61;57;85m██[38;2;92;84;145m██[38;2;86;78;139m██[38;2;19;17;30m██[38;2;82;76;115m██[38;2;0;0;0m              
[38;2;0;0;0m                [38;2;82;76;123m██[38;2;72;69;88m██[38;2;62;82;87m██[38;2;73;75;91m██[38;2;81;77;104m██[38;2;77;74;94m██[38;2;80;74;113m██[38;2;65;77;86m██[38;2;59;76;96m██[38;2;78;75;125m██[38;2;99;92;131m██[38;2;47;45;61m██[38;2;0;0;0m            
[38;2;0;0;0m                [38;2;83;76;127m██[38;2;83;77;124m██[38;2;61;152;108m██[38;2;94;93;132m██[38;2;109;101;155m██[38;2;108;100;152m██[38;2;80;74;112m██[38;2;76;152;120m██[38;2;75;74;87m██[38;2;107;100;153m██[38;2;87;81;117m██[38;2;98;92;132m██[38;2;0;0;0m            
[38;2;0;0;0m                [38;2;22;20;36m██[38;2;72;69;85m██[38;2;51;144;101m██[38;2;57;110;85m██[38;2;80;59;86m██[38;2;109;87;116m██[38;2;107;97;122m██[38;2;97;128;105m██[38;2;87;82;118m██[38;2;93;88;125m██[38;2;82;76;113m██[38;2;72;66;106m██[38;2;0;0;0m            
[38;2;0;0;0m                [38;2;68;65;82m██[38;2;88;80;140m██[38;2;125;99;90m██[38;2;106;152;117m██[38;2;61;159;117m██[38;2;76;93;96m██[38;2;86;106;119m██[38;2;68;63;71m██[38;2;92;85;136m██[38;2;88;80;140m██[38;2;84;77;125m██[38;2;16;16;17m██[38;2;0;0;0m            
[38;2;0;0;0m            [38;2;17;16;30m██[38;2;73;67;120m██[38;2;74;70;98m██[38;2;89;84;112m██[38;2;91;115;120m██[38;2;142;186;169m██[38;2;163;197;185m██[38;2;109;105;130m██[38;2;99;90;148m██[38;2;106;98;152m██[38;2;72;68;85m██[38;2;80;74;111m████[38;2;98;90;147m██[38;2;34;32;42m██[38;2;49;46;69m██[38;2;0;0;0m        
[38;2;0;0;0m            [38;2;18;15;19m██[38;2;62;61;70m██[38;2;108;101;151m████[38;2;95;92;134m██[38;2;70;69;72m██[38;2;72;71;86m██[38;2;105;95;151m██[38;2;86;83;115m██[38;2;67;66;70m██[38;2;108;100;151m██[38;2;109;99;153m██[38;2;76;73;92m████[38;2;107;100;152m██[38;2;107;101;155m██[38;2;71;66;107m  [38;2;0;0;0m      
[38;2;0;0;0m            [38;2;73;70;117m██[38;2;67;66;78m██[38;2;88;83;110m██[38;2;87;81;108m██[38;2;103;96;144m██[38;2;90;89;125m██[38;2;119;93;141m██[38;2;102;92;150m██[38;2;87;83;112m██[38;2;88;83;111m██[38;2;100;91;149m██[38;2;91;83;144m██[38;2;78;73;102m██[38;2;69;67;74m██[38;2;91;86;118m██[38;2;90;85;119m██[38;2;58;55;84m██[38;2;0;0;0m      
[38;2;0;0;0m            [38;2;73;67;121m██[38;2;67;65;79m██[38;2;104;96;151m██[38;2;88;80;143m██[38;2;99;92;131m██[38;2;177;82;140m██[38;2;70;76;93m██[38;2;110;100;154m██[38;2;110;102;154m██[38;2;94;86;146m██[38;2;65;65;65m██[38;2;83;77;124m████[38;2;65;65;65m██[38;2;110;101;154m██[38;2;93;85;145m██[38;2;101;94;147m██[38;2;25;23;36m██[38;2;0;0;0m    
[38;2;0;0;0m            [38;2;17;16;30m██[38;2;69;65;107m██[38;2;49;48;70m██[38;2;100;95;142m██[38;2;106;75;102m██[38;2;206;80;134m██[38;2;131;75;104m██[38;2;104;97;143m██[38;2;99;90;148m██[38;2;90;84;118m██[38;2;87;82;117m██[38;2;81;75;115m██[38;2;63;61;86m██[38;2;66;65;83m██[38;2;102;95;152m██[38;2;104;95;151m██[38;2;107;97;152m██[38;2;24;22;37m██[38;2;0;0;0m    
[38;2;0;0;0m      [38;2;2;2;3m    [38;2;1;1;1m  [38;2;84;77;125m██[38;2;55;54;72m██[38;2;59;55;83m  [38;2;77;73;113m  [38;2;107;99;150m██[38;2;78;75;90m██[38;2;108;100;155m██[38;2;76;73;91m██[38;2;105;100;153m██[38;2;108;99;154m██[38;2;80;73;128m██[38;2;79;75;117m██[38;2;0;0;0m    [38;2;88;80;139m██[38;2;73;70;84m██[38;2;59;57;89m██[38;2;21;20;34m  [38;2;0;0;0m    
[38;2;15;14;21m  [38;2;18;15;21m  [38;2;0;0;0m  [38;2;40;39;52m  [38;2;73;69;103m██[38;2;75;70;99m██[38;2;67;63;92m██[38;2;10;10;16m  [38;2;0;1;0m  [38;2;0;0;0m  [38;2;12;11;17m  [38;2;93;87;133m██[38;2;84;79;109m██[38;2;88;80;131m██[38;2;76;73;107m██[38;2;47;43;72m██[38;2;29;27;48m  [38;2;0;0;0m      [38;2;7;7;7m  [38;2;80;73;124m██[38;2;80;74;127m██[38;2;13;12;19m  [38;2;0;0;0m    
[38;2;27;25;38m██[38;2;74;67;99m██[38;2;4;4;4m██[38;2;42;41;56m██[38;2;91;86;122m██[38;2;62;61;63m██[38;2;0;0;0m        [38;2;20;20;22m██[38;2;86;83;113m██[38;2;95;90;130m██[38;2;84;77;125m██[38;2;69;66;105m██[38;2;3;3;2m  [38;2;0;0;0m          [38;2;5;4;7m  [38;2;68;66;71m██[38;2;19;19;20m██[38;2;0;0;0m    
[38;2;10;10;14m  [38;2;60;57;90m██[38;2;69;67;77m██[38;2;95;90;136m██[38;2;81;78;109m██[38;2;19;18;28m██[38;2;0;0;0m      [38;2;39;35;64m  [38;2;80;76;101m██[38;2;96;91;135m██[38;2;86;82;115m██[38;2;76;71;98m██[38;2;92;88;127m██[38;2;73;68;103m██[38;2;47;44;67m  [38;2;0;0;0m      [38;2;15;14;22m  [38;2;98;91;137m██[38;2;85;77;117m██[38;2;63;60;86m██[38;2;45;44;60m  [38;2;0;0;0m  
[38;2;0;0;0m  [38;2;82;76;115m██[38;2;75;72;88m██[38;2;63;58;91m██[38;2;60;57;89m  [38;2;0;0;0m        [38;2;60;54;100m  [38;2;73;69;89m██[38;2;104;94;149m██[38;2;84;77;124m██[38;2;87;81;117m██[38;2;108;101;151m██[38;2;97;92;134m██[38;2;54;53;65m██[38;2;2;1;3m  [38;2;0;0;0m    [38;2;13;13;16m  [38;2;96;91;122m██[38;2;67;66;71m██[38;2;65;65;65m██[38;2;67;61;105m██[38;2;2;1;3m  
[38;2;0;0;0m  [38;2;31;29;44m  [38;2;37;34;54m██[38;2;6;6;6m  [38;2;0;0;0m          [38;2;40;36;65m  [38;2;84;75;126m██[38;2;78;72;108m██[38;2;64;61;86m██[38;2;78;71;122m██[38;2;85;80;106m██[38;2;104;96;147m██[38;2;97;89;148m██[38;2;25;23;37m██[38;2;0;0;0m    [38;2;2;2;0m  [38;2;66;62;89m██[38;2;79;75;102m██[38;2;72;68;83m██[38;2;87;80;118m██[38;2;25;23;37m██
[38;2;0;0;0m                  [38;2;65;60;106m██[38;2;82;73;124m██[38;2;77;75;103m██[38;2;5;5;0m  [38;2;0;0;0m  [38;2;66;63;76m██[38;2;105;96;148m██[38;2;94;86;146m██[38;2;37;34;53m██[38;2;0;0;0m    [38;2;25;23;37m██[38;2;71;66;100m██[38;2;75;73;85m██[38;2;106;97;158m██[38;2;98;90;140m██[38;2;27;25;38m██
[38;2;0;0;0m                  [38;2;66;60;106m██[38;2;73;66;116m██[38;2;37;34;57m██[38;2;0;0;0m    [38;2;22;20;35m██[38;2;93;85;145m██[38;2;108;98;153m██[38;2;97;88;147m██[38;2;0;0;0m    [38;2;9;9;13m  [38;2;92;85;129m██[38;2;87;82;108m██[38;2;45;43;57m██[38;2;38;36;54m██[38;2;9;8;13m  
[38;2;0;0;0m                [38;2;22;20;36m██[38;2;72;69;85m██[38;2;61;56;100m██[38;2;3;2;5m  [38;2;0;0;0m      [38;2;64;60;93m  [38;2;87;81;123m██[38;2;29;28;30m██[38;2;0;0;0m                
[38;2;0;0;0m                [38;2;18;17;22m██[38;2;80;72;113m██[38;2;73;68;122m██[38;2;18;17;30m██[38;2;0;0;0m      [38;2;46;42;72m  [38;2;89;82;120m██[38;2;82;75;110m██[38;2;0;0;0m                
[38;2;0;0;0m                [38;2;21;18;35m██[38;2;84;74;129m██[38;2;42;40;72m  [38;2;0;0;0m        [38;2;53;48;86m  [38;2;106;96;154m██[38;2;99;89;144m██[38;2;0;0;0m                
[38;2;0;0;0m                [38;2;56;53;69m██[38;2;79;70;129m██[38;2;0;0;0m            [38;2;89;81;143m██[38;2;106;96;152m██[38;2;35;34;35m  [38;2;0;0;0m              
[38;2;0;0;0m              [38;2;51;46;82m  [38;2;65;59;105m██[38;2;14;12;23m  [38;2;0;0;0m            [38;2;17;17;27m  [38;2;78;74;121m██[38;2;80;74;115m██[38;2;4;4;4m  [38;2;0;0;0m            
[38;2;0;0;0m                                  [38;2;69;65;100m██[38;2;76;71;102m██[38;2;74;68;114m██[38;2;0;0;0m            [0m
