
[38;2;0;0;0m                    [38;2;44;45;35m██[38;2;0;0;0m                                                  
[38;2;0;0;0m                    [38;2;80;86;83m██[38;2;75;99;116m  [38;2;0;0;0m                                                
[38;2;0;0;0m                [38;2;35;31;15m  [38;2;29;34;38m██[38;2;78;82;88m██[38;2;97;110;122m██[38;2;43;46;48m██[38;2;176;163;98m██[38;2;0;0;0m                                            
[38;2;0;0;0m                [38;2;21;19;9m  [38;2;97;114;126m██[38;2;77;83;88m██[38;2;95;111;122m██[38;2;84;94;102m██[38;2;85;100;111m██[38;2;0;0;0m                                            
[38;2;0;0;0m                  [38;2;0;1;1m  [38;2;82;97;107m██[38;2;97;114;126m██[38;2;75;86;91m██[38;2;0;0;0m      [38;2;18;21;25m  [38;2;63;56;27m  [38;2;0;0;0m          [38;2;32;29;22m  [38;2;43;39;37m██[38;2;105;98;70m██[38;2;101;113;125m██[38;2;50;62;72m██[38;2;0;0;0m      [38;2;25;26;27m██[38;2;61;65;71m  [38;2;71;74;78m██[38;2;26;30;34m██[38;2;0;0;0m  
[38;2;0;0;0m                    [38;2;7;8;9m  [38;2;91;107;118m██[38;2;3;3;3m  [38;2;0;0;0m    [38;2;12;13;16m  [38;2;75;86;99m██[38;2;26;23;11m  [38;2;0;0;0m          [38;2;13;12;7m  [38;2;17;16;10m██[38;2;100;113;119m██[38;2;114;115;95m██[38;2;59;62;68m██[38;2;53;52;53m  [38;2;0;0;0m  [38;2;4;4;5m  [38;2;61;63;63m██[38;2;76;81;83m██[38;2;84;86;84m██[38;2;66;67;69m██[38;2;14;14;14m  
[38;2;0;0;0m    [38;2;37;46;52m██[38;2;95;124;147m██[38;2;104;139;162m██[38;2;100;124;142m██[38;2;37;43;48m██[38;2;1;1;2m  [38;2;0;0;0m      [38;2;99;115;126m██[38;2;47;49;49m██[38;2;0;0;0m    [38;2;78;89;105m██[38;2;69;71;75m██[38;2;150;142;92m██[38;2;100;96;72m██[38;2;102;104;104m██[38;2;46;45;41m██[38;2;123;116;74m██[38;2;0;0;0m      [38;2;27;32;36m  [38;2;72;83;93m██[38;2;132;135;115m██[38;2;98;123;143m██[38;2;0;0;0m  [38;2;8;9;10m██[38;2;74;76;75m██[38;2;90;102;109m██[38;2;91;103;112m██[38;2;66;69;73m██[38;2;21;24;27m██
[38;2;0;0;0m  [38;2;69;81;90m  [38;2;99;115;127m██[38;2;103;133;156m██[38;2;104;138;161m██[38;2;101;117;132m██[38;2;99;113;126m██[38;2;88;103;114m██[38;2;0;0;0m      [38;2;96;112;122m██[38;2;152;140;94m██[38;2;0;0;0m    [38;2;75;84;99m██[38;2;86;97;108m██[38;2;97;113;125m██[38;2;125;123;103m██[38;2;86;86;86m██[38;2;85;85;84m██[38;2;94;111;122m██[38;2;11;12;14m  [38;2;0;0;0m      [38;2;96;113;125m██[38;2;96;112;123m██[38;2;9;11;12m  [38;2;0;0;0m    [38;2;61;69;75m██[38;2;67;67;61m██[38;2;74;73;69m██[38;2;82;90;99m██[38;2;3;2;1m  
[38;2;10;12;14m  [38;2;86;101;112m██[38;2;93;108;119m██[38;2;95;111;123m██[38;2;92;106;117m██[38;2;96;113;125m██[38;2;97;116;128m████[38;2;50;59;65m██[38;2;0;0;0m    [38;2;3;3;2m  [38;2;166;148;82m██[38;2;70;74;72m██[38;2;74;78;77m██[38;2;79;77;67m██[38;2;79;86;86m██[38;2;105;154;184m██[38;2;103;143;168m██[38;2;96;109;120m██[38;2;89;94;94m██[38;2;95;108;119m██[38;2;79;85;85m██[38;2;76;89;104m██[38;2;35;40;48m██[38;2;0;0;0m  [38;2;40;47;52m  [38;2;76;90;99m██[38;2;0;0;0m        [38;2;47;49;51m██[38;2;55;62;65m██[38;2;0;0;0m    
[38;2;25;30;33m██[38;2;97;115;127m██[38;2;24;25;25m██[38;2;66;66;68m██[38;2;85;94;98m██[38;2;74;72;70m██[38;2;84;93;102m██[38;2;96;113;128m██[38;2;50;59;65m██[38;2;0;0;0m      [38;2;39;49;51m██[38;2;215;192;99m██[38;2;90;101;107m██[38;2;96;113;124m████[38;2;66;67;68m██[38;2;74;76;76m██[38;2;87;85;78m██[38;2;69;75;92m██[38;2;66;66;67m██[38;2;65;65;67m██[38;2;84;91;99m██[38;2;82;79;75m██[38;2;92;109;120m██[38;2;100;116;125m██[38;2;6;5;3m  [38;2;0;0;0m        [38;2;99;107;110m██[38;2;31;36;40m██[38;2;0;0;0m    
[38;2;13;16;18m  [38;2;11;12;14m  [38;2;0;0;0m  [38;2;29;29;29m  [38;2;75;73;66m██[38;2;75;75;73m██[38;2;77;84;90m██[38;2;80;89;100m██[38;2;97;115;127m██[38;2;0;0;0m    [38;2;3;3;4m  [38;2;95;146;176m██[38;2;155;140;84m██[38;2;134;131;99m██[38;2;245;218;107m██[38;2;202;184;103m██[38;2;100;109;108m  [38;2;79;90;108m██[38;2;160;148;98m██[38;2;177;170;120m██[38;2;162;147;87m██[38;2;92;98;98m██[38;2;79;82;83m██[38;2;96;110;125m██[38;2;97;115;127m██[38;2;84;92;98m██[38;2;51;57;64m██[38;2;0;0;0m    [38;2;8;6;5m  [38;2;60;63;66m██[38;2;83;94;100m██[38;2;27;31;33m██[38;2;0;0;0m    
[38;2;0;0;0m    [38;2;43;42;43m  [38;2;68;64;57m  [38;2;71;69;66m██[38;2;66;65;58m██[38;2;89;102;114m██[38;2;65;65;67m██[38;2;97;116;128m██[38;2;0;0;0m    [38;2;178;151;79m██[38;2;90;100;104m██[38;2;117;192;235m██[38;2;97;117;127m██[38;2;93;108;118m██[38;2;58;65;74m██[38;2;99;100;85m██[38;2;240;214;116m██[38;2;105;102;88m██[38;2;65;65;66m██[38;2;97;113;125m████[38;2;97;114;126m██[38;2;76;74;73m██[38;2;65;65;66m██[38;2;78;89;102m██[38;2;66;75;87m██[38;2;77;87;99m  [38;2;54;64;70m  [38;2;56;59;63m██[38;2;82;94;103m██[38;2;99;115;126m██[38;2;33;37;39m██[38;2;0;0;0m    
[38;2;0;0;0m    [38;2;56;63;69m██[38;2;80;88;95m██[38;2;83;91;104m██[38;2;72;76;84m██[38;2;61;70;82m██[38;2;1;1;2m  [38;2;65;73;77m██[38;2;80;87;97m██[38;2;86;85;63m██[38;2;139;136;91m██[38;2;197;176;94m██[38;2;89;96;98m██[38;2;95;107;117m██[38;2;102;110;106m██[38;2;180;187;141m██[38;2;165;210;198m██[38;2;102;159;191m██[38;2;84;88;92m██[38;2;89;96;98m██[38;2;81;92;103m██[38;2;83;101;112m██[38;2;82;96;105m██[38;2;81;89;96m██[38;2;82;91;98m██[38;2;158;143;93m██[38;2;76;81;93m██[38;2;71;76;83m██[38;2;74;78;82m██[38;2;96;112;123m██[38;2;76;81;89m██[38;2;76;85;98m██[38;2;0;0;0m      
[38;2;0;0;0m      [38;2;64;73;88m  [38;2;76;87;103m██[38;2;7;8;10m  [38;2;0;0;0m    [38;2;46;54;60m  [38;2;97;114;126m██[38;2;65;64;65m██[38;2;82;126;120m  [38;2;141;159;116m██[38;2;245;217;106m██[38;2;139;127;81m██[38;2;85;80;68m████████[38;2;242;217;110m██[38;2;90;92;82m██[38;2;103;136;160m██[38;2;104;137;161m██[38;2;103;137;160m██[38;2;101;114;128m██[38;2;80;87;95m██[38;2;97;115;128m██[38;2;157;143;94m██[38;2;74;72;82m██[38;2;71;75;81m██[38;2;98;113;123m██[38;2;63;72;83m██[38;2;68;77;88m  [38;2;0;0;0m      
[38;2;0;0;0m                  [38;2;76;85;94m██[38;2;91;103;112m██[38;2;81;91;98m██[38;2;72;121;126m██[38;2;143;160;116m██[38;2;186;184;111m██[38;2;153;172;123m██[38;2;218;204;111m██[38;2;175;177;113m██[38;2;175;169;102m██[38;2;192;173;95m██[38;2;98;106;102m██[38;2;99;117;132m██[38;2;100;125;142m██[38;2;100;121;135m██[38;2;101;114;126m██[38;2;73;78;84m██[38;2;97;115;128m██[38;2;150;138;91m██[38;2;69;68;74m██[38;2;75;83;93m██[38;2;72;77;84m██[38;2;79;90;105m██[38;2;0;0;0m        
[38;2;0;0;0m                  [38;2;8;4;1m██[38;2;81;91;97m██[38;2;94;113;124m██[38;2;66;78;80m██[38;2;68;155;170m██[38;2;72;143;153m██[38;2;73;134;141m██[38;2;74;131;136m██[38;2;74;119;120m██[38;2;73;106;105m██[38;2;185;166;92m██[38;2;91;105;115m██[38;2;76;81;86m██[38;2;97;113;123m██[38;2;79;84;89m██[38;2;79;90;102m██[38;2;79;89;104m██[38;2;65;64;65m██[38;2;73;77;82m██[38;2;67;68;70m██[38;2;79;89;104m██[38;2;65;66;69m██[38;2;29;33;39m██[38;2;0;0;0m        
[38;2;0;0;0m                  [38;2;38;35;29m██[38;2;121;108;72m██[38;2;78;88;102m██[38;2;75;83;94m██[38;2;65;76;78m██[38;2;68;124;133m██[38;2;71;152;163m██[38;2;76;105;102m██[38;2;76;107;105m██[38;2;71;121;123m██[38;2;68;72;75m██[38;2;73;87;92m██[38;2;76;81;86m██[38;2;75;75;73m██[38;2;76;77;73m██[38;2;71;74;70m██[38;2;79;89;103m██[38;2;65;64;65m██[38;2;91;105;116m██[38;2;100;114;125m██[38;2;86;98;111m██[38;2;66;76;86m██[38;2;12;14;16m  [38;2;0;0;0m        
[38;2;0;0;0m                [38;2;48;43;32m██[38;2;78;89;103m██[38;2;133;116;70m██[38;2;89;83;68m██[38;2;137;126;81m██[38;2;89;81;68m██[38;2;79;75;67m██[38;2;69;73;76m██[38;2;88;113;121m██[38;2;75;86;79m██[38;2;73;75;69m██[38;2;193;173;94m██[38;2;90;104;116m██[38;2;65;65;67m██[38;2;67;68;63m██[38;2;72;74;74m██[38;2;65;64;65m██[38;2;72;78;86m██[38;2;94;109;120m██[38;2;98;114;125m██[38;2;79;90;104m██[38;2;88;101;113m██[38;2;79;93;103m  [38;2;0;0;0m          
[38;2;0;0;0m                [38;2;151;130;68m██[38;2;81;89;104m██[38;2;126;111;71m██[38;2;119;106;70m██[38;2;189;168;88m██[38;2;237;210;104m██[38;2;223;198;100m██[38;2;159;146;90m██[38;2;73;74;71m██[38;2;215;195;101m██[38;2;81;78;67m██[38;2;215;191;99m██[38;2;83;83;78m██[38;2;77;86;98m██[38;2;84;96;108m██[38;2;78;87;96m██[38;2;74;81;90m██[38;2;77;83;90m██[38;2;85;95;103m██[38;2;78;86;96m██[38;2;78;89;104m██[38;2;83;95;110m██[38;2;0;0;0m            
[38;2;0;0;0m                [38;2;126;117;91m██[38;2;175;151;82m██[38;2;122;108;71m██[38;2;96;112;123m██[38;2;129;118;75m██[38;2;73;71;66m██[38;2;171;156;92m██[38;2;234;208;102m██[38;2;221;198;101m██[38;2;227;201;101m██[38;2;246;218;106m██[38;2;245;217;105m██[38;2;239;211;103m██[38;2;77;74;68m██[38;2;75;84;95m██[38;2;76;86;99m██[38;2;89;85;74m██[38;2;109;122;125m██[38;2;118;129;124m██[38;2;80;89;95m██[38;2;79;90;104m██[38;2;28;32;39m  [38;2;0;0;0m            
[38;2;0;0;0m              [38;2;49;56;67m  [38;2;67;68;71m██[38;2;79;89;103m██[38;2;94;95;91m██[38;2;77;83;90m██[38;2;91;104;114m██[38;2;69;70;72m██[38;2;98;104;98m██[38;2;104;100;79m██[38;2;83;90;93m██[38;2;87;80;68m██[38;2;190;165;85m██[38;2;184;161;84m  [38;2;109;101;73m██[38;2;103;104;99m██[38;2;74;82;92m██[38;2;112;104;81m██[38;2;164;151;103m██[38;2;222;202;109m██[38;2;245;217;106m██[38;2;88;102;114m██[38;2;29;32;37m  [38;2;0;0;0m              
[38;2;0;0;0m                [38;2;31;35;42m  [38;2;44;51;58m██[38;2;65;74;86m██[38;2;63;71;84m██[38;2;21;21;21m  [38;2;0;0;0m  [38;2;52;61;67m  [38;2;77;91;101m██[38;2;50;58;66m██[38;2;84;99;109m██[38;2;77;83;88m██[38;2;71;74;80m██[38;2;76;86;98m██[38;2;63;72;86m██[38;2;48;52;56m██[38;2;99;116;126m██[38;2;97;115;128m██[38;2;163;161;118m██[38;2;97;115;128m██[38;2;156;156;118m██[38;2;0;0;0m                
[38;2;0;0;0m                                  [38;2;6;8;8m  [38;2;29;34;39m██[38;2;24;26;29m██[38;2;20;20;21m██[38;2;0;0;0m  [38;2;2;1;0m  [38;2;52;60;67m██[38;2;99;114;125m██[38;2;84;97;111m██[38;2;99;115;126m██[38;2;56;65;73m██[38;2;0;0;0m                
[38;2;0;0;0m                                              [38;2;77;90;98m██[38;2;62;71;82m██[38;2;100;115;126m██[38;2;62;70;81m██[38;2;77;90;98m██[38;2;0;0;0m                
[38;2;0;0;0m                                                  [38;2;25;29;33m██[38;2;0;0;0m                    [0m
