
[38;2;0;0;0m                      [38;2;38;44;48m  [38;2;0;0;0m            
[38;2;0;0;0m                    [38;2;38;44;48m  [38;2;180;209;228m██[38;2;0;0;0m            
[38;2;0;0;0m                [38;2;17;19;21m  [38;2;158;184;200m██[38;2;179;212;232m██[38;2;147;174;204m██[38;2;38;45;53m  [38;2;0;0;0m          
[38;2;0;0;0m    [38;2;169;197;214m██[38;2;216;223;227m████[38;2;169;197;214m██[38;2;0;0;0m  [38;2;95;113;135m  [38;2;172;202;220m██[38;2;189;219;239m██[38;2;142;167;197m██[38;2;79;91;107m██[38;2;105;124;148m██[38;2;0;0;0m          
[38;2;41;48;55m██[38;2;166;194;220m██[38;2;131;147;158m████[38;2;184;216;240m██[38;2;187;217;237m██[38;2;187;218;237m██[38;2;185;217;236m██[38;2;210;227;239m██[38;2;152;174;201m██[38;2;125;148;171m██[38;2;29;32;35m██[38;2;120;143;171m██[38;2;15;18;22m  [38;2;0;0;0m        
[38;2;0;0;0m  [38;2;105;124;148m██[38;2;140;166;198m██[38;2;141;165;188m██[38;2;65;65;65m████[38;2;186;217;236m██[38;2;237;245;250m██[38;2;255;255;255m████[38;2;141;167;185m██[38;2;0;0;0m  [38;2;35;41;49m████[38;2;0;0;0m        
[38;2;0;0;0m    [38;2;76;87;102m██[38;2;104;119;137m██[38;2;139;165;197m██[38;2;139;163;195m██[38;2;106;120;137m██[38;2;119;124;130m██[38;2;168;173;178m██[38;2;193;221;238m██[38;2;186;217;236m██[38;2;123;142;153m██[38;2;72;80;89m██[38;2;129;152;180m██[38;2;0;0;0m        
[38;2;0;0;0m    [38;2;183;215;235m██[38;2;189;206;225m██[38;2;78;78;81m██[38;2;164;173;187m██[38;2;173;205;227m██[38;2;184;192;211m██[38;2;163;165;178m██[38;2;124;130;140m██[38;2;181;213;233m██[38;2;187;218;238m██[38;2;122;142;165m██[38;2;118;136;159m██[38;2;108;128;152m██[38;2;3;3;4m  [38;2;0;0;0m    
[38;2;0;0;0m  [38;2;90;104;114m  [38;2;147;160;172m██[38;2;137;116;128m██[38;2;206;208;222m██[38;2;176;167;179m██[38;2;128;144;155m██[38;2;205;227;241m██[38;2;219;224;234m██[38;2;130;144;167m██[38;2;108;122;138m██[38;2;156;184;211m██[38;2;139;164;195m██[38;2;84;90;98m██[38;2;103;115;134m██[38;2;103;120;144m██[38;2;0;0;0m    
[38;2;11;11;11m  [38;2;152;175;190m██[38;2;101;102;108m██[38;2;217;216;225m██[38;2;215;210;222m██[38;2;93;82;83m██[38;2;64;63;64m██[38;2;146;165;177m██[38;2;192;218;236m██[38;2;163;184;212m██[38;2;121;140;163m██[38;2;110;125;145m██[38;2;139;164;196m██[38;2;139;165;197m██[38;2;40;38;40m  [38;2;89;103;121m  [38;2;105;124;148m██[38;2;0;0;0m  
[38;2;51;56;60m██[38;2;190;219;237m██[38;2;95;94;99m██[38;2;206;204;216m██[38;2;166;164;174m██[38;2;52;52;52m██[38;2;176;174;183m██[38;2;105;103;107m██[38;2;192;221;239m██[38;2;190;219;237m██[38;2;144;167;189m██[38;2;106;120;137m██[38;2;139;165;197m██[38;2;139;163;195m██[38;2;0;0;0m    [38;2;130;154;184m██[38;2;25;30;35m  
[38;2;48;53;58m██[38;2;193;214;233m██[38;2;149;174;199m██[38;2;150;155;171m██[38;2;199;204;223m██[38;2;178;183;201m██[38;2;151;159;172m██[38;2;165;189;205m██[38;2;185;217;236m████[38;2;193;214;233m██[38;2;84;89;94m██[38;2;0;0;0m        [38;2;47;54;59m████
[38;2;9;9;10m  [38;2;180;162;171m██[38;2;187;205;223m██[38;2;95;100;106m██[38;2;128;145;168m██[38;2;150;159;173m██[38;2;177;193;208m██[38;2;188;216;236m██[38;2;208;208;224m██[38;2;208;207;224m██[38;2;220;204;218m██[38;2;60;50;52m██[38;2;0;0;0m        [38;2;124;145;160m██[38;2;47;54;59m██
[38;2;0;0;0m  [38;2;110;96;102m  [38;2;197;188;198m██[38;2;167;162;180m██[38;2;103;100;104m██[38;2;152;136;143m██[38;2;187;186;205m██[38;2;222;205;217m██[38;2;226;204;215m██[38;2;241;199;208m██[38;2;224;180;187m██[38;2;39;31;32m  [38;2;0;0;0m    [38;2;89;72;74m██[38;2;122;111;118m██[38;2;92;107;117m  [38;2;0;0;0m  
[38;2;0;0;0m    [38;2;67;53;57m██[38;2;230;185;192m██[38;2;193;159;164m██[38;2;205;168;174m██[38;2;246;200;205m████[38;2;246;199;205m██[38;2;78;63;65m██[38;2;16;13;14m  [38;2;0;0;0m    [38;2;45;44;45m  [38;2;246;200;205m██[38;2;196;161;167m██[38;2;6;3;0m  [38;2;0;0;0m  
[38;2;0;0;0m      [38;2;154;115;129m██[38;2;130;107;115m██[38;2;147;122;129m██[38;2;247;200;205m██[38;2;228;180;191m██[38;2;103;86;90m██[38;2;7;7;7m  [38;2;0;0;0m  [38;2;64;74;81m  [38;2;110;128;140m██[38;2;186;217;236m██[38;2;134;127;137m██[38;2;140;116;126m██[38;2;0;0;0m    
[38;2;0;0;0m        [38;2;216;165;181m██[38;2;247;199;206m██[38;2;247;200;205m██[38;2;203;165;170m██[38;2;106;87;91m██[38;2;203;155;170m██[38;2;0;0;0m    [38;2;65;65;65m██[38;2;158;180;195m██[38;2;176;205;227m██[38;2;34;41;48m██[38;2;0;0;0m    
[38;2;0;0;0m      [38;2;154;117;129m██[38;2;141;118;127m██[38;2;134;121;123m██[38;2;172;144;148m██[38;2;223;180;186m██[38;2;241;194;201m██[38;2;208;160;175m██[38;2;154;115;129m██[38;2;0;0;0m  [38;2;117;137;151m██[38;2;66;71;76m██[38;2;85;99;115m██[38;2;16;19;22m  [38;2;0;0;0m    
[38;2;0;0;0m      [38;2;0;5;5m  [38;2;108;101;105m██[38;2;120;119;122m██[38;2;230;186;193m██[38;2;120;104;107m██[38;2;220;176;185m██[38;2;199;154;170m██[38;2;140;105;117m  [38;2;0;0;0m  [38;2;1;0;0m  [38;2;37;40;45m  [38;2;106;125;148m██[38;2;1;0;0m  [38;2;0;0;0m    
[38;2;0;0;0m        [38;2;17;17;19m  [38;2;158;163;179m██[38;2;144;147;160m██[38;2;177;183;200m██[38;2;145;144;156m██[38;2;122;112;119m██[38;2;31;31;31m  [38;2;0;0;0m      [38;2;38;45;53m  [38;2;0;0;0m      
[38;2;0;0;0m        [38;2;38;39;43m  [38;2;154;159;175m██[38;2;52;52;52m  [38;2;204;204;205m██[38;2;116;117;127m██[38;2;157;162;178m██[38;2;154;159;175m██[38;2;38;39;43m  [38;2;0;0;0m            
[38;2;0;0;0m              [38;2;52;52;52m  [38;2;56;56;57m██[38;2;4;4;4m  [38;2;0;0;0m                [0m
