
[38;2;0;0;0m                [38;2;8;16;21m  [38;2;1;3;4m  [38;2;0;0;0m                                      
[38;2;0;0;0m                [38;2;32;61;83m██[38;2;7;13;18m██[38;2;0;0;0m        [38;2;33;61;82m  [38;2;0;0;0m                            
[38;2;0;0;0m                [38;2;21;42;59m██[38;2;30;58;80m██[38;2;0;0;0m        [38;2;81;153;205m██[38;2;0;0;0m                            
[38;2;0;0;0m                [38;2;22;43;65m██[38;2;57;110;151m██[38;2;0;0;0m      [38;2;71;133;178m  [38;2;45;85;114m██[38;2;0;0;0m                            
[38;2;0;0;0m                  [38;2;52;99;149m██[38;2;42;81;119m██[38;2;34;65;88m██[38;2;79;153;202m████[38;2;39;76;101m██[38;2;0;0;0m                            
[38;2;0;0;0m                  [38;2;61;103;145m██[38;2;55;98;132m██[38;2;79;153;202m██[38;2;45;84;113m██[38;2;3;5;7m██[38;2;80;150;201m██[38;2;0;0;0m                            
[38;2;0;0;0m                  [38;2;3;0;0m  [38;2;19;32;43m  [38;2;78;149;198m██[38;2;0;0;0m    [38;2;20;38;51m  [38;2;0;0;0m                            
[38;2;0;0;0m                      [38;2;77;145;194m██[38;2;43;81;109m██[38;2;0;0;0m                                
[38;2;0;0;0m                [38;2;37;72;98m██[38;2;34;65;97m██[38;2;0;0;0m  [38;2;32;61;82m  [38;2;65;122;164m██[38;2;0;1;2m  [38;2;0;0;0m                              
[38;2;0;0;0m                [38;2;97;169;229m██[38;2;79;150;205m██[38;2;0;0;0m    [38;2;79;153;202m██[38;2;51;70;85m██[38;2;22;17;15m██[38;2;11;11;10m██[38;2;70;136;191m██[38;2;54;105;142m██[38;2;0;0;0m                      
[38;2;0;0;0m                [38;2;21;43;62m██[38;2;19;37;51m██[38;2;25;41;61m  [38;2;28;36;48m  [38;2;79;153;202m██[38;2;84;154;204m██[38;2;71;108;135m██[38;2;55;62;68m██[38;2;80;147;199m██[38;2;64;118;157m██[38;2;4;2;0m  [38;2;0;0;0m                    
[38;2;0;0;0m                    [38;2;25;39;54m  [38;2;52;77;103m██[38;2;79;153;202m██[38;2;81;153;204m██[38;2;74;117;147m██[38;2;81;152;203m██[38;2;66;103;132m██[38;2;47;80;102m██[38;2;44;84;113m██[38;2;0;0;0m                    
[38;2;0;0;0m                      [38;2;77;145;194m██[38;2;79;153;202m██████[38;2;78;151;199m██[38;2;74;111;139m██[38;2;79;153;202m██[38;2;80;153;203m██[38;2;0;0;0m                    
[38;2;0;0;0m                    [38;2;115;91;41m██[38;2;74;70;65m██[38;2;79;153;202m████[38;2;80;153;203m██[38;2;127;172;165m██[38;2;199;182;65m██[38;2;123;171;169m██[38;2;80;153;203m██[38;2;73;141;186m██[38;2;6;6;6m  [38;2;0;0;0m                
[38;2;0;0;0m                  [38;2;54;107;151m  [38;2;83;97;102m██[38;2;205;164;76m██[38;2;79;153;202m████[38;2;146;167;150m██[38;2;101;97;66m██[38;2;142;135;110m██[38;2;237;194;79m██[38;2;81;152;204m██[38;2;68;85;98m██[38;2;68;130;166m██[38;2;25;39;48m  [38;2;2;1;0m  [38;2;0;0;0m            
[38;2;0;0;0m                [38;2;25;45;65m██[38;2;65;114;161m██[38;2;64;90;114m██[38;2;76;135;180m██[38;2;71;129;171m██[38;2;78;153;201m██[38;2;132;161;154m██[38;2;127;107;67m██[38;2;145;145;118m██[38;2;80;153;203m██[38;2;71;102;124m██[38;2;81;152;207m██[38;2;90;163;214m██[38;2;79;144;187m██[38;2;11;20;25m  [38;2;0;0;0m            
[38;2;0;0;0m                [38;2;44;75;103m██[38;2;56;106;159m██[38;2;70;100;124m██[38;2;67;100;126m██[38;2;76;146;191m██[38;2;59;94;126m██[38;2;66;111;148m██[38;2;93;136;161m██[38;2;90;154;197m██[38;2;77;151;198m██[38;2;65;103;138m██[38;2;67;80;91m██[38;2;79;153;202m██[38;2;76;147;192m██[38;2;21;33;45m██[38;2;0;0;0m            
[38;2;0;0;0m            [38;2;8;16;25m  [38;2;31;60;91m██[38;2;19;37;57m  [38;2;0;0;0m  [38;2;20;38;50m  [38;2;80;149;200m██[38;2;61;98;132m██[38;2;69;125;164m██[38;2;69;125;165m████[38;2;67;119;158m██[38;2;56;94;135m██[38;2;56;109;163m██[38;2;55;79;105m██[38;2;14;14;14m  [38;2;3;7;11m  [38;2;32;62;94m██[38;2;20;38;58m  [38;2;0;0;0m          
[38;2;0;0;0m        [38;2;54;104;157m████[38;2;35;68;102m██[38;2;0;0;0m      [38;2;6;3;0m  [38;2;78;145;194m██[38;2;67;117;155m██[38;2;78;150;198m████[38;2;77;149;197m██[38;2;66;117;163m██[38;2;56;109;163m██[38;2;55;107;163m██[38;2;54;78;104m██[38;2;0;0;0m      [38;2;10;16;22m██[38;2;69;126;166m██[38;2;0;0;0m        
[38;2;0;0;0m  [38;2;25;24;25m  [38;2;61;86;114m██[38;2;57;104;154m██[38;2;56;109;163m████[38;2;18;34;52m  [38;2;0;0;0m      [38;2;36;66;96m██[38;2;72;107;134m██[38;2;66;114;156m██[38;2;78;153;202m██[38;2;79;154;202m██[38;2;78;152;200m██[38;2;59;97;139m██[38;2;56;109;163m██[38;2;58;95;135m██[38;2;60;86;114m██[38;2;41;67;94m██[38;2;3;5;8m  [38;2;9;17;24m  [38;2;12;23;31m██[38;2;80;154;203m██[38;2;72;138;184m██[38;2;11;22;29m  [38;2;0;0;0m    
[38;2;2;2;2m  [38;2;44;83;126m██[38;2;63;95;131m██[38;2;63;73;86m██[38;2;54;104;157m██[38;2;8;16;24m  [38;2;0;0;0m      [38;2;52;99;149m██[38;2;56;109;163m██[38;2;64;67;73m██[38;2;61;97;137m██[38;2;57;85;116m██[38;2;77;152;198m██[38;2;57;107;161m██[38;2;57;94;135m██[38;2;57;106;158m██[38;2;60;89;121m██[38;2;59;114;168m██[38;2;79;154;202m██[38;2;78;142;196m██[38;2;18;34;47m  [38;2;0;0;0m  [38;2;55;102;137m██[38;2;79;153;202m██[38;2;54;99;138m██[38;2;50;87;127m██[38;2;0;1;1m  
[38;2;55;54;55m██[38;2;71;70;71m██[38;2;156;155;160m██[38;2;30;43;60m██[38;2;0;0;0m          [38;2;56;75;97m██[38;2;57;109;163m██[38;2;61;84;109m██[38;2;63;67;74m██[38;2;32;50;69m██[38;2;56;97;141m██[38;2;57;98;142m██[38;2;56;98;142m██[38;2;32;46;65m██[38;2;48;87;120m██[38;2;79;154;202m██[38;2;79;153;201m██[38;2;77;145;194m██[38;2;17;31;42m  [38;2;0;0;0m  [38;2;23;43;58m  [38;2;76;147;192m██[38;2;67;113;151m██[38;2;51;63;81m██[38;2;6;11;17m  
[38;2;0;0;0m                  [38;2;24;18;18m  [38;2;51;61;73m██[38;2;57;106;159m██[38;2;26;51;77m  [38;2;0;0;0m            [38;2;73;136;183m██[38;2;79;153;202m██[38;2;80;150;202m██[38;2;26;49;65m  [38;2;0;0;0m    [38;2;54;110;151m██[38;2;112;136;153m██[38;2;19;22;39m  [38;2;0;0;0m  
[38;2;0;0;0m                [38;2;55;54;55m  [38;2;150;165;180m██[38;2;46;66;86m██[38;2;19;37;56m██[38;2;0;0;0m              [38;2;40;73;107m██[38;2;69;94;112m██[38;2;24;46;62m  [38;2;0;0;0m      [38;2;75;89;98m██[38;2;100;105;108m██[38;2;188;197;197m██[38;2;0;0;0m  
[38;2;0;0;0m                  [38;2;0;2;5m  [38;2;0;1;3m  [38;2;0;0;0m                [38;2;46;88;132m██[38;2;52;97;145m██[38;2;95;94;95m██[38;2;17;17;17m  [38;2;0;0;0m            
[38;2;0;0;0m                                        [38;2;9;13;18m  [38;2;68;68;68m██[38;2;24;24;24m  [38;2;0;0;0m            [0m
