
[38;2;0;0;0m                    [38;2;40;34;29m    [38;2;0;0;0m                    
[38;2;0;0;0m                  [38;2;9;9;9m  [38;2;168;144;127m██[38;2;154;130;113m██[38;2;0;0;0m                    
[38;2;0;0;0m                  [38;2;172;137;130m██[38;2;192;155;137m██[38;2;154;130;113m██[38;2;0;0;0m  [38;2;77;65;56m██[38;2;213;179;156m██[38;2;0;0;0m              
[38;2;0;0;0m                [38;2;94;77;73m  [38;2;155;111;106m██[38;2;209;175;152m██[38;2;186;151;133m██[38;2;20;13;13m  [38;2;150;112;104m██[38;2;213;179;156m██[38;2;0;0;0m              
[38;2;0;0;0m                [38;2;114;94;88m██[38;2;152;106;101m██[38;2;213;179;156m██[38;2;192;155;137m██[38;2;78;69;69m██[38;2;213;179;156m██[38;2;145;123;106m██[38;2;0;0;0m  [38;2;179;147;139m██[38;2;81;67;63m██[38;2;0;0;0m        
[38;2;0;0;0m                [38;2;114;94;88m██[38;2;152;106;101m██[38;2;213;179;156m██[38;2;192;155;137m██[38;2;183;151;134m██[38;2;213;179;156m██[38;2;19;16;14m██[38;2;71;58;54m  [38;2;179;147;139m██[38;2;10;8;8m  [38;2;0;0;0m        
[38;2;0;0;0m              [38;2;16;13;12m██[38;2;172;133;124m██[38;2;213;179;156m████[38;2;207;174;153m██[38;2;209;176;154m██[38;2;213;179;156m██[38;2;119;104;99m██[38;2;179;147;139m██[38;2;109;90;84m██[38;2;0;0;0m          
[38;2;0;0;0m              [38;2;73;70;67m██[38;2;211;178;155m██[38;2;213;179;156m████████[38;2;202;169;150m██[38;2;180;148;139m██[38;2;179;147;139m██[38;2;0;0;0m██          
[38;2;0;0;0m          ██[38;2;179;147;139m██[38;2;78;75;73m██[38;2;212;179;156m██[38;2;213;179;156m██████[38;2;166;147;138m██[38;2;133;111;113m██[38;2;179;147;139m██[38;2;111;93;88m██[38;2;0;0;0m            
[38;2;0;0;0m            [38;2;101;83;78m██[38;2;78;75;73m██[38;2;212;179;156m██[38;2;213;179;156m██[38;2;212;179;156m██[38;2;75;76;79m██[38;2;218;219;223m██[38;2;153;111;107m██[38;2;179;147;139m██[38;2;110;106;135m██[38;2;62;62;62m██[38;2;0;0;0m          
[38;2;0;0;0m    [38;2;44;17;11m  [38;2;93;29;41m██[38;2;49;14;23m  [38;2;0;0;0m    [38;2;43;42;41m██[38;2;187;159;140m██[38;2;210;177;154m██[38;2;150;141;137m██[38;2;92;92;92m██[38;2;255;255;255m██[38;2;166;128;122m██[38;2;129;111;106m██[38;2;120;104;100m██[38;2;179;147;139m██[38;2;205;172;151m██[38;2;101;86;74m████[38;2;0;0;0m    
[38;2;0;0;0m  [38;2;154;46;73m██[38;2;255;97;65m████[38;2;121;61;76m██[38;2;189;56;89m██[38;2;0;0;0m██  [38;2;114;94;88m██[38;2;179;147;139m████████[38;2;138;117;112m██[38;2;65;65;65m████[38;2;213;179;156m████████[38;2;212;179;156m██[38;2;58;49;42m██
[38;2;60;21;20m██[38;2;249;94;67m██[38;2;255;97;65m██[38;2;223;78;76m██[38;2;132;60;78m██[38;2;223;78;76m██[38;2;121;61;76m██[38;2;101;83;78m██[38;2;85;73;70m██[38;2;88;71;68m██[38;2;144;108;105m██[38;2;159;119;114m██[38;2;127;107;102m██[38;2;163;67;77m██[38;2;252;96;66m██[38;2;240;89;70m██[38;2;129;60;78m██[38;2;177;152;134m██[38;2;135;119;108m██[38;2;115;93;89m██[38;2;90;69;69m██[38;2;8;8;8m  
[38;2;68;26;18m██[38;2;252;96;66m██[38;2;229;81;74m██[38;2;184;57;89m██[38;2;155;80;65m██[38;2;243;93;62m██[38;2;93;77;72m██[38;2;0;0;0m        [38;2;68;67;69m██[38;2;166;58;85m██[38;2;255;97;65m████[38;2;253;97;65m██[38;2;189;56;89m██[38;2;68;67;67m██[38;2;193;163;141m██[38;2;0;0;0m      
[38;2;22;6;10m  [38;2;169;51;80m██[38;2;163;58;84m██[38;2;36;31;32m██[38;2;110;42;28m██[38;2;0;0;0m            [38;2;69;67;87m██[38;2;166;58;85m██[38;2;231;83;73m██[38;2;255;97;65m██[38;2;204;66;84m██[38;2;189;56;89m██[38;2;131;90;93m██[38;2;193;163;141m██[38;2;0;0;0m      
[38;2;0;0;0m                  [38;2;2;1;2m  [38;2;17;16;20m██[38;2;159;145;206m██[38;2;103;100;109m██[38;2;178;57;87m████[38;2;188;56;90m██[38;2;189;56;89m██[38;2;121;65;78m██[38;2;148;102;99m██[38;2;75;62;54m██[38;2;0;0;0m    
[38;2;0;0;0m                  [38;2;9;8;13m  [38;2;105;101;118m██[38;2;142;137;159m██[38;2;215;206;241m██[38;2;147;142;169m██[38;2;107;97;142m██[38;2;113;61;74m████[38;2;159;133;125m██[38;2;178;145;137m██[38;2;59;45;43m██[38;2;0;0;0m    
[38;2;0;0;0m                [38;2;11;7;7m  [38;2;47;37;28m██[38;2;164;131;97m██[38;2;103;82;61m  [38;2;0;0;0m  [38;2;145;138;196m██[38;2;124;111;175m██[38;2;149;137;207m██[38;2;142;135;193m██[38;2;111;95;91m██[38;2;142;116;109m  [38;2;0;0;0m      
[38;2;0;0;0m                [38;2;98;74;60m██[38;2;144;115;86m██[38;2;57;45;34m██[38;2;0;0;0m    [38;2;8;8;8m  [38;2;148;129;115m██[38;2;74;70;95m██[38;2;0;0;0m            
[38;2;0;0;0m            [38;2;15;14;21m  [38;2;40;38;55m██[38;2;150;121;152m██[38;2;0;0;0m          [38;2;104;67;67m  [38;2;193;161;142m██[38;2;24;15;15m██[38;2;12;12;17m  [38;2;0;0;0m        
[38;2;0;0;0m            [38;2;89;85;121m██[38;2;163;156;222m██[38;2;91;86;123m██[38;2;0;0;0m            [38;2;81;72;93m██[38;2;156;135;181m██[38;2;74;70;100m██[38;2;0;0;0m        
[38;2;0;0;0m                              [38;2;162;160;186m██[38;2;209;200;240m██[38;2;0;0;0m          
[38;2;0;0;0m                              [38;2;57;55;64m██[38;2;42;40;57m██[38;2;0;0;0m          [0m
