
[38;2;0;0;0m        [38;2;23;34;14m  [38;2;0;0;0m                                                  
[38;2;0;0;0m        [38;2;88;128;53m██[38;2;0;0;0m                                                  
[38;2;0;0;0m    [38;2;32;46;19m  [38;2;20;20;21m  [38;2;147;214;94m██[38;2;9;14;5m██[38;2;0;0;0m  [38;2;83;23;16m██[38;2;0;0;0m                              [38;2;48;70;29m██[38;2;0;0;0m            
[38;2;0;0;0m    [38;2;141;203;85m██[38;2;71;80;63m██[38;2;119;162;82m██[38;2;57;57;56m██[38;2;32;28;31m  [38;2;255;72;48m██[38;2;0;0;0m                            ██[38;2;147;214;89m██[38;2;0;0;0m            
[38;2;0;0;0m  [38;2;118;171;72m██[38;2;103;133;76m██[38;2;115;155;80m██[38;2;141;67;60m██[38;2;200;69;56m██[38;2;156;64;54m██[38;2;155;43;29m██[38;2;0;0;0m                        [38;2;92;26;18m  [38;2;52;15;10m  [38;2;32;32;32m██[38;2;147;214;89m██[38;2;0;0;0m            
[38;2;0;0;0m  [38;2;9;13;5m  [38;2;120;164;81m██[38;2;216;70;58m██[38;2;193;69;56m██[38;2;91;65;62m██[38;2;247;71;49m██[38;2;0;0;0m██                        [38;2;237;69;48m██[38;2;170;74;63m██[38;2;233;233;233m██[38;2;169;223;106m██[38;2;0;0;0m    [38;2;136;197;82m██[38;2;45;65;27m  [38;2;0;0;0m    
[38;2;16;21;7m  [38;2;123;154;57m██[38;2;93;65;62m██[38;2;202;68;56m██[38;2;234;71;53m██[38;2;114;66;62m██[38;2;201;56;38m██[38;2;0;0;0m                            [38;2;255;72;48m██[38;2;65;64;65m██[38;2;153;153;153m██[38;2;107;30;20m  [38;2;40;58;24m  [38;2;139;201;84m██[38;2;26;39;16m  [38;2;0;0;0m    
[38;2;0;0;0m  [38;2;111;139;52m██[38;2;125;93;62m██[38;2;252;77;50m██[38;2;157;64;64m██[38;2;247;71;50m██[38;2;135;38;26m██[38;2;0;0;0m                            [38;2;254;72;50m██[38;2;251;73;52m██[38;2;166;69;57m██[38;2;242;71;49m██[38;2;126;130;110m██[38;2;146;152;122m██[38;2;0;0;0m      
[38;2;0;0;0m  [38;2;57;71;26m  [38;2;110;78;63m██[38;2;191;68;58m██[38;2;235;70;52m██[38;2;251;71;49m██[38;2;135;38;26m██[38;2;0;0;0m                            [38;2;118;34;24m██[38;2;254;73;52m██[38;2;209;69;54m██[38;2;242;71;53m██[38;2;125;113;101m██[38;2;0;17;14m  [38;2;0;0;0m      
[38;2;0;0;0m  [38;2;105;132;49m  [38;2;96;67;65m██[38;2;155;64;64m██[38;2;156;64;64m██[38;2;248;71;50m██[38;2;255;72;48m██[38;2;3;2;2m██[38;2;0;0;0m                          [38;2;112;32;23m  [38;2;254;73;51m██[38;2;254;72;49m██[38;2;154;67;61m██[38;2;174;77;66m██[38;2;72;39;38m██[38;2;100;146;61m██[38;2;118;171;71m██[38;2;0;0;0m  
[38;2;0;0;0m    [38;2;62;71;45m██[38;2;98;66;62m██[38;2;156;64;65m██[38;2;194;67;58m██[38;2;228;69;53m██[38;2;81;63;46m██[38;2;146;109;54m██[38;2;73;51;22m  [38;2;0;0;0m                        [38;2;255;72;48m██[38;2;254;73;52m██[38;2;216;68;55m██[38;2;173;76;64m██[38;2;187;170;152m██[38;2;157;218;97m██[38;2;49;72;30m  [38;2;0;0;0m  
[38;2;0;0;0m    [38;2;114;137;65m██[38;2;143;64;65m██[38;2;156;64;65m████[38;2;111;79;66m██[38;2;158;105;55m██[38;2;199;144;64m██[38;2;239;184;72m██[38;2;62;42;18m██[38;2;0;0;0m                      [38;2;255;72;48m██[38;2;254;73;52m██[38;2;238;70;51m██[38;2;113;64;63m██[38;2;104;86;85m██[38;2;94;94;94m██[38;2;0;0;0m    
[38;2;0;0;0m    [38;2;70;86;37m██[38;2;99;73;65m██[38;2;121;64;65m██[38;2;101;64;65m██[38;2;122;91;63m██[38;2;183;129;60m██[38;2;227;171;69m██[38;2;187;133;61m██[38;2;101;75;30m██[38;2;0;0;0m                    [38;2;75;22;15m  [38;2;254;73;50m██[38;2;225;70;54m██[38;2;218;70;56m██[38;2;240;71;52m██[38;2;228;69;49m██[38;2;79;79;77m██[38;2;94;137;57m██[38;2;25;36;15m  
[38;2;0;0;0m      [38;2;67;71;57m██[38;2;110;66;62m██[38;2;94;84;66m██[38;2;253;190;73m██[38;2;246;190;73m██[38;2;199;144;63m██[38;2;169;115;57m██[38;2;98;76;34m██[38;2;0;0;0m                    [38;2;118;34;24m██[38;2;254;73;51m██[38;2;208;68;56m██[38;2;237;72;54m██[38;2;190;69;55m██[38;2;90;89;88m██[38;2;191;195;180m██[38;2;133;197;89m██[38;2;32;47;19m  
[38;2;0;0;0m      [38;2;35;43;23m  [38;2;95;111;64m██[38;2;233;181;73m██[38;2;248;191;73m████[38;2;195;139;62m██[38;2;235;182;73m██[38;2;74;67;63m██[38;2;155;43;29m  [38;2;0;0;0m                  [38;2;214;60;41m██[38;2;185;66;60m██[38;2;241;70;51m██[38;2;225;69;53m██[38;2;226;70;52m██[38;2;187;79;60m██[38;2;117;150;112m██[38;2;19;35;25m  [38;2;0;0;0m  
[38;2;0;0;0m        [38;2;21;24;16m  [38;2;83;96;55m██[38;2;203;160;71m██[38;2;170;117;57m██[38;2;201;154;69m██[38;2;205;153;69m██[38;2;196;69;53m██[38;2;254;73;52m██[38;2;254;72;49m██[38;2;47;13;9m  [38;2;0;0;0m            [38;2;55;15;10m  [38;2;244;71;50m██[38;2;179;65;61m██[38;2;254;74;52m██[38;2;252;71;49m██[38;2;210;70;52m██[38;2;194;76;55m██[38;2;130;169;86m██[38;2;118;171;71m██[38;2;0;0;0m  
[38;2;0;0;0m        [38;2;0;0;1m  [38;2;30;35;18m  [38;2;64;77;38m██[38;2;57;44;17m██[38;2;173;138;70m██[38;2;215;69;50m██[38;2;211;70;52m██[38;2;139;63;56m██[38;2;228;83;65m██[38;2;231;83;50m██[38;2;36;34;15m  [38;2;0;0;0m        [38;2;78;22;15m  [38;2;251;70;48m██[38;2;243;71;51m██[38;2;254;73;51m██[38;2;214;69;56m██[38;2;106;65;61m██[38;2;148;151;152m██[38;2;190;205;196m██[38;2;58;88;50m██[38;2;27;40;16m  [38;2;0;0;0m  
[38;2;0;0;0m              [38;2;73;56;21m██[38;2;154;106;65m██[38;2;251;71;48m██[38;2;134;67;61m██[38;2;240;228;225m██[38;2;179;87;72m██[38;2;165;176;79m██[38;2;201;141;67m██[38;2;34;19;18m██[38;2;15;4;2m  [38;2;15;6;6m  [38;2;71;21;15m██[38;2;254;72;49m██[38;2;227;69;53m██[38;2;217;69;55m██[38;2;224;71;55m██[38;2;241;70;51m██[38;2;255;72;48m██[38;2;130;70;55m██[38;2;110;144;101m██[38;2;14;21;8m  [38;2;0;0;0m    
[38;2;0;0;0m              [38;2;246;190;73m██[38;2;152;113;67m██[38;2;96;64;61m██[38;2;44;35;36m██[38;2;234;233;234m██[38;2;70;85;75m██[38;2;232;121;62m██[38;2;254;73;52m██[38;2;189;69;54m██[38;2;182;66;55m██[38;2;169;52;40m██[38;2;252;71;49m██[38;2;254;73;52m██[38;2;239;70;51m██[38;2;255;72;48m██[38;2;237;70;51m██[38;2;203;67;57m██[38;2;97;65;62m██[38;2;119;139;76m██[38;2;147;214;89m██[38;2;49;71;29m██[38;2;0;0;0m    
[38;2;0;0;0m            [38;2;41;31;12m  [38;2;246;190;73m██[38;2;216;161;67m██[38;2;205;151;66m██[38;2;79;61;47m██[38;2;105;64;65m██[38;2;156;64;65m██[38;2;102;66;62m██[38;2;254;73;52m██[38;2;254;74;52m████[38;2;242;72;52m██[38;2;195;67;58m██[38;2;233;70;52m██[38;2;194;76;60m██[38;2;102;91;75m██[38;2;69;94;79m██[38;2;97;141;85m██[38;2;88;127;53m  [38;2;0;0;0m          
[38;2;0;0;0m            [38;2;231;178;69m██[38;2;246;190;73m██[38;2;84;77;65m██[38;2;201;138;74m██[38;2;9;7;5m  [38;2;35;14;14m██[38;2;141;56;55m██[38;2;179;101;89m██[38;2;254;72;49m██[38;2;254;114;92m██[38;2;254;230;210m██[38;2;226;147;154m██[38;2;147;61;55m██[38;2;79;64;64m██[38;2;197;135;87m██[38;2;66;66;72m██[38;2;66;73;69m██[38;2;138;106;74m██[38;2;184;130;76m  [38;2;0;2;8m  [38;2;0;0;0m        
[38;2;0;0;0m          [38;2;229;177;69m██[38;2;75;58;22m  [38;2;37;38;40m██[38;2;102;81;62m██[38;2;119;82;44m  [38;2;0;0;0m  [38;2;12;4;5m  [38;2;151;102;96m██[38;2;253;223;201m██[38;2;253;192;188m██[38;2;253;250;230m████[38;2;254;247;226m██[38;2;171;130;115m██[38;2;168;121;76m██[38;2;177;123;80m██[38;2;181;124;82m██[38;2;186;127;85m██[38;2;164;122;76m██[38;2;146;113;57m██[38;2;121;93;41m██[38;2;93;93;65m  [38;2;0;0;0m      
[38;2;0;0;0m          [38;2;10;8;3m██[38;2;0;0;0m  [38;2;0;4;8m██[38;2;105;73;42m██[38;2;0;0;0m      [38;2;168;166;153m██[38;2;251;250;229m██[38;2;251;250;230m██[38;2;252;250;230m████[38;2;253;250;229m██[38;2;204;204;177m██[38;2;126;93;71m██[38;2;223;151;79m██[38;2;218;152;79m██[38;2;249;181;74m██[38;2;232;171;76m██[38;2;225;153;78m██[38;2;242;212;136m██[38;2;253;253;178m██[38;2;243;243;171m██[38;2;0;0;0m    
[38;2;0;0;0m                        [38;2;87;85;79m  [38;2;254;250;230m██[38;2;252;250;230m██[38;2;251;250;230m██[38;2;254;250;230m██[38;2;215;215;189m██[38;2;194;198;169m██[38;2;127;99;71m██[38;2;222;153;81m██[38;2;171;123;81m██[38;2;167;127;78m██[38;2;158;128;69m██[38;2;148;137;93m██[38;2;219;205;144m██[38;2;178;155;120m██[38;2;23;15;15m  [38;2;0;0;0m    
[38;2;0;0;0m                    [38;2;1;1;1m██[38;2;0;0;0m    [38;2;14;15;15m██[38;2;153;160;154m██[38;2;171;168;145m██[38;2;177;177;155m██[38;2;197;198;172m██[38;2;82;81;79m██[38;2;221;152;82m██[38;2;149;105;82m██[38;2;178;124;81m██[38;2;218;150;80m██[38;2;224;152;79m██[38;2;67;65;65m██[38;2;66;64;65m██[38;2;0;0;0m        
[38;2;0;0;0m                  [38;2;8;8;9m██[38;2;121;123;137m██[38;2;65;69;84m██[38;2;66;66;74m██[38;2;77;82;93m██[38;2;15;15;18m  [38;2;61;51;45m██[38;2;146;115;89m██[38;2;135;138;137m██[38;2;77;77;78m██[38;2;182;125;82m██[38;2;231;166;81m██[38;2;103;80;47m██[38;2;0;3;7m  [38;2;101;68;35m██[38;2;246;190;73m██[38;2;197;155;70m██[38;2;120;120;85m  [38;2;0;0;0m      
[38;2;0;0;0m                  [38;2;3;3;3m  [38;2;128;125;134m  [38;2;97;91;95m██[38;2;104;110;127m██[38;2;5;5;0m  [38;2;0;0;0m  [38;2;25;22;21m██[38;2;69;67;75m██[38;2;133;122;123m██[38;2;123;133;163m██[38;2;126;96;80m██[38;2;141;98;89m██[38;2;246;190;73m██[38;2;19;14;5m██[38;2;0;0;0m    [38;2;141;141;99m  [38;2;235;235;165m██[38;2;78;78;55m  [38;2;0;0;0m    
[38;2;0;0;0m                      [38;2;3;3;3m  [38;2;57;58;63m██[38;2;0;0;0m    [38;2;161;162;165m██[38;2;85;81;83m██[38;2;101;102;117m██[38;2;118;127;155m██[38;2;94;90;100m██[38;2;194;146;79m██[38;2;211;159;79m██[38;2;248;191;73m██[38;2;0;0;0m              
[38;2;0;0;0m                            [38;2;162;112;60m██[38;2;40;40;40m  [38;2;56;56;56m  [38;2;177;174;171m██[38;2;67;65;65m██[38;2;131;131;131m  [38;2;197;152;59m  [38;2;186;138;75m██[38;2;0;0;0m                
[38;2;0;0;0m                            [38;2;53;36;19m  [38;2;0;0;0m    [38;2;191;137;81m██[38;2;48;38;29m██[38;2;0;0;0m    [38;2;214;204;133m██[38;2;0;0;0m                
[38;2;0;0;0m                                  [38;2;74;51;27m██[38;2;221;153;81m██[38;2;0;0;0m    [38;2;94;94;66m  [38;2;0;0;0m                
[38;2;0;0;0m                                  [38;2;19;13;7m  [38;2;58;40;21m██[38;2;0;0;0m                      [0m
