
[38;2;0;0;0m                      [38;2;53;48;13m  [38;2;0;0;0m                            
[38;2;0;0;0m                      [38;2;165;142;67m██[38;2;53;48;13m  [38;2;0;0;0m      [38;2;176;159;45m  [38;2;0;0;0m                  
[38;2;0;0;0m                    [38;2;50;45;12m  [38;2;154;129;72m██[38;2;125;113;31m██[38;2;0;0;0m    [38;2;93;85;35m██[38;2;122;115;65m██[38;2;11;11;11m  [38;2;0;0;0m                
[38;2;0;0;0m                    [38;2;166;150;42m██[38;2;237;212;66m██[38;2;255;230;65m██[38;2;168;153;53m██[38;2;180;163;53m██[38;2;219;194;67m██[38;2;243;218;65m██[38;2;217;196;60m██[38;2;8;7;2m  [38;2;0;0;0m              
[38;2;0;0;0m                  [38;2;107;97;27m██[38;2;255;230;65m██████[38;2;173;159;65m██[38;2;196;174;67m██[38;2;173;148;70m██[38;2;216;191;67m██[38;2;208;183;68m██[38;2;255;230;65m██[38;2;0;0;0m              
[38;2;0;0;0m                  [38;2;255;230;65m████████[38;2;116;109;65m██[38;2;241;216;65m██[38;2;173;148;70m██[38;2;145;120;72m██[38;2;255;230;65m████[38;2;110;100;28m  [38;2;0;0;0m            
[38;2;0;0;0m                [38;2;147;132;37m██[38;2;255;229;65m██[38;2;255;230;65m██████[38;2;223;202;65m██[38;2;172;158;65m██[38;2;85;85;85m██[38;2;117;108;80m██[38;2;180;165;65m██[38;2;179;154;70m██[38;2;127;115;32m██[38;2;0;0;0m            
[38;2;0;0;0m                [38;2;116;102;50m██[38;2;255;229;65m██[38;2;255;230;65m████████[38;2;241;218;65m██[38;2;182;167;69m██[38;2;196;194;187m██[38;2;185;162;87m██[38;2;201;176;87m██[38;2;127;115;32m██[38;2;0;0;0m            
[38;2;0;0;0m                  [38;2;207;182;68m██[38;2;255;230;65m██[38;2;255;229;65m██[38;2;215;190;67m██[38;2;222;208;161m████[38;2;201;181;72m██[38;2;140;126;77m██[38;2;212;200;160m██[38;2;197;173;92m██[38;2;213;188;82m██[38;2;0;0;0m            
[38;2;0;0;0m                [38;2;140;140;140m  [38;2;89;85;65m██[38;2;255;229;65m██[38;2;232;207;66m██[38;2;219;211;200m██[38;2;76;76;76m██[38;2;255;255;255m██[38;2;253;243;184m██[38;2;86;84;65m██[38;2;198;173;93m██[38;2;250;248;242m██[38;2;197;172;89m██[38;2;0;0;0m            
[38;2;0;0;0m            [38;2;60;55;15m  [38;2;39;39;39m██[38;2;145;145;145m██[38;2;255;230;65m████[38;2;235;213;65m██[38;2;114;101;68m██[38;2;190;165;69m██[38;2;218;193;76m██[38;2;149;145;125m██[38;2;244;245;246m██[38;2;120;110;75m██[38;2;197;172;89m██[38;2;165;152;111m██[38;2;0;0;0m            
[38;2;0;0;0m    ████[38;2;255;230;65m██████[38;2;247;223;65m██[38;2;174;160;65m██[38;2;255;230;65m██████[38;2;116;109;65m██[38;2;255;230;65m██[38;2;115;116;98m██[38;2;227;227;227m██[38;2;101;109;123m██[38;2;197;172;89m████[38;2;0;0;0m              
[38;2;27;24;12m  [38;2;151;128;74m██[38;2;216;191;67m██[38;2;255;230;65m██[38;2;237;212;72m██[38;2;255;230;65m██[38;2;188;169;48m██[38;2;123;112;36m██[38;2;159;152;106m██[38;2;255;230;65m██[38;2;190;173;65m██[38;2;151;139;67m██[38;2;180;158;86m██[38;2;180;160;92m██[38;2;147;149;149m██[38;2;203;203;208m██[38;2;250;250;251m██[38;2;130;124;99m██[38;2;98;85;44m██[38;2;0;0;0m      [38;2;10;10;11m  [38;2;93;93;98m██[38;2;75;75;79m  [38;2;0;0;0m  
[38;2;0;0;0m  [38;2;197;177;50m██[38;2;159;143;40m  [38;2;110;89;62m  [38;2;252;227;66m██[38;2;9;8;2m██[38;2;0;0;0m    [38;2;140;140;140m  [38;2;71;71;71m██[38;2;165;165;165m██[38;2;188;190;193m██[38;2;86;94;109m██[38;2;121;127;138m██[38;2;213;213;213m██[38;2;167;170;175m██[38;2;86;93;105m██[38;2;113;99;51m██[38;2;0;0;0m        [38;2;168;169;178m██[38;2;27;29;35m  [38;2;97;103;117m██[38;2;47;47;50m██
[38;2;0;0;0m      [38;2;98;86;45m  [38;2;149;130;68m██[38;2;3;2;1m  [38;2;0;0;0m      [38;2;111;111;111m██[38;2;255;255;255m██[38;2;236;236;236m██[38;2;195;195;201m██[38;2;193;194;196m██[38;2;198;199;201m██[38;2;141;141;133m██[38;2;191;167;90m██[38;2;49;43;22m  [38;2;0;0;0m        [38;2;136;140;149m██[38;2;16;17;20m  [38;2;61;66;75m██[38;2;33;35;37m██
[38;2;0;0;0m                    [38;2;48;53;63m  [38;2;211;213;215m██[38;2;172;173;177m██[38;2;120;117;100m██[38;2;112;111;101m██[38;2;196;171;89m██[38;2;197;172;89m██[38;2;0;0;0m          [38;2;12;13;14m  [38;2;112;119;126m██[38;2;90;96;102m  [38;2;0;0;0m  
[38;2;0;0;0m                      [38;2;160;146;95m██[38;2;164;148;94m██[38;2;197;172;89m████████[38;2;69;60;31m  [38;2;0;0;0m                
[38;2;0;0;0m                  [38;2;33;30;8m██[38;2;178;160;45m██[38;2;204;179;86m██[38;2;199;174;89m██[38;2;197;172;89m████[38;2;196;172;89m██[38;2;197;172;90m██[38;2;225;200;77m██[38;2;41;37;10m██[38;2;0;0;0m              
[38;2;0;0;0m                [38;2;95;86;24m  [38;2;255;230;65m████[38;2;255;229;65m██[38;2;240;215;71m██[38;2;68;59;31m████[38;2;197;172;89m██[38;2;230;205;75m██[38;2;255;229;65m██[38;2;255;230;65m██[38;2;83;75;21m  [38;2;0;0;0m            
[38;2;0;0;0m                [38;2;128;116;37m██[38;2;255;230;65m████[38;2;210;189;66m██[38;2;43;38;20m  [38;2;0;0;0m      [38;2;186;168;47m  [38;2;255;230;65m████[38;2;133;119;41m██[38;2;0;0;0m            
[38;2;0;0;0m              [38;2;5;4;2m  [38;2;95;88;63m██[38;2;133;123;67m██[38;2;214;189;82m██[38;2;15;15;15m  [38;2;0;0;0m          [38;2;116;101;41m██[38;2;168;143;71m██[38;2;186;161;87m██[38;2;170;153;43m  [38;2;0;0;0m          
[38;2;0;0;0m              [38;2;3;3;2m  [38;2;148;126;74m██[38;2;151;126;78m██[38;2;168;147;77m██[38;2;124;108;56m  [38;2;0;0;0m          [38;2;65;56;29m  [38;2;154;134;70m██[38;2;212;187;78m██[38;2;159;134;71m██[38;2;84;76;21m  [38;2;0;0;0m        
[38;2;0;0;0m                [38;2;19;15;11m  [38;2;51;44;23m██[38;2;17;15;8m  [38;2;0;0;0m                [38;2;42;36;21m██[38;2;63;57;16m  [38;2;0;0;0m          [0m
