
[38;2;0;0;0m                                      [38;2;21;27;45m██[38;2;21;26;42m██[38;2;57;57;33m██[38;2;23;23;13m  [38;2;0;0;0m                    
[38;2;0;0;0m                                  [38;2;1;1;2m  [38;2;62;84;141m██[38;2;88;110;173m██[38;2;190;194;138m██[38;2;222;222;131m██[38;2;90;90;53m██[38;2;0;0;0m                    
[38;2;0;0;0m                                [38;2;56;80;139m██[38;2;86;117;197m██[38;2;175;180;139m██[38;2;224;223;131m██[38;2;222;222;131m██[38;2;146;146;86m  [38;2;0;0;0m                      
[38;2;0;0;0m                              [38;2;68;99;170m  [38;2;91;118;179m██[38;2;187;194;155m██[38;2;222;222;131m████[38;2;122;122;72m██[38;2;0;0;0m                        
[38;2;0;0;0m                            [38;2;42;47;70m██[38;2;106;136;188m██[38;2;108;132;168m██[38;2;75;98;145m██[38;2;135;142;113m██[38;2;210;210;107m██[38;2;116;114;40m██[38;2;0;0;0m                        
[38;2;0;0;0m                            [38;2;123;128;106m██[38;2;147;190;211m██[38;2;154;155;99m██[38;2;157;173;139m██[38;2;147;193;215m██[38;2;90;88;65m██[38;2;189;186;65m██[38;2;0;0;0m                        
[38;2;0;0;0m                          [38;2;62;61;21m  [38;2;150;190;211m██[38;2;188;186;67m██[38;2;222;222;131m██[38;2;166;165;107m  [38;2;125;157;169m██[38;2;116;125;100m██[38;2;86;90;55m██[38;2;0;0;0m                        
[38;2;0;0;0m                        [38;2;0;0;3m  [38;2;139;153;171m██[38;2;156;206;227m██[38;2;188;186;67m██[38;2;87;88;76m██[38;2;107;109;107m██[38;2;113;139;152m██[38;2;148;195;231m██[38;2;135;131;67m██[38;2;163;160;56m██[38;2;66;65;22m  [38;2;0;0;0m                    
[38;2;0;0;0m                        [38;2;1;0;2m  [38;2;111;136;162m██[38;2;127;165;200m██[38;2;87;88;90m██[38;2;91;91;92m██[38;2;94;95;94m██[38;2;98;123;135m██[38;2;101;130;174m██[38;2;86;102;125m██[38;2;166;169;89m██[38;2;48;47;16m  [38;2;0;0;0m                    
[38;2;0;0;0m                        [38;2;22;26;29m  [38;2;151;199;222m██[38;2;148;194;222m██[38;2;152;196;218m██[38;2;82;104;115m██[38;2;6;6;6m██[38;2;7;10;11m  [38;2;23;22;19m██[38;2;95;107;113m██[38;2;13;14;13m  [38;2;0;0;0m                      
[38;2;0;0;0m                        [38;2;104;102;105m██[38;2;125;147;159m██[38;2;99;121;133m██[38;2;1;1;2m  [38;2;0;0;0m      [38;2;7;9;10m██[38;2;114;146;188m██[38;2;65;64;62m██[38;2;31;31;10m  [38;2;0;0;0m  [38;2;20;24;39m  [38;2;32;39;63m██[38;2;35;48;80m██[38;2;30;42;75m  [38;2;0;0;0m          
[38;2;0;0;0m        [38;2;98;129;144m██[38;2;0;0;0m              [38;2;55;56;55m██[38;2;111;113;111m██[38;2;90;93;96m██[38;2;1;1;1m  [38;2;0;0;0m      [38;2;144;191;213m██[38;2;114;149;192m██[38;2;74;73;65m██[38;2;180;177;62m██[38;2;68;70;90m██[38;2;67;67;78m██[38;2;66;66;71m██[38;2;66;68;74m██[38;2;76;80;96m██[38;2;81;117;198m██[38;2;64;93;160m  [38;2;0;0;0m      
[38;2;0;0;0m                      [38;2;47;47;47m  [38;2;77;77;77m██[38;2;82;82;82m██[38;2;73;72;72m██[38;2;105;117;128m██[38;2;14;14;14m  [38;2;0;0;0m  [38;2;14;15;17m  [38;2;151;199;222m██[38;2;76;97;152m██[38;2;87;121;204m██[38;2;117;115;65m██[38;2;182;177;66m██[38;2;97;98;84m██[38;2;94;97;101m  [38;2;86;88;92m██[38;2;73;79;95m  [38;2;80;95;143m██[38;2;87;113;186m██[38;2;32;40;60m██[38;2;0;0;0m    
[38;2;0;0;0m                [38;2;32;45;80m  [38;2;85;119;211m██[38;2;62;61;62m██[38;2;66;66;66m██[38;2;115;115;115m██[38;2;114;114;114m██[38;2;120;150;158m██[38;2;151;199;222m██[38;2;150;198;221m██[38;2;148;196;219m██[38;2;150;198;221m██[38;2;152;201;225m██[38;2;87;117;179m██[38;2;87;125;218m██[38;2;89;103;126m██[38;2;154;141;53m██[38;2;111;109;64m██[38;2;92;94;96m██[38;2;84;106;157m██[38;2;88;122;207m██[38;2;89;124;210m██[38;2;62;64;71m██[38;2;66;79;109m██[38;2;0;0;0m    
[38;2;0;0;0m            [38;2;56;73;121m  [38;2;76;95;148m██[38;2;79;102;150m██[38;2;75;98;127m██[38;2;95;148;233m██[38;2;105;171;244m██[38;2;71;71;72m██[38;2;94;97;100m██[38;2;77;77;77m██[38;2;70;70;72m██[38;2;67;67;68m██[38;2;72;80;107m██[38;2;70;70;72m██[38;2;80;78;80m██[38;2;143;152;185m██[38;2;86;124;214m██[38;2;78;92;143m██[38;2;151;149;89m██[38;2;195;193;109m██[38;2;139;137;95m██[38;2;90;103;140m██[38;2;89;88;89m██[38;2;88;88;88m██[38;2;104;106;105m██[38;2;95;98;101m██[38;2;0;0;0m    
[38;2;0;0;0m    [38;2;109;144;177m██[38;2;0;0;3m  [38;2;5;1;0m  [38;2;40;49;67m  [38;2;79;102;128m██[38;2;105;172;236m██[38;2;98;156;220m██[38;2;87;130;194m██[38;2;92;129;164m██[38;2;66;65;67m██[38;2;81;82;85m██[38;2;65;64;65m██████[38;2;86;89;89m██[38;2;65;64;66m██[38;2;70;70;73m██[38;2;81;99;152m██[38;2;73;77;89m██[38;2;82;99;156m██[38;2;83;93;128m██[38;2;91;94;96m██[38;2;163;162;106m██[38;2;221;221;130m██[38;2;119;118;88m██[38;2;112;114;112m██[38;2;96;98;100m██[38;2;95;97;100m██[38;2;29;29;29m██[38;2;0;0;0m    
[38;2;0;0;1m  [38;2;63;66;67m  [38;2;141;190;228m██[38;2;125;182;232m██[38;2;94;129;155m██[38;2;101;156;232m██[38;2;116;170;224m██[38;2;194;224;235m██[38;2;99;124;153m██[38;2;81;83;93m██[38;2;71;71;73m██[38;2;79;81;83m██[38;2;86;88;90m██[38;2;80;82;83m██[38;2;70;71;73m████[38;2;73;73;73m██[38;2;85;86;88m██[38;2;70;70;72m██[38;2;70;70;73m██[38;2;69;73;90m██[38;2;74;81;108m██[38;2;81;83;81m██[38;2;80;81;83m████[38;2;88;89;85m██[38;2;143;143;97m██[38;2;132;130;95m██[38;2;79;80;82m██[38;2;67;70;80m██[38;2;76;95;142m██[38;2;34;54;88m  [38;2;0;0;0m  
[38;2;0;1;2m  [38;2;190;198;199m██[38;2;185;218;238m██[38;2;253;253;245m██[38;2;100;161;226m██[38;2;85;124;215m██[38;2;115;147;179m██[38;2;63;59;59m██[38;2;102;111;112m██[38;2;114;116;114m██[38;2;95;98;101m██[38;2;77;79;80m██[38;2;76;78;79m██[38;2;93;97;99m██[38;2;94;97;100m████[38;2;79;81;82m██[38;2;95;98;100m██[38;2;80;81;80m██[38;2;65;64;65m██[38;2;81;82;85m██[38;2;94;97;100m██[38;2;83;86;88m██[38;2;76;78;82m██[38;2;69;69;71m██[38;2;65;64;65m████[38;2;66;69;69m██[38;2;79;80;73m██[38;2;89;125;221m██[38;2;87;127;219m██[38;2;90;141;230m██[38;2;23;36;59m██
[38;2;40;53;59m██[38;2;232;244;249m██[38;2;173;204;241m  [38;2;135;176;215m██[38;2;72;96;122m██[38;2;74;101;127m██[38;2;82;106;173m██[38;2;79;100;158m██[38;2;79;90;122m██[38;2;87;87;87m██[38;2;95;96;95m██[38;2;104;108;108m██[38;2;93;98;100m██[38;2;86;89;91m██[38;2;75;76;75m██[38;2;71;70;71m██[38;2;83;85;85m██[38;2;94;98;100m██[38;2;80;81;83m██[38;2;86;89;90m██████[38;2;91;94;96m██[38;2;95;99;101m████[38;2;92;96;98m  [38;2;79;79;81m██[38;2;77;81;97m  [38;2;84;117;193m██[38;2;118;168;227m  [38;2;120;183;237m██[38;2;104;142;187m██[38;2;11;16;24m  
[38;2;24;32;42m  [38;2;130;178;225m██[38;2;106;140;156m  [38;2;0;0;0m      [38;2;35;57;81m  [38;2;87;134;224m██[38;2;83;127;222m██[38;2;84;129;222m██[38;2;87;107;153m██[38;2;65;65;73m██[38;2;69;68;71m██[38;2;78;87;110m██[38;2;80;81;83m██[38;2;65;64;65m██████[38;2;93;96;99m██████[38;2;92;95;100m██[38;2;76;77;88m██[38;2;66;66;72m████[38;2;68;74;92m██[38;2;87;126;218m██[38;2;89;139;228m██[38;2;96;156;229m██[38;2;81;133;188m  [38;2;0;0;0m      
[38;2;0;0;0m  [38;2;0;0;3m  [38;2;0;0;0m          [38;2;119;171;205m██[38;2;123;180;238m██[38;2;136;196;247m██[38;2;109;169;238m██[38;2;95;139;226m██[38;2;92;133;222m██[38;2;83;101;155m██[38;2;79;98;153m██[38;2;79;99;150m██[38;2;75;99;153m██[38;2;91;123;159m██[38;2;116;143;157m██[38;2;87;116;157m██[38;2;77;100;153m██[38;2;79;99;150m██[38;2;85;116;189m██[38;2;89;124;222m████[38;2;39;54;97m██[38;2;38;55;96m██[38;2;32;51;84m  [38;2;0;0;0m          
[38;2;0;0;0m                [38;2;0;0;5m  [38;2;71;104;146m  [38;2;83;115;205m██[38;2;6;8;15m  [38;2;0;0;0m    [38;2;39;54;96m  [38;2;88;122;205m██[38;2;105;163;226m██[38;2;141;198;224m██[38;2;100;166;234m██[38;2;151;205;230m██[38;2;128;189;238m██[38;2;94;132;218m██[38;2;88;129;221m██[38;2;93;158;225m██[38;2;35;59;85m  [38;2;0;0;0m                
[38;2;0;0;0m        [38;2;82;115;138m██[38;2;10;17;24m  [38;2;0;0;0m                [38;2;24;34;61m  [38;2;79;99;157m██[38;2;73;74;75m██[38;2;82;84;86m██[38;2;78;87;110m██[38;2;64;92;136m██[38;2;57;76;94m██[38;2;62;83;94m██[38;2;43;71;100m██[38;2;0;0;0m                    
[38;2;0;0;0m                          [38;2;148;196;219m██[38;2;107;175;240m██[38;2;69;76;87m██[38;2;79;82;87m██[38;2;91;94;97m██[38;2;93;96;99m██[38;2;6;6;6m  [38;2;0;0;0m                          
[38;2;0;0;0m                          [38;2;56;74;83m  [38;2;104;138;154m██[38;2;119;182;244m██[38;2;96;136;182m██[38;2;78;104;145m██[38;2;78;88;118m██[38;2;63;62;63m██[38;2;48;61;94m██[38;2;49;72;125m  [38;2;0;0;0m                      
[38;2;0;0;0m                              [38;2;6;0;0m  [38;2;58;64;77m██[38;2;93;150;228m██[38;2;86;116;200m██[38;2;91;128;223m██[38;2;91;131;222m██[38;2;93;137;223m██[38;2;110;177;243m██[38;2;0;0;0m                    
[38;2;0;0;0m                                [38;2;92;101;108m██[38;2;115;127;136m████[38;2;61;86;127m██[38;2;43;61;81m██[38;2;124;186;237m██[38;2;85;121;141m██[38;2;0;0;0m                    
[38;2;0;0;0m                              [38;2;153;202;226m██[38;2;84;110;157m██[38;2;69;76;87m██[38;2;129;144;156m██[38;2;10;10;10m  [38;2;0;0;0m                          
[38;2;0;0;0m                              [38;2;48;64;72m  [38;2;76;119;161m██[38;2;99;160;227m██[38;2;82;105;172m██[38;2;81;104;171m██[38;2;26;37;66m  [38;2;0;0;0m                        
[38;2;0;0;0m                                  [38;2;1;1;1m██[38;2;82;91;97m██[38;2;93;149;208m██[38;2;88;144;202m██[38;2;0;0;0m                        
[38;2;0;0;0m                                  [38;2;111;146;164m██[38;2;132;178;225m██[38;2;67;67;68m██[38;2;108;122;134m██[38;2;0;0;0m                        
[38;2;0;0;0m                              [38;2;31;36;40m  [38;2;74;88;98m██[38;2;127;159;178m██[38;2;127;172;224m██[38;2;101;143;219m██[38;2;112;152;196m██[38;2;0;0;0m                        
[38;2;0;0;0m                              [38;2;35;40;45m  [38;2;0;0;0m    [38;2;40;53;59m████[38;2;17;23;26m  [38;2;0;0;0m                        [0m
