        [38;2;7;7;7m[48;2;7;7;7m▀[0m[38;2;7;7;7m[48;2;123;170;172m▀[0m[38;2;7;7;7m[48;2;123;170;172m▀[0m[38;2;7;7;7m[48;2;123;170;172m▀[0m[38;2;7;7;7m▄[38;2;7;7;7m▄             
        [38;2;7;7;7m[48;2;7;7;7m▀[0m[38;2;87;125;125m[48;2;87;125;125m▀[0m[38;2;123;170;172m[48;2;123;170;172m▀[0m[38;2;123;170;172m[48;2;123;170;172m▀[0m[38;2;123;170;172m[48;2;123;170;172m▀[0m[38;2;123;170;172m[48;2;123;170;172m▀[0m[38;2;7;7;7m[48;2;123;170;172m▀[0m[38;2;7;7;7m▄           
        [38;2;7;7;7m[48;2;7;7;7m▀[0m[38;2;87;125;125m[48;2;87;125;125m▀[0m[38;2;87;125;125m[48;2;87;125;125m▀[0m[38;2;123;170;172m[48;2;123;170;172m▀[0m[38;2;123;170;172m[48;2;123;170;172m▀[0m[38;2;123;170;172m[48;2;123;170;172m▀[0m[38;2;123;170;172m[48;2;123;170;172m▀[0m[38;2;123;170;172m[48;2;123;170;172m▀[0m[38;2;7;7;7m[48;2;7;7;7m▀[0m          
       [38;2;7;7;7m▄[38;2;7;7;7m[48;2;87;125;125m▀[0m[38;2;87;125;125m[48;2;123;170;172m▀[0m[38;2;87;125;125m[48;2;123;170;172m▀[0m[38;2;123;170;172m[48;2;123;170;172m▀[0m[38;2;123;170;172m[48;2;123;170;172m▀[0m[38;2;123;170;172m[48;2;123;170;172m▀[0m[38;2;123;170;172m[48;2;123;170;172m▀[0m[38;2;123;170;172m[48;2;123;170;172m▀[0m[38;2;123;170;172m[48;2;123;170;172m▀[0m[38;2;7;7;7m[48;2;7;7;7m▀[0m         
     [38;2;7;7;7m▄[38;2;7;7;7m[48;2;123;170;172m▀[0m[38;2;123;170;172m[48;2;242;242;242m▀[0m[38;2;123;170;172m[48;2;123;170;172m▀[0m[38;2;123;170;172m[48;2;123;170;172m▀[0m[38;2;123;170;172m[48;2;123;170;172m▀[0m[38;2;123;170;172m[48;2;92;169;106m▀[0m[38;2;123;170;172m[48;2;92;169;106m▀[0m[38;2;92;169;106m[48;2;102;208;116m▀[0m[38;2;92;169;106m[48;2;102;208;116m▀[0m[38;2;92;169;106m[48;2;102;208;116m▀[0m[38;2;92;169;106m[48;2;102;208;116m▀[0m[38;2;123;170;172m[48;2;92;169;106m▀[0m[38;2;7;7;7m[48;2;92;169;106m▀[0m[38;2;7;7;7m▄       
    [38;2;7;7;7m[48;2;7;7;7m▀[0m[38;2;67;120;82m[48;2;123;170;172m▀[0m[38;2;242;242;242m[48;2;123;170;172m▀[0m[38;2;123;170;172m[48;2;123;170;172m▀[0m[38;2;123;170;172m[48;2;123;170;172m▀[0m[38;2;123;170;172m[48;2;92;169;106m▀[0m[38;2;92;169;106m[48;2;102;208;116m▀[0m[38;2;102;208;116m[48;2;102;208;116m▀[0m[38;2;102;208;116m[48;2;92;169;106m▀[0m[38;2;102;208;116m[48;2;92;169;106m▀[0m[38;2;102;208;116m[48;2;92;169;106m▀[0m[38;2;102;208;116m[48;2;92;169;106m▀[0m[38;2;102;208;116m[48;2;92;169;106m▀[0m[38;2;102;208;116m[48;2;92;169;106m▀[0m[38;2;102;208;116m[48;2;92;169;106m▀[0m[38;2;92;169;106m[48;2;102;208;116m▀[0m[38;2;7;7;7m[48;2;92;169;106m▀[0m[38;2;7;7;7m▄     
   [38;2;7;7;7m[48;2;7;7;7m▀[0m[38;2;67;120;82m[48;2;67;120;82m▀[0m[38;2;123;170;172m[48;2;123;170;172m▀[0m[38;2;123;170;172m[48;2;123;170;172m▀[0m[38;2;123;170;172m[48;2;123;170;172m▀[0m[38;2;123;170;172m[48;2;92;169;106m▀[0m[38;2;92;169;106m[48;2;102;208;116m▀[0m[38;2;102;208;116m[48;2;67;120;82m▀[0m[38;2;92;169;106m[48;2;102;208;116m▀[0m[38;2;102;208;116m[48;2;102;208;116m▀[0m[38;2;102;208;116m[48;2;102;208;116m▀[0m[38;2;102;208;116m[48;2;102;208;116m▀[0m[38;2;102;208;116m[48;2;102;208;116m▀[0m[38;2;102;208;116m[48;2;102;208;116m▀[0m[38;2;102;208;116m[48;2;102;208;116m▀[0m[38;2;102;208;116m[48;2;102;208;116m▀[0m[38;2;92;169;106m[48;2;102;208;116m▀[0m[38;2;92;169;106m[48;2;67;120;82m▀[0m[38;2;7;7;7m[48;2;67;120;82m▀[0m[38;2;7;7;7m▄    
   [38;2;7;7;7m[48;2;7;7;7m▀[0m[38;2;67;120;82m[48;2;67;120;82m▀[0m[38;2;123;170;172m[48;2;92;169;106m▀[0m[38;2;123;170;172m[48;2;123;170;172m▀[0m[38;2;123;170;172m[48;2;92;169;106m▀[0m[38;2;92;169;106m[48;2;102;208;116m▀[0m[38;2;67;120;82m[48;2;67;120;82m▀[0m[38;2;102;208;116m[48;2;102;208;116m▀[0m[38;2;102;208;116m[48;2;102;208;116m▀[0m[38;2;102;208;116m[48;2;102;208;116m▀[0m[38;2;102;208;116m[48;2;67;120;82m▀[0m[38;2;102;208;116m[48;2;67;120;82m▀[0m[38;2;102;208;116m[48;2;67;120;82m▀[0m[38;2;102;208;116m[48;2;67;120;82m▀[0m[38;2;67;120;82m[48;2;242;242;242m▀[0m[38;2;67;120;82m[48;2;242;242;242m▀[0m[38;2;67;120;82m[48;2;242;242;242m▀[0m[38;2;242;242;242m[48;2;242;242;242m▀[0m[38;2;242;242;242m[48;2;66;66;66m▀[0m[38;2;242;242;242m[48;2;7;7;7m▀[0m[38;2;7;7;7m▀   
    [38;2;7;7;7m[48;2;7;7;7m▀[0m[38;2;92;169;106m[48;2;67;120;82m▀[0m[38;2;123;170;172m[48;2;92;169;106m▀[0m[38;2;92;169;106m[48;2;92;169;106m▀[0m[38;2;67;120;82m[48;2;67;120;82m▀[0m[38;2;102;208;116m[48;2;92;169;106m▀[0m[38;2;102;208;116m[48;2;92;169;106m▀[0m[38;2;92;169;106m[48;2;67;120;82m▀[0m[38;2;67;120;82m[48;2;155;47;101m▀[0m[38;2;45;72;44m[48;2;231;88;146m▀[0m[38;2;66;66;66m[48;2;66;66;66m▀[0m[38;2;66;66;66m[48;2;66;66;66m▀[0m[38;2;242;242;242m[48;2;242;242;242m▀[0m[38;2;242;242;242m[48;2;242;242;242m▀[0m[38;2;242;242;242m[48;2;66;66;66m▀[0m[38;2;66;66;66m[48;2;66;66;66m▀[0m[38;2;66;66;66m[48;2;92;169;106m▀[0m[38;2;92;169;106m[48;2;92;169;106m▀[0m[38;2;7;7;7m[48;2;7;7;7m▀[0m    
     [38;2;7;7;7m[48;2;7;7;7m▀[0m[38;2;67;120;82m[48;2;67;120;82m▀[0m[38;2;92;169;106m[48;2;92;169;106m▀[0m[38;2;67;120;82m[48;2;67;120;82m▀[0m[38;2;92;169;106m[48;2;67;120;82m▀[0m[38;2;67;120;82m[48;2;45;72;44m▀[0m[38;2;155;47;101m[48;2;231;88;146m▀[0m[38;2;66;66;66m[48;2;231;88;146m▀[0m[38;2;231;88;146m[48;2;66;66;66m▀[0m[38;2;66;66;66m[48;2;66;66;66m▀[0m[38;2;66;66;66m[48;2;181;173;196m▀[0m[38;2;242;242;242m[48;2;181;173;196m▀[0m[38;2;242;242;242m[48;2;66;66;66m▀[0m[38;2;242;242;242m[48;2;66;66;66m▀[0m[38;2;242;242;242m[48;2;66;66;66m▀[0m[38;2;66;66;66m[48;2;92;169;106m▀[0m[38;2;7;7;7m[48;2;66;66;66m▀[0m[38;2;7;7;7m▄    
   [38;2;7;7;7m▄[38;2;7;7;7m[48;2;67;120;82m▀[0m[38;2;67;120;82m[48;2;67;120;82m▀[0m[38;2;66;66;66m[48;2;67;120;82m▀[0m[38;2;92;169;106m[48;2;66;66;66m▀[0m[38;2;92;169;106m[48;2;45;72;44m▀[0m[38;2;45;72;44m[48;2;67;120;82m▀[0m[38;2;181;173;196m[48;2;45;72;44m▀[0m[38;2;66;66;66m[48;2;181;173;196m▀[0m[38;2;66;66;66m[48;2;181;173;196m▀[0m[38;2;66;66;66m[48;2;181;173;196m▀[0m[38;2;181;173;196m[48;2;45;72;44m▀[0m[38;2;181;173;196m[48;2;45;72;44m▀[0m[38;2;45;72;44m[48;2;102;208;116m▀[0m[38;2;92;169;106m[48;2;67;120;82m▀[0m[38;2;67;120;82m[48;2;92;169;106m▀[0m[38;2;92;169;106m[48;2;92;169;106m▀[0m[38;2;92;169;106m[48;2;66;66;66m▀[0m[38;2;66;66;66m[48;2;67;120;82m▀[0m[38;2;67;120;82m[48;2;67;120;82m▀[0m[38;2;7;7;7m[48;2;7;7;7m▀[0m   
   [38;2;7;7;7m[48;2;7;7;7m▀[0m[38;2;231;88;146m[48;2;45;72;44m▀[0m[38;2;67;120;82m[48;2;231;88;146m▀[0m[38;2;66;66;66m[48;2;231;88;146m▀[0m[38;2;67;120;82m[48;2;66;66;66m▀[0m[38;2;67;120;82m[48;2;45;72;44m▀[0m[38;2;67;120;82m[48;2;45;72;44m▀[0m[38;2;67;120;82m[48;2;45;72;44m▀[0m[38;2;45;72;44m[48;2;66;66;66m▀[0m[38;2;120;114;131m[48;2;120;114;131m▀[0m[38;2;45;72;44m[48;2;66;66;66m▀[0m[38;2;102;208;116m[48;2;66;66;66m▀[0m[38;2;102;208;116m[48;2;7;7;7m▀[0m[38;2;67;120;82m[48;2;7;7;7m▀[0m[38;2;92;169;106m[48;2;7;7;7m▀[0m[38;2;92;169;106m[48;2;7;7;7m▀[0m[38;2;66;66;66m[48;2;67;120;82m▀[0m[38;2;67;120;82m[48;2;67;120;82m▀[0m[38;2;67;120;82m[48;2;67;120;82m▀[0m[38;2;67;120;82m[48;2;231;88;146m▀[0m[38;2;67;120;82m[48;2;231;88;146m▀[0m[38;2;7;7;7m[48;2;7;7;7m▀[0m  
   [38;2;7;7;7m▄[38;2;7;7;7m[48;2;231;88;146m▀[0m[38;2;45;72;44m[48;2;231;88;146m▀[0m[38;2;45;72;44m[48;2;7;7;7m▀[0m[38;2;7;7;7m▀[38;2;66;66;66m[48;2;7;7;7m▀[0m[38;2;181;173;196m[48;2;155;47;101m▀[0m[38;2;66;66;66m[48;2;155;47;101m▀[0m[38;2;120;114;131m[48;2;120;114;131m▀[0m[38;2;120;114;131m[48;2;120;114;131m▀[0m[38;2;120;114;131m[48;2;66;66;66m▀[0m[38;2;66;66;66m[48;2;181;173;196m▀[0m[38;2;7;7;7m[48;2;181;173;196m▀[0m[38;2;7;7;7m▄  [38;2;7;7;7m[48;2;7;7;7m▀[0m[38;2;231;88;146m[48;2;45;72;44m▀[0m[38;2;231;88;146m[48;2;66;66;66m▀[0m[38;2;231;88;146m[48;2;7;7;7m▀[0m[38;2;7;7;7m▀   
  [38;2;7;7;7m▄[38;2;7;7;7m[48;2;231;88;146m▀[0m[38;2;231;88;146m[48;2;155;47;101m▀[0m[38;2;155;47;101m[48;2;181;173;196m▀[0m[38;2;181;173;196m[48;2;181;173;196m▀[0m[38;2;7;7;7m[48;2;7;7;7m▀[0m[38;2;155;47;101m[48;2;242;242;242m▀[0m[38;2;231;88;146m[48;2;155;47;101m▀[0m[38;2;231;88;146m[48;2;231;88;146m▀[0m[38;2;155;47;101m[48;2;231;88;146m▀[0m[38;2;242;242;242m[48;2;242;242;242m▀[0m[38;2;181;173;196m[48;2;7;7;7m▀[0m[38;2;7;7;7m▀[38;2;181;173;196m[48;2;7;7;7m▀[0m[38;2;181;173;196m[48;2;242;242;242m▀[0m[38;2;7;7;7m[48;2;242;242;242m▀[0m[38;2;7;7;7m[48;2;66;66;66m▀[0m[38;2;242;242;242m[48;2;242;242;242m▀[0m[38;2;155;47;101m[48;2;242;242;242m▀[0m[38;2;231;88;146m[48;2;155;47;101m▀[0m[38;2;231;88;146m[48;2;231;88;146m▀[0m[38;2;7;7;7m[48;2;231;88;146m▀[0m[38;2;7;7;7m▄  
 [38;2;7;7;7m▄[38;2;7;7;7m[48;2;181;173;196m▀[0m[38;2;66;66;66m[48;2;181;173;196m▀[0m[38;2;181;173;196m[48;2;181;173;196m▀[0m[38;2;181;173;196m[48;2;66;66;66m▀[0m[38;2;7;7;7m[48;2;7;7;7m▀[0m[38;2;7;7;7m▄[38;2;7;7;7m[48;2;66;66;66m▀[0m[38;2;242;242;242m[48;2;120;114;131m▀[0m[38;2;155;47;101m[48;2;242;242;242m▀[0m[38;2;155;47;101m[48;2;181;173;196m▀[0m[38;2;181;173;196m[48;2;120;114;131m▀[0m[38;2;7;7;7m[48;2;66;66;66m▀[0m[38;2;7;7;7m[48;2;242;242;242m▀[0m[38;2;7;7;7m[48;2;181;173;196m▀[0m[38;2;66;66;66m[48;2;181;173;196m▀[0m[38;2;66;66;66m[48;2;181;173;196m▀[0m[38;2;120;114;131m[48;2;66;66;66m▀[0m[38;2;242;242;242m[48;2;181;173;196m▀[0m[38;2;242;242;242m[48;2;242;242;242m▀[0m[38;2;155;47;101m[48;2;242;242;242m▀[0m[38;2;231;88;146m[48;2;155;47;101m▀[0m[38;2;231;88;146m[48;2;231;88;146m▀[0m[38;2;231;88;146m[48;2;231;88;146m▀[0m[38;2;7;7;7m[48;2;7;7;7m▀[0m 
  [38;2;7;7;7m▀[38;2;66;66;66m[48;2;7;7;7m▀[0m[38;2;66;66;66m[48;2;242;242;242m▀[0m[38;2;242;242;242m[48;2;181;173;196m▀[0m[38;2;242;242;242m[48;2;66;66;66m▀[0m[38;2;66;66;66m[48;2;181;173;196m▀[0m[38;2;120;114;131m[48;2;242;242;242m▀[0m[38;2;66;66;66m[48;2;242;242;242m▀[0m[38;2;120;114;131m[48;2;120;114;131m▀[0m[38;2;120;114;131m[48;2;66;66;66m▀[0m[38;2;66;66;66m[48;2;181;173;196m▀[0m[38;2;242;242;242m[48;2;120;114;131m▀[0m[38;2;242;242;242m[48;2;242;242;242m▀[0m[38;2;120;114;131m[48;2;242;242;242m▀[0m[38;2;120;114;131m[48;2;242;242;242m▀[0m[38;2;181;173;196m[48;2;120;114;131m▀[0m[38;2;181;173;196m[48;2;181;173;196m▀[0m[38;2;66;66;66m[48;2;66;66;66m▀[0m[38;2;242;242;242m[48;2;120;114;131m▀[0m[38;2;242;242;242m[48;2;242;242;242m▀[0m[38;2;242;242;242m[48;2;242;242;242m▀[0m[38;2;66;66;66m[48;2;242;242;242m▀[0m[38;2;231;88;146m[48;2;66;66;66m▀[0m[38;2;7;7;7m[48;2;66;66;66m▀[0m[38;2;7;7;7m▄
 [38;2;7;7;7m▄[38;2;7;7;7m[48;2;242;242;242m▀[0m[38;2;242;242;242m[48;2;181;173;196m▀[0m[38;2;181;173;196m[48;2;67;120;82m▀[0m[38;2;67;120;82m[48;2;67;120;82m▀[0m[38;2;67;120;82m[48;2;66;66;66m▀[0m[38;2;66;66;66m[48;2;242;242;242m▀[0m[38;2;181;173;196m[48;2;66;66;66m▀[0m[38;2;242;242;242m[48;2;120;114;131m▀[0m[38;2;242;242;242m[48;2;120;114;131m▀[0m[38;2;242;242;242m[48;2;120;114;131m▀[0m[38;2;120;114;131m[48;2;66;66;66m▀[0m[38;2;66;66;66m[48;2;66;66;66m▀[0m[38;2;181;173;196m[48;2;181;173;196m▀[0m[38;2;242;242;242m[48;2;242;242;242m▀[0m[38;2;242;242;242m[48;2;242;242;242m▀[0m[38;2;242;242;242m[48;2;231;88;146m▀[0m[38;2;120;114;131m[48;2;242;242;242m▀[0m[38;2;181;173;196m[48;2;120;114;131m▀[0m[38;2;66;66;66m[48;2;181;173;196m▀[0m[38;2;66;66;66m[48;2;7;7;7m▀[0m[38;2;242;242;242m[48;2;7;7;7m▀[0m[38;2;242;242;242m[48;2;7;7;7m▀[0m[38;2;120;114;131m[48;2;7;7;7m▀[0m[38;2;242;242;242m[48;2;7;7;7m▀[0m[38;2;7;7;7m▀
[38;2;7;7;7m▄[38;2;7;7;7m[48;2;242;242;242m▀[0m[38;2;242;242;242m[48;2;181;173;196m▀[0m[38;2;181;173;196m[48;2;67;120;82m▀[0m[38;2;67;120;82m[48;2;67;120;82m▀[0m[38;2;66;66;66m[48;2;66;66;66m▀[0m[38;2;120;114;131m[48;2;242;242;242m▀[0m[38;2;242;242;242m[48;2;120;114;131m▀[0m[38;2;181;173;196m[48;2;66;66;66m▀[0m[38;2;66;66;66m[48;2;67;120;82m▀[0m[38;2;66;66;66m[48;2;67;120;82m▀[0m[38;2;66;66;66m[48;2;67;120;82m▀[0m[38;2;181;173;196m[48;2;66;66;66m▀[0m[38;2;242;242;242m[48;2;120;114;131m▀[0m[38;2;66;66;66m[48;2;66;66;66m▀[0m[38;2;181;173;196m[48;2;181;173;196m▀[0m[38;2;242;242;242m[48;2;242;242;242m▀[0m[38;2;242;242;242m[48;2;242;242;242m▀[0m[38;2;231;88;146m[48;2;242;242;242m▀[0m[38;2;120;114;131m[48;2;231;88;146m▀[0m[38;2;181;173;196m[48;2;120;114;131m▀[0m[38;2;7;7;7m[48;2;181;173;196m▀[0m[38;2;7;7;7m▄    
[38;2;7;7;7m▀[38;2;242;242;242m[48;2;7;7;7m▀[0m[38;2;181;173;196m[48;2;7;7;7m▀[0m[38;2;67;120;82m[48;2;7;7;7m▀[0m[38;2;66;66;66m[48;2;66;66;66m▀[0m[38;2;242;242;242m[48;2;242;242;242m▀[0m[38;2;242;242;242m[48;2;231;88;146m▀[0m[38;2;242;242;242m[48;2;242;242;242m▀[0m[38;2;66;66;66m[48;2;66;66;66m▀[0m[38;2;67;120;82m[48;2;67;120;82m▀[0m[38;2;67;120;82m[48;2;7;7;7m▀[0m[38;2;7;7;7m▀[38;2;7;7;7m▀[38;2;242;242;242m[48;2;7;7;7m▀[0m[38;2;120;114;131m[48;2;242;242;242m▀[0m[38;2;66;66;66m[48;2;242;242;242m▀[0m[38;2;181;173;196m[48;2;66;66;66m▀[0m[38;2;242;242;242m[48;2;181;173;196m▀[0m[38;2;242;242;242m[48;2;242;242;242m▀[0m[38;2;231;88;146m[48;2;242;242;242m▀[0m[38;2;120;114;131m[48;2;231;88;146m▀[0m[38;2;181;173;196m[48;2;120;114;131m▀[0m[38;2;7;7;7m[48;2;7;7;7m▀[0m    
    [38;2;7;7;7m▀[38;2;242;242;242m[48;2;7;7;7m▀[0m[38;2;231;88;146m[48;2;7;7;7m▀[0m[38;2;181;173;196m[48;2;7;7;7m▀[0m[38;2;7;7;7m▀[38;2;7;7;7m▀   [38;2;7;7;7m[48;2;7;7;7m▀[0m[38;2;242;242;242m[48;2;181;173;196m▀[0m[38;2;231;88;146m[48;2;231;88;146m▀[0m[38;2;242;242;242m[48;2;242;242;242m▀[0m[38;2;66;66;66m[48;2;7;7;7m▀[0m[38;2;7;7;7m▀[38;2;242;242;242m[48;2;7;7;7m▀[0m[38;2;231;88;146m[48;2;7;7;7m▀[0m[38;2;120;114;131m[48;2;7;7;7m▀[0m[38;2;7;7;7m▀    
              [38;2;7;7;7m▀[38;2;7;7;7m▀[38;2;7;7;7m▀          
[0m