  [38;2;7;7;7m▄[38;2;7;7;7m[48;2;72;132;72m▀[0m[38;2;7;7;7m[48;2;72;132;72m▀[0m[38;2;7;7;7m▄                      
  [38;2;7;7;7m[48;2;7;7;7m▀[0m[38;2;72;132;72m[48;2;72;132;72m▀[0m[38;2;72;132;72m[48;2;7;7;7m▀[0m[38;2;7;7;7m▀                      
  [38;2;7;7;7m[48;2;7;7;7m▀[0m[38;2;72;132;72m[48;2;72;132;72m▀[0m[38;2;72;132;72m[48;2;72;132;72m▀[0m[38;2;7;7;7m[48;2;72;132;72m▀[0m[38;2;7;7;7m▄[38;2;7;7;7m▄[38;2;7;7;7m▄[38;2;7;7;7m▄          [38;2;7;7;7m▄[38;2;7;7;7m▄[38;2;7;7;7m▄     
 [38;2;7;7;7m[48;2;7;7;7m▀[0m[38;2;72;132;72m[48;2;72;132;72m▀[0m[38;2;72;132;72m[48;2;200;43;63m▀[0m[38;2;200;43;63m[48;2;248;202;208m▀[0m[38;2;200;43;63m[48;2;235;93;120m▀[0m[38;2;200;43;63m[48;2;235;93;120m▀[0m[38;2;235;93;120m[48;2;235;93;120m▀[0m[38;2;248;202;208m[48;2;200;43;63m▀[0m[38;2;235;93;120m[48;2;200;43;63m▀[0m[38;2;7;7;7m[48;2;99;173;90m▀[0m[38;2;7;7;7m[48;2;99;173;90m▀[0m[38;2;7;7;7m[48;2;99;173;90m▀[0m[38;2;7;7;7m[48;2;99;173;90m▀[0m[38;2;7;7;7m▄[38;2;7;7;7m▄[38;2;7;7;7m▄[38;2;7;7;7m▄[38;2;7;7;7m▄[38;2;7;7;7m[48;2;99;173;90m▀[0m[38;2;99;173;90m[48;2;99;173;90m▀[0m[38;2;99;173;90m[48;2;72;132;72m▀[0m[38;2;72;132;72m[48;2;72;132;72m▀[0m[38;2;7;7;7m[48;2;72;132;72m▀[0m[38;2;7;7;7m▄   
 [38;2;7;7;7m[48;2;7;7;7m▀[0m[38;2;72;132;72m[48;2;200;43;63m▀[0m[38;2;200;43;63m[48;2;235;93;120m▀[0m[38;2;235;93;120m[48;2;235;93;120m▀[0m[38;2;235;93;120m[48;2;248;202;208m▀[0m[38;2;235;93;120m[48;2;200;43;63m▀[0m[38;2;200;43;63m[48;2;99;173;90m▀[0m[38;2;99;173;90m[48;2;99;173;90m▀[0m[38;2;99;173;90m[48;2;99;173;90m▀[0m[38;2;99;173;90m[48;2;99;173;90m▀[0m[38;2;99;173;90m[48;2;99;173;90m▀[0m[38;2;99;173;90m[48;2;99;173;90m▀[0m[38;2;99;173;90m[48;2;99;173;90m▀[0m[38;2;99;173;90m[48;2;99;173;90m▀[0m[38;2;99;173;90m[48;2;99;173;90m▀[0m[38;2;99;173;90m[48;2;99;173;90m▀[0m[38;2;99;173;90m[48;2;72;132;72m▀[0m[38;2;99;173;90m[48;2;72;132;72m▀[0m[38;2;72;132;72m[48;2;72;132;72m▀[0m[38;2;72;132;72m[48;2;7;7;7m▀[0m[38;2;72;132;72m[48;2;7;7;7m▀[0m[38;2;72;132;72m[48;2;7;7;7m▀[0m[38;2;7;7;7m▀    
 [38;2;7;7;7m[48;2;7;7;7m▀[0m[38;2;235;93;120m[48;2;235;93;120m▀[0m[38;2;248;202;208m[48;2;235;93;120m▀[0m[38;2;235;93;120m[48;2;200;43;63m▀[0m[38;2;200;43;63m[48;2;99;173;90m▀[0m[38;2;99;173;90m[48;2;99;173;90m▀[0m[38;2;99;173;90m[48;2;72;132;72m▀[0m[38;2;99;173;90m[48;2;7;7;7m▀[0m[38;2;99;173;90m[48;2;7;7;7m▀[0m[38;2;99;173;90m[48;2;52;96;52m▀[0m[38;2;52;96;52m[48;2;72;132;72m▀[0m[38;2;52;96;52m[48;2;72;132;72m▀[0m[38;2;52;96;52m[48;2;72;132;72m▀[0m[38;2;72;132;72m[48;2;72;132;72m▀[0m[38;2;72;132;72m[48;2;72;132;72m▀[0m[38;2;72;132;72m[48;2;7;7;7m▀[0m[38;2;72;132;72m[48;2;7;7;7m▀[0m[38;2;7;7;7m▀[38;2;7;7;7m▀        
[38;2;7;7;7m[48;2;7;7;7m▀[0m[38;2;235;93;120m[48;2;235;93;120m▀[0m[38;2;248;202;208m[48;2;200;43;63m▀[0m[38;2;200;43;63m[48;2;72;132;72m▀[0m[38;2;99;173;90m[48;2;72;132;72m▀[0m[38;2;72;132;72m[48;2;198;198;198m▀[0m[38;2;7;7;7m[48;2;156;156;156m▀[0m[38;2;235;93;120m[48;2;7;7;7m▀[0m[38;2;7;7;7m[48;2;235;93;120m▀[0m[38;2;235;93;120m[48;2;156;156;156m▀[0m[38;2;198;198;198m[48;2;198;198;198m▀[0m[38;2;52;96;52m[48;2;52;96;52m▀[0m[38;2;72;132;72m[48;2;72;132;72m▀[0m[38;2;72;132;72m[48;2;7;7;7m▀[0m[38;2;7;7;7m▀[38;2;7;7;7m▀            
 [38;2;7;7;7m▀[38;2;198;198;198m[48;2;7;7;7m▀[0m[38;2;156;156;156m[48;2;198;198;198m▀[0m[38;2;198;198;198m[48;2;198;198;198m▀[0m[38;2;198;198;198m[48;2;198;198;198m▀[0m[38;2;198;198;198m[48;2;66;66;66m▀[0m[38;2;198;198;198m[48;2;66;66;66m▀[0m[38;2;198;198;198m[48;2;66;66;66m▀[0m[38;2;198;198;198m[48;2;52;96;52m▀[0m[38;2;52;96;52m[48;2;72;132;72m▀[0m[38;2;72;132;72m[48;2;72;132;72m▀[0m[38;2;7;7;7m[48;2;52;96;52m▀[0m[38;2;7;7;7m▄[38;2;7;7;7m[48;2;235;93;120m▀[0m[38;2;7;7;7m[48;2;7;7;7m▀[0m            
   [38;2;7;7;7m▀[38;2;7;7;7m▀[38;2;7;7;7m▀[38;2;156;156;156m[48;2;7;7;7m▀[0m[38;2;156;156;156m[48;2;7;7;7m▀[0m[38;2;52;96;52m[48;2;52;96;52m▀[0m[38;2;72;132;72m[48;2;52;96;52m▀[0m[38;2;72;132;72m[48;2;52;96;52m▀[0m[38;2;52;96;52m[48;2;52;96;52m▀[0m[38;2;99;173;90m[48;2;99;173;90m▀[0m[38;2;235;93;120m[48;2;235;93;120m▀[0m[38;2;7;7;7m[48;2;7;7;7m▀[0m   [38;2;7;7;7m▄[38;2;7;7;7m[48;2;72;132;72m▀[0m[38;2;7;7;7m▄ [38;2;7;7;7m▄     
        [38;2;7;7;7m[48;2;7;7;7m▀[0m[38;2;99;173;90m[48;2;52;96;52m▀[0m[38;2;99;173;90m[48;2;52;96;52m▀[0m[38;2;72;132;72m[48;2;52;96;52m▀[0m[38;2;99;173;90m[48;2;72;132;72m▀[0m[38;2;7;7;7m[48;2;99;173;90m▀[0m[38;2;7;7;7m▄[38;2;7;7;7m▄[38;2;7;7;7m▄[38;2;7;7;7m[48;2;52;96;52m▀[0m[38;2;72;132;72m[48;2;52;96;52m▀[0m[38;2;72;132;72m[48;2;52;96;52m▀[0m[38;2;52;96;52m[48;2;99;173;90m▀[0m[38;2;7;7;7m[48;2;99;173;90m▀[0m[38;2;99;173;90m[48;2;7;7;7m▀[0m[38;2;7;7;7m▀    
       [38;2;7;7;7m[48;2;7;7;7m▀[0m[38;2;99;173;90m[48;2;99;173;90m▀[0m[38;2;99;173;90m[48;2;99;173;90m▀[0m[38;2;99;173;90m[48;2;99;173;90m▀[0m[38;2;99;173;90m[48;2;99;173;90m▀[0m[38;2;99;173;90m[48;2;99;173;90m▀[0m[38;2;99;173;90m[48;2;99;173;90m▀[0m[38;2;99;173;90m[48;2;52;96;52m▀[0m[38;2;52;96;52m[48;2;52;96;52m▀[0m[38;2;99;173;90m[48;2;52;96;52m▀[0m[38;2;99;173;90m[48;2;52;96;52m▀[0m[38;2;99;173;90m[48;2;99;173;90m▀[0m[38;2;99;173;90m[48;2;99;173;90m▀[0m[38;2;52;96;52m[48;2;99;173;90m▀[0m[38;2;52;96;52m[48;2;99;173;90m▀[0m[38;2;52;96;52m[48;2;52;96;52m▀[0m[38;2;7;7;7m[48;2;99;173;90m▀[0m[38;2;7;7;7m[48;2;72;132;72m▀[0m[38;2;7;7;7m[48;2;72;132;72m▀[0m[38;2;7;7;7m[48;2;72;132;72m▀[0m[38;2;7;7;7m▄
      [38;2;7;7;7m[48;2;7;7;7m▀[0m[38;2;99;173;90m[48;2;66;66;66m▀[0m[38;2;99;173;90m[48;2;99;173;90m▀[0m[38;2;99;173;90m[48;2;66;66;66m▀[0m[38;2;99;173;90m[48;2;99;173;90m▀[0m[38;2;99;173;90m[48;2;52;96;52m▀[0m[38;2;99;173;90m[48;2;52;96;52m▀[0m[38;2;52;96;52m[48;2;99;173;90m▀[0m[38;2;99;173;90m[48;2;99;173;90m▀[0m[38;2;99;173;90m[48;2;72;132;72m▀[0m[38;2;99;173;90m[48;2;52;96;52m▀[0m[38;2;52;96;52m[48;2;52;96;52m▀[0m[38;2;99;173;90m[48;2;99;173;90m▀[0m[38;2;99;173;90m[48;2;66;66;66m▀[0m[38;2;66;66;66m[48;2;198;198;198m▀[0m[38;2;66;66;66m[48;2;198;198;198m▀[0m[38;2;52;96;52m[48;2;52;96;52m▀[0m[38;2;72;132;72m[48;2;52;96;52m▀[0m[38;2;72;132;72m[48;2;7;7;7m▀[0m[38;2;7;7;7m[48;2;7;7;7m▀[0m[38;2;7;7;7m▀ 
      [38;2;7;7;7m[48;2;7;7;7m▀[0m[38;2;198;198;198m[48;2;156;156;156m▀[0m[38;2;66;66;66m[48;2;198;198;198m▀[0m[38;2;198;198;198m[48;2;156;156;156m▀[0m[38;2;52;96;52m[48;2;52;96;52m▀[0m[38;2;99;173;90m[48;2;99;173;90m▀[0m[38;2;99;173;90m[48;2;99;173;90m▀[0m[38;2;99;173;90m[48;2;99;173;90m▀[0m[38;2;99;173;90m[48;2;72;132;72m▀[0m[38;2;99;173;90m[48;2;52;96;52m▀[0m[38;2;99;173;90m[48;2;52;96;52m▀[0m[38;2;52;96;52m[48;2;66;66;66m▀[0m[38;2;66;66;66m[48;2;156;156;156m▀[0m[38;2;156;156;156m[48;2;198;198;198m▀[0m[38;2;156;156;156m[48;2;198;198;198m▀[0m[38;2;52;96;52m[48;2;52;96;52m▀[0m[38;2;72;132;72m[48;2;7;7;7m▀[0m[38;2;7;7;7m▀    
       [38;2;7;7;7m▀[38;2;156;156;156m[48;2;7;7;7m▀[0m[38;2;156;156;156m[48;2;66;66;66m▀[0m[38;2;156;156;156m[48;2;66;66;66m▀[0m[38;2;52;96;52m[48;2;52;96;52m▀[0m[38;2;99;173;90m[48;2;99;173;90m▀[0m[38;2;99;173;90m[48;2;72;132;72m▀[0m[38;2;99;173;90m[48;2;72;132;72m▀[0m[38;2;99;173;90m[48;2;52;96;52m▀[0m[38;2;52;96;52m[48;2;52;96;52m▀[0m[38;2;156;156;156m[48;2;66;66;66m▀[0m[38;2;66;66;66m[48;2;156;156;156m▀[0m[38;2;72;132;72m[48;2;66;66;66m▀[0m[38;2;52;96;52m[48;2;72;132;72m▀[0m[38;2;72;132;72m[48;2;72;132;72m▀[0m[38;2;66;66;66m[48;2;66;66;66m▀[0m[38;2;7;7;7m[48;2;235;93;120m▀[0m[38;2;7;7;7m▄   
        [38;2;7;7;7m▀[38;2;72;132;72m[48;2;7;7;7m▀[0m[38;2;235;93;120m[48;2;72;132;72m▀[0m[38;2;66;66;66m[48;2;66;66;66m▀[0m[38;2;72;132;72m[48;2;72;132;72m▀[0m[38;2;72;132;72m[48;2;235;93;120m▀[0m[38;2;52;96;52m[48;2;235;93;120m▀[0m[38;2;66;66;66m[48;2;7;7;7m▀[0m[38;2;7;7;7m▀[38;2;7;7;7m▀[38;2;235;93;120m[48;2;7;7;7m▀[0m[38;2;66;66;66m[48;2;72;132;72m▀[0m[38;2;72;132;72m[48;2;66;66;66m▀[0m[38;2;66;66;66m[48;2;235;93;120m▀[0m[38;2;235;93;120m[48;2;72;132;72m▀[0m[38;2;72;132;72m[48;2;7;7;7m▀[0m[38;2;7;7;7m▀   
         [38;2;7;7;7m▀[38;2;72;132;72m[48;2;7;7;7m▀[0m[38;2;66;66;66m[48;2;99;173;90m▀[0m[38;2;235;93;120m[48;2;99;173;90m▀[0m[38;2;99;173;90m[48;2;99;173;90m▀[0m[38;2;7;7;7m[48;2;7;7;7m▀[0m   [38;2;7;7;7m▀[38;2;90;90;90m[48;2;7;7;7m▀[0m[38;2;7;7;7m▀[38;2;72;132;72m[48;2;7;7;7m▀[0m[38;2;72;132;72m[48;2;52;96;52m▀[0m[38;2;7;7;7m[48;2;7;7;7m▀[0m    
         [38;2;7;7;7m▄[38;2;7;7;7m[48;2;90;90;90m▀[0m[38;2;90;90;90m[48;2;90;90;90m▀[0m[38;2;99;173;90m[48;2;72;132;72m▀[0m[38;2;7;7;7m[48;2;7;7;7m▀[0m       [38;2;7;7;7m[48;2;7;7;7m▀[0m[38;2;90;90;90m[48;2;7;7;7m▀[0m[38;2;7;7;7m▀    
          [38;2;7;7;7m▀[38;2;7;7;7m▀[38;2;7;7;7m▀               
[0m