
[38;2;0;0;0m        [38;2;22;21;14m██[38;2;63;60;43m██[38;2;0;0;0m      [38;2;0;1;0m    [38;2;0;0;0m                        
[38;2;0;0;0m        [38;2;22;21;14m  [38;2;230;218;155m██[38;2;136;131;99m██[38;2;5;5;3m  [38;2;105;104;105m██[38;2;83;84;83m██[38;2;103;103;103m██[38;2;0;0;0m                        
[38;2;0;0;0m          [38;2;166;157;112m  [38;2;112;111;112m██[38;2;152;151;152m██[38;2;143;141;143m██[38;2;144;142;144m██[38;2;137;135;137m██[38;2;126;121;123m██[38;2;76;74;74m██[38;2;0;0;0m  [38;2;36;34;24m  [38;2;63;60;43m████[38;2;0;0;0m            
[38;2;0;0;0m          [38;2;80;78;80m  [38;2;152;150;152m██[38;2;152;151;152m████[38;2;124;122;124m██[38;2;129;125;126m██[38;2;126;121;123m██[38;2;101;98;100m██[38;2;191;181;129m██[38;2;226;214;155m██[38;2;254;241;174m██[38;2;254;241;172m██[38;2;166;157;112m  [38;2;0;0;0m          
[38;2;0;0;0m          [38;2;106;105;106m██[38;2;132;130;131m██[38;2;146;144;145m██[38;2;136;134;135m██[38;2;123;121;123m██[38;2;126;121;122m██[38;2;126;121;123m██[38;2;164;156;120m██[38;2;254;241;172m██[38;2;254;241;174m██[38;2;205;195;146m██[38;2;74;70;51m  [38;2;0;0;0m            
[38;2;0;0;0m        [38;2;32;31;32m  [38;2;118;117;118m██[38;2;126;121;122m██[38;2;126;121;123m████[38;2;126;121;122m████[38;2;80;78;79m██[38;2;89;87;78m██[38;2;248;236;168m██[38;2;112;108;91m██[38;2;14;14;14m  [38;2;0;0;0m              
[38;2;0;0;0m        [38;2;76;64;56m██[38;2;124;119;121m██[38;2;126;121;122m████[38;2;126;121;123m██[38;2;111;107;109m██[38;2;87;49;48m██[38;2;255;255;255m██[38;2;173;163;160m██[38;2;98;80;72m██[38;2;48;34;28m██[38;2;0;0;0m                
[38;2;0;0;0m        [38;2;172;129;97m██[38;2;78;76;77m██[38;2;126;121;122m██[38;2;137;118;105m██[38;2;80;82;86m██[38;2;189;82;78m██[38;2;116;53;43m██[38;2;255;251;248m██[38;2;180;129;108m██[38;2;196;129;98m██[38;2;165;111;85m██[38;2;0;0;0m                
[38;2;0;0;0m      [38;2;40;26;20m  [38;2;203;148;106m██[38;2;122;99;81m██[38;2;106;89;76m██[38;2;106;89;82m██[38;2;191;139;105m██[38;2;149;101;85m██[38;2;233;114;85m██[38;2;132;98;85m██[38;2;157;117;100m██[38;2;102;82;74m██[38;2;184;124;95m██[38;2;57;41;28m████[38;2;0;0;0m            
[38;2;0;0;0m  [38;2;115;75;57m  [38;2;147;96;73m██[38;2;188;123;93m██[38;2;122;99;81m██[38;2;230;167;112m██████[38;2;230;167;113m██[38;2;206;139;102m██[38;2;194;130;97m██[38;2;96;80;72m██[38;2;186;157;141m██[38;2;99;81;73m██[38;2;163;111;90m██[38;2;230;167;112m██[38;2;230;165;113m██[38;2;149;107;74m  [38;2;0;0;0m          
[38;2;50;33;25m██[38;2;194;130;97m██[38;2;170;116;92m██[38;2;131;94;85m██[38;2;109;84;78m██[38;2;174;130;98m██[38;2;156;120;92m██[38;2;187;134;100m██[38;2;120;93;80m██[38;2;97;80;73m████[38;2;164;112;89m██[38;2;129;95;81m██[38;2;192;126;96m██[38;2;135;98;82m██[38;2;158;109;88m██[38;2;135;101;83m██[38;2;228;155;110m██[38;2;72;51;42m██[38;2;0;0;0m        
[38;2;30;24;22m██[38;2;115;94;87m██[38;2;126;119;118m██[38;2;60;53;52m██[38;2;30;23;20m██[38;2;100;92;72m██[38;2;206;196;147m██[38;2;120;106;92m██[38;2;95;73;69m██[38;2;97;80;73m████[38;2;161;113;89m██[38;2;178;121;94m██[38;2;192;128;97m██[38;2;155;107;88m██[38;2;166;114;90m██[38;2;178;119;92m██[38;2;93;79;72m██[38;2;123;87;71m██[38;2;0;0;0m        
[38;2;1;0;0m  [38;2;150;146;149m  [38;2;42;42;42m  [38;2;0;0;0m    [38;2;182;164;126m██[38;2;225;212;157m██[38;2;254;239;172m██[38;2;254;240;172m██[38;2;254;241;172m██[38;2;166;126;99m██[38;2;194;129;97m████[38;2;193;129;97m██[38;2;133;96;82m██[38;2;106;89;76m██[38;2;166;119;92m██[38;2;197;129;97m████[38;2;0;0;0m        
[38;2;0;0;0m        [38;2;19;17;16m  [38;2;98;86;84m██[38;2;112;103;91m██[38;2;112;108;91m██[38;2;174;166;127m██[38;2;254;240;175m██[38;2;239;223;161m██[38;2;140;98;85m██[38;2;195;129;97m██[38;2;101;82;74m██[38;2;188;139;102m██[38;2;230;167;112m██[38;2;230;167;113m██[38;2;218;153;109m██[38;2;132;97;81m██[38;2;0;0;0m        
[38;2;0;0;0m      [38;2;15;13;13m  [38;2;97;86;81m██[38;2;120;105;97m████[38;2;243;242;241m██[38;2;166;164;157m██[38;2;248;236;168m██[38;2;254;241;174m██[38;2;162;126;104m██[38;2;135;114;104m██[38;2;116;105;104m██[38;2;218;156;111m██[38;2;230;167;112m████[38;2;224;163;110m██[38;2;117;95;80m██[38;2;109;79;71m██[38;2;9;6;6m  [38;2;0;0;0m    
[38;2;0;0;0m    [38;2;44;29;22m  [38;2;81;70;66m██[38;2;119;104;97m██[38;2;119;106;97m██[38;2;97;89;87m██[38;2;111;109;110m██[38;2;134;121;135m██[38;2;248;233;174m██[38;2;254;241;172m██[38;2;209;194;145m██[38;2;118;87;78m██[38;2;117;113;114m██[38;2;183;164;156m██[38;2;157;130;107m██[38;2;218;169;127m██[38;2;106;88;77m██[38;2;89;76;72m██[38;2;126;90;83m██[38;2;72;60;59m██[38;2;94;67;62m██[38;2;24;17;16m  
[38;2;0;0;0m    [38;2;54;36;28m██[38;2;84;73;70m██[38;2;119;103;97m██[38;2;107;97;91m██[38;2;124;122;122m██[38;2;166;144;181m██[38;2;157;138;158m██[38;2;95;86;105m██[38;2;176;166;126m██[38;2;161;148;117m██[38;2;102;80;74m██[38;2;187;126;96m██[38;2;97;74;67m██[38;2;197;186;171m██[38;2;97;75;66m██[38;2;72;66;67m██[38;2;126;89;84m██[38;2;80;70;69m██[38;2;112;84;79m██[38;2;73;52;49m  [38;2;0;0;0m  
[38;2;0;0;0m    [38;2;9;6;6m  [38;2;95;77;72m██[38;2;77;73;72m██[38;2;141;127;152m██[38;2;140;123;154m██[38;2;152;121;148m██[38;2;174;150;187m██[38;2;179;157;197m██[38;2;80;77;73m██[38;2;207;189;143m██[38;2;154;116;92m██[38;2;194;130;97m████[38;2;166;114;90m██[38;2;193;128;97m██[38;2;108;83;76m██[38;2;110;83;79m██[38;2;109;79;71m██[38;2;31;22;20m██[38;2;0;0;0m    
[38;2;0;0;0m        [38;2;92;68;63m██[38;2;60;49;47m██[38;2;102;99;86m██[38;2;151;145;153m██[38;2;162;155;160m██[38;2;112;104;100m██[38;2;239;226;162m██[38;2;65;64;65m██[38;2;159;109;89m██[38;2;196;129;97m██[38;2;194;130;97m██[38;2;176;117;93m██[38;2;141;99;86m██[38;2;168;112;85m██[38;2;0;0;0m          
[38;2;0;0;0m            [38;2;54;51;37m██[38;2;155;143;113m██[38;2;164;151;121m██[38;2;209;194;148m██[38;2;125;116;88m██[38;2;16;16;16m██[38;2;136;94;80m██[38;2;178;139;121m██[38;2;194;129;97m██[38;2;132;94;83m██[38;2;192;130;101m██[38;2;42;28;21m  [38;2;0;0;0m          
[38;2;0;0;0m                        [38;2;99;97;96m  [38;2;161;130;119m██[38;2;162;123;107m██[38;2;201;152;130m██[38;2;94;67;56m██[38;2;0;0;0m            
[38;2;0;0;0m                          [38;2;64;63;63m██[38;2;46;39;39m██[38;2;58;58;58m  [38;2;0;0;0m              [0m
