
[38;2;0;0;0m                    [38;2;23;23;23m  [38;2;38;36;38m██[38;2;0;0;0m                                  
[38;2;0;0;0m                    [38;2;85;84;84m██[38;2;231;230;230m██[38;2;0;0;0m        [38;2;110;112;110m  [38;2;105;101;105m  [38;2;0;0;0m                      
[38;2;0;0;0m                    [38;2;38;38;37m  [38;2;229;227;229m██[38;2;15;15;15m  [38;2;88;47;29m  [38;2;172;92;57m██[38;2;1;4;7m  [38;2;112;113;110m██[38;2;191;186;194m██[38;2;0;0;0m                      
[38;2;0;0;0m                      [38;2;136;131;136m██[38;2;156;156;156m██[38;2;250;134;83m██[38;2;254;136;86m██[38;2;76;48;40m██[38;2;172;170;166m██[38;2;19;19;20m  [38;2;0;0;0m                      
[38;2;0;0;0m                    [38;2;46;29;24m  [38;2;83;55;49m██[38;2;151;151;151m██[38;2;185;118;85m██[38;2;136;113;100m██[38;2;198;198;197m██[38;2;113;81;67m██[38;2;0;0;0m                        
[38;2;0;0;0m        [38;2;87;71;29m  [38;2;199;161;63m██[38;2;153;131;40m  [38;2;0;0;0m      [38;2;203;147;117m██[38;2;251;135;81m██[38;2;157;154;153m██[38;2;197;194;194m██[38;2;224;224;224m██[38;2;78;70;66m██[38;2;253;136;82m██[38;2;213;149;129m  [38;2;0;0;0m                      
[38;2;0;0;0m        [38;2;241;203;70m██[38;2;218;181;63m██[38;2;216;181;62m██[38;2;28;23;11m██[38;2;0;0;0m  [38;2;233;225;218m██[38;2;128;102;89m██[38;2;104;98;99m██[38;2;180;167;124m██[38;2;195;193;187m██[38;2;165;154;117m██[38;2;254;253;253m██[38;2;180;135;114m██[38;2;177;153;152m██[38;2;91;76;74m██[38;2;0;0;0m    [38;2;115;93;36m██[38;2;212;179;59m██[38;2;202;168;61m██[38;2;28;24;8m  [38;2;0;0;0m        
[38;2;0;0;0m        [38;2;57;46;21m  [38;2;219;187;59m██[38;2;188;155;60m██[38;2;240;209;77m██[38;2;9;8;2m  [38;2;10;7;3m  [38;2;178;177;178m██[38;2;190;183;190m██[38;2;190;170;99m██[38;2;239;205;67m██[38;2;167;164;157m██[38;2;186;185;186m██[38;2;136;135;137m██[38;2;188;184;190m██[38;2;2;1;2m  [38;2;36;30;10m██[38;2;202;172;59m██[38;2;236;200;64m██[38;2;197;159;63m██[38;2;231;198;62m██[38;2;78;66;22m  [38;2;0;0;0m        
[38;2;0;0;0m            [38;2;88;75;26m██[38;2;204;177;66m██[38;2;185;155;55m██[38;2;72;69;63m██[38;2;189;189;189m██[38;2;183;183;183m██[38;2;156;146;111m██[38;2;190;175;125m██[38;2;117;112;103m██[38;2;150;145;150m██[38;2;199;194;208m██[38;2;128;120;95m██[38;2;158;137;74m██[38;2;203;170;60m██[38;2;212;175;63m██[38;2;208;174;61m██[38;2;100;84;28m██[38;2;0;0;0m            
[38;2;9;9;9m██[38;2;37;37;37m██[38;2;0;0;0m            [38;2;188;161;54m██[38;2;229;192;63m██[38;2;144;142;134m██[38;2;253;253;253m██[38;2;160;147;139m██[38;2;65;64;64m██[38;2;187;184;194m██[38;2;176;173;182m██[38;2;86;81;65m██[38;2;236;200;64m██[38;2;191;158;58m██[38;2;218;183;63m██[38;2;83;71;22m  [38;2;0;0;0m                
[38;2;20;20;20m  [38;2;215;215;215m██[38;2;175;175;175m████[38;2;0;0;0m          [38;2;53;45;33m  [38;2;190;166;71m██[38;2;125;123;121m██[38;2;176;104;76m██[38;2;188;138;71m██[38;2;85;84;86m██[38;2;149;130;65m██[38;2;216;186;65m██[38;2;103;91;62m██[38;2;78;66;21m██[38;2;2;1;2m  [38;2;0;0;0m                  
[38;2;0;0;0m  [38;2;152;152;152m  [38;2;255;255;255m████████[38;2;183;183;183m██[38;2;58;58;58m██[38;2;38;36;26m██[38;2;112;106;86m██[38;2;154;132;55m██[38;2;160;139;65m██[38;2;99;73;65m██[38;2;68;65;61m██[38;2;182;143;66m██[38;2;202;172;65m██[38;2;71;70;71m██[38;2;0;0;0m                [38;2;0;0;1m      [38;2;0;0;0m  
[38;2;0;0;0m    [38;2;255;255;255m████████████[38;2;189;181;142m██[38;2;247;221;117m██[38;2;232;215;148m██[38;2;72;69;65m██[38;2;167;150;83m██[38;2;212;210;161m██[38;2;188;187;168m██[38;2;65;64;65m██[38;2;71;70;74m██[38;2;0;0;0m              [38;2;102;100;106m  [38;2;183;185;186m██[38;2;177;178;179m██[38;2;145;147;148m██[38;2;50;50;50m██
[38;2;0;0;0m                    [38;2;180;166;109m██[38;2;71;70;71m██[38;2;156;141;82m██[38;2;155;152;116m██[38;2;179;176;133m██[38;2;201;198;150m██[38;2;250;233;162m██[38;2;206;201;165m██[38;2;212;207;187m██[38;2;255;255;255m████[38;2;252;252;253m██[38;2;248;248;249m██[38;2;234;232;237m██[38;2;231;228;234m██[38;2;221;218;226m██[38;2;223;220;227m██[38;2;184;183;186m██[38;2;0;0;0m  
[38;2;0;0;0m                    [38;2;15;5;4m  [38;2;96;79;77m██[38;2;189;108;72m██[38;2;175;118;95m██[38;2;193;158;140m██[38;2;219;225;222m██[38;2;62;59;48m██[38;2;36;36;32m██[38;2;30;30;27m██[38;2;55;55;55m██[38;2;255;255;255m██[38;2;189;190;191m██[38;2;222;219;226m██[38;2;240;239;242m██[38;2;234;232;237m██[38;2;253;253;253m██[38;2;252;252;252m██[38;2;22;22;23m  [38;2;0;0;0m  
[38;2;0;0;0m                  [38;2;2;2;2m  [38;2;139;138;140m██[38;2;253;253;254m██[38;2;181;138;119m██[38;2;188;133;117m██[38;2;233;220;218m██[38;2;154;88;64m██[38;2;45;24;16m  [38;2;0;0;0m        [38;2;0;2;4m  [38;2;98;99;100m  [38;2;125;123;130m██[38;2;199;197;202m██[38;2;221;221;222m██[38;2;173;173;175m██[38;2;0;0;0m    
[38;2;0;0;0m                  [38;2;218;218;218m  [38;2;228;226;231m██[38;2;203;198;210m██[38;2;80;58;55m██[38;2;248;247;247m██[38;2;255;255;255m██[38;2;247;241;239m██[38;2;160;87;58m██[38;2;0;0;0m              [38;2;10;10;10m  [38;2;11;15;19m██[38;2;4;5;6m  [38;2;0;0;0m    
[38;2;0;0;0m                  [38;2;182;182;176m██[38;2;237;219;210m██[38;2;186;117;84m██[38;2;0;0;0m  [38;2;0;3;7m  [38;2;221;220;223m██[38;2;200;194;206m██[38;2;198;139;111m██[38;2;0;0;0m                        
[38;2;0;0;0m                  [38;2;182;177;190m██[38;2;145;116;102m██[38;2;7;4;3m  [38;2;0;0;0m    [38;2;100;98;104m██[38;2;254;254;254m██[38;2;253;253;253m██[38;2;0;0;0m                        
[38;2;0;0;0m                [38;2;28;30;28m  [38;2;157;154;156m██[38;2;49;48;51m  [38;2;0;0;0m      [38;2;55;55;55m  [38;2;189;188;185m██[38;2;185;181;187m██[38;2;0;0;0m                        
[38;2;0;0;0m                [38;2;101;103;101m██[38;2;21;21;21m██[38;2;0;0;0m          [38;2;3;3;3m  [38;2;186;181;193m██[38;2;143;141;136m██[38;2;0;0;0m                      
[38;2;0;0;0m                [38;2;35;35;35m  [38;2;7;7;7m  [38;2;0;0;0m            [38;2;112;114;112m██[38;2;241;241;241m██[38;2;0;0;0m                      
[38;2;0;0;0m                                  [38;2;241;241;241m██[38;2;0;0;0m                      
[38;2;0;0;0m                                  [38;2;65;65;65m  [38;2;0;0;0m                      [0m
