
[38;2;0;0;0m                    [38;2;30;19;15m  [38;2;0;0;0m                        
[38;2;0;0;0m                    [38;2;225;114;83m██[38;2;0;0;0m██                      
[38;2;0;0;0m            [38;2;30;11;7m  [38;2;77;30;20m██[38;2;255;97;65m██[38;2;233;98;67m██[38;2;214;95;66m██[38;2;77;29;20m██[38;2;0;0;0m                      
[38;2;0;0;0m    [38;2;141;90;70m  [38;2;0;0;0m  [38;2;70;45;35m  [38;2;26;17;13m  [38;2;228;87;59m██[38;2;255;99;65m████[38;2;242;90;60m██[38;2;214;80;54m██[38;2;44;16;11m██[38;2;0;0;0m                      
[38;2;0;0;0m    [38;2;246;158;123m██[38;2;113;72;56m██[38;2;232;134;102m██[38;2;109;55;40m██[38;2;255;109;75m██[38;2;255;99;65m████[38;2;255;98;65m██[38;2;255;99;65m████[38;2;88;33;22m██[38;2;0;0;0m                    
[38;2;0;0;0m  [38;2;168;107;83m  [38;2;207;95;68m██[38;2;247;156;123m██[38;2;241;147;115m██[38;2;247;151;118m██[38;2;248;149;116m██[38;2;248;148;115m██[38;2;255;97;65m██[38;2;255;98;65m████[38;2;255;97;65m██[38;2;219;69;44m██[38;2;0;0;0m                    
[38;2;0;0;0m  [38;2;117;75;61m  [38;2;237;146;123m██[38;2;247;149;116m██[38;2;250;133;100m  ██████[38;2;247;156;123m██[38;2;183;88;68m██[38;2;125;91;89m██[38;2;65;97;114m██[38;2;113;79;84m██[38;2;140;65;57m██[38;2;1;0;0m  [38;2;0;0;0m                
[38;2;0;0;0m  [38;2;97;75;80m  [38;2;89;40;36m██[38;2;254;102;70m██[38;2;255;99;65m██[38;2;255;98;65m████[38;2;255;99;65m██[38;2;81;73;70m██[38;2;66;139;173m██[38;2;69;126;175m██[38;2;72;109;173m██[38;2;65;129;174m██[38;2;68;133;165m██[38;2;3;0;0m  [38;2;0;0;0m                
[38;2;66;66;43m██[38;2;84;77;54m██[38;2;255;100;71m██[38;2;255;99;65m██████[38;2;224;93;67m██[38;2;73;98;116m██[38;2;68;129;181m██[38;2;66;67;71m██[38;2;73;105;173m██[38;2;70;87;126m██[38;2;71;94;144m██[38;2;70;88;128m██[38;2;50;71;117m██[38;2;0;0;0m                
[38;2;66;66;43m██[38;2;249;247;160m██[38;2;129;75;66m██[38;2;255;97;65m██[38;2;208;71;45m██[38;2;241;80;45m██[38;2;88;83;90m██[38;2;71;101;162m██[38;2;73;105;172m██[38;2;78;106;165m██[38;2;42;58;92m██[38;2;65;66;65m██[38;2;66;66;70m██[38;2;89;77;96m██[38;2;62;100;154m██[38;2;68;95;148m  [38;2;0;0;0m              
[38;2;0;0;0m  [38;2;199;199;129m██[38;2;153;126;92m██[38;2;158;78;54m██[38;2;210;84;60m██[38;2;90;94;126m██[38;2;54;89;120m██[38;2;69;84;116m██[38;2;109;104;92m██[38;2;54;99;133m██[38;2;2;1;0m  [38;2;0;0;0m  [38;2;161;48;29m██[38;2;137;51;34m  [38;2;78;51;58m██[38;2;3;1;0m  [38;2;0;0;0m  [38;2;8;19;24m██[38;2;65;149;189m██[38;2;60;135;171m██[38;2;9;21;27m  [38;2;0;0;0m    
[38;2;0;0;0m    [38;2;255;250;159m██[38;2;112;81;66m██[38;2;189;85;65m██[38;2;72;99;159m██[38;2;99;99;96m██[38;2;197;196;191m██[38;2;73;92;139m██[38;2;66;147;186m██[38;2;0;0;0m    [38;2;103;31;17m██[38;2;3;28;33m██[38;2;68;57;55m██[38;2;0;0;0m██    [38;2;64;145;150m██[38;2;65;148;189m██[38;2;20;45;57m██[38;2;0;0;0m    
[38;2;0;0;0m    [38;2;28;25;16m  [38;2;226;225;145m██[38;2;159;168;141m██[38;2;225;218;141m██[38;2;92;78;52m██[38;2;237;237;236m██[38;2;117;158;166m██[38;2;34;74;94m██[38;2;0;0;0m  ██[38;2;48;14;9m  [38;2;1;3;4m  [38;2;70;159;172m██[38;2;146;237;241m██[38;2;70;158;163m██[38;2;6;15;15m  [38;2;116;196;200m██[38;2;93;209;222m██[38;2;65;147;189m██[38;2;41;93;118m██[38;2;17;39;49m██
[38;2;0;0;0m    [38;2;77;77;50m██[38;2;255;255;165m██[38;2;255;250;162m██[38;2;253;249;155m██[38;2;250;242;140m██[38;2;197;195;133m██[38;2;79;168;193m██[38;2;4;8;9m  [38;2;0;0;0m      [38;2;65;146;183m██[38;2;64;145;170m██[38;2;94;213;235m██[38;2;97;219;229m██[38;2;111;226;233m██[38;2;131;233;238m██[38;2;92;207;222m██[38;2;66;147;189m██[38;2;65;148;187m██[38;2;16;37;47m  
[38;2;0;0;0m    [38;2;33;33;21m  [38;2;214;199;121m██[38;2;236;173;103m██[38;2;218;197;115m██[38;2;73;75;53m██[38;2;93;166;198m██[38;2;80;177;190m██[38;2;2;5;10m  [38;2;63;106;120m██[38;2;37;68;106m██[38;2;75;75;48m  [38;2;166;167;120m██[38;2;12;28;35m  [38;2;2;5;7m  [38;2;51;115;147m██[38;2;80;180;206m██[38;2;80;180;207m██[38;2;65;147;188m██[38;2;65;147;189m██[38;2;51;117;147m██[38;2;0;0;0m  
[38;2;0;0;0m            [38;2;6;0;0m  [38;2;68;130;141m██[38;2;99;222;231m██[38;2;96;203;234m██[38;2;82;141;174m██[38;2;247;255;179m██[38;2;251;251;162m██[38;2;255;255;165m██[38;2;110;110;71m██[38;2;0;0;0m  [38;2;36;83;105m  [38;2;65;148;189m████[38;2;65;145;186m██[38;2;60;135;172m██[38;2;0;0;0m    
[38;2;0;0;0m            [38;2;44;42;26m  [38;2;185;183;117m██[38;2;90;182;211m██[38;2;102;151;189m██[38;2;193;212;175m██[38;2;99;99;64m██[38;2;169;164;105m██[38;2;255;255;165m██[38;2;110;110;71m██[38;2;0;0;0m    [38;2;25;58;73m████[38;2;21;48;61m  [38;2;0;0;0m      
[38;2;0;0;0m            [38;2;34;58;84m██[38;2;191;175;121m██[38;2;81;161;199m██[38;2;98;223;230m██[38;2;40;62;94m██[38;2;0;0;0m    [38;2;255;255;165m██[38;2;127;124;79m██[38;2;0;0;0m                
[38;2;0;0;0m            [38;2;67;124;156m██[38;2;68;134;178m██[38;2;73;160;195m██[38;2;98;220;229m██[38;2;40;62;64m██[38;2;0;0;0m    [38;2;94;94;60m██[38;2;226;199;115m██[38;2;132;112;63m  [38;2;0;0;0m              
[38;2;0;0;0m            [38;2;36;33;28m██[38;2;69;134;167m██[38;2;82;77;68m██[38;2;93;190;196m██[38;2;48;45;38m██[38;2;0;0;0m    [38;2;9;8;6m██[38;2;219;188;110m██[38;2;203;174;100m██[38;2;5;7;11m  [38;2;0;0;0m            
[38;2;0;0;0m            [38;2;180;154;87m██[38;2;86;95;116m██[38;2;161;138;78m██[38;2;176;153;95m██[38;2;115;99;55m██[38;2;0;0;0m    [38;2;6;6;12m██[38;2;130;144;142m██[38;2;115;144;159m██[38;2;28;41;67m██[38;2;0;0;0m            
[38;2;0;0;0m            [38;2;61;84;132m██[38;2;40;49;69m██[38;2;189;176;123m██[38;2;161;165;161m██[38;2;46;48;55m  [38;2;0;0;0m                        
[38;2;0;0;0m              [38;2;2;1;0m  [38;2;19;33;47m██[38;2;29;30;33m██[38;2;0;0;4m  [38;2;0;0;0m                        [0m
