              [38;2;7;7;7m▄[38;2;7;7;7m[48;2;239;247;255m▀[0m[38;2;7;7;7m[48;2;7;7;7m▀[0m                    
            [38;2;7;7;7m▄[38;2;7;7;7m[48;2;239;247;255m▀[0m[38;2;239;247;255m[48;2;132;142;153m▀[0m[38;2;255;234;75m[48;2;255;234;75m▀[0m[38;2;7;7;7m[48;2;7;7;7m▀[0m                    
           [38;2;7;7;7m▄[38;2;7;7;7m[48;2;239;247;255m▀[0m[38;2;239;247;255m[48;2;132;142;153m▀[0m[38;2;255;234;75m[48;2;255;234;75m▀[0m[38;2;255;234;75m[48;2;223;158;47m▀[0m[38;2;7;7;7m[48;2;7;7;7m▀[0m                    
          [38;2;7;7;7m▄[38;2;7;7;7m[48;2;239;247;255m▀[0m[38;2;239;247;255m[48;2;132;142;153m▀[0m[38;2;255;234;75m[48;2;255;234;75m▀[0m[38;2;255;234;75m[48;2;255;234;75m▀[0m[38;2;223;158;47m[48;2;223;158;47m▀[0m[38;2;7;7;7m[48;2;7;7;7m▀[0m                    
          [38;2;7;7;7m[48;2;7;7;7m▀[0m[38;2;239;247;255m[48;2;239;247;255m▀[0m[38;2;255;234;75m[48;2;255;234;75m▀[0m[38;2;255;234;75m[48;2;255;234;75m▀[0m[38;2;255;234;75m[48;2;255;234;75m▀[0m[38;2;223;158;47m[48;2;223;158;47m▀[0m[38;2;255;234;75m[48;2;223;158;47m▀[0m[38;2;7;7;7m[48;2;7;7;7m▀[0m                   
          [38;2;7;7;7m[48;2;7;7;7m▀[0m[38;2;132;142;153m[48;2;132;142;153m▀[0m[38;2;255;234;75m[48;2;255;234;75m▀[0m[38;2;255;234;75m[48;2;255;234;75m▀[0m[38;2;223;158;47m[48;2;255;234;75m▀[0m[38;2;223;158;47m[48;2;223;158;47m▀[0m[38;2;255;234;75m[48;2;255;234;75m▀[0m[38;2;7;7;7m[48;2;7;7;7m▀[0m                   
          [38;2;7;7;7m▀[38;2;132;142;153m[48;2;7;7;7m▀[0m[38;2;239;247;255m[48;2;239;247;255m▀[0m[38;2;255;234;75m[48;2;255;234;75m▀[0m[38;2;255;234;75m[48;2;255;234;75m▀[0m[38;2;255;234;75m[48;2;169;92;26m▀[0m[38;2;169;92;26m[48;2;223;158;47m▀[0m[38;2;223;158;47m[48;2;223;158;47m▀[0m[38;2;7;7;7m[48;2;7;7;7m▀[0m                  
          [38;2;7;7;7m▄[38;2;7;7;7m[48;2;66;66;66m▀[0m[38;2;132;142;153m[48;2;132;142;153m▀[0m[38;2;255;234;75m[48;2;255;234;75m▀[0m[38;2;255;234;75m[48;2;169;92;26m▀[0m[38;2;169;92;26m[48;2;223;158;47m▀[0m[38;2;223;158;47m[48;2;66;66;66m▀[0m[38;2;223;158;47m[48;2;66;66;66m▀[0m[38;2;66;66;66m[48;2;181;74;48m▀[0m[38;2;7;7;7m[48;2;181;74;48m▀[0m[38;2;7;7;7m▄                
[38;2;7;7;7m▄[38;2;7;7;7m▄       [38;2;7;7;7m[48;2;7;7;7m▀[0m[38;2;181;74;48m[48;2;181;74;48m▀[0m[38;2;66;66;66m[48;2;181;74;48m▀[0m[38;2;132;142;153m[48;2;66;66;66m▀[0m[38;2;255;234;75m[48;2;239;247;255m▀[0m[38;2;169;92;26m[48;2;66;66;66m▀[0m[38;2;66;66;66m[48;2;181;74;48m▀[0m[38;2;181;74;48m[48;2;181;74;48m▀[0m[38;2;181;74;48m[48;2;181;74;48m▀[0m[38;2;181;74;48m[48;2;181;74;48m▀[0m[38;2;181;74;48m[48;2;181;74;48m▀[0m[38;2;181;74;48m[48;2;181;74;48m▀[0m[38;2;7;7;7m[48;2;7;7;7m▀[0m               
[38;2;7;7;7m[48;2;7;7;7m▀[0m[38;2;165;68;44m[48;2;165;68;44m▀[0m[38;2;7;7;7m[48;2;96;99;96m▀[0m[38;2;7;7;7m▄   [38;2;7;7;7m▄[38;2;7;7;7m[48;2;7;7;7m▀[0m[38;2;181;74;48m[48;2;181;74;48m▀[0m[38;2;181;74;48m[48;2;181;74;48m▀[0m[38;2;181;74;48m[48;2;181;74;48m▀[0m[38;2;66;66;66m[48;2;66;66;66m▀[0m[38;2;239;247;255m[48;2;239;247;255m▀[0m[38;2;66;66;66m[48;2;66;66;66m▀[0m[38;2;181;74;48m[48;2;181;74;48m▀[0m[38;2;181;74;48m[48;2;181;74;48m▀[0m[38;2;181;74;48m[48;2;181;74;48m▀[0m[38;2;181;74;48m[48;2;181;74;48m▀[0m[38;2;181;74;48m[48;2;181;74;48m▀[0m[38;2;181;74;48m[48;2;132;42;57m▀[0m[38;2;132;42;57m[48;2;96;99;96m▀[0m[38;2;7;7;7m[48;2;66;66;66m▀[0m[38;2;7;7;7m▄     [38;2;7;7;7m▄[38;2;7;7;7m[48;2;165;68;44m▀[0m[38;2;7;7;7m[48;2;7;7;7m▀[0m     
[38;2;7;7;7m[48;2;7;7;7m▀[0m[38;2;165;68;44m[48;2;165;68;44m▀[0m[38;2;96;99;96m[48;2;96;99;96m▀[0m[38;2;96;99;96m[48;2;96;99;96m▀[0m[38;2;7;7;7m[48;2;96;99;96m▀[0m[38;2;7;7;7m▄[38;2;7;7;7m[48;2;7;7;7m▀[0m[38;2;66;66;66m[48;2;66;66;66m▀[0m[38;2;7;7;7m[48;2;66;66;66m▀[0m[38;2;132;42;57m[48;2;7;7;7m▀[0m[38;2;181;74;48m[48;2;132;42;57m▀[0m[38;2;181;74;48m[48;2;132;42;57m▀[0m[38;2;66;66;66m[48;2;66;66;66m▀[0m[38;2;132;142;153m[48;2;132;142;153m▀[0m[38;2;66;66;66m[48;2;66;66;66m▀[0m[38;2;181;74;48m[48;2;132;42;57m▀[0m[38;2;181;74;48m[48;2;132;42;57m▀[0m[38;2;181;74;48m[48;2;132;42;57m▀[0m[38;2;132;42;57m[48;2;239;247;255m▀[0m[38;2;132;42;57m[48;2;66;66;66m▀[0m[38;2;96;99;96m[48;2;66;66;66m▀[0m[38;2;96;99;96m[48;2;96;99;96m▀[0m[38;2;96;99;96m[48;2;96;99;96m▀[0m[38;2;66;66;66m[48;2;66;66;66m▀[0m[38;2;7;7;7m[48;2;66;66;66m▀[0m[38;2;7;7;7m[48;2;7;7;7m▀[0m[38;2;7;7;7m▄[38;2;7;7;7m[48;2;96;99;96m▀[0m[38;2;7;7;7m[48;2;96;99;96m▀[0m[38;2;96;99;96m[48;2;96;99;96m▀[0m[38;2;165;68;44m[48;2;165;68;44m▀[0m[38;2;7;7;7m[48;2;7;7;7m▀[0m     
 [38;2;7;7;7m▀[38;2;165;68;44m[48;2;7;7;7m▀[0m[38;2;96;99;96m[48;2;165;68;44m▀[0m[38;2;96;99;96m[48;2;165;68;44m▀[0m[38;2;96;99;96m[48;2;96;99;96m▀[0m[38;2;96;99;96m[48;2;96;99;96m▀[0m[38;2;7;7;7m[48;2;96;99;96m▀[0m[38;2;7;7;7m[48;2;66;66;66m▀[0m[38;2;7;7;7m[48;2;66;66;66m▀[0m[38;2;66;66;66m[48;2;7;7;7m▀[0m[38;2;239;247;255m[48;2;7;7;7m▀[0m[38;2;66;66;66m[48;2;66;66;66m▀[0m[38;2;132;142;153m[48;2;132;142;153m▀[0m[38;2;132;142;153m[48;2;132;142;153m▀[0m[38;2;66;66;66m[48;2;66;66;66m▀[0m[38;2;239;247;255m[48;2;223;158;47m▀[0m[38;2;7;7;7m[48;2;223;158;47m▀[0m[38;2;239;247;255m[48;2;223;158;47m▀[0m[38;2;239;247;255m[48;2;7;7;7m▀[0m[38;2;66;66;66m[48;2;7;7;7m▀[0m[38;2;96;99;96m[48;2;7;7;7m▀[0m[38;2;66;66;66m[48;2;7;7;7m▀[0m[38;2;7;7;7m[48;2;96;99;96m▀[0m[38;2;7;7;7m[48;2;96;99;96m▀[0m[38;2;96;99;96m[48;2;96;99;96m▀[0m[38;2;96;99;96m[48;2;96;99;96m▀[0m[38;2;96;99;96m[48;2;96;99;96m▀[0m[38;2;96;99;96m[48;2;165;68;44m▀[0m[38;2;96;99;96m[48;2;165;68;44m▀[0m[38;2;165;68;44m[48;2;7;7;7m▀[0m[38;2;7;7;7m▀     
   [38;2;7;7;7m▀[38;2;7;7;7m▀[38;2;165;68;44m[48;2;7;7;7m▀[0m[38;2;165;68;44m[48;2;7;7;7m▀[0m[38;2;165;68;44m[48;2;66;66;66m▀[0m[38;2;165;68;44m[48;2;66;66;66m▀[0m[38;2;165;68;44m[48;2;66;66;66m▀[0m[38;2;66;66;66m[48;2;165;68;44m▀[0m[38;2;66;66;66m[48;2;165;68;44m▀[0m[38;2;7;7;7m[48;2;165;68;44m▀[0m[38;2;66;66;66m[48;2;66;66;66m▀[0m[38;2;132;142;153m[48;2;66;66;66m▀[0m[38;2;66;66;66m[48;2;66;66;66m▀[0m[38;2;7;7;7m[48;2;165;68;44m▀[0m[38;2;7;7;7m[48;2;165;68;44m▀[0m[38;2;7;7;7m[48;2;165;68;44m▀[0m[38;2;66;66;66m[48;2;165;68;44m▀[0m[38;2;66;66;66m[48;2;165;68;44m▀[0m[38;2;66;66;66m[48;2;165;68;44m▀[0m[38;2;66;66;66m[48;2;165;68;44m▀[0m[38;2;66;66;66m[48;2;165;68;44m▀[0m[38;2;96;99;96m[48;2;165;68;44m▀[0m[38;2;165;68;44m[48;2;7;7;7m▀[0m[38;2;165;68;44m[48;2;7;7;7m▀[0m[38;2;165;68;44m[48;2;7;7;7m▀[0m[38;2;7;7;7m[48;2;66;66;66m▀[0m[38;2;7;7;7m[48;2;66;66;66m▀[0m[38;2;7;7;7m[48;2;66;66;66m▀[0m[38;2;7;7;7m▄     
       [38;2;7;7;7m[48;2;7;7;7m▀[0m[38;2;132;42;57m[48;2;132;42;57m▀[0m[38;2;169;92;26m[48;2;165;68;44m▀[0m[38;2;66;66;66m[48;2;169;92;26m▀[0m[38;2;66;66;66m[48;2;223;158;47m▀[0m[38;2;66;66;66m[48;2;169;92;26m▀[0m[38;2;96;99;96m[48;2;66;66;66m▀[0m[38;2;96;99;96m[48;2;66;66;66m▀[0m[38;2;96;99;96m[48;2;66;66;66m▀[0m[38;2;66;66;66m[48;2;121;129;137m▀[0m[38;2;66;66;66m[48;2;96;99;96m▀[0m[38;2;66;66;66m[48;2;169;92;26m▀[0m[38;2;66;66;66m[48;2;223;158;47m▀[0m[38;2;66;66;66m[48;2;169;92;26m▀[0m[38;2;7;7;7m[48;2;181;74;48m▀[0m[38;2;7;7;7m[48;2;181;74;48m▀[0m[38;2;7;7;7m[48;2;132;42;57m▀[0m[38;2;7;7;7m[48;2;132;42;57m▀[0m[38;2;96;99;96m[48;2;66;66;66m▀[0m[38;2;96;99;96m[48;2;96;99;96m▀[0m[38;2;96;99;96m[48;2;96;99;96m▀[0m[38;2;96;99;96m[48;2;96;99;96m▀[0m[38;2;66;66;66m[48;2;66;66;66m▀[0m[38;2;66;66;66m[48;2;66;66;66m▀[0m[38;2;7;7;7m[48;2;66;66;66m▀[0m[38;2;7;7;7m▄    
      [38;2;7;7;7m[48;2;7;7;7m▀[0m[38;2;96;99;96m[48;2;96;99;96m▀[0m[38;2;66;66;66m[48;2;66;66;66m▀[0m[38;2;165;68;44m[48;2;181;74;48m▀[0m[38;2;169;92;26m[48;2;169;92;26m▀[0m[38;2;255;234;75m[48;2;223;158;47m▀[0m[38;2;169;92;26m[48;2;169;92;26m▀[0m[38;2;96;99;96m[48;2;96;99;96m▀[0m[38;2;121;129;137m[48;2;168;178;188m▀[0m[38;2;121;129;137m[48;2;168;178;188m▀[0m[38;2;96;99;96m[48;2;96;99;96m▀[0m[38;2;169;92;26m[48;2;169;92;26m▀[0m[38;2;255;234;75m[48;2;223;158;47m▀[0m[38;2;169;92;26m[48;2;169;92;26m▀[0m[38;2;165;68;44m[48;2;165;68;44m▀[0m[38;2;165;68;44m[48;2;165;68;44m▀[0m[38;2;181;74;48m[48;2;132;42;57m▀[0m[38;2;181;74;48m[48;2;66;66;66m▀[0m[38;2;132;42;57m[48;2;66;66;66m▀[0m[38;2;66;66;66m[48;2;239;247;255m▀[0m[38;2;66;66;66m[48;2;239;247;255m▀[0m[38;2;96;99;96m[48;2;66;66;66m▀[0m[38;2;96;99;96m[48;2;96;99;96m▀[0m[38;2;96;99;96m[48;2;96;99;96m▀[0m[38;2;66;66;66m[48;2;66;66;66m▀[0m[38;2;66;66;66m[48;2;66;66;66m▀[0m[38;2;7;7;7m[48;2;7;7;7m▀[0m    
    [38;2;7;7;7m▄[38;2;7;7;7m[48;2;239;247;255m▀[0m[38;2;66;66;66m[48;2;132;68;14m▀[0m[38;2;96;99;96m[48;2;132;68;14m▀[0m[38;2;66;66;66m[48;2;96;99;96m▀[0m[38;2;132;42;57m[48;2;66;66;66m▀[0m[38;2;181;74;48m[48;2;132;42;57m▀[0m[38;2;169;92;26m[48;2;169;92;26m▀[0m[38;2;255;234;75m[48;2;255;234;75m▀[0m[38;2;169;92;26m[48;2;169;92;26m▀[0m[38;2;168;178;188m[48;2;121;129;137m▀[0m[38;2;168;178;188m[48;2;121;129;137m▀[0m[38;2;169;92;26m[48;2;169;92;26m▀[0m[38;2;223;158;47m[48;2;255;234;75m▀[0m[38;2;169;92;26m[48;2;169;92;26m▀[0m[38;2;181;74;48m[48;2;181;74;48m▀[0m[38;2;181;74;48m[48;2;132;42;57m▀[0m[38;2;132;42;57m[48;2;66;66;66m▀[0m[38;2;66;66;66m[48;2;66;66;66m▀[0m[38;2;96;99;96m[48;2;96;99;96m▀[0m[38;2;66;66;66m[48;2;96;99;96m▀[0m[38;2;168;178;188m[48;2;66;66;66m▀[0m[38;2;239;247;255m[48;2;168;178;188m▀[0m[38;2;168;178;188m[48;2;168;178;188m▀[0m[38;2;66;66;66m[48;2;66;66;66m▀[0m[38;2;96;99;96m[48;2;96;99;96m▀[0m[38;2;66;66;66m[48;2;66;66;66m▀[0m[38;2;66;66;66m[48;2;66;66;66m▀[0m[38;2;7;7;7m[48;2;7;7;7m▀[0m    
   [38;2;7;7;7m▄[38;2;7;7;7m[48;2;168;178;188m▀[0m[38;2;168;178;188m[48;2;132;68;14m▀[0m[38;2;132;68;14m[48;2;223;158;47m▀[0m[38;2;223;158;47m[48;2;132;68;14m▀[0m[38;2;132;68;14m[48;2;223;158;47m▀[0m[38;2;132;68;14m[48;2;223;158;47m▀[0m[38;2;132;68;14m[48;2;223;158;47m▀[0m[38;2;132;68;14m[48;2;223;158;47m▀[0m[38;2;223;158;47m[48;2;132;68;14m▀[0m[38;2;169;92;26m[48;2;168;178;188m▀[0m[38;2;96;99;96m[48;2;239;247;255m▀[0m[38;2;96;99;96m[48;2;168;178;188m▀[0m[38;2;169;92;26m[48;2;169;92;26m▀[0m[38;2;255;234;75m[48;2;223;158;47m▀[0m[38;2;169;92;26m[48;2;169;92;26m▀[0m[38;2;181;74;48m[48;2;132;68;14m▀[0m[38;2;66;66;66m[48;2;132;68;14m▀[0m[38;2;96;99;96m[48;2;132;68;14m▀[0m[38;2;96;99;96m[48;2;132;68;14m▀[0m[38;2;66;66;66m[48;2;96;99;96m▀[0m[38;2;96;99;96m[48;2;96;99;96m▀[0m[38;2;7;7;7m[48;2;7;7;7m▀[0m[38;2;66;66;66m[48;2;239;247;255m▀[0m[38;2;66;66;66m[48;2;239;247;255m▀[0m[38;2;96;99;96m[48;2;7;7;7m▀[0m[38;2;66;66;66m[48;2;66;66;66m▀[0m[38;2;66;66;66m[48;2;66;66;66m▀[0m[38;2;66;66;66m[48;2;7;7;7m▀[0m[38;2;7;7;7m▀    
   [38;2;7;7;7m▀[38;2;168;178;188m[48;2;7;7;7m▀[0m[38;2;239;247;255m[48;2;168;178;188m▀[0m[38;2;132;68;14m[48;2;239;247;255m▀[0m[38;2;223;158;47m[48;2;132;68;14m▀[0m[38;2;223;158;47m[48;2;223;158;47m▀[0m[38;2;169;92;26m[48;2;223;158;47m▀[0m[38;2;223;158;47m[48;2;169;92;26m▀[0m[38;2;255;234;75m[48;2;255;234;75m▀[0m[38;2;255;234;75m[48;2;255;234;75m▀[0m[38;2;169;92;26m[48;2;169;92;26m▀[0m[38;2;66;66;66m[48;2;121;129;137m▀[0m[38;2;66;66;66m[48;2;66;66;66m▀[0m[38;2;66;66;66m[48;2;181;74;48m▀[0m[38;2;66;66;66m[48;2;132;68;14m▀[0m[38;2;132;68;14m[48;2;223;158;47m▀[0m[38;2;223;158;47m[48;2;223;158;47m▀[0m[38;2;223;158;47m[48;2;223;158;47m▀[0m[38;2;223;158;47m[48;2;169;92;26m▀[0m[38;2;223;158;47m[48;2;223;158;47m▀[0m[38;2;132;68;14m[48;2;223;158;47m▀[0m[38;2;96;99;96m[48;2;132;68;14m▀[0m[38;2;7;7;7m[48;2;7;7;7m▀[0m[38;2;7;7;7m[48;2;239;247;255m▀[0m[38;2;239;247;255m[48;2;168;178;188m▀[0m[38;2;239;247;255m[48;2;168;178;188m▀[0m[38;2;7;7;7m[48;2;7;7;7m▀[0m[38;2;66;66;66m[48;2;7;7;7m▀[0m[38;2;7;7;7m▀     
     [38;2;7;7;7m▀[38;2;7;7;7m[48;2;7;7;7m▀[0m[38;2;223;158;47m[48;2;7;7;7m▀[0m[38;2;132;68;14m[48;2;7;7;7m▀[0m[38;2;132;68;14m[48;2;168;178;188m▀[0m[38;2;132;68;14m[48;2;168;178;188m▀[0m[38;2;255;234;75m[48;2;132;68;14m▀[0m[38;2;255;234;75m[48;2;169;92;26m▀[0m[38;2;169;92;26m[48;2;66;66;66m▀[0m[38;2;121;129;137m[48;2;7;7;7m▀[0m[38;2;66;66;66m[48;2;7;7;7m▀[0m[38;2;181;74;48m[48;2;7;7;7m▀[0m[38;2;169;92;26m[48;2;169;92;26m▀[0m[38;2;255;234;75m[48;2;255;234;75m▀[0m[38;2;223;158;47m[48;2;255;234;75m▀[0m[38;2;169;92;26m[48;2;132;68;14m▀[0m[38;2;223;158;47m[48;2;132;68;14m▀[0m[38;2;169;92;26m[48;2;132;68;14m▀[0m[38;2;132;68;14m[48;2;223;158;47m▀[0m[38;2;223;158;47m[48;2;132;68;14m▀[0m[38;2;7;7;7m[48;2;66;66;66m▀[0m[38;2;168;178;188m[48;2;7;7;7m▀[0m[38;2;7;7;7m[48;2;66;66;66m▀[0m[38;2;7;7;7m[48;2;66;66;66m▀[0m[38;2;66;66;66m[48;2;7;7;7m▀[0m[38;2;7;7;7m[48;2;66;66;66m▀[0m[38;2;7;7;7m[48;2;66;66;66m▀[0m[38;2;7;7;7m[48;2;66;66;66m▀[0m[38;2;7;7;7m▄[38;2;7;7;7m▄[38;2;7;7;7m[48;2;66;66;66m▀[0m[38;2;7;7;7m[48;2;7;7;7m▀[0m
        [38;2;7;7;7m▄[38;2;7;7;7m[48;2;96;99;96m▀[0m[38;2;96;99;96m[48;2;168;178;188m▀[0m[38;2;168;178;188m[48;2;168;178;188m▀[0m[38;2;168;178;188m[48;2;168;178;188m▀[0m[38;2;96;99;96m[48;2;7;7;7m▀[0m[38;2;66;66;66m[48;2;66;66;66m▀[0m[38;2;66;66;66m[48;2;66;66;66m▀[0m[38;2;66;66;66m[48;2;66;66;66m▀[0m[38;2;66;66;66m[48;2;66;66;66m▀[0m[38;2;169;92;26m[48;2;7;7;7m▀[0m[38;2;169;92;26m[48;2;239;247;255m▀[0m[38;2;168;178;188m[48;2;66;66;66m▀[0m[38;2;168;178;188m[48;2;239;247;255m▀[0m[38;2;7;7;7m[48;2;239;247;255m▀[0m[38;2;132;68;14m[48;2;7;7;7m▀[0m[38;2;132;68;14m[48;2;66;66;66m▀[0m[38;2;66;66;66m[48;2;66;66;66m▀[0m[38;2;66;66;66m[48;2;7;7;7m▀[0m[38;2;66;66;66m[48;2;7;7;7m▀[0m[38;2;7;7;7m[48;2;66;66;66m▀[0m[38;2;66;66;66m[48;2;7;7;7m▀[0m[38;2;66;66;66m[48;2;7;7;7m▀[0m[38;2;66;66;66m[48;2;66;66;66m▀[0m[38;2;66;66;66m[48;2;66;66;66m▀[0m[38;2;66;66;66m[48;2;7;7;7m▀[0m[38;2;66;66;66m[48;2;7;7;7m▀[0m[38;2;7;7;7m▀ 
         [38;2;7;7;7m▀[38;2;7;7;7m▀[38;2;7;7;7m▀[38;2;7;7;7m▀ [38;2;7;7;7m▀[38;2;7;7;7m▀[38;2;7;7;7m▀[38;2;7;7;7m▀[38;2;239;247;255m[48;2;7;7;7m▀[0m[38;2;66;66;66m[48;2;7;7;7m▀[0m[38;2;239;247;255m[48;2;7;7;7m▀[0m[38;2;239;247;255m[48;2;7;7;7m▀[0m[38;2;66;66;66m[48;2;7;7;7m▀[0m[38;2;7;7;7m▀[38;2;7;7;7m▀[38;2;7;7;7m▀ [38;2;7;7;7m▀[38;2;7;7;7m▀  [38;2;7;7;7m▀[38;2;7;7;7m▀    
[0m