
[38;2;0;0;0m      [38;2;46;37;34m  [38;2;32;27;26m  [38;2;0;0;0m                                                      
[38;2;0;0;0m    [38;2;143;117;108m██[38;2;192;154;145m██[38;2;59;53;48m██[38;2;0;0;0m                                                      
[38;2;0;0;0m  [38;2;86;76;74m██[38;2;111;92;87m██[38;2;100;72;67m██[38;2;108;82;79m  [38;2;48;37;34m██[38;2;33;26;24m██[38;2;0;0;0m        [38;2;8;5;2m  [38;2;27;17;8m  [38;2;0;0;0m    [38;2;17;11;5m    [38;2;0;0;0m                              
[38;2;0;0;0m  [38;2;164;132;124m██[38;2;142;115;107m██[38;2;1;2;2m  [38;2;46;37;37m██[38;2;134;94;89m██[38;2;83;58;54m██[38;2;0;0;0m        [38;2;27;18;8m██[38;2;91;59;29m██[38;2;0;0;0m    [38;2;204;125;70m██[38;2;59;38;19m██[38;2;0;0;0m                              
[38;2;0;0;0m    [38;2;178;148;139m██[38;2;25;20;19m██[38;2;0;0;0m  [38;2;125;103;94m██[38;2;104;79;78m██[38;2;70;58;53m██[38;2;11;10;10m  [38;2;203;106;88m██[38;2;0;0;1m  [38;2;27;18;8m██[38;2;138;83;49m██[38;2;0;0;0m  [38;2;51;26;21m  [38;2;183;112;62m██[38;2;0;0;0m  [38;2;25;16;8m  [38;2;154;100;49m██[38;2;0;0;0m                  [38;2;46;32;30m██[38;2;47;32;30m██[38;2;0;0;0m    
[38;2;0;0;0m    [38;2;161;135;128m██[38;2;27;21;19m██[38;2;0;0;0m    [38;2;68;47;45m██[38;2;149;104;99m██[38;2;92;71;70m██[38;2;153;85;72m██[38;2;77;42;36m  [38;2;78;67;59m██[38;2;228;130;87m██[38;2;20;13;13m██[38;2;210;135;80m██[38;2;181;103;81m██[38;2;13;13;13m  [38;2;229;149;73m██[38;2;43;28;14m██[38;2;0;0;0m              [38;2;172;135;123m██[38;2;117;85;79m██[38;2;128;90;85m██[38;2;76;69;69m██[38;2;95;63;61m  [38;2;0;0;0m  
[38;2;0;0;0m    [38;2;57;45;42m██[38;2;181;148;138m██[38;2;0;0;0m    [38;2;57;45;43m  [38;2;111;87;84m██[38;2;152;158;158m██[38;2;72;67;67m██[38;2;187;102;89m██[38;2;224;135;83m██[38;2;252;165;79m██[38;2;194;120;86m██[38;2;245;158;82m██[38;2;134;92;82m██[38;2;223;140;79m██[38;2;129;89;50m██[38;2;0;0;1m  [38;2;29;14;12m  [38;2;127;64;53m██[38;2;0;0;0m      [38;2;77;64;58m██[38;2;76;56;53m██[38;2;132;91;85m██[38;2;86;61;57m██[38;2;114;83;78m██[38;2;177;148;137m██[38;2;159;128;120m██[38;2;20;16;15m  
[38;2;0;0;0m    [38;2;65;53;49m██[38;2;141;120;114m██[38;2;44;33;26m  [38;2;0;0;1m  [38;2;0;0;0m  [38;2;6;5;5m  [38;2;189;199;197m██[38;2;69;69;67m██[38;2;146;91;92m██[38;2;211;132;85m██[38;2;231;134;86m██[38;2;255;158;81m██[38;2;253;163;80m██[38;2;242;158;80m██[38;2;253;164;81m██[38;2;98;98;97m██[38;2;35;30;30m  [38;2;94;76;72m██[38;2;2;1;0m  [38;2;0;0;0m    [38;2;28;28;28m  [38;2;146;102;96m██[38;2;103;80;77m██[38;2;12;8;8m  [38;2;0;0;0m  [38;2;34;28;26m██[38;2;206;170;156m██[38;2;115;78;76m██[38;2;5;4;4m  
[38;2;0;0;0m    [38;2;39;32;29m  [38;2;145;106;75m██[38;2;249;165;80m██[38;2;118;111;105m██[38;2;71;50;31m██[38;2;200;189;171m██[38;2;125;129;129m██[38;2;206;110;129m██[38;2;162;112;62m██[38;2;253;163;80m██[38;2;253;165;80m██[38;2;204;135;77m██[38;2;165;117;73m██[38;2;174;123;73m██[38;2;91;78;68m██[38;2;189;199;197m██[38;2;204;194;189m██[38;2;79;57;53m██[38;2;9;9;10m  [38;2;24;16;15m  [38;2;172;129;119m██[38;2;124;92;87m██[38;2;81;55;52m██[38;2;54;42;40m  [38;2;11;7;7m  [38;2;77;60;58m██[38;2;195;161;149m██[38;2;107;92;88m██[38;2;0;0;0m    
[38;2;0;0;0m      [38;2;219;142;70m██[38;2;252;165;79m██[38;2;254;170;91m██[38;2;235;215;195m██[38;2;77;73;71m██[38;2;125;129;129m██[38;2;226;127;148m██[38;2;177;115;66m██[38;2;252;165;79m████[38;2;78;55;37m██[38;2;175;92;117m██[38;2;243;126;159m████[38;2;107;110;110m██[38;2;189;199;198m██[38;2;144;139;137m██[38;2;187;100;80m██[38;2;57;39;37m██[38;2;139;94;89m██[38;2;106;87;80m██[38;2;0;0;0m    [38;2;124;105;101m██[38;2;177;146;136m██[38;2;178;148;135m██[38;2;6;9;5m██[38;2;0;0;0m    
[38;2;0;0;0m      [38;2;183;93;77m██[38;2;243;150;84m██[38;2;255;166;81m██[38;2;255;232;211m██[38;2;255;167;84m██[38;2;163;162;163m██[38;2;152;152;152m██[38;2;161;133;107m██[38;2;248;162;81m██[38;2;113;90;75m██[38;2;156;98;109m██[38;2;135;106;114m██[38;2;134;113;120m██[38;2;79;79;80m██[38;2;132;137;137m██[38;2;147;129;111m██[38;2;143;116;90m██[38;2;152;111;73m██[38;2;140;97;72m██[38;2;106;80;78m██[38;2;16;15;15m  [38;2;66;44;43m██[38;2;181;148;138m██[38;2;198;163;150m██[38;2;89;66;62m██[38;2;0;0;0m        
[38;2;0;0;0m      [38;2;3;1;1m  [38;2;141;97;72m██[38;2;217;115;89m██[38;2;255;166;83m██[38;2;255;166;82m██[38;2;163;162;163m██[38;2;255;255;255m██[38;2;252;252;252m██[38;2;89;87;86m██[38;2;251;251;251m██[38;2;186;194;194m████[38;2;161;166;166m██[38;2;208;208;208m██[38;2;251;225;200m██[38;2;217;119;88m██[38;2;253;165;81m██[38;2;252;165;79m██[38;2;251;164;79m██[38;2;212;110;88m██[38;2;155;143;139m██[38;2;201;168;157m██[38;2;205;169;164m██[38;2;3;3;2m  [38;2;0;0;0m          
[38;2;0;0;0m    [38;2;33;27;25m  [38;2;103;80;78m██[38;2;113;70;53m██[38;2;140;87;77m██[38;2;223;122;88m██[38;2;141;88;78m██[38;2;176;179;180m██[38;2;255;255;255m██[38;2;235;238;238m██[38;2;225;229;229m██[38;2;255;255;255m██████[38;2;130;120;118m██[38;2;228;181;147m██[38;2;248;157;83m██[38;2;250;160;81m██[38;2;253;165;80m██████[38;2;233;138;84m██[38;2;147;116;91m██[38;2;132;116;111m██[38;2;15;14;15m  [38;2;0;0;0m            
[38;2;0;0;0m    [38;2;69;57;52m██[38;2;146;102;97m██[38;2;0;0;0m  [38;2;59;58;59m  [38;2;212;108;89m██[38;2;70;68;68m██[38;2;186;194;194m██[38;2;189;197;197m██[38;2;190;198;198m██[38;2;186;194;194m██[38;2;189;197;197m██[38;2;253;253;253m██[38;2;208;207;208m██[38;2;103;76;71m██[38;2;214;112;89m██[38;2;226;128;87m██[38;2;252;165;79m██[38;2;252;164;80m██[38;2;219;117;89m██[38;2;231;134;86m██[38;2;252;164;79m██[38;2;233;138;84m██[38;2;214;109;89m██[38;2;97;50;41m██[38;2;0;0;0m            
[38;2;0;0;0m    [38;2;158;120;110m██[38;2;19;13;12m██[38;2;0;0;0m    [38;2;83;56;52m██[38;2;187;196;195m██[38;2;132;137;137m██[38;2;226;229;229m██[38;2;255;255;255m██[38;2;163;163;163m██[38;2;122;126;126m██[38;2;177;186;185m██[38;2;138;100;93m██[38;2;222;122;87m██[38;2;252;165;79m██████[38;2;238;145;82m██[38;2;250;159;82m██[38;2;224;125;87m██[38;2;250;162;79m██[38;2;253;165;80m██[38;2;213;110;90m██[38;2;133;84;76m██[38;2;73;50;47m██[38;2;28;19;18m  [38;2;0;0;0m        
[38;2;0;0;0m  [38;2;9;7;7m  [38;2;92;70;65m██[38;2;0;0;0m        [38;2;186;195;194m██[38;2;223;226;226m██[38;2;255;255;255m████████[38;2;110;96;77m██[38;2;224;152;127m██[38;2;254;165;81m██[38;2;251;165;79m██[38;2;252;164;79m██[38;2;254;165;81m██[38;2;253;163;82m██[38;2;220;119;88m██[38;2;232;136;86m██[38;2;255;166;81m██[38;2;233;137;86m██[38;2;213;110;89m██[38;2;91;46;38m  [38;2;71;53;49m██[38;2;57;40;37m██[38;2;0;0;0m        
[38;2;0;0;0m  [38;2;132;96;90m██[38;2;92;66;61m██[38;2;0;0;0m        [38;2;78;82;81m  [38;2;203;210;210m██[38;2;255;255;255m████████[38;2;138;136;128m██[38;2;174;113;89m██[38;2;254;160;84m██[38;2;252;165;79m██[38;2;228;145;82m██[38;2;254;160;82m██[38;2;183;113;76m██[38;2;198;144;104m██[38;2;231;132;86m██[38;2;231;134;86m██[38;2;214;110;89m██[38;2;210;108;88m██[38;2;0;0;0m  [38;2;4;6;6m  [38;2;88;69;66m██[38;2;0;0;0m        
[38;2;50;42;39m██[38;2;142;103;96m██[38;2;9;5;5m  [38;2;0;0;0m          [38;2;97;102;102m██[38;2;198;205;205m██[38;2;255;255;255m████[38;2;250;251;251m██[38;2;189;199;198m██[38;2;108;98;110m██[38;2;206;130;83m██[38;2;248;159;80m██[38;2;163;102;81m██[38;2;210;133;79m██[38;2;126;107;106m██[38;2;86;72;68m██[38;2;133;88;80m██[38;2;199;106;87m██[38;2;199;105;87m██[38;2;72;68;69m██[38;2;66;45;43m██[38;2;0;0;0m  [38;2;75;58;54m  [38;2;167;127;118m██[38;2;4;3;2m  [38;2;0;0;0m    
[38;2;6;6;6m  [38;2;132;79;71m██[38;2;36;26;26m  [38;2;0;0;0m          [38;2;37;38;38m  [38;2;253;253;253m██[38;2;237;239;239m██[38;2;214;219;219m██[38;2;198;204;204m██[38;2;175;184;183m██[38;2;164;116;93m██[38;2;198;118;85m██[38;2;214;111;89m██[38;2;213;111;89m██[38;2;91;72;70m██[38;2;144;150;150m██[38;2;133;138;138m██[38;2;172;124;110m██[38;2;142;145;144m██[38;2;109;107;108m██[38;2;178;143;132m██[38;2;73;58;53m██[38;2;0;0;0m  [38;2;0;4;4m  [38;2;144;81;69m██[38;2;17;11;11m  [38;2;0;0;0m    
[38;2;0;0;0m  [38;2;146;74;61m  [38;2;0;0;0m            [38;2;13;14;14m  [38;2;189;197;197m██[38;2;179;187;186m██[38;2;189;198;197m██[38;2;189;197;197m██[38;2;94;99;99m██[38;2;198;127;113m██[38;2;100;75;71m██[38;2;214;111;89m██[38;2;170;95;82m██[38;2;167;175;175m██[38;2;110;113;113m██[38;2;208;130;115m██[38;2;177;187;186m██[38;2;7;8;7m  [38;2;0;0;0m  [38;2;254;229;220m██[38;2;170;129;120m██[38;2;0;0;0m    [38;2;158;80;66m  [38;2;0;0;0m      
[38;2;0;0;0m                [38;2;97;102;102m██[38;2;189;196;196m██[38;2;164;171;171m██[38;2;116;120;120m██[38;2;189;198;197m██[38;2;53;56;55m  [38;2;51;26;21m  [38;2;67;42;38m██[38;2;214;109;89m██[38;2;199;105;87m██[38;2;117;107;105m██[38;2;37;38;38m██[38;2;175;184;183m██[38;2;37;39;38m  [38;2;0;0;0m    [38;2;88;79;76m██[38;2;169;130;122m██[38;2;0;0;0m            
[38;2;0;0;0m                  [38;2;189;197;197m██[38;2;169;177;177m██[38;2;138;145;144m  [38;2;0;0;0m        [38;2;134;68;56m  [38;2;186;96;78m██[38;2;68;35;28m██[38;2;0;0;0m          [38;2;3;3;3m██[38;2;222;197;186m██[38;2;34;28;27m  [38;2;0;0;0m          
[38;2;0;0;0m                  [38;2;56;59;59m██[38;2;23;25;25m  [38;2;0;0;0m            [38;2;19;9;8m  [38;2;64;32;26m██[38;2;0;0;0m          [38;2;145;120;110m██[38;2;152;138;133m██[38;2;100;87;81m██[38;2;0;1;0m  [38;2;0;0;0m        
[38;2;0;0;0m                                                  [38;2;153;96;64m██[38;2;153;78;64m  [38;2;0;0;0m          
[38;2;0;0;0m                                                  [38;2;136;88;47m██[38;2;0;0;0m            [0m
