
[38;2;0;0;0m            [38;2;16;32;43m██[38;2;5;10;14m  [38;2;0;0;0m                        
[38;2;0;0;0m            [38;2;75;146;194m██[38;2;19;38;50m██[38;2;0;0;0m    [38;2;16;29;34m  [38;2;92;158;191m██[38;2;0;0;0m                
[38;2;0;0;0m            [38;2;80;152;203m██[38;2;73;110;137m██[38;2;29;55;74m██[38;2;7;13;18m  [38;2;48;71;81m██[38;2;120;211;255m██[38;2;15;17;17m  [38;2;0;0;0m  [38;2;11;16;18m  [38;2;29;55;74m██[38;2;0;0;0m        
[38;2;0;0;0m            [38;2;26;48;65m██[38;2;81;153;205m██[38;2;51;57;62m██[38;2;57;107;144m██[38;2;79;100;112m██[38;2;117;210;255m██[38;2;87;148;181m██[38;2;18;34;46m  [38;2;67;121;159m██[38;2;16;26;34m██[38;2;0;0;0m        
[38;2;0;0;0m            [38;2;20;38;51m██[38;2;81;153;205m██[38;2;0;0;0m    [38;2;123;210;255m██[38;2;57;78;90m██[38;2;11;20;27m  [38;2;44;83;111m██[38;2;26;26;26m  [38;2;0;0;0m          
[38;2;0;0;0m            [38;2;20;36;42m██[38;2;112;193;233m██[38;2;92;157;191m████[38;2;123;210;255m██[38;2;30;52;63m██[38;2;0;0;0m                
[38;2;0;0;0m            [38;2;87;141;168m██[38;2;166;226;254m██[38;2;166;225;254m██[38;2;129;212;255m██[38;2;123;210;255m████[38;2;50;85;104m  [38;2;0;0;0m  [38;2;16;28;34m  ██[38;2;0;0;0m        
[38;2;0;0;0m          [38;2;92;157;191m██[38;2;123;210;255m██[38;2;156;222;254m████[38;2;122;210;255m██[38;2;123;210;255m██[38;2;118;203;248m██[38;2;77;141;192m██[38;2;122;210;255m██[38;2;123;210;255m██[38;2;39;67;81m██[38;2;2;3;4m  [38;2;7;13;18m██[38;2;0;0;0m    
[38;2;0;0;0m        [38;2;13;21;28m  [38;2;105;176;219m██[38;2;123;210;255m██[38;2;101;171;223m██[38;2;113;186;224m██[38;2;86;117;134m██[38;2;186;231;255m██[38;2;73;134;186m██[38;2;123;210;255m██[38;2;123;209;255m██[38;2;113;186;224m██[38;2;77;121;143m██[38;2;62;106;131m██[38;2;73;110;138m██[38;2;31;30;31m  [38;2;0;0;0m  
[38;2;0;0;0m    [38;2;5;9;11m  [38;2;22;38;46m██[38;2;123;210;255m██[38;2;122;210;255m██[38;2;113;193;241m██[38;2;108;174;212m██[38;2;66;24;23m██[38;2;184;92;110m██[38;2;174;203;224m██[38;2;108;188;236m██[38;2;111;192;235m██[38;2;25;42;52m  [38;2;13;13;13m  [38;2;74;127;167m██[38;2;65;68;71m██[38;2;68;80;90m██[38;2;67;125;167m██[38;2;16;31;41m  
[38;2;25;39;46m  [38;2;101;158;185m██[38;2;105;166;190m██[38;2;125;209;251m██[38;2;122;209;255m██[38;2;99;178;225m██[38;2;91;168;216m██[38;2;77;139;182m██[38;2;73;117;155m██[38;2;82;134;184m██[38;2;109;188;235m██[38;2;102;177;224m██[38;2;75;129;167m██[38;2;14;14;14m  [38;2;13;14;14m  [38;2;75;128;168m██[38;2;75;118;150m██[38;2;34;53;67m██[38;2;0;0;0m    
[38;2;10;19;29m  [38;2;97;161;202m██[38;2;125;197;232m██[38;2;62;122;160m██[38;2;57;111;145m██[38;2;74;142;187m██[38;2;74;142;188m██[38;2;66;94;114m██[38;2;71;98;118m██[38;2;75;128;164m██[38;2;77;150;197m██[38;2;62;118;159m██[38;2;43;43;44m  [38;2;221;221;229m██[38;2;204;206;216m██[38;2;78;79;82m██[38;2;85;89;92m██[38;2;11;12;13m  [38;2;0;0;0m    
[38;2;0;0;0m  [38;2;7;14;22m  [38;2;14;27;37m██[38;2;3;6;9m  [38;2;0;0;0m  [38;2;11;20;27m      [38;2;27;36;44m██[38;2;75;118;150m██[38;2;77;152;200m██[38;2;18;36;48m██[38;2;0;0;0m  [38;2;32;32;33m  [38;2;96;95;97m██[38;2;148;159;165m██[38;2;159;172;180m██[38;2;43;46;49m██[38;2;0;0;0m    
[38;2;0;0;0m                [38;2;11;20;24m  [38;2;72;130;153m██[38;2;79;152;202m██[38;2;92;165;202m██[38;2;39;66;79m██[38;2;67;121;159m██[38;2;92;96;97m██[38;2;168;184;189m██[38;2;171;183;186m██[38;2;30;32;32m  [38;2;0;0;0m    
[38;2;0;0;0m                [38;2;30;52;63m██[38;2;120;205;249m██[38;2;119;204;250m██[38;2;122;208;253m██[38;2;121;206;250m██[38;2;78;103;117m██[38;2;95;97;99m██[38;2;165;201;215m██[38;2;51;57;64m██[38;2;0;0;0m      
[38;2;0;0;0m                [38;2;146;166;152m██[38;2;184;150;82m██[38;2;128;180;196m██[38;2;123;210;255m████[38;2;100;177;223m██[38;2;66;74;80m██[38;2;69;104;132m██[38;2;61;84;98m██[38;2;39;73;97m██[38;2;0;0;0m    
[38;2;0;0;0m                [38;2;149;128;81m██[38;2;156;135;78m██[38;2;139;124;84m██[38;2;127;188;212m██[38;2;56;109;163m██[38;2;73;138;186m██[38;2;77;130;170m██[38;2;16;16;16m██[38;2;0;0;0m        
[38;2;0;0;0m                [38;2;49;40;19m██[38;2;196;160;76m██[38;2;187;152;77m██[38;2;120;132;126m██[38;2;78;148;199m██[38;2;76;149;197m██[38;2;61;114;155m██[38;2;11;20;28m  [38;2;0;0;0m        
[38;2;0;0;0m                    [38;2;173;159;83m██[38;2;131;146;119m██[38;2;83;83;69m██[38;2;88;132;155m██[38;2;79;152;202m██[38;2;19;38;50m██[38;2;0;0;0m        
[38;2;0;0;0m                    [38;2;5;6;8m  [38;2;86;125;138m██[38;2;128;212;248m██[38;2;68;97;120m██[38;2;67;128;171m██[38;2;7;13;18m  [38;2;0;0;0m        
[38;2;0;0;0m                      [38;2;75;128;156m  [38;2;104;178;222m██[38;2;82;146;186m██[38;2;50;93;125m  [38;2;0;0;0m          
[38;2;0;0;0m                        [38;2;22;41;55m████[38;2;0;0;0m            [0m
