
[38;2;0;0;0m            [38;2;19;49;68m██[38;2;0;0;0m                                              
[38;2;0;0;0m            [38;2;73;182;255m██[38;2;59;147;205m██[38;2;0;0;0m      [38;2;13;22;27m  [38;2;99;170;205m██[38;2;79;160;205m██[38;2;21;42;54m  [38;2;0;0;0m                              
[38;2;0;0;0m            [38;2;56;106;142m██[38;2;71;141;189m██[38;2;85;115;131m██[38;2;42;73;88m██[38;2;32;54;70m██[38;2;85;184;255m██[38;2;117;206;255m██[38;2;119;208;254m  [38;2;82;186;255m██[38;2;18;46;64m  [38;2;0;0;0m                            
[38;2;0;0;0m        [38;2;65;161;225m██[38;2;4;10;15m  [38;2;54;90;108m██[38;2;116;194;233m██[38;2;122;210;255m██[38;2;92;188;249m██[38;2;72;156;214m██[38;2;74;182;255m██[38;2;72;145;196m██[38;2;72;138;184m██[38;2;73;182;255m██[38;2;54;133;186m██[38;2;0;0;0m                            
[38;2;0;0;0m        [38;2;51;102;139m██[38;2;78;178;247m██[38;2;65;144;200m██[38;2;102;198;255m██[38;2;87;189;255m██[38;2;83;186;255m██[38;2;77;183;255m██[38;2;72;170;236m██[38;2;71;151;209m██[38;2;72;174;243m██[38;2;75;170;237m██[38;2;48;113;158m██[38;2;0;0;0m                            
[38;2;0;0;0m        [38;2;1;1;2m  [38;2;69;170;238m██[38;2;73;182;255m██████████[38;2;72;166;229m██[38;2;68;103;131m██[38;2;73;182;255m██[38;2;62;136;190m██[38;2;7;3;4m  [38;2;0;0;0m                            
[38;2;0;0;0m          [38;2;30;60;79m  [38;2;87;188;255m██[38;2;73;182;255m██[38;2;69;149;205m██[38;2;73;178;248m██[38;2;101;139;155m██[38;2;87;127;147m██[38;2;71;142;191m██[38;2;29;72;101m██[38;2;0;0;0m                                
[38;2;0;0;0m        [38;2;1;3;3m  [38;2;115;197;238m██[38;2;100;197;255m██[38;2;73;182;255m██[38;2;69;151;208m██[38;2;170;236;241m██[38;2;196;212;193m██[38;2;218;232;214m██[38;2;73;180;252m██[38;2;52;93;124m██[38;2;0;0;0m      [38;2;66;65;68m██[38;2;198;195;206m██[38;2;118;116;123m██[38;2;0;0;0m                    
[38;2;0;0;0m        [38;2;49;84;102m██[38;2;123;211;255m██[38;2;84;188;255m██[38;2;73;182;255m██[38;2;69;131;174m██[38;2;48;107;147m██[38;2;165;209;217m██[38;2;71;173;243m██[38;2;69;115;147m██[38;2;65;96;116m██[38;2;0;0;0m      [38;2;91;90;94m██[38;2;198;195;206m██[38;2;137;137;141m██[38;2;4;4;4m  [38;2;0;0;0m                  
[38;2;0;0;0m        [38;2;46;83;102m██[38;2;76;183;255m██[38;2;73;177;248m██[38;2;73;182;255m██[38;2;77;175;241m██[38;2;65;161;219m██[38;2;74;110;131m██[38;2;92;89;84m██[38;2;113;129;135m██[38;2;19;24;27m██[38;2;105;117;115m██[38;2;12;13;12m██[38;2;159;157;166m██[38;2;154;152;159m██[38;2;177;175;184m██[38;2;153;155;156m██[38;2;72;76;72m██[38;2;22;22;23m██[38;2;0;0;0m                
[38;2;0;0;0m        [38;2;10;25;35m  [38;2;70;174;243m██[38;2;49;114;158m██[38;2;25;63;88m██[38;2;98;116;125m██[38;2;146;131;109m██[38;2;171;152;122m██[38;2;189;166;131m██[38;2;106;133;148m██[38;2;41;42;41m██[38;2;70;74;70m██[38;2;130;135;132m██[38;2;188;186;196m██[38;2;181;174;186m  [38;2;138;140;140m██[38;2;159;158;163m██[38;2;169;170;174m██[38;2;189;187;196m██[38;2;0;0;0m██              
[38;2;0;0;0m                [38;2;28;28;28m  [38;2;96;89;82m██[38;2;189;166;131m██[38;2;189;166;132m██[38;2;106;133;148m██[38;2;77;78;77m██[38;2;152;152;154m██[38;2;162;161;166m██[38;2;179;178;185m██[38;2;183;182;190m  ██[38;2;192;190;200m██[38;2;197;194;205m██[38;2;169;170;174m██[38;2;33;32;33m██[38;2;0;0;0m              
[38;2;0;0;0m                  [38;2;228;210;165m██[38;2;189;166;131m██[38;2;177;161;134m██[38;2;77;96;109m██[38;2;69;68;69m██[38;2;111;117;111m██[38;2;177;177;183m████████[38;2;136;141;137m██[38;2;142;147;144m██[38;2;123;124;125m██[38;2;91;93;91m██[38;2;0;0;0m              
[38;2;0;0;0m                  [38;2;244;227;178m██[38;2;195;172;137m██[38;2;172;159;135m██[38;2;66;82;96m██[38;2;110;116;110m██[38;2;137;142;139m██[38;2;143;147;145m██████[38;2;157;159;160m██[38;2;177;177;183m██[38;2;160;162;164m██[38;2;126;126;126m██[38;2;107;112;107m██[38;2;60;61;59m██[38;2;32;53;53m██[38;2;28;53;53m██[38;2;0;0;0m        
[38;2;0;0;0m                [38;2;81;71;56m  [38;2;246;230;181m██[38;2;240;223;175m██[38;2;214;211;180m██[38;2;68;99;122m██[38;2;114;120;114m██[38;2;133;139;134m██[38;2;137;142;138m████[38;2;150;154;153m██[38;2;182;181;189m██[38;2;183;182;190m██[38;2;164;165;168m██[38;2;150;149;154m██[38;2;112;117;112m██[38;2;91;89;87m██[38;2;103;144;144m██[38;2;119;143;137m██[38;2;86;160;159m████[38;2;0;0;0m    
[38;2;0;0;0m  [38;2;70;70;70m  [38;2;0;0;0m      [38;2;34;64;63m  [38;2;37;68;68m████[38;2;141;132;110m██[38;2;247;231;181m████[38;2;223;224;190m██[38;2;70;130;172m██[38;2;161;159;167m██[38;2;162;163;166m██[38;2;172;172;177m██[38;2;179;178;185m██[38;2;170;171;175m██[38;2;148;152;151m██[38;2;143;146;146m██[38;2;107;108;109m██[38;2;102;101;104m████[38;2;113;116;114m██[38;2;43;49;47m  [38;2;92;152;152m██[38;2;117;154;149m██[38;2;124;145;143m██[38;2;63;70;70m  [38;2;0;0;0m  
[38;2;54;62;60m  [38;2;192;246;243m██[38;2;111;148;145m  [38;2;83;152;151m  [38;2;94;176;176m██[38;2;119;140;134m██[38;2;121;137;131m████[38;2;162;153;126m██[38;2;246;230;181m██[38;2;246;230;180m██[38;2;223;224;190m██[38;2;73;181;255m██[38;2;74;150;202m██[38;2;81;79;82m██[38;2;151;184;212m██[38;2;143;147;145m██[38;2;198;195;206m██[38;2;176;175;182m██[38;2;186;184;193m██[38;2;169;169;175m██[38;2;114;125;126m██[38;2;172;173;173m██[38;2;66;67;66m██[38;2;0;0;0m  [38;2;7;7;7m██[38;2;146;226;226m██[38;2;170;183;184m██[38;2;189;236;237m██[38;2;42;62;60m  
[38;2;23;27;26m  [38;2;176;220;217m██[38;2;96;148;146m██[38;2;133;210;208m██[38;2;116;159;154m██[38;2;110;196;196m██[38;2;72;130;130m██[38;2;61;115;115m██[38;2;198;186;150m██[38;2;247;231;181m████[38;2;222;217;180m██[38;2;92;167;212m██[38;2;72;175;247m██[38;2;107;176;224m██[38;2;98;121;136m██[38;2;174;182;190m██[38;2;139;160;157m██[38;2;205;218;226m██[38;2;144;156;161m██[38;2;115;147;150m██[38;2;124;156;156m██[38;2;142;176;177m██[38;2;113;145;144m██[38;2;81;114;112m██[38;2;149;229;225m██[38;2;125;177;178m██[38;2;97;149;151m██[38;2;177;214;213m██[38;2;18;27;26m  
[38;2;0;0;0m  [38;2;177;200;197m██[38;2;62;85;84m██[38;2;119;208;205m██[38;2;178;249;245m██[38;2;59;82;82m██[38;2;9;1;1m  [38;2;0;0;0m██[38;2;246;230;180m██[38;2;246;231;181m██[38;2;247;230;180m██[38;2;89;94;94m██[38;2;101;127;135m██[38;2;70;167;236m██[38;2;41;111;183m██[38;2;170;247;252m██[38;2;195;247;251m██[38;2;160;229;224m██[38;2;81;88;88m██[38;2;154;176;177m██[38;2;130;184;186m██[38;2;128;191;190m██[38;2;135;192;194m██[38;2;87;143;140m██[38;2;109;201;198m██[38;2;149;229;225m██[38;2;155;220;220m██[38;2;4;7;7m██[38;2;177;200;197m██[38;2;0;0;0m  
[38;2;0;0;0m    [38;2;48;52;53m  [38;2;144;157;160m██[38;2;144;225;222m████[38;2;120;177;176m██[38;2;126;164;164m██[38;2;214;241;214m██[38;2;225;233;201m██[38;2;183;206;187m██[38;2;133;154;146m██[38;2;104;138;139m██[38;2;144;225;222m████████[38;2;120;170;170m██[38;2;158;207;208m██[38;2;192;236;237m██[38;2;71;75;76m██[38;2;126;170;183m██[38;2;65;65;65m██[38;2;133;149;158m██[38;2;133;184;194m██[38;2;89;128;145m██[38;2;0;0;0m        
[38;2;0;0;0m    [38;2;34;63;63m  [38;2;13;25;25m  [38;2;174;241;237m██[38;2;175;245;243m██[38;2;113;193;203m██[38;2;109;201;198m██[38;2;128;191;190m██[38;2;82;84;85m██[38;2;134;145;145m██[38;2;136;194;195m██[38;2;182;250;245m██[38;2;176;248;247m██[38;2;164;246;251m██[38;2;92;180;230m██[38;2;73;179;251m██[38;2;65;117;156m██[38;2;65;71;77m██[38;2;117;176;181m██[38;2;77;112;137m██[38;2;33;59;79m  [38;2;0;0;0m  [38;2;63;89;109m██[38;2;59;104;139m  [38;2;0;0;0m    [38;2;163;163;163m  [38;2;0;0;0m    
[38;2;0;0;0m        [38;2;37;67;90m██[38;2;56;113;155m██[38;2;116;191;221m██[38;2;119;211;251m██[38;2;187;199;169m██[38;2;141;152;153m██[38;2;155;188;189m██[38;2;176;171;142m██[38;2;237;233;190m██[38;2;153;204;220m██[38;2;61;159;234m██[38;2;80;171;229m██[38;2;66;122;164m██[38;2;67;108;140m██[38;2;65;67;71m██[38;2;64;81;84m██[38;2;7;3;2m  [38;2;0;0;0m                  
[38;2;0;0;0m      [38;2;56;139;195m  [38;2;74;168;231m██[38;2;87;180;240m████[38;2;167;146;116m██[38;2;143;135;112m██[38;2;94;93;89m██[38;2;134;142;140m██[38;2;247;231;181m████[38;2;245;229;179m██[38;2;122;190;226m██[38;2;79;183;252m██[38;2;67;136;184m██[38;2;69;111;143m██[38;2;73;181;255m██[38;2;73;182;255m██[38;2;12;31;44m██[38;2;4;11;15m  [38;2;0;0;0m                
[38;2;0;0;0m        [38;2;26;22;18m  [38;2;65;57;45m████[38;2;0;0;0m    [38;2;81;75;59m██[38;2;159;148;116m██[38;2;247;231;181m██[38;2;221;202;159m██[38;2;205;183;144m██[38;2;124;116;106m██[38;2;122;191;237m██[38;2;73;182;255m██[38;2;73;182;254m  [38;2;73;182;255m██████[38;2;62;152;213m██[38;2;48;118;166m████[38;2;0;0;0m            
[38;2;0;0;0m                              [38;2;193;192;163m██[38;2;121;192;234m██[38;2;84;183;250m  [38;2;73;182;255m██████████[38;2;59;146;205m██[38;2;0;0;0m            
[38;2;0;0;0m                              [38;2;17;16;12m  [38;2;66;62;48m██[38;2;215;220;194m██[38;2;200;217;200m██[38;2;186;213;205m██[38;2;164;206;213m██[38;2;19;48;68m████[38;2;0;0;0m              [0m
