
[38;2;0;0;0m    [38;2;5;5;5m  [38;2;18;28;36m██[38;2;11;19;26m  [38;2;0;0;0m        [38;2;28;51;62m  [38;2;24;49;63m██[38;2;20;43;62m  [38;2;0;0;0m                  
[38;2;0;0;0m    [38;2;22;33;43m██[38;2;73;120;159m██[38;2;67;112;149m██[38;2;6;10;14m  [38;2;0;0;0m    [38;2;72;146;191m██[38;2;114;211;253m██[38;2;110;208;255m██[38;2;81;178;253m██[38;2;27;61;86m  [38;2;0;0;0m                
[38;2;5;11;16m  [38;2;20;44;63m██[38;2;67;78;87m██[38;2;68;84;98m██[38;2;71;108;139m██[38;2;33;59;72m██[38;2;23;38;44m██[38;2;77;168;237m██[38;2;81;179;255m██[38;2;102;176;208m██[38;2;92;178;231m██[38;2;81;179;255m██[38;2;37;81;115m██[38;2;0;0;0m                
[38;2;19;35;48m██[38;2;80;170;240m██[38;2;75;138;186m██[38;2;68;84;98m██[38;2;102;176;207m██[38;2;113;208;249m██[38;2;85;173;235m██[38;2;81;177;251m██[38;2;76;140;190m██[38;2;77;149;205m██[38;2;76;144;197m██[38;2;81;179;255m██[38;2;37;81;115m██[38;2;0;0;0m                
[38;2;0;0;0m  [38;2;43;72;96m  [38;2;81;179;255m██████[38;2;80;167;234m██[38;2;81;179;255m██[38;2;78;153;210m██[38;2;73;120;156m██[38;2;79;163;228m██[38;2;81;179;255m██[38;2;78;161;226m██[38;2;0;0;0m                  
[38;2;0;0;0m    [38;2;39;86;122m██[38;2;81;179;255m██[38;2;79;164;230m██[38;2;79;162;226m██[38;2;76;145;197m██[38;2;197;199;200m██[38;2;72;116;152m██[38;2;67;80;90m██[38;2;20;44;63m██[38;2;18;30;40m  [38;2;0;0;0m                  
[38;2;0;0;0m    [38;2;93;166;207m██[38;2;87;185;255m██[38;2;79;164;230m██[38;2;79;162;226m██[38;2;120;120;120m██[38;2;237;237;237m██[38;2;153;210;255m██[38;2;76;138;188m██[38;2;36;61;81m██[38;2;0;0;0m                    
[38;2;0;0;0m  [38;2;67;125;150m  [38;2;115;213;255m██[38;2;87;185;255m██[38;2;81;179;255m██[38;2;69;91;109m██[38;2;113;113;113m██[38;2;131;199;251m██[38;2;81;179;255m██[38;2;76;138;188m██[38;2;36;61;81m██[38;2;0;0;0m                    
[38;2;0;0;0m  [38;2;90;167;200m██[38;2;99;197;255m██[38;2;76;159;225m██[38;2;81;179;255m██████[38;2;78;153;210m██[38;2;87;125;152m██[38;2;74;122;162m██[38;2;27;46;61m  [38;2;0;0;0m                    
[38;2;0;0;0m  [38;2;22;41;50m  [38;2;77;150;207m██[38;2;76;159;225m██[38;2;77;149;204m██[38;2;69;93;112m████[38;2;162;147;126m██[38;2;185;164;136m██[38;2;77;124;163m██[38;2;24;24;24m  [38;2;0;0;0m                    
[38;2;0;0;0m      [38;2;46;76;102m  [38;2;90;107;118m██[38;2;153;134;110m██[38;2;205;179;147m████[38;2;153;167;172m██[38;2;71;109;140m██[38;2;111;111;106m██[38;2;15;15;15m  [38;2;24;24;24m  [38;2;175;176;177m██[38;2;47;53;57m██[38;2;0;0;0m            
[38;2;0;0;0m            [38;2;128;114;96m██[38;2;242;217;184m██[38;2;176;207;223m██[38;2;65;67;69m██[38;2;154;154;149m██[38;2;150;150;150m██[38;2;159;159;159m██[38;2;173;173;173m██[38;2;99;99;96m██[38;2;0;0;0m            
[38;2;0;0;0m            [38;2;141;127;109m██[38;2;255;230;197m██[38;2;153;200;231m██[38;2;65;67;69m██[38;2;169;171;173m██[38;2;149;149;149m██[38;2;93;93;93m██[38;2;153;153;153m██[38;2;161;161;158m██[38;2;124;124;117m██[38;2;28;28;26m██[38;2;20;23;27m  [38;2;0;0;0m      
[38;2;0;0;0m        [38;2;48;48;48m  [38;2;59;59;59m██[38;2;255;230;197m████[38;2;81;179;255m██[38;2;65;67;69m██[38;2;138;147;155m██[38;2;151;151;151m██[38;2;179;179;179m██[38;2;73;73;73m██[38;2;179;179;179m██[38;2;163;163;161m██[38;2;132;132;125m██[38;2;107;110;109m██[38;2;0;0;0m      
[38;2;0;0;0m        [38;2;45;45;44m██[38;2;232;210;181m██[38;2;255;230;197m████[38;2;81;179;255m████[38;2;108;108;108m██[38;2;118;131;143m██[38;2;140;149;156m██[38;2;179;179;179m████[38;2;139;139;131m██[38;2;116;116;109m██[38;2;0;0;0m        
[38;2;0;0;0m        [38;2;112;112;107m██[38;2;232;210;181m██[38;2;255;230;197m████[38;2;81;179;255m████[38;2;71;108;136m██[38;2;95;95;95m██[38;2;168;171;173m██[38;2;122;134;145m██[38;2;161;161;158m██[38;2;139;139;131m██[38;2;80;80;78m██[38;2;0;0;0m        
[38;2;0;0;0m        [38;2;122;113;101m██[38;2;255;230;197m██████[38;2;105;186;247m██[38;2;81;179;255m██[38;2;66;139;213m██[38;2;69;93;111m██[38;2;127;127;127m██[38;2;95;95;95m██[38;2;120;120;114m██[38;2;116;116;110m██[38;2;96;96;92m██[38;2;0;0;0m        
[38;2;0;0;0m        [38;2;91;82;70m██[38;2;255;230;197m██████[38;2;176;207;223m██[38;2;81;179;255m██[38;2;56;115;189m██[38;2;81;179;253m██[38;2;86;119;145m██[38;2;95;95;95m██[38;2;120;120;114m██[38;2;116;116;110m██[38;2;61;61;60m██[38;2;0;0;0m        
[38;2;0;0;0m        [38;2;84;77;69m██[38;2;249;225;193m██[38;2;255;230;197m████[38;2;196;213;216m██[38;2;83;180;254m██[38;2;72;155;230m██[38;2;81;179;254m██[38;2;76;142;194m██[38;2;73;119;158m██[38;2;67;79;89m██[38;2;68;84;98m██[38;2;73;123;163m██[38;2;64;107;143m██[38;2;18;30;40m██[38;2;0;0;0m    
[38;2;0;0;0m      [38;2;46;76;102m  [38;2;69;92;112m██[38;2;232;210;181m██[38;2;255;230;197m██████[38;2;212;217;211m██[38;2;81;179;255m██[38;2;75;136;186m██[38;2;73;123;163m████[38;2;69;97;119m██[38;2;172;165;152m██[38;2;73;78;80m██[38;2;18;30;40m████[38;2;0;0;0m    
[38;2;5;11;16m  [38;2;67;139;196m██[38;2;78;152;211m██[38;2;73;123;163m████[38;2;96;97;95m██[38;2;221;199;169m██[38;2;238;214;182m██[38;2;242;217;184m██[38;2;205;180;148m██[38;2;155;158;153m██[38;2;71;108;139m██[38;2;73;123;163m██[38;2;67;80;91m██[38;2;69;93;112m██[38;2;63;87;106m██[38;2;7;16;22m  [38;2;0;0;0m        
[38;2;5;11;16m  [38;2;18;33;45m██[38;2;172;165;151m██████[38;2;65;59;50m██[38;2;30;26;22m  [38;2;47;41;34m  [38;2;51;44;36m██████[38;2;204;187;163m██[38;2;73;123;163m██[38;2;80;166;233m██[38;2;81;179;255m████[38;2;68;151;214m██[38;2;61;134;191m██████[38;2;16;35;50m  
[38;2;0;0;0m                      [38;2;4;4;3m  [38;2;191;172;147m██[38;2;119;149;172m████████[38;2;61;134;191m████[38;2;0;0;0m    
[38;2;0;0;0m                          [38;2;63;57;49m████████[38;2;0;0;0m        [0m
