
[38;2;0;0;0m                                [38;2;9;6;9m██  [38;2;0;0;0m        
[38;2;0;0;0m                                [38;2;8;5;8m  [38;2;94;64;94m██[38;2;0;0;0m        
[38;2;0;0;0m                                  [38;2;80;52;80m  [38;2;126;84;126m██[38;2;66;53;66m██[38;2;115;74;115m██[38;2;0;0;0m  
[38;2;0;0;0m                                  [38;2;40;40;40m  [38;2;151;99;151m██[38;2;140;94;140m██[38;2;115;75;115m██[38;2;0;0;0m  
[38;2;0;0;0m                              [38;2;41;26;40m██[38;2;133;85;128m██[38;2;99;64;99m██[38;2;150;99;150m██[38;2;151;100;151m██[38;2;152;100;152m██[38;2;38;25;38m██
[38;2;0;0;0m                            [38;2;34;22;33m  [38;2;118;76;117m██[38;2;12;7;10m  [38;2;0;0;0m  [38;2;52;34;52m██[38;2;150;100;150m██[38;2;151;100;151m██[38;2;37;25;37m██
[38;2;0;0;0m  [38;2;37;22;31m  [38;2;107;65;90m██[38;2;12;7;10m  [38;2;0;0;0m            [38;2;57;39;57m██[38;2;14;9;14m  [38;2;0;0;0m    [38;2;38;25;38m████[38;2;0;0;0m      [38;2;115;75;115m██[38;2;150;96;147m██[38;2;36;22;33m██
[38;2;0;0;0m  [38;2;95;57;80m██[38;2;127;77;107m██[38;2;119;71;100m██[38;2;0;0;0m        [38;2;35;22;35m  [38;2;139;90;139m██[38;2;116;76;116m██[38;2;3;2;3m  [38;2;0;0;0m    [38;2;38;25;38m████[38;2;0;0;0m      [38;2;10;6;10m  [38;2;129;78;109m██[38;2;32;19;26m██
[38;2;44;25;33m██[38;2;141;83;114m██[38;2;130;79;112m██[38;2;138;87;126m██[38;2;152;99;152m██[38;2;152;100;152m██[38;2;131;85;131m██[38;2;128;85;128m██[38;2;194;116;157m██[38;2;203;120;159m██[38;2;64;41;64m  [38;2;0;0;0m      [38;2;21;14;21m  [38;2;70;47;70m██[38;2;0;0;0m        [38;2;113;68;95m██[38;2;18;10;15m  
[38;2;61;34;41m██[38;2;158;92;123m██[38;2;224;176;88m██[38;2;151;99;151m██████[38;2;173;109;154m██[38;2;242;136;164m██[38;2;247;139;162m██[38;2;177;109;155m██[38;2;0;0;0m          [38;2;4;3;4m  [38;2;106;72;106m  [38;2;0;0;0m      [38;2;95;57;80m██[38;2;0;0;0m  
[38;2;32;17;21m  [38;2;190;119;126m██[38;2;205;142;129m██[38;2;229;180;88m██[38;2;209;122;159m██[38;2;247;138;162m██[38;2;228;133;154m██[38;2;228;133;156m██[38;2;223;128;161m██[38;2;38;24;38m██[38;2;0;0;0m            [38;2;78;51;78m██[38;2;18;11;18m  [38;2;0;0;0m  [38;2;49;30;41m██[38;2;0;0;0m    
[38;2;0;0;0m  [38;2;185;103;123m██[38;2;152;99;152m██[38;2;223;128;161m██[38;2;247;142;165m██[38;2;111;96;84m██[38;2;96;78;76m██[38;2;232;121;157m██[38;2;145;94;143m██[38;2;28;20;27m██[38;2;0;0;0m            [38;2;31;19;26m████[38;2;0;0;0m        
[38;2;49;30;39m██[38;2;163;104;153m██[38;2;161;102;148m██[38;2;216;109;154m██[38;2;83;77;63m██[38;2;104;100;87m██[38;2;232;215;215m██[38;2;161;93;118m██[38;2;99;77;97m██[38;2;117;97;42m██[38;2;0;0;0m            [38;2;64;39;54m██[38;2;15;9;12m  [38;2;0;0;0m        
[38;2;0;0;0m  [38;2;177;98;118m  [38;2;246;155;137m██[38;2;252;208;65m██[38;2;136;146;103m██[38;2;224;224;210m██[38;2;135;111;102m██[38;2;205;147;87m██[38;2;246;200;64m██[38;2;60;49;15m  [38;2;0;0;0m    [38;2;6;4;6m████[38;2;8;7;2m██[38;2;95;58;80m██[38;2;91;55;76m  [38;2;0;0;0m          
[38;2;0;0;0m    [38;2;82;63;28m████[38;2;161;129;76m██[38;2;138;111;65m██[38;2;127;106;65m██[38;2;166;140;65m██[38;2;171;139;49m██[38;2;36;29;11m  [38;2;0;0;0m  [38;2;62;42;62m  [38;2;209;160;104m██[38;2;165;115;141m██[38;2;177;130;115m██[38;2;69;50;66m██[38;2;0;0;0m            
[38;2;0;0;0m        [38;2;47;36;16m██[38;2;196;149;65m██[38;2;179;135;72m██[38;2;91;67;91m██[38;2;81;66;89m██[38;2;77;69;77m██[38;2;151;99;152m██[38;2;222;173;93m██[38;2;160;110;146m██[38;2;224;175;91m██[38;2;153;103;152m██[38;2;224;175;91m██[38;2;0;0;0m            
[38;2;0;0;0m        [38;2;97;61;73m██[38;2;229;180;71m██[38;2;233;183;81m██[38;2;157;107;131m██[38;2;203;161;87m██[38;2;208;158;106m██[38;2;151;100;153m██[38;2;150;100;154m██[38;2;191;141;119m██[38;2;161;111;145m██[38;2;163;114;137m██[38;2;206;151;126m██[38;2;0;0;0m            
[38;2;0;0;0m        [38;2;154;104;98m██[38;2;249;200;64m██[38;2;248;201;64m██[38;2;170;122;131m██[38;2;222;173;93m████[38;2;156;109;132m██[38;2;172;135;65m██[38;2;168;128;85m██[38;2;152;101;151m██[38;2;220;173;81m██[38;2;39;29;45m██[38;2;0;0;0m            
[38;2;0;0;0m        [38;2;59;41;51m██[38;2;125;100;73m██[38;2;176;145;65m██[38;2;130;90;130m██[38;2;160;110;146m██[38;2;162;109;146m██[38;2;61;47;61m██[38;2;84;85;84m██[38;2;76;71;65m██[38;2;129;85;110m██[38;2;144;92;114m██[38;2;41;30;26m██[38;2;0;0;0m            
[38;2;0;0;0m          [38;2;100;70;61m██[38;2;88;65;83m██[38;2;149;118;65m██[38;2;175;128;112m██[38;2;52;40;22m██[38;2;0;0;0m  [38;2;58;60;58m  [38;2;87;85;87m██[38;2;13;13;13m  [38;2;165;126;56m██[38;2;192;146;63m██[38;2;0;0;0m            
[38;2;0;0;0m          [38;2;45;32;16m  [38;2;174;133;70m██[38;2;97;86;65m██[38;2;255;207;63m██[38;2;63;51;15m██[38;2;0;0;0m    [38;2;22;22;22m  [38;2;0;0;0m  [38;2;14;11;4m  [38;2;157;120;53m██[38;2;0;0;0m            
[38;2;0;0;0m            [38;2;123;98;51m██[38;2;193;153;62m██[38;2;191;155;49m██[38;2;0;0;0m                          
[38;2;0;0;0m              [38;2;36;28;12m  [38;2;49;40;12m  [38;2;0;0;0m                          [0m
