
[38;2;0;0;0m            [38;2;30;23;30m  [38;2;3;3;3m  [38;2;0;0;0m                  
[38;2;0;0;0m            [38;2;112;86;113m██[38;2;164;101;153m██[38;2;5;5;5m  [38;2;0;0;0m  [38;2;2;2;2m  [38;2;0;0;0m  [38;2;5;5;5m  [38;2;0;0;0m        
[38;2;0;0;0m            [38;2;4;4;4m  [38;2;239;181;241m██[38;2;247;232;248m██[38;2;65;65;65m██[38;2;133;96;98m██[38;2;53;48;22m██[38;2;134;94;107m██[38;2;5;5;5m  [38;2;0;0;0m      
[38;2;0;0;0m      [38;2;4;4;4m  [38;2;3;3;3m  [38;2;4;4;4m  [38;2;127;101;127m██[38;2;109;94;109m██[38;2;246;186;248m██[38;2;241;198;243m██[38;2;166;157;52m██[38;2;228;211;49m██[38;2;117;110;65m██[38;2;138;85;128m  [38;2;1;1;1m  [38;2;0;0;0m    
[38;2;0;0;0m    [38;2;1;1;1m  [38;2;49;102;38m  [38;2;54;113;42m██[38;2;21;23;21m██[38;2;210;151;206m██[38;2;246;185;247m██[38;2;111;96;111m██[38;2;199;154;200m██[38;2;111;96;111m██[38;2;204;190;50m██[38;2;215;195;59m██[38;2;87;75;85m██[38;2;114;77;109m██[38;2;1;1;1m  [38;2;0;0;0m  
[38;2;0;0;0m      [38;2;1;1;1m  [38;2;40;61;36m██[38;2;155;191;115m██[38;2;145;119;146m██[38;2;246;186;249m██[38;2;179;141;180m██[38;2;203;157;204m██[38;2;247;212;248m██[38;2;193;150;194m██[38;2;163;128;163m██[38;2;187;184;187m██[38;2;183;124;174m██[38;2;187;141;188m██[38;2;53;41;53m  
[38;2;0;0;0m      [38;2;1;1;1m  [38;2;108;135;77m██[38;2;197;246;139m██[38;2;153;186;114m██[38;2;198;155;199m██[38;2;133;111;134m██[38;2;246;185;247m██[38;2;216;136;203m██[38;2;231;176;232m██[38;2;177;140;179m██[38;2;245;191;247m██[38;2;152;135;151m██[38;2;6;6;6m  [38;2;1;1;1m  
[38;2;0;0;0m      [38;2;5;5;5m  [38;2;197;246;139m████[38;2;197;245;139m██[38;2;165;202;121m██[38;2;115;133;93m██[38;2;115;98;115m██[38;2;242;179;241m██[38;2;107;99;107m██[38;2;96;110;91m██[38;2;245;184;247m██[38;2;244;182;244m██[38;2;149;113;150m  [38;2;1;1;1m  
[38;2;0;0;0m    [38;2;2;2;2m  [38;2;169;210;119m██[38;2;197;246;139m██[38;2;167;204;122m██[38;2;164;201;120m██[38;2;113;114;111m██[38;2;88;88;88m██[38;2;194;242;137m██[38;2;98;110;84m██[38;2;66;73;65m██[38;2;73;156;56m██[38;2;65;83;61m██[38;2;20;20;20m  [38;2;4;4;4m  [38;2;0;0;0m  
[38;2;0;0;0m      [38;2;46;57;34m  [38;2;98;111;84m██[38;2;192;152;192m██[38;2;202;202;202m██[38;2;246;246;246m██[38;2;225;225;225m██[38;2;101;114;85m██[38;2;197;245;139m██[38;2;123;158;82m██[38;2;71;130;59m██[38;2;64;134;49m██[38;2;2;2;2m  [38;2;0;0;0m    
[38;2;0;0;0m    [38;2;2;2;2m  [38;2;169;210;119m██[38;2;132;124;130m██[38;2;223;150;212m██[38;2;248;248;248m████[38;2;230;166;223m██[38;2;112;113;110m██[38;2;166;210;115m██[38;2;185;230;132m██[38;2;72;78;60m██[38;2;69;131;57m██[38;2;23;43;19m██[38;2;0;0;0m    
[38;2;0;0;0m    [38;2;2;2;2m  [38;2;169;210;119m██[38;2;140;155;112m██[38;2;234;219;235m██[38;2;248;248;248m████[38;2;230;166;223m██[38;2;246;246;246m██[38;2;144;151;136m██[38;2;194;242;137m██[38;2;109;129;81m██[38;2;18;18;18m  [38;2;1;1;1m  [38;2;0;0;0m    
[38;2;0;0;0m      [38;2;5;5;5m  [38;2;184;228;132m██[38;2;115;115;65m██[38;2;142;140;126m██[38;2;202;202;202m████[38;2;95;91;67m██[38;2;79;77;66m██[38;2;76;85;57m██[38;2;94;122;41m██[38;2;27;35;11m  [38;2;0;0;0m      
[38;2;0;0;0m      [38;2;1;1;1m  [38;2;61;92;47m██[38;2;107;109;59m██[38;2;192;177;60m██[38;2;201;189;47m██[38;2;178;165;58m██[38;2;95;91;67m██[38;2;79;77;66m██[38;2;72;81;53m██[38;2;77;105;24m██[38;2;91;124;28m██[38;2;2;2;2m  [38;2;0;0;0m    
[38;2;0;0;0m    [38;2;1;1;1m  [38;2;20;37;16m  [38;2;83;161;59m██[38;2;66;73;65m██[38;2;100;102;105m██[38;2;198;186;48m██[38;2;83;84;85m██[38;2;74;156;56m██[38;2;73;156;56m██[38;2;6;6;6m  [38;2;3;3;3m  [38;2;5;5;5m  [38;2;1;1;1m  [38;2;0;0;0m    
[38;2;5;5;5m    [38;2;104;145;55m██[38;2;118;176;65m██[38;2;110;151;68m██[38;2;155;191;115m██[38;2;146;151;156m██[38;2;171;178;184m██[38;2;132;152;112m██[38;2;68;90;63m██[38;2;73;156;56m██[38;2;95;132;50m  [38;2;2;2;2m  [38;2;0;0;0m        
[38;2;31;42;18m  [38;2;104;145;54m██[38;2;137;191;71m██[38;2;121;164;69m██[38;2;111;141;75m██[38;2;188;234;134m██[38;2;140;172;99m██[38;2;76;86;58m██[38;2;197;246;139m██[38;2;86;97;67m██[38;2;108;165;65m██[38;2;137;191;71m██[38;2;76;105;41m██[38;2;33;45;19m  [38;2;1;1;1m    [38;2;0;0;0m  
[38;2;0;0;0m  [38;2;1;1;1m  [38;2;53;67;37m██[38;2;73;128;60m██[38;2;102;118;75m██[38;2;193;242;134m██[38;2;146;189;79m██[38;2;174;221;113m██[38;2;144;186;74m██[38;2;145;184;73m██[38;2;75;83;66m██[38;2;137;191;71m████[38;2;132;184;68m██[38;2;104;145;55m██[38;2;84;116;45m██[38;2;1;1;1m  
[38;2;0;0;0m    [38;2;1;1;1m  [38;2;49;102;38m  [38;2;60;98;52m██[38;2;93;120;42m██[38;2;152;190;94m██[38;2;184;231;122m██[38;2;111;141;56m██[38;2;99;103;103m██[38;2;73;146;57m██[38;2;67;86;63m██[38;2;98;123;68m██[38;2;104;145;55m██[38;2;37;50;21m  [38;2;4;4;4m  [38;2;0;0;0m  
[38;2;0;0;0m      [38;2;1;1;1m  [38;2;9;9;9m  [38;2;157;163;168m██[38;2;133;141;132m██[38;2;86;96;67m██[38;2;186;189;192m██[38;2;232;234;236m██[38;2;42;53;40m██[38;2;73;154;57m██[38;2;40;64;36m██[38;2;1;1;1m  [38;2;0;0;0m      
[38;2;0;0;0m          [38;2;6;6;6m  [38;2;159;165;170m██[38;2;168;174;180m██[38;2;243;225;241m██[38;2;181;137;183m  [38;2;2;2;2m  [38;2;5;5;5m  [38;2;2;2;2m  [38;2;0;0;0m        
[38;2;0;0;0m          [38;2;1;1;1m  [38;2;124;99;123m██[38;2;70;68;70m██[38;2;217;137;204m██[38;2;6;6;6m  [38;2;0;0;0m              
[38;2;0;0;0m            [38;2;74;46;69m  [38;2;69;63;19m██[38;2;126;115;43m██[38;2;1;1;1m  [38;2;0;0;0m              
[38;2;0;0;0m              [38;2;64;60;15m  [38;2;59;54;19m██[38;2;1;1;1m  [38;2;0;0;0m              [0m
