
[38;2;0;0;0m    [38;2;6;10;10m    [38;2;0;0;0m        [38;2;20;37;43m  [38;2;0;0;0m              
[38;2;0;0;0m    [38;2;26;37;40m██[38;2;87;116;135m██[38;2;0;2;0m  [38;2;0;0;0m    [38;2;0;3;0m  [38;2;80;134;166m██[38;2;0;1;0m  [38;2;0;0;0m            
[38;2;0;0;0m    [38;2;23;32;33m██[38;2;100;133;154m██[38;2;23;34;37m  [38;2;0;0;0m  [38;2;1;1;0m  [38;2;83;135;166m██[38;2;89;148;184m██[38;2;8;15;17m  [38;2;0;0;0m            
[38;2;0;0;0m    [38;2;16;19;16m██[38;2;70;74;78m██[38;2;78;105;122m██[38;2;0;1;0m  [38;2;24;40;45m  [38;2;69;100;120m██[38;2;110;179;225m██[38;2;27;47;56m██[38;2;0;0;0m            
[38;2;0;0;0m    [38;2;0;1;0m  [38;2;49;48;49m██[38;2;90;113;127m██[38;2;48;55;57m██[38;2;84;102;113m██[38;2;76;93;105m██[38;2;90;108;125m██[38;2;28;47;55m██[38;2;0;0;0m            
[38;2;0;0;0m      [38;2;6;8;6m  [38;2;99;145;174m██[38;2;94;95;95m██[38;2;99;144;174m██[38;2;82;89;99m██[38;2;77;92;104m██[38;2;107;155;189m██[38;2;10;2;0m  [38;2;0;0;0m          
[38;2;0;0;0m    [38;2;10;19;22m  [38;2;91;152;189m██[38;2;95;96;95m██[38;2;99;120;133m██[38;2;109;178;222m██[38;2;111;178;222m██[38;2;88;118;139m██[38;2;92;117;134m██[38;2;52;56;60m██[38;2;9;11;9m  [38;2;0;0;0m        
[38;2;0;0;0m    [38;2;27;47;56m██[38;2;110;179;225m██[38;2;95;97;95m██[38;2;106;159;192m██[38;2;109;179;224m██[38;2;78;100;115m██[38;2;79;77;74m██[38;2;92;97;97m██[38;2;85;87;85m██[38;2;85;83;85m██[38;2;0;2;0m  [38;2;0;0;0m      
[38;2;0;0;0m    [38;2;12;15;15m  [38;2;92;122;140m██[38;2;94;97;94m██[38;2;103;132;149m██[38;2;72;61;62m██[38;2;226;206;202m██[38;2;94;97;94m██[38;2;95;97;95m██[38;2;87;89;87m████[38;2;80;83;80m██[38;2;10;12;10m  [38;2;0;0;0m    
[38;2;0;0;0m    [38;2;0;1;0m  [38;2;49;51;50m██[38;2;95;97;95m██[38;2;87;88;89m██[38;2;246;82;79m██[38;2;139;97;99m██[38;2;95;96;95m██[38;2;115;149;174m██[38;2;62;69;75m██[38;2;73;73;73m██[38;2;94;97;94m██[38;2;23;27;23m██[38;2;0;0;0m    
[38;2;0;0;0m    [38;2;20;23;20m██[38;2;95;93;95m██[38;2;84;96;100m██[38;2;93;121;139m██[38;2;98;131;154m██[38;2;104;134;157m██[38;2;79;116;139m██[38;2;20;25;28m  [38;2;57;70;77m██[38;2;73;73;73m██[38;2;94;97;94m████[38;2;0;3;0m  [38;2;0;0;0m  
[38;2;0;0;0m    [38;2;0;1;0m  [38;2;0;4;0m██[38;2;44;51;53m██[38;2;115;180;222m██[38;2;107;169;211m██[38;2;73;83;91m██[38;2;0;3;0m  [38;2;0;0;0m  [38;2;23;27;23m██[38;2;94;97;94m██[38;2;23;27;23m██[38;2;94;97;94m██[38;2;0;3;0m  [38;2;0;0;0m  
[38;2;0;0;0m        [38;2;12;14;12m  [38;2;135;129;87m██[38;2;171;163;106m██[38;2;161;160;120m██[38;2;75;80;81m██[38;2;12;15;13m  [38;2;0;0;0m  [38;2;0;1;0m  [38;2;0;0;0m  [38;2;0;1;0m  [38;2;0;0;0m    
[38;2;0;0;0m      [38;2;0;3;0m  [38;2;104;115;119m██[38;2;71;73;72m██[38;2;230;215;140m██[38;2;116;104;70m██[38;2;75;113;135m██[38;2;32;54;62m██[38;2;0;0;0m      [38;2;3;7;5m    [38;2;0;0;0m  
[38;2;0;0;0m    [38;2;1;0;0m  [38;2;53;62;66m  [38;2;98;118;129m██[38;2;139;133;112m██[38;2;148;137;87m██[38;2;111;102;59m██[38;2;17;22;24m  [38;2;92;153;190m██[38;2;45;77;94m  [38;2;0;0;0m  [38;2;0;1;0m  [38;2;78;105;122m██[38;2;92;124;146m██[38;2;14;21;23m  
[38;2;0;0;0m    [38;2;27;33;31m██[38;2;84;96;103m██[38;2;92;117;131m██[38;2;197;183;107m██[38;2;251;233;125m██[38;2;128;122;75m██[38;2;22;25;23m██[38;2;97;149;182m██[38;2;72;75;74m██[38;2;2;3;2m  [38;2;33;46;51m██[38;2;97;129;153m██[38;2;0;3;0m    
[38;2;30;31;28m  [38;2;120;120;115m██[38;2;142;142;137m██[38;2;81;82;81m██[38;2;95;115;129m██[38;2;95;101;108m██[38;2;141;137;107m██[38;2;100;133;153m██[38;2;102;143;173m██[38;2;92;112;126m██[38;2;90;98;104m██[38;2;54;55;54m██[38;2;88;118;139m██[38;2;10;15;16m  [38;2;0;0;0m    
[38;2;0;1;0m  [38;2;135;130;129m██[38;2;74;71;77m██[38;2;79;81;82m██[38;2;104;139;162m██[38;2;96;132;157m██[38;2;108;167;207m██[38;2;110;180;225m██[38;2;105;174;216m██[38;2;77;92;102m██[38;2;99;101;99m██[38;2;220;220;220m██[38;2;88;86;88m██[38;2;8;8;8m  [38;2;0;0;0m    
[38;2;0;0;0m  [38;2;17;17;17m  [38;2;45;45;44m██[38;2;77;86;91m██[38;2;103;139;160m██[38;2;95;119;138m██[38;2;44;63;72m██[38;2;108;178;223m██[38;2;96;149;183m██[38;2;87;89;87m██[38;2;106;108;106m██[38;2;227;224;227m██[38;2;88;89;88m██[38;2;22;23;22m  [38;2;0;0;0m    
[38;2;0;0;0m      [38;2;61;61;61m  [38;2;66;66;66m██[38;2;13;16;13m  [38;2;0;0;0m  [38;2;66;111;137m  [38;2;91;150;186m██[38;2;74;88;98m██[38;2;84;85;84m██[38;2;17;17;17m  [38;2;0;0;0m        
[38;2;0;0;0m    [38;2;0;2;0m  [38;2;49;52;49m  [38;2;86;89;86m██[38;2;16;19;16m  [38;2;0;0;0m    [38;2;5;6;5m  [38;2;69;71;69m██[38;2;80;82;80m██[38;2;16;19;16m  [38;2;0;0;0m        
[38;2;0;0;0m  [38;2;0;2;0m  [38;2;68;70;68m██[38;2;71;70;71m██[38;2;55;58;55m  [38;2;0;0;0m        [38;2;20;24;20m  [38;2;92;93;92m██[38;2;44;46;44m██[38;2;0;0;0m        
[38;2;0;0;0m    [38;2;0;1;0m    [38;2;0;0;0m        [38;2;0;1;0m  [38;2;60;61;60m██[38;2;99;98;99m██[38;2;93;92;93m██[38;2;0;3;0m  [38;2;0;0;0m      [0m
