
[38;2;13;13;14m  [38;2;53;52;56m██[38;2;13;12;13m  [38;2;0;0;0m                                              [38;2;68;68;68m██[38;2;49;49;50m██[38;2;0;0;0m    
[38;2;50;48;52m██[38;2;200;194;208m██[38;2;141;139;147m██[38;2;132;130;137m██[38;2;0;0;0m                                          [38;2;154;154;154m  [38;2;255;255;255m██[38;2;230;233;236m██[38;2;47;48;49m  [38;2;0;0;0m  
[38;2;50;48;52m██[38;2;200;194;208m██[38;2;164;161;170m████[38;2;65;64;66m██[38;2;17;16;17m  [38;2;0;0;0m                                    [38;2;22;22;22m  [38;2;213;213;213m██[38;2;255;255;255m██[38;2;205;205;205m██[38;2;154;154;154m██[38;2;56;59;62m██
[38;2;5;5;5m  [38;2;153;151;160m██[38;2;164;161;170m████[38;2;97;96;100m██[38;2;49;48;51m██[38;2;0;0;0m                                    [38;2;232;232;232m██[38;2;255;255;255m██[38;2;212;212;212m██[38;2;158;155;163m██[38;2;157;155;163m██[38;2;4;5;5m  
[38;2;0;0;0m  [38;2;85;83;88m  [38;2;198;194;206m██[38;2;98;96;100m██[38;2;164;161;170m██[38;2;97;96;97m██[38;2;0;0;0m                                  [38;2;80;80;80m  [38;2;234;234;234m██[38;2;152;152;152m██[38;2;143;142;143m██[38;2;140;138;143m██[38;2;125;124;129m██[38;2;35;34;36m██
[38;2;0;0;0m    [38;2;200;194;208m██[38;2;193;190;201m██[38;2;114;113;114m██[38;2;253;253;253m██[38;2;0;0;0m                                  [38;2;191;191;191m██[38;2;116;115;116m██[38;2;253;253;253m████[38;2;110;109;110m██[38;2;53;52;53m██[38;2;0;0;0m  
[38;2;0;0;0m    [38;2;32;32;34m██[38;2;152;151;154m██[38;2;255;255;255m██[38;2;234;232;237m██[38;2;0;0;0m    [38;2;27;45;61m  [38;2;0;0;0m                          [38;2;159;159;159m██[38;2;255;255;255m██████[38;2;136;135;136m██[38;2;114;112;118m██[38;2;73;72;76m  [38;2;0;0;0m  
[38;2;0;1;1m██  [38;2;66;64;66m██[38;2;255;253;255m██[38;2;255;255;255m██[38;2;213;210;219m██[38;2;148;146;154m██[38;2;56;93;125m██[38;2;55;93;125m██[38;2;0;0;0m                        [38;2;7;7;7m  [38;2;255;255;255m██[38;2;249;249;249m██[38;2;203;202;203m██[38;2;70;68;70m██[38;2;195;192;203m██[38;2;47;46;49m  [38;2;0;0;0m    
[38;2;18;30;40m██[38;2;46;57;69m██[38;2;200;199;200m██[38;2;255;254;255m██[38;2;255;255;255m██[38;2;237;235;240m██[38;2;108;113;124m██[38;2;73;117;156m██[38;2;55;93;125m██[38;2;0;0;0m                      [38;2;36;36;36m  [38;2;228;228;228m██[38;2;227;227;228m██[38;2;143;140;148m██[38;2;156;152;161m██[38;2;197;194;205m██[38;2;62;61;65m  [38;2;0;0;0m      
[38;2;19;30;40m██[38;2;66;78;89m██[38;2;255;255;255m████[38;2;254;255;255m██[38;2;110;111;113m██[38;2;76;119;158m██[38;2;73;121;163m██[38;2;57;94;126m██[38;2;1;1;1m  [38;2;0;0;0m                  [38;2;22;22;22m  [38;2;255;255;255m████[38;2;234;233;236m██[38;2;197;193;204m██[38;2;176;171;183m██[38;2;43;42;45m  [38;2;0;0;0m        
[38;2;17;21;23m██[38;2;147;163;167m██[38;2;255;255;255m████[38;2;219;223;225m██[38;2;96;111;119m████[38;2;98;137;171m██[38;2;88;100;113m██[38;2;134;132;139m██[38;2;0;0;0m          [38;2;36;59;80m    [38;2;0;0;0m  [38;2;41;41;41m  [38;2;232;232;232m██[38;2;255;255;255m██[38;2;228;225;231m██[38;2;200;194;208m██[38;2;101;98;105m██[38;2;0;0;0m            
[38;2;16;16;16m  [38;2;208;204;208m██[38;2;255;255;255m██[38;2;213;210;219m██[38;2;203;209;215m██[38;2;61;93;123m██[38;2;139;139;139m██[38;2;144;151;164m██[38;2;110;115;128m██[38;2;199;194;208m██[38;2;255;255;255m██[38;2;100;100;100m██[38;2;0;0;0m    [38;2;3;5;7m  [38;2;59;96;130m██[38;2;83;111;137m██[38;2;66;64;66m██[38;2;255;255;255m██[38;2;247;246;248m██[38;2;199;194;207m██[38;2;168;166;175m██[38;2;119;117;124m  [38;2;0;0;0m              
[38;2;0;0;0m  [38;2;191;190;191m██[38;2;255;255;255m██[38;2;243;242;245m██[38;2;182;189;205m██[38;2;32;31;39m██[38;2;220;220;220m██[38;2;76;76;81m██[38;2;97;98;107m██[38;2;205;203;207m██[38;2;255;255;255m████[38;2;186;186;186m██[38;2;46;46;46m  [38;2;75;89;98m██[38;2;64;79;93m██[38;2;216;216;216m██[38;2;255;253;255m██[38;2;212;210;218m██[38;2;201;198;208m██[38;2;53;52;55m██[38;2;13;13;13m  [38;2;0;0;0m                
[38;2;0;0;0m    [38;2;255;255;255m████[38;2;214;215;219m██[38;2;91;97;112m██[38;2;110;109;111m██[38;2;34;34;34m  [38;2;142;141;147m██[38;2;110;109;111m██[38;2;216;216;218m██[38;2;255;255;255m██████[38;2;138;150;155m██[38;2;251;255;255m██[38;2;229;229;229m██[38;2;173;170;178m██[38;2;107;106;112m  [38;2;0;0;0m        [38;2;14;24;33m  [38;2;0;0;0m            
[38;2;0;0;0m    [38;2;100;100;100m██[38;2;255;255;255m██[38;2;207;203;214m██[38;2;77;76;80m██[38;2;28;27;29m  [38;2;0;0;0m    [38;2;28;27;29m  [38;2;188;188;191m██[38;2;255;255;255m████████[38;2;139;139;139m██[38;2;83;82;83m██[38;2;70;98;124m██[38;2;44;73;99m  [38;2;0;0;0m        [38;2;55;90;122m██[38;2;0;0;0m    [38;2;59;97;132m██[38;2;14;24;33m  [38;2;0;0;0m    
[38;2;0;0;0m      [38;2;96;95;100m  [38;2;31;31;33m  [38;2;0;0;0m          [38;2;49;52;59m██[38;2;240;243;244m██[38;2;169;191;217m██[38;2;80;127;175m██[38;2;208;220;231m██[38;2;255;255;255m██[38;2;191;188;195m██[38;2;125;124;125m██[38;2;65;68;73m██[38;2;36;52;67m██[38;2;0;0;0m      [38;2;6;0;0m  [38;2;68;93;117m██[38;2;86;94;111m██[38;2;55;76;98m██[38;2;2;0;0m  [38;2;0;0;0m    
[38;2;0;0;0m                    [38;2;117;148;210m██[38;2;90;134;174m██[38;2;140;172;246m██[38;2;138;171;246m██[38;2;128;163;227m██[38;2;214;222;229m██[38;2;212;220;229m██[38;2;216;213;221m██[38;2;191;192;195m██[38;2;22;28;35m██[38;2;0;0;0m      [38;2;133;128;138m  [38;2;185;182;196m██[38;2;184;182;194m██[38;2;178;176;188m██[38;2;43;42;45m  [38;2;0;0;0m    
[38;2;0;0;0m                  [38;2;62;61;65m  [38;2;121;141;194m██[38;2;147;177;254m██[38;2;146;176;254m██[38;2;145;176;254m██[38;2;147;178;255m██[38;2;109;143;191m██[38;2;184;183;186m██[38;2;229;227;233m██[38;2;221;220;223m██[38;2;106;105;107m██[38;2;83;82;87m██[38;2;84;82;88m██[38;2;198;194;206m████[38;2;86;83;89m  [38;2;0;0;0m          
[38;2;0;0;0m                  [38;2;147;145;153m██[38;2;85;92;112m██[38;2;145;176;254m██████[38;2;132;171;243m██[38;2;65;88;111m██[38;2;183;205;231m██[38;2;253;253;253m██[38;2;214;211;220m██[38;2;207;204;213m██[38;2;102;100;104m██[38;2;200;194;208m██[38;2;199;194;208m██[38;2;55;54;57m██[38;2;0;0;0m            
[38;2;0;0;0m                [38;2;50;48;52m██[38;2;200;194;208m██[38;2;180;177;187m██[38;2;106;126;157m██[38;2;122;163;226m██[38;2;114;165;232m██[38;2;81;152;208m██[38;2;69;86;100m██[38;2;255;255;255m████[38;2;241;240;243m██[38;2;197;194;205m██[38;2;73;72;74m██[38;2;98;97;102m██[38;2;0;0;0m                
[38;2;0;0;0m                  [38;2;142;139;147m  [38;2;191;188;199m██[38;2;197;194;205m██[38;2;68;70;75m██[38;2;102;118;138m██[38;2;78;147;197m██[38;2;84;150;197m██[38;2;88;102;112m██[38;2;252;252;253m██[38;2;199;194;208m██[38;2;197;194;205m██[38;2;0;0;0m                    
[38;2;0;0;0m                    [38;2;20;20;21m  [38;2;83;82;86m██[38;2;166;167;178m██[38;2;19;23;27m  [38;2;0;0;0m  [38;2;2;1;0m  [38;2;23;21;21m  [38;2;84;82;87m██[38;2;113;110;117m██[38;2;197;194;205m██[38;2;99;97;103m██[38;2;14;13;14m  [38;2;0;0;0m                
[38;2;0;0;0m                      [38;2;17;16;17m  [38;2;187;185;195m██[38;2;49;48;51m██[38;2;0;0;0m          [38;2;78;81;80m██[38;2;197;194;205m██[38;2;49;48;51m██[38;2;0;0;0m                
[38;2;0;0;0m                    [38;2;32;31;33m  [38;2;128;129;133m██[38;2;137;137;142m██[38;2;17;16;17m  [38;2;0;0;0m        [38;2;15;15;15m  [38;2;163;161;169m██[38;2;146;146;151m██[38;2;49;48;51m██[38;2;0;0;0m                
[38;2;0;0;0m                    [38;2;18;19;18m  [38;2;138;137;143m██[38;2;119;117;124m  [38;2;0;0;0m          [38;2;18;19;18m  [38;2;210;210;210m██[38;2;135;135;135m██[38;2;63;63;63m██[38;2;0;0;0m                
[38;2;0;0;0m                                      [38;2;51;51;51m  [38;2;36;36;36m██[38;2;17;17;17m  [38;2;0;0;0m                [0m
