
[38;2;0;0;0m    [38;2;29;32;35m██[38;2;47;51;51m██[38;2;9;9;9m  [38;2;0;0;0m                                          
[38;2;0;0;0m  [38;2;49;54;64m  [38;2;171;186;188m██[38;2;189;205;205m██[38;2;104;113;120m██[38;2;141;153;153m██[38;2;0;0;0m                            [38;2;141;153;153m██[38;2;59;65;65m  [38;2;141;153;153m██[38;2;49;53;53m  [38;2;0;0;0m    
[38;2;50;55;55m██[38;2;124;135;145m██[38;2;160;174;176m██[38;2;87;93;104m██[38;2;189;205;205m██[38;2;159;171;171m██[38;2;8;8;8m  [38;2;0;0;0m    [38;2;51;40;32m██[38;2;17;14;11m  [38;2;80;64;51m██[38;2;205;163;131m██[38;2;195;157;126m██[38;2;45;39;35m██[38;2;0;0;0m        [38;2;94;102;102m██[38;2;184;200;200m██[38;2;141;153;158m██[38;2;185;201;202m██[38;2;127;138;147m██[38;2;38;41;41m  [38;2;0;0;0m  
[38;2;12;13;13m  [38;2;47;51;51m██[38;2;44;50;56m██[38;2;89;102;114m██[38;2;96;100;100m██[38;2;119;137;137m██[38;2;60;69;69m██[38;2;0;0;0m  [38;2;88;70;56m  [38;2;192;155;125m██[38;2;135;111;92m██[38;2;205;163;131m██[38;2;128;109;94m██[38;2;118;103;90m██[38;2;170;139;114m██[38;2;100;80;64m  [38;2;0;0;0m      [38;2;23;25;25m  [38;2;95;100;100m██[38;2;93;101;106m██[38;2;114;125;136m██[38;2;179;195;196m██[38;2;152;165;165m██[38;2;0;0;0m  
[38;2;0;0;0m      [38;2;65;76;86m  [38;2;87;99;110m██[38;2;73;77;81m██[38;2;85;96;106m██[38;2;23;21;20m██[38;2;205;163;131m██[38;2;81;76;72m██[38;2;205;163;131m██[38;2;149;124;104m██[38;2;90;83;77m██[38;2;205;164;131m██[38;2;205;163;131m████[38;2;23;18;15m██[38;2;0;0;0m    [38;2;60;69;69m██[38;2;137;161;162m██[38;2;92;105;117m██[38;2;83;88;91m██[38;2;158;170;170m██[38;2;39;39;39m  [38;2;0;0;0m  
[38;2;0;0;0m        [38;2;97;115;131m████[38;2;85;96;106m██[38;2;171;140;115m██[38;2;144;121;102m██[38;2;81;76;72m██[38;2;205;163;131m██[38;2;85;79;74m██[38;2;195;157;126m██[38;2;176;144;117m██[38;2;100;89;81m██[38;2;136;115;98m██[38;2;66;62;58m██[38;2;0;0;0m    [38;2;8;8;8m  [38;2;83;89;89m██[38;2;87;97;104m██[38;2;97;113;129m██[38;2;109;126;130m██[38;2;0;0;0m    
[38;2;0;0;0m        [38;2;31;36;41m  [38;2;73;86;98m██[38;2;81;90;97m██[38;2;205;163;131m██[38;2;124;106;92m██[38;2;205;164;131m██[38;2;113;99;87m██[38;2;120;104;91m██[38;2;179;145;118m██[38;2;111;120;120m██[38;2;189;205;205m██[38;2;127;144;144m██[38;2;132;155;155m██[38;2;90;106;108m██[38;2;34;40;40m██[38;2;86;102;102m██[38;2;136;161;161m██[38;2;87;97;104m██[38;2;97;115;131m████[38;2;118;140;140m██[38;2;9;11;11m  
[38;2;0;0;0m            [38;2;44;46;48m██[38;2;205;163;131m██[38;2;124;106;92m██[38;2;205;163;131m██[38;2;113;99;87m██[38;2;184;149;121m██[38;2;124;71;69m██[38;2;205;216;216m██[38;2;181;199;199m██[38;2;136;157;162m██[38;2;135;159;161m██[38;2;134;158;160m██[38;2;138;163;163m██[38;2;123;145;151m██[38;2;109;128;140m██[38;2;110;128;135m██[38;2;97;114;131m██[38;2;97;115;131m██[38;2;114;134;144m██[38;2;37;44;44m██
[38;2;0;0;0m            [38;2;86;102;102m██[38;2;70;68;67m██[38;2;124;106;92m██[38;2;188;152;123m██[38;2;156;129;108m██[38;2;149;117;95m██[38;2;203;93;67m██[38;2;255;255;255m██[38;2;153;171;174m██[38;2;178;181;155m██[38;2;86;85;78m██[38;2;141;164;166m██[38;2;121;138;149m██[38;2;189;205;205m██[38;2;185;200;200m██[38;2;92;101;108m██[38;2;95;111;127m██[38;2;73;86;98m██[38;2;59;69;79m  [38;2;0;0;0m  
[38;2;0;0;0m            [38;2;111;126;126m██[38;2;167;161;107m██[38;2;79;75;71m██[38;2;188;152;123m██[38;2;156;129;108m██[38;2;101;93;92m██[38;2;255;230;222m██[38;2;223;226;229m██[38;2;200;201;166m██[38;2;229;220;158m██[38;2;78;77;71m██[38;2;179;195;197m██[38;2;188;204;204m██[38;2;189;205;205m████[38;2;171;184;184m██[38;2;21;25;28m  [38;2;0;0;0m      
[38;2;0;0;0m        [38;2;10;12;13m  [38;2;83;93;109m██[38;2;104;117;119m██[38;2;168;163;109m██[38;2;122;126;114m██[38;2;79;86;90m██[38;2;92;103;107m██[38;2;130;150;153m██[38;2;137;147;143m██[38;2;168;174;153m██[38;2;255;246;179m██[38;2;173;167;126m██[38;2;174;188;188m██[38;2;189;205;205m████[38;2;182;199;199m██[38;2;189;205;205m████[38;2;0;0;0m        
[38;2;0;0;0m    [38;2;80;85;85m██[38;2;141;153;153m██[38;2;112;121;123m██[38;2;97;113;129m██[38;2;76;80;82m██[38;2;90;102;113m██[38;2;194;188;143m██[38;2;215;213;167m████[38;2;223;219;170m██[38;2;255;246;179m██[38;2;220;214;165m██[38;2;125;128;124m██[38;2;148;143;98m██[38;2;174;188;188m██[38;2;189;205;205m████[38;2;145;169;169m██[38;2;150;172;173m██[38;2;160;176;181m██[38;2;125;136;136m  [38;2;0;0;0m      
[38;2;0;0;0m  [38;2;38;41;41m  [38;2;162;176;180m████[38;2;91;104;120m██[38;2;70;72;77m██[38;2;189;205;205m██[38;2;49;50;50m██[38;2;68;73;79m██[38;2;207;200;151m██[38;2;210;204;157m██[38;2;112;116;110m████[38;2;128;129;109m██[38;2;170;164;108m██[38;2;128;136;136m██[38;2;189;205;205m████[38;2;176;195;195m██[38;2;82;95;101m██[38;2;101;118;133m██[38;2;189;205;205m████[38;2;65;70;70m██[38;2;0;0;0m    
[38;2;0;0;0m  [38;2;152;165;165m██[38;2;162;176;180m██[38;2;91;99;114m██[38;2;97;115;131m██[38;2;94;108;124m██[38;2;78;85;91m██[38;2;0;0;0m  [38;2;9;9;9m  [38;2;120;139;139m██[38;2;86;94;97m██[38;2;100;98;79m██[38;2;100;97;79m██[38;2;115;117;103m██[38;2;158;170;170m██[38;2;189;205;205m████[38;2;173;191;191m██[38;2;39;46;46m██[38;2;0;0;0m  [38;2;27;31;35m██[38;2;149;160;160m██[38;2;96;99;99m██[38;2;65;66;66m██[38;2;0;0;0m    
[38;2;0;0;0m    [38;2;108;118;130m██[38;2;77;89;101m██[38;2;73;86;98m████[38;2;0;0;0m      [38;2;12;14;14m  [38;2;120;141;144m██[38;2;124;147;152m██[38;2;123;145;151m██[38;2;139;164;164m██[38;2;139;163;163m██[38;2;176;194;194m██[38;2;167;183;187m██[38;2;106;125;132m██[38;2;4;4;4m  [38;2;0;0;0m  [38;2;189;205;205m██[38;2;117;124;124m██[38;2;118;128;139m██[38;2;189;205;205m██[38;2;152;165;165m██[38;2;0;0;0m  
[38;2;0;0;0m    [38;2;64;68;68m██[38;2;11;11;11m  [38;2;0;0;0m            [38;2;16;18;21m  [38;2;130;154;157m██[38;2;131;155;157m██[38;2;130;154;157m██[38;2;108;127;139m████[38;2;126;148;153m██[38;2;80;94;94m██[38;2;0;0;0m    [38;2;189;205;205m██[38;2;117;124;124m██[38;2;108;118;130m████[38;2;87;95;105m██[38;2;0;0;0m  
[38;2;0;0;0m                      [38;2;125;125;109m██[38;2;138;152;143m██[38;2;161;176;127m██[38;2;128;147;147m██[38;2;124;145;149m██[38;2;125;123;105m██[38;2;47;51;61m██[38;2;0;0;0m      [38;2;37;37;37m██[38;2;162;176;180m████[38;2;114;124;124m  [38;2;0;0;0m  
[38;2;0;0;0m                    [38;2;31;31;31m  [38;2;116;114;101m██[38;2;190;182;42m██[38;2;225;154;70m██[38;2;110;109;101m██[38;2;166;166;54m██[38;2;120;117;100m██[38;2;60;61;64m██[38;2;1;1;1m  [38;2;0;0;0m    [38;2;9;9;9m  [38;2;162;176;180m████[38;2;0;0;0m    
[38;2;0;0;0m                  [38;2;32;38;44m██[38;2;97;115;131m██[38;2;74;78;84m██[38;2;118;106;78m██[38;2;191;165;86m██[38;2;92;95;101m██[38;2;84;89;97m██[38;2;96;100;100m██[38;2;189;205;205m████[38;2;23;25;25m  [38;2;0;0;0m            
[38;2;0;0;0m                  [38;2;97;115;131m████[38;2;96;112;127m██[38;2;89;102;114m██[38;2;20;22;26m████[38;2;120;138;142m██[38;2;181;197;198m██[38;2;189;205;205m████[38;2;94;102;102m██[38;2;0;0;0m            
[38;2;0;0;0m                  [38;2;30;35;40m██[38;2;83;91;106m██[38;2;59;69;79m  [38;2;0;0;0m      [38;2;36;42;42m  [38;2;118;137;137m██[38;2;181;199;199m██[38;2;189;205;205m██[38;2;182;199;199m██[38;2;0;0;0m            
[38;2;0;0;0m                  [38;2;23;27;30m██[38;2;21;24;27m██[38;2;0;0;0m          [38;2;14;14;14m  [38;2;112;125;125m██[38;2;151;174;174m██[38;2;117;131;131m██[38;2;0;0;0m            
[38;2;0;0;0m                                  [38;2;98;114;119m██[38;2;83;90;90m██[38;2;53;59;61m██[38;2;0;0;0m            
[38;2;0;0;0m                                  [38;2;6;6;6m  [38;2;34;40;40m██[38;2;29;34;36m██[38;2;0;0;0m            [0m
