
[38;2;0;0;0m                    [38;2;15;14;4m    [38;2;0;0;0m                        
[38;2;0;0;0m                    [38;2;63;59;16m████[38;2;0;0;0m    [38;2;47;44;12m    [38;2;0;0;0m                
[38;2;0;0;0m                [38;2;15;14;4m  [38;2;63;59;16m██[38;2;254;238;63m██[38;2;206;193;52m██[38;2;0;0;0m    [38;2;254;238;63m██[38;2;111;104;27m██[38;2;0;0;0m                
[38;2;0;0;0m                [38;2;63;59;15m██[38;2;254;237;63m██[38;2;206;193;52m██[38;2;15;14;3m  [38;2;0;0;0m  [38;2;143;133;36m  [38;2;254;238;63m██[38;2;254;237;64m██[38;2;0;0;0m                
[38;2;0;0;0m            [38;2;15;6;3m  [38;2;63;24;14m██[38;2;254;208;64m██[38;2;254;224;65m██[38;2;231;194;67m██[38;2;105;79;30m██[38;2;111;104;30m██[38;2;255;238;65m██[38;2;238;218;61m██[38;2;47;44;11m  [38;2;0;0;0m            [38;2;9;4;4m    
[38;2;0;0;0m            [38;2;207;78;46m██[38;2;254;97;59m██[38;2;243;110;62m██[38;2;146;99;68m██[38;2;231;88;61m██[38;2;248;106;70m██[38;2;254;171;71m██[38;2;255;171;65m██[38;2;239;200;69m██[38;2;47;40;13m  [38;2;0;0;0m            [38;2;145;70;61m  [38;2;147;70;61m  
[38;2;0;0;0m            [38;2;237;90;60m██[38;2;255;97;56m██[38;2;198;90;60m██[38;2;207;88;58m██[38;2;254;97;60m████████[38;2;252;97;57m██[38;2;137;69;44m██[38;2;38;27;21m  [38;2;0;0;0m      [38;2;75;34;32m  [38;2;180;89;76m██[38;2;248;158;81m██[38;2;147;70;61m  
[38;2;0;0;0m            [38;2;58;30;29m██[38;2;117;77;66m██[38;2;123;83;68m██[38;2;126;71;63m██[38;2;254;97;57m████[38;2;254;98;57m██[38;2;218;96;59m██[38;2;135;80;63m██[38;2;205;105;64m██[38;2;38;20;12m  [38;2;0;0;0m      [38;2;183;76;71m██[38;2;254;151;77m██[38;2;147;70;61m  [38;2;9;4;4m  
[38;2;0;0;0m              [38;2;147;143;136m██[38;2;67;41;35m██[38;2;154;84;73m██[38;2;96;92;93m██[38;2;147;91;96m██[38;2;155;96;101m██[38;2;96;74;65m██[38;2;205;105;65m██[38;2;65;33;24m██[38;2;0;2;1m  [38;2;0;0;0m    [38;2;120;48;55m  [38;2;254;109;61m██[38;2;254;108;64m██[38;2;147;58;56m  [38;2;10;4;4m  
[38;2;0;0;0m              [38;2;22;18;16m  [38;2;207;175;157m██[38;2;130;105;113m██[38;2;152;133;133m██[38;2;220;220;217m██[38;2;179;103;101m██[38;2;201;102;63m██[38;2;178;97;65m██[38;2;127;64;70m██[38;2;87;40;47m  [38;2;0;0;0m  [38;2;30;12;13m  [38;2;203;78;59m  [38;2;254;97;57m██[38;2;254;97;59m██[38;2;231;88;61m██[38;2;40;16;18m  
[38;2;0;0;0m            [38;2;14;13;11m  [38;2;191;173;144m██[38;2;235;213;177m████[38;2;118;120;123m██[38;2;159;105;86m██[38;2;205;105;64m██[38;2;208;105;63m██[38;2;143;87;65m██[38;2;104;52;57m██[38;2;0;0;0m    [38;2;30;12;13m  [38;2;203;78;59m  [38;2;254;97;57m██[38;2;254;97;60m██[38;2;203;78;59m  [38;2;30;12;13m  
[38;2;0;0;0m            [38;2;51;45;41m██[38;2;132;117;102m██[38;2;141;127;114m██[38;2;243;207;179m██[38;2;207;187;161m██[38;2;158;102;82m██[38;2;197;111;64m██[38;2;124;83;64m██[38;2;206;194;63m██[38;2;195;182;52m██[38;2;0;0;0m      [38;2;30;12;13m  [38;2;182;72;66m██[38;2;186;72;57m██[38;2;30;12;13m  [38;2;0;0;0m  
[38;2;0;0;0m      [38;2;0;0;1m  [38;2;12;6;5m  [38;2;25;16;16m██[38;2;170;134;92m██[38;2;151;109;109m██[38;2;167;122;126m██[38;2;128;81;79m██[38;2;71;69;77m██[38;2;66;65;68m██[38;2;66;62;65m██[38;2;209;182;66m██[38;2;254;238;63m██[38;2;254;238;64m██[38;2;191;178;48m██[38;2;0;0;0m      [38;2;62;30;20m██[38;2;62;30;24m██[38;2;0;0;0m    
[38;2;0;0;0m      [38;2;55;32;24m  [38;2;153;83;59m██[38;2;170;86;65m██[38;2;120;106;69m██[38;2;167;142;73m██[38;2;82;65;65m██[38;2;225;87;65m██[38;2;207;88;58m████[38;2;171;82;60m██[38;2;171;157;70m██[38;2;254;238;63m██[38;2;199;140;69m██[38;2;135;80;53m██[38;2;0;0;0m      [38;2;207;184;55m██[38;2;63;50;18m██[38;2;0;0;0m    
[38;2;0;0;0m  [38;2;14;16;19m  [38;2;195;97;65m██[38;2;177;81;69m██[38;2;156;66;69m██[38;2;119;56;41m██[38;2;0;0;0m  [38;2;46;43;27m  [38;2;150;134;52m██[38;2;192;99;69m██[38;2;249;94;58m██[38;2;202;96;67m██[38;2;208;98;66m██[38;2;148;78;61m██[38;2;164;96;69m██[38;2;232;96;60m██[38;2;229;89;65m██[38;2;71;37;40m██[38;2;11;10;5m  [38;2;203;188;53m██[38;2;178;164;51m██[38;2;0;0;0m      
[38;2;36;37;38m  [38;2;97;106;117m██[38;2;203;174;177m██[38;2;122;88;78m██[38;2;38;12;13m  [38;2;0;0;0m    [38;2;0;0;18m  [38;2;232;191;78m██[38;2;193;99;69m██[38;2;193;102;69m██[38;2;249;225;64m██[38;2;183;70;69m██[38;2;255;97;56m██[38;2;187;94;65m██[38;2;167;81;68m██[38;2;231;84;65m██[38;2;216;84;54m██[38;2;84;76;55m██[38;2;201;175;77m██[38;2;35;30;14m  [38;2;0;0;0m      
[38;2;15;17;19m  [38;2;158;160;163m██[38;2;12;0;0m  [38;2;146;140;143m  [38;2;9;0;0m  [38;2;0;0;0m  [38;2;11;10;5m  [38;2;142;129;54m██[38;2;119;110;51m██[38;2;204;127;70m██[38;2;199;140;70m██[38;2;255;238;65m██[38;2;237;205;66m██[38;2;211;96;66m██[38;2;154;101;75m██[38;2;78;73;73m██[38;2;148;70;68m██[38;2;183;72;69m██[38;2;86;80;64m██[38;2;35;30;14m  [38;2;0;0;0m        
[38;2;0;0;0m            [38;2;47;40;20m██[38;2;190;161;77m██[38;2;143;124;73m██[38;2;179;160;73m██[38;2;217;194;72m██[38;2;255;237;65m██[38;2;204;179;74m██[38;2;138;103;83m██[38;2;222;210;72m██[38;2;112;107;65m██[38;2;183;154;154m██[38;2;183;72;69m██[38;2;138;138;133m██[38;2;0;0;0m          
[38;2;0;0;0m              [38;2;106;91;49m  [38;2;158;135;71m██[38;2;88;82;67m██[38;2;141;120;61m██[38;2;177;150;74m██[38;2;160;139;79m██[38;2;209;197;69m██[38;2;207;194;65m██[38;2;207;207;207m██[38;2;162;138;141m██[38;2;230;207;209m██[38;2;129;113;112m██[38;2;57;53;53m██[38;2;0;0;0m        
[38;2;0;0;0m              [38;2;0;7;12m  [38;2;66;47;35m██[38;2;29;31;31m██[38;2;0;0;0m  [38;2;35;30;14m  [38;2;40;34;19m██[38;2;52;49;17m██[38;2;243;227;65m██[38;2;136;132;100m██[38;2;143;120;73m██[38;2;69;63;64m██[38;2;17;13;13m  [38;2;14;13;13m  [38;2;0;0;0m        
[38;2;0;0;0m          [38;2;41;41;41m  [38;2;62;38;31m██[38;2;185;104;72m██[38;2;192;106;71m██[38;2;193;100;62m██[38;2;0;0;0m        [38;2;67;36;29m██[38;2;68;66;58m██[38;2;64;54;52m██[38;2;15;6;3m  [38;2;0;0;0m            
[38;2;0;0;0m          [38;2;41;41;41m  [38;2;81;61;65m██[38;2;214;177;175m██[38;2;52;24;22m██[38;2;39;18;13m██[38;2;0;0;0m        [38;2;243;94;57m██[38;2;207;88;58m██[38;2;219;90;58m██[38;2;63;24;14m██[38;2;0;0;0m            
[38;2;0;0;0m                          [38;2;143;143;143m██[38;2;148;58;52m██[38;2;191;105;108m██[38;2;164;66;66m██[38;2;47;18;10m  [38;2;0;0;0m            
[38;2;0;0;0m                            [38;2;10;4;5m  [38;2;58;51;51m██[38;2;29;12;13m  [38;2;0;0;0m              [0m
