
[38;2;0;0;0m            [38;2;10;3;5m  [38;2;56;19;23m██[38;2;0;0;0m      [38;2;48;48;49m  [38;2;41;43;44m██[38;2;15;15;15m  [38;2;0;0;0m      [38;2;45;16;18m  [38;2;32;12;16m  [38;2;0;0;0m              
[38;2;0;0;0m            [38;2;46;16;20m██[38;2;193;67;84m██[38;2;85;88;90m  [38;2;0;0;0m  [38;2;48;48;49m  [38;2;129;131;133m██[38;2;180;186;187m██[38;2;127;145;147m██[38;2;0;0;0m    [38;2;45;17;16m  [38;2;211;77;84m██[38;2;139;51;62m██[38;2;0;0;0m              
[38;2;0;0;0m        [38;2;6;7;13m  [38;2;29;56;82m██[38;2;0;0;0m  [38;2;37;42;50m  [38;2;88;97;110m██[38;2;67;70;73m██[38;2;0;0;0m  [38;2;31;30;31m  [38;2;65;64;68m██[38;2;10;9;10m  [38;2;0;0;0m  [38;2;37;39;40m  [38;2;130;139;144m██[38;2;119;59;76m██[38;2;0;0;0m  [38;2;22;48;69m  [38;2;20;30;51m  [38;2;0;0;0m          
[38;2;0;0;0m        [38;2;18;27;46m██[38;2;96;127;180m██[38;2;72;87;117m  [38;2;0;0;0m  [38;2;25;29;33m██[38;2;80;82;92m██[38;2;50;49;55m  [38;2;156;165;173m  [38;2;210;224;238m██[38;2;47;53;57m  [38;2;30;32;33m  [38;2;132;141;144m██[38;2;64;72;84m██[38;2;1;2;2m  [38;2;16;38;57m  [38;2;72;166;249m██[38;2;49;106;180m██[38;2;0;0;0m          
[38;2;0;0;0m          [38;2;32;36;43m  [38;2;86;96;111m██[38;2;75;79;82m██[38;2;67;76;86m██[38;2;118;129;142m██[38;2;209;235;255m██[38;2;222;240;255m██[38;2;227;241;254m██[38;2;208;233;251m██[38;2;83;89;92m██[38;2;95;103;116m██[38;2;0;0;0m  [38;2;46;49;50m  [38;2;130;138;143m██[38;2;57;99;136m██[38;2;0;0;0m            
[38;2;0;0;0m            [38;2;19;22;26m██[38;2;79;89;104m██[38;2;75;83;94m██[38;2;170;191;207m██[38;2;135;145;147m██[38;2;193;214;228m██[38;2;208;234;254m██[38;2;205;234;254m██[38;2;82;84;85m██[38;2;135;145;147m██[38;2;97;105;110m██[38;2;134;144;147m██[38;2;61;66;79m██[38;2;0;0;0m              
[38;2;0;0;0m                [38;2;65;72;78m██[38;2;192;200;205m██[38;2;255;255;255m██[38;2;214;217;218m██[38;2;176;197;211m██[38;2;207;235;254m██[38;2;191;216;231m██[38;2;107;116;120m██[38;2;90;95;97m██[38;2;42;46;52m██[38;2;0;0;0m                
[38;2;19;37;61m██[38;2;76;144;242m██[38;2;104;122;143m██[38;2;130;139;144m██[38;2;105;112;114m██[38;2;3;3;3m  [38;2;0;0;0m  [38;2;4;4;4m  [38;2;182;182;182m██[38;2;207;207;207m██[38;2;81;81;81m██[38;2;255;255;255m██[38;2;153;166;173m██[38;2;196;225;240m██[38;2;194;230;247m██[38;2;160;203;221m██[38;2;0;0;0m        [38;2;3;4;4m  [38;2;14;17;17m██████[38;2;7;14;21m██[38;2;1;2;3m  
[38;2;4;9;15m  [38;2;27;45;69m██[38;2;36;36;36m██[38;2;67;74;89m██[38;2;109;119;126m██[38;2;64;66;69m██[38;2;134;150;162m██[38;2;164;171;180m██[38;2;107;109;113m██[38;2;149;151;153m██[38;2;252;255;255m██[38;2;193;202;207m██[38;2;146;148;146m██[38;2;187;189;189m██[38;2;144;162;171m██[38;2;71;83;89m██[38;2;0;0;0m        [38;2;114;131;130m██[38;2;146;161;162m██████[38;2;77;148;233m██[38;2;14;26;42m██
[38;2;0;0;0m      [38;2;17;19;20m  [38;2;76;84;92m██[38;2;158;179;194m██[38;2;209;235;254m██[38;2;221;239;254m██[38;2;201;234;239m██[38;2;110;124;132m██[38;2;120;124;129m██[38;2;164;183;192m██[38;2;146;150;148m██[38;2;199;201;202m██[38;2;103;104;105m██[38;2;93;95;99m██[38;2;229;242;254m██[38;2;214;237;254m██[38;2;37;42;46m██[38;2;58;58;60m██[38;2;135;145;147m██[38;2;117;125;127m██[38;2;0;0;0m        
[38;2;40;15;14m  [38;2;138;79;77m██[38;2;121;90;89m██[38;2;98;108;110m██[38;2;81;84;85m██[38;2;181;194;200m██[38;2;172;188;196m██[38;2;208;236;254m██[38;2;186;223;245m██[38;2;159;208;231m██[38;2;131;167;184m██[38;2;100;118;128m██[38;2;75;85;91m██[38;2;67;68;71m██[38;2;177;199;215m██[38;2;212;235;254m██[38;2;227;243;254m██[38;2;217;238;254m██[38;2;207;234;254m██[38;2;100;106;112m██[38;2;137;145;147m██[38;2;123;139;140m██[38;2;0;0;0m        
[38;2;34;10;16m  [38;2;128;55;75m██[38;2;76;46;61m██[38;2;56;64;77m██[38;2;109;107;109m██[38;2;202;201;202m██[38;2;225;227;228m██[38;2;150;190;209m██[38;2;145;181;199m██[38;2;153;200;220m██[38;2;156;207;227m████[38;2;0;0;0m  [38;2;41;47;52m  [38;2;204;230;247m██[38;2;171;184;189m██[38;2;167;175;177m██[38;2;181;201;213m██[38;2;205;234;255m██[38;2;128;141;151m██[38;2;85;95;105m██[38;2;130;141;146m██[38;2;156;177;177m████[38;2;200;73;84m██[38;2;40;15;18m██
[38;2;0;0;0m  [38;2;0;0;1m    [38;2;0;0;0m  [38;2;11;11;11m  [38;2;168;167;168m██[38;2;223;227;229m██[38;2;124;136;139m██[38;2;223;223;222m██[38;2;145;151;153m██[38;2;156;206;229m██[38;2;60;79;88m██[38;2;0;0;0m  [38;2;153;175;191m██[38;2;169;179;184m██[38;2;246;248;250m██[38;2;255;255;255m██[38;2;238;239;240m██[38;2;162;179;189m██[38;2;205;234;255m██[38;2;107;139;155m██[38;2;22;23;24m██[38;2;24;26;26m████[38;2;33;12;14m██[38;2;7;2;3m  
[38;2;0;0;0m        [38;2;25;29;28m██[38;2;165;167;167m██[38;2;139;161;168m██[38;2;136;163;175m██[38;2;184;185;181m██[38;2;145;158;164m██[38;2;141;187;209m██[38;2;24;32;36m  [38;2;0;0;0m  [38;2;97;111;121m  [38;2;159;171;176m██[38;2;255;255;255m██[38;2;133;133;133m██[38;2;250;255;255m██[38;2;146;164;174m██[38;2;163;211;232m██[38;2;74;98;109m  [38;2;0;0;0m          
[38;2;0;0;0m        [38;2;30;37;34m██[38;2;146;168;167m██[38;2;71;72;74m██[38;2;135;173;192m██[38;2;152;197;219m██[38;2;155;203;227m██[38;2;10;14;15m  [38;2;0;0;0m      [38;2;161;191;206m██[38;2;227;229;230m██[38;2;255;255;255m██[38;2;169;179;187m██[38;2;174;198;207m██[38;2;156;207;227m██[38;2;0;0;0m            
[38;2;0;0;0m          [38;2;50;55;53m  [38;2;121;137;135m██[38;2;100;109;110m██[38;2;66;66;69m██[38;2;65;68;71m██[38;2;0;0;0m      [38;2;27;31;36m  [38;2;80;92;103m██[38;2;104;113;121m██[38;2;144;172;185m██[38;2;153;197;218m██[38;2;86;112;125m██[38;2;44;55;62m██[38;2;55;64;64m    [38;2;0;0;0m        
[38;2;0;0;0m            [38;2;20;22;24m██[38;2;118;131;135m██[38;2;75;84;92m██[38;2;137;145;147m██[38;2;0;0;0m    [38;2;21;23;24m██[38;2;124;132;135m██[38;2;137;145;147m████[38;2;65;70;73m██[38;2;16;17;18m██[38;2;0;0;0m    [38;2;40;47;47m██[38;2;99;114;126m██[38;2;0;0;0m        
[38;2;0;0;0m            [38;2;94;60;68m██[38;2;75;82;91m██[38;2;105;120;139m██[38;2;30;34;39m██[38;2;0;0;0m    [38;2;66;72;80m██[38;2;80;85;87m██[38;2;0;0;0m  [38;2;46;49;50m  [38;2;119;127;131m██[38;2;18;19;20m  [38;2;0;0;0m    [38;2;65;75;75m██[38;2;9;10;10m  [38;2;0;0;0m        
[38;2;0;0;0m            [38;2;123;58;63m██[38;2;90;110;142m██[38;2;83;99;124m██[38;2;0;0;0m    [38;2;3;5;8m  [38;2;127;139;147m██[38;2;30;32;33m  [38;2;0;0;0m  [38;2;5;6;6m  [38;2;133;141;144m██[38;2;31;32;33m  [38;2;0;0;0m                
[38;2;0;0;0m              [38;2;20;30;51m    [38;2;0;0;0m    [38;2;53;77;129m██[38;2;55;84;141m██[38;2;0;0;0m    [38;2;86;92;97m██[38;2;102;108;110m██[38;2;0;0;0m                  
[38;2;0;0;0m                            [38;2;40;15;19m██[38;2;185;60;86m██[38;2;0;0;0m                    
[38;2;0;0;0m                            [38;2;13;4;6m  [38;2;52;16;24m██[38;2;0;0;0m                    [0m
