
[38;2;0;0;0m                    [38;2;0;1;0m  [38;2;20;19;16m██[38;2;0;0;0m    [38;2;0;1;0m  [38;2;0;0;0m  
[38;2;0;0;0m            [38;2;0;2;0m    [38;2;0;0;0m  [38;2;39;34;32m  [38;2;114;93;94m██[38;2;13;12;11m  [38;2;0;3;0m  [38;2;66;57;54m  [38;2;112;93;92m██[38;2;32;28;26m  
[38;2;0;0;0m            [38;2;129;129;124m██[38;2;122;121;117m██[38;2;36;36;33m██[38;2;94;80;68m██[38;2;95;81;69m██[38;2;113;106;92m██[38;2;113;95;97m██[38;2;119;99;93m██[38;2;61;51;42m  [38;2;0;0;0m  
[38;2;0;0;0m            [38;2;51;52;48m██[38;2;75;70;66m██[38;2;78;69;62m██[38;2;186;179;172m██[38;2;186;183;177m██[38;2;252;229;192m██[38;2;67;65;66m██[38;2;107;90;71m██[38;2;82;72;57m  [38;2;0;1;0m  
[38;2;0;0;0m          [38;2;128;91;100m██[38;2;255;177;200m██[38;2;225;139;160m██[38;2;103;84;78m██[38;2;69;63;56m██[38;2;101;101;96m██[38;2;164;161;157m██[38;2;58;49;39m  [38;2;0;2;0m  [38;2;0;1;0m  [38;2;0;0;0m  
[38;2;0;0;0m      [38;2;0;3;0m  [38;2;131;75;86m██[38;2;247;141;164m██[38;2;255;166;189m██[38;2;73;69;65m██[38;2;209;122;143m██[38;2;0;2;0m  [38;2;0;0;0m  [38;2;0;4;0m██[38;2;0;0;0m        
[38;2;0;0;0m    [38;2;32;35;31m  [38;2;158;116;127m██[38;2;229;151;168m██[38;2;150;93;107m██[38;2;156;133;137m██[38;2;95;80;78m██[38;2;227;130;153m██[38;2;0;2;0m  [38;2;0;0;0m            
[38;2;0;0;0m  [38;2;11;14;10m  [38;2;150;152;142m██[38;2;162;127;132m██[38;2;90;82;85m██[38;2;231;209;215m██[38;2;211;197;197m██[38;2;130;96;98m██[38;2;58;37;39m██[38;2;0;0;0m    [38;2;12;14;10m██[38;2;12;13;10m  [38;2;0;0;0m      
[38;2;0;1;0m  [38;2;124;127;118m██[38;2;159;159;150m██[38;2;107;103;94m██[38;2;117;93;90m██[38;2;188;122;136m██[38;2;172;142;145m██[38;2;199;122;134m██[38;2;142;116;106m██[38;2;78;69;60m██[38;2;80;66;66m██[38;2;139;115;112m██[38;2;138;111;113m██[38;2;36;31;29m  [38;2;0;0;0m    
[38;2;0;0;0m  [38;2;71;72;51m  [38;2;112;113;104m██[38;2;98;96;72m██[38;2;134;102;106m██[38;2;126;110;111m██[38;2;206;136;145m██[38;2;96;80;83m██[38;2;156;123;122m██[38;2;132;113;108m██[38;2;134;111;107m██[38;2;139;115;112m████[38;2;71;60;57m██[38;2;0;0;0m    
[38;2;0;0;0m  [38;2;70;56;43m  [38;2;85;79;71m██[38;2;67;65;66m██[38;2;174;121;126m██[38;2;205;136;145m██[38;2;225;136;154m██[38;2;184;132;129m██[38;2;190;155;135m██[38;2;91;78;77m██[38;2;139;115;111m██[38;2;139;115;112m████[38;2;139;114;112m██[38;2;40;41;40m  [38;2;0;0;0m  
[38;2;8;8;5m  [38;2;99;81;63m██[38;2;103;88;75m██[38;2;218;180;153m██[38;2;148;99;111m██[38;2;244;140;164m██[38;2;227;135;154m██[38;2;178;142;131m██[38;2;103;84;80m██[38;2;123;103;92m██[38;2;138;114;111m██[38;2;139;115;111m██████[38;2;85;76;74m██[38;2;22;21;15m  
[38;2;5;6;5m  [38;2;68;60;50m██[38;2;102;88;78m██[38;2;218;182;153m██[38;2;134;117;105m██[38;2;97;82;83m██[38;2;174;128;125m██[38;2;225;185;156m██[38;2;100;91;85m██[38;2;114;93;74m██[38;2;135;112;109m██[38;2;139;114;112m████[38;2;103;90;89m██[38;2;136;111;108m██[38;2;32;28;26m  
[38;2;0;0;0m  [38;2;70;71;57m  [38;2;109;96;92m██[38;2;188;157;134m██[38;2;217;180;152m██[38;2;223;184;155m██[38;2;210;175;148m██[38;2;189;157;137m██[38;2;136;113;105m██[38;2;77;75;70m██[38;2;92;88;73m██[38;2;118;101;96m██[38;2;88;87;78m██[38;2;90;90;75m██[38;2;0;2;0m  [38;2;0;0;0m  
[38;2;0;0;0m  [38;2;0;3;0m  [38;2;112;110;91m██[38;2;188;153;137m██[38;2;146;124;110m██[38;2;194;159;138m██[38;2;126;108;100m██[38;2;169;139;126m██[38;2;125;105;101m██[38;2;109;107;105m██[38;2;187;184;178m██[38;2;111;109;100m██[38;2;96;99;96m██[38;2;78;79;73m██[38;2;0;0;0m    
[38;2;0;0;0m    [38;2;53;55;43m██[38;2;105;102;88m██[38;2;90;83;76m██[38;2;135;114;103m██[38;2;128;108;102m██[38;2;103;95;89m██[38;2;106;90;86m██[38;2;103;95;87m██[38;2;185;182;177m██[38;2;146;145;138m██[38;2;141;141;137m██[38;2;114;115;110m██[38;2;0;1;0m  [38;2;0;0;0m  
[38;2;0;0;0m    [38;2;0;1;0m  [38;2;127;128;100m██[38;2;131;120;109m██[38;2;230;204;177m██[38;2;65;65;65m██[38;2;107;100;94m██[38;2;255;220;184m██[38;2;148;131;113m██[38;2;65;65;65m██[38;2;148;149;144m██[38;2;194;191;186m██[38;2;155;155;150m██[38;2;0;3;0m  [38;2;0;0;0m  
[38;2;0;0;0m      [38;2;0;1;0m  [38;2;100;91;78m██[38;2;134;118;104m██[38;2;180;162;140m██[38;2;199;180;155m██[38;2;144;127;111m██[38;2;117;105;91m██[38;2;77;73;72m██[38;2;106;100;95m██[38;2;80;78;77m██[38;2;150;147;141m██[38;2;0;3;0m  [38;2;0;0;0m  
[38;2;0;0;0m        [38;2;0;1;0m  [38;2;76;72;70m██[38;2;134;111;98m██[38;2;195;175;145m██[38;2;201;175;145m██[38;2;74;62;62m██[38;2;107;89;70m██[38;2;109;90;70m██[38;2;110;91;70m██[38;2;34;34;30m██[38;2;0;0;0m    
[38;2;0;0;0m        [38;2;0;1;0m  [38;2;87;64;43m██[38;2;140;92;72m██[38;2;73;64;62m██[38;2;118;77;65m██[38;2;141;104;104m██[38;2;84;72;63m██[38;2;69;60;49m██[38;2;42;37;27m██[38;2;112;90;72m██[38;2;61;49;38m  [38;2;0;0;0m  
[38;2;0;0;0m        [38;2;57;44;28m██[38;2;8;9;5m  [38;2;63;63;57m██[38;2;176;117;112m██[38;2;171;118;119m██[38;2;150;100;104m██[38;2;186;123;117m██[38;2;0;2;0m  [38;2;0;0;0m  [38;2;0;3;0m  [38;2;0;2;0m  [38;2;0;0;0m  
[38;2;0;0;0m        [38;2;0;1;0m  [38;2;0;0;0m  [38;2;0;1;0m  [38;2;21;24;15m    [38;2;0;1;0m  [38;2;25;28;18m  [38;2;0;0;0m          [0m
