
[38;2;0;0;0m        [38;2;61;34;40m██[38;2;63;33;42m██[38;2;1;0;1m  [38;2;0;0;0m                            
[38;2;0;0;0m      [38;2;118;45;87m  [38;2;246;139;162m██[38;2;199;104;135m██[38;2;190;101;128m██[38;2;185;103;123m██[38;2;0;0;0m          [38;2;13;9;10m  [38;2;191;124;148m██[38;2;112;69;87m  [38;2;0;0;0m          
[38;2;0;0;0m    [38;2;247;138;164m██[38;2;247;139;162m██[38;2;123;100;96m██[38;2;83;90;68m██[38;2;138;108;96m██[38;2;186;109;126m██[38;2;0;0;0m        [38;2;34;24;27m  [38;2;124;81;102m██[38;2;217;140;168m██[38;2;215;135;165m██[38;2;16;6;12m  [38;2;63;44;49m██[38;2;52;26;39m██[38;2;0;0;0m    
[38;2;0;0;0m    [38;2;104;57;71m██[38;2;126;84;98m██[38;2;106;160;87m██[38;2;167;158;71m██[38;2;188;180;69m██[38;2;97;142;68m██[38;2;0;0;0m        [38;2;108;69;81m██[38;2;205;96;152m██[38;2;225;156;111m██[38;2;232;182;90m██[38;2;158;61;117m██[38;2;205;98;152m██[38;2;228;135;173m██[38;2;0;0;0m    
[38;2;0;0;0m    [38;2;119;61;79m██[38;2;96;68;82m██[38;2;112;185;89m██[38;2;160;169;75m██[38;2;123;115;74m██[38;2;125;183;87m██[38;2;62;101;49m██[38;2;0;0;0m    [38;2;4;2;3m  [38;2;226;148;175m██[38;2;251;172;194m██[38;2;195;83;144m██[38;2;237;197;83m██[38;2;206;117;119m██[38;2;241;155;185m██[38;2;122;85;95m██[38;2;0;0;0m    
[38;2;0;0;0m    [38;2;232;129;157m██[38;2;201;110;140m██[38;2;91;127;78m██[38;2;112;185;89m██[38;2;113;185;89m██[38;2;92;110;74m██[38;2;88;140;69m██[38;2;1;2;1m  [38;2;0;0;0m    [38;2;34;24;27m  [38;2;205;98;152m██[38;2;176;150;140m██[38;2;192;83;142m██[38;2;238;151;182m██[38;2;191;76;139m██[38;2;239;153;183m██[38;2;0;0;0m    
[38;2;0;0;0m    [38;2;26;16;18m  [38;2;158;94;107m  [38;2;58;88;50m██[38;2;111;179;88m██[38;2;96;131;77m██[38;2;242;227;65m██[38;2;109;121;79m██[38;2;18;18;18m██[38;2;0;0;0m    [38;2;128;119;37m██[38;2;189;160;70m██[38;2;147;223;131m██[38;2;183;116;141m██[38;2;249;168;192m██[38;2;223;156;173m██[38;2;19;14;15m  [38;2;0;0;0m    
[38;2;0;0;0m          [38;2;25;40;19m  [38;2;85;111;94m██[38;2;242;227;66m██[38;2;231;221;68m██[38;2;81;79;71m██[38;2;57;73;49m  [38;2;1;1;7m  [38;2;111;148;86m██[38;2;158;207;116m██[38;2;147;223;131m██[38;2;173;161;80m██[38;2;119;93;74m██[38;2;53;37;41m  [38;2;0;0;0m      
[38;2;0;0;0m          [38;2;0;1;3m  [38;2;71;75;47m██[38;2;145;138;69m██[38;2;190;172;65m██[38;2;112;124;91m██[38;2;172;239;139m██[38;2;56;72;54m██[38;2;108;156;104m██[38;2;83;113;85m██[38;2;121;175;108m██[38;2;149;124;50m██[38;2;66;62;31m  [38;2;0;0;0m        
[38;2;0;0;0m          [38;2;168;170;68m  [38;2;181;205;102m██[38;2;171;214;128m██[38;2;169;211;127m██[38;2;197;253;147m██[38;2;154;227;133m██[38;2;126;181;114m██[38;2;79;112;94m██[38;2;86;139;122m██[38;2;56;86;64m██[38;2;0;0;0m            
[38;2;0;0;0m    [38;2;38;54;48m██[38;2;33;52;45m██[38;2;7;7;6m  [38;2;227;212;60m██[38;2;174;185;92m██[38;2;182;245;142m██[38;2;160;212;127m██[38;2;112;95;71m██[38;2;138;119;70m██[38;2;160;191;103m██[38;2;114;158;104m██[38;2;54;73;51m  [38;2;0;0;0m  [38;2;2;4;3m  [38;2;8;12;10m  [38;2;34;46;33m██[38;2;28;42;32m██[38;2;0;0;0m    
[38;2;17;27;24m  [38;2;65;105;92m██[38;2;85;128;106m██[38;2;80;98;88m██[38;2;91;145;73m██[38;2;122;125;68m██[38;2;151;215;116m██[38;2;147;224;128m██[38;2;133;161;103m██[38;2;216;199;67m██[38;2;241;228;69m██[38;2;174;143;67m██[38;2;147;223;129m██[38;2;0;0;0m  [38;2;3;0;7m  [38;2;47;63;47m██[38;2;69;100;78m██[38;2;169;153;68m██[38;2;121;126;64m██[38;2;0;7;14m  [38;2;0;0;0m  
[38;2;16;15;4m  [38;2;77;108;88m██[38;2;83;120;107m██[38;2;101;163;101m██[38;2;112;184;89m██[38;2;92;116;74m██[38;2;116;170;103m██[38;2;144;223;125m██[38;2;126;166;102m██[38;2;165;148;69m██[38;2;214;190;66m██[38;2;172;166;73m██[38;2;122;183;101m██[38;2;82;101;77m██[38;2;105;155;92m██[38;2;61;77;62m██[38;2;183;182;73m██[38;2;183;171;79m██[38;2;183;180;97m██[38;2;108;124;83m██[38;2;17;27;24m  
[38;2;16;15;4m  [38;2;65;63;55m██[38;2;88;138;112m██[38;2;89;107;83m██[38;2;112;185;89m██[38;2;114;185;89m██[38;2;86;129;75m██[38;2;95;149;88m██[38;2;97;166;89m██[38;2;87;122;79m██[38;2;140;166;79m██[38;2;114;184;89m██[38;2;110;151;93m██[38;2;147;224;128m██[38;2;110;152;105m██[38;2;92;123;97m██[38;2;99;123;85m██[38;2;149;220;129m██[38;2;125;143;78m██[38;2;29;30;28m  [38;2;0;0;0m  
[38;2;0;0;0m    [38;2;81;129;111m██[38;2;11;17;15m  [38;2;61;76;67m██[38;2;84;134;69m██[38;2;89;134;71m██[38;2;67;88;55m██[38;2;81;106;80m██[38;2;100;154;98m██[38;2;83;93;81m██[38;2;78;75;69m██[38;2;120;169;109m██[38;2;147;224;128m██[38;2;139;222;117m██[38;2;76;97;67m██[38;2;73;114;81m██[38;2;77;104;87m██[38;2;22;27;22m██[38;2;0;0;0m    
[38;2;0;0;0m    [38;2;15;24;20m  [38;2;0;0;0m  [38;2;10;11;10m  [38;2;2;3;3m  [38;2;0;0;0m  [38;2;15;19;12m  [38;2;48;56;45m██[38;2;130;183;116m██[38;2;94;121;94m██[38;2;76;79;74m██[38;2;147;223;131m██[38;2;123;189;99m██[38;2;118;186;94m██[38;2;28;44;24m██[38;2;10;14;11m  [38;2;33;53;46m██[38;2;27;43;38m██[38;2;0;0;0m    
[38;2;0;0;0m                [38;2;16;25;14m  [38;2;145;219;128m██[38;2;120;168;108m██[38;2;141;220;135m██[38;2;105;148;94m██[38;2;39;61;34m  [38;2;0;0;2m  [38;2;0;0;0m            
[38;2;0;0;0m                [38;2;41;62;37m██[38;2;146;221;126m██[38;2;120;182;104m██[38;2;120;184;101m██[38;2;112;184;89m██[38;2;0;0;0m                
[38;2;0;0;0m                [38;2;10;16;13m  [38;2;70;89;72m██[38;2;78;117;87m██[38;2;80;126;85m██[38;2;78;119;70m██[38;2;0;0;0m                
[38;2;0;0;0m              [38;2;62;98;85m  [38;2;76;121;103m██[38;2;81;123;106m██[38;2;83;114;86m████[38;2;74;118;98m██[38;2;0;0;0m                
[38;2;0;0;0m                  [38;2;63;102;90m  [38;2;87;140;123m██[38;2;63;102;90m  [38;2;36;57;49m  [38;2;65;105;89m██[38;2;26;42;36m  [38;2;0;0;0m            
[38;2;0;0;0m                    [38;2;22;35;30m██[38;2;0;0;0m                    [0m
