
[38;2;0;0;0m                [38;2;6;9;8m  [38;2;27;34;34m████[38;2;6;9;8m  [38;2;0;0;0m            
[38;2;0;0;0m              [38;2;32;38;40m  [38;2;85;99;110m██[38;2;99;115;127m████[38;2;85;99;110m██[38;2;0;2;0m  [38;2;0;0;0m  [38;2;0;3;0m  [38;2;0;0;0m      
[38;2;0;0;0m            [38;2;0;1;0m  [38;2;76;83;88m██[38;2;99;115;129m██[38;2;99;115;128m██[38;2;99;115;127m████[38;2;83;96;108m██[38;2;34;39;37m██[38;2;85;88;85m██[38;2;14;17;14m  [38;2;0;0;0m    
[38;2;0;0;0m      [38;2;0;2;0m  [38;2;0;0;0m      [38;2;6;9;6m  [38;2;96;103;109m██[38;2;99;115;129m██[38;2;76;89;98m██[38;2;8;14;11m██[38;2;94;98;101m██[38;2;94;97;96m██[38;2;6;9;6m  [38;2;0;0;0m      
[38;2;0;0;0m    [38;2;0;1;0m  [38;2;74;87;95m██[38;2;44;54;57m██[38;2;11;14;14m  [38;2;33;34;34m  [38;2;71;77;77m██[38;2;95;97;95m██[38;2;62;65;62m██[38;2;0;1;0m  [38;2;0;0;0m  [38;2;0;2;0m    [38;2;0;0;0m        
[38;2;0;0;0m    [38;2;24;31;32m██[38;2;95;101;107m██[38;2;93;105;113m██[38;2;94;106;113m██[38;2;99;115;127m████[38;2;65;65;65m██[38;2;56;62;63m██[38;2;6;6;0m  [38;2;0;0;0m  [38;2;0;4;0m██[38;2;0;1;0m  [38;2;0;0;0m        
[38;2;0;0;0m  [38;2;0;3;0m  [38;2;97;110;119m██[38;2;97;108;119m██[38;2;89;95;96m██[38;2;96;110;121m██[38;2;94;108;119m██[38;2;83;91;97m██[38;2;98;115;127m██[38;2;99;114;127m██[38;2;88;102;112m██[38;2;53;64;69m██[38;2;74;87;95m██[38;2;0;1;0m  [38;2;0;0;0m        
[38;2;0;0;0m    [38;2;27;30;27m██[38;2;83;80;73m██[38;2;98;114;128m████[38;2;90;102;112m██[38;2;90;102;111m██[38;2;99;115;128m██[38;2;79;81;82m██[38;2;80;83;85m██[38;2;98;113;126m██[38;2;0;3;0m  [38;2;0;0;0m          
[38;2;0;0;0m  [38;2;0;3;0m  [38;2;98;115;127m██[38;2;99;115;128m██[38;2;98;115;128m██[38;2;99;115;128m██[38;2;96;110;122m██[38;2;80;86;92m██[38;2;98;115;128m██[38;2;90;101;110m██[38;2;90;102;111m████[38;2;0;3;0m  [38;2;0;0;0m          
[38;2;0;1;0m  [38;2;74;87;95m██[38;2;96;104;106m██[38;2;82;76;69m██[38;2;94;108;118m██[38;2;99;115;127m██[38;2;93;105;115m████[38;2;72;74;77m██[38;2;92;104;114m██[38;2;78;84;89m██[38;2;38;46;49m██[38;2;0;0;0m            
[38;2;0;1;0m  [38;2;78;88;97m██[38;2;108;81;68m██[38;2;127;96;77m██[38;2;74;77;75m██[38;2;81;87;93m██[38;2;77;74;67m██[38;2;77;76;65m██[38;2;81;87;88m██[38;2;99;114;126m██[38;2;99;115;127m████[38;2;0;3;0m  [38;2;0;0;0m          
[38;2;0;0;0m  [38;2;4;5;0m  [38;2;102;79;76m██[38;2;120;94;85m██[38;2;81;86;87m██[38;2;82;82;77m██[38;2;160;112;76m██[38;2;126;112;81m██[38;2;75;76;71m██[38;2;90;102;110m██[38;2;99;115;127m██[38;2;24;31;31m██[38;2;0;0;0m            
[38;2;0;0;0m    [38;2;36;44;46m██[38;2;97;112;124m██[38;2;100;115;130m██[38;2;96;106;115m██[38;2;221;95;62m██[38;2;97;91;83m██[38;2;77;74;67m██[38;2;90;102;112m██[38;2;78;92;101m██[38;2;4;6;5m  [38;2;0;0;0m            
[38;2;0;0;0m  [38;2;26;33;34m  [38;2;96;109;117m██[38;2;91;98;102m██[38;2;84;91;96m██[38;2;92;104;113m██[38;2;99;115;127m██[38;2;99;115;128m██[38;2;80;86;92m██[38;2;87;93;96m██[38;2;26;30;29m  [38;2;0;1;0m  [38;2;0;0;0m            
[38;2;0;0;0m  [38;2;6;10;8m  [38;2;98;114;127m██[38;2;97;112;123m██[38;2;96;111;122m██[38;2;86;89;85m██[38;2;83;82;73m████[38;2;100;114;130m██[38;2;93;98;100m██[38;2;92;95;92m██[38;2;85;88;85m██[38;2;0;2;0m  [38;2;0;0;0m          
[38;2;0;0;0m  [38;2;2;2;0m  [38;2;43;43;39m██[38;2;86;91;91m██[38;2;84;92;99m██[38;2;94;108;120m██[38;2;98;114;127m██[38;2;94;108;119m██[38;2;84;90;97m██[38;2;58;61;59m██[38;2;0;2;0m    [38;2;0;0;0m            
[38;2;0;1;0m  [38;2;55;55;49m██[38;2;96;95;90m██[38;2;77;74;67m██[38;2;81;78;68m██[38;2;69;68;66m██[38;2;65;65;65m████[38;2;81;78;68m██[38;2;20;22;17m██[38;2;0;0;0m                
[38;2;21;26;25m██[38;2;86;94;100m██[38;2;84;90;96m██[38;2;95;109;120m██[38;2;93;105;108m██[38;2;90;98;100m██[38;2;90;95;96m██[38;2;77;76;68m██[38;2;91;102;102m██[38;2;89;96;103m██[38;2;43;48;50m  [38;2;0;0;0m              
[38;2;22;28;28m  [38;2;96;106;118m██[38;2;66;70;74m██[38;2;97;107;121m██[38;2;96;111;122m██[38;2;99;115;127m████[38;2;74;77;81m██[38;2;99;115;128m██[38;2;87;90;87m██[38;2;97;111;123m██[38;2;24;31;31m██[38;2;0;0;0m    [38;2;1;2;1m  [38;2;7;10;6m██[38;2;0;4;0m██[38;2;0;1;0m  
[38;2;0;0;0m  [38;2;2;2;0m  [38;2;39;43;41m██[38;2;94;97;95m██[38;2;84;84;87m██[38;2;81;86;89m██[38;2;98;114;127m██[38;2;90;101;111m██[38;2;83;91;98m██[38;2;98;114;127m██[38;2;89;98;102m██[38;2;19;24;22m██[38;2;0;5;0m  [38;2;39;39;32m  [38;2;46;46;38m██[38;2;29;30;24m██[38;2;0;1;0m    
[38;2;0;0;0m    [38;2;16;19;13m  [38;2;74;76;71m██[38;2;60;60;60m  [38;2;44;44;41m  [38;2;98;114;127m██[38;2;99;115;127m██[38;2;87;99;108m██[38;2;54;53;54m██[38;2;60;62;62m██[38;2;81;86;87m██[38;2;80;77;74m██[38;2;64;62;55m██[38;2;0;2;0m  [38;2;0;0;0m      
[38;2;0;0;0m      [38;2;0;1;0m  [38;2;0;0;0m    [38;2;27;34;34m████[38;2;20;25;25m  [38;2;0;1;0m          [38;2;0;0;0m        [0m
