
[38;2;0;0;0m                          [38;2;37;37;37m  [38;2;57;57;57m██[38;2;63;63;63m██[38;2;26;26;26m  [38;2;0;0;0m                            
[38;2;0;0;0m                [38;2;154;155;154m████[38;2;89;90;89m  [38;2;0;0;0m  [38;2;69;70;69m  [38;2;191;191;191m██[38;2;248;248;248m██[38;2;255;255;255m██[38;2;193;194;193m██[38;2;0;0;0m                            
[38;2;0;0;0m            [38;2;101;102;101m██[38;2;193;194;193m██[38;2;147;147;147m██[38;2;80;81;80m██[38;2;88;89;88m██[38;2;78;77;78m██[38;2;162;159;162m██[38;2;205;205;205m██[38;2;222;222;222m██[38;2;207;208;207m██[38;2;174;174;174m██[38;2;199;200;199m██[38;2;0;0;0m                          
[38;2;0;0;0m          [38;2;5;2;5m  [38;2;192;190;192m██[38;2;156;156;156m██[38;2;91;90;91m██[38;2;105;106;105m██[38;2;75;76;75m████[38;2;123;102;76m██[38;2;124;81;100m██[38;2;114;79;99m██[38;2;162;107;82m██[38;2;124;124;124m██[38;2;204;204;204m██[38;2;69;69;69m  [38;2;0;0;0m    [38;2;154;154;154m████[38;2;155;156;155m██[38;2;59;59;59m  [38;2;0;0;0m            
[38;2;0;0;0m          [38;2;167;165;167m██[38;2;150;149;150m██[38;2;136;136;136m██[38;2;79;78;79m██[38;2;68;68;68m██[38;2;101;103;101m██[38;2;88;89;88m██[38;2;132;109;73m██[38;2;137;84;116m██[38;2;211;164;151m██[38;2;255;175;96m██[38;2;138;138;138m██[38;2;204;205;204m██[38;2;121;120;121m██[38;2;104;103;104m██[38;2;147;148;147m██[38;2;206;207;206m██[38;2;240;240;240m██[38;2;251;251;251m██[38;2;230;231;230m██[38;2;181;181;181m██[38;2;16;16;16m  [38;2;0;0;0m        
[38;2;0;0;0m          [38;2;130;130;130m██[38;2;156;156;156m██[38;2;77;76;77m██[38;2;82;81;82m██[38;2;81;81;81m████[38;2;150;150;150m██[38;2;132;121;92m██[38;2;212;151;94m██[38;2;233;184;91m██[38;2;119;102;65m██[38;2;189;189;189m██[38;2;201;202;201m██[38;2;88;88;88m██[38;2;82;81;82m██[38;2;191;192;191m██[38;2;209;210;209m██[38;2;255;255;255m██████[38;2;206;206;206m██[38;2;66;66;66m██[38;2;0;0;0m        
[38;2;0;0;0m          [38;2;98;99;98m  [38;2;156;157;156m██[38;2;77;76;77m██[38;2;80;79;80m██[38;2;86;84;86m██[38;2;116;116;116m██[38;2;167;167;167m██[38;2;189;189;189m██[38;2;103;102;103m██[38;2;101;100;101m██[38;2;206;207;206m██[38;2;230;230;230m██[38;2;169;170;169m██[38;2;87;87;87m██[38;2;94;94;94m██[38;2;200;201;200m██[38;2;206;206;206m██[38;2;228;228;228m██[38;2;242;242;242m██[38;2;218;219;218m██[38;2;206;206;206m████[38;2;0;0;0m        
[38;2;0;0;0m            [38;2;156;157;156m██[38;2;136;136;136m██[38;2;76;75;76m██[38;2;67;66;67m██[38;2;156;155;156m██[38;2;202;200;202m██[38;2;206;206;206m██[38;2;205;206;205m██[38;2;242;243;242m████[38;2;229;229;229m██[38;2;68;67;68m██[38;2;75;74;75m██[38;2;155;155;155m██[38;2;185;185;185m██[38;2;206;206;206m██[38;2;205;206;205m██████[38;2;206;206;206m██[38;2;180;182;180m██[38;2;0;0;0m        
[38;2;0;0;0m            [38;2;47;47;47m██[38;2;153;152;153m██[38;2;86;85;86m██[38;2;92;86;84m██[38;2;93;81;68m██[38;2;133;130;131m██[38;2;185;181;177m██[38;2;205;205;204m██[38;2;223;224;223m██[38;2;242;243;242m██[38;2;187;187;187m██[38;2;94;81;66m██[38;2;77;76;77m██[38;2;134;134;134m██[38;2;156;156;156m██[38;2;194;194;194m██[38;2;206;206;206m██████[38;2;187;188;187m██[38;2;129;130;129m██[38;2;0;0;0m        
[38;2;0;0;0m            [38;2;31;30;31m██[38;2;88;87;88m██[38;2;105;105;105m██[38;2;32;27;34m██[38;2;137;103;60m██[38;2;154;116;65m██[38;2;115;100;86m██[38;2;100;100;100m██[38;2;101;100;101m██[38;2;206;207;206m██[38;2;133;133;133m██[38;2;177;129;65m██[38;2;79;78;79m██[38;2;71;70;71m██[38;2;156;156;156m██[38;2;157;157;157m██[38;2;168;168;168m██████[38;2;156;156;156m██[38;2;50;50;50m██[38;2;0;0;0m        
[38;2;0;0;0m            [38;2;132;133;132m██[38;2;88;87;88m██[38;2;30;30;30m  [38;2;0;0;0m  [38;2;42;37;31m██[38;2;125;109;93m██[38;2;179;164;134m██[38;2;254;224;133m██[38;2;221;187;83m██[38;2;119;102;65m██[38;2;139;107;65m██[38;2;152;115;65m██[38;2;117;99;78m██[38;2;87;86;87m██[38;2;100;101;100m██[38;2;155;155;155m██[38;2;156;156;156m██████[38;2;130;132;130m██[38;2;0;0;0m          
[38;2;0;0;0m          [38;2;98;98;98m  [38;2;156;156;156m██[38;2;156;157;156m██[38;2;0;0;0m    [38;2;68;66;62m██[38;2;137;136;132m██[38;2;117;110;100m██[38;2;112;111;111m██[38;2;113;102;71m██[38;2;113;102;72m██[38;2;94;81;65m██[38;2;169;170;169m██[38;2;145;146;145m██[38;2;126;127;126m██[38;2;8;8;8m  [38;2;50;50;50m██[38;2;156;156;156m██[38;2;156;155;156m██[38;2;112;111;112m██[38;2;32;33;32m  [38;2;0;0;0m          
[38;2;0;0;0m      [38;2;31;31;31m  [38;2;76;77;76m██[38;2;156;156;156m██[38;2;155;155;155m██[38;2;21;20;21m██[38;2;0;0;0m      [38;2;109;110;109m  [38;2;155;156;155m██[38;2;154;154;154m██[38;2;144;145;144m██[38;2;154;155;154m██[38;2;190;192;190m██[38;2;193;194;193m██[38;2;151;144;145m██[38;2;0;2;1m  [38;2;0;0;0m    [38;2;30;29;30m  [38;2;69;68;69m██[38;2;83;81;83m██[38;2;0;0;0m            
[38;2;0;0;0m    [38;2;117;118;117m██[38;2;148;150;148m██[38;2;156;156;156m████[38;2;152;152;152m██[38;2;160;162;160m██[38;2;0;0;0m        [38;2;64;65;64m██[38;2;92;93;92m██[38;2;9;9;9m  [38;2;0;0;0m  [38;2;121;122;121m██[38;2;191;191;191m██[38;2;158;70;95m██[38;2;0;11;7m  [38;2;0;0;0m    [38;2;71;72;71m  [38;2;77;78;77m██[38;2;112;110;112m██[38;2;98;99;98m  [38;2;0;0;0m          
[38;2;0;0;0m  [38;2;120;120;120m██[38;2;156;156;156m██████████[38;2;188;189;188m██[38;2;31;31;31m  [38;2;0;0;0m      [38;2;70;71;70m██[38;2;80;80;80m██[38;2;42;41;42m██[38;2;16;16;16m██[38;2;94;94;94m██[38;2;78;39;50m██[38;2;128;33;60m██[38;2;0;0;0m      [38;2;103;103;103m██[38;2;156;156;156m████[38;2;137;138;137m██[38;2;12;12;12m  [38;2;0;0;0m        
[38;2;29;29;29m  [38;2;146;146;146m██[38;2;156;156;156m████████████[38;2;126;126;126m██[38;2;0;0;0m      [38;2;146;146;146m██[38;2;81;81;81m██[38;2;109;109;109m██[38;2;108;108;108m██[38;2;107;107;107m██[38;2;134;124;126m██[38;2;26;6;12m  [38;2;0;0;0m      [38;2;126;126;126m██[38;2;156;156;156m██████[38;2;123;122;123m██[38;2;4;2;4m  [38;2;0;0;0m      
[38;2;18;18;18m██[38;2;137;136;137m██[38;2;92;91;92m██[38;2;156;156;156m██████████[38;2;126;126;126m██[38;2;0;0;0m      [38;2;156;156;156m██[38;2;156;155;156m██[38;2;88;88;88m████[38;2;162;162;162m██[38;2;147;149;147m██[38;2;0;0;0m      [38;2;4;5;4m  [38;2;138;139;138m██[38;2;156;156;156m████[38;2;168;168;168m██[38;2;197;196;197m██[38;2;203;202;203m██[38;2;76;77;76m██[38;2;0;0;0m    
[38;2;21;21;21m██[38;2;87;86;87m██[38;2;88;87;88m██[38;2;142;142;142m██[38;2;156;156;156m██████[38;2;188;189;188m██[38;2;126;126;126m██[38;2;0;0;0m      [38;2;156;156;156m██[38;2;156;157;156m██[38;2;39;39;39m██[38;2;156;158;156m██[38;2;181;182;181m██[38;2;189;191;189m██[38;2;0;1;0m  [38;2;0;0;0m    [38;2;19;20;19m██[38;2;175;175;175m██[38;2;156;156;156m██[38;2;180;180;180m██[38;2;206;206;206m██████[38;2;197;197;197m██[38;2;90;91;90m  [38;2;0;0;0m  
[38;2;0;0;0m  [38;2;34;36;34m  [38;2;85;86;85m██[38;2;121;120;121m██[38;2;156;156;156m████[38;2;158;157;158m██[38;2;162;159;162m██[38;2;0;0;0m        [38;2;156;156;156m██[38;2;5;5;5m██[38;2;0;0;0m  ██[38;2;181;182;181m██[38;2;199;200;199m██[38;2;0;0;0m      [38;2;201;202;201m██[38;2;156;156;156m██[38;2;157;157;157m██[38;2;192;193;192m██[38;2;207;207;207m██[38;2;242;243;242m██[38;2;215;215;215m██[38;2;206;206;206m██[38;2;175;172;175m██[38;2;10;9;10m  
[38;2;0;0;0m    [38;2;42;42;42m██[38;2;85;84;85m██[38;2;88;88;88m██[38;2;145;146;145m██[38;2;44;43;44m██[38;2;8;7;8m  [38;2;0;0;0m        [38;2;103;103;103m██[38;2;1;1;1m  [38;2;0;0;0m    [38;2;125;125;125m██[38;2;234;235;234m██[38;2;0;0;0m      [38;2;201;202;201m██[38;2;156;156;156m██[38;2;162;162;162m██[38;2;206;207;206m██[38;2;207;207;207m██[38;2;243;243;243m██[38;2;215;215;215m██[38;2;206;206;206m██[38;2;195;195;195m██[38;2;39;39;39m██
[38;2;0;0;0m                      [38;2;145;147;145m██[38;2;85;86;85m██[38;2;0;0;0m      [38;2;106;106;106m██[38;2;246;246;246m██[38;2;0;0;0m      [38;2;201;202;201m██[38;2;156;156;156m████[38;2;188;188;188m██[38;2;206;206;206m██[38;2;205;206;205m████[38;2;206;206;206m██[38;2;184;185;184m██[38;2;40;40;40m██
[38;2;0;0;0m                    [38;2;49;49;49m  [38;2;153;155;153m██[38;2;138;140;138m██[38;2;3;3;3m  [38;2;0;0;0m    [38;2;106;106;106m██[38;2;246;246;246m██[38;2;0;0;0m      [38;2;204;205;204m██[38;2;170;170;170m██[38;2;156;156;156m██[38;2;164;164;164m██[38;2;174;174;174m██[38;2;206;206;206m██[38;2;198;198;198m██[38;2;168;168;168m██[38;2;83;84;83m██[38;2;9;10;9m  
[38;2;0;0;0m                    [38;2;116;116;116m██[38;2;170;171;170m██[38;2;156;156;156m██[38;2;42;43;42m██[38;2;0;0;0m  ██[38;2;206;206;206m██[38;2;253;253;253m██[38;2;92;93;92m██[38;2;0;0;0m    [38;2;14;15;14m  [38;2;163;163;163m██[38;2;156;156;156m██[38;2;97;97;97m██[38;2;85;84;85m██[38;2;148;148;148m██[38;2;122;122;122m██[38;2;67;69;67m██[38;2;82;82;82m██[38;2;0;0;0m  
[38;2;0;0;0m                  [38;2;139;140;139m  [38;2;206;206;206m████[38;2;176;176;176m██[38;2;156;156;156m██[38;2;60;60;60m  [38;2;154;155;154m██[38;2;205;206;205m██[38;2;253;253;253m██[38;2;177;178;177m██[38;2;0;0;0m      [38;2;31;31;31m  [38;2;88;89;88m██[38;2;94;95;94m██[38;2;101;99;101m██[38;2;128;126;128m██[38;2;72;71;72m██[38;2;75;74;75m██[38;2;20;20;20m  [38;2;0;0;0m  
[38;2;0;0;0m                [38;2;51;52;51m██[38;2;77;77;77m██[38;2;114;113;114m██[38;2;191;191;191m██[38;2;137;137;137m██[38;2;134;134;134m██[38;2;181;182;181m██[38;2;193;194;193m██[38;2;224;225;224m██[38;2;242;243;242m██[38;2;234;235;234m██[38;2;195;196;195m██[38;2;21;21;21m  [38;2;0;0;0m    [38;2;8;8;8m  [38;2;65;65;65m██[38;2;0;0;0m  [38;2;33;33;33m  [38;2;72;70;72m██[38;2;21;21;21m  [38;2;0;0;0m    
[38;2;0;0;0m                [38;2;6;6;6m  [38;2;21;21;21m██[38;2;21;20;21m██[38;2;37;36;37m██[38;2;0;0;0m  [38;2;17;17;17m  [38;2;125;125;125m██[38;2;88;87;88m██[38;2;168;168;168m██[38;2;205;206;205m██[38;2;217;218;217m██[38;2;205;206;205m██[38;2;86;86;86m██[38;2;0;0;0m                    
[38;2;0;0;0m                            [38;2;43;43;43m██[38;2;89;89;89m██[38;2;68;66;68m██[38;2;59;58;59m██[38;2;116;116;116m██[38;2;0;0;0m                        
[38;2;0;0;0m                            [38;2;10;10;10m  [38;2;22;22;22m██[38;2;19;18;19m██[38;2;0;0;0m                            [0m
