
[38;2;0;0;0m          [38;2;48;46;44m  [38;2;0;0;0m                                    
[38;2;0;0;0m  [38;2;115;98;49m  [38;2;0;0;0m      [38;2;192;186;176m██[38;2;70;68;64m  [38;2;0;0;0m                                  
[38;2;12;10;5m  [38;2;162;138;70m██[38;2;91;77;39m  [38;2;0;0;0m  [38;2;68;63;69m██[38;2;96;92;97m██[38;2;123;109;145m██[38;2;141;126;187m██[38;2;44;41;46m██[38;2;0;0;0m  [38;2;43;43;43m  [38;2;49;49;49m  [38;2;0;0;0m                        
[38;2;45;40;26m██[38;2;166;148;98m██[38;2;0;0;0m    [38;2;90;90;90m██[38;2;148;134;189m██[38;2;145;128;195m██[38;2;228;224;240m██[38;2;149;146;151m██[38;2;191;191;191m██[38;2;235;235;235m██[38;2;196;196;196m██[38;2;0;0;0m                        
[38;2;3;2;0m  [38;2;182;168;131m██[38;2;0;0;0m  [38;2;1;0;0m  [38;2;255;255;255m████████████[38;2;240;240;240m██[38;2;0;0;0m        [38;2;35;32;20m██[38;2;0;0;0m                
[38;2;0;0;0m  [38;2;40;38;36m  [38;2;95;92;87m  [38;2;117;115;113m  [38;2;255;255;255m████[38;2;198;179;217m██[38;2;246;246;246m██[38;2;198;198;198m██[38;2;255;255;255m██[38;2;113;111;108m██[38;2;0;0;0m      [38;2;152;137;89m  [38;2;143;129;83m██[38;2;0;0;0m                
[38;2;0;0;0m    [38;2;17;17;17m  [38;2;218;196;129m██[38;2;245;227;189m██[38;2;161;153;161m██[38;2;121;83;118m██[38;2;121;120;121m██[38;2;255;255;255m██[38;2;233;231;228m██[38;2;72;70;66m██[38;2;0;0;0m  [38;2;49;48;41m  [38;2;103;95;67m██[38;2;238;214;139m██[38;2;35;32;20m  [38;2;0;0;0m                
[38;2;0;0;0m    [38;2;50;19;36m  [38;2;195;101;135m██[38;2;252;248;238m██[38;2;208;206;208m██[38;2;210;203;209m██[38;2;255;255;255m██[38;2;225;225;225m██[38;2;97;95;93m██[38;2;75;73;73m██[38;2;191;191;191m██[38;2;240;239;232m██[38;2;223;214;185m██[38;2;80;71;43m██[38;2;35;32;20m  [38;2;0;0;0m                
[38;2;0;0;0m      [38;2;171;171;171m  [38;2;191;191;191m████[38;2;167;165;161m██[38;2;92;93;91m██[38;2;161;161;160m██[38;2;207;207;207m██[38;2;207;207;206m██[38;2;147;147;147m  [38;2;0;0;0m                  [38;2;29;24;34m  [38;2;36;31;43m  [38;2;0;0;0m  
[38;2;0;0;0m              [38;2;3;2;2m  [38;2;115;113;109m██[38;2;160;157;151m██[38;2;62;60;57m██[38;2;0;0;0m                  [38;2;134;117;153m██[38;2;145;126;169m██[38;2;76;70;88m██[38;2;0;0;0m  
[38;2;0;0;0m        [38;2;27;29;27m  [38;2;42;46;42m██[38;2;0;0;0m    [38;2;79;78;76m  [38;2;201;201;199m██[38;2;255;255;255m██[38;2;37;36;34m  [38;2;0;0;0m              [38;2;87;77;110m██[38;2;179;156;205m██[38;2;150;131;171m██[38;2;134;117;153m██[38;2;36;31;41m  
[38;2;0;0;0m        [38;2;219;219;219m██[38;2;233;234;233m██[38;2;145;141;134m██[38;2;0;0;0m  [38;2;30;29;29m  [38;2;234;234;228m██[38;2;112;111;112m██[38;2;185;181;182m██[38;2;0;0;0m            [38;2;3;3;3m  [38;2;213;210;218m██[38;2;44;39;51m██[38;2;15;13;18m  [38;2;0;0;0m    
[38;2;0;0;0m      [38;2;228;228;228m██[38;2;234;234;234m██[38;2;193;188;180m██[38;2;178;173;165m██[38;2;195;189;179m██[38;2;173;171;165m██[38;2;133;132;133m██[38;2;255;255;255m██[38;2;145;143;145m██[38;2;96;95;96m██[38;2;0;0;0m          [38;2;67;67;67m██[38;2;111;111;111m██[38;2;0;0;0m        
[38;2;0;0;0m    [38;2;67;67;67m  [38;2;248;248;248m██[38;2;171;171;171m██[38;2;188;185;177m██[38;2;110;106;100m██[38;2;185;182;174m██[38;2;163;162;162m██[38;2;255;255;255m██[38;2;223;220;216m██[38;2;244;244;244m██[38;2;145;145;145m██[38;2;87;87;87m  [38;2;0;0;0m        [38;2;251;251;251m██[38;2;27;27;27m  [38;2;0;0;0m        
[38;2;0;0;0m    [38;2;67;67;67m  [38;2;248;248;248m██[38;2;219;213;222m██[38;2;3;3;11m██[38;2;0;0;0m  [38;2;3;3;3m  [38;2;173;173;173m██[38;2;255;255;255m██[38;2;124;123;124m██[38;2;194;194;189m██[38;2;197;192;184m██[38;2;184;177;177m██[38;2;51;49;59m██[38;2;0;0;0m    [38;2;0;1;0m  [38;2;228;229;228m██[38;2;0;0;0m          
[38;2;0;0;0m      [38;2;134;119;164m██[38;2;157;139;185m██[38;2;3;3;5m██[38;2;0;0;0m    [38;2;154;154;154m██[38;2;255;255;255m██[38;2;222;222;222m██[38;2;110;109;108m██[38;2;111;109;106m██[38;2;103;98;113m██[38;2;130;119;171m██[38;2;57;52;63m  [38;2;0;0;0m  [38;2;70;68;64m  [38;2;186;181;173m██[38;2;0;0;0m          
[38;2;0;0;0m    [38;2;15;13;18m  [38;2;108;89;145m██[38;2;101;87;116m██[38;2;0;0;0m    [38;2;2;2;7m  [38;2;57;55;61m██[38;2;221;216;227m██[38;2;150;135;186m██[38;2;108;103;111m██[38;2;96;90;102m██[38;2;130;113;179m██[38;2;132;116;166m██[38;2;139;128;150m██[38;2;50;48;46m██[38;2;173;167;158m██[38;2;0;0;0m            
[38;2;0;0;0m    [38;2;47;39;56m██[38;2;161;137;192m██[38;2;25;21;33m  [38;2;0;0;0m    [38;2;97;91;118m██[38;2;95;88;107m██[38;2;157;131;190m██[38;2;148;128;187m██[38;2;153;135;172m██[38;2;150;142;149m██[38;2;176;165;174m██[38;2;194;186;179m██[38;2;126;117;147m██[38;2;99;96;93m██[38;2;25;24;23m  [38;2;0;0;0m            
[38;2;0;0;0m              [38;2;106;97;142m██[38;2;103;90;128m██[38;2;160;136;191m██[38;2;164;142;194m██[38;2;63;59;79m██[38;2;122;105;171m██[38;2;117;99;165m██[38;2;117;100;165m██[38;2;125;109;170m██[38;2;6;5;8m  [38;2;0;0;0m              
[38;2;0;0;0m              [38;2;144;140;130m██[38;2;51;46;56m██[38;2;167;145;191m██[38;2;87;76;99m██[38;2;9;9;10m  [38;2;70;62;90m██[38;2;120;104;162m██[38;2;119;99;166m██[38;2;50;47;57m██[38;2;0;0;0m                
[38;2;0;0;0m                        [38;2;4;4;0m  [38;2;93;82;107m██[38;2;96;91;97m██[38;2;0;0;0m                  
[38;2;0;0;0m                          [38;2;33;32;30m  [38;2;42;40;38m  [38;2;0;0;0m                  [0m
