
[38;2;0;0;0m                    [38;2;40;35;28m  [38;2;0;0;0m    [38;2;15;5;6m  [38;2;57;22;24m██[38;2;0;0;0m                      
[38;2;0;0;0m            [38;2;86;33;37m  [38;2;166;64;71m  [38;2;0;0;0m    [38;2;161;143;113m██[38;2;0;0;0m    [38;2;15;5;6m  [38;2;57;22;24m██[38;2;153;58;65m██[38;2;13;5;5m  [38;2;0;0;0m                  
[38;2;0;0;0m          [38;2;55;21;23m  [38;2;163;63;70m██[38;2;0;0;0m    [38;2;7;6;5m  [38;2;182;162;128m██[38;2;0;0;0m        [38;2;59;23;25m  [38;2;174;70;74m██[38;2;0;0;0m                  
[38;2;0;0;0m          [38;2;222;85;95m██[38;2;19;8;8m  [38;2;0;0;0m    [38;2;28;25;20m██[38;2;247;220;176m██[38;2;149;132;104m  [38;2;0;0;0m        [38;2;204;78;87m██[38;2;0;0;0m                  
[38;2;0;0;0m          [38;2;222;85;95m██[38;2;0;0;0m  [38;2;2;1;1m  [38;2;49;28;27m██[38;2;254;212;173m██[38;2;247;220;176m██[38;2;201;149;126m██[38;2;68;28;31m██[38;2;42;16;18m  [38;2;0;0;0m  [38;2;19;7;8m  [38;2;159;61;68m██[38;2;0;0;0m        [38;2;17;27;36m  [38;2;0;0;0m        
[38;2;0;0;0m          [38;2;233;123;106m██[38;2;30;26;25m  [38;2;190;93;104m██[38;2;202;144;124m██[38;2;248;217;175m██[38;2;202;143;121m██[38;2;226;115;125m██[38;2;242;111;124m██[38;2;196;87;98m██[38;2;33;23;25m  [38;2;117;51;58m██[38;2;26;10;12m██[38;2;0;0;0m        [38;2;70;109;147m██[38;2;0;0;0m        
[38;2;0;0;0m            [38;2;164;114;94m██[38;2;207;105;117m██[38;2;206;158;132m██[38;2;244;215;172m██[38;2;195;114;105m██[38;2;221;116;126m██[38;2;146;81;89m██[38;2;112;78;72m██[38;2;179;81;87m██[38;2;113;49;56m  [38;2;0;1;1m  [38;2;0;0;0m    [38;2;15;23;31m  [38;2;20;20;23m██[38;2;122;189;255m██[38;2;108;168;225m██[38;2;0;0;0m  [38;2;14;25;36m██[38;2;19;34;50m██
[38;2;0;0;0m            [38;2;133;118;93m██[38;2;205;164;135m██[38;2;180;154;129m██[38;2;236;202;163m██[38;2;172;74;78m██[38;2;112;84;79m██[38;2;209;171;139m██[38;2;109;83;78m██[38;2;40;34;33m██[38;2;0;0;0m        [38;2;107;166;223m██[38;2;81;92;112m██[38;2;169;144;187m██[38;2;116;175;235m██[38;2;22;22;29m  [38;2;59;103;150m██[38;2;19;34;50m██
[38;2;0;0;0m              [38;2;203;191;172m██[38;2;247;224;188m██[38;2;247;219;176m██[38;2;247;220;176m██[38;2;173;164;150m██[38;2;105;74;75m██[38;2;167;139;116m██[38;2;50;34;35m██[38;2;0;0;0m    [38;2;34;47;62m██[38;2;68;91;120m██[38;2;159;119;151m██[38;2;126;156;204m██[38;2;172;105;129m██[38;2;218;100;117m██[38;2;98;120;161m██[38;2;167;73;109m██[38;2;21;34;50m██
[38;2;0;0;0m              [38;2;124;94;87m██[38;2;247;219;178m██[38;2;247;220;175m██[38;2;158;146;121m██[38;2;50;49;42m██[38;2;132;103;94m██[38;2;172;139;119m██[38;2;162;63;87m██[38;2;0;0;0m    [38;2;70;107;143m██[38;2;110;166;223m██[38;2;144;136;175m██[38;2;217;86;96m██[38;2;141;103;134m██[38;2;201;89;103m██[38;2;87;107;150m██[38;2;156;54;81m██[38;2;5;8;12m  
[38;2;0;0;0m              [38;2;112;50;62m██[38;2;227;201;162m██[38;2;245;218;174m██[38;2;202;186;147m██[38;2;158;149;121m██[38;2;194;163;135m██[38;2;107;56;72m██[38;2;189;60;90m██[38;2;0;0;0m    [38;2;39;60;80m  [38;2;199;115;140m██[38;2;161;117;148m██[38;2;88;108;146m██[38;2;134;92;129m██[38;2;111;92;132m██[38;2;126;80;117m██[38;2;114;36;54m  [38;2;0;0;0m  
[38;2;0;0;0m              [38;2;184;60;89m██[38;2;63;59;52m██[38;2;60;53;42m██[38;2;78;75;62m██[38;2;160;149;123m██[38;2;183;170;136m██[38;2;99;63;73m██[38;2;189;60;93m██[38;2;0;0;0m      [38;2;29;45;61m  [38;2;162;98;133m██[38;2;132;86;125m██[38;2;116;102;146m██[38;2;73;108;153m██[38;2;85;102;145m██[38;2;0;0;0m    
[38;2;0;0;0m            [38;2;28;11;12m  [38;2;177;63;82m██[38;2;0;0;0m      [38;2;192;178;140m██[38;2;198;181;144m██[38;2;102;65;73m██[38;2;226;83;99m██[38;2;0;0;0m        [38;2;27;48;70m  [38;2;56;98;143m██[38;2;77;110;157m██[38;2;75;113;162m██[38;2;22;22;29m  [38;2;0;0;0m    
[38;2;0;0;0m            [38;2;115;44;49m██[38;2;227;87;100m██[38;2;20;22;24m  [38;2;0;4;6m  [38;2;41;27;28m  [38;2;233;209;166m██[38;2;243;217;171m██[38;2;110;71;75m██[38;2;231;88;101m██[38;2;0;0;0m          [38;2;0;1;1m  [38;2;72;114;158m██[38;2;18;18;25m  [38;2;0;0;0m      
[38;2;0;0;0m        [38;2;0;1;0m  [38;2;19;13;13m  [38;2;230;88;100m██[38;2;185;82;90m██[38;2;91;70;91m██[38;2;149;81;112m██[38;2;131;84;86m██[38;2;246;220;176m██[38;2;246;219;174m██[38;2;132;98;93m██[38;2;223;87;98m██[38;2;156;63;70m██[38;2;23;30;43m██[38;2;2;1;0m  [38;2;0;0;0m      [38;2;1;0;0m  [38;2;110;167;223m██[38;2;0;0;0m      
[38;2;0;0;0m        [38;2;132;113;92m██[38;2;200;108;121m██[38;2;239;101;116m██[38;2;66;66;68m██[38;2;75;109;153m██[38;2;76;113;160m██[38;2;184;165;135m██[38;2;246;220;176m██[38;2;247;220;176m██[38;2;198;178;146m██[38;2;199;84;92m██[38;2;216;86;96m██[38;2;72;70;94m██[38;2;53;60;75m██[38;2;1;1;1m  [38;2;0;0;0m    [38;2;31;40;53m  [38;2;75;102;136m██[38;2;0;0;0m      
[38;2;0;0;0m    [38;2;21;18;14m  [38;2;225;200;158m██[38;2;162;135;117m██[38;2;234;99;113m██[38;2;231;117;130m██[38;2;111;103;92m████[38;2;126;116;102m██[38;2;247;220;176m██[38;2;246;220;176m██[38;2;246;220;175m██[38;2;198;178;146m██[38;2;212;97;112m██[38;2;255;124;140m██[38;2;129;77;89m██[38;2;133;81;105m██[38;2;52;32;46m██[38;2;0;0;0m  [38;2;24;36;56m██[38;2;111;109;149m██[38;2;109;61;85m  [38;2;0;0;0m      
[38;2;0;0;0m    [38;2;41;43;35m██[38;2;112;102;91m██[38;2;208;86;96m██[38;2;233;91;104m██[38;2;157;130;115m██[38;2;247;219;175m██████[38;2;247;220;176m██[38;2;246;220;176m██[38;2;247;219;174m██[38;2;194;178;142m██[38;2;120;89;88m██[38;2;248;115;130m██[38;2;236;93;109m██[38;2;140;76;86m██[38;2;82;78;92m██[38;2;104;49;72m██[38;2;81;95;129m██[38;2;82;105;149m██[38;2;0;2;3m  [38;2;0;0;0m      
[38;2;0;0;0m  [38;2;46;17;19m  [38;2;155;72;78m██[38;2;231;90;100m██[38;2;231;89;100m██[38;2;193;76;86m██[38;2;170;154;127m██[38;2;246;219;174m██[38;2;241;215;171m██[38;2;247;219;175m████[38;2;233;209;166m██[38;2;203;186;147m██[38;2;192;178;140m██[38;2;76;73;67m██[38;2;205;80;94m██[38;2;230;89;101m██[38;2;231;89;100m██[38;2;212;83;91m██[38;2;100;74;80m██[38;2;72;113;159m██[38;2;24;41;60m  [38;2;0;0;0m        
[38;2;46;17;19m  [38;2;219;84;94m██[38;2;174;70;74m██[38;2;224;86;97m██[38;2;157;64;72m██[38;2;20;15;16m██[38;2;152;135;108m██[38;2;207;189;148m██[38;2;217;196;155m██[38;2;206;188;148m████[38;2;192;178;140m████[38;2;153;142;111m██[38;2;9;8;6m  [38;2;92;46;52m██[38;2;231;89;101m██[38;2;231;89;100m██[38;2;212;83;91m██[38;2;115;44;49m██[38;2;15;15;15m  [38;2;0;0;0m          
[38;2;0;0;0m    [38;2;59;23;25m  [38;2;173;66;74m██[38;2;0;0;0m        [38;2;81;77;60m  [38;2;141;133;105m████[38;2;114;107;84m  [38;2;0;0;0m        [38;2;153;61;65m  [38;2;139;55;59m██[38;2;228;88;98m██[38;2;28;11;12m  [38;2;0;0;0m            
[38;2;0;0;0m                                    [38;2;55;21;23m  [38;2;28;11;12m██[38;2;0;0;0m            [0m
