
[38;2;0;0;0m            [38;2;19;18;20m  [38;2;4;4;4m  [38;2;0;0;0m                              
[38;2;0;0;0m            [38;2;77;75;80m██[38;2;152;149;158m██[38;2;0;0;0m    [38;2;91;91;91m  [38;2;0;0;0m                        
[38;2;0;0;0m      [38;2;13;13;13m  [38;2;16;16;16m██[38;2;2;2;2m  [38;2;43;43;43m██[38;2;73;72;73m██[38;2;97;99;97m██[38;2;74;73;74m██[38;2;207;207;207m██[38;2;24;24;24m██[38;2;0;0;0m                      
[38;2;0;0;0m    [38;2;48;48;48m██[38;2;62;61;62m██[38;2;33;32;33m██[38;2;72;71;72m██[38;2;144;119;127m██[38;2;215;155;172m██[38;2;164;130;139m██[38;2;97;99;97m██[38;2;89;90;89m██[38;2;73;72;73m██[38;2;73;74;73m██[38;2;70;71;70m  [38;2;0;0;0m                  
[38;2;0;0;0m          [38;2;81;76;78m██[38;2;239;166;187m██[38;2;220;155;174m██[38;2;98;89;93m██[38;2;112;91;97m██[38;2;101;90;94m██[38;2;97;99;97m██[38;2;68;68;68m██[38;2;74;75;74m██[38;2;97;99;97m██[38;2;22;22;22m  [38;2;0;0;0m              
[38;2;0;0;0m        [38;2;64;46;51m  [38;2;95;71;75m██[38;2;121;108;113m██[38;2;74;75;77m██[38;2;223;158;178m██[38;2;118;95;102m██[38;2;157;117;129m██[38;2;73;72;73m██[38;2;55;55;55m██[38;2;1;1;1m  [38;2;24;24;24m██[38;2;95;96;95m██[38;2;28;29;28m  [38;2;0;0;0m            
[38;2;0;0;0m        [38;2;72;50;57m██[38;2;207;146;164m██[38;2;112;91;97m██[38;2;241;167;185m██[38;2;212;168;178m██[38;2;189;189;189m██[38;2;186;186;186m██[38;2;96;83;87m██[38;2;58;52;54m██[38;2;0;0;0m                    
[38;2;0;0;0m      [38;2;0;2;0m  [38;2;85;72;73m██[38;2;99;98;96m██[38;2;168;123;136m██[38;2;254;174;194m██[38;2;188;146;164m██[38;2;15;7;5m██[38;2;255;255;255m██[38;2;219;129;156m██[38;2;81;82;82m██[38;2;0;0;0m                    
[38;2;0;0;0m      [38;2;210;143;162m██[38;2;205;145;162m██[38;2;112;91;97m██[38;2;255;174;197m██[38;2;254;174;194m██[38;2;188;137;158m██[38;2;127;129;173m██[38;2;245;191;207m██[38;2;219;130;156m██[38;2;87;85;85m██[38;2;0;0;0m                    
[38;2;0;0;0m    [38;2;50;29;35m  [38;2;121;92;101m██[38;2;205;145;162m██[38;2;112;91;97m██[38;2;168;123;136m██[38;2;254;174;194m██[38;2;195;137;152m██[38;2;205;143;161m██[38;2;219;128;159m██[38;2;96;87;87m██[38;2;103;96;96m██[38;2;70;71;70m  [38;2;0;0;0m                  
[38;2;8;8;8m  [38;2;135;97;109m██[38;2;219;128;159m██[38;2;221;128;156m██[38;2;131;87;100m██[38;2;114;72;85m██[38;2;116;52;65m██[38;2;105;57;72m██[38;2;103;63;70m██[38;2;188;108;129m██[38;2;124;94;104m██[38;2;97;99;97m██[38;2;101;90;94m██[38;2;118;95;102m██[38;2;146;100;113m██[38;2;58;39;44m  [38;2;0;0;0m      [38;2;2;2;2m  [38;2;21;22;21m██[38;2;22;22;22m██[38;2;4;4;4m  
[38;2;27;25;26m██[38;2;73;68;71m██[38;2;221;128;156m██[38;2;218;128;157m██[38;2;133;95;79m██[38;2;100;85;91m██[38;2;86;62;71m██[38;2;97;64;79m██[38;2;89;70;76m██[38;2;98;86;87m██[38;2;87;81;85m██[38;2;73;72;73m██[38;2;231;161;180m██[38;2;254;174;194m████[38;2;230;163;184m██[38;2;16;18;19m  [38;2;0;0;0m    [38;2;15;15;15m██[38;2;121;122;116m██[38;2;96;97;96m██[38;2;23;23;23m██
[38;2;0;0;0m      [38;2;133;79;98m  [38;2;204;142;132m██[38;2;124;102;110m██[38;2;89;90;89m██[38;2;91;92;87m██[38;2;91;91;88m██[38;2;111;91;97m██[38;2;174;131;144m██[38;2;255;174;197m██[38;2;229;160;178m██[38;2;208;148;163m██[38;2;254;174;194m██[38;2;63;67;68m██[38;2;99;94;96m██[38;2;0;0;0m    [38;2;15;15;15m██[38;2;95;96;95m██[38;2;96;97;96m██[38;2;23;23;23m██
[38;2;0;0;0m        [38;2;255;174;197m██[38;2;215;162;110m██[38;2;159;133;65m██[38;2;143;117;97m██[38;2;208;154;152m██[38;2;252;172;195m██[38;2;254;175;194m██[38;2;255;174;197m██[38;2;203;125;150m██[38;2;180;111;131m██[38;2;91;64;70m██[38;2;16;16;16m██[38;2;19;19;19m██[38;2;0;0;0m    [38;2;2;2;2m  [38;2;55;55;55m██[38;2;60;60;60m██[38;2;4;4;4m  
[38;2;0;0;0m    [38;2;16;9;11m  [38;2;199;142;134m██[38;2;187;148;85m██[38;2;226;233;161m██[38;2;233;242;174m██[38;2;230;241;172m██[38;2;202;174;92m██[38;2;231;195;154m██[38;2;254;174;194m██[38;2;255;174;197m██[38;2;222;133;163m██[38;2;209;122;152m██[38;2;0;0;0m            [38;2;160;168;119m██[38;2;0;0;0m    
[38;2;0;0;0m    [38;2;147;91;108m██[38;2;208;145;147m██[38;2;211;153;135m██[38;2;223;229;161m██[38;2;233;242;174m██[38;2;241;220;177m██[38;2;184;164;118m██[38;2;225;222;138m██[38;2;226;180;140m██[38;2;254;174;194m██[38;2;249;168;189m██[38;2;242;161;183m██[38;2;77;48;58m  [38;2;0;0;0m        [38;2;31;31;22m  [38;2;158;154;96m██[38;2;0;0;0m    
[38;2;0;0;0m    [38;2;218;130;149m██[38;2;124;113;98m██[38;2;149;154;119m██[38;2;230;241;171m██[38;2;233;242;174m██[38;2;91;79;63m██[38;2;194;162;120m██[38;2;234;240;163m██[38;2;215;187;128m██[38;2;254;175;194m████[38;2;253;174;193m██[38;2;141;92;107m██[38;2;0;0;0m      [38;2;18;17;9m  [38;2;152;156;111m██[38;2;54;55;39m  [38;2;0;0;0m    
[38;2;0;0;0m    [38;2;207;136;130m██[38;2;222;227;153m██[38;2;176;143;90m██[38;2;223;229;161m██[38;2;233;242;174m██[38;2;192;201;147m██[38;2;207;216;158m██[38;2;233;242;175m██[38;2;165;155;98m██[38;2;254;175;194m████[38;2;254;174;194m██[38;2;238;154;180m██[38;2;44;43;44m  [38;2;0;0;0m  [38;2;21;19;12m  [38;2;178;168;102m██[38;2;47;49;35m  [38;2;0;0;0m      
[38;2;0;0;0m    [38;2;50;29;35m  [38;2;108;84;92m██[38;2;208;152;157m██[38;2;161;133;104m██[38;2;225;231;159m██[38;2;206;178;148m██[38;2;176;147;102m██[38;2;220;204;113m██[38;2;140;95;108m██[38;2;216;128;159m██[38;2;245;162;187m██[38;2;244;160;186m██[38;2;218;128;159m██[38;2;62;59;44m██[38;2;159;151;95m██[38;2;138;131;80m  [38;2;0;0;0m          
[38;2;0;0;0m    [38;2;14;14;14m  [38;2;88;75;80m██[38;2;66;65;62m██[38;2;51;43;36m██[38;2;115;109;66m██[38;2;81;75;66m██[38;2;149;135;99m██[38;2;214;202;120m██[38;2;114;70;83m██[38;2;220;128;156m██████[38;2;127;74;90m██[38;2;0;0;2m  [38;2;0;0;0m              
[38;2;0;0;0m                      [38;2;166;96;117m██[38;2;60;59;60m██[38;2;77;73;75m██[38;2;72;42;50m  [38;2;0;0;0m                
[38;2;0;0;0m                        [38;2;11;11;11m  [38;2;23;23;23m  [38;2;0;0;0m                  [0m
