
[38;2;0;0;0m    [38;2;5;5;5m  [38;2;3;3;3m██[38;2;13;0;4m  [38;2;6;0;1m  [38;2;0;0;0m                                [38;2;27;0;8m  [38;2;0;0;0m        
[38;2;0;0;0m    [38;2;42;47;45m██[38;2;3;3;3m  [38;2;157;23;67m  [38;2;138;10;50m  [38;2;0;0;0m                              [38;2;18;0;5m  [38;2;191;46;98m  [38;2;97;0;29m  [38;2;0;0;0m      
[38;2;0;0;0m  [38;2;55;61;59m██[38;2;120;65;86m██[38;2;189;12;74m██[38;2;223;41;116m██[38;2;200;39;97m██[38;2;25;0;7m  [38;2;0;0;0m                            [38;2;172;13;64m██[38;2;243;93;156m██[38;2;206;56;112m  [38;2;36;0;10m  [38;2;0;0;0m    
[38;2;0;0;0m  [38;2;13;15;14m  [38;2;120;65;86m██[38;2;239;68;140m██[38;2;244;96;159m██[38;2;254;146;197m██[38;2;100;0;30m  [38;2;0;0;0m      [38;2;32;34;34m  [38;2;73;77;76m██[38;2;0;0;0m              [38;2;8;8;8m  [38;2;27;38;32m  [38;2;222;78;138m██[38;2;204;46;102m██[38;2;33;0;9m  [38;2;0;0;0m  [38;2;122;0;36m  [38;2;31;0;9m  
[38;2;0;0;0m  [38;2;13;15;14m  [38;2;87;85;83m██[38;2;229;139;179m██[38;2;247;136;184m██[38;2;139;16;55m  [38;2;0;0;0m        [38;2;40;42;42m  [38;2;70;74;73m  [38;2;50;53;52m██[38;2;0;0;0m      [38;2;22;0;6m  [38;2;0;0;0m    [38;2;8;8;8m  [38;2;98;73;84m██[38;2;235;98;158m██[38;2;235;101;158m██[38;2;155;18;63m  [38;2;141;16;56m  [38;2;236;65;135m██[38;2;146;6;52m  
[38;2;0;0;0m  [38;2;55;61;59m██[38;2;182;121;148m██[38;2;119;97;104m██[38;2;223;99;147m██[38;2;23;0;7m  [38;2;75;0;23m  [38;2;0;0;0m        [38;2;70;74;73m  [38;2;12;13;13m  [38;2;0;0;0m    [38;2;4;0;1m  [38;2;182;62;105m  [38;2;113;0;34m  [38;2;0;0;0m    [38;2;61;64;63m██[38;2;147;104;123m██[38;2;217;129;172m██[38;2;242;88;151m██[38;2;234;53;127m██[38;2;218;24;101m██[38;2;41;0;12m  
[38;2;18;20;19m██[38;2;71;79;76m██[38;2;169;116;138m██[38;2;184;122;149m██[38;2;252;143;195m██[38;2;195;29;87m██[38;2;205;20;90m██[38;2;18;0;5m  [38;2;0;0;0m  [38;2;22;23;23m  [38;2;57;60;59m██[38;2;129;87;102m██[38;2;62;66;63m██[38;2;24;25;25m██[38;2;40;0;12m  [38;2;189;41;90m██[38;2;242;128;176m██[38;2;113;0;34m  [38;2;14;15;15m  [38;2;32;34;34m██[38;2;96;103;103m██[38;2;220;139;176m██[38;2;254;150;194m██[38;2;247;115;173m██[38;2;230;32;115m██[38;2;192;18;84m  [38;2;31;0;9m  
[38;2;18;20;19m██[38;2;71;79;76m██[38;2;71;79;75m██[38;2;73;79;74m██[38;2;238;70;144m██[38;2;226;37;116m██[38;2;205;20;90m██[38;2;18;0;5m  [38;2;0;0;0m  [38;2;90;95;94m██[38;2;197;49;111m██[38;2;230;32;116m██[38;2;199;49;112m██[38;2;209;95;142m██[38;2;224;69;129m██[38;2;252;144;192m██[38;2;105;16;45m  [38;2;0;0;0m  [38;2;58;61;60m██[38;2;97;103;101m██[38;2;171;124;146m██[38;2;219;133;172m██[38;2;248;107;165m██[38;2;234;44;124m██[38;2;230;32;115m██[38;2;127;0;38m  [38;2;0;0;0m  
[38;2;0;0;0m  [38;2;41;46;44m  [38;2;71;79;75m██[38;2;69;76;72m██[38;2;219;47;121m██[38;2;187;36;100m██[38;2;85;8;31m  [38;2;0;0;0m  [38;2;9;10;9m  [38;2;92;97;95m██[38;2;175;62;107m██[38;2;216;24;100m██[38;2;232;31;116m██[38;2;233;31;116m██[38;2;171;33;81m  [38;2;118;0;35m  [38;2;0;0;0m  [38;2;1;1;1m  [38;2;68;71;70m██[38;2;97;103;101m██[38;2;96;103;101m██[38;2;112;102;108m██[38;2;203;64;121m██[38;2;229;30;113m██[38;2;150;7;55m  [38;2;0;0;0m    
[38;2;0;0;0m    [38;2;71;79;76m██[38;2;165;47;97m██[38;2;95;67;81m██[38;2;85;89;88m██[38;2;81;84;86m██[38;2;8;8;8m  [38;2;83;88;85m██[38;2;189;54;109m██[38;2;208;21;92m██[38;2;46;0;14m  [38;2;204;19;89m██[38;2;180;8;65m██[38;2;19;0;5m  [38;2;0;0;0m    [38;2;7;7;7m██[38;2;97;103;101m████[38;2;160;69;107m██[38;2;97;105;97m██[38;2;164;68;106m██[38;2;217;26;102m██[38;2;48;0;14m  [38;2;26;0;8m  [38;2;31;0;9m  
[38;2;0;0;0m    [38;2;59;60;59m██[38;2;62;63;63m██[38;2;97;103;99m██[38;2;126;89;101m██[38;2;167;66;106m██[38;2;112;96;99m██[38;2;130;90;107m██[38;2;230;73;145m██[38;2;207;21;93m██[38;2;45;0;14m  [38;2;57;0;17m  [38;2;0;0;0m        [38;2;97;103;101m████[38;2;142;93;118m██[38;2;234;46;128m██[38;2;233;32;117m████[38;2;154;6;55m  [38;2;40;0;12m  [38;2;198;38;93m██[38;2;185;24;76m██
[38;2;0;0;0m    [38;2;3;3;3m  [38;2;82;86;85m██[38;2;133;103;117m██[38;2;146;75;105m██[38;2;230;32;115m██[38;2;196;58;114m██[38;2;220;44;116m██[38;2;179;18;73m██[38;2;214;46;110m██[38;2;45;0;14m  [38;2;0;0;0m          [38;2;97;103;101m████[38;2;231;88;149m██[38;2;132;89;106m██[38;2;231;32;115m██[38;2;233;32;117m██[38;2;229;30;113m██[38;2;215;24;100m██[38;2;238;57;133m██[38;2;185;24;76m██
[38;2;0;0;0m      [38;2;9;9;9m  [38;2;95;93;95m██[38;2;60;78;70m██[38;2;180;0;55m██[38;2;208;39;102m██[38;2;105;0;31m  [38;2;0;0;0m  [38;2;68;0;20m  [38;2;0;0;0m          [38;2;13;14;14m  [38;2;97;103;101m████[38;2;102;103;102m██[38;2;135;103;114m██[38;2;147;78;104m██[38;2;221;26;105m██[38;2;218;25;103m██[38;2;232;32;116m██[38;2;195;18;85m  [38;2;31;0;9m  
[38;2;0;0;0m    [38;2;73;77;76m██[38;2;83;87;85m██[38;2;69;70;70m██[38;2;96;100;99m██[38;2;230;0;75m██[38;2;213;7;68m██[38;2;122;43;64m██[38;2;9;0;2m  [38;2;0;0;0m            [38;2;54;57;56m██[38;2;97;103;101m██[38;2;166;123;145m██[38;2;213;111;156m██[38;2;245;100;161m██[38;2;233;67;134m██[38;2;87;2;29m  [38;2;66;1;22m  [38;2;180;8;65m██[38;2;31;0;9m  [38;2;0;0;0m  
[38;2;0;0;0m  [38;2;76;80;79m██[38;2;51;54;53m  [38;2;59;62;62m  [38;2;131;77;94m██[38;2;140;70;92m██[38;2;173;38;83m██[38;2;98;102;104m██[38;2;86;93;90m██[38;2;21;24;23m██[38;2;0;0;0m        [38;2;8;10;9m  [38;2;15;16;16m██[38;2;97;102;102m██[38;2;106;105;106m██[38;2;215;137;173m██[38;2;254;147;195m██[38;2;252;134;186m██[38;2;255;149;197m██[38;2;209;74;122m██[38;2;32;0;9m  [38;2;0;0;0m      
[38;2;0;0;0m  [38;2;19;20;19m  [38;2;0;0;0m  [38;2;0;31;19m  [38;2;133;51;74m██[38;2;212;3;62m██[38;2;141;169;191m██[38;2;182;44;89m██[38;2;116;53;71m██[38;2;71;79;76m██[38;2;29;32;31m  [38;2;0;0;0m    [38;2;55;56;55m██[38;2;54;56;56m██[38;2;86;91;86m██[38;2;97;104;99m████[38;2;158;80;116m██[38;2;248;105;165m██[38;2;245;91;156m██[38;2;255;148;197m██[38;2;209;74;122m██[38;2;32;0;9m  [38;2;0;0;0m      
[38;2;0;0;0m    [38;2;17;0;5m  [38;2;125;31;61m██[38;2;200;46;100m██[38;2;97;114;141m██[38;2;170;101;141m██[38;2;89;30;45m██[38;2;102;34;53m██[38;2;72;69;69m██[38;2;71;78;76m██[38;2;26;27;27m██[38;2;42;44;42m██[38;2;67;69;67m██[38;2;80;84;83m██[38;2;138;99;112m██[38;2;232;38;119m██[38;2;230;32;115m██[38;2;226;42;117m██[38;2;219;27;106m██[38;2;240;55;131m██[38;2;203;61;117m  [38;2;40;0;12m  [38;2;0;0;0m        
[38;2;0;0;0m    [38;2;189;0;60m██[38;2;230;0;75m██[38;2;184;12;69m██[38;2;94;36;55m██[38;2;127;27;59m██[38;2;56;1;18m██[38;2;7;16;12m  [38;2;127;40;64m██[38;2;80;87;83m██[38;2;97;102;100m██[38;2;97;103;101m██[38;2;85;89;88m██[38;2;88;95;90m██[38;2;135;100;114m██[38;2;189;62;116m██[38;2;229;30;113m██[38;2;128;37;67m██[38;2;101;49;62m██[38;2;113;10;46m██[38;2;27;2;12m  [38;2;0;0;0m          
[38;2;0;0;0m  [38;2;178;0;57m██[38;2;172;0;55m██[38;2;31;0;10m  [38;2;59;17;30m██[38;2;105;49;67m██[38;2;108;0;34m  [38;2;0;0;0m      [38;2;171;46;86m██[38;2;97;103;101m██████[38;2;172;62;103m██[38;2;242;75;145m██[38;2;232;31;115m██[38;2;214;24;99m██[38;2;200;17;85m██[38;2;172;19;74m██[38;2;78;69;70m██[38;2;15;16;16m  [38;2;11;13;12m  [38;2;36;45;41m██[38;2;184;31;92m██[38;2;192;18;84m  [38;2;31;0;9m  
[38;2;0;0;0m  [38;2;44;0;14m  [38;2;0;0;0m    [38;2;141;4;47m██[38;2;74;12;32m██[38;2;0;0;0m        [38;2;215;11;77m██[38;2;101;100;100m██[38;2;97;103;99m██[38;2;97;104;98m██[38;2;170;16;65m██[38;2;240;16;101m██[38;2;159;29;77m██[38;2;136;25;61m██[38;2;180;8;65m██[38;2;152;39;79m██[38;2;165;69;106m██[38;2;197;79;128m██[38;2;105;61;78m██[38;2;189;31;95m██[38;2;82;3;29m  [38;2;31;0;9m  [38;2;0;0;0m  
[38;2;0;0;0m        [38;2;118;0;36m  [38;2;0;0;0m          [38;2;161;0;50m██[38;2;118;74;87m██[38;2;81;87;85m██[38;2;71;78;76m████[38;2;129;33;66m██[38;2;135;59;86m██[38;2;242;125;180m██[38;2;116;89;102m██[38;2;245;93;156m██[38;2;160;22;68m  [38;2;136;3;45m  [38;2;212;24;98m██[38;2;195;19;87m  [38;2;36;0;10m  [38;2;0;0;0m    
[38;2;0;0;0m                    [38;2;18;0;5m  [38;2;159;0;47m██[38;2;140;19;55m██[38;2;71;78;76m██[38;2;71;79;76m██[38;2;71;73;71m██[38;2;28;5;12m  [38;2;189;31;83m██[38;2;254;143;192m██[38;2;170;33;77m  [38;2;15;0;4m  [38;2;5;0;1m  [38;2;40;0;12m  [38;2;32;0;9m  [38;2;0;0;0m      
[38;2;0;0;0m                      [38;2;0;7;7m  [38;2;129;17;48m██[38;2;0;0;0m  [38;2;78;40;49m██[38;2;0;0;0m    [38;2;8;0;2m  [38;2;120;0;36m  [38;2;0;0;0m                
[38;2;0;0;0m                      [38;2;0;1;1m  [38;2;74;3;25m██[38;2;0;0;0m  [38;2;20;10;12m  [38;2;114;0;35m  [38;2;0;0;0m                      
[38;2;0;0;0m                    [38;2;50;1;17m██[38;2;171;0;53m██[38;2;0;0;0m    [38;2;29;0;9m  [38;2;126;11;47m██[38;2;0;0;0m                      
[38;2;0;0;0m                [38;2;70;0;22m  [38;2;12;0;4m██[38;2;147;19;59m██[38;2;63;0;20m██[38;2;0;0;0m    [38;2;172;0;55m██[38;2;11;11;11m  [38;2;0;0;0m                      
[38;2;0;0;0m                    [38;2;76;0;24m  [38;2;6;0;2m  [38;2;0;0;0m  [38;2;230;0;73m██[38;2;146;9;55m██[38;2;0;0;0m                        
[38;2;0;0;0m                          [38;2;57;0;18m██[38;2;29;2;11m  [38;2;0;0;0m                        [0m
