
[38;2;0;0;0m            [38;2;0;1;0m  [38;2;16;28;34m██[38;2;6;12;13m  [38;2;0;0;0m                              
[38;2;0;0;0m          [38;2;0;3;0m  [38;2;49;79;103m██[38;2;60;95;126m██[38;2;23;40;49m██[38;2;0;0;0m                              
[38;2;0;0;0m        [38;2;0;1;0m  [38;2;58;94;123m██[38;2;49;73;104m██[38;2;60;95;126m██[38;2;36;60;77m██[38;2;0;1;0m  [38;2;0;0;0m    [38;2;0;1;0m  [38;2;0;0;0m              [38;2;0;1;0m  [38;2;0;0;0m      
[38;2;0;0;0m          [38;2;5;12;11m  [38;2;2;6;5m  [38;2;60;95;126m██[38;2;59;95;126m██[38;2;55;85;114m██[38;2;23;29;34m  [38;2;53;51;49m  [38;2;231;205;205m██[38;2;159;141;143m  [38;2;0;3;14m  [38;2;0;2;0m  [38;2;0;0;0m      [38;2;37;59;96m  [38;2;67;103;174m██[38;2;23;38;61m  [38;2;0;0;0m    
[38;2;0;0;0m            [38;2;0;1;0m  [38;2;32;53;68m██[38;2;55;74;96m██[38;2;81;97;122m██[38;2;144;141;160m██[38;2;254;232;242m  [38;2;255;229;235m██[38;2;226;202;209m██[38;2;90;102;140m██[38;2;58;89;149m██[38;2;2;5;5m  [38;2;0;1;0m  [38;2;34;54;88m██[38;2;73;112;191m██[38;2;73;113;190m██[38;2;73;113;189m██[38;2;27;43;69m  [38;2;0;0;0m  
[38;2;0;0;0m                [38;2;0;4;19m  [38;2;248;226;236m██[38;2;255;224;222m██[38;2;255;235;247m██[38;2;255;226;227m██[38;2;195;177;192m██[38;2;72;107;179m██[38;2;73;113;192m██[38;2;73;113;189m████[38;2;73;112;189m██[38;2;64;100;154m██[38;2;66;101;169m██[38;2;0;4;0m██[38;2;73;113;189m██[38;2;20;33;51m██
[38;2;0;0;0m            [38;2;0;1;0m  [38;2;107;52;58m██[38;2;107;84;83m██[38;2;208;203;201m██[38;2;255;224;222m██[38;2;240;212;210m██[38;2;191;177;170m██[38;2;255;223;222m██[38;2;93;94;137m██[38;2;62;98;137m██[38;2;66;103;154m██[38;2;57;91;126m██[38;2;37;64;86m██[38;2;59;95;126m██[38;2;0;3;0m  [38;2;0;0;0m  [38;2;0;1;0m  [38;2;0;0;0m  
[38;2;0;0;0m            [38;2;103;50;55m██[38;2;174;94;103m██[38;2;186;174;177m██[38;2;56;54;51m██[38;2;255;223;222m██[38;2;191;182;177m██[38;2;249;247;246m██[38;2;183;169;151m██[38;2;255;224;222m██[38;2;76;88;128m██[38;2;60;87;125m██[38;2;28;43;59m  [38;2;0;0;0m  [38;2;0;3;0m  [38;2;0;0;0m        
[38;2;0;0;0m      [38;2;0;2;0m  [38;2;0;0;0m    [38;2;103;50;55m██[38;2;77;68;70m██[38;2;210;153;155m██[38;2;255;229;229m██[38;2;255;223;222m██[38;2;234;215;213m██[38;2;234;234;225m██[38;2;170;161;155m██[38;2;239;203;205m██[38;2;227;138;154m██[38;2;184;157;174m██[38;2;24;21;21m  [38;2;0;2;0m  [38;2;0;1;0m  [38;2;0;0;0m        
[38;2;11;13;12m  [38;2;42;37;34m██[38;2;98;89;88m██[38;2;194;191;191m██[38;2;0;1;0m  [38;2;0;0;0m  [38;2;19;18;14m  [38;2;152;81;88m██[38;2;172;145;146m██[38;2;133;125;116m██[38;2;205;182;177m██[38;2;235;209;205m██[38;2;187;169;162m██[38;2;144;126;127m██[38;2;207;170;175m██[38;2;220;113;125m██[38;2;114;77;85m██[38;2;229;164;177m██[38;2;255;176;197m██[38;2;137;71;80m██[38;2;0;0;0m        
[38;2;61;38;37m██[38;2;234;213;215m██[38;2;132;72;77m██[38;2;255;233;238m██[38;2;34;35;34m  [38;2;0;0;0m  [38;2;107;94;77m██[38;2;3;5;1m██[38;2;149;133;134m██[38;2;107;65;67m██[38;2;152;79;83m██[38;2;170;90;98m██[38;2;181;88;93m██[38;2;89;81;88m██[38;2;109;87;93m██[38;2;176;177;176m██[38;2;118;89;93m██[38;2;255;158;177m██[38;2;255;176;199m██[38;2;255;127;147m██[38;2;0;3;0m  [38;2;0;0;0m      
[38;2;36;30;29m  [38;2;232;197;200m██[38;2;162;162;162m██[38;2;210;210;210m██[38;2;105;105;105m██[38;2;48;48;48m██[38;2;80;73;61m██[38;2;0;0;0m  [38;2;154;155;154m██[38;2;234;234;234m██[38;2;117;116;117m██[38;2;161;85;95m██[38;2;100;59;65m██[38;2;217;198;200m██[38;2;83;86;83m██[38;2;255;152;158m██[38;2;77;76;77m██[38;2;255;121;139m██[38;2;255;122;139m██[38;2;215;103;118m██[38;2;0;2;0m  [38;2;0;0;0m      
[38;2;1;0;0m  [38;2;38;35;32m  [38;2;222;223;219m██[38;2;85;84;85m██[38;2;222;162;165m██[38;2;239;236;237m██[38;2;5;7;4m  [38;2;0;0;0m  [38;2;35;28;28m  [38;2;243;226;233m██[38;2;177;97;106m██[38;2;220;220;220m██[38;2;113;90;94m██[38;2;195;175;178m██[38;2;110;115;122m██[38;2;229;211;211m██[38;2;83;86;83m██[38;2;103;80;82m██[38;2;99;74;78m██[38;2;20;11;11m  [38;2;0;0;0m        
[38;2;0;0;0m  [38;2;0;2;0m  [38;2;169;172;167m██[38;2;222;223;221m██[38;2;195;149;151m██[38;2;162;161;160m██[38;2;0;1;0m  [38;2;0;0;0m  [38;2;6;0;0m  [38;2;88;63;66m██[38;2;255;121;140m██[38;2;191;85;97m██[38;2;203;146;154m██[38;2;146;132;134m██[38;2;199;201;202m██[38;2;161;163;161m██[38;2;125;127;125m██[38;2;229;198;199m██[38;2;68;67;67m██[38;2;90;80;64m██[38;2;0;0;0m        
[38;2;0;0;0m    [38;2;7;8;7m  [38;2;20;23;20m██[38;2;11;13;11m  [38;2;0;0;0m      [38;2;0;3;0m  [38;2;184;148;126m██[38;2;228;104;121m██[38;2;242;115;132m██[38;2;171;109;117m██[38;2;113;70;77m██[38;2;199;199;199m██[38;2;216;217;216m██[38;2;221;222;221m██[38;2;255;166;173m██[38;2;65;64;64m██[38;2;8;8;5m  [38;2;0;0;0m        
[38;2;0;0;0m              [38;2;8;16;16m██[38;2;145;141;134m██[38;2;197;168;140m██[38;2;99;73;65m██[38;2;24;13;13m  [38;2;55;43;43m██[38;2;131;106;104m██[38;2;130;68;73m██[38;2;151;151;151m██[38;2;71;69;71m██[38;2;18;20;18m  [38;2;0;2;0m  [38;2;0;0;0m          
[38;2;0;0;0m          [38;2;0;3;0m  [38;2;39;62;90m██[38;2;0;0;0m  [38;2;144;143;134m██[38;2;67;69;63m██[38;2;0;1;0m  [38;2;0;0;0m    [38;2;0;1;0m  [38;2;0;4;0m██[38;2;136;136;131m██[38;2;164;169;166m██[38;2;132;134;132m██[38;2;0;0;0m            
[38;2;0;0;0m          [38;2;0;3;0m  [38;2;46;62;79m██[38;2;0;2;0m  [38;2;19;33;41m  [38;2;98;119;134m██[38;2;17;32;39m██[38;2;0;0;0m        [38;2;66;66;70m██[38;2;167;165;166m██[38;2;40;43;45m  [38;2;0;0;0m            
[38;2;0;0;0m            [38;2;28;31;35m  [38;2;54;87;114m████[38;2;0;3;0m  [38;2;0;1;0m  [38;2;0;0;0m      [38;2;0;3;0m  [38;2;125;123;128m██[38;2;176;170;168m██[38;2;50;52;57m██[38;2;1;0;0m  [38;2;0;0;0m          
[38;2;0;0;0m              [38;2;0;1;0m    [38;2;0;0;0m          [38;2;0;1;0m  [38;2;41;69;107m██[38;2;67;104;168m██[38;2;62;87;142m██[38;2;59;75;105m  [38;2;0;1;0m  [38;2;0;0;0m        
[38;2;0;0;0m                              [38;2;0;1;0m  [38;2;68;104;182m██[38;2;66;104;161m██[38;2;59;91;151m██[38;2;0;1;0m  [38;2;0;0;0m        
[38;2;0;0;0m                                [38;2;18;31;49m  [38;2;20;33;52m██[38;2;0;3;0m  [38;2;0;0;0m          [0m
