
[38;2;0;0;0m    [38;2;5;7;8m  [38;2;23;24;34m██[38;2;0;0;0m                                    
[38;2;0;0;0m  [38;2;0;2;0m  [38;2;75;72;111m██[38;2;93;88;137m██[38;2;0;3;0m  [38;2;0;0;0m        [38;2;0;3;0m  [38;2;0;2;0m  [38;2;0;0;0m            [38;2;0;2;0m    [38;2;0;0;0m      
[38;2;0;0;0m  [38;2;17;18;25m  [38;2;91;86;132m████[38;2;0;3;0m  [38;2;0;0;0m    [38;2;23;23;27m  [38;2;51;49;68m██[38;2;115;109;156m██[38;2;94;89;126m██[38;2;29;30;39m██[38;2;21;22;29m  [38;2;0;0;0m      [38;2;0;1;0m  [38;2;86;82;117m██[38;2;94;89;126m██[38;2;29;30;39m██[38;2;0;0;0m    
[38;2;0;1;0m  [38;2;69;66;102m██[38;2;33;34;42m██[38;2;87;81;118m██[38;2;50;51;78m  [38;2;0;0;0m  [38;2;11;14;13m  [38;2;68;66;83m██[38;2;79;76;88m██[38;2;108;100;139m██[38;2;118;109;156m██[38;2;117;109;156m██[38;2;107;102;146m██[38;2;21;22;29m  [38;2;0;0;0m    [38;2;0;1;0m  [38;2;88;82;117m██[38;2;118;109;156m██[38;2;117;109;156m██[38;2;64;62;87m  [38;2;0;0;0m  
[38;2;0;0;0m  [38;2;0;2;0m  [38;2;5;7;8m  [38;2;58;56;85m██[38;2;86;81;118m██[38;2;38;38;45m██[38;2;115;109;156m██[38;2;118;109;156m████[38;2;88;84;105m██[38;2;79;76;88m██[38;2;99;92;122m██[38;2;109;100;139m██[38;2;116;109;156m██[38;2;0;3;0m  [38;2;0;0;0m  [38;2;28;30;39m██[38;2;118;109;156m██[38;2;108;100;139m██[38;2;118;109;156m██[38;2;93;89;126m██[38;2;7;8;9m  
[38;2;0;0;0m    [38;2;5;9;8m██[38;2;5;7;8m  [38;2;43;43;58m██[38;2;114;106;150m██[38;2;108;100;139m██[38;2;79;76;88m██[38;2;78;76;88m██[38;2;108;100;139m██[38;2;119;109;156m██[38;2;109;100;139m██[38;2;99;92;122m██[38;2;110;103;134m██[38;2;0;5;0m  [38;2;0;2;0m  [38;2;96;89;126m██[38;2;118;109;156m██[38;2;98;92;122m██[38;2;41;41;51m██[38;2;114;109;156m██[38;2;28;30;39m██
[38;2;0;0;0m      [38;2;0;3;0m  [38;2;112;106;150m██[38;2;105;98;95m██[38;2;133;119;100m██[38;2;247;214;209m██[38;2;248;216;210m██[38;2;145;136;134m██[38;2;105;105;105m██[38;2;101;96;124m██[38;2;109;101;138m██[38;2;86;81;108m██[38;2;63;61;81m██[38;2;94;89;126m██[38;2;79;74;100m██[38;2;100;94;129m██[38;2;87;82;117m██[38;2;0;1;0m  [38;2;21;22;29m    
[38;2;0;0;0m      [38;2;0;3;0m  [38;2;105;97;133m██[38;2;197;194;185m██[38;2;194;166;92m██[38;2;224;200;197m██[38;2;239;223;221m██[38;2;233;205;142m██[38;2;228;204;141m██[38;2;145;147;150m██[38;2;176;152;160m██[38;2;108;101;140m██[38;2;94;88;130m██[38;2;41;43;52m██[38;2;0;1;0m  [38;2;21;22;29m  [38;2;86;82;117m██[38;2;0;1;0m  [38;2;0;0;0m    
[38;2;0;0;0m        [38;2;12;14;12m  [38;2;168;156;153m██[38;2;175;163;162m██[38;2;79;75;88m██[38;2;219;199;200m██[38;2;217;187;142m██[38;2;217;193;148m██[38;2;181;179;170m██[38;2;207;180;177m██[38;2;98;94;129m██[38;2;93;88;135m██[38;2;23;25;34m██[38;2;0;0;0m    [38;2;0;2;0m  [38;2;0;0;0m      
[38;2;0;0;0m          [38;2;47;46;43m  [38;2;106;100;137m██[38;2;118;109;156m██[38;2;107;100;126m██[38;2;113;110;111m██[38;2;245;229;225m██[38;2;231;207;196m██[38;2;201;174;183m██[38;2;83;81;122m██[38;2;23;25;33m██[38;2;5;7;8m  [38;2;0;0;0m            
[38;2;0;0;0m          [38;2;0;2;0m  [38;2;80;77;104m██[38;2;99;91;95m██[38;2;105;97;133m██[38;2;111;102;110m██[38;2;243;218;218m██[38;2;207;180;177m██[38;2;73;70;90m██[38;2;22;23;23m  [38;2;0;0;0m                
[38;2;0;0;0m        [38;2;0;3;0m    [38;2;76;69;110m██[38;2;104;94;110m██[38;2;65;65;65m██[38;2;101;93;93m██[38;2;106;97;106m██[38;2;87;81;118m██[38;2;59;61;76m██[38;2;10;13;12m  [38;2;0;0;0m                
[38;2;0;0;0m    [38;2;7;11;15m  [38;2;28;44;61m██[38;2;42;82;148m██[38;2;60;69;86m██[38;2;82;76;115m██[38;2;109;100;139m██[38;2;118;109;156m████[38;2;108;100;139m██[38;2;75;72;84m██[38;2;115;106;150m██[38;2;72;89;125m██[38;2;33;46;61m██[38;2;7;11;15m  [38;2;0;0;0m            
[38;2;0;0;0m  [38;2;0;2;9m  [38;2;107;127;151m██[38;2;39;64;98m██[38;2;0;1;0m  [38;2;12;14;12m  [38;2;106;100;139m██[38;2;118;109;156m██[38;2;90;84;105m██[38;2;120;111;151m██[38;2;117;108;156m██[38;2;85;80;101m██[38;2;96;89;135m██[38;2;80;87;113m██[38;2;43;61;83m██[38;2;108;126;142m██[38;2;89;97;101m  [38;2;0;0;3m  [38;2;0;0;0m        
[38;2;15;17;15m  [38;2;198;207;207m██[38;2;196;205;205m██[38;2;13;15;13m  [38;2;0;1;0m  [38;2;112;100;100m██[38;2;109;89;122m██[38;2;113;79;84m██[38;2;172;168;173m██[38;2;104;97;135m██[38;2;114;106;151m██[38;2;116;106;139m██[38;2;72;70;83m██[38;2;35;36;46m██[38;2;15;18;25m  [38;2;193;209;216m██[38;2;240;253;252m██[38;2;100;105;101m██[38;2;0;0;0m        
[38;2;63;66;63m██[38;2;255;255;255m██[38;2;179;185;186m██[38;2;55;58;55m██[38;2;0;1;0m  [38;2;191;153;49m██[38;2;177;132;109m██[38;2;255;146;160m██[38;2;195;97;105m██[38;2;98;79;89m██[38;2;125;116;122m██[38;2;109;101;89m██[38;2;93;88;137m████[38;2;52;55;52m██[38;2;141;141;141m██[38;2;228;230;224m██[38;2;222;223;215m██[38;2;41;42;39m  [38;2;0;0;0m      
[38;2;47;50;47m  [38;2;239;239;239m██[38;2;119;123;124m██[38;2;0;1;0m  [38;2;0;0;0m  [38;2;51;60;89m  [38;2;97;79;108m██[38;2;183;80;77m██[38;2;182;80;77m██[38;2;124;97;104m██[38;2;129;121;102m██[38;2;106;98;85m██[38;2;92;87;137m██[38;2;73;72;113m██[38;2;9;16;15m  [38;2;92;135;153m██[38;2;96;110;120m██[38;2;65;79;87m██[38;2;61;116;154m██[38;2;0;1;0m  [38;2;0;0;0m    
[38;2;0;0;0m  [38;2;47;50;47m  [38;2;40;43;41m  [38;2;0;0;0m    [38;2;3;3;4m  [38;2;95;129;182m██[38;2;160;184;196m██[38;2;207;207;207m██[38;2;162;190;239m██[38;2;100;136;205m██[38;2;70;81;107m██[38;2;50;57;80m██[38;2;7;7;8m  [38;2;0;1;0m  [38;2;115;157;176m██[38;2;79;116;135m██[38;2;6;7;7m  [38;2;15;31;38m  [38;2;0;0;0m      
[38;2;0;0;0m      [38;2;27;43;48m  [38;2;20;41;52m██[38;2;57;85;122m██[38;2;85;123;183m██[38;2;105;127;150m██[38;2;55;94;162m██[38;2;87;123;182m██[38;2;98;146;229m██[38;2;103;153;243m██[38;2;92;122;173m██[38;2;5;6;4m  [38;2;0;0;0m  [38;2;0;3;0m  [38;2;119;187;219m██[38;2;23;39;43m██[38;2;0;0;0m        
[38;2;0;0;0m    [38;2;0;2;2m  [38;2;82;124;146m██[38;2;81;153;208m██[38;2;83;96;145m██[38;2;79;80;130m██[38;2;38;41;49m██[38;2;0;1;0m    [38;2;31;48;80m██[38;2;88;117;194m██[38;2;80;98;122m██[38;2;117;158;180m██[38;2;0;2;0m  [38;2;0;3;0m  [38;2;102;161;190m██[38;2;5;11;13m  [38;2;0;0;0m        
[38;2;0;0;0m      [38;2;46;88;115m  [38;2;61;116;154m████[38;2;0;3;0m  [38;2;0;0;0m      [38;2;2;1;0m  [38;2;58;83;120m██[38;2;174;216;234m██[38;2;174;216;233m██[38;2;117;157;171m██[38;2;0;1;0m  [38;2;33;55;64m██[38;2;33;52;58m██[38;2;0;0;0m        
[38;2;0;0;0m        [38;2;0;1;0m    [38;2;0;0;0m          [38;2;19;29;40m  [38;2;68;93;100m██[38;2;156;207;230m██[38;2;117;156;172m██[38;2;0;1;0m  [38;2;21;41;50m██[38;2;21;40;49m██[38;2;0;0;0m        [0m
