          [38;2;7;7;7m[48;2;7;7;7m▀[0m[38;2;7;7;7m[48;2;251;251;251m▀[0m[38;2;7;7;7m▄[38;2;7;7;7m▄[38;2;7;7;7m▄   
     [38;2;7;7;7m▄[38;2;7;7;7m[48;2;195;151;126m▀[0m[38;2;7;7;7m[48;2;195;151;126m▀[0m[38;2;7;7;7m▄[38;2;7;7;7m[48;2;228;219;224m▀[0m[38;2;195;184;190m[48;2;251;251;251m▀[0m[38;2;251;251;251m[48;2;195;184;190m▀[0m[38;2;251;251;251m[48;2;195;184;190m▀[0m[38;2;251;251;251m[48;2;228;219;224m▀[0m[38;2;251;251;251m[48;2;251;251;251m▀[0m[38;2;7;7;7m[48;2;195;184;190m▀[0m[38;2;7;7;7m[48;2;7;7;7m▀[0m 
  [38;2;7;7;7m▄[38;2;7;7;7m[48;2;143;96;88m▀[0m[38;2;7;7;7m[48;2;237;214;206m▀[0m[38;2;143;96;88m[48;2;237;214;206m▀[0m[38;2;143;96;88m[48;2;237;214;206m▀[0m[38;2;195;151;126m[48;2;195;151;126m▀[0m[38;2;82;82;82m[48;2;143;96;88m▀[0m[38;2;251;251;251m[48;2;143;96;88m▀[0m[38;2;251;251;251m[48;2;251;251;251m▀[0m[38;2;251;251;251m[48;2;251;251;251m▀[0m[38;2;251;251;251m[48;2;251;251;251m▀[0m[38;2;195;184;190m[48;2;195;184;190m▀[0m[38;2;195;184;190m[48;2;228;219;224m▀[0m[38;2;228;219;224m[48;2;7;7;7m▀[0m[38;2;7;7;7m▀ 
 [38;2;7;7;7m[48;2;7;7;7m▀[0m[38;2;237;214;206m[48;2;237;214;206m▀[0m[38;2;143;96;88m[48;2;143;96;88m▀[0m[38;2;237;214;206m[48;2;237;214;206m▀[0m[38;2;237;214;206m[48;2;237;214;206m▀[0m[38;2;237;214;206m[48;2;237;214;206m▀[0m[38;2;237;214;206m[48;2;237;214;206m▀[0m[38;2;237;214;206m[48;2;237;214;206m▀[0m[38;2;195;151;126m[48;2;237;214;206m▀[0m[38;2;143;96;88m[48;2;195;151;126m▀[0m[38;2;228;219;224m[48;2;143;96;88m▀[0m[38;2;251;251;251m[48;2;143;96;88m▀[0m[38;2;195;184;190m[48;2;195;184;190m▀[0m[38;2;228;219;224m[48;2;143;96;88m▀[0m[38;2;7;7;7m[48;2;7;7;7m▀[0m  
[38;2;7;7;7m[48;2;7;7;7m▀[0m[38;2;237;214;206m[48;2;216;182;165m▀[0m[38;2;237;214;206m[48;2;195;151;126m▀[0m[38;2;216;182;165m[48;2;195;151;126m▀[0m[38;2;143;96;88m[48;2;195;151;126m▀[0m[38;2;216;182;165m[48;2;195;151;126m▀[0m[38;2;216;182;165m[48;2;195;151;126m▀[0m[38;2;237;214;206m[48;2;195;151;126m▀[0m[38;2;237;214;206m[48;2;216;182;165m▀[0m[38;2;237;214;206m[48;2;237;214;206m▀[0m[38;2;237;214;206m[48;2;237;214;206m▀[0m[38;2;195;151;126m[48;2;195;151;126m▀[0m[38;2;195;151;126m[48;2;237;214;206m▀[0m[38;2;143;96;88m[48;2;237;214;206m▀[0m[38;2;195;151;126m[48;2;216;182;165m▀[0m[38;2;195;151;126m[48;2;195;151;126m▀[0m[38;2;7;7;7m[48;2;7;7;7m▀[0m 
[38;2;7;7;7m▀[38;2;195;151;126m[48;2;7;7;7m▀[0m[38;2;195;151;126m[48;2;195;151;126m▀[0m[38;2;195;151;126m[48;2;143;96;88m▀[0m[38;2;82;82;82m[48;2;143;96;88m▀[0m[38;2;195;151;126m[48;2;82;82;82m▀[0m[38;2;143;96;88m[48;2;143;96;88m▀[0m[38;2;143;96;88m[48;2;143;96;88m▀[0m[38;2;143;96;88m[48;2;143;96;88m▀[0m[38;2;195;151;126m[48;2;143;96;88m▀[0m[38;2;195;151;126m[48;2;143;96;88m▀[0m[38;2;82;82;82m[48;2;82;82;82m▀[0m[38;2;237;214;206m[48;2;195;151;126m▀[0m[38;2;237;214;206m[48;2;216;182;165m▀[0m[38;2;237;214;206m[48;2;237;214;206m▀[0m[38;2;216;182;165m[48;2;216;182;165m▀[0m[38;2;195;151;126m[48;2;216;182;165m▀[0m[38;2;7;7;7m[48;2;7;7;7m▀[0m
 [38;2;7;7;7m▀[38;2;143;96;88m[48;2;7;7;7m▀[0m[38;2;143;96;88m[48;2;82;82;82m▀[0m[38;2;82;82;82m[48;2;195;151;126m▀[0m[38;2;82;82;82m[48;2;228;219;224m▀[0m[38;2;82;82;82m[48;2;228;219;224m▀[0m[38;2;143;96;88m[48;2;82;82;82m▀[0m[38;2;143;96;88m[48;2;82;82;82m▀[0m[38;2;143;96;88m[48;2;82;82;82m▀[0m[38;2;82;82;82m[48;2;143;96;88m▀[0m[38;2;143;96;88m[48;2;143;96;88m▀[0m[38;2;195;151;126m[48;2;143;96;88m▀[0m[38;2;195;151;126m[48;2;143;96;88m▀[0m[38;2;195;151;126m[48;2;195;151;126m▀[0m[38;2;216;182;165m[48;2;143;96;88m▀[0m[38;2;143;96;88m[48;2;7;7;7m▀[0m[38;2;7;7;7m▀
   [38;2;7;7;7m[48;2;7;7;7m▀[0m[38;2;143;96;88m[48;2;251;251;251m▀[0m[38;2;251;251;251m[48;2;251;251;251m▀[0m[38;2;251;251;251m[48;2;251;251;251m▀[0m[38;2;143;96;88m[48;2;143;96;88m▀[0m[38;2;195;151;126m[48;2;143;96;88m▀[0m[38;2;228;219;224m[48;2;251;251;251m▀[0m[38;2;82;82;82m[48;2;195;184;190m▀[0m[38;2;82;82;82m[48;2;228;219;224m▀[0m[38;2;143;96;88m[48;2;82;82;82m▀[0m[38;2;143;96;88m[48;2;7;7;7m▀[0m[38;2;7;7;7m▀[38;2;7;7;7m▀  
   [38;2;7;7;7m▀[38;2;7;7;7m▀[38;2;228;219;224m[48;2;7;7;7m▀[0m[38;2;251;251;251m[48;2;7;7;7m▀[0m[38;2;251;251;251m[48;2;7;7;7m▀[0m[38;2;251;251;251m[48;2;251;251;251m▀[0m[38;2;195;184;190m[48;2;195;184;190m▀[0m[38;2;228;219;224m[48;2;228;219;224m▀[0m[38;2;228;219;224m[48;2;7;7;7m▀[0m[38;2;228;219;224m[48;2;7;7;7m▀[0m[38;2;7;7;7m▀    
        [38;2;7;7;7m▀[38;2;7;7;7m▀[38;2;7;7;7m▀       
[0m