
[38;2;0;0;0m                      [38;2;25;21;33m  [38;2;0;0;0m                            
[38;2;0;0;0m                      [38;2;98;81;129m██[38;2;0;0;0m                            
[38;2;0;0;0m                    [38;2;32;27;43m████[38;2;0;0;0m                            
[38;2;0;0;0m          [38;2;109;46;80m    [38;2;0;0;0m      [38;2;112;93;148m██[38;2;32;27;43m██[38;2;0;0;0m                            
[38;2;0;0;0m      [38;2;32;27;43m  [38;2;167;84;151m██[38;2;86;43;70m██[38;2;0;5;0m  [38;2;0;0;0m  [38;2;13;12;18m  [38;2;110;94;148m██[38;2;97;81;129m██[38;2;0;0;0m      [38;2;21;9;17m██[38;2;85;37;71m██[38;2;0;0;0m                    
[38;2;27;23;36m██[38;2;111;92;146m██[38;2;27;23;36m  [38;2;126;104;165m██[38;2;74;70;81m██[38;2;139;63;109m██[38;2;0;0;0m    [38;2;39;36;55m██[38;2;135;118;186m██[38;2;96;82;131m██[38;2;0;0;0m      [38;2;9;4;7m  [38;2;37;16;31m██[38;2;217;96;181m██[38;2;54;24;45m  [38;2;0;0;0m                
[38;2;0;0;0m  [38;2;94;82;131m██[38;2;169;82;147m██[38;2;128;68;102m██[38;2;89;63;100m██[38;2;166;87;142m██[38;2;23;18;19m  [38;2;0;0;0m  [38;2;39;36;55m██[38;2;142;125;196m██[38;2;21;19;21m  [38;2;70;31;59m  [38;2;120;53;100m  [38;2;0;0;0m      [38;2;40;17;33m  [38;2;231;102;193m██[38;2;179;106;183m██[38;2;14;13;20m  [38;2;0;0;0m      [38;2;43;40;61m  [38;2;0;0;0m    
[38;2;0;0;0m  [38;2;10;9;14m  [38;2;117;98;147m██[38;2;100;64;104m██[38;2;89;63;100m██[38;2;207;101;176m██[38;2;71;60;75m██[38;2;26;24;26m  [38;2;127;89;175m██[38;2;185;123;212m██[38;2;98;53;76m██[38;2;229;101;191m██[38;2;0;0;0m        [38;2;34;32;49m  [38;2;159;138;215m██[38;2;156;144;222m██[38;2;143;132;203m██[38;2;126;88;148m  [38;2;0;0;0m  [38;2;138;128;197m██[38;2;151;140;215m██[38;2;0;0;0m    
[38;2;13;11;17m  [38;2;58;40;66m██[38;2;123;94;146m██[38;2;63;43;70m██[38;2;104;63;102m██[38;2;168;91;145m██[38;2;130;83;125m██[38;2;134;104;180m██[38;2;161;136;214m██[38;2;171;90;157m██[38;2;203;99;180m██[38;2;61;24;46m██[38;2;0;0;0m      [38;2;47;44;67m  [38;2;150;136;210m██[38;2;108;75;129m██[38;2;113;71;139m████[38;2;167;109;188m██[38;2;201;130;218m██[38;2;157;144;223m██[38;2;39;36;55m██[38;2;0;0;0m    
[38;2;2;2;3m  [38;2;113;74;123m██[38;2;55;51;56m██[38;2;1;1;2m  [38;2;68;40;57m██[38;2;112;77;101m██[38;2;231;120;215m██[38;2;159;144;224m██[38;2;164;126;200m██[38;2;234;100;188m██[38;2;207;82;157m██[38;2;239;106;199m██[38;2;0;0;0m      [38;2;8;8;12m  [38;2;142;124;194m██[38;2;121;76;159m██[38;2;131;81;179m████[38;2;137;76;139m██[38;2;255;113;213m██[38;2;122;109;173m██[38;2;2;2;4m  [38;2;0;0;0m    
[38;2;0;0;0m  [38;2;98;81;129m██[38;2;0;0;0m    [38;2;63;28;53m██[38;2;112;76;102m██[38;2;230;120;215m██[38;2;180;90;156m██[38;2;227;95;180m██[38;2;227;100;189m██[38;2;108;47;88m  [38;2;0;0;0m        [38;2;52;48;74m  [38;2;126;95;169m██[38;2;126;80;170m██[38;2;131;81;179m████[38;2;126;79;170m██[38;2;118;71;139m██[38;2;174;104;189m██[38;2;39;36;55m██[38;2;0;0;0m    
[38;2;0;0;0m  [38;2;3;3;4m  [38;2;0;0;0m    [38;2;18;16;17m  [38;2;203;99;173m██[38;2;173;138;224m██[38;2;192;86;156m██[38;2;206;110;175m██[38;2;234;101;201m██[38;2;110;62;109m  [38;2;0;0;0m    [38;2;5;0;0m  [38;2;156;136;213m██[38;2;114;85;140m██[38;2;98;63;112m██[38;2;123;76;163m██[38;2;4;3;6m████[38;2;131;80;179m████[38;2;123;76;162m██[38;2;138;121;189m██[38;2;0;0;0m    
[38;2;0;0;0m    [38;2;0;1;0m  [38;2;30;18;25m  [38;2;156;87;136m██[38;2;194;118;197m██[38;2;185;104;179m██[38;2;203;98;178m██[38;2;195;173;212m██[38;2;233;144;230m██[38;2;103;103;124m██[38;2;241;234;250m██[38;2;96;93;95m██[38;2;106;85;133m██[38;2;90;65;108m██[38;2;88;64;97m██[38;2;103;89;113m██[38;2;37;36;39m██[38;2;0;0;0m        [38;2;92;53;110m██[38;2;145;100;164m██[38;2;137;127;195m██[38;2;20;18;28m  
[38;2;0;0;0m    [38;2;63;29;53m██[38;2;255;117;213m██[38;2;160;143;226m██[38;2;157;144;223m██[38;2;205;82;153m██[38;2;205;80;154m██[38;2;186;242;254m██[38;2;231;145;230m██[38;2;132;82;128m██[38;2;138;130;128m██[38;2;133;129;128m██[38;2;89;63;98m██[38;2;67;64;69m██[38;2;196;191;211m██[38;2;178;175;191m██[38;2;0;0;0m          [38;2;0;1;0m  [38;2;89;45;79m██[38;2;117;108;166m██[38;2;0;0;0m  
[38;2;0;0;0m        [38;2;75;69;106m██[38;2;144;100;152m██[38;2;163;140;189m██[38;2;181;166;206m██[38;2;140;118;144m██[38;2;107;83;126m██[38;2;87;86;89m██[38;2;217;213;232m██[38;2;127;125;133m██[38;2;100;85;126m██[38;2;114;96;121m██[38;2;195;184;178m██[38;2;85;84;92m  [38;2;0;0;0m            [38;2;35;23;40m  [38;2;117;108;166m██[38;2;0;0;0m  
[38;2;0;0;0m    [38;2;8;4;7m██[38;2;5;5;8m██[38;2;0;0;0m    [38;2;19;12;17m  [38;2;199;101;172m██[38;2;81;76;94m██[38;2;89;71;94m██[38;2;203;166;203m██[38;2;67;64;69m██[38;2;130;83;134m██[38;2;128;122;180m██[38;2;141;128;196m██[38;2;94;75;116m██[38;2;0;0;0m                    
[38;2;0;0;0m    [38;2;111;62;104m██[38;2;143;129;203m██[38;2;69;61;92m  [38;2;1;1;0m  [38;2;0;1;0m  [38;2;27;18;23m  [38;2;76;70;92m██[38;2;104;80;101m██[38;2;173;97;163m██[38;2;199;98;198m██[38;2;170;120;204m██[38;2;72;69;80m██[38;2;69;63;98m██[38;2;66;57;73m██[38;2;92;52;88m  [38;2;0;0;0m                  
[38;2;0;0;0m  [38;2;14;6;11m  [38;2;120;101;159m██[38;2;120;106;165m██[38;2;137;122;185m██[38;2;128;118;179m██[38;2;12;11;16m██[38;2;97;81;127m██[38;2;0;0;0m  [38;2;0;8;0m  [38;2;172;90;155m██[38;2;155;108;180m██[38;2;116;93;152m██[38;2;22;16;26m  [38;2;0;0;0m  [38;2;7;6;9m  [38;2;217;126;214m██[38;2;54;31;53m██[38;2;0;0;0m                
[38;2;0;0;0m  [38;2;77;34;65m██[38;2;0;0;0m  [38;2;19;19;19m  [38;2;106;99;139m██[38;2;84;78;113m██[38;2;70;66;90m██[38;2;33;33;45m██[38;2;0;0;0m    [38;2;15;12;17m  [38;2;67;55;77m██[38;2;73;52;89m██[38;2;21;14;26m  [38;2;77;64;101m██[38;2;117;97;154m██[38;2;146;128;202m██[38;2;39;36;56m██[38;2;0;0;0m                
[38;2;0;0;0m        [38;2;56;25;47m    [38;2;0;0;0m    [38;2;3;2;5m  [38;2;10;8;14m██[38;2;42;36;58m██[38;2;125;106;169m██[38;2;113;84;145m██[38;2;183;106;173m██[38;2;105;60;98m  [38;2;0;0;0m  [38;2;78;74;100m██[38;2;155;143;217m██[38;2;0;0;0m                
[38;2;0;0;0m                [38;2;131;51;101m██[38;2;151;75;139m██[38;2;113;75;128m██[38;2;117;76;150m██[38;2;121;81;162m██[38;2;95;63;121m██[38;2;61;43;85m  [38;2;0;0;0m  [38;2;7;8;6m  [38;2;169;99;169m██[38;2;0;0;0m                
[38;2;0;0;0m          [38;2;18;17;15m  [38;2;25;23;20m██[38;2;55;53;53m██[38;2;245;106;202m██[38;2;252;106;200m██[38;2;178;83;161m██[38;2;129;82;173m██[38;2;100;69;118m██[38;2;120;79;157m██[38;2;0;2;0m  [38;2;0;0;0m                      
[38;2;0;0;0m          [38;2;42;38;34m  [38;2;67;62;56m██[38;2;73;71;70m██[38;2;221;180;216m██[38;2;213;108;174m██[38;2;238;103;194m██[38;2;135;81;139m██[38;2;97;90;101m██[38;2;57;45;68m██[38;2;0;0;0m                        
[38;2;0;0;0m            [38;2;9;8;5m  [38;2;127;121;118m██[38;2;223;212;223m██[38;2;153;93;136m██[38;2;192;85;156m██[38;2;91;42;66m██[38;2;178;175;191m██[38;2;0;0;0m                          
[38;2;0;0;0m            [38;2;53;51;52m██[38;2;174;169;174m██[38;2;36;34;36m  [38;2;0;0;0m    [38;2;0;1;0m  [38;2;97;96;101m██[38;2;44;44;44m  [38;2;0;0;0m                        
[38;2;0;0;0m          [38;2;28;26;23m  [38;2;138;137;148m  [38;2;0;3;0m  [38;2;0;0;0m        [38;2;49;49;49m    [38;2;0;0;0m                        
[38;2;0;0;0m          [38;2;33;30;27m██[38;2;0;0;0m                                        [0m
