
[38;2;0;0;0m                    [38;2;15;15;15m██[38;2;1;1;1m  [38;2;0;0;0m                              
[38;2;0;0;0m                    [38;2;15;15;15m  [38;2;66;68;66m██[38;2;0;0;0m  [38;2;67;65;64m██[38;2;65;62;62m  [38;2;0;0;0m                        
[38;2;0;0;0m                      [38;2;43;45;45m  [38;2;86;86;85m██[38;2;170;165;164m██[38;2;118;115;115m██[38;2;27;28;27m  [38;2;0;0;0m                      
[38;2;0;0;0m                [38;2;42;43;42m██[38;2;7;7;7m  [38;2;0;0;0m  [38;2;43;44;47m  [38;2;139;136;136m██[38;2;139;140;139m██[38;2;115;115;115m██[38;2;112;114;112m██[38;2;25;26;25m  [38;2;0;0;0m                    
[38;2;0;0;0m                  [38;2;76;78;76m██[38;2;42;43;42m██[38;2;111;108;109m██[38;2;141;138;137m██[38;2;115;115;115m██[38;2;147;142;143m██[38;2;89;89;89m████[38;2;20;20;20m  [38;2;0;0;0m                  
[38;2;0;0;0m                  [38;2;13;14;13m  [38;2;80;80;80m██[38;2;148;146;146m██[38;2;115;114;115m██[38;2;115;115;115m██[38;2;104;103;103m██[38;2;155;150;149m██[38;2;89;89;89m██[38;2;87;87;87m██[38;2;23;23;23m  [38;2;0;0;0m                
[38;2;0;0;0m              [38;2;31;30;31m██[38;2;6;6;6m  [38;2;84;83;84m██[38;2;122;121;120m██[38;2;134;134;134m██[38;2;124;122;122m██[38;2;108;108;108m██[38;2;89;89;89m██[38;2;92;91;92m██[38;2;131;129;129m██[38;2;89;89;89m██[38;2;94;95;94m██[38;2;0;0;0m                
[38;2;0;0;0m        [38;2;44;44;44m  [38;2;0;0;0m    [38;2;31;30;31m  [38;2;68;67;68m██[38;2;88;87;88m██[38;2;151;146;147m██[38;2;119;116;116m██[38;2;138;134;133m██[38;2;89;89;89m██████[38;2;103;102;103m██[38;2;69;68;69m██[38;2;95;93;95m██[38;2;43;44;43m  [38;2;0;0;0m              
[38;2;0;0;0m        [38;2;97;95;95m██[38;2;16;16;15m██[38;2;0;0;0m    [38;2;70;71;70m██[38;2;136;137;136m██[38;2;115;115;115m██[38;2;108;109;108m██[38;2;89;89;89m██[38;2;158;152;152m██[38;2;93;90;91m██[38;2;89;87;89m██[38;2;73;73;73m██[38;2;78;79;78m██[38;2;63;65;63m██[38;2;88;87;88m██[38;2;101;100;101m██[38;2;0;0;0m            
[38;2;0;0;0m      [38;2;0;2;0m  [38;2;134;131;130m██[38;2;16;16;15m██[38;2;0;0;0m    [38;2;129;126;126m██[38;2;121;121;121m██[38;2;134;130;130m██[38;2;90;90;90m██[38;2;89;89;89m████[38;2;108;106;107m██[38;2;71;71;71m██[38;2;85;86;85m██[38;2;90;91;90m██[38;2;9;9;9m  [38;2;37;38;37m██[38;2;79;79;79m██[38;2;0;0;0m            
[38;2;0;0;0m      [38;2;0;3;0m  [38;2;215;208;208m██[38;2;44;43;43m██[38;2;0;0;0m  [38;2;40;38;38m  [38;2;144;140;140m██[38;2;109;108;109m██[38;2;120;117;117m██[38;2;96;87;82m██[38;2;87;77;75m██[38;2;107;66;67m██[38;2;97;97;97m██[38;2;66;67;66m██[38;2;98;98;98m██[38;2;84;84;84m██[38;2;6;6;6m  [38;2;23;24;23m██[38;2;33;34;33m██[38;2;0;0;0m      [38;2;15;15;15m  [38;2;75;74;75m██[38;2;5;5;5m  
[38;2;0;0;0m      [38;2;0;3;0m  [38;2;188;183;183m██[38;2;79;78;79m██[38;2;83;84;83m██[38;2;166;158;159m██[38;2;107;105;107m██[38;2;73;71;73m██[38;2;72;71;72m██[38;2;115;110;91m██[38;2;169;139;129m██[38;2;107;84;85m██[38;2;105;105;105m██[38;2;83;82;83m██[38;2;89;88;89m██[38;2;72;71;72m██[38;2;73;76;73m██[38;2;55;57;55m██[38;2;8;8;8m  [38;2;0;0;0m      [38;2;63;63;63m██[38;2;89;89;89m██[38;2;23;23;23m██
[38;2;0;0;0m      [38;2;18;18;18m  [38;2;81;82;81m██[38;2;133;132;133m██[38;2;101;101;101m██[38;2;68;67;68m██[38;2;0;0;0m  [38;2;45;46;45m  [38;2;105;103;105m██[38;2;94;126;102m██[38;2;87;86;87m██[38;2;84;84;84m██[38;2;107;108;107m██[38;2;83;82;83m██[38;2;69;70;69m██[38;2;62;64;62m  [38;2;0;0;0m  [38;2;70;69;70m██[38;2;47;46;47m██[38;2;0;0;0m    [38;2;35;34;35m██[38;2;89;89;89m██[38;2;70;70;70m██[38;2;0;0;0m  
[38;2;0;0;0m    [38;2;20;20;20m  [38;2;85;83;85m██[38;2;150;146;147m██[38;2;117;117;117m██[38;2;115;115;115m██[38;2;12;12;12m██[38;2;0;0;0m    [38;2;78;77;78m██[38;2;75;106;83m██[38;2;95;94;95m██[38;2;102;102;102m██[38;2;80;79;80m██[38;2;84;86;84m██[38;2;52;53;52m██[38;2;0;0;0m    [38;2;2;2;2m  [38;2;65;66;65m██[38;2;38;39;38m  [38;2;42;42;42m  [38;2;145;140;140m██[38;2;89;89;89m██[38;2;70;69;70m██[38;2;0;0;0m  
[38;2;5;5;5m  [38;2;22;22;22m██[38;2;76;77;76m██[38;2;151;147;147m██[38;2;201;197;197m██[38;2;119;119;119m██[38;2;73;72;72m██[38;2;0;0;0m      [38;2;82;81;82m██[38;2;83;82;83m██[38;2;94;94;94m██[38;2;96;96;96m██[38;2;89;88;89m██[38;2;71;72;71m██[38;2;0;0;0m        [38;2;14;14;14m  [38;2;89;91;89m██[38;2;140;140;140m██[38;2;121;119;119m██[38;2;126;122;123m██[38;2;0;0;0m    
[38;2;23;23;23m██[38;2;37;37;37m██[38;2;74;73;73m██[38;2;90;89;90m██[38;2;231;231;231m██[38;2;206;206;206m██[38;2;104;100;99m██[38;2;0;0;0m      [38;2;12;12;12m  [38;2;64;63;64m██[38;2;77;77;77m██[38;2;115;116;115m██[38;2;99;100;99m██[38;2;27;27;27m  [38;2;0;0;0m        [38;2;56;56;56m██[38;2;90;89;90m██[38;2;207;207;207m██[38;2;128;126;126m██[38;2;185;179;177m██[38;2;0;0;0m    
[38;2;0;0;0m    [38;2;26;26;26m██[38;2;79;79;79m██[38;2;182;182;182m██[38;2;103;103;103m██[38;2;0;0;0m        [38;2;52;51;52m██[38;2;46;48;46m██[38;2;75;75;75m██[38;2;65;64;65m██[38;2;100;100;100m██[38;2;0;0;0m        [38;2;10;9;10m██[38;2;89;89;89m██[38;2;231;231;231m████[38;2;228;228;228m██[38;2;64;64;64m██[38;2;0;0;0m    
[38;2;0;0;0m    [38;2;54;53;54m██[38;2;19;19;19m  [38;2;32;31;32m██[38;2;14;14;14m██[38;2;0;0;0m        [38;2;59;58;58m██[38;2;0;0;0m  [38;2;51;53;51m██[38;2;83;85;83m██[38;2;42;42;42m  [38;2;0;0;0m        [38;2;74;74;74m██[38;2;126;127;126m██[38;2;140;140;140m██[38;2;231;231;231m██[38;2;206;206;206m██[38;2;29;28;29m██[38;2;0;0;0m    
[38;2;0;0;0m    [38;2;47;46;47m██[38;2;0;0;0m  [38;2;22;22;22m  [38;2;67;66;67m██[38;2;0;0;0m        [38;2;115;111;110m██[38;2;3;3;3m██[38;2;0;0;0m  [38;2;44;46;44m██[38;2;38;38;38m██[38;2;0;0;0m        [38;2;128;128;128m██[38;2;139;140;139m██[38;2;133;134;133m██[38;2;160;160;160m██[38;2;77;77;77m██[38;2;23;22;23m██[38;2;0;0;0m    
[38;2;0;0;0m                    [38;2;34;36;34m██[38;2;0;0;0m    ██[38;2;76;73;72m██[38;2;0;0;0m        [38;2;75;74;75m██[38;2;126;126;126m██[38;2;140;140;140m██[38;2;102;103;102m██[38;2;89;89;89m██[38;2;26;26;26m██[38;2;0;0;0m    
[38;2;0;0;0m                            [38;2;34;34;34m██[38;2;15;16;15m  [38;2;0;0;0m  [38;2;1;1;1m  [38;2;62;61;62m██[38;2;64;67;64m██[38;2;73;73;73m██[38;2;116;117;116m██[38;2;74;74;74m██[38;2;71;73;71m██[38;2;6;6;6m  [38;2;0;0;0m    
[38;2;0;0;0m                            [38;2;8;8;8m  [38;2;63;64;63m██[38;2;0;0;0m  [38;2;1;1;1m██[38;2;22;22;22m██[38;2;0;0;0m  [38;2;14;14;14m  [38;2;74;73;74m██[38;2;7;7;7m  [38;2;28;29;28m██[38;2;26;26;26m██[38;2;0;0;0m    
[38;2;0;0;0m                                        [38;2;14;14;14m  [38;2;57;56;57m  [38;2;0;0;0m          
[38;2;0;0;0m                                        [38;2;14;14;14m██[38;2;0;0;0m            [0m
