
[38;2;0;0;0m        [38;2;9;6;9m██  [38;2;0;0;0m                                            
[38;2;0;0;0m        [38;2;37;35;38m██[38;2;123;81;124m██[38;2;0;0;0m                  [38;2;115;83;119m  [38;2;0;0;0m                        
[38;2;0;0;0m        [38;2;121;100;140m██[38;2;116;92;124m██[38;2;114;74;114m██[38;2;0;0;0m  [38;2;51;37;53m████[38;2;0;0;0m      [38;2;39;27;39m  [38;2;90;65;93m██[38;2;205;148;213m██[38;2;51;37;53m████████[38;2;0;0;0m                
[38;2;0;0;0m        [38;2;42;50;69m██[38;2;67;98;95m██[38;2;140;94;140m██[38;2;27;18;27m  [38;2;133;92;133m██[38;2;89;73;89m██[38;2;27;18;27m    [38;2;153;111;159m██[38;2;194;139;199m██[38;2;207;148;213m██[38;2;121;117;134m██[38;2;94;106;108m██[38;2;179;138;186m██[38;2;207;148;213m██[38;2;89;65;93m██[38;2;0;0;0m                
[38;2;0;0;0m    [38;2;51;37;53m██[38;2;12;9;13m  [38;2;31;45;48m██[38;2;73;119;159m██[38;2;80;94;93m██[38;2;86;72;86m██[38;2;208;149;213m██[38;2;164;111;165m██[38;2;110;93;124m██[38;2;86;72;86m██[38;2;208;149;213m██[38;2;172;140;193m██[38;2;60;98;94m██[38;2;84;154;163m██[38;2;115;210;211m██[38;2;91;138;134m██[38;2;102;117;133m██[38;2;0;0;0m                  
[38;2;0;0;0m    [38;2;91;65;93m██[38;2;172;121;173m██[38;2;138;112;151m██[38;2;60;77;89m██[38;2;100;100;120m██[38;2;147;116;155m██[38;2;208;148;213m██[38;2;197;139;201m██[38;2;133;93;133m██[38;2;149;113;153m██[38;2;182;133;186m██[38;2;74;113;136m██[38;2;78;123;158m██[38;2;70;118;149m██[38;2;82;144;134m██[38;2;124;204;212m██[38;2;81;97;95m██[38;2;38;27;39m  [38;2;0;0;0m                
[38;2;0;0;0m      [38;2;79;55;79m  [38;2;194;139;201m██[38;2;196;151;218m██[38;2;94;89;108m██[38;2;178;135;186m██[38;2;208;149;213m██[38;2;207;148;213m██[38;2;154;117;157m██[38;2;178;133;185m██[38;2;101;106;118m██[38;2;70;117;149m██[38;2;73;123;167m████[38;2;72;119;108m██[38;2;104;187;186m██[38;2;32;52;41m  [38;2;0;0;0m      [38;2;13;9;13m  [38;2;52;37;53m██[38;2;0;0;0m        
[38;2;0;0;0m        [38;2;153;104;156m██[38;2;163;113;165m██[38;2;208;148;213m██████[38;2;205;148;213m██[38;2;178;133;185m██[38;2;121;117;134m██[38;2;61;100;97m██[38;2;73;123;167m████[38;2;64;105;114m██[38;2;94;160;159m██[38;2;29;44;40m██[38;2;0;0;0m        [38;2;52;37;53m██[38;2;208;148;213m██[38;2;146;102;146m██[38;2;26;18;26m  [38;2;0;0;0m    
[38;2;0;0;0m        [38;2;33;28;37m██[38;2;133;97;146m██[38;2;171;121;179m██[38;2;208;148;213m██[38;2;206;151;214m██[38;2;209;151;214m██[38;2;208;149;213m██[38;2;208;148;213m██[38;2;84;97;100m██[38;2;68;101;122m██[38;2;68;98;120m██[38;2;76;79;80m██[38;2;103;79;103m██[38;2;65;43;65m██[38;2;0;0;0m          [38;2;115;83;119m  [38;2;198;144;207m██[38;2;124;92;127m██[38;2;26;23;26m  [38;2;0;0;0m  
[38;2;0;0;0m        [38;2;44;35;51m██[38;2;181;131;189m██[38;2;208;148;213m██[38;2;205;148;213m██[38;2;227;179;230m██[38;2;212;158;218m██[38;2;117;89;119m██[38;2;196;143;197m██[38;2;195;145;204m██[38;2;169;129;176m██[38;2;169;128;176m██[38;2;106;87;108m██[38;2;86;72;86m██[38;2;85;73;85m██[38;2;114;74;114m██[38;2;28;18;28m  [38;2;0;0;0m        [38;2;140;103;149m██[38;2;201;144;207m██[38;2;143;102;146m██[38;2;0;0;0m  
[38;2;0;0;0m        [38;2;177;131;187m██[38;2;185;138;192m██[38;2;206;149;213m██[38;2;122;100;143m██[38;2;220;170;225m██[38;2;168;121;174m██[38;2;145;136;145m██[38;2;205;161;205m██[38;2;163;113;168m██[38;2;194;140;201m██[38;2;91;79;93m██[38;2;93;79;93m██[38;2;205;149;213m██[38;2;176;120;180m██[38;2;96;77;97m██[38;2;147;96;147m██[38;2;40;28;42m██[38;2;12;9;13m  [38;2;0;0;0m    [38;2;44;35;52m██[38;2;180;132;189m██[38;2;172;125;180m██[38;2;36;26;37m██
[38;2;0;0;0m        [38;2;200;154;210m██[38;2;227;180;230m██[38;2;205;148;213m██[38;2;184;136;195m██[38;2;143;112;160m██[38;2;57;37;59m██[38;2;195;178;195m██[38;2;223;190;223m██[38;2;134;115;151m██[38;2;126;101;129m██[38;2;106;87;107m██[38;2;190;131;190m██[38;2;178;133;185m██[38;2;106;82;108m██[38;2;123;93;127m██[38;2;130;90;130m██[38;2;153;104;156m██[38;2;98;71;104m██[38;2;115;86;124m  [38;2;0;0;0m  [38;2;160;117;168m██[38;2;183;130;189m██[38;2;123;95;139m██[38;2;27;23;30m██
[38;2;0;0;0m    [38;2;37;25;37m██[38;2;124;80;124m██[38;2;111;93;113m██[38;2;221;177;224m██[38;2;205;149;213m██[38;2;208;148;213m██[38;2;208;149;213m██[38;2;178;149;188m██[38;2;151;130;163m██[38;2;196;175;199m██[38;2;110;93;124m██[38;2;153;116;158m██[38;2;147;165;166m██[38;2;142;130;147m██[38;2;106;86;106m██[38;2;171;127;176m██[38;2;107;86;109m██[38;2;97;77;97m██[38;2;150;99;150m██[38;2;149;99;149m██[38;2;121;98;141m██[38;2;191;137;197m██[38;2;126;100;145m██[38;2;158;106;160m██[38;2;140;93;140m██[38;2;27;18;27m  
[38;2;18;16;20m  [38;2;161;149;163m██[38;2;120;84;130m██[38;2;150;99;150m██[38;2;129;93;130m██[38;2;139;106;140m██[38;2;187;137;194m██[38;2;183;137;194m██[38;2;111;104;131m██[38;2;128;94;138m██[38;2;169;129;170m██[38;2;99;89;101m██[38;2;102;96;109m██[38;2;165;184;186m██[38;2;233;237;239m██[38;2;215;213;215m██[38;2;105;87;106m██[38;2;170;127;176m██[38;2;174;136;177m██[38;2;116;106;116m██[38;2;135;92;135m██[38;2;134;92;134m██[38;2;110;88;129m██[38;2;149;99;150m██[38;2;134;96;143m██[38;2;138;95;144m██[38;2;114;74;114m██[38;2;0;0;0m  
[38;2;36;28;40m██[38;2;139;112;152m██[38;2;138;112;148m██[38;2;144;104;145m██[38;2;113;74;113m██[38;2;28;18;28m  [38;2;38;27;39m  [38;2;97;88;116m██[38;2;128;90;128m██[38;2;99;94;104m██[38;2;89;95;96m██[38;2;128;120;134m██[38;2;208;219;219m██[38;2;251;253;255m██[38;2;182;176;182m██[38;2;100;88;100m██[38;2;205;149;213m██[38;2;205;148;213m██[38;2;163;127;165m██[38;2;116;106;117m██[38;2;135;92;135m██[38;2;88;78;102m██[38;2;150;99;150m████[38;2;120;87;130m██[38;2;104;71;109m██[38;2;0;0;0m    
[38;2;9;6;9m  [38;2;141;124;147m██[38;2;129;106;142m██[38;2;79;74;85m██[38;2;0;0;0m      [38;2;12;12;12m  [38;2;130;90;130m██[38;2;99;94;104m██[38;2;139;157;158m██[38;2;136;147;150m██[38;2;165;172;174m██[38;2;130;120;133m██[38;2;149;132;149m██[38;2;186;132;186m██[38;2;174;122;176m██[38;2;208;148;213m██[38;2;161;119;164m██[38;2;103;82;109m██[38;2;149;99;149m██[38;2;86;72;86m██[38;2;123;80;123m██[38;2;38;24;38m██[38;2;17;15;23m  [38;2;0;0;0m      
[38;2;0;0;0m            [38;2;9;6;9m  [38;2;124;80;124m██[38;2;97;77;97m██[38;2;146;96;146m██[38;2;116;106;116m██[38;2;243;243;243m██[38;2;247;248;248m██[38;2;105;104;105m██[38;2;194;139;201m██[38;2;153;104;156m██[38;2;212;181;212m██[38;2;168;123;172m██[38;2;127;101;129m██[38;2;208;148;213m██[38;2;110;88;129m██[38;2;37;24;37m██[38;2;0;0;0m            
[38;2;0;0;0m            [38;2;38;24;38m██[38;2;152;99;152m██[38;2;130;90;130m██[38;2;81;70;81m██[38;2;97;77;97m██[38;2;116;106;116m██[38;2;126;123;130m██[38;2;146;161;164m██[38;2;106;95;113m██[38;2;208;189;210m██[38;2;136;97;141m██[38;2;154;118;157m██[38;2;206;148;213m██[38;2;143;112;160m██[38;2;101;85;124m██[38;2;113;77;118m██[38;2;0;0;0m            
[38;2;0;0;0m              [38;2;86;55;86m  [38;2;81;70;81m██[38;2;145;97;145m██[38;2;151;99;151m██[38;2;152;99;152m██[38;2;70;66;73m  [38;2;1;0;0m  [38;2;1;0;1m  [38;2;6;0;6m  [38;2;65;58;68m██[38;2;164;121;173m██[38;2;159;120;173m██[38;2;111;98;134m██[38;2;198;138;201m██[38;2;153;103;156m██[38;2;114;74;114m██[38;2;0;0;0m          
[38;2;0;0;0m              [38;2;92;106;106m  [38;2;139;158;158m██[38;2;104;87;108m██[38;2;37;27;37m██[38;2;38;24;38m██[38;2;0;0;0m        [38;2;38;24;38m██[38;2;109;87;130m██[38;2;215;210;222m██[38;2;231;222;235m██[38;2;139;101;151m██[38;2;68;47;70m██[38;2;28;18;28m  [38;2;0;0;0m          
[38;2;0;0;0m                                  [38;2;143;143;143m  [38;2;255;255;255m████[38;2;143;143;143m  [38;2;0;0;0m              
[38;2;0;0;0m                                    [38;2;63;63;63m████[38;2;0;0;0m                [0m
