
[38;2;0;0;0m                            [38;2;47;46;36m  [38;2;0;0;0m                      
[38;2;0;0;0m                            [38;2;172;169;135m██[38;2;0;0;0m                      
[38;2;0;0;0m                  [38;2;62;61;49m██[38;2;0;0;0m    [38;2;6;6;7m  [38;2;179;176;142m██[38;2;230;226;179m██[38;2;78;78;65m██[38;2;0;2;4m  [38;2;0;0;0m  [38;2;62;61;49m  [38;2;0;0;0m              
[38;2;0;0;0m                  [38;2;172;169;135m██[38;2;209;205;163m██[38;2;52;51;40m  [38;2;107;113;115m██[38;2;120;120;110m██[38;2;89;101;110m██[38;2;184;184;161m██[38;2;156;154;129m  [38;2;44;43;44m  [38;2;172;169;135m██[38;2;0;0;0m              
[38;2;0;0;0m                    [38;2;177;179;154m██[38;2;227;226;179m██[38;2;207;207;164m██[38;2;118;122;102m██[38;2;185;177;112m██[38;2;190;183;121m██[38;2;201;195;138m██[38;2;227;226;179m██[38;2;133;129;89m██[38;2;2;1;0m  [38;2;0;0;0m            
[38;2;0;0;0m                  [38;2;172;169;134m██[38;2;114;123;123m██[38;2;230;226;179m██[38;2;191;191;160m████[38;2;227;226;179m████[38;2;207;203;149m██[38;2;209;203;149m██[38;2;211;197;149m██[38;2;57;56;44m██[38;2;0;0;0m            
[38;2;0;0;0m                [38;2;46;44;28m██[38;2;185;177;112m██[38;2;167;161;104m██[38;2;148;151;128m██[38;2;177;179;154m██[38;2;230;226;179m██[38;2;226;226;179m██[38;2;227;226;179m██[38;2;224;220;174m██[38;2;158;138;97m██[38;2;194;175;132m██[38;2;147;129;107m██[38;2;0;0;0m            
[38;2;0;0;0m                [38;2;172;164;96m██[38;2;219;216;174m██[38;2;216;213;173m██[38;2;170;162;94m██[38;2;155;145;68m████[38;2;219;217;168m██[38;2;225;223;177m██[38;2;219;213;166m██[38;2;199;180;135m██[38;2;147;118;104m██[38;2;156;137;106m██[38;2;0;0;0m            
[38;2;0;0;0m                [38;2;141;146;129m██[38;2;163;166;147m██[38;2;174;176;152m██[38;2;142;148;136m██[38;2;229;226;179m██[38;2;227;226;179m██[38;2;200;193;135m██[38;2;183;172;110m██[38;2;202;190;139m██[38;2;149;120;105m██[38;2;178;154;122m██[38;2;165;143;112m██[38;2;0;0;0m            
[38;2;0;0;0m      [38;2;14;26;30m    [38;2;0;0;0m  [38;2;3;4;4m  [38;2;71;76;69m██[38;2;209;207;156m██[38;2;226;226;180m████[38;2;229;226;180m██[38;2;113;123;122m██[38;2;226;226;180m██[38;2;228;224;178m██[38;2;210;194;147m██[38;2;141;110;100m██[38;2;186;164;127m██[38;2;179;156;123m██[38;2;161;142;110m██[38;2;0;0;0m            
[38;2;0;0;0m      [38;2;21;40;45m  [38;2;141;203;215m██[38;2;21;30;30m  [38;2;88;95;96m██[38;2;197;197;160m██[38;2;169;173;146m██[38;2;201;201;166m██[38;2;229;226;179m██[38;2;153;151;122m██[38;2;132;131;101m██[38;2;169;161;90m██[38;2;168;158;87m██[38;2;194;177;124m██[38;2;184;164;127m██[38;2;188;164;127m██[38;2;88;79;75m██[38;2;25;24;21m██[38;2;0;0;0m            
[38;2;0;0;0m        [38;2;163;235;248m██[38;2;86;123;124m██[38;2;219;215;173m██[38;2;183;182;149m██[38;2;194;192;156m██[38;2;146;151;138m██[38;2;117;126;124m██[38;2;203;201;161m██[38;2;231;226;175m██[38;2;230;226;179m██[38;2;232;227;179m██[38;2;179;167;101m██[38;2;161;145;115m██[38;2;103;105;108m██[38;2;127;210;230m██[38;2;111;201;224m██[38;2;28;54;60m██[38;2;7;13;15m  [38;2;0;0;0m        
[38;2;0;0;0m        [38;2;111;198;217m██[38;2;111;176;180m██[38;2;95;93;95m██[38;2;183;180;165m██[38;2;189;185;166m██[38;2;196;192;156m██[38;2;227;226;179m██[38;2;201;195;156m██[38;2;101;96;85m██[38;2;95;93;85m██[38;2;126;119;101m██[38;2;202;185;141m██[38;2;101;103;107m██[38;2;174;233;246m██[38;2;186;242;254m██[38;2;125;209;230m██[38;2;19;36;40m██[38;2;4;9;10m  [38;2;0;0;0m        
[38;2;16;40;43m████[38;2;0;0;0m    [38;2;76;144;161m██[38;2;104;199;222m██[38;2;153;149;116m██[38;2;63;61;43m██[38;2;246;241;171m██[38;2;110;110;92m██[38;2;154;141;112m██[38;2;139;134;108m██[38;2;231;227;167m██[38;2;231;227;186m██[38;2;123;120;108m██[38;2;78;102;112m██[38;2;117;205;227m██[38;2;152;226;243m██[38;2;54;98;121m  [38;2;0;0;0m              
[38;2;1;3;3m  [38;2;45;113;121m██[38;2;0;0;0m    [38;2;26;49;55m██[38;2;104;199;222m██[38;2;132;188;181m██[38;2;48;41;21m██[38;2;111;167;151m██[38;2;73;155;166m██[38;2;73;136;146m██[38;2;150;164;123m██[38;2;191;171;101m██[38;2;191;184;125m██[38;2;113;128;113m██[38;2;98;166;181m██[38;2;104;198;222m██[38;2;105;198;222m██[38;2;29;53;58m  [38;2;48;109;119m  [38;2;62;141;154m██[38;2;16;37;40m  [38;2;0;0;0m        
[38;2;0;0;0m    [38;2;42;95;101m██[38;2;40;84;90m██[38;2;45;89;97m██[38;2;100;183;204m██[38;2;105;198;222m██[38;2;121;177;170m██[38;2;82;120;117m██[38;2;69;84;91m██[38;2;73;82;90m██[38;2;69;111;110m██[38;2;118;143;118m██[38;2;100;140;124m██[38;2;99;146;151m██[38;2;108;200;218m██[38;2;103;199;222m██[38;2;74;97;104m██[38;2;72;158;173m██[38;2;68;127;137m██[38;2;42;93;102m██[38;2;57;112;125m██[38;2;91;170;191m██[38;2;12;22;25m  [38;2;0;0;0m    
[38;2;0;0;0m      [38;2;48;48;48m██[38;2;65;64;65m████[38;2;104;199;222m██[38;2;68;100;111m██[38;2;205;235;204m██[38;2;113;116;112m████[38;2;205;229;192m██[38;2;63;100;111m██[38;2;105;198;222m██[38;2;104;199;222m████[38;2;99;188;208m██[38;2;70;87;90m██[38;2;65;64;65m██[38;2;16;16;16m██[38;2;0;0;0m    [38;2;26;49;55m██[38;2;105;198;222m██[38;2;0;0;0m██  
[38;2;8;21;23m  [38;2;35;87;93m██[38;2;33;84;89m██[38;2;29;73;78m██[38;2;39;95;102m██[38;2;68;127;137m██[38;2;78;109;118m██[38;2;116;115;104m██[38;2;159;157;136m██[38;2;93;104;112m██[38;2;146;151;138m████[38;2;125;129;120m██[38;2;95;164;182m██[38;2;85;177;196m██[38;2;74;165;180m██[38;2;67;110;117m██[38;2;70;149;162m██[38;2;56;139;148m██[38;2;29;73;78m██[38;2;35;87;93m██[38;2;8;21;23m  [38;2;0;0;0m  [38;2;36;67;75m  [38;2;48;90;100m██[38;2;12;22;25m  
[38;2;0;0;0m        [38;2;3;3;3m  [38;2;36;67;74m██[38;2;66;88;92m██[38;2;65;94;103m██[38;2;161;179;152m██[38;2;115;116;108m██[38;2;202;183;138m██[38;2;164;180;150m██[38;2;64;94;103m██[38;2;68;161;175m████[38;2;70;161;175m██[38;2;65;70;72m████[38;2;4;4;4m  [38;2;0;0;0m              
[38;2;0;0;0m    [38;2;10;25;27m  [38;2;41;102;109m██[38;2;37;91;97m██[38;2;57;87;93m██[38;2;67;134;145m██[38;2;83;158;162m██[38;2;60;125;136m██[38;2;39;57;60m██[38;2;63;58;47m██[38;2;53;102;111m██[38;2;82;158;161m██[38;2;66;161;173m██[38;2;68;161;175m████[38;2;68;136;147m██[38;2;69;136;147m██[38;2;59;119;127m██[38;2;29;62;68m██[38;2;3;0;0m  [38;2;0;0;0m          
[38;2;0;0;0m            [38;2;55;131;143m██[38;2;53;131;141m██[38;2;0;0;0m          [38;2;39;98;105m  [38;2;58;139;151m██[38;2;67;161;174m██[38;2;65;153;166m██[38;2;54;72;75m██[38;2;0;0;0m  [38;2;45;96;105m  [38;2;58;129;140m██[38;2;53;131;140m██[38;2;0;0;0m        
[38;2;0;0;0m                            [38;2;4;10;11m  [38;2;17;43;46m██[38;2;13;32;35m  [38;2;0;0;0m                  [0m
