
[38;2;0;0;0m                            [38;2;0;1;0m    [38;2;47;18;9m  [38;2;64;24;13m██[38;2;27;23;29m  [38;2;17;22;33m████[38;2;0;1;0m    [38;2;0;0;0m                      
[38;2;0;0;0m                      [38;2;0;0;1m  [38;2;0;9;12m  [38;2;29;25;42m  [38;2;203;88;59m██[38;2;205;92;59m██[38;2;239;102;66m██[38;2;211;98;79m██[38;2;77;79;129m██[38;2;165;206;201m██[38;2;192;210;210m██[38;2;114;142;148m██[38;2;53;62;105m██[38;2;107;41;27m  [38;2;0;9;12m  [38;2;0;1;0m  [38;2;0;0;0m                
[38;2;0;0;0m      [38;2;0;1;0m  [38;2;66;64;21m██[38;2;45;42;17m██[38;2;0;0;0m        [38;2;47;19;11m  [38;2;98;39;24m██[38;2;148;73;78m██[38;2;92;61;81m██[38;2;187;96;91m██[38;2;203;102;88m██[38;2;255;112;73m████[38;2;160;97;106m██[38;2;92;113;148m██[38;2;136;182;187m██[38;2;146;182;190m██[38;2;73;85;134m██[38;2;105;68;93m██[38;2;225;84;68m██[38;2;160;55;31m██[38;2;80;29;16m  [38;2;0;0;0m              
[38;2;0;0;0m      [38;2;0;3;0m  [38;2;192;179;63m██[38;2;182;161;70m██[38;2;0;0;0m    [38;2;0;1;0m  [38;2;6;5;1m  [38;2;231;81;50m██[38;2;86;75;116m██[38;2;74;78;129m██[38;2;75;83;138m██[38;2;65;73;125m██[38;2;70;74;124m██[38;2;210;103;85m██[38;2;87;77;117m██[38;2;87;80;111m██[38;2;66;73;102m██[38;2;67;67;74m██[38;2;124;78;103m██[38;2;219;80;57m██[38;2;227;79;52m██[38;2;239;79;46m████[38;2;238;80;48m██[38;2;93;33;19m  [38;2;0;3;0m  [38;2;0;0;0m          
[38;2;0;0;0m        [38;2;41;41;14m  [38;2;181;171;63m██[38;2;0;2;0m  [38;2;0;1;0m  [38;2;102;133;132m██[38;2;142;76;90m  ██[38;2;75;85;135m  [38;2;164;205;205m██[38;2;199;238;222m██[38;2;192;238;222m██[38;2;114;136;168m██[38;2;67;74;125m██[38;2;139;76;91m██[38;2;81;67;71m██[38;2;222;191;70m██[38;2;243;211;65m██[38;2;113;106;77m██[38;2;157;76;80m██[38;2;165;77;80m██[38;2;236;80;49m██[38;2;239;79;46m██[38;2;238;79;46m██[38;2;239;79;46m██[38;2;226;75;43m  [38;2;38;15;7m  [38;2;0;0;0m        
[38;2;0;0;0m        [38;2;0;1;0m  [38;2;172;162;60m██[38;2;104;95;42m  [38;2;161;215;207m  [38;2;67;76;124m██[38;2;239;79;46m██[38;2;142;77;93m██[38;2;67;77;132m██[38;2;135;177;183m██[38;2;219;242;230m██[38;2;188;237;219m██[38;2;71;81;132m██[38;2;188;78;70m██[38;2;177;105;65m██[38;2;205;176;65m██[38;2;230;205;88m██[38;2;97;91;68m██[38;2;121;132;126m██[38;2;170;200;206m██[38;2;73;90;142m██[38;2;79;82;133m██[38;2;155;79;88m██[38;2;239;79;46m██████[38;2;186;69;62m██[38;2;0;3;0m  [38;2;0;0;0m      
[38;2;0;0;0m    [38;2;0;2;0m    [38;2;0;0;0m  [38;2;0;1;0m  [38;2;109;107;51m██[38;2;66;72;74m██[38;2;195;78;66m██[38;2;238;79;45m██[38;2;236;83;52m██[38;2;69;76;104m██[38;2;81;81;107m██[38;2;152;77;86m██[38;2;153;78;88m██[38;2;153;78;83m██[38;2;152;73;57m██[38;2;176;145;65m██[38;2;171;143;65m██[38;2;134;153;144m██[38;2;202;231;187m██[38;2;187;236;220m██[38;2;194;243;224m██[38;2;196;241;223m██[38;2;122;160;174m██[38;2;72;81;137m██[38;2;155;75;83m██[38;2;216;73;52m██[38;2;199;71;60m██[38;2;199;72;61m██[38;2;168;64;64m██[38;2;0;1;2m  [38;2;0;0;0m    
[38;2;0;0;0m  [38;2;0;3;0m  [38;2;138;121;71m██[38;2;189;178;65m██[38;2;4;6;1m  [38;2;2;5;2m  [38;2;122;115;65m██[38;2;74;72;65m██[38;2;235;78;46m██[38;2;232;78;46m██[38;2;139;75;61m██[38;2;144;85;73m██[38;2;96;85;84m██[38;2;93;69;64m██[38;2;232;80;49m██[38;2;96;89;66m██[38;2;226;193;72m██[38;2;65;65;68m██[38;2;163;203;190m██[38;2;182;236;217m██[38;2;164;227;204m██[38;2;216;236;224m██[38;2;220;242;230m██[38;2;168;233;210m██[38;2;220;242;230m██[38;2;125;160;177m██[38;2;68;72;121m██[38;2;156;67;77m██[38;2;159;64;73m██[38;2;206;74;59m██[38;2;159;59;54m██[38;2;54;22;18m██[38;2;0;0;0m    
[38;2;0;0;0m  [38;2;0;1;0m  [38;2;79;78;30m██[38;2;110;108;45m██[38;2;158;149;55m██[38;2;147;102;58m██[38;2;100;80;63m██[38;2;188;177;65m██[38;2;102;68;62m██[38;2;108;93;91m██[38;2;109;94;89m██[38;2;89;80;76m██[38;2;123;103;101m██[38;2;106;93;81m██[38;2;159;138;73m██[38;2;227;189;65m██[38;2;145;102;62m██[38;2;139;78;96m██[38;2;110;125;131m██[38;2;122;136;120m██[38;2;143;152;107m██[38;2;170;149;65m██[38;2;129;139;129m██[38;2;189;236;221m██[38;2;220;242;230m██[38;2;119;153;168m██[38;2;68;72;121m██[38;2;159;64;73m████████[38;2;131;48;57m██[38;2;81;29;33m  [38;2;0;0;0m  
[38;2;0;0;0m      [38;2;10;12;7m  [38;2;36;36;36m  [38;2;152;147;54m  [38;2;175;167;63m██[38;2;191;180;65m██[38;2;128;118;77m██[38;2;169;221;202m██[38;2;171;219;202m██[38;2;113;107;105m██[38;2;86;81;65m██[38;2;226;194;65m██[38;2;131;118;65m██[38;2;86;81;66m██[38;2;86;81;65m████[38;2;208;179;65m██[38;2;226;194;65m██████[38;2;184;180;123m██[38;2;136;155;137m██[38;2;175;220;210m██[38;2;71;79;132m██[38;2;79;71;115m██[38;2;159;64;73m██████[38;2;143;56;64m██[38;2;149;61;70m██[38;2;129;53;60m██[38;2;4;3;2m  
[38;2;0;0;0m    [38;2;0;1;0m  [38;2;96;77;61m██[38;2;28;27;25m  [38;2;39;40;44m  [38;2;132;102;99m██[38;2;104;114;73m██[38;2;117;128;117m██[38;2;161;193;179m██[38;2;118;131;125m██[38;2;197;163;65m██[38;2;247;211;65m██[38;2;184;160;65m██[38;2;190;171;94m██[38;2;132;115;57m██[38;2;128;115;65m████[38;2;111;104;74m██[38;2;65;68;85m██[38;2;65;70;103m██[38;2;84;77;77m██[38;2;72;69;65m██[38;2;121;133;150m██[38;2;67;74;124m██[38;2;96;70;106m██[38;2;159;64;73m████[38;2;154;64;73m██[38;2;98;64;68m██[38;2;131;62;68m██[38;2;158;63;73m██[38;2;160;63;73m██[38;2;44;19;19m██
[38;2;0;0;0m    [38;2;49;41;31m██[38;2;105;85;70m██[38;2;86;75;67m██[38;2;68;66;67m██[38;2;156;111;115m██[38;2;226;250;246m██[38;2;113;105;103m██[38;2;102;105;105m██[38;2;97;83;85m██[38;2;92;90;90m██[38;2;96;99;99m██[38;2;87;92;90m██[38;2;101;88;79m██[38;2;222;219;194m██[38;2;119;103;101m██[38;2;123;104;102m██[38;2;85;95;100m██[38;2;188;75;59m██[38;2;77;70;106m██[38;2;102;90;88m██[38;2;85;78;77m██[38;2;73;71;114m██[38;2;139;64;72m██[38;2;141;64;71m██[38;2;141;63;71m██[38;2;107;55;64m██[38;2;90;64;68m██[38;2;159;64;73m████[38;2;160;63;73m██[38;2;139;54;63m██[38;2;24;11;10m  
[38;2;0;0;0m  [38;2;66;53;41m  [38;2;110;88;70m██[38;2;99;84;69m██[38;2;94;81;69m██[38;2;128;65;71m██[38;2;112;103;101m██[38;2;169;114;114m██[38;2;169;94;91m██[38;2;193;72;55m██[38;2;191;101;91m██[38;2;230;239;238m██[38;2;207;242;230m██[38;2;185;107;99m██[38;2;205;163;156m██[38;2;246;246;239m██[38;2;113;113;111m██[38;2;163;202;187m██[38;2;125;140;125m██[38;2;96;83;70m██[38;2;70;67;66m██[38;2;139;114;112m██[38;2;139;115;111m██[38;2;77;65;66m██[38;2;133;65;71m██[38;2;134;65;71m██[38;2;135;65;71m██[38;2;159;64;73m████████[38;2;141;51;61m██[38;2;29;11;10m  [38;2;0;0;0m  
[38;2;37;32;30m██[38;2;82;74;73m██[38;2;103;88;79m██[38;2;11;12;7m  [38;2;43;20;20m  [38;2;115;47;52m██[38;2;126;63;69m██[38;2;173;144;145m██[38;2;187;84;79m██[38;2;204;115;111m██[38;2;207;97;88m██[38;2;214;73;56m██[38;2;217;76;55m██[38;2;173;113;116m██[38;2;198;195;189m██[38;2;146;141;136m██[38;2;121;99;90m██[38;2;113;98;90m██[38;2;142;163;152m██[38;2;110;65;71m██[38;2;129;107;104m██[38;2;114;90;92m██[38;2;108;84;86m██[38;2;107;91;93m██[38;2;157;65;73m██[38;2;159;64;74m██[38;2;159;64;73m  ██[38;2;158;63;73m██[38;2;133;52;59m██[38;2;79;26;33m  [38;2;0;2;0m  [38;2;0;0;0m    
[38;2;7;7;5m  [38;2;15;17;14m██[38;2;94;78;76m██[38;2;0;0;0m      [38;2;27;18;15m██[38;2;14;13;11m██[38;2;169;156;152m██[38;2;246;245;238m██[38;2;219;208;201m██[38;2;200;171;163m██[38;2;190;169;166m██[38;2;182;175;167m██[38;2;91;88;87m██[38;2;104;87;70m██[38;2;111;91;73m██[38;2;91;68;70m██[38;2;151;64;73m██[38;2;125;64;71m██[38;2;134;89;91m██[38;2;135;111;109m██[38;2;139;113;111m██[38;2;111;85;84m██[38;2;152;73;81m██[38;2;159;63;71m██[38;2;168;60;73m██[38;2;71;28;31m██[38;2;29;15;13m██[38;2;9;4;3m  [38;2;0;0;0m        
[38;2;0;0;0m    [38;2;0;1;0m  [38;2;0;0;0m            [38;2;130;128;121m██[38;2;130;128;122m██[38;2;46;46;45m██[38;2;82;73;67m██[38;2;84;75;66m██[38;2;111;94;77m██[38;2;112;91;71m██[38;2;90;78;68m██[38;2;104;43;48m████[38;2;101;48;52m██[38;2;70;63;65m██[38;2;129;108;104m██[38;2;140;115;110m██[38;2;24;28;26m  [38;2;0;7;5m  [38;2;0;2;0m    [38;2;0;1;0m  [38;2;0;0;0m            
[38;2;0;0;0m                      [38;2;1;1;0m  [38;2;13;13;8m██[38;2;21;21;21m██[38;2;72;67;62m██[38;2;59;56;54m██[38;2;13;13;8m██[38;2;0;0;0m      [38;2;6;9;6m  [38;2;92;82;78m██[38;2;100;85;78m██[38;2;0;4;0m  [38;2;0;0;0m                    
[38;2;0;0;0m                          [38;2;4;5;4m  [38;2;72;58;59m██[38;2;31;26;24m  [38;2;0;0;0m  [38;2;0;1;0m  [38;2;0;0;0m    [38;2;0;1;0m  [38;2;39;34;26m  [38;2;58;49;38m  [38;2;0;1;0m  [38;2;0;0;0m                    
[38;2;0;0;0m                [38;2;0;3;0m  [38;2;0;0;0m      [38;2;0;2;0m  [38;2;101;85;67m██[38;2;66;65;66m██[38;2;75;70;66m██[38;2;75;69;64m  [38;2;98;81;81m  [38;2;0;0;0m                                
[38;2;0;0;0m                [38;2;23;20;18m  [38;2;47;38;36m██[38;2;20;18;16m  [38;2;4;5;3m  [38;2;69;59;61m██[38;2;73;53;39m██[38;2;157;76;61m██[38;2;108;82;69m██[38;2;99;86;83m██[38;2;102;84;84m██[38;2;0;0;0m                                
[38;2;0;0;0m                  [38;2;2;6;2m██[38;2;97;73;73m██[38;2;91;71;72m██[38;2;25;25;26m██[38;2;0;0;0m  [38;2;116;52;42m██[38;2;60;70;71m██[38;2;119;101;98m██[38;2;139;112;114m██[38;2;32;29;26m██[38;2;0;0;0m                              
[38;2;0;0;0m                  [38;2;2;2;0m  [38;2;159;58;39m██[38;2;83;69;73m██[38;2;35;30;28m██[38;2;0;0;0m  [38;2;44;26;27m  [38;2;54;43;42m██[38;2;125;100;102m██[38;2;115;91;93m██[38;2;135;109;111m██[38;2;0;2;0m  [38;2;0;0;0m                            
[38;2;0;0;0m                    [38;2;0;2;0m  [38;2;232;218;60m██[38;2;0;1;0m  [38;2;0;0;0m    [38;2;26;20;17m  [38;2;143;95;95m██[38;2;164;81;80m██[38;2;126;97;100m██[38;2;0;2;0m  [38;2;0;0;0m                            
[38;2;0;0;0m                      [38;2;80;77;20m  [38;2;0;0;0m        [38;2;152;64;48m██[38;2;229;154;57m██[38;2;35;28;11m██[38;2;0;0;0m                              
[38;2;0;0;0m                                [38;2;0;2;0m  [38;2;190;164;48m██[38;2;2;0;0m  [38;2;0;0;0m                              
[38;2;0;0;0m                                  [38;2;50;49;13m  [38;2;0;0;0m                                [0m
