
[38;2;0;0;0m                      [38;2;1;1;1m  [38;2;37;16;36m  [38;2;0;0;0m                                
[38;2;0;0;0m                      [38;2;6;6;6m  [38;2;139;54;133m██[38;2;0;0;0m                                
[38;2;0;0;0m                      [38;2;65;27;62m  [38;2;139;54;133m██[38;2;0;0;0m                                
[38;2;0;0;0m                    [38;2;3;3;3m  [38;2;242;90;230m██[38;2;139;54;133m██[38;2;0;0;0m                                
[38;2;0;0;0m    [38;2;2;2;2m  [38;2;57;24;54m██[38;2;1;1;1m  [38;2;0;0;0m          [38;2;3;3;3m  [38;2;219;88;225m██[38;2;105;57;146m██[38;2;2;2;2m  [38;2;0;0;0m            [38;2;1;1;1m    [38;2;0;0;0m              
[38;2;0;0;0m      [38;2;56;23;53m  [38;2;131;50;125m  [38;2;5;5;5m  [38;2;0;0;0m        [38;2;38;38;38m  [38;2;117;100;132m██[38;2;119;101;135m██[38;2;8;8;9m██[38;2;0;0;0m            [38;2;118;46;113m  [38;2;6;6;6m  [38;2;0;0;0m              
[38;2;0;0;0m      [38;2;4;4;4m  [38;2;175;59;161m██[38;2;147;66;199m██[38;2;29;17;39m  [38;2;1;1;1m  [38;2;0;0;0m  [38;2;1;1;1m  [38;2;54;54;54m██[38;2;77;77;77m██[38;2;76;76;76m██[38;2;32;32;32m██[38;2;1;1;1m    [38;2;0;0;0m    [38;2;20;11;29m  [38;2;85;34;81m██[38;2;105;41;100m██[38;2;0;0;0m    [38;2;1;1;1m  [38;2;22;22;22m  [38;2;32;32;32m██[38;2;10;10;10m  [38;2;1;1;1m  [38;2;0;0;0m  
[38;2;0;0;0m        [38;2;23;10;22m  [38;2;144;76;197m██[38;2;106;94;116m██[38;2;81;81;81m██[38;2;5;5;5m  [38;2;75;75;75m  [38;2;96;96;96m██[38;2;106;106;106m██████[38;2;81;81;81m██[38;2;80;80;80m  [38;2;5;5;5m  [38;2;11;8;13m  [38;2;136;72;192m██[38;2;238;89;227m██[38;2;28;12;27m  [38;2;0;0;0m  [38;2;3;3;3m  [38;2;81;81;81m██[38;2;98;98;98m██[38;2;180;167;149m██[38;2;110;107;101m██[38;2;64;64;64m  [38;2;1;1;1m  
[38;2;0;0;0m        [38;2;1;1;1m  [38;2;77;36;116m  [38;2;103;103;103m██[38;2;78;78;78m██[38;2;99;99;99m██[38;2;106;106;106m██[38;2;107;107;107m████[38;2;106;106;106m██[38;2;107;107;107m██[38;2;101;101;101m██[38;2;96;96;96m██[38;2;85;86;85m██[38;2;107;107;107m██[38;2;128;97;156m██[38;2;6;6;6m  [38;2;0;0;0m    [38;2;70;70;70m██[38;2;142;136;127m██[38;2;197;170;173m██[38;2;193;162;178m██[38;2;201;180;168m██[38;2;109;105;101m██[38;2;9;9;9m  
[38;2;0;0;0m          [38;2;1;1;1m  [38;2;55;55;55m██[38;2;105;105;105m██[38;2;130;97;159m██[38;2;106;106;106m██[38;2;107;107;107m████[38;2;106;106;106m████[38;2;80;80;80m██[38;2;96;96;96m██[38;2;106;106;106m██[38;2;107;107;107m██[38;2;64;64;64m██[38;2;1;1;1m  [38;2;0;0;0m  [38;2;14;14;14m  [38;2;97;97;97m██[38;2;199;176;170m██[38;2;161;93;217m██[38;2;186;147;186m██[38;2;166;103;211m██[38;2;199;183;160m██[38;2;51;48;43m██
[38;2;0;0;0m          [38;2;1;1;1m  [38;2;52;52;52m██[38;2;140;92;182m██[38;2;142;91;187m██[38;2;108;106;109m██[38;2;107;107;107m██[38;2;155;86;216m██[38;2;113;104;122m██[38;2;107;107;107m██[38;2;106;106;106m██[38;2;107;107;107m██[38;2;106;106;106m██[38;2;104;104;104m██[38;2;44;44;44m██[38;2;1;1;1m    [38;2;41;41;41m██[38;2;169;158;143m██[38;2;193;166;165m██[38;2;181;136;192m██[38;2;202;183;166m██[38;2;168;107;209m██[38;2;205;188;163m██[38;2;58;53;47m██
[38;2;0;0;0m          [38;2;5;5;5m  [38;2;140;136;124m██[38;2;76;76;76m██[38;2;119;101;135m██[38;2;108;106;109m██[38;2;123;99;144m██[38;2;157;85;220m██[38;2;113;104;122m██[38;2;106;106;106m██[38;2;107;107;107m████[38;2;106;106;106m██[38;2;76;76;76m██[38;2;87;88;87m██[38;2;6;6;6m  [38;2;4;4;4m  [38;2;115;114;112m██[38;2;196;180;158m██[38;2;163;101;202m██[38;2;158;85;222m██[38;2;167;105;210m██[38;2;172;125;172m██[38;2;171;157;137m██[38;2;15;14;13m  
[38;2;0;0;0m      [38;2;1;1;1m    [38;2;23;23;23m  [38;2;118;114;105m██[38;2;194;176;145m██[38;2;141;132;118m██[38;2;193;173;142m██[38;2;116;114;110m██[38;2;96;96;96m██[38;2;102;100;94m██[38;2;66;66;66m██[38;2;106;106;106m██[38;2;107;107;107m██[38;2;106;106;106m██[38;2;89;90;89m██[38;2;79;80;79m██[38;2;27;27;27m██[38;2;67;67;67m██[38;2;174;161;142m██[38;2;205;188;163m██[38;2;199;176;170m██[38;2;175;132;170m██[38;2;193;172;142m██[38;2;205;188;163m██[38;2;121;111;97m  [38;2;1;1;1m  
[38;2;1;1;1m  [38;2;5;5;5m    [38;2;57;57;57m  [38;2;63;63;63m██[38;2;83;84;83m██[38;2;90;89;86m██[38;2;181;163;135m██[38;2;202;187;159m██[38;2;210;201;175m██[38;2;124;114;100m██[38;2;175;168;149m██[38;2;161;156;140m██[38;2;96;96;96m██[38;2;107;107;107m████[38;2;100;100;100m██[38;2;89;91;89m████[38;2;89;90;89m██[38;2;83;84;83m██[38;2;130;82;171m██[38;2;100;96;90m██[38;2;116;110;101m██[38;2;197;170;173m██[38;2;165;146;120m██[38;2;56;52;46m██[38;2;1;1;1m  [38;2;0;0;0m  
[38;2;39;14;35m  [38;2;137;42;122m██[38;2;167;54;165m██[38;2;103;76;124m██[38;2;82;82;82m██[38;2;86;87;86m██[38;2;160;148;153m██[38;2;87;83;86m██[38;2;164;150;128m██[38;2;157;140;116m██[38;2;197;191;169m██[38;2;172;159;141m██[38;2;142;142;142m██[38;2;115;84;110m██[38;2;102;103;102m██[38;2;89;91;89m████[38;2;89;90;89m████[38;2;89;91;89m██[38;2;131;87;169m██[38;2;191;88;229m██[38;2;215;80;205m██[38;2;163;62;156m  [38;2;5;5;5m  [38;2;4;4;4m  [38;2;0;0;0m      
[38;2;0;0;0m  [38;2;1;1;1m  [38;2;50;18;45m██[38;2;37;18;49m██[38;2;88;88;88m██[38;2;73;74;73m██[38;2;176;160;153m██[38;2;111;107;111m██[38;2;207;87;198m████[38;2;100;100;97m██[38;2;198;198;198m██[38;2;215;215;215m██[38;2;182;57;162m██[38;2;89;90;89m██[38;2;91;92;91m██[38;2;182;176;157m██[38;2;89;91;89m████[38;2;94;90;98m██[38;2;82;50;111m██[38;2;69;29;65m██[38;2;26;11;25m  [38;2;1;1;1m  [38;2;0;0;0m          
[38;2;0;0;0m        [38;2;38;37;35m██[38;2;175;147;125m██[38;2;211;202;177m██[38;2;159;74;142m██[38;2;199;64;181m████[38;2;226;136;204m██[38;2;125;123;115m██[38;2;174;78;155m██[38;2;91;90;90m██[38;2;166;162;146m██[38;2;213;205;179m████[38;2;212;204;179m██[38;2;130;126;115m██[38;2;5;5;5m  [38;2;2;2;2m  [38;2;0;0;0m                
[38;2;0;0;0m      [38;2;4;4;4m  [38;2;174;163;142m██[38;2;207;194;169m██[38;2;198;174;149m██[38;2;179;172;153m██[38;2;113;73;110m████[38;2;208;183;177m██[38;2;212;205;179m██[38;2;198;191;169m██[38;2;182;176;157m██[38;2;213;205;179m████[38;2;212;205;179m██[38;2;206;192;167m██[38;2;170;148;127m██[38;2;4;4;4m  [38;2;0;0;0m                  
[38;2;0;0;0m      [38;2;47;46;41m  [38;2;196;188;165m██[38;2;156;144;126m██[38;2;59;55;48m  [38;2;199;182;159m██[38;2;211;200;175m██[38;2;212;204;179m██[38;2;213;205;179m██[38;2;212;205;179m██[38;2;213;205;179m████[38;2;211;202;178m██[38;2;210;200;175m██[38;2;202;183;159m██[38;2;205;188;164m██[38;2;213;205;179m██[38;2;53;51;46m  [38;2;0;0;0m                  
[38;2;0;0;0m    [38;2;2;2;2m  [38;2;48;47;42m██[38;2;39;38;34m  [38;2;1;1;1m  [38;2;2;2;2m  [38;2;89;85;80m██[38;2;205;188;163m██[38;2;206;191;167m██[38;2;207;192;167m████████[38;2;206;190;165m██[38;2;205;188;163m██[38;2;202;183;159m██[38;2;56;52;46m██[38;2;146;140;124m██[38;2;208;199;175m██[38;2;64;59;52m  [38;2;0;0;0m                
[38;2;0;0;0m            [38;2;72;60;51m██[38;2;189;156;131m██[38;2;78;74;72m██[38;2;163;151;134m██[38;2;170;157;139m██[38;2;203;186;162m██[38;2;205;188;163m██[38;2;201;180;155m██[38;2;170;157;139m██[38;2;157;132;114m██[38;2;48;44;42m██[38;2;0;0;0m  [38;2;2;2;2m  [38;2;18;18;16m  [38;2;99;95;84m██[38;2;1;1;1m  [38;2;0;0;0m              
[38;2;0;0;0m          [38;2;4;4;4m  [38;2;159;132;111m██[38;2;107;96;88m██[38;2;170;142;121m██[38;2;36;33;31m██[38;2;158;133;114m██[38;2;103;98;91m██[38;2;100;96;90m██[38;2;96;88;82m██[38;2;112;99;90m██[38;2;158;133;115m██[38;2;164;136;114m██[38;2;4;4;4m  [38;2;0;0;0m    [38;2;35;34;31m  [38;2;6;6;6m  [38;2;0;0;0m              
[38;2;0;0;0m          [38;2;44;37;32m  [38;2;93;77;65m  [38;2;6;6;6m  [38;2;88;73;62m  [38;2;0;0;0m  [38;2;85;71;60m██[38;2;189;156;131m██[38;2;79;65;55m  [38;2;141;116;98m  [38;2;166;137;115m██[38;2;52;52;52m██[38;2;167;138;116m██[38;2;49;42;36m  [38;2;0;0;0m                      
[38;2;0;0;0m        [38;2;2;2;2m  [38;2;45;38;33m██[38;2;1;1;1m      [38;2;0;0;0m  [38;2;23;20;17m  [38;2;181;150;126m██[38;2;3;3;3m  [38;2;1;1;1m  [38;2;27;23;19m  [38;2;6;6;6m  [38;2;28;24;21m  [38;2;179;148;124m██[38;2;3;3;3m  [38;2;0;0;0m                    
[38;2;0;0;0m                    [38;2;3;3;3m  [38;2;179;148;124m██[38;2;3;3;3m  [38;2;0;0;0m        [38;2;5;5;5m  [38;2;2;2;2m  [38;2;0;0;0m                    
[38;2;0;0;0m                      [38;2;49;42;36m  [38;2;0;0;0m                                  [0m
