
[38;2;0;0;0m    [38;2;16;16;16m██[38;2;66;66;66m██[38;2;49;49;49m  [38;2;0;0;0m                                                  
[38;2;0;0;0m    [38;2;14;14;14m  [38;2;192;192;193m██[38;2;223;224;225m██[38;2;179;182;185m██[38;2;134;136;139m  [38;2;0;0;0m                                              
[38;2;0;0;0m    [38;2;17;17;17m  [38;2;167;170;166m██[38;2;200;203;198m████[38;2;207;211;208m██[38;2;232;233;235m██[38;2;192;193;194m██[38;2;68;70;71m██[38;2;0;0;0m            [38;2;53;48;51m██[38;2;13;12;12m██[38;2;0;0;0m                        
[38;2;0;0;0m    [38;2;203;202;201m██[38;2;220;220;216m██[38;2;215;215;211m██[38;2;212;215;214m██[38;2;200;197;190m██[38;2;148;148;131m██[38;2;230;234;237m██[38;2;230;234;238m██[38;2;191;191;192m██[38;2;47;47;48m  [38;2;0;0;0m    [38;2;36;33;35m  [38;2;147;133;142m██[38;2;179;162;173m██[38;2;44;40;43m██[38;2;0;0;0m        [38;2;0;3;0m  [38;2;0;0;0m    [38;2;156;148;156m  [38;2;209;198;209m████[38;2;0;0;0m    
[38;2;0;0;0m    [38;2;146;144;140m██[38;2;180;154;154m██[38;2;146;131;126m██[38;2;64;54;52m██[38;2;125;111;102m██[38;2;218;218;220m██[38;2;152;153;136m██[38;2;158;155;140m██[38;2;175;176;177m██[38;2;216;219;222m██[38;2;192;195;198m██[38;2;111;111;112m██[38;2;151;137;145m██[38;2;167;152;159m██[38;2;113;109;95m██[38;2;0;0;0m    [38;2;58;59;60m  [38;2;79;79;81m██[38;2;44;45;44m██[38;2;170;164;170m██[38;2;255;242;255m████████[38;2;63;60;63m██[38;2;0;0;0m    
[38;2;0;0;0m    [38;2;49;48;47m██[38;2;147;78;87m██[38;2;118;45;50m██[38;2;191;79;52m██[38;2;128;98;90m██[38;2;230;223;224m██[38;2;134;131;124m██[38;2;248;236;248m██[38;2;228;217;228m██[38;2;123;120;124m██[38;2;124;124;125m██[38;2;233;234;234m██[38;2;150;141;143m██[38;2;74;73;69m██[38;2;19;23;18m  [38;2;0;0;0m  [38;2;55;55;55m██[38;2;91;89;91m██[38;2;105;105;106m██[38;2;197;193;197m██[38;2;255;242;255m████[38;2;220;210;220m██[38;2;117;117;117m██[38;2;95;91;95m██[38;2;10;10;10m  [38;2;0;0;0m    
[38;2;18;18;17m  [38;2;74;73;71m██[38;2;6;6;6m  [38;2;115;52;81m██[38;2;161;63;108m██[38;2;114;52;63m██[38;2;166;163;166m██[38;2;129;129;131m██[38;2;188;191;194m██[38;2;207;197;207m██[38;2;179;139;179m██[38;2;150;99;150m██[38;2;185;160;185m██[38;2;98;77;98m██[38;2;146;144;141m██[38;2;184;181;177m██[38;2;62;58;62m██[38;2;169;150;169m██[38;2;238;219;238m██[38;2;161;112;161m██[38;2;120;103;120m██[38;2;158;151;158m██[38;2;155;152;155m████[38;2;164;159;164m██[38;2;168;160;168m██[38;2;0;0;0m        
[38;2;4;4;4m  [38;2;152;150;146m██[38;2;164;161;150m██[38;2;169;165;153m██[38;2;112;105;103m██[38;2;241;230;236m██[38;2;220;221;222m██[38;2;236;228;232m██[38;2;120;116;120m██[38;2;250;237;250m██[38;2;252;238;252m██[38;2;173;131;173m████[38;2;244;227;244m██[38;2;141;95;141m██[38;2;94;81;93m██[38;2;85;73;85m██[38;2;148;100;148m██[38;2;148;125;134m██[38;2;100;98;107m██[38;2;170;124;142m██[38;2;116;113;116m██[38;2;110;111;110m██[38;2;107;106;107m██[38;2;139;135;139m██[38;2;60;57;60m██[38;2;0;0;0m        
[38;2;0;0;0m      [38;2;56;56;51m  [38;2;97;96;90m██[38;2;12;12;12m  [38;2;135;135;136m██[38;2;118;113;119m██[38;2;119;115;118m██[38;2;154;148;153m██[38;2;195;185;191m██[38;2;255;242;254m██[38;2;239;221;239m██[38;2;161;114;161m██[38;2;221;196;221m██[38;2;112;108;112m██[38;2;255;242;255m██[38;2;209;179;209m██[38;2;134;109;111m██[38;2;226;162;162m██[38;2;119;115;120m██[38;2;124;101;124m██[38;2;168;160;168m██[38;2;147;142;147m██[38;2;3;5;3m  [38;2;0;0;0m          
[38;2;0;0;0m              [38;2;8;13;13m  [38;2;90;86;90m██[38;2;94;92;90m██[38;2;112;108;104m██[38;2;76;74;74m██[38;2;255;242;255m██[38;2;250;235;250m██[38;2;151;101;151m██[38;2;87;74;87m██[38;2;121;116;121m██[38;2;180;141;180m██[38;2;118;100;97m██[38;2;204;182;168m██[38;2;111;97;105m██[38;2;149;99;149m██[38;2;2;2;2m  [38;2;0;0;0m              
[38;2;0;0;0m                [38;2;31;19;26m██[38;2;80;67;75m██[38;2;114;114;94m██[38;2;194;185;188m██[38;2;117;107;105m██[38;2;122;106;122m██[38;2;104;104;100m██[38;2;208;201;206m██[38;2;133;123;133m██[38;2;141;94;141m██[38;2;149;122;146m██[38;2;130;106;129m██[38;2;170;129;170m██[38;2;83;81;83m██[38;2;0;0;0m                
[38;2;0;0;0m                  [38;2;133;119;127m██[38;2;82;81;75m██[38;2;83;83;83m██[38;2;154;154;142m██[38;2;226;218;226m██[38;2;131;130;104m██[38;2;205;199;199m██[38;2;188;182;188m██[38;2;66;64;66m██[38;2;228;220;228m██[38;2;158;143;158m██[38;2;75;63;75m██[38;2;207;196;207m██[38;2;187;177;187m  [38;2;0;0;0m              
[38;2;0;0;0m                [38;2;0;0;1m  [38;2;49;49;44m  [38;2;124;125;105m██[38;2;88;93;98m██[38;2;97;96;88m██[38;2;135;131;131m████[38;2;97;97;84m██[38;2;105;102;90m██[38;2;105;104;90m██[38;2;92;83;92m██[38;2;163;150;163m██[38;2;217;198;215m██[38;2;211;199;210m██[38;2;190;181;190m██[38;2;31;30;31m  [38;2;0;0;0m            
[38;2;0;0;0m              [38;2;1;1;1m██[38;2;130;129;108m██[38;2;98;100;88m██[38;2;79;89;105m██[38;2;117;118;105m██[38;2;113;112;95m██[38;2;113;114;93m██[38;2;129;130;103m██[38;2;84;83;77m██[38;2;67;67;67m██[38;2;133;105;120m██[38;2;119;103;119m██[38;2;152;134;148m██[38;2;253;240;253m██[38;2;199;182;195m██[38;2;170;162;170m██[38;2;42;40;42m██[38;2;0;0;0m        [38;2;1;1;1m    
[38;2;0;0;0m            [38;2;120;118;109m██[38;2;142;140;130m██[38;2;96;95;87m██[38;2;96;96;83m██[38;2;95;95;82m██[38;2;122;104;116m██[38;2;106;93;100m██[38;2;99;99;85m██[38;2;91;91;80m██[38;2;130;129;130m██[38;2;215;212;212m██[38;2;194;182;183m██[38;2;143;89;133m██[38;2;86;69;86m██[38;2;218;204;217m██[38;2;178;167;171m██[38;2;151;141;151m██[38;2;29;27;29m  [38;2;0;0;0m        [38;2;46;41;44m████
[38;2;0;0;0m              [38;2;92;90;79m  [38;2;66;65;62m██[38;2;71;69;71m██[38;2;179;160;175m██[38;2;93;88;92m██[38;2;173;129;171m██[38;2;123;99;121m████[38;2;111;108;109m██[38;2;129;120;127m██[38;2;154;154;145m██[38;2;71;69;71m██[38;2;77;75;77m██[38;2;84;82;84m██[38;2;140;134;140m██[38;2;8;7;7m  [38;2;0;0;0m        [38;2;22;10;17m  [38;2;213;192;208m██[38;2;29;17;24m  
[38;2;0;0;0m              [38;2;0;0;2m  [38;2;143;130;137m██[38;2;179;162;175m██[38;2;179;161;175m██[38;2;93;86;92m██[38;2;170;138;167m██[38;2;164;133;165m████[38;2;169;131;170m██[38;2;136;133;135m██[38;2;115;106;109m██[38;2;190;172;186m██[38;2;218;206;217m██[38;2;255;242;255m██[38;2;197;188;197m██[38;2;161;144;155m██[38;2;26;23;25m  [38;2;0;0;0m    [38;2;147;140;147m██[38;2;158;146;156m██[38;2;140;130;139m██[38;2;0;0;0m  
[38;2;0;0;0m                [38;2;155;142;143m██[38;2;165;153;153m██[38;2;179;161;175m██[38;2;186;152;178m██[38;2;92;76;92m██[38;2;203;185;204m██[38;2;145;95;148m██[38;2;205;185;205m██[38;2;125;87;127m██[38;2;156;141;152m██[38;2;249;235;248m██[38;2;255;241;255m██████[38;2;93;88;92m██[38;2;230;215;228m██[38;2;254;241;255m██[38;2;244;229;243m██[38;2;215;192;209m██[38;2;207;186;202m██[38;2;10;0;5m  [38;2;0;0;0m  
[38;2;0;0;0m                [38;2;17;18;15m  [38;2;112;108;97m██[38;2;179;161;175m████[38;2;87;81;85m██[38;2;56;55;56m██[38;2;151;116;136m██[38;2;141;101;124m██[38;2;145;119;134m██[38;2;128;111;120m██[38;2;198;181;195m██[38;2;255;242;255m████[38;2;166;159;166m██[38;2;147;133;143m██[38;2;179;161;175m██[38;2;208;191;206m██[38;2;173;143;166m██[38;2;135;120;131m██[38;2;26;22;25m  [38;2;0;0;0m    
[38;2;0;0;0m                [38;2;6;6;6m  [38;2;135;124;129m██[38;2;119;115;105m██[38;2;75;72;71m██[38;2;18;19;18m  [38;2;0;0;0m    [38;2;81;49;68m  [38;2;108;66;91m██[38;2;114;74;98m██[38;2;103;102;99m██[38;2;226;212;223m████[38;2;103;102;99m██[38;2;163;147;159m██[38;2;157;140;150m██[38;2;154;138;147m██[38;2;38;34;36m  [38;2;0;0;0m        
[38;2;0;0;0m              [38;2;113;115;117m  [38;2;139;140;143m██[38;2;143;135;141m██[38;2;152;145;132m██[38;2;175;157;167m██[38;2;128;93;113m██[38;2;20;14;17m  [38;2;0;0;0m      [38;2;20;14;18m  [38;2;169;154;156m██[38;2;109;102;106m████[38;2;169;154;156m██[38;2;111;97;107m██[38;2;5;5;5m  [38;2;0;0;0m            
[38;2;0;0;0m          [38;2;31;31;32m  [38;2;227;231;234m██[38;2;217;221;223m██[38;2;182;184;184m██[38;2;96;94;96m██[38;2;140;128;118m██[38;2;137;95;120m██[38;2;94;59;79m██[38;2;16;11;14m  [38;2;0;0;0m      [38;2;120;109;116m██[38;2;93;96;93m██[38;2;195;198;199m████[38;2;93;96;93m██[38;2;149;126;143m██[38;2;30;25;28m██[38;2;0;0;0m            
[38;2;0;0;0m          [38;2;51;52;53m  [38;2;65;69;65m██[38;2;47;51;47m██[38;2;70;73;70m██[38;2;34;34;34m██[38;2;38;22;31m████[38;2;0;0;0m          [38;2;137;137;137m██[38;2;225;224;221m██[38;2;224;224;223m████[38;2;225;224;221m██[38;2;160;145;155m██[38;2;20;17;20m██[38;2;0;0;0m            
[38;2;0;0;0m                                    [38;2;166;166;166m██[38;2;216;217;217m████[38;2;166;166;166m██[38;2;38;37;38m  [38;2;0;0;0m              
[38;2;0;0;0m                                      [38;2;45;45;45m    [38;2;0;0;0m                  [0m
