
[38;2;0;0;0m                                    [38;2;69;64;49m  [38;2;69;64;48m██[38;2;0;0;0m        
[38;2;0;0;0m                                  [38;2;207;194;147m██[38;2;255;238;180m██[38;2;255;238;178m██[38;2;207;194;147m██[38;2;73;68;52m  [38;2;0;0;0m    
[38;2;0;0;0m                                [38;2;84;79;60m  [38;2;255;239;181m██[38;2;227;207;149m██[38;2;205;182;124m██[38;2;230;211;153m██[38;2;255;239;181m██[38;2;0;0;0m    
[38;2;0;0;0m                                [38;2;239;224;169m██[38;2;255;239;179m██[38;2;247;230;169m██[38;2;255;239;178m██[38;2;179;163;114m██[38;2;218;202;152m██[38;2;139;129;101m  [38;2;0;0;0m  
[38;2;0;0;0m                                [38;2;64;69;72m  [38;2;224;214;170m██[38;2;255;238;179m██[38;2;192;180;134m██[38;2;4;4;3m  [38;2;140;130;101m██[38;2;170;159;125m██[38;2;22;21;16m  
[38;2;0;0;0m                                  [38;2;3;3;3m██[38;2;5;4;3m██[38;2;2;2;1m  [38;2;0;0;0m  [38;2;2;2;1m  [38;2;189;178;139m██[38;2;51;48;37m██
[38;2;0;0;0m        [38;2;86;74;51m██[38;2;102;93;80m██[38;2;0;0;0m          [38;2;12;10;5m  [38;2;53;44;25m██[38;2;0;0;0m                  [38;2;189;178;140m██[38;2;51;48;37m██
[38;2;0;0;0m        [38;2;98;82;47m██[38;2;66;65;65m██[38;2;96;91;71m██[38;2;11;10;8m  [38;2;0;0;0m    [38;2;72;60;34m██[38;2;98;83;50m██[38;2;100;84;49m██[38;2;69;58;33m██[38;2;0;0;0m              [38;2;164;154;116m██[38;2;159;147;117m██[38;2;0;0;0m  
[38;2;0;0;0m        [38;2;37;34;23m██[38;2;71;69;60m██[38;2;154;146;119m██[38;2;224;210;159m██[38;2;154;144;108m██[38;2;53;50;37m██[38;2;87;78;55m██[38;2;132;117;80m██[38;2;142;123;76m██[38;2;68;58;33m██[38;2;0;0;0m              [38;2;164;154;116m██[38;2;207;194;147m██[38;2;0;0;0m  
[38;2;0;0;0m        [38;2;132;125;98m██[38;2;103;80;61m██[38;2;174;163;131m██[38;2;253;237;177m██[38;2;134;128;98m██[38;2;72;71;57m██[38;2;128;114;72m██[38;2;163;142;87m██[38;2;167;144;87m██[38;2;58;49;28m  [38;2;0;0;0m            [38;2;59;56;42m██[38;2;255;239;181m██[38;2;0;0;0m    
[38;2;0;0;0m        [38;2;255;199;156m██[38;2;255;102;67m██[38;2;209;172;137m██[38;2;243;228;173m██[38;2;70;69;60m██[38;2;198;186;142m██[38;2;195;184;145m██[38;2;73;71;67m██[38;2;47;41;28m██[38;2;0;0;0m            [38;2;66;59;34m  [38;2;207;185;126m██[38;2;141;132;100m██[38;2;0;0;0m    
[38;2;39;37;29m  [38;2;145;137;107m██[38;2;43;40;32m██[38;2;194;182;141m██[38;2;240;219;167m██[38;2;171;106;93m██[38;2;231;216;166m██[38;2;255;239;178m██[38;2;255;239;179m██[38;2;211;199;154m████[38;2;207;194;151m██[38;2;21;20;19m██[38;2;0;0;0m        [38;2;152;143;106m██[38;2;255;239;178m██[38;2;255;238;178m██[38;2;169;155;109m██[38;2;0;0;0m      
[38;2;0;0;0m    [38;2;61;59;50m██[38;2;199;195;191m██[38;2;196;157;119m██[38;2;253;239;178m██[38;2;255;239;178m██[38;2;245;236;198m██[38;2;135;98;80m██[38;2;211;208;206m██[38;2;159;154;130m██[38;2;192;178;142m██[38;2;94;87;68m██[38;2;0;0;0m  [38;2;167;157;119m  [38;2;196;184;137m████[38;2;255;239;178m██████[38;2;248;232;171m██[38;2;69;65;48m  [38;2;0;0;0m    
[38;2;15;15;11m  [38;2;59;55;43m██[38;2;123;113;95m██[38;2;244;238;224m██[38;2;194;161;131m██[38;2;255;239;178m██[38;2;224;210;160m██[38;2;104;100;86m██[38;2;199;160;147m██[38;2;255;252;250m██[38;2;186;180;148m██[38;2;105;100;89m██[38;2;175;165;132m██[38;2;195;184;145m██[38;2;146;137;104m██[38;2;255;239;178m████████████[38;2;141;132;99m██[38;2;0;0;0m    
[38;2;7;7;7m  [38;2;71;69;57m██[38;2;115;109;96m██[38;2;133;98;92m██[38;2;242;228;186m██[38;2;255;239;178m██[38;2;240;225;172m██[38;2;162;153;110m██[38;2;195;140;140m██[38;2;242;241;235m██[38;2;179;172;136m██[38;2;84;81;77m██[38;2;153;143;118m██[38;2;190;177;141m██[38;2;250;235;178m██[38;2;255;239;178m████████████[38;2;255;239;179m██[38;2;0;0;0m    
[38;2;30;29;22m  [38;2;114;107;84m██[38;2;73;69;54m  [38;2;0;0;0m  [38;2;123;113;91m██[38;2;99;85;74m██[38;2;191;178;143m██[38;2;184;174;131m██[38;2;151;144;115m██[38;2;164;155;113m  [38;2;176;164;132m██[38;2;142;133;111m██[38;2;141;133;111m██[38;2;140;133;111m██[38;2;174;164;131m██[38;2;255;239;178m██[38;2;255;239;180m██[38;2;230;214;165m██[38;2;255;239;180m██[38;2;255;239;178m████[38;2;189;177;133m██[38;2;0;0;0m    
[38;2;0;0;0m        [38;2;5;4;3m  [38;2;6;5;4m██[38;2;139;131;118m██[38;2;105;99;89m██[38;2;116;111;103m██[38;2;89;86;80m██[38;2;108;102;91m██[38;2;197;186;145m██[38;2;115;110;96m██[38;2;77;75;73m██[38;2;219;205;159m██[38;2;255;239;180m██[38;2;196;185;144m██[38;2;193;178;136m██[38;2;111;101;75m██[38;2;255;239;178m████[38;2;90;84;63m██[38;2;0;0;0m    
[38;2;0;0;0m            [38;2;0;0;4m    [38;2;20;20;22m  [38;2;113;105;83m██[38;2;190;178;141m██[38;2;126;119;101m██[38;2;155;147;120m██[38;2;161;153;123m██[38;2;240;225;170m██[38;2;193;184;140m██[38;2;6;5;4m  [38;2;0;0;0m  [38;2;2;2;1m  [38;2;183;172;130m██[38;2;255;239;179m██[38;2;235;220;167m██[38;2;74;69;54m  [38;2;0;0;0m  
[38;2;0;0;0m                    [38;2;127;119;94m  [38;2;192;178;140m██[38;2;189;178;140m██[38;2;255;238;180m██[38;2;255;239;178m██[38;2;100;99;74m  [38;2;0;0;0m        [38;2;192;178;141m██[38;2;191;178;140m██[38;2;152;141;111m  [38;2;0;0;0m  
[38;2;0;0;0m                      [38;2;192;177;140m██[38;2;149;141;115m██[38;2;181;171;135m██[38;2;255;239;178m██[38;2;0;0;0m        [38;2;59;56;44m  [38;2;192;178;140m██[38;2;190;178;140m██[38;2;0;0;0m    
[38;2;0;0;0m                    [38;2;13;12;10m  [38;2;188;175;140m██[38;2;178;168;134m██[38;2;138;131;109m██[38;2;255;239;178m██[38;2;154;144;109m██[38;2;0;0;0m    [38;2;186;175;138m██[38;2;136;128;108m██[38;2;79;76;73m██[38;2;177;166;131m██[38;2;0;0;0m    
[38;2;0;0;0m                  [38;2;18;16;13m  [38;2;170;158;125m██[38;2;100;95;86m██[38;2;160;151;123m██[38;2;255;238;180m██[38;2;255;238;179m██[38;2;54;51;38m  [38;2;0;0;0m    [38;2;66;62;49m██[38;2;48;45;38m██[38;2;28;27;26m██[38;2;24;22;17m  [38;2;0;0;0m    
[38;2;0;0;0m                  [38;2;7;7;7m  [38;2;124;115;96m██[38;2;99;95;82m██[38;2;111;106;91m██[38;2;194;184;145m██[38;2;186;175;135m██[38;2;0;0;0m                  
[38;2;0;0;0m                      [38;2;15;14;11m  [38;2;32;31;23m██[38;2;51;49;39m██[38;2;2;2;2m  [38;2;0;0;0m                  [0m
