
[38;2;0;0;0m                    [38;2;30;15;12m██[38;2;0;0;0m                        
[38;2;0;0;0m                  [38;2;166;82;70m  [38;2;129;108;72m██[38;2;0;0;0m  [38;2;208;201;100m██[38;2;154;134;70m  [38;2;117;45;30m  [38;2;0;0;0m                
[38;2;0;0;0m            [38;2;28;24;12m  [38;2;71;62;32m██[38;2;218;198;101m████[38;2;255;246;123m██[38;2;233;219;111m██[38;2;225;208;106m██[38;2;217;175;100m██[38;2;175;68;51m██[38;2;0;0;0m                
[38;2;0;0;0m        [38;2;197;179;92m██[38;2;185;165;85m██[38;2;206;188;96m██[38;2;249;239;120m██[38;2;232;216;109m██[38;2;202;178;93m██[38;2;202;178;92m██[38;2;249;239;120m██[38;2;252;242;121m██[38;2;160;66;65m██[38;2;110;42;28m██[38;2;0;0;0m                
[38;2;0;0;0m    [38;2;129;74;55m██[38;2;220;193;102m██[38;2;226;210;106m██[38;2;250;240;120m██[38;2;228;212;108m  [38;2;223;206;105m██[38;2;223;205;105m  [38;2;253;244;122m██[38;2;255;246;123m██[38;2;210;163;96m██[38;2;205;120;80m██[38;2;243;93;62m  [38;2;0;0;0m    [38;2;70;27;17m  [38;2;128;49;34m██[38;2;204;81;65m██[38;2;230;88;58m██[38;2;35;13;8m  [38;2;0;0;0m    
[38;2;0;0;0m    [38;2;186;120;82m██[38;2;207;184;95m██[38;2;255;246;123m██[38;2;204;181;94m██[38;2;255;246;123m██[38;2;255;245;122m██[38;2;211;167;97m██[38;2;156;65;65m████[38;2;255;97;65m████[38;2;0;0;0m      [38;2;155;59;39m██[38;2;242;93;65m██[38;2;220;86;65m██[38;2;255;97;65m██[38;2;186;75;65m██[38;2;199;76;50m██[38;2;0;0;0m  
[38;2;0;0;0m  [38;2;142;65;59m██[38;2;223;188;104m██[38;2;255;246;123m██[38;2;225;207;106m██[38;2;251;241;121m██[38;2;233;207;110m██[38;2;209;88;67m██[38;2;229;89;65m██[38;2;255;97;65m████[38;2;115;44;29m██[38;2;55;21;14m  [38;2;0;0;0m    [38;2;12;4;3m  [38;2;209;80;53m██[38;2;202;80;65m██[38;2;239;92;65m██[38;2;237;92;65m██[38;2;224;87;65m██[38;2;255;97;65m██[38;2;66;25;16m██
[38;2;0;0;0m  [38;2;122;50;50m██[38;2;255;246;123m██[38;2;211;190;98m██[38;2;251;240;121m██[38;2;246;229;117m██[38;2;200;79;65m██[38;2;255;97;65m██[38;2;237;95;65m██[38;2;232;89;59m██[38;2;0;0;0m          [38;2;22;8;5m██[38;2;249;96;65m██[38;2;176;71;65m██[38;2;249;96;65m██[38;2;180;73;65m██[38;2;255;97;65m██[38;2;181;69;46m  [38;2;0;0;0m  
[38;2;0;0;0m  [38;2;44;18;18m  [38;2;255;246;123m██[38;2;255;245;122m██[38;2;201;115;78m██[38;2;219;86;65m██[38;2;255;98;65m██[38;2;144;78;65m██[38;2;87;71;60m██[38;2;95;58;32m██[38;2;0;0;0m          [38;2;16;6;5m██[38;2;170;69;65m██[38;2;246;95;65m██[38;2;209;82;65m██[38;2;244;94;65m██[38;2;122;48;36m██[38;2;0;0;0m    
[38;2;0;0;0m    [38;2;104;101;71m██[38;2;182;95;73m██[38;2;242;95;65m██[38;2;220;92;65m██[38;2;71;71;71m██[38;2;241;241;241m██[38;2;65;65;65m██[38;2;129;84;52m██[38;2;176;123;67m██[38;2;35;26;14m██[38;2;17;12;7m  [38;2;1;0;0m  [38;2;26;16;8m██[38;2;146;89;49m██[38;2;132;85;51m██[38;2;134;69;67m██[38;2;99;97;85m██[38;2;88;87;74m██[38;2;11;10;6m  [38;2;0;0;0m    
[38;2;0;0;0m    [38;2;190;136;148m██[38;2;131;86;81m██[38;2;146;118;113m██[38;2;41;41;41m██[38;2;99;99;99m██[38;2;140;145;156m██[38;2;65;65;65m████[38;2;146;116;75m██[38;2;196;147;81m██[38;2;168;126;70m██[38;2;140;106;59m██[38;2;87;71;60m██[38;2;97;82;68m██[38;2;203;196;148m██[38;2;209;203;152m██[38;2;231;222;152m██[38;2;114;112;93m██[38;2;31;30;24m██[38;2;0;0;0m    
[38;2;18;12;14m  [38;2;214;151;165m██[38;2;255;179;197m██[38;2;255;179;196m██[38;2;132;112;94m██[38;2;206;185;110m██[38;2;212;192;114m██[38;2;251;241;174m██[38;2;234;227;171m██[38;2;71;71;69m██[38;2;146;116;75m██[38;2;183;132;72m██[38;2;178;125;69m██[38;2;162;107;59m██[38;2;197;147;81m██[38;2;240;221;155m██[38;2;255;246;179m██[38;2;236;228;169m██[38;2;107;105;86m██[38;2;169;162;101m  [38;2;0;0;0m      
[38;2;66;46;51m██[38;2;255;179;197m██[38;2;226;157;170m██[38;2;160;106;109m██[38;2;127;91;93m██[38;2;230;222;165m██[38;2;255;246;179m████[38;2;173;169;133m██[38;2;168;130;78m██[38;2;177;125;69m██[38;2;188;137;75m██[38;2;197;147;81m██████[38;2;202;156;90m██[38;2;255;246;179m██[38;2;249;240;173m██[38;2;208;200;126m██[38;2;30;29;18m  [38;2;0;0;0m      
[38;2;0;0;0m    [38;2;99;66;65m██[38;2;184;130;122m██[38;2;143;118;106m██[38;2;239;230;170m██[38;2;255;246;179m████[38;2;225;202;143m██[38;2;149;92;51m██[38;2;149;104;62m██[38;2;179;126;70m██[38;2;197;147;81m██[38;2;196;147;81m██[38;2;179;126;70m██[38;2;236;228;159m██[38;2;217;209;137m██[38;2;193;186;118m██[38;2;88;86;59m██[38;2;0;0;0m        
[38;2;0;0;0m      [38;2;14;10;9m  [38;2;92;89;66m██[38;2;255;246;179m████[38;2;255;245;179m██[38;2;235;226;157m██[38;2;200;187;116m██[38;2;135;128;91m██[38;2;147;89;48m██[38;2;152;95;51m████[38;2;177;144;87m██[38;2;205;197;123m██[38;2;205;196;123m██[38;2;205;197;123m██[38;2;83;80;50m██[38;2;0;0;0m        
[38;2;0;0;0m            [38;2;150;145;109m██[38;2;201;194;123m██[38;2;205;197;123m██████[38;2;128;124;91m██[38;2;110;78;56m██[38;2;147;89;48m██[38;2;162;117;68m██[38;2;196;189;118m██[38;2;111;107;67m██[38;2;0;0;0m            
[38;2;0;0;0m            [38;2;77;67;35m██[38;2;76;74;67m██[38;2;65;65;65m██[38;2;2;2;2m██[38;2;205;197;123m██████[38;2;196;188;117m██[38;2;0;0;0m██                
[38;2;0;0;0m        [38;2;40;40;40m  [38;2;85;57;38m██[38;2;172;114;89m  [38;2;195;150;110m██[38;2;158;120;94m██[38;2;4;3;3m  [38;2;80;78;62m██[38;2;205;197;123m██[38;2;146;140;87m██[38;2;0;0;0m                    
[38;2;0;0;0m        [38;2;20;20;20m  [38;2;176;176;176m██[38;2;179;126;119m██[38;2;15;10;10m  [38;2;35;32;33m██[38;2;187;131;121m██[38;2;179;119;98m██[38;2;192;134;123m██[38;2;199;140;133m██[38;2;17;12;11m  [38;2;0;0;0m                  
[38;2;0;0;0m                [38;2;58;46;49m██[38;2;212;145;141m██[38;2;222;152;151m██[38;2;216;147;143m██[38;2;180;134;140m██[38;2;68;48;45m  [38;2;0;0;0m                  
[38;2;0;0;0m                  [38;2;199;199;199m  [38;2;85;62;46m██[38;2;255;193;207m██[38;2;25;25;25m  [38;2;0;0;0m                    
[38;2;0;0;0m                      [38;2;69;69;69m██[38;2;0;0;0m                      [0m
