
[38;2;0;0;0m    [38;2;6;10;14m  [38;2;24;43;59m████[38;2;6;10;14m  [38;2;0;0;0m                    
[38;2;0;0;0m    [38;2;79;141;193m██[38;2;79;112;140m██[38;2;70;101;125m██[38;2;75;130;178m██[38;2;55;97;133m  [38;2;0;0;0m                  
[38;2;0;0;0m    [38;2;89;146;195m██[38;2;84;136;179m██[38;2;79;140;195m██[38;2;10;12;12m  [38;2;61;108;148m██[38;2;24;43;59m██[38;2;0;0;0m                
[38;2;0;0;0m    [38;2;38;69;93m██[38;2;84;156;212m██[38;2;18;32;44m  [38;2;0;0;0m  [38;2;6;10;14m  [38;2;61;108;148m██[38;2;0;0;0m                
[38;2;0;0;0m          [38;2;26;43;9m  [38;2;45;70;24m██[38;2;100;154;56m██[38;2;26;43;9m  [38;2;0;0;0m              
[38;2;0;0;0m      [38;2;87;131;41m  [38;2;104;172;36m██[38;2;130;215;45m██[38;2;139;229;48m██[38;2;139;230;48m██[38;2;130;215;45m██[38;2;104;172;36m██[38;2;0;0;0m            
[38;2;0;0;0m  [38;2;0;1;0m  [38;2;82;106;53m██[38;2;161;234;81m██[38;2;176;236;104m██[38;2;139;230;48m██[38;2;138;224;53m██[38;2;160;229;88m██[38;2;158;230;87m██[38;2;138;229;48m██[38;2;112;186;39m██[38;2;8;14;3m  [38;2;0;0;0m        
[38;2;0;0;0m  [38;2;0;6;0m  [38;2;168;202;122m██[38;2;148;231;62m████[38;2;139;230;48m██[38;2;160;229;88m██[38;2;108;124;96m██[38;2;217;231;203m██[38;2;158;230;87m██[38;2;139;229;48m██[38;2;34;57;12m██[38;2;0;0;0m        
[38;2;0;0;0m  [38;2;104;172;36m██[38;2;125;212;53m████[38;2;139;230;48m████[38;2;109;182;40m██[38;2;5;9;4m██[38;2;96;78;76m██[38;2;168;235;98m██[38;2;159;206;69m██[38;2;139;230;48m██[38;2;0;0;0m        
[38;2;0;0;0m  [38;2;104;134;62m██[38;2;78;109;56m██[38;2;83;105;60m██[38;2;139;229;48m██[38;2;139;230;48m██[38;2;132;221;51m██[38;2;172;192;158m██[38;2;202;205;176m██[38;2;204;149;128m██[38;2;239;113;149m██[38;2;159;206;69m██[38;2;78;129;27m  [38;2;0;0;0m      
[38;2;0;0;0m  [38;2;32;40;32m  [38;2;225;255;138m██[38;2;230;255;147m██[38;2;106;111;85m████[38;2;106;127;79m██[38;2;108;173;58m██[38;2;112;143;66m██[38;2;198;132;111m██[38;2;239;112;146m██[38;2;159;206;69m██[38;2;104;172;36m██[38;2;0;0;0m      
[38;2;0;0;0m    [38;2;100;111;64m██[38;2;230;255;147m██[38;2;229;255;147m██[38;2;230;255;147m██[38;2;219;243;142m██[38;2;188;207;127m██[38;2;191;201;103m██[38;2;155;204;54m██[38;2;159;200;56m██[38;2;139;230;48m██[38;2;130;215;45m██[38;2;26;43;9m  [38;2;0;0;0m    
[38;2;0;0;0m    [38;2;7;9;8m  [38;2;47;64;44m██[38;2;169;184;43m██[38;2;188;186;44m██[38;2;189;188;44m██[38;2;172;187;41m██[38;2;159;187;34m██[38;2;139;230;48m██[38;2;139;231;48m██[38;2;111;171;54m██[38;2;139;230;48m████[38;2;0;0;0m    
[38;2;0;0;0m  [38;2;4;0;4m  [38;2;68;107;58m██[38;2;92;146;58m██[38;2;96;166;62m██[38;2;170;214;111m██[38;2;195;231;126m██[38;2;124;181;77m██[38;2;111;186;60m██[38;2;138;223;55m██[38;2;139;230;48m██[38;2;83;109;60m██[38;2;139;229;48m██[38;2;139;230;48m██[38;2;78;129;27m  [38;2;0;0;0m  
[38;2;0;0;0m  [38;2;59;72;27m██[38;2;83;131;70m██[38;2;114;149;77m██[38;2;222;250;142m██[38;2;131;199;75m████[38;2;222;250;142m██[38;2;195;232;120m██[38;2;126;213;51m██[38;2;137;228;49m██[38;2;119;194;53m██[38;2;85;103;62m██[38;2;140;227;51m██[38;2;121;177;55m██[38;2;0;0;0m  
[38;2;41;37;7m  [38;2;170;154;25m██[38;2;129;133;41m██[38;2;188;207;127m██[38;2;198;235;125m██[38;2;172;216;110m████[38;2;198;235;125m██[38;2;221;248;142m██[38;2;125;189;77m██[38;2;119;201;55m██[38;2;115;198;56m██[38;2;98;110;70m██[38;2;205;246;119m██[38;2;214;228;118m██[38;2;41;37;7m  
[38;2;41;37;7m  [38;2;166;148;45m██[38;2;77;88;46m██[38;2;71;86;65m██[38;2;197;214;96m██[38;2;186;211;91m██[38;2;122;176;48m██[38;2;219;227;93m██[38;2;225;221;87m██[38;2;120;178;63m██[38;2;139;230;48m██[38;2;83;105;60m██[38;2;230;255;147m██[38;2;199;219;132m██[38;2;215;239;138m██[38;2;43;47;27m  
[38;2;0;0;0m  [38;2;0;0;6m  [38;2;36;50;25m██[38;2;85;136;71m██[38;2;113;131;65m██[38;2;121;171;60m██[38;2;139;177;64m██[38;2;213;200;45m██[38;2;183;193;52m██[38;2;116;188;55m██[38;2;139;229;48m██[38;2;125;198;52m██[38;2;106;111;85m██[38;2;135;136;79m██[38;2;186;191;96m██[38;2;0;0;0m  
[38;2;0;0;0m    [38;2;15;12;4m  [38;2;63;76;33m██[38;2;98;115;54m██[38;2;70;87;63m██[38;2;53;65;48m██[38;2;67;117;48m██[38;2;67;92;49m██[38;2;83;141;54m██[38;2;116;198;60m██[38;2;115;198;56m██[38;2;110;187;58m██[38;2;27;39;12m  [38;2;4;2;0m  [38;2;0;0;0m  
[38;2;0;0;0m    [38;2;13;16;6m██[38;2;159;153;39m██[38;2;113;142;45m██[38;2;23;40;17m██[38;2;0;0;0m      [38;2;18;12;26m  [38;2;71;98;55m██[38;2;96;147;60m██[38;2;69;102;49m██[38;2;17;25;12m  [38;2;0;0;0m    
[38;2;0;0;0m                  [38;2;144;144;69m  [38;2;130;140;63m██[38;2;119;169;67m██[38;2;166;148;30m██[38;2;41;37;7m  [38;2;0;0;0m    
[38;2;0;0;0m                  [38;2;1;0;0m  [38;2;16;15;7m  [38;2;51;55;25m██[38;2;0;0;0m        [0m
