
[38;2;0;0;0m            [38;2;15;8;8m    [38;2;0;0;0m                    
[38;2;0;0;0m            [38;2;61;32;32m████[38;2;0;0;0m                    
[38;2;0;0;0m            [38;2;104;42;46m██[38;2;59;24;26m██[38;2;0;0;0m                    
[38;2;0;0;0m            [38;2;238;98;106m██[38;2;130;50;56m██[38;2;4;0;0m  [38;2;0;0;0m                  
[38;2;0;0;0m        [38;2;62;32;32m██[38;2;197;94;97m██[38;2;238;99;106m██[38;2;242;95;106m██[38;2;197;77;86m██[38;2;59;24;26m██[38;2;0;0;0m                
[38;2;0;0;0m      [38;2;138;68;69m  [38;2;248;131;129m██[38;2;254;161;149m██[38;2;247;133;129m██[38;2;237;99;105m██[38;2;238;99;106m██[38;2;237;99;105m██[38;2;133;54;59m  [38;2;0;0;0m              
[38;2;0;0;0m    [38;2;11;11;4m  [38;2;182;77;79m██[38;2;241;109;113m██[38;2;250;145;137m██[38;2;238;99;106m██[38;2;238;97;106m██[38;2;222;93;94m██[38;2;207;108;77m██[38;2;179;66;76m██[38;2;16;5;6m  [38;2;0;0;0m            
[38;2;0;0;0m    [38;2;47;44;16m██[38;2;188;100;80m██[38;2;242;92;101m██[38;2;237;97;105m██[38;2;238;99;106m██[38;2;214;78;92m██[38;2;231;207;68m██[38;2;195;186;67m██[38;2;194;152;67m██[38;2;41;10;15m██[38;2;0;0;0m            
[38;2;0;0;0m    [38;2;51;49;28m██[38;2;91;104;100m██[38;2;69;89;112m██[38;2;163;88;99m██[38;2;205;92;97m██[38;2;190;65;81m██[38;2;196;195;66m██[38;2;197;192;66m██[38;2;156;105;55m██[38;2;26;4;9m  [38;2;0;0;0m    [38;2;26;48;63m██[38;2;89;157;207m██[38;2;78;159;219m██[38;2;17;23;28m██
[38;2;0;0;0m  [38;2;46;102;143m  [38;2;108;167;207m██[38;2;88;176;242m██[38;2;81;173;254m██[38;2;78;136;219m██[38;2;115;110;167m██[38;2;137;39;48m██[38;2;224;230;65m██[38;2;123;129;65m██[38;2;146;147;64m██[38;2;0;0;2m  [38;2;0;0;0m  [38;2;46;102;143m  [38;2;104;192;255m██[38;2;172;222;255m██[38;2;81;182;255m██[38;2;20;45;63m██
[38;2;15;34;47m  [38;2;61;136;191m████[38;2;61;124;191m██[38;2;74;114;183m██[38;2;85;66;106m██[38;2;122;64;72m██[38;2;197;64;81m██[38;2;155;69;53m██[38;2;153;172;55m██[38;2;0;0;0m    [38;2;5;11;15m  [38;2;66;147;207m██[38;2;81;179;254m████[38;2;61;127;190m██[38;2;0;0;0m  
[38;2;0;0;0m        [38;2;2;0;0m  [38;2;21;16;26m  [38;2;49;16;20m████[38;2;36;12;15m  [38;2;0;0;0m      [38;2;20;37;63m██[38;2;81;174;254m██[38;2;81;173;254m██[38;2;81;150;254m██[38;2;15;25;47m  [38;2;0;0;0m  
[38;2;0;0;0m    [38;2;20;42;63m██[38;2;20;35;63m██[38;2;0;0;0m        [38;2;15;10;9m  [38;2;60;28;29m██[38;2;44;18;19m  [38;2;12;12;12m  [38;2;81;140;254m████[38;2;61;105;190m██[38;2;15;26;47m  [38;2;0;0;0m    
[38;2;0;0;0m  [38;2;46;102;143m  [38;2;81;177;254m██[38;2;81;148;254m██[38;2;61;105;191m██[38;2;15;26;47m  [38;2;0;0;0m    [38;2;207;130;120m██[38;2;251;149;140m██[38;2;223;90;99m██[38;2;93;66;68m██[38;2;73;124;222m██[38;2;36;49;79m██[38;2;0;0;0m        
[38;2;0;0;0m    [38;2;61;120;191m██[38;2;76;135;238m██[38;2;81;140;254m████[38;2;66;114;207m██[38;2;52;41;58m██[38;2;156;134;163m██[38;2;241;110;113m██[38;2;228;102;115m██[38;2;111;153;227m██[38;2;101;82;104m██[38;2;86;28;35m██[38;2;0;0;0m        
[38;2;0;0;0m      [38;2;15;26;47m  [38;2;20;35;63m██████[38;2;11;8;15m  [38;2;59;72;97m██[38;2;121;159;217m██[38;2;111;164;226m██[38;2;81;155;254m██[38;2;110;126;211m██[38;2;197;65;81m██[38;2;0;0;0m        
[38;2;0;0;0m                [38;2;15;33;47m  [38;2;76;161;238m██[38;2;86;162;254m██[38;2;104;126;222m██[38;2;197;64;81m██[38;2;197;65;81m██[38;2;0;0;0m        
[38;2;0;0;0m                  [38;2;15;26;47m  [38;2;81;49;79m██[38;2;169;68;93m██[38;2;197;65;81m██[38;2;86;28;35m██[38;2;0;0;0m        
[38;2;0;0;0m                      [38;2;30;33;46m  [38;2;42;58;92m██[38;2;0;0;0m          
[38;2;0;0;0m                      [38;2;50;81;142m  [38;2;62;105;189m██[38;2;0;0;0m          
[38;2;0;0;0m                    [38;2;35;79;111m██[38;2;81;158;254m██[38;2;61;112;190m██[38;2;0;0;0m          
[38;2;0;0;0m                    [38;2;81;179;254m██[38;2;81;181;254m██[38;2;15;34;47m  [38;2;0;0;0m          
[38;2;0;0;0m                    [38;2;132;204;255m██[38;2;66;147;207m██[38;2;0;0;0m            
[38;2;0;0;0m                    [38;2;20;45;63m██[38;2;5;11;15m  [38;2;0;0;0m            [0m
