
[38;2;0;0;0m                        [38;2;11;12;15m  [38;2;45;50;63m██[38;2;0;0;0m                        
[38;2;0;0;0m                        [38;2;45;50;63m██[38;2;181;203;255m██[38;2;135;152;191m██[38;2;33;38;47m  [38;2;0;0;0m                    
[38;2;0;0;0m                      [38;2;33;38;47m  [38;2;180;203;255m████[38;2;177;199;250m██[38;2;164;191;236m██[38;2;10;9;13m  [38;2;0;0;0m            [38;2;27;41;41m  [38;2;0;0;0m    
[38;2;0;0;0m                    [38;2;33;38;47m  [38;2;169;190;239m██[38;2;181;203;255m████[38;2;142;170;213m██[38;2;109;136;163m██[38;2;117;170;185m██[38;2;27;41;41m  [38;2;0;0;0m          [38;2;27;41;41m  [38;2;83;125;124m  [38;2;0;0;0m  
[38;2;0;0;0m                    [38;2;61;71;79m██[38;2;175;198;247m██[38;2;180;203;255m██████[38;2;128;152;181m██[38;2;136;183;204m██[38;2;145;221;225m██[38;2;120;181;180m██[38;2;9;13;13m  [38;2;0;0;0m      [38;2;27;41;41m  [38;2;110;167;166m██[38;2;0;0;0m  
[38;2;0;0;0m                  [38;2;66;69;71m  [38;2;214;218;223m██[38;2;144;156;176m██[38;2;120;136;160m██[38;2;165;186;231m██[38;2;181;203;255m██[38;2;167;208;243m██[38;2;94;113;107m██[38;2;145;221;225m██[38;2;145;221;224m██[38;2;36;55;56m██[38;2;0;0;0m    [38;2;82;130;135m██[38;2;137;208;208m██[38;2;27;41;41m  [38;2;0;0;0m  
[38;2;0;0;0m                [38;2;177;176;173m██[38;2;210;216;221m██[38;2;216;219;223m██[38;2;129;140;152m██[38;2;225;228;231m██[38;2;112;121;132m██[38;2;194;176;209m██[38;2;142;108;104m██[38;2;160;215;233m██[38;2;145;221;224m██[38;2;145;221;225m██[38;2;62;97;99m██[38;2;0;0;0m    [38;2;143;221;225m██[38;2;35;55;56m██[38;2;0;0;0m    
[38;2;0;0;0m                [38;2;81;82;81m██[38;2;147;156;161m██[38;2;216;219;223m████[38;2;255;254;255m██[38;2;180;168;175m██[38;2;217;145;157m██[38;2;219;163;175m██[38;2;204;158;167m██[38;2;193;157;164m██[38;2;145;221;225m██[38;2;114;182;186m██[38;2;0;0;0m    [38;2;145;221;225m██[38;2;119;180;181m██[38;2;0;0;0m    
[38;2;0;0;0m                  [38;2;191;191;191m██[38;2;255;255;255m██[38;2;233;213;214m██[38;2;234;207;210m██[38;2;217;145;157m██[38;2;255;176;200m██[38;2;245;169;188m██[38;2;251;171;191m██[38;2;193;150;166m██[38;2;95;157;167m██[38;2;93;156;164m██[38;2;0;0;0m    [38;2;32;52;52m██[38;2;114;182;187m██[38;2;105;164;167m██[38;2;6;9;10m  
[38;2;0;0;0m                [38;2;47;47;47m  [38;2;239;239;239m██[38;2;244;243;242m██[38;2;194;210;219m██[38;2;137;121;140m██[38;2;217;145;157m██[38;2;255;177;198m██[38;2;245;169;188m██[38;2;242;168;186m██[38;2;123;150;163m██[38;2;95;156;167m██[38;2;41;68;72m██[38;2;0;0;0m    [38;2;77;126;134m██[38;2;103;168;177m██[38;2;95;157;165m██[38;2;23;39;41m██
[38;2;0;0;0m          [38;2;47;34;38m  [38;2;48;34;38m  [38;2;48;48;47m  [38;2;148;148;148m██[38;2;244;243;242m██[38;2;186;177;174m██[38;2;110;127;151m██[38;2;180;194;208m██[38;2;216;176;180m██[38;2;224;160;173m██[38;2;185;132;141m██[38;2;214;158;177m██[38;2;111;135;159m██[38;2;97;135;164m██[38;2;206;212;223m██[38;2;9;10;16m  [38;2;47;48;49m  [38;2;101;120;160m██[38;2;94;151;166m██[38;2;89;146;157m██[38;2;17;29;30m  
[38;2;0;0;0m          [38;2;143;104;115m██[38;2;224;159;180m██[38;2;224;214;216m██[38;2;255;255;255m██[38;2;244;243;242m██[38;2;217;208;211m██[38;2;231;239;244m██[38;2;244;243;242m██[38;2;203;198;193m██[38;2;158;128;129m██[38;2;32;31;34m██[38;2;69;69;73m██[38;2;167;167;178m██[38;2;85;95;154m██[38;2;112;125;148m██[38;2;98;110;125m██[38;2;159;160;168m██[38;2;198;201;208m██[38;2;74;107;133m██[38;2;18;28;36m  [38;2;0;0;0m  
[38;2;0;0;0m                [38;2;159;157;154m██[38;2;191;191;191m██[38;2;211;211;207m██[38;2;233;232;230m██[38;2;199;195;189m██[38;2;160;158;153m██[38;2;0;0;0m        [38;2;61;95;111m██[38;2;96;156;168m██[38;2;95;156;167m██[38;2;84;116;154m██[38;2;115;123;162m██[38;2;203;204;201m██[38;2;0;3;0m  [38;2;0;0;0m  
[38;2;0;0;0m                    [38;2;43;48;51m██[38;2;111;113;113m██[38;2;198;195;189m██[38;2;92;97;128m██[38;2;0;0;0m        [38;2;24;39;43m██[38;2;96;157;167m██[38;2;95;156;167m████[38;2;96;99;128m██[38;2;77;78;82m██[38;2;0;0;0m    
[38;2;15;15;15m  [38;2;63;63;63m██[38;2;144;145;144m██[38;2;203;205;201m██[38;2;125;126;125m██[38;2;125;142;175m██[38;2;135;152;191m██[38;2;0;0;0m    [38;2;23;28;35m  [38;2;122;150;189m██[38;2;90;97;111m██[38;2;166;168;181m██[38;2;95;107;165m██[38;2;180;203;255m██[38;2;161;181;234m██[38;2;12;12;12m  [38;2;0;0;0m    [38;2;53;88;93m  [38;2;71;117;125m██[38;2;60;77;112m██[38;2;106;106;124m  [38;2;0;0;4m  [38;2;0;0;0m    
[38;2;63;63;63m██[38;2;255;255;255m██[38;2;243;243;243m██[38;2;204;206;207m██[38;2;144;154;164m██[38;2;146;169;211m██[38;2;169;190;239m██[38;2;33;38;47m  [38;2;0;0;0m  [38;2;92;112;141m██[38;2;121;150;189m██[38;2;85;101;152m██[38;2;198;202;209m██[38;2;154;173;227m██[38;2;161;181;234m██[38;2;84;94;151m██[38;2;90;99;141m██[38;2;135;152;191m██[38;2;0;0;0m                
[38;2;0;0;0m    [38;2;192;196;199m██[38;2;209;217;223m██[38;2;107;131;153m██[38;2;121;150;189m██[38;2;136;160;199m██[38;2;38;44;55m██[38;2;0;0;0m    [38;2;109;135;180m██[38;2;210;213;227m██[38;2;100;114;174m██[38;2;180;203;255m██[38;2;149;161;194m██[38;2;92;100;132m██[38;2;155;179;232m██[38;2;180;203;255m██[38;2;86;97;131m██[38;2;17;33;56m██[38;2;12;8;9m  ██[38;2;0;0;0m        
[38;2;0;0;0m    [38;2;7;7;7m  [38;2;92;113;139m██[38;2;124;152;186m██[38;2;120;150;189m██[38;2;98;122;147m██[38;2;60;97;132m██[38;2;3;0;0m  [38;2;33;37;44m  [38;2;113;127;162m██[38;2;129;140;177m██[38;2;129;147;202m██[38;2;137;149;186m██[38;2;220;223;234m██[38;2;111;110;123m██[38;2;124;129;154m██[38;2;181;203;255m██[38;2;173;194;247m██[38;2;95;120;183m██[38;2;49;90;148m██[38;2;12;8;9m  [38;2;0;0;0m        
[38;2;0;0;0m      [38;2;68;84;106m  [38;2;90;113;141m██[38;2;113;141;177m██[38;2;91;114;138m██[38;2;55;90;124m██[38;2;66;99;131m██[38;2;65;80;96m██[38;2;164;171;189m██[38;2;156;175;220m██[38;2;154;169;209m██[38;2;107;104;107m██[38;2;211;211;207m██[38;2;169;163;158m██[38;2;175;171;180m██[38;2;142;158;209m██[38;2;154;180;226m██[38;2;88;102;155m██[38;2;66;143;242m██[38;2;64;67;94m██[38;2;47;33;37m  [38;2;0;0;0m      
[38;2;0;0;0m          [38;2;23;28;35m    [38;2;0;0;0m  [38;2;7;7;10m  [38;2;115;126;140m██[38;2;164;162;158m██[38;2;87;90;101m██[38;2;154;170;207m██[38;2;209;209;207m██[38;2;211;211;207m██[38;2;170;166;158m██[38;2;199;195;189m██[38;2;106;113;156m██[38;2;112;139;183m██[38;2;76;107;174m██[38;2;70;118;198m██[38;2;107;118;177m██[38;2;47;33;37m  [38;2;0;0;0m      
[38;2;0;0;0m              [38;2;24;24;19m  [38;2;61;61;51m██[38;2;185;183;173m██[38;2;42;54;84m██[38;2;69;106;177m██[38;2;113;112;113m██[38;2;255;255;255m██[38;2;211;211;207m██[38;2;146;146;150m██[38;2;147;151;172m██[38;2;112;139;183m██[38;2;77;92;155m██[38;2;101;102;158m██[38;2;102;101;156m██[38;2;66;93;156m██[38;2;0;0;0m        
[38;2;0;0;0m          [38;2;111;109;106m  [38;2;136;134;124m██[38;2;160;158;148m██[38;2;148;146;137m██[38;2;49;48;47m██[38;2;2;0;0m  [38;2;18;25;40m  [38;2;172;172;172m██[38;2;224;221;217m██[38;2;244;244;243m██[38;2;104;105;116m██[38;2;21;25;39m██[38;2;99;122;154m██[38;2;111;103;131m██[38;2;43;32;39m██[38;2;233;168;189m██[38;2;52;39;45m██[38;2;0;0;0m        
[38;2;0;0;0m                      [38;2;167;167;166m██[38;2;203;203;201m██[38;2;218;216;212m██[38;2;239;239;239m██[38;2;47;47;47m  [38;2;0;0;0m    [38;2;30;26;30m  [38;2;126;96;107m██[38;2;0;0;0m            
[38;2;0;0;0m                      [38;2;23;23;23m  [38;2;58;59;56m██[38;2;58;61;58m██[38;2;47;47;47m  [38;2;0;0;0m                      [0m
