    [38;2;7;7;7m▄[38;2;7;7;7m▄[38;2;7;7;7m[48;2;56;192;220m▀[0m[38;2;7;7;7m[48;2;56;192;220m▀[0m[38;2;7;7;7m[48;2;56;192;220m▀[0m[38;2;7;7;7m[48;2;56;192;220m▀[0m[38;2;7;7;7m▄[38;2;7;7;7m▄    
 [38;2;7;7;7m▄[38;2;7;7;7m[48;2;56;192;220m▀[0m[38;2;7;7;7m[48;2;56;192;220m▀[0m[38;2;56;192;220m[48;2;56;192;220m▀[0m[38;2;56;192;220m[48;2;56;192;220m▀[0m[38;2;56;192;220m[48;2;56;192;220m▀[0m[38;2;56;192;220m[48;2;56;192;220m▀[0m[38;2;56;192;220m[48;2;56;192;220m▀[0m[38;2;56;192;220m[48;2;56;192;220m▀[0m[38;2;56;192;220m[48;2;56;192;220m▀[0m[38;2;56;192;220m[48;2;56;192;220m▀[0m[38;2;7;7;7m[48;2;50;145;194m▀[0m[38;2;7;7;7m▄  
[38;2;7;7;7m[48;2;7;7;7m▀[0m[38;2;56;192;220m[48;2;206;206;206m▀[0m[38;2;56;192;220m[48;2;249;249;251m▀[0m[38;2;249;249;251m[48;2;249;249;251m▀[0m[38;2;206;206;206m[48;2;249;249;251m▀[0m[38;2;56;192;220m[48;2;56;192;220m▀[0m[38;2;56;192;220m[48;2;206;206;206m▀[0m[38;2;56;192;220m[48;2;249;249;251m▀[0m[38;2;56;192;220m[48;2;82;82;82m▀[0m[38;2;56;192;220m[48;2;82;82;82m▀[0m[38;2;82;82;82m[48;2;56;192;220m▀[0m[38;2;82;82;82m[48;2;56;192;220m▀[0m[38;2;50;145;194m[48;2;82;82;82m▀[0m[38;2;50;145;194m[48;2;50;145;194m▀[0m[38;2;7;7;7m[48;2;50;145;194m▀[0m[38;2;7;7;7m▄
[38;2;7;7;7m▀[38;2;249;249;251m[48;2;7;7;7m▀[0m[38;2;56;192;220m[48;2;56;192;220m▀[0m[38;2;56;192;220m[48;2;56;192;220m▀[0m[38;2;206;206;206m[48;2;56;192;220m▀[0m[38;2;249;249;251m[48;2;56;192;220m▀[0m[38;2;249;249;251m[48;2;56;192;220m▀[0m[38;2;56;192;220m[48;2;56;192;220m▀[0m[38;2;56;192;220m[48;2;56;192;220m▀[0m[38;2;56;192;220m[48;2;56;192;220m▀[0m[38;2;56;192;220m[48;2;82;82;82m▀[0m[38;2;50;145;194m[48;2;82;82;82m▀[0m[38;2;82;82;82m[48;2;50;145;194m▀[0m[38;2;50;145;194m[48;2;50;145;194m▀[0m[38;2;50;145;194m[48;2;50;145;194m▀[0m[38;2;7;7;7m[48;2;7;7;7m▀[0m
 [38;2;7;7;7m▄[38;2;7;7;7m[48;2;41;99;150m▀[0m[38;2;82;82;82m[48;2;249;249;251m▀[0m[38;2;56;192;220m[48;2;82;82;82m▀[0m[38;2;56;192;220m[48;2;82;82;82m▀[0m[38;2;56;192;220m[48;2;82;82;82m▀[0m[38;2;56;192;220m[48;2;82;82;82m▀[0m[38;2;50;145;194m[48;2;82;82;82m▀[0m[38;2;50;145;194m[48;2;82;82;82m▀[0m[38;2;50;145;194m[48;2;82;82;82m▀[0m[38;2;82;82;82m[48;2;249;249;251m▀[0m[38;2;82;82;82m[48;2;7;7;7m▀[0m[38;2;50;145;194m[48;2;7;7;7m▀[0m[38;2;7;7;7m▀ 
 [38;2;7;7;7m[48;2;7;7;7m▀[0m[38;2;41;99;150m[48;2;249;249;251m▀[0m[38;2;41;99;150m[48;2;180;197;213m▀[0m[38;2;249;249;251m[48;2;180;197;213m▀[0m[38;2;249;249;251m[48;2;249;249;251m▀[0m[38;2;41;99;150m[48;2;41;99;150m▀[0m[38;2;249;249;251m[48;2;41;99;150m▀[0m[38;2;41;99;150m[48;2;41;99;150m▀[0m[38;2;249;249;251m[48;2;249;249;251m▀[0m[38;2;180;197;213m[48;2;180;197;213m▀[0m[38;2;249;249;251m[48;2;249;249;251m▀[0m[38;2;249;249;251m[48;2;249;249;251m▀[0m[38;2;7;7;7m[48;2;7;7;7m▀[0m  
 [38;2;7;7;7m▄[38;2;7;7;7m[48;2;255;227;90m▀[0m[38;2;255;227;90m[48;2;255;227;90m▀[0m[38;2;255;227;90m[48;2;255;227;90m▀[0m[38;2;172;164;98m[48;2;255;227;90m▀[0m[38;2;249;249;251m[48;2;172;164;98m▀[0m[38;2;41;99;150m[48;2;249;249;251m▀[0m[38;2;249;249;251m[48;2;249;249;251m▀[0m[38;2;180;197;213m[48;2;249;249;251m▀[0m[38;2;249;249;251m[48;2;249;249;251m▀[0m[38;2;249;249;251m[48;2;7;7;7m▀[0m[38;2;7;7;7m▀   
  [38;2;7;7;7m▀[38;2;7;7;7m▀[38;2;82;82;82m[48;2;7;7;7m▀[0m[38;2;82;82;82m[48;2;249;249;251m▀[0m[38;2;249;249;251m[48;2;180;197;213m▀[0m[38;2;249;249;251m[48;2;249;249;251m▀[0m[38;2;111;126;147m[48;2;249;249;251m▀[0m[38;2;82;82;82m[48;2;249;249;251m▀[0m[38;2;82;82;82m[48;2;249;249;251m▀[0m[38;2;7;7;7m[48;2;249;249;251m▀[0m[38;2;7;7;7m▄[38;2;7;7;7m▄  
   [38;2;7;7;7m[48;2;7;7;7m▀[0m[38;2;249;249;251m[48;2;180;197;213m▀[0m[38;2;249;249;251m[48;2;111;126;147m▀[0m[38;2;180;197;213m[48;2;249;249;251m▀[0m[38;2;249;249;251m[48;2;249;249;251m▀[0m[38;2;249;249;251m[48;2;249;249;251m▀[0m[38;2;111;126;147m[48;2;82;82;82m▀[0m[38;2;249;249;251m[48;2;249;249;251m▀[0m[38;2;249;249;251m[48;2;249;249;251m▀[0m[38;2;249;249;251m[48;2;180;197;213m▀[0m[38;2;249;249;251m[48;2;249;249;251m▀[0m[38;2;7;7;7m[48;2;249;249;251m▀[0m[38;2;7;7;7m[48;2;7;7;7m▀[0m
    [38;2;7;7;7m▀[38;2;249;249;251m[48;2;7;7;7m▀[0m[38;2;249;249;251m[48;2;82;82;82m▀[0m[38;2;249;249;251m[48;2;180;197;213m▀[0m[38;2;180;197;213m[48;2;180;197;213m▀[0m[38;2;180;197;213m[48;2;82;82;82m▀[0m[38;2;82;82;82m[48;2;82;82;82m▀[0m[38;2;249;249;251m[48;2;7;7;7m▀[0m[38;2;249;249;251m[48;2;7;7;7m▀[0m[38;2;7;7;7m▀[38;2;7;7;7m▀ 
    [38;2;7;7;7m▀[38;2;50;145;194m[48;2;7;7;7m▀[0m[38;2;50;145;194m[48;2;7;7;7m▀[0m[38;2;82;82;82m[48;2;7;7;7m▀[0m[38;2;82;82;82m[48;2;56;192;220m▀[0m[38;2;50;145;194m[48;2;56;192;220m▀[0m[38;2;7;7;7m[48;2;56;192;220m▀[0m[38;2;7;7;7m▄    
        [38;2;7;7;7m▀[38;2;7;7;7m▀[38;2;7;7;7m▀     
[0m