      [38;2;7;7;7m▄[38;2;7;7;7m▄[38;2;7;7;7m[48;2;52;101;185m▀[0m[38;2;7;7;7m[48;2;52;101;185m▀[0m[38;2;7;7;7m[48;2;52;101;185m▀[0m[38;2;7;7;7m[48;2;52;101;185m▀[0m[38;2;7;7;7m[48;2;52;101;185m▀[0m[38;2;7;7;7m▄[38;2;7;7;7m▄      
    [38;2;7;7;7m▄[38;2;7;7;7m[48;2;52;101;185m▀[0m[38;2;52;101;185m[48;2;52;101;185m▀[0m[38;2;27;75;145m[48;2;27;75;145m▀[0m[38;2;52;101;185m[48;2;52;101;185m▀[0m[38;2;52;101;185m[48;2;52;101;185m▀[0m[38;2;52;101;185m[48;2;52;101;185m▀[0m[38;2;52;101;185m[48;2;52;101;185m▀[0m[38;2;52;101;185m[48;2;27;75;145m▀[0m[38;2;27;75;145m[48;2;52;101;185m▀[0m[38;2;52;101;185m[48;2;52;101;185m▀[0m[38;2;7;7;7m[48;2;52;101;185m▀[0m[38;2;7;7;7m[48;2;52;101;185m▀[0m[38;2;7;7;7m▄   
   [38;2;7;7;7m▄[38;2;7;7;7m[48;2;52;101;185m▀[0m[38;2;27;75;145m[48;2;27;75;145m▀[0m[38;2;52;101;185m[48;2;52;101;185m▀[0m[38;2;52;101;185m[48;2;52;101;185m▀[0m[38;2;52;101;185m[48;2;52;101;185m▀[0m[38;2;52;101;185m[48;2;52;101;185m▀[0m[38;2;52;101;185m[48;2;52;101;185m▀[0m[38;2;52;101;185m[48;2;52;101;185m▀[0m[38;2;52;101;185m[48;2;52;101;185m▀[0m[38;2;52;101;185m[48;2;27;75;145m▀[0m[38;2;52;101;185m[48;2;27;75;145m▀[0m[38;2;27;75;145m[48;2;52;101;185m▀[0m[38;2;27;75;145m[48;2;52;101;185m▀[0m[38;2;7;7;7m[48;2;27;75;145m▀[0m[38;2;7;7;7m▄  
   [38;2;7;7;7m[48;2;7;7;7m▀[0m[38;2;58;206;245m[48;2;58;206;245m▀[0m[38;2;52;101;185m[48;2;52;101;185m▀[0m[38;2;27;75;145m[48;2;52;101;185m▀[0m[38;2;52;101;185m[48;2;52;101;185m▀[0m[38;2;52;101;185m[48;2;52;101;185m▀[0m[38;2;52;101;185m[48;2;52;101;185m▀[0m[38;2;52;101;185m[48;2;52;101;185m▀[0m[38;2;52;101;185m[48;2;27;75;145m▀[0m[38;2;52;101;185m[48;2;52;101;185m▀[0m[38;2;52;101;185m[48;2;52;101;185m▀[0m[38;2;52;101;185m[48;2;58;206;245m▀[0m[38;2;58;206;245m[48;2;58;206;245m▀[0m[38;2;27;75;145m[48;2;27;75;145m▀[0m[38;2;27;75;145m[48;2;27;75;145m▀[0m[38;2;7;7;7m[48;2;7;7;7m▀[0m  
   [38;2;7;7;7m▀[38;2;7;162;194m[48;2;7;7;7m▀[0m[38;2;27;75;145m[48;2;58;206;245m▀[0m[38;2;52;101;185m[48;2;27;75;145m▀[0m[38;2;27;75;145m[48;2;14;36;97m▀[0m[38;2;52;101;185m[48;2;7;162;194m▀[0m[38;2;52;101;185m[48;2;14;36;97m▀[0m[38;2;27;75;145m[48;2;27;75;145m▀[0m[38;2;52;101;185m[48;2;27;75;145m▀[0m[38;2;52;101;185m[48;2;27;75;145m▀[0m[38;2;27;75;145m[48;2;58;206;245m▀[0m[38;2;58;206;245m[48;2;58;206;245m▀[0m[38;2;7;162;194m[48;2;7;162;194m▀[0m[38;2;27;75;145m[48;2;27;75;145m▀[0m[38;2;27;75;145m[48;2;27;75;145m▀[0m[38;2;7;7;7m[48;2;7;7;7m▀[0m  
    [38;2;7;7;7m[48;2;7;7;7m▀[0m[38;2;7;162;194m[48;2;7;162;194m▀[0m[38;2;27;75;145m[48;2;7;162;194m▀[0m[38;2;7;162;194m[48;2;7;162;194m▀[0m[38;2;7;162;194m[48;2;7;162;194m▀[0m[38;2;7;162;194m[48;2;58;206;245m▀[0m[38;2;27;75;145m[48;2;7;162;194m▀[0m[38;2;27;75;145m[48;2;58;206;245m▀[0m[38;2;58;206;245m[48;2;7;162;194m▀[0m[38;2;7;162;194m[48;2;200;200;200m▀[0m[38;2;7;162;194m[48;2;200;200;200m▀[0m[38;2;27;75;145m[48;2;14;36;97m▀[0m[38;2;27;75;145m[48;2;27;75;145m▀[0m[38;2;7;7;7m[48;2;7;7;7m▀[0m   
    [38;2;7;7;7m▀[38;2;246;246;246m[48;2;7;7;7m▀[0m[38;2;52;101;185m[48;2;7;7;7m▀[0m[38;2;7;162;194m[48;2;200;200;200m▀[0m[38;2;138;105;37m[48;2;244;217;52m▀[0m[38;2;58;206;245m[48;2;138;105;37m▀[0m[38;2;7;162;194m[48;2;200;200;200m▀[0m[38;2;7;162;194m[48;2;7;7;7m▀[0m[38;2;52;101;185m[48;2;52;101;185m▀[0m[38;2;246;246;246m[48;2;246;246;246m▀[0m[38;2;200;200;200m[48;2;200;200;200m▀[0m[38;2;14;36;97m[48;2;7;7;7m▀[0m[38;2;27;75;145m[48;2;38;79;121m▀[0m[38;2;7;7;7m[48;2;27;75;145m▀[0m[38;2;7;7;7m▄  
     [38;2;7;7;7m▀[38;2;200;200;200m[48;2;7;7;7m▀[0m[38;2;185;159;38m[48;2;244;217;52m▀[0m[38;2;244;217;52m[48;2;185;159;38m▀[0m[38;2;244;217;52m[48;2;138;105;37m▀[0m[38;2;185;159;38m[48;2;200;200;200m▀[0m[38;2;246;246;246m[48;2;200;200;200m▀[0m[38;2;246;246;246m[48;2;200;200;200m▀[0m[38;2;200;200;200m[48;2;200;200;200m▀[0m[38;2;200;200;200m[48;2;7;7;7m▀[0m[38;2;7;7;7m▀[38;2;7;7;7m▀[38;2;7;7;7m▀[38;2;7;7;7m▀  
       [38;2;7;7;7m[48;2;7;7;7m▀[0m[38;2;88;88;88m[48;2;200;200;200m▀[0m[38;2;200;200;200m[48;2;246;246;246m▀[0m[38;2;200;200;200m[48;2;52;101;185m▀[0m[38;2;200;200;200m[48;2;88;88;88m▀[0m[38;2;7;7;7m[48;2;7;7;7m▀[0m[38;2;7;7;7m▀  [38;2;7;7;7m▄[38;2;7;7;7m▄[38;2;7;7;7m[48;2;52;101;185m▀[0m[38;2;7;7;7m[48;2;27;75;145m▀[0m[38;2;7;7;7m▄
     [38;2;7;7;7m▄[38;2;7;7;7m[48;2;246;246;246m▀[0m[38;2;88;88;88m[48;2;88;88;88m▀[0m[38;2;52;101;185m[48;2;58;206;245m▀[0m[38;2;52;101;185m[48;2;52;101;185m▀[0m[38;2;52;101;185m[48;2;58;206;245m▀[0m[38;2;88;88;88m[48;2;200;200;200m▀[0m[38;2;246;246;246m[48;2;88;88;88m▀[0m[38;2;7;7;7m[48;2;246;246;246m▀[0m[38;2;7;7;7m▄[38;2;7;7;7m[48;2;52;101;185m▀[0m[38;2;52;101;185m[48;2;27;75;145m▀[0m[38;2;52;101;185m[48;2;14;36;97m▀[0m[38;2;27;75;145m[48;2;7;7;7m▀[0m[38;2;7;7;7m▀ 
 [38;2;7;7;7m▄[38;2;7;7;7m▄[38;2;7;7;7m[48;2;52;101;185m▀[0m[38;2;7;7;7m[48;2;27;75;145m▀[0m[38;2;246;246;246m[48;2;52;101;185m▀[0m[38;2;88;88;88m[48;2;88;88;88m▀[0m[38;2;58;206;245m[48;2;246;246;246m▀[0m[38;2;246;246;246m[48;2;246;246;246m▀[0m[38;2;58;206;245m[48;2;246;246;246m▀[0m[38;2;246;246;246m[48;2;246;246;246m▀[0m[38;2;246;246;246m[48;2;246;246;246m▀[0m[38;2;88;88;88m[48;2;200;200;200m▀[0m[38;2;246;246;246m[48;2;88;88;88m▀[0m[38;2;246;246;246m[48;2;246;246;246m▀[0m[38;2;88;88;88m[48;2;246;246;246m▀[0m[38;2;27;75;145m[48;2;14;36;97m▀[0m[38;2;27;75;145m[48;2;7;7;7m▀[0m[38;2;27;75;145m[48;2;7;7;7m▀[0m[38;2;7;7;7m▀ 
[38;2;7;7;7m▀[38;2;52;101;185m[48;2;7;7;7m▀[0m[38;2;27;75;145m[48;2;7;7;7m▀[0m[38;2;27;75;145m[48;2;52;101;185m▀[0m[38;2;52;101;185m[48;2;7;7;7m▀[0m[38;2;7;7;7m▀[38;2;88;88;88m[48;2;7;7;7m▀[0m[38;2;200;200;200m[48;2;88;88;88m▀[0m[38;2;246;246;246m[48;2;200;200;200m▀[0m[38;2;200;200;200m[48;2;200;200;200m▀[0m[38;2;246;246;246m[48;2;246;246;246m▀[0m[38;2;246;246;246m[48;2;200;200;200m▀[0m[38;2;200;200;200m[48;2;200;200;200m▀[0m[38;2;88;88;88m[48;2;7;7;7m▀[0m[38;2;52;101;185m[48;2;7;7;7m▀[0m[38;2;27;75;145m[48;2;52;101;185m▀[0m[38;2;52;101;185m[48;2;27;75;145m▀[0m[38;2;7;7;7m[48;2;52;101;185m▀[0m[38;2;7;7;7m▄  
   [38;2;7;7;7m▀   [38;2;7;7;7m[48;2;7;7;7m▀[0m[38;2;88;88;88m[48;2;200;200;200m▀[0m[38;2;88;88;88m[48;2;88;88;88m▀[0m[38;2;246;246;246m[48;2;246;246;246m▀[0m[38;2;246;246;246m[48;2;246;246;246m▀[0m[38;2;7;7;7m[48;2;7;7;7m▀[0m  [38;2;7;7;7m▀[38;2;7;7;7m▀[38;2;52;101;185m[48;2;7;7;7m▀[0m[38;2;27;75;145m[48;2;7;7;7m▀[0m[38;2;7;7;7m[48;2;7;7;7m▀[0m 
    [38;2;7;7;7m▄[38;2;7;7;7m[48;2;185;159;38m▀[0m[38;2;7;7;7m[48;2;185;159;38m▀[0m[38;2;138;105;37m[48;2;185;159;38m▀[0m[38;2;185;159;38m[48;2;185;159;38m▀[0m[38;2;88;88;88m[48;2;88;88;88m▀[0m[38;2;246;246;246m[48;2;185;159;38m▀[0m[38;2;246;246;246m[48;2;185;159;38m▀[0m[38;2;7;7;7m[48;2;185;159;38m▀[0m[38;2;7;7;7m▄       
     [38;2;7;7;7m▀[38;2;7;7;7m▀[38;2;7;7;7m[48;2;7;7;7m▀[0m[38;2;7;7;7m[48;2;244;217;52m▀[0m[38;2;244;217;52m[48;2;7;7;7m▀[0m[38;2;52;101;185m[48;2;244;217;52m▀[0m[38;2;52;101;185m[48;2;244;217;52m▀[0m[38;2;244;217;52m[48;2;7;7;7m▀[0m[38;2;244;217;52m[48;2;244;217;52m▀[0m[38;2;7;7;7m[48;2;7;7;7m▀[0m      
       [38;2;7;7;7m▀[38;2;7;7;7m▀ [38;2;7;7;7m▀[38;2;7;7;7m▀ [38;2;7;7;7m▀[38;2;7;7;7m▀      
[0m