
[38;2;0;0;0m    [38;2;90;90;90m  [38;2;255;255;255m  [38;2;254;254;254m  [38;2;186;186;186m  [38;2;125;102;98m  [38;2;0;0;0m  [38;2;154;154;154m  [38;2;185;185;185m  [38;2;105;97;73m  [38;2;53;44;17m  [38;2;142;142;142m  [38;2;207;207;207m  [38;2;255;255;255m                    
[38;2;0;0;0m    [38;2;90;90;90m  [38;2;255;255;255m  [38;2;163;163;163m  [38;2;205;79;53m  [38;2;124;47;31m██[38;2;0;0;0m  [38;2;28;28;28m  [38;2;208;93;55m██[38;2;240;200;77m██[38;2;244;194;78m██[38;2;47;30;15m██[38;2;14;14;14m  [38;2;46;46;46m  [38;2;128;128;128m  [38;2;255;255;255m                
[38;2;0;0;0m    [38;2;90;90;90m  [38;2;255;255;255m  [38;2;131;125;104m  [38;2;251;179;80m██[38;2;255;174;76m██[38;2;92;77;29m██[38;2;190;89;51m██[38;2;255;144;75m██[38;2;255;149;75m██[38;2;255;97;65m████[38;2;226;86;57m██[38;2;162;62;41m██[38;2;0;0;0m  [38;2;239;239;239m  [38;2;255;255;255m              
[38;2;0;0;0m    [38;2;90;90;90m  [38;2;47;47;47m  [38;2;241;202;77m██[38;2;255;213;81m████[38;2;255;164;81m██[38;2;255;102;65m██[38;2;255;97;65m████[38;2;255;97;64m██[38;2;76;29;19m██[38;2;15;6;4m  [38;2;0;0;0m    [38;2;239;239;239m  [38;2;23;23;23m    [38;2;153;153;153m  [38;2;255;255;255m        
[38;2;0;0;0m  [38;2;24;24;24m  [38;2;157;137;89m██[38;2;235;193;76m██[38;2;255;212;81m██[38;2;255;213;81m██[38;2;159;146;96m██[38;2;174;149;74m██[38;2;255;181;77m██[38;2;255;128;72m██[38;2;255;97;65m██[38;2;196;75;50m  [38;2;0;0;0m    [38;2;99;99;99m  [38;2;170;170;170m  [38;2;15;15;15m  [38;2;255;190;81m██[38;2;252;210;81m██[38;2;50;42;16m  [38;2;139;139;139m  [38;2;124;78;68m  [38;2;94;36;24m  [38;2;101;101;101m  
[38;2;69;66;48m██[38;2;47;46;33m██[38;2;205;197;122m██[38;2;161;78;71m██[38;2;255;213;81m██[38;2;68;68;65m██[38;2;255;245;179m██[38;2;76;67;65m██[38;2;255;97;65m██████[38;2;196;75;50m██[38;2;0;0;0m  [38;2;255;255;255m    [38;2;154;154;154m  [38;2;239;91;60m██[38;2;255;97;65m██[38;2;255;100;65m██[38;2;255;213;81m██[38;2;255;201;80m██[38;2;255;97;65m██[38;2;0;0;0m    
[38;2;25;24;15m  [38;2;202;194;131m██[38;2;136;132;94m██[38;2;201;143;76m██[38;2;209;177;77m██[38;2;168;163;126m██[38;2;193;116;97m██[38;2;74;66;65m██[38;2;204;81;65m██[38;2;234;90;59m██[38;2;36;13;9m  [38;2;0;0;0m    [38;2;211;211;211m  [38;2;135;116;55m  [38;2;184;154;59m██[38;2;255;213;81m██[38;2;255;169;77m██[38;2;255;97;64m██[38;2;255;147;74m██[38;2;255;97;65m████[38;2;233;89;59m██[38;2;37;14;9m  
[38;2;0;0;0m  [38;2;151;145;90m  [38;2;205;196;123m██[38;2;169;93;80m██[38;2;204;153;121m██[38;2;255;246;179m██[38;2;187;92;81m██[38;2;76;74;66m██[38;2;200;131;72m██[38;2;19;12;6m  [38;2;0;0;0m  [38;2;17;17;17m  [38;2;17;6;4m  [38;2;4;1;1m  [38;2;219;182;70m██[38;2;255;211;81m██[38;2;255;202;80m██[38;2;255;97;65m████████[38;2;240;92;61m██[38;2;188;72;48m  [38;2;0;0;0m  
[38;2;0;0;0m    [38;2;196;187;125m██[38;2;253;244;177m██[38;2;255;246;180m██[38;2;255;246;179m██[38;2;236;211;158m██[38;2;152;147;99m██[38;2;207;131;71m██[38;2;79;50;25m  [38;2;0;0;0m  [38;2;108;85;80m  [38;2;233;89;59m██[38;2;136;78;52m██[38;2;249;205;81m██[38;2;255;205;81m██[38;2;255;172;76m██[38;2;255;97;65m██[38;2;251;96;64m██[38;2;184;70;46m██[38;2;238;91;60m██[38;2;32;12;8m  [38;2;0;0;0m    
[38;2;0;0;0m    [38;2;255;245;179m██[38;2;255;246;179m██[38;2;249;240;174m██[38;2;221;213;159m██[38;2;246;237;172m██[38;2;244;236;173m██[38;2;168;90;69m██[38;2;224;107;60m██[38;2;46;32;14m██[38;2;250;96;65m██[38;2;237;91;65m██[38;2;217;93;71m██[38;2;203;163;69m██[38;2;0;0;0m  [38;2;195;125;62m  [38;2;255;97;65m██[38;2;0;0;0m        [38;2;46;46;46m  [38;2;198;198;198m  
[38;2;0;0;0m    [38;2;255;246;179m██[38;2;222;214;142m██[38;2;215;180;134m██[38;2;202;89;65m██[38;2;242;236;195m██[38;2;251;242;176m██[38;2;181;175;113m██[38;2;136;121;71m██[38;2;255;203;81m██[38;2;193;102;84m██[38;2;227;196;148m██[38;2;236;212;158m██[38;2;195;188;138m██[38;2;0;0;0m    [38;2;69;26;17m██[38;2;0;0;0m      [38;2;119;119;119m  [38;2;255;255;255m    
[38;2;0;0;0m  [38;2;207;199;146m██[38;2;255;246;179m████[38;2;145;114;96m██[38;2;253;243;178m██[38;2;240;232;168m██[38;2;205;196;123m██[38;2;205;197;123m██[38;2;244;226;167m██[38;2;183;114;96m██[38;2;255;246;179m████████[38;2;154;148;108m██[38;2;65;65;65m  [38;2;0;0;0m  [38;2;1;1;1m  [38;2;173;173;173m  [38;2;255;255;255m        
[38;2;0;0;0m  [38;2;207;199;146m██[38;2;255;246;179m██████[38;2;50;48;35m██[38;2;149;144;102m██[38;2;205;197;123m██[38;2;229;221;151m██[38;2;255;246;179m████████████[38;2;236;228;167m██[38;2;56;56;52m  [38;2;208;208;208m  [38;2;209;209;209m  [38;2;255;255;255m          
[38;2;69;66;48m██[38;2;255;245;179m██[38;2;231;222;160m██[38;2;255;246;179m██[38;2;131;128;105m  [38;2;251;251;251m  [38;2;116;111;74m██[38;2;225;216;145m██[38;2;255;246;179m██████[38;2;250;241;175m██[38;2;212;204;131m██[38;2;242;233;165m██[38;2;255;246;179m████[38;2;15;15;11m██[38;2;210;210;210m  [38;2;92;35;23m██[38;2;40;15;10m  [38;2;171;171;171m  [38;2;255;255;255m      
[38;2;6;6;4m  [38;2;138;131;88m██[38;2;167;161;117m██[38;2;23;22;16m██[38;2;241;241;241m  [38;2;28;28;28m  [38;2;243;235;172m██[38;2;255;246;180m██[38;2;255;246;179m██[38;2;255;246;180m██[38;2;255;246;179m██[38;2;208;200;126m██[38;2;106;104;82m██[38;2;118;115;88m██[38;2;248;239;172m██[38;2;237;228;159m██[38;2;13;12;8m██[38;2;123;54;40m  [38;2;250;96;63m██[38;2;10;3;2m  [38;2;26;26;26m  [38;2;255;255;255m      
[38;2;0;0;0m    [38;2;90;90;90m  [38;2;255;255;255m    [38;2;118;118;118m  [38;2;187;180;127m██[38;2;255;246;179m████████[38;2;123;120;89m██[38;2;65;65;65m██[38;2;36;36;36m  [38;2;112;108;74m  [38;2;196;173;112m██[38;2;199;132;74m██[38;2;199;153;64m██[38;2;136;52;34m  [38;2;0;0;0m  [38;2;130;130;130m  [38;2;255;255;255m      
[38;2;0;0;0m    [38;2;90;90;90m  [38;2;255;255;255m      [38;2;106;102;64m██[38;2;156;147;97m██[38;2;215;207;147m██[38;2;255;246;179m██[38;2;220;212;140m██[38;2;14;14;14m██[38;2;65;65;65m██[38;2;79;79;79m  [38;2;37;37;37m  [38;2;205;197;123m██[38;2;159;73;68m██[38;2;0;0;0m      [38;2;255;255;255m        
[38;2;0;0;0m    [38;2;90;90;90m  [38;2;255;255;255m      [38;2;194;194;194m  [38;2;100;96;60m██[38;2;120;117;87m██[38;2;255;246;179m██[38;2;79;76;56m██[38;2;196;196;196m  [38;2;88;50;50m██[38;2;187;73;55m██[38;2;92;38;35m██[38;2;128;125;91m██[38;2;8;7;5m██[38;2;0;0;0m  [38;2;139;139;139m  [38;2;204;204;204m  [38;2;255;255;255m        
[38;2;0;0;0m    [38;2;90;90;90m  [38;2;255;255;255m      [38;2;242;242;242m  [38;2;19;19;16m██[38;2;205;197;123m██[38;2;92;91;81m██[38;2;248;234;172m██[38;2;76;53;24m██[38;2;255;122;70m██[38;2;219;85;63m██[38;2;20;8;8m  [38;2;74;81;96m██[38;2;26;26;27m  [38;2;255;255;255m              
[38;2;0;0;0m    [38;2;90;90;90m  [38;2;255;255;255m      [38;2;122;122;122m  [38;2;110;118;127m██[38;2;130;129;104m██[38;2;195;189;144m██[38;2;186;121;100m██[38;2;255;156;73m██[38;2;129;108;41m██[38;2;63;24;16m  [38;2;0;0;0m  [38;2;162;162;162m  [38;2;249;249;249m  [38;2;255;255;255m              
[38;2;0;0;0m    [38;2;73;73;73m  [38;2;208;208;208m        [38;2;0;0;0m  [38;2;74;79;83m██[38;2;108;114;118m██[38;2;156;103;86m██[38;2;0;0;0m        [38;2;208;208;208m                  
[38;2;0;0;0m                [38;2;20;21;22m  [38;2;31;33;34m██[38;2;5;5;5m  [38;2;0;0;0m                          [0m
