
[38;2;0;0;0m                            [38;2;8;14;10m  [38;2;8;15;10m██[38;2;0;0;0m                            
[38;2;0;0;0m                            [38;2;102;160;126m██[38;2;23;42;28m██[38;2;0;0;0m                            
[38;2;21;39;23m██[38;2;43;78;45m██[38;2;0;0;0m                      [38;2;32;53;38m  [38;2;102;166;119m██[38;2;15;26;15m  [38;2;0;0;0m                            
[38;2;3;5;3m  [38;2;68;124;72m██[38;2;56;102;59m  [38;2;0;0;0m                  [38;2;28;48;33m  [38;2;98;170;109m██[38;2;65;117;70m██[38;2;0;0;0m                              
[38;2;0;0;0m  [38;2;39;72;42m  [38;2;87;158;92m██[38;2;22;39;22m██[38;2;0;0;0m                [38;2;60;102;68m██[38;2;61;109;67m██[38;2;39;72;42m  [38;2;0;0;0m                              
[38;2;0;0;0m    [38;2;87;159;93m██[38;2;21;39;23m██[38;2;0;0;0m              [38;2;90;139;113m  [38;2;69;119;78m██[38;2;1;4;1m  [38;2;0;0;0m                                
[38;2;0;0;0m    [38;2;21;39;23m██[38;2;51;93;54m██[38;2;0;0;0m            [38;2;14;25;16m  [38;2;80;136;90m██[38;2;0;0;0m                                    
[38;2;0;0;0m      [38;2;65;119;70m██[38;2;0;0;0m          [38;2;0;2;0m  [38;2;119;194;137m██[38;2;23;41;23m██[38;2;0;0;0m                                    
[38;2;0;0;0m      [38;2;31;57;33m  [38;2;86;114;70m██[38;2;7;9;9m  [38;2;16;26;20m  [38;2;114;105;45m██[38;2;59;86;71m██[38;2;89;146;101m██[38;2;71;121;81m██[38;2;9;8;10m  [38;2;0;0;0m                                    
[38;2;0;0;0m      [38;2;2;2;2m  [38;2;107;115;76m██[38;2;163;206;138m██[38;2;135;202;158m██[38;2;125;197;156m██[38;2;83;102;92m██[38;2;96;166;108m██[38;2;83;103;92m██[38;2;130;202;163m██[38;2;7;9;6m██[38;2;9;9;5m██[38;2;0;0;0m                                
[38;2;0;0;0m  [38;2;37;68;40m  [38;2;47;78;49m██[38;2;83;118;99m██[38;2;148;172;113m██[38;2;138;128;75m██[38;2;141;126;70m██[38;2;125;130;86m██[38;2;100;172;115m██[38;2;69;92;70m██[38;2;105;171;126m██[38;2;106;176;119m██[38;2;140;202;149m██[38;2;174;202;128m██[38;2;93;116;80m██[38;2;18;29;23m  [38;2;0;0;0m                            
[38;2;0;0;0m  [38;2;65;119;69m██[38;2;81;131;86m██[38;2;116;171;141m██[38;2;81;98;89m██[38;2;125;198;155m██[38;2;121;197;151m██[38;2;96;147;114m██[38;2;87;159;92m████[38;2;85;151;90m██[38;2;87;159;92m████[38;2;84;157;92m██[38;2;236;201;68m██[38;2;238;203;71m██[38;2;102;116;56m██[38;2;3;9;8m  [38;2;0;0;0m                        
[38;2;0;0;0m  [38;2;61;114;69m██[38;2;88;139;103m██[38;2;99;135;116m██[38;2;106;158;123m██[38;2;81;113;86m██[38;2;71;89;71m██[38;2;74;111;77m██[38;2;91;117;83m██[38;2;71;101;75m██[38;2;77;118;80m██[38;2;41;67;43m██[38;2;45;82;47m██[38;2;86;158;92m██[38;2;87;160;95m██[38;2;93;167;104m██[38;2;156;183;84m██[38;2;96;112;68m██[38;2;30;34;31m  [38;2;0;5;5m  [38;2;31;29;18m  [38;2;130;70;73m██[38;2;0;0;0m                
[38;2;0;0;0m  [38;2;60;110;71m██[38;2;109;168;136m██[38;2;114;167;139m██[38;2;91;140;103m██[38;2;137;114;51m██[38;2;69;83;70m██[38;2;86;90;77m██[38;2;106;98;81m██[38;2;96;89;78m██[38;2;68;126;73m██[38;2;3;6;3m  [38;2;0;0;0m    [38;2;75;138;81m██[38;2;87;159;93m██[38;2;80;141;88m██[38;2;67;86;69m██[38;2;111;172;131m██[38;2;153;94;98m██[38;2;164;123;103m██[38;2;169;111;103m██[38;2;26;13;14m  [38;2;0;0;0m              
[38;2;0;0;0m  [38;2;64;105;79m██[38;2;83;124;98m██[38;2;91;118;104m██[38;2;75;63;39m██[38;2;81;75;61m██[38;2;99;79;80m██[38;2;195;122;123m██[38;2;98;96;79m██[38;2;42;58;39m██[38;2;87;159;93m██[38;2;67;123;72m██[38;2;0;0;0m    [38;2;17;23;18m██[38;2;71;92;73m██[38;2;76;88;82m████[38;2;81;101;89m██[38;2;66;71;67m██[38;2;87;159;93m██[38;2;84;159;93m██[38;2;153;78;86m██[38;2;0;0;0m              
[38;2;32;50;40m██[38;2;98;168;122m██[38;2;108;179;132m██[38;2;71;131;76m██[38;2;93;94;77m██[38;2;105;92;85m██[38;2;243;162;151m██[38;2;194;122;123m██[38;2;51;90;51m  [38;2;0;0;0m  [38;2;15;25;19m  [38;2;86;141;109m██[38;2;105;163;132m██[38;2;7;11;9m  [38;2;25;40;29m  [38;2;115;185;137m██[38;2;112;183;133m██[38;2;86;132;96m██[38;2;89;127;103m██[38;2;128;201;161m██[38;2;79;108;88m██[38;2;86;150;94m██[38;2;118;143;92m██[38;2;59;24;22m██[38;2;0;0;0m            
[38;2;32;50;40m██[38;2;105;176;122m██[38;2;68;125;75m██[38;2;5;9;5m  [38;2;75;56;49m██[38;2;252;177;161m██[38;2;202;137;132m██[38;2;60;80;66m██[38;2;0;0;0m        [38;2;55;86;69m██[38;2;107;166;135m██[38;2;13;25;18m  [38;2;65;87;74m██[38;2;87;159;90m██[38;2;70;88;66m██[38;2;124;203;157m██[38;2;130;202;163m██[38;2;75;90;80m██[38;2;81;135;84m██[38;2;108;137;79m██[38;2;44;17;11m██[38;2;0;0;0m            
[38;2;0;0;0m  [38;2;45;83;49m  [38;2;0;0;0m    [38;2;188;134;125m██[38;2;203;134;132m██[38;2;167;128;122m██[38;2;23;35;28m  [38;2;0;0;0m  [38;2;52;56;54m  [38;2;22;30;24m  [38;2;0;0;0m    [38;2;69;106;86m  [38;2;91;135;112m██[38;2;45;44;45m██[38;2;86;140;86m██[38;2;82;117;85m██[38;2;82;114;86m██[38;2;77;93;84m██[38;2;119;177;146m██[38;2;81;124;85m██[38;2;94;37;21m  [38;2;0;0;0m              
[38;2;0;0;0m        [38;2;68;51;49m██[38;2;162;161;143m██[38;2;20;21;19m  [38;2;0;0;0m    [38;2;50;80;57m██[38;2;94;134;100m██[38;2;18;32;18m  [38;2;0;0;0m  [38;2;45;75;60m  [38;2;6;10;8m  [38;2;0;0;0m  [38;2;30;37;30m██[38;2;78;137;82m██[38;2;68;79;69m██[38;2;76;127;86m██[38;2;90;116;102m██[38;2;41;58;49m██[38;2;0;0;0m                
[38;2;0;0;0m                [38;2;40;40;40m██[38;2;81;90;81m██[38;2;129;152;132m██[38;2;59;110;67m██[38;2;55;101;59m██[38;2;13;25;14m  [38;2;0;0;0m    [38;2;14;25;14m  [38;2;63;73;63m██[38;2;168;185;174m██[38;2;91;136;103m██[38;2;74;139;103m██[38;2;121;190;153m██[38;2;0;0;0m                
[38;2;0;0;0m                  [38;2;0;1;0m  [38;2;23;25;23m██[38;2;2;4;2m  [38;2;0;0;0m          [38;2;175;175;175m██[38;2;74;91;78m██[38;2;119;153;137m██[38;2;74;116;85m██[38;2;28;36;32m██[38;2;0;0;0m                
[38;2;0;0;0m                                  [38;2;0;6;0m  [38;2;77;84;80m██[38;2;123;137;133m██[38;2;86;118;77m██[38;2;32;42;21m██[38;2;0;0;0m                
[38;2;0;0;0m                    [38;2;171;68;39m██████[38;2;42;17;9m  [38;2;0;0;0m        [38;2;125;193;157m██[38;2;127;195;159m██[38;2;207;179;66m██[38;2;21;38;22m██[38;2;0;0;0m                
[38;2;0;0;0m                [38;2;34;63;47m██[38;2;57;63;60m██[38;2;75;110;78m██████[38;2;70;115;74m██[38;2;43;65;45m██[38;2;7;7;7m  [38;2;0;0;0m  [38;2;47;73;59m  [38;2;130;202;163m██[38;2;114;186;135m██[38;2;204;175;66m██[38;2;34;40;19m██[38;2;0;0;0m                
[38;2;0;0;0m          [38;2;7;2;7m██[38;2;88;157;93m██[38;2;86;158;92m██[38;2;87;159;93m██[38;2;110;133;78m██[38;2;63;91;78m██[38;2;83;148;89m██[38;2;72;131;94m██[38;2;69;99;80m██[38;2;84;98;86m██[38;2;111;72;78m██[38;2;73;103;89m██[38;2;64;67;66m██[38;2;118;189;145m██[38;2;212;193;72m██[38;2;69;119;73m██[38;2;2;0;2m  [38;2;0;0;0m                
[38;2;0;0;0m        [38;2;20;26;21m██[38;2;70;110;74m██[38;2;83;110;86m██[38;2;88;106;83m██[38;2;142;162;77m██[38;2;136;162;84m██[38;2;60;94;68m██[38;2;118;127;74m██[38;2;141;82;61m██[38;2;136;89;84m██[38;2;156;168;147m██[38;2;111;143;123m██[38;2;96;150;116m██[38;2;125;201;160m██[38;2;93;131;107m██[38;2;161;160;83m██[38;2;78;137;87m██[38;2;43;71;54m██[38;2;0;0;0m                
[38;2;0;0;0m    [38;2;47;24;26m  [38;2;57;32;33m██[38;2;130;202;163m██[38;2;119;207;158m██[38;2;110;143;114m██[38;2;172;137;129m██[38;2;74;98;74m██[38;2;23;27;16m  [38;2;0;0;0m    [38;2;43;46;39m  [38;2;139;183;151m██[38;2;109;161;134m██[38;2;114;169;139m██[38;2;140;165;132m██[38;2;101;130;105m██[38;2;134;202;156m██[38;2;94;98;76m██[38;2;62;73;64m██[38;2;70;128;93m██[38;2;69;132;97m██[38;2;20;36;28m██[38;2;0;0;0m            
[38;2;0;0;0m    [38;2;0;2;0m  [38;2;107;82;73m██[38;2;163;157;141m██[38;2;128;202;161m██[38;2;121;197;154m██[38;2;77;119;91m██[38;2;91;54;59m██[38;2;0;2;2m  [38;2;0;0;0m    [38;2;9;9;9m  [38;2;77;98;87m██[38;2;107;158;128m██[38;2;156;151;128m██[38;2;121;143;120m██[38;2;121;188;150m██[38;2;117;181;145m██[38;2;44;49;46m██[38;2;0;0;0m  [38;2;20;38;28m  [38;2;38;61;47m██[38;2;73;114;82m██[38;2;52;81;52m██[38;2;89;44;26m██[38;2;0;0;0m        
[38;2;0;0;0m    [38;2;4;4;3m  [38;2;94;147;109m██[38;2;73;142;107m██[38;2;116;187;149m██[38;2;109;157;132m██[38;2;116;172;142m██[38;2;128;201;161m██[38;2;45;71;57m██[38;2;18;28;23m████[38;2;128;201;161m██[38;2;87;113;99m██[38;2;122;187;153m██[38;2;86;157;121m██[38;2;128;201;161m██[38;2;117;193;147m██[38;2;71;99;75m██[38;2;174;118;109m██[38;2;0;0;0m    [38;2;0;2;2m  [38;2;71;35;34m██[38;2;83;145;89m██[38;2;72;94;73m██[38;2;92;75;63m██[38;2;175;71;43m██[38;2;25;10;5m██[38;2;6;2;1m  
[38;2;0;0;0m    [38;2;124;91;82m██[38;2;75;135;83m██[38;2;93;137;111m██[38;2;125;209;154m██[38;2;90;98;67m██[38;2;125;152;100m██[38;2;98;171;115m██[38;2;98;175;127m██[38;2;136;188;123m██[38;2;107;179;129m██[38;2;98;171;115m██[38;2;102;171;114m██[38;2;132;123;69m██[38;2;115;184;141m██[38;2;116;183;140m██[38;2;76;125;84m██[38;2;106;145;100m██[38;2;91;56;55m██[38;2;0;0;0m      [38;2;54;23;22m  [38;2;144;86;79m██[38;2;70;98;77m██[38;2;43;70;44m██[38;2;90;86;57m██[38;2;59;23;13m██[38;2;14;5;3m  
[38;2;0;0;0m    [38;2;40;20;22m  [38;2;122;131;96m██[38;2;85;129;96m██[38;2;72;108;77m██[38;2;66;105;75m██[38;2;124;117;53m██[38;2;220;196;70m██[38;2;225;195;73m██[38;2;113;177;108m██[38;2;198;190;82m██[38;2;220;196;70m██[38;2;171;142;55m██[38;2;71;121;74m██[38;2;22;27;20m    [38;2;68;122;76m██[38;2;122;62;68m  [38;2;0;0;0m          [38;2;145;77;68m██[38;2;12;26;19m  [38;2;0;0;0m        
[38;2;0;0;0m      [38;2;40;20;22m  [38;2;23;42;24m██[38;2;5;10;6m  [38;2;0;0;0m    [38;2;23;42;24m██[38;2;29;40;19m██[38;2;63;68;27m██[38;2;39;47;20m██[38;2;23;42;24m██[38;2;5;10;6m  [38;2;0;0;0m                                [0m
