                  [38;2;7;7;7m▄[38;2;7;7;7m▄[38;2;7;7;7m[48;2;119;116;99m▀[0m[38;2;7;7;7m▄  
        [38;2;7;7;7m▄[38;2;7;7;7m▄[38;2;7;7;7m▄[38;2;7;7;7m▄[38;2;7;7;7m[48;2;119;116;99m▀[0m[38;2;7;7;7m[48;2;119;116;99m▀[0m[38;2;7;7;7m[48;2;119;116;99m▀[0m[38;2;7;7;7m▄[38;2;7;7;7m▄[38;2;7;7;7m▀[38;2;119;116;99m[48;2;7;7;7m▀[0m[38;2;82;82;82m[48;2;119;116;99m▀[0m[38;2;119;116;99m[48;2;7;7;7m▀[0m[38;2;7;7;7m▀  
     [38;2;7;7;7m▄[38;2;7;7;7m[48;2;82;82;82m▀[0m[38;2;7;7;7m[48;2;82;82;82m▀[0m[38;2;119;116;99m[48;2;82;82;82m▀[0m[38;2;82;82;82m[48;2;119;116;99m▀[0m[38;2;119;116;99m[48;2;82;82;82m▀[0m[38;2;82;82;82m[48;2;176;167;102m▀[0m[38;2;82;82;82m[48;2;176;167;102m▀[0m[38;2;82;82;82m[48;2;176;167;102m▀[0m[38;2;119;116;99m[48;2;82;82;82m▀[0m[38;2;119;116;99m[48;2;119;116;99m▀[0m[38;2;119;116;99m[48;2;119;116;99m▀[0m[38;2;7;7;7m[48;2;101;96;80m▀[0m[38;2;7;7;7m▄[38;2;7;7;7m[48;2;7;7;7m▀[0m[38;2;119;116;99m[48;2;119;116;99m▀[0m[38;2;7;7;7m[48;2;119;116;99m▀[0m[38;2;7;7;7m▄ 
  [38;2;7;7;7m▄[38;2;7;7;7m[48;2;158;132;97m▀[0m[38;2;7;7;7m[48;2;197;180;170m▀[0m[38;2;197;180;170m[48;2;179;157;135m▀[0m[38;2;158;132;97m[48;2;158;132;97m▀[0m[38;2;158;132;97m[48;2;158;132;97m▀[0m[38;2;243;135;37m[48;2;158;132;97m▀[0m[38;2;82;82;82m[48;2;243;135;37m▀[0m[38;2;82;82;82m[48;2;243;135;37m▀[0m[38;2;119;116;99m[48;2;82;82;82m▀[0m[38;2;119;116;99m[48;2;176;167;102m▀[0m[38;2;119;116;99m[48;2;176;167;102m▀[0m[38;2;82;82;82m[48;2;176;167;102m▀[0m[38;2;82;82;82m[48;2;119;116;99m▀[0m[38;2;101;96;80m[48;2;82;82;82m▀[0m[38;2;101;96;80m[48;2;101;96;80m▀[0m[38;2;82;82;82m[48;2;101;96;80m▀[0m[38;2;119;116;99m[48;2;101;96;80m▀[0m[38;2;119;116;99m[48;2;7;7;7m▀[0m[38;2;119;116;99m[48;2;7;7;7m▀[0m[38;2;7;7;7m▀ 
 [38;2;7;7;7m[48;2;7;7;7m▀[0m[38;2;243;135;37m[48;2;203;134;66m▀[0m[38;2;203;134;66m[48;2;243;135;37m▀[0m[38;2;197;180;170m[48;2;158;132;97m▀[0m[38;2;158;132;97m[48;2;158;132;97m▀[0m[38;2;158;132;97m[48;2;158;132;97m▀[0m[38;2;158;132;97m[48;2;158;132;97m▀[0m[38;2;158;132;97m[48;2;158;132;97m▀[0m[38;2;158;132;97m[48;2;158;132;97m▀[0m[38;2;158;132;97m[48;2;158;132;97m▀[0m[38;2;119;99;72m[48;2;158;132;97m▀[0m[38;2;82;82;82m[48;2;82;82;82m▀[0m[38;2;176;167;102m[48;2;119;116;99m▀[0m[38;2;176;167;102m[48;2;119;116;99m▀[0m[38;2;176;167;102m[48;2;176;167;102m▀[0m[38;2;82;82;82m[48;2;82;82;82m▀[0m[38;2;101;96;80m[48;2;101;96;80m▀[0m[38;2;82;82;82m[48;2;101;96;80m▀[0m[38;2;7;7;7m[48;2;7;7;7m▀[0m    
[38;2;7;7;7m[48;2;7;7;7m▀[0m[38;2;197;180;170m[48;2;179;157;135m▀[0m[38;2;179;157;135m[48;2;197;180;170m▀[0m[38;2;158;132;97m[48;2;197;180;170m▀[0m[38;2;158;132;97m[48;2;158;132;97m▀[0m[38;2;158;132;97m[48;2;158;132;97m▀[0m[38;2;158;132;97m[48;2;203;134;66m▀[0m[38;2;243;135;37m[48;2;243;135;37m▀[0m[38;2;158;132;97m[48;2;158;132;97m▀[0m[38;2;158;132;97m[48;2;158;132;97m▀[0m[38;2;158;132;97m[48;2;158;132;97m▀[0m[38;2;243;135;37m[48;2;158;132;97m▀[0m[38;2;203;134;66m[48;2;203;134;66m▀[0m[38;2;82;82;82m[48;2;82;82;82m▀[0m[38;2;119;116;99m[48;2;119;116;99m▀[0m[38;2;82;82;82m[48;2;119;116;99m▀[0m[38;2;101;96;80m[48;2;82;82;82m▀[0m[38;2;101;96;80m[48;2;101;96;80m▀[0m[38;2;101;96;80m[48;2;82;82;82m▀[0m[38;2;7;7;7m[48;2;82;82;82m▀[0m[38;2;7;7;7m▄   
[38;2;7;7;7m[48;2;7;7;7m▀[0m[38;2;158;132;97m[48;2;119;99;72m▀[0m[38;2;158;132;97m[48;2;243;135;37m▀[0m[38;2;158;132;97m[48;2;158;132;97m▀[0m[38;2;158;132;97m[48;2;158;132;97m▀[0m[38;2;158;132;97m[48;2;158;132;97m▀[0m[38;2;243;135;37m[48;2;158;132;97m▀[0m[38;2;203;134;66m[48;2;158;132;97m▀[0m[38;2;158;132;97m[48;2;158;132;97m▀[0m[38;2;158;132;97m[48;2;243;135;37m▀[0m[38;2;197;180;170m[48;2;197;180;170m▀[0m[38;2;119;99;72m[48;2;179;157;135m▀[0m[38;2;119;99;72m[48;2;119;99;72m▀[0m[38;2;82;82;82m[48;2;82;82;82m▀[0m[38;2;255;242;252m[48;2;7;7;7m▀[0m[38;2;119;116;99m[48;2;183;70;149m▀[0m[38;2;183;70;149m[48;2;82;82;82m▀[0m[38;2;101;96;80m[48;2;101;96;80m▀[0m[38;2;119;116;99m[48;2;7;7;7m▀[0m[38;2;119;116;99m[48;2;82;82;82m▀[0m[38;2;119;116;99m[48;2;119;116;99m▀[0m[38;2;7;7;7m[48;2;7;7;7m▀[0m  
 [38;2;7;7;7m[48;2;7;7;7m▀[0m[38;2;243;135;37m[48;2;119;99;72m▀[0m[38;2;243;135;37m[48;2;243;135;37m▀[0m[38;2;158;132;97m[48;2;158;132;97m▀[0m[38;2;158;132;97m[48;2;158;132;97m▀[0m[38;2;158;132;97m[48;2;158;132;97m▀[0m[38;2;158;132;97m[48;2;158;132;97m▀[0m[38;2;158;132;97m[48;2;243;135;37m▀[0m[38;2;243;135;37m[48;2;119;99;72m▀[0m[38;2;119;99;72m[48;2;119;99;72m▀[0m[38;2;179;157;135m[48;2;119;99;72m▀[0m[38;2;82;82;82m[48;2;7;7;7m▀[0m[38;2;119;116;99m[48;2;7;7;7m▀[0m[38;2;119;116;99m[48;2;101;96;80m▀[0m[38;2;82;82;82m[48;2;7;7;7m▀[0m[38;2;101;96;80m[48;2;101;96;80m▀[0m[38;2;7;7;7m[48;2;7;7;7m▀[0m[38;2;7;7;7m▄[38;2;7;7;7m[48;2;119;116;99m▀[0m[38;2;119;116;99m[48;2;82;82;82m▀[0m[38;2;7;7;7m[48;2;119;116;99m▀[0m[38;2;7;7;7m[48;2;119;116;99m▀[0m[38;2;7;7;7m▄
  [38;2;7;7;7m▀[38;2;119;99;72m[48;2;7;7;7m▀[0m[38;2;119;99;72m[48;2;7;7;7m▀[0m[38;2;179;157;135m[48;2;119;99;72m▀[0m[38;2;179;157;135m[48;2;179;157;135m▀[0m[38;2;119;99;72m[48;2;179;157;135m▀[0m[38;2;119;99;72m[48;2;119;99;72m▀[0m[38;2;119;99;72m[48;2;7;7;7m▀[0m[38;2;119;99;72m[48;2;7;7;7m▀[0m[38;2;7;7;7m▀  [38;2;7;7;7m▀ [38;2;7;7;7m▀ [38;2;7;7;7m▀[38;2;119;116;99m[48;2;7;7;7m▀[0m[38;2;119;116;99m[48;2;7;7;7m▀[0m[38;2;7;7;7m▀[38;2;7;7;7m▀[38;2;7;7;7m▀
     [38;2;7;7;7m▀[38;2;7;7;7m▀[38;2;7;7;7m▀[38;2;7;7;7m▀               
[0m