
[38;2;0;0;0m              [38;2;28;29;31m  [38;2;19;20;21m  [38;2;0;0;0m                                        
[38;2;0;0;0m              [38;2;68;69;71m██[38;2;112;119;126m██[38;2;8;8;9m  [38;2;0;0;0m          [38;2;1;1;1m  [38;2;123;126;132m██[38;2;90;96;102m  [38;2;0;0;0m                      
[38;2;0;0;0m                [38;2;105;111;116m██[38;2;102;102;105m██[38;2;56;56;59m████[38;2;30;30;31m  [38;2;0;0;0m  [38;2;28;28;29m  [38;2;188;188;196m██[38;2;121;125;126m██[38;2;81;86;92m  [38;2;0;0;0m                      
[38;2;0;0;0m              [38;2;136;136;142m  [38;2;166;166;173m██[38;2;187;187;194m██[38;2;189;189;197m██[38;2;189;189;196m██[38;2;173;173;180m██[38;2;154;154;161m██[38;2;121;121;125m██[38;2;87;87;89m██[38;2;118;125;132m██[38;2;0;0;0m                        
[38;2;0;0;0m            [38;2;124;124;130m██[38;2;144;144;149m██[38;2;163;163;169m██[38;2;189;189;196m██[38;2;189;189;197m██[38;2;189;189;196m████[38;2;146;151;159m██[38;2;167;167;174m██[38;2;85;88;91m██[38;2;57;60;64m██[38;2;0;0;0m                        
[38;2;0;0;0m              [38;2;8;8;8m  [38;2;136;136;140m██[38;2;127;134;141m██[38;2;189;189;197m████████[38;2;127;127;131m██[38;2;123;131;139m██[38;2;140;144;151m██[38;2;0;0;0m    [38;2;14;14;14m  [38;2;64;64;67m  [38;2;0;0;0m                
[38;2;0;0;0m            [38;2;26;26;27m  [38;2;174;174;182m██[38;2;189;189;196m██[38;2;189;189;197m████████████████[38;2;110;110;113m██[38;2;124;125;131m██[38;2;160;163;171m██[38;2;76;81;86m██[38;2;41;43;46m  [38;2;0;0;0m              
[38;2;0;0;0m            [38;2;33;36;33m██[38;2;125;132;138m██[38;2;189;189;197m████████[38;2;144;147;148m██[38;2;92;99;93m██[38;2;189;189;197m██[38;2;187;187;194m██[38;2;77;77;78m██[38;2;185;186;194m██[38;2;125;133;141m██[38;2;118;125;133m██[38;2;70;71;72m██[38;2;10;11;12m  [38;2;0;0;0m              
[38;2;0;0;0m    [38;2;41;37;30m  [38;2;226;204;165m██[38;2;224;191;154m██[38;2;223;189;152m██[38;2;226;194;156m██[38;2;227;196;158m██[38;2;148;146;133m██[38;2;185;185;192m██[38;2;160;164;172m██[38;2;185;185;193m██[38;2;149;116;106m██[38;2;253;253;253m██[38;2;202;202;209m██[38;2;189;189;197m██[38;2;168;171;179m██[38;2;117;117;120m██[38;2;106;109;113m██[38;2;123;131;139m  [38;2;48;51;55m██[38;2;0;0;0m      [38;2;53;53;55m  [38;2;64;64;67m  [38;2;0;0;0m      
[38;2;0;0;0m      [38;2;11;10;8m  [38;2;77;62;50m██[38;2;239;213;172m██[38;2;219;184;148m██[38;2;209;171;136m██[38;2;180;169;141m██[38;2;179;180;187m██[38;2;187;187;195m██[38;2;20;20;21m██[38;2;255;171;153m██[38;2;194;194;201m██[38;2;190;190;198m██[38;2;189;189;197m████[38;2;182;182;190m██[38;2;33;33;33m██[38;2;7;7;8m██[38;2;2;3;3m  [38;2;0;0;0m      [38;2;7;7;7m  [38;2;186;186;194m██[38;2;52;52;54m  [38;2;0;0;0m    
[38;2;0;0;0m          [38;2;29;29;29m  [38;2;157;142;120m██[38;2;167;157;131m██[38;2;154;156;159m██[38;2;189;189;197m██[38;2;189;189;196m██[38;2;189;189;197m██[38;2;162;162;168m██[38;2;131;131;136m██[38;2;137;106;114m██[38;2;132;132;137m██[38;2;189;189;197m██[38;2;120;120;124m██[38;2;73;77;81m██[38;2;0;0;0m            [38;2;95;95;98m██[38;2;105;105;107m██[38;2;67;67;70m  [38;2;0;0;0m  
[38;2;0;0;0m          [38;2;101;108;115m  [38;2;109;109;111m██[38;2;186;187;194m██[38;2;149;154;162m██[38;2;189;189;197m██[38;2;136;136;141m██[38;2;67;67;67m██[38;2;153;92;100m██[38;2;251;121;137m██[38;2;128;62;79m██[38;2;120;128;136m██[38;2;132;132;136m██[38;2;70;70;71m██[38;2;90;93;97m██[38;2;58;58;58m  [38;2;0;0;0m          [38;2;35;35;36m██[38;2;188;188;196m██[38;2;146;146;152m██[38;2;0;0;0m  
[38;2;8;8;8m  [38;2;80;83;86m██[38;2;140;141;143m██[38;2;117;124;131m██[38;2;72;76;80m██[38;2;94;97;102m██[38;2;112;119;125m██[38;2;68;68;69m██[38;2;82;84;87m██[38;2;121;61;76m██[38;2;167;73;93m██[38;2;253;121;137m██[38;2;210;109;121m██[38;2;160;94;101m██[38;2;125;129;135m██[38;2;123;131;139m██[38;2;107;113;119m██[38;2;157;161;169m██[38;2;189;189;197m██[38;2;186;186;194m██[38;2;98;102;108m██[38;2;0;0;0m      [38;2;63;63;66m  [38;2;177;177;184m██[38;2;127;127;131m██[38;2;126;127;132m██[38;2;31;33;35m██
[38;2;64;64;64m██[38;2;106;106;106m██[38;2;82;85;87m██[38;2;123;131;139m██[38;2;122;131;139m██[38;2;74;76;77m██[38;2;100;105;110m██[38;2;174;174;181m██[38;2;114;114;117m██[38;2;75;75;76m██[38;2;67;67;67m████[38;2;93;97;101m██[38;2;185;185;193m██[38;2;102;110;110m██[38;2;186;186;194m██[38;2;131;131;135m██[38;2;186;186;194m██[38;2;118;118;122m██[38;2;67;67;67m██[38;2;139;139;144m██[38;2;1;1;1m████[38;2;169;169;175m██[38;2;67;67;67m██[38;2;186;186;194m██[38;2;188;188;196m██[38;2;109;116;122m██[38;2;16;16;16m██
[38;2;7;7;7m  [38;2;109;109;112m██[38;2;100;105;110m██[38;2;123;131;139m██[38;2;101;107;114m██[38;2;56;60;63m██[38;2;10;10;10m  [38;2;169;169;176m██[38;2;166;166;172m██[38;2;131;131;136m██[38;2;122;122;125m██████[38;2;131;131;136m██[38;2;160;160;166m██[38;2;188;188;195m██[38;2;126;126;130m██[38;2;98;102;106m██[38;2;164;164;170m██[38;2;189;189;197m██[38;2;154;154;160m██[38;2;127;127;131m██[38;2;94;98;102m██[38;2;101;105;109m██[38;2;153;157;165m██[38;2;101;104;108m██[38;2;122;128;135m██[38;2;102;108;114m██[38;2;7;7;7m  
[38;2;0;0;0m            [38;2;75;75;78m██[38;2;79;79;80m██[38;2;189;189;197m██[38;2;185;185;193m██████[38;2;186;187;195m██[38;2;189;189;197m████[38;2;186;186;194m██[38;2;98;102;106m██[38;2;240;241;242m██[38;2;158;162;170m██[38;2;189;189;197m  ██[38;2;167;167;174m██[38;2;103;108;113m██[38;2;114;120;127m██[38;2;103;109;114m██[38;2;111;118;124m██[38;2;105;111;117m██[38;2;89;95;101m  [38;2;0;0;0m  
[38;2;0;0;0m          [38;2;92;92;96m  [38;2;189;189;196m██[38;2;143;143;148m██[38;2;130;132;137m██[38;2;125;133;141m██[38;2;194;183;162m████[38;2;174;170;163m██[38;2;150;155;163m██[38;2;189;189;197m██[38;2;151;155;162m██[38;2;141;135;125m██[38;2;159;162;170m██[38;2;166;171;177m██[38;2;154;158;166m██[38;2;189;189;197m██[38;2;71;72;73m██[38;2;123;131;139m██[38;2;114;120;127m██[38;2;103;109;114m██[38;2;111;118;124m██[38;2;55;57;60m██[38;2;0;0;0m    
[38;2;0;0;0m          [38;2;159;159;166m██[38;2;188;188;197m██[38;2;189;189;197m██[38;2;139;139;144m██[38;2;230;208;170m██[38;2;209;169;135m██████[38;2;245;221;179m██[38;2;135;140;143m██[38;2;245;221;179m██[38;2;234;210;171m██[38;2;79;79;80m██[38;2;128;135;142m██[38;2;122;128;136m██[38;2;116;116;120m██[38;2;71;72;73m██[38;2;122;131;139m██[38;2;109;116;122m██[38;2;97;102;107m██[38;2;47;47;47m  [38;2;0;0;0m      
[38;2;0;0;0m          [38;2;60;60;63m  [38;2;189;189;197m████[38;2;129;134;141m██[38;2;130;123;108m██[38;2;246;222;179m████████[38;2;233;204;164m██[38;2;220;186;149m██[38;2;142;127;109m██[38;2;186;186;194m██[38;2;139;139;141m██[38;2;71;71;72m██[38;2;170;170;177m██[38;2;135;135;140m██[38;2;87;90;93m██[38;2;28;28;29m██[38;2;15;16;17m  [38;2;0;0;0m        
[38;2;0;0;0m            [38;2;52;55;58m██[38;2;114;121;128m██[38;2;122;131;139m██[38;2;123;131;139m██[38;2;117;103;91m██[38;2;176;141;112m██[38;2;210;172;137m████[38;2;225;193;155m██[38;2;237;211;171m██[38;2;95;100;104m██[38;2;180;181;189m██[38;2;189;189;197m██[38;2;189;189;196m██[38;2;183;184;192m██[38;2;108;115;122m██[38;2;0;0;0m              
[38;2;0;0;0m          [38;2;105;105;109m  [38;2;159;161;168m██[38;2;146;146;152m██[38;2;149;154;162m██[38;2;122;131;139m██[38;2;23;25;26m  [38;2;0;0;0m  [38;2;83;75;61m██[38;2;163;160;151m██[38;2;157;152;144m██[38;2;150;141;135m██[38;2;70;74;78m██[38;2;124;132;140m██[38;2;145;150;158m████[38;2;131;138;146m██[38;2;36;39;41m  [38;2;0;0;0m              
[38;2;0;0;0m        [38;2;68;68;68m  [38;2;117;123;128m██[38;2;159;161;168m██[38;2;146;153;159m██[38;2;154;154;161m██[38;2;13;13;13m  [38;2;0;0;0m              [38;2;38;39;40m██[38;2;123;131;138m██[38;2;122;131;139m██[38;2;69;72;76m██[38;2;0;0;0m                
[38;2;0;0;0m            [38;2;40;40;40m██[38;2;76;76;76m██[38;2;0;0;0m                  [38;2;187;188;196m██[38;2;169;171;179m████[38;2;181;182;190m██[38;2;0;0;0m                
[38;2;0;0;0m                                  [38;2;73;79;73m██[38;2;164;168;171m██[38;2;109;115;121m██[38;2;139;143;139m██[38;2;0;0;0m                
[38;2;0;0;0m                                  [38;2;3;3;3m  [38;2;28;28;28m  [38;2;5;5;5m  [38;2;26;26;26m  [38;2;0;0;0m                [0m
