
[38;2;0;0;0m                    [38;2;52;46;38m██[38;2;5;5;4m  [38;2;0;0;0m              [38;2;2;0;2m  [38;2;26;45;24m██[38;2;0;2;2m  [38;2;0;0;0m                                      
[38;2;0;0;0m                  [38;2;137;119;99m  [38;2;202;179;147m██[38;2;22;19;16m██[38;2;0;0;0m              [38;2;78;128;74m  [38;2;64;110;62m██[38;2;80;143;76m  [38;2;0;0;0m              [38;2;183;165;139m██[38;2;69;62;52m  [38;2;0;0;0m                    
[38;2;0;0;0m        [38;2;15;35;23m██[38;2;75;138;80m██[38;2;25;45;26m██[38;2;3;7;4m  [38;2;110;96;76m██[38;2;115;96;75m██[38;2;90;78;65m  [38;2;0;0;0m                [38;2;65;111;69m  [38;2;75;114;76m██[38;2;101;179;93m██[38;2;0;0;0m              [38;2;177;159;133m██[38;2;224;195;159m██[38;2;0;0;0m                    
[38;2;0;0;0m        [38;2;80;152;90m██[38;2;87;159;92m██[38;2;76;136;83m██[38;2;148;133;111m██[38;2;146;127;105m██[38;2;6;4;3m  [38;2;0;0;0m                  [38;2;1;0;1m  [38;2;85;149;87m██[38;2;18;29;16m  [38;2;0;0;0m              [38;2;5;4;3m  [38;2;115;83;53m██[38;2;165;148;125m  [38;2;0;0;0m    [38;2;46;85;50m  [38;2;0;0;0m            
[38;2;0;0;0m      [38;2;10;27;19m  [38;2;72;143;88m████[38;2;55;95;72m██[38;2;143;132;113m██[38;2;8;22;16m  [38;2;0;0;0m            [38;2;25;46;26m  [38;2;26;50;29m██[38;2;0;1;1m  [38;2;14;24;15m  [38;2;87;157;92m██[38;2;30;54;32m  [38;2;0;0;0m  [38;2;14;26;15m  [38;2;26;48;28m██[38;2;0;0;0m              [38;2;172;155;130m██[38;2;133;119;100m██[38;2;30;42;31m██[38;2;85;159;92m██[38;2;77;138;79m██[38;2;27;50;29m██[38;2;0;0;0m        
[38;2;0;0;0m      [38;2;5;14;10m  [38;2;47;97;74m██[38;2;61;71;67m██[38;2;40;110;76m██[38;2;61;71;66m██[38;2;26;70;50m██[38;2;0;0;0m            [38;2;80;147;84m██[38;2;53;116;73m██[38;2;67;133;81m██[38;2;64;110;68m██[38;2;56;93;59m██[38;2;38;66;40m  [38;2;74;130;75m██[38;2;80;146;85m██[38;2;83;153;89m██[38;2;0;0;0m              [38;2;5;4;4m  [38;2;167;150;126m██[38;2;184;172;146m██[38;2;60;103;74m██[38;2;87;159;93m██[38;2;87;159;92m██[38;2;57;105;61m  [38;2;0;0;0m      
[38;2;0;0;0m        [38;2;61;54;45m██[38;2;201;179;147m██[38;2;62;69;66m██[38;2;43;104;76m██[38;2;9;24;17m  [38;2;0;0;0m    [38;2;45;33;25m  [38;2;56;44;34m  [38;2;0;0;0m  [38;2;6;16;11m  [38;2;81;149;86m██[38;2;61;130;81m██[38;2;57;126;79m██[38;2;62;131;81m██[38;2;41;109;74m██[38;2;86;157;89m██[38;2;70;140;84m██[38;2;56;125;79m██[38;2;69;139;84m  [38;2;42;87;53m██[38;2;30;55;32m██[38;2;12;23;13m██[38;2;0;0;0m          [38;2;5;0;0m  [38;2;45;86;65m██[38;2;40;110;76m██[38;2;49;93;73m██[38;2;63;125;81m██[38;2;38;101;69m██[38;2;7;19;14m  [38;2;0;0;0m    
[38;2;0;0;0m        [38;2;44;38;30m██[38;2;194;168;133m██[38;2;41;83;64m██[38;2;42;109;78m██[38;2;39;45;43m██[38;2;0;0;0m    [38;2;198;177;148m██[38;2;166;150;128m██[38;2;73;130;78m██[38;2;60;124;76m██[38;2;83;154;89m██[38;2;82;153;88m██[38;2;85;157;89m██[38;2;82;153;88m██[38;2;79;150;87m██[38;2;86;157;89m██[38;2;79;150;87m██[38;2;86;158;92m██[38;2;42;110;74m██[38;2;86;157;90m██[38;2;87;155;90m██[38;2;75;92;74m██[38;2;0;0;0m            [38;2;13;29;21m██[38;2;54;83;70m██[38;2;211;192;162m██[38;2;96;111;90m██[38;2;48;83;64m██[38;2;0;0;0m      
[38;2;0;0;0m      [38;2;0;1;2m  [38;2;116;102;82m██[38;2;75;63;50m██[38;2;13;22;16m  [38;2;39;102;73m██[38;2;40;109;77m██[38;2;18;50;36m██[38;2;8;10;10m  [38;2;202;182;151m██[38;2;91;71;52m██[38;2;84;148;87m██[38;2;86;157;91m██[38;2;90;146;92m██[38;2;70;118;86m██[38;2;70;138;84m██[38;2;75;131;88m██[38;2;102;135;101m██[38;2;85;137;92m██[38;2;101;135;101m██[38;2;79;149;88m██[38;2;85;156;90m██[38;2;48;117;77m██[38;2;84;151;88m██[38;2;162;155;123m██[38;2;171;136;99m██[38;2;0;0;0m        [38;2;10;26;18m██[38;2;43;104;75m██[38;2;55;81;69m██[38;2;180;171;143m██[38;2;126;123;100m██[38;2;6;0;3m  [38;2;0;0;0m      
[38;2;0;0;0m    [38;2;22;39;22m  [38;2;64;74;55m██[38;2;149;132;107m██[38;2;3;3;2m  [38;2;0;0;0m  [38;2;34;92;63m██[38;2;41;109;76m██[38;2;59;74;67m██[38;2;54;84;67m██[38;2;187;169;138m██[38;2;4;6;7m  [38;2;8;15;8m  [38;2;78;122;82m██[38;2;54;98;76m██[38;2;191;179;143m██[38;2;188;170;140m██[38;2;116;137;108m██[38;2;59;116;82m██[38;2;194;175;144m██[38;2;200;179;147m██[38;2;54;91;70m██[38;2;67;74;67m██[38;2;74;116;79m██[38;2;85;151;87m██[38;2;113;97;81m██[38;2;217;195;164m██[38;2;0;0;0m      [38;2;4;13;9m  [38;2;39;105;73m██[38;2;41;110;76m██[38;2;40;109;76m██[38;2;60;82;67m██[38;2;191;169;131m██[38;2;6;0;0m  [38;2;0;0;0m      
[38;2;0;0;0m  [38;2;50;99;60m██[38;2;87;159;93m██[38;2;78;106;79m██[38;2;109;127;99m██[38;2;27;52;39m██[38;2;0;0;0m    [38;2;33;73;55m██[38;2;54;83;70m██[38;2;84;100;82m██[38;2;141;141;117m██[38;2;15;23;21m  [38;2;24;23;24m  [38;2;77;118;81m██[38;2;71;69;66m██[38;2;81;67;63m██[38;2;162;123;100m██[38;2;201;179;147m██[38;2;186;162;136m██[38;2;147;131;114m██[38;2;65;64;65m██[38;2;73;71;66m██[38;2;81;77;67m██[38;2;66;104;75m██[38;2;84;155;89m██[38;2;58;106;74m██[38;2;79;76;74m  [38;2;95;86;72m██[38;2;0;0;0m  [38;2;10;27;19m██[38;2;53;85;71m██[38;2;40;109;76m██[38;2;38;102;71m██[38;2;24;64;46m██[38;2;0;0;0m  [38;2;97;87;73m  [38;2;188;169;142m  [38;2;0;0;0m      
[38;2;0;0;0m  [38;2;63;123;75m██[38;2;87;159;93m██[38;2;78;157;90m██[38;2;50;92;68m██[38;2;46;102;77m██[38;2;0;0;0m    [38;2;20;23;22m██[38;2;62;95;73m██[38;2;132;125;108m██[38;2;109;97;93m██[38;2;87;73;73m██[38;2;125;95;91m██[38;2;69;96;69m██[38;2;66;68;65m██[38;2;151;110;94m██[38;2;233;149;124m██[38;2;75;69;63m██[38;2;72;69;69m██[38;2;187;126;96m██[38;2;238;197;102m██[38;2;73;71;66m██[38;2;74;88;73m██[38;2;75;112;79m██[38;2;86;158;92m██[38;2;84;154;91m██[38;2;79;73;74m██[38;2;137;123;105m██[38;2;4;11;14m  [38;2;39;106;73m██[38;2;40;109;76m██[38;2;55;82;69m██[38;2;2;7;4m  [38;2;0;0;0m      [38;2;234;209;177m██[38;2;61;54;46m  [38;2;0;0;0m    
[38;2;12;27;18m██[38;2;60;131;84m██[38;2;78;153;91m██[38;2;54;111;77m██[38;2;52;80;69m██[38;2;11;19;14m██[38;2;0;0;0m  [38;2;2;0;2m  [38;2;84;143;87m██[38;2;115;116;98m██[38;2;167;152;128m██[38;2;83;71;71m██[38;2;120;106;100m██[38;2;98;81;79m██[38;2;71;112;71m██[38;2;69;98;69m██[38;2;87;69;64m██[38;2;74;58;58m██[38;2;166;91;66m██[38;2;149;92;72m██[38;2;170;128;93m██[38;2;83;59;56m██[38;2;78;68;68m██[38;2;69;65;65m██[38;2;85;139;86m██[38;2;78;114;80m██[38;2;93;79;77m██[38;2;98;89;83m██[38;2;169;153;133m██[38;2;68;72;65m██[38;2;48;96;71m██[38;2;46;104;71m██[38;2;16;36;25m██[38;2;0;0;0m      [38;2;2;0;2m  [38;2;49;54;46m██[38;2;104;119;89m██[38;2;68;121;70m██[38;2;0;0;0m  
[38;2;0;1;0m  [38;2;1;4;3m██[38;2;16;35;27m██[38;2;60;74;66m██[38;2;41;107;77m██[38;2;39;104;75m██[38;2;0;0;0m  [38;2;72;127;76m  [38;2;103;114;85m██[38;2;204;177;147m██[38;2;202;179;147m██[38;2;161;138;126m██[38;2;84;71;70m██[38;2;84;146;89m██[38;2;69;96;69m██[38;2;73;74;68m██[38;2;116;75;63m██[38;2;244;116;64m██[38;2;248;126;81m██[38;2;254;128;81m██[38;2;126;81;71m██[38;2;92;73;73m██[38;2;95;73;73m██[38;2;74;71;65m██[38;2;86;157;91m██[38;2;88;151;91m██[38;2;112;84;83m██[38;2;84;147;86m██[38;2;73;72;68m██[38;2;182;164;139m██[38;2;110;115;94m██[38;2;70;124;83m██[38;2;0;1;1m  [38;2;0;0;0m    [38;2;7;19;13m  [38;2;42;78;60m██[38;2;68;114;83m██[38;2;86;157;92m██[38;2;66;122;71m██[38;2;0;0;0m  
[38;2;0;0;0m    [38;2;20;14;8m  [38;2;48;83;60m██[38;2;33;73;54m██[38;2;51;89;72m██[38;2;45;101;75m██[38;2;73;109;78m██[38;2;97;114;89m██[38;2;196;170;142m██[38;2;172;149;133m██[38;2;106;117;99m██[38;2;84;121;87m██[38;2;87;159;93m██[38;2;83;74;72m██[38;2;129;98;93m██[38;2;133;88;75m██[38;2;216;112;76m██[38;2;179;107;76m██[38;2;179;97;71m██[38;2;141;88;70m██[38;2;94;74;74m██[38;2;122;92;88m██[38;2;129;98;93m██[38;2;87;100;78m██[38;2;74;68;65m██[38;2;85;119;80m██[38;2;72;70;70m██[38;2;171;148;133m██[38;2;204;178;147m██[38;2;202;179;147m██[38;2;67;76;68m██[38;2;30;56;32m██[38;2;0;0;0m    [38;2;23;61;44m██[38;2;57;77;68m██[38;2;40;109;77m██[38;2;73;143;85m██[38;2;87;159;92m██[38;2;22;40;23m██
[38;2;0;0;0m    [38;2;43;34;29m██[38;2;32;24;14m██[38;2;0;0;0m  [38;2;33;89;63m██[38;2;40;109;76m██[38;2;61;71;66m██[38;2;86;158;92m██[38;2;69;78;69m██[38;2;66;65;65m██[38;2;84;147;89m██[38;2;88;158;93m██[38;2;53;86;56m██[38;2;130;100;97m██[38;2;100;74;75m██[38;2;92;71;72m██[38;2;85;70;70m██[38;2;178;72;43m██[38;2;178;71;49m██[38;2;99;85;81m██[38;2;97;72;74m██[38;2;98;72;74m██[38;2;129;99;97m██[38;2;94;74;74m██[38;2;92;73;73m██[38;2;80;120;79m██[38;2;84;149;90m██[38;2;119;106;102m██[38;2;162;140;129m██[38;2;204;178;147m██[38;2;54;89;57m██[38;2;31;56;33m██[38;2;1;0;0m  [38;2;25;47;35m  [38;2;40;109;76m██[38;2;41;108;77m██[38;2;59;74;67m██[38;2;41;110;76m██[38;2;75;148;90m██[38;2;13;27;16m██
[38;2;16;9;5m  [38;2;73;49;30m██[38;2;118;84;52m██[38;2;98;71;57m██[38;2;58;51;38m██[38;2;52;86;71m██[38;2;44;102;74m██[38;2;103;87;64m██[38;2;60;71;67m██[38;2;72;108;77m██[38;2;87;159;93m██[38;2;77;116;80m██[38;2;44;79;46m██[38;2;7;6;7m  [38;2;18;14;13m  [38;2;193;170;141m██[38;2;203;179;148m██[38;2;145;126;110m██[38;2;133;121;106m████[38;2;151;124;107m██[38;2;203;179;148m██[38;2;202;179;150m██[38;2;94;73;73m██[38;2;72;70;66m██[38;2;67;69;63m██[38;2;36;34;32m██[38;2;87;158;93m██[38;2;80;130;84m██[38;2;110;99;95m██[38;2;89;107;84m██[38;2;78;143;84m██[38;2;11;12;12m  [38;2;24;63;45m██[38;2;44;109;79m██[38;2;40;109;77m████[38;2;46;79;64m██[38;2;20;55;38m██[38;2;0;0;0m    
[38;2;49;41;31m  [38;2;194;162;121m██[38;2;130;92;58m██[38;2;157;111;62m██[38;2;123;72;48m██[38;2;77;65;61m██[38;2;66;64;64m██[38;2;144;103;61m██[38;2;56;79;69m██[38;2;41;108;77m██[38;2;64;64;65m██[38;2;7;8;8m██[38;2;0;0;0m  [38;2;0;1;1m  [38;2;18;46;33m██[38;2;63;67;65m██[38;2;202;177;147m██[38;2;202;179;147m██[38;2;201;179;147m██[38;2;200;178;146m██[38;2;202;179;148m██[38;2;201;179;148m██[38;2;146;122;109m██[38;2;92;73;73m██[38;2;64;86;74m██[38;2;7;1;8m  [38;2;0;0;0m    [38;2;51;93;54m  [38;2;86;157;92m██[38;2;72;99;75m██[38;2;57;72;66m██[38;2;49;105;76m██[38;2;40;109;77m██[38;2;40;108;75m██[38;2;46;100;75m██[38;2;48;94;73m██[38;2;0;0;0m        
[38;2;0;0;0m    [38;2;98;87;67m██[38;2;130;108;77m██[38;2;87;69;52m██[38;2;135;102;77m██[38;2;131;92;56m██[38;2;111;86;62m██[38;2;115;88;62m████[38;2;53;85;71m██[38;2;42;106;77m██[38;2;24;57;42m██[38;2;40;86;65m██[38;2;139;124;109m██[38;2;58;87;73m██[38;2;91;102;87m██[38;2;138;120;107m██[38;2;122;98;89m██[38;2;95;72;71m██[38;2;146;122;108m██[38;2;146;122;109m██[38;2;85;71;71m██[38;2;80;68;66m██[38;2;54;87;71m██[38;2;52;82;68m██[38;2;30;47;37m██[38;2;0;0;0m  [38;2;17;34;25m  [38;2;43;91;69m██[38;2;45;101;75m██[38;2;40;110;76m████[38;2;37;100;69m██[38;2;6;16;12m  [38;2;58;44;34m██[38;2;47;34;19m██[38;2;0;0;0m        
[38;2;0;0;0m    [38;2;35;20;13m██[38;2;26;14;10m██[38;2;0;0;0m  [38;2;147;128;95m  [38;2;167;135;99m██[38;2;125;78;55m██[38;2;126;76;52m████[38;2;137;110;84m██[38;2;50;78;58m██[38;2;59;92;75m██[38;2;188;163;137m██[38;2;173;157;137m██[38;2;197;171;143m██[38;2;148;133;116m██[38;2;78;76;74m██[38;2;151;131;124m██[38;2;94;83;83m██[38;2;151;129;120m██[38;2;93;82;83m██[38;2;86;77;75m██[38;2;224;202;170m██[38;2;162;147;127m██[38;2;236;211;174m██[38;2;147;134;116m██[38;2;41;107;77m██[38;2;40;109;76m██[38;2;40;109;75m██[38;2;40;107;76m██[38;2;42;106;77m██[38;2;63;79;67m██[38;2;74;61;59m██[38;2;31;22;20m██[38;2;155;108;61m██[38;2;90;65;41m██[38;2;13;14;15m██[38;2;7;5;2m██[38;2;0;0;0m    
[38;2;0;0;0m    [38;2;35;20;13m██[38;2;82;46;31m██[38;2;0;0;0m    [38;2;64;48;39m██[38;2;122;106;89m██[38;2;85;72;55m████[38;2;55;43;33m  [38;2;3;0;0m  [38;2;25;40;33m██[38;2;97;66;53m██[38;2;143;119;106m██[38;2;105;72;57m██[38;2;115;98;85m██[38;2;171;138;109m██[38;2;161;148;129m██[38;2;161;146;129m████[38;2;162;146;129m██[38;2;156;134;113m██[38;2;118;91;65m██[38;2;200;169;139m██[38;2;223;197;165m██[38;2;189;160;131m██[38;2;51;70;60m██[38;2;30;71;52m██[38;2;16;43;29m  [38;2;11;29;21m  [38;2;117;89;62m██[38;2;132;87;55m██[38;2;139;98;61m██[38;2;141;95;60m██[38;2;116;90;63m██[38;2;130;94;58m██[38;2;155;107;61m  [38;2;138;88;53m██[38;2;69;55;42m██[38;2;28;23;17m  
[38;2;0;0;0m      [38;2;92;52;35m  [38;2;89;51;35m██[38;2;1;1;1m  [38;2;47;32;24m██[38;2;18;13;10m██[38;2;0;0;0m            [38;2;116;65;45m██[38;2;124;70;45m██[38;2;102;64;50m██[38;2;163;100;52m██[38;2;123;73;49m██[38;2;126;74;49m██[38;2;123;73;49m██[38;2;126;75;50m██[38;2;118;84;60m██[38;2;155;111;63m██[38;2;139;91;55m██[38;2;124;74;50m██[38;2;58;28;22m  [38;2;7;0;0m  [38;2;2;0;0m  [38;2;0;0;0m    [38;2;179;151;110m██[38;2;165;127;82m██[38;2;128;79;54m██[38;2;128;78;54m██[38;2;128;79;54m████[38;2;138;94;67m██[38;2;179;151;116m██[38;2;141;114;87m  [38;2;1;0;0m  
[38;2;0;0;0m        [38;2;110;68;48m██[38;2;87;67;53m██[38;2;128;88;48m██[38;2;10;7;3m  [38;2;0;0;0m              [38;2;49;27;16m  [38;2;138;91;56m██[38;2;134;94;56m██[38;2;125;81;56m██[38;2;137;88;56m██[38;2;135;91;60m██[38;2;158;111;63m██[38;2;159;111;63m██[38;2;137;88;55m██[38;2;157;110;61m██[38;2;61;42;23m  [38;2;0;0;0m            [38;2;49;43;32m  [38;2;83;73;56m██[38;2;116;104;87m██[38;2;107;95;73m██[38;2;77;68;51m██[38;2;61;53;39m  [38;2;0;0;0m      
[38;2;0;0;0m        [38;2;48;33;19m██[38;2;159;111;63m██[38;2;0;0;0m    [38;2;24;22;18m██[38;2;195;177;144m██[38;2;234;209;172m████[38;2;150;134;110m██[38;2;25;22;19m██[38;2;2;2;2m  [38;2;147;104;75m██[38;2;135;84;58m██[38;2;234;209;175m██[38;2;234;209;172m████[38;2;186;150;118m██[38;2;135;87;62m██[38;2;154;109;62m████[38;2;126;76;50m██[38;2;146;104;59m██[38;2;0;0;0m    [38;2;15;13;11m  [38;2;25;22;19m████[38;2;21;19;16m  [38;2;0;0;0m    [38;2;84;48;32m██[38;2;102;58;40m██[38;2;0;0;0m          
[38;2;0;0;0m        [38;2;18;12;7m  [38;2;143;97;56m██[38;2;52;29;20m  [38;2;37;32;32m  [38;2;187;159;129m  [38;2;231;209;173m██[38;2;225;200;167m████[38;2;230;204;170m██[38;2;172;130;100m██[38;2;87;64;47m██[38;2;186;152;120m██[38;2;228;202;167m██[38;2;217;191;160m██[38;2;223;199;166m██[38;2;225;199;164m██[38;2;217;191;159m██[38;2;237;212;176m██[38;2;163;121;90m██[38;2;156;111;63m██[38;2;157;111;63m██[38;2;153;108;62m██[38;2;36;28;24m  [38;2;147;132;111m██[38;2;189;168;140m██[38;2;217;191;160m████[38;2;208;183;153m██[38;2;151;132;107m██[38;2;4;0;0m  [38;2;32;18;12m  [38;2;99;58;36m██[38;2;1;0;0m  [38;2;0;0;0m        
[38;2;0;0;0m          [38;2;76;50;30m  [38;2;126;72;48m██[38;2;79;63;61m██[38;2;150;95;55m██[38;2;127;77;50m██[38;2;166;126;96m██[38;2;127;80;50m██[38;2;164;123;93m██[38;2;157;111;77m██[38;2;97;78;68m██[38;2;231;206;168m██[38;2;222;196;162m██[38;2;238;213;175m██[38;2;214;205;166m██[38;2;217;205;163m██[38;2;237;213;175m██[38;2;209;183;152m██[38;2;238;213;179m██[38;2;124;72;48m██[38;2;157;111;64m██[38;2;147;103;64m██[38;2;90;71;58m██[38;2;135;87;60m██[38;2;229;203;167m██[38;2;223;193;156m██[38;2;229;203;165m██[38;2;222;193;157m██[38;2;141;117;92m██[38;2;5;0;0m  [38;2;0;0;0m  [38;2;131;83;49m██[38;2;51;33;19m██[38;2;0;0;0m        
[38;2;0;0;0m            [38;2;43;25;17m██[38;2;61;57;57m██[38;2;145;101;64m██[38;2;153;106;63m██[38;2;148;102;59m██[38;2;122;85;62m██[38;2;149;104;60m██[38;2;159;111;63m██[38;2;138;128;114m██[38;2;217;191;158m██[38;2;238;213;177m██[38;2;145;178;123m██[38;2;87;159;92m██[38;2;89;157;90m██[38;2;188;194;149m██[38;2;234;212;177m██[38;2;227;202;166m██[38;2;195;157;123m██[38;2;148;98;59m██[38;2;137;96;66m██[38;2;94;78;65m██[38;2;155;109;62m██[38;2;151;105;70m██[38;2;147;96;63m██[38;2;153;104;72m██[38;2;144;97;58m██[38;2;153;105;59m██[38;2;0;0;0m    [38;2;152;106;61m██[38;2;111;75;45m██[38;2;0;0;0m        
[38;2;0;0;0m                [38;2;141;98;64m██[38;2;152;105;64m██[38;2;152;106;64m██[38;2;159;110;63m██[38;2;157;111;63m██[38;2;150;105;60m██[38;2;138;121;102m██[38;2;210;184;152m██[38;2;238;213;177m██[38;2;95;159;93m██[38;2;87;159;93m████[38;2;161;186;135m██[38;2;234;212;177m██[38;2;224;199;164m██[38;2;232;208;176m██[38;2;102;76;73m██[38;2;157;109;63m██[38;2;100;78;61m██[38;2;11;7;4m  [38;2;134;90;54m██[38;2;155;103;60m██[38;2;149;102;56m██[38;2;141;102;60m██[38;2;45;33;20m  [38;2;0;0;0m  [38;2;17;12;7m  [38;2;151;105;61m  [38;2;155;105;61m██[38;2;0;0;0m        
[38;2;0;0;0m              [38;2;72;40;26m  [38;2;144;93;54m██[38;2;159;110;63m██[38;2;121;86;69m██[38;2;160;109;59m██[38;2;150;99;56m██[38;2;125;73;49m██[38;2;94;68;55m██[38;2;227;207;171m██[38;2;217;196;163m██[38;2;192;195;149m██[38;2;89;157;90m████[38;2;213;204;164m██[38;2;236;212;175m██[38;2;227;201;166m██[38;2;158;116;89m██[38;2;147;105;64m██[38;2;149;105;60m██[38;2;12;9;9m  [38;2;0;0;0m  [38;2;1;0;0m  [38;2;45;28;17m██[38;2;114;70;49m██[38;2;21;16;11m  [38;2;0;0;1m  [38;2;0;0;0m  [38;2;110;73;43m██[38;2;129;79;51m██[38;2;71;49;28m██[38;2;0;0;0m        
[38;2;0;0;0m            [38;2;41;23;16m██[38;2;118;69;45m██[38;2;109;86;64m██[38;2;158;110;62m██[38;2;143;97;56m██[38;2;97;69;46m██[38;2;76;52;43m██[38;2;124;70;48m██[38;2;91;66;56m██[38;2;86;68;60m██[38;2;207;186;155m██[38;2;237;211;175m██[38;2;234;210;176m██[38;2;231;206;173m██[38;2;234;210;174m██[38;2;211;185;154m██[38;2;223;198;162m██[38;2;130;80;52m██[38;2;153;107;61m██[38;2;124;76;49m██[38;2;13;9;7m  [38;2;1;1;1m  [38;2;23;15;11m██[38;2;113;67;49m██[38;2;107;69;52m██[38;2;19;13;11m  [38;2;0;0;0m  [38;2;52;35;19m██[38;2;130;84;50m██[38;2;134;85;53m  [38;2;69;48;27m██[38;2;0;0;0m        
[38;2;0;0;0m            [38;2;12;6;4m  [38;2;24;19;21m██[38;2;157;111;63m██[38;2;60;42;23m██[38;2;22;12;8m  [38;2;0;0;0m    [38;2;33;18;12m  [38;2;115;69;49m██[38;2;126;71;46m██[38;2;115;87;70m██[38;2;70;62;53m██[38;2;233;208;171m██[38;2;228;202;167m██[38;2;233;208;173m██[38;2;155;112;86m██[38;2;52;40;32m██[38;2;133;83;53m██[38;2;153;105;61m██[38;2;158;111;63m██[38;2;98;72;47m██[38;2;52;36;29m██[38;2;34;24;20m██[38;2;112;69;52m██[38;2;70;40;27m██[38;2;82;59;49m██[38;2;92;64;40m██[38;2;154;106;58m██[38;2;102;70;55m██[38;2;159;110;63m██[38;2;159;110;60m██[38;2;0;0;0m        
[38;2;0;0;0m                            [38;2;71;49;40m██[38;2;97;56;38m██[38;2;0;0;0m              [38;2;4;3;1m  [38;2;141;98;57m██[38;2;158;111;63m██[38;2;151;105;61m██[38;2;0;0;0m        [38;2;52;36;19m██[38;2;162;109;63m██[38;2;74;46;27m  [38;2;0;0;0m  [38;2;69;51;38m██[38;2;146;103;61m██[38;2;133;93;53m██[38;2;9;6;4m  [38;2;0;0;0m    
[38;2;0;0;0m                                                [38;2;22;15;8m  [38;2;40;28;16m██[38;2;35;22;14m██[38;2;0;0;0m        [38;2;40;28;15m██[38;2;41;28;16m██[38;2;1;0;0m  [38;2;0;0;0m  [38;2;0;0;2m  [38;2;28;19;11m  [38;2;40;28;16m██[38;2;11;7;4m  [38;2;0;0;0m    [0m
