
[38;2;0;0;0m                            [38;2;38;30;23m██[38;2;38;31;24m██[38;2;31;24;19m██[38;2;0;0;0m                        
[38;2;0;0;0m                        [38;2;54;43;34m  [38;2;74;59;45m██[38;2;133;106;83m██[38;2;131;105;83m██[38;2;126;99;79m██[38;2;58;49;41m██[38;2;37;31;26m  [38;2;0;0;0m                    
[38;2;0;0;0m                      [38;2;29;23;18m  [38;2;125;105;85m██[38;2;194;184;167m██[38;2;107;91;75m██[38;2;98;79;62m██[38;2;86;76;70m██[38;2;120;95;73m██[38;2;74;68;59m██[38;2;0;0;0m                    
[38;2;0;0;0m                [38;2;68;66;61m  [38;2;67;64;59m  [38;2;74;72;66m  [38;2;85;78;73m██[38;2;146;134;121m██[38;2;196;186;169m██[38;2;122;89;84m██[38;2;82;81;69m██[38;2;198;116;139m██[38;2;85;75;67m██[38;2;82;71;61m██[38;2;44;45;44m  [38;2;0;0;0m                  
[38;2;0;0;0m                [38;2;110;106;97m██[38;2;227;216;202m██[38;2;165;158;147m██[38;2;113;110;106m██[38;2;95;86;79m██[38;2;201;172;169m██[38;2;89;73;68m██[38;2;233;61;119m██[38;2;232;149;166m██[38;2;175;168;143m██[38;2;78;69;61m██[38;2;65;61;57m██[38;2;0;0;0m      [38;2;36;29;20m██[38;2;36;28;20m██[38;2;29;23;16m  [38;2;0;0;0m      
[38;2;0;0;0m                [38;2;140;136;125m██[38;2;216;209;193m██[38;2;107;104;101m██[38;2;224;216;200m██[38;2;72;68;67m██[38;2;213;166;169m██[38;2;219;165;173m██[38;2;103;62;82m██[38;2;143;141;128m██[38;2;175;168;143m██[38;2;75;68;61m██[38;2;86;71;56m██[38;2;19;19;19m  [38;2;13;10;7m  [38;2;111;86;61m██[38;2;147;116;81m██[38;2;73;57;40m██[38;2;51;40;28m██[38;2;32;25;18m  [38;2;0;0;0m    
[38;2;0;0;0m              [38;2;32;24;18m  [38;2;110;108;97m██[38;2;154;149;129m██[38;2;94;93;85m██[38;2;148;144;125m██[38;2;105;103;93m██[38;2;95;93;86m██[38;2;94;92;86m██[38;2;180;172;147m██[38;2;152;147;127m██[38;2;65;66;64m██[38;2;76;69;61m██[38;2;70;67;63m██[38;2;115;95;75m██[38;2;147;115;81m██[38;2;159;130;96m██[38;2;36;30;22m██[38;2;12;9;6m  [38;2;0;0;0m  [38;2;104;81;57m██[38;2;0;0;0m    
[38;2;0;0;0m          [38;2;0;2;0m  [38;2;108;83;58m██[38;2;143;111;79m██[38;2;114;98;81m██[38;2;121;107;86m██[38;2;131;125;105m██[38;2;71;71;69m██[38;2;152;147;127m██[38;2;95;93;87m██[38;2;94;92;86m██[38;2;94;91;86m██[38;2;83;71;58m██[38;2;83;71;59m██[38;2;76;69;61m██[38;2;70;67;63m██[38;2;115;95;75m██[38;2;153;122;88m██[38;2;209;184;148m██[38;2;198;174;141m██[38;2;191;177;144m██[38;2;191;182;148m██[38;2;157;139;109m██[38;2;0;0;0m    
[38;2;0;0;0m    [38;2;119;114;93m██[38;2;255;243;198m██[38;2;96;81;62m██[38;2;158;121;86m██[38;2;193;147;106m██[38;2;166;134;99m██[38;2;157;126;93m██[38;2;144;120;90m██[38;2;169;149;119m██[38;2;102;98;87m██[38;2;102;97;88m██[38;2;147;114;82m██[38;2;137;108;79m██[38;2;94;92;86m██[38;2;93;92;85m██[38;2;94;92;85m██[38;2;77;77;73m██[38;2;83;71;59m██[38;2;123;100;77m██[38;2;191;167;130m██[38;2;155;122;89m██[38;2;210;184;149m██[38;2;216;174;136m██[38;2;200;171;134m██[38;2;192;161;125m██[38;2;41;37;30m  [38;2;0;0;0m  
[38;2;0;0;0m  [38;2;148;141;115m  [38;2;255;242;198m██[38;2;224;190;147m██[38;2;225;191;149m██[38;2;242;221;177m██[38;2;242;220;177m██[38;2;247;230;186m██[38;2;149;129;104m██[38;2;152;120;86m██[38;2;164;135;100m████[38;2;215;193;159m██[38;2;197;175;137m██[38;2;106;90;73m██[38;2;181;173;147m████[38;2;176;168;144m██[38;2;88;80;70m██[38;2;72;70;66m██[38;2;147;115;81m████[38;2;119;95;74m██[38;2;242;217;168m██[38;2;255;243;200m████[38;2;214;194;155m██[38;2;127;104;77m██[38;2;0;0;0m  
[38;2;53;39;29m██[38;2;206;154;115m██[38;2;172;135;105m██[38;2;239;224;181m██[38;2;250;235;191m██[38;2;253;239;194m██[38;2;228;197;154m██[38;2;237;213;169m██[38;2;136;116;101m██[38;2;178;162;133m██[38;2;149;137;115m██[38;2;99;91;82m██[38;2;94;93;85m████[38;2;108;105;96m██[38;2;180;173;147m██[38;2;181;172;147m██[38;2;175;168;143m██[38;2;75;68;61m██[38;2;70;69;66m██[38;2;127;102;77m██[38;2;111;104;86m██[38;2;189;174;141m██[38;2;244;224;180m██[38;2;255;243;200m██[38;2;253;240;196m██[38;2;224;204;167m██[38;2;203;181;148m██[38;2;41;36;28m██
[38;2;53;39;29m██[38;2;206;156;119m██[38;2;122;113;96m██[38;2;255;242;198m██[38;2;238;214;170m██[38;2;215;174;132m██[38;2;205;156;115m████[38;2;210;185;149m██[38;2;170;133;102m██[38;2;125;103;86m██[38;2;95;89;83m██[38;2;94;92;86m████[38;2;65;65;65m██[38;2;94;92;86m████[38;2;93;90;85m██[38;2;125;103;86m██[38;2;170;132;102m████[38;2;215;172;130m██[38;2;203;157;117m██[38;2;206;159;118m██[38;2;217;177;136m██[38;2;222;204;164m██[38;2;215;193;158m██[38;2;215;192;157m██[38;2;55;49;39m██
[38;2;49;37;27m██[38;2;82;65;53m██[38;2;47;46;43m  [38;2;229;214;174m██[38;2;237;213;171m██[38;2;236;211;167m██[38;2;255;242;198m██[38;2;222;185;143m██[38;2;255;242;198m████[38;2;255;243;198m██████████[38;2;254;241;197m██[38;2;218;176;135m██[38;2;243;222;178m██[38;2;233;205;162m██[38;2;205;155;115m████████[38;2;244;224;180m██[38;2;223;191;149m██[38;2;164;134;101m██[38;2;187;163;131m██[38;2;167;148;121m██[38;2;0;0;0m  
[38;2;9;7;5m  [38;2;8;6;4m  [38;2;0;0;0m  [38;2;173;158;126m██[38;2;208;179;143m██[38;2;198;150;111m██[38;2;255;243;198m██[38;2;255;243;200m██[38;2;240;217;173m██[38;2;217;177;135m██[38;2;233;205;163m██[38;2;255;243;200m██[38;2;255;242;200m██[38;2;255;243;200m██[38;2;255;242;200m██[38;2;254;241;198m██[38;2;217;177;135m██[38;2;205;157;116m██[38;2;217;177;135m██[38;2;205;155;115m████[38;2;205;154;115m██[38;2;177;135;99m██[38;2;164;127;93m██[38;2;168;137;104m██[38;2;173;143;112m██[38;2;87;77;63m██[38;2;41;36;28m  [38;2;0;0;0m  
[38;2;0;0;0m        [38;2;178;162;129m██[38;2;172;144;109m██[38;2;193;169;132m██[38;2;245;230;188m██[38;2;210;184;145m██[38;2;190;144;107m██[38;2;207;172;133m██[38;2;245;230;187m██[38;2;156;154;132m██[38;2;245;229;185m██[38;2;241;220;177m██[38;2;217;177;135m████[38;2;255;242;200m██[38;2;177;166;138m██[38;2;119;107;91m██[38;2;127;102;77m████[38;2;140;110;80m██[38;2;142;110;78m██[38;2;110;87;61m██[38;2;0;0;0m        
[38;2;0;0;0m        [38;2;17;15;12m  [38;2;53;48;39m██[38;2;196;175;139m██[38;2;214;182;140m██[38;2;149;114;81m██[38;2;148;114;81m██[38;2;147;114;81m██[38;2;211;191;152m██[38;2;135;121;101m██[38;2;164;135;105m██[38;2;226;189;146m██[38;2;255;243;199m██[38;2;255;243;198m██[38;2;255;242;200m██[38;2;255;242;198m██[38;2;209;198;162m██[38;2;207;198;165m████[38;2;127;118;98m██[38;2;31;26;22m  [38;2;0;0;0m          
[38;2;0;0;0m              [38;2;97;81;61m  [38;2;118;92;66m██[38;2;127;102;77m██████[38;2;117;101;81m██[38;2;90;79;65m██[38;2;181;164;135m██[38;2;255;243;201m██[38;2;239;223;182m██[38;2;245;230;189m██[38;2;245;230;188m██[38;2;213;191;156m██[38;2;179;161;135m██[38;2;70;65;64m██[38;2;114;108;94m██[38;2;0;2;5m  [38;2;0;0;0m          
[38;2;0;0;0m                [38;2;38;33;26m██[38;2;79;66;59m██[38;2;88;72;62m██[38;2;79;71;65m██[38;2;86;77;69m████[38;2;81;81;77m██[38;2;115;115;102m██[38;2;241;225;184m██[38;2;245;230;188m██[38;2;227;210;169m██[38;2;99;94;86m██[38;2;72;65;61m██[38;2;104;81;63m██[38;2;32;25;21m██[38;2;0;0;0m            
[38;2;0;0;0m                  [38;2;124;120;103m  [38;2;119;113;99m██[38;2;101;82;65m██[38;2;141;130;111m██[38;2;108;93;80m██[38;2;106;91;75m██[38;2;106;91;71m██[38;2;93;93;85m██[38;2;69;65;63m██[38;2;65;65;65m██[38;2;84;72;64m██[38;2;152;147;127m██[38;2;54;44;37m  [38;2;0;0;0m              
[38;2;0;0;0m                  [38;2;0;0;1m  [38;2;42;36;30m██[38;2;189;177;159m██[38;2;100;92;86m██[38;2;94;92;86m██[38;2;82;78;74m██[38;2;94;91;84m██[38;2;94;92;86m██[38;2;77;69;62m██[38;2;152;145;123m██[38;2;77;64;52m██[38;2;38;34;30m██[38;2;0;0;0m                
[38;2;0;0;0m                    [38;2;43;37;31m  [38;2;118;103;87m██[38;2;149;141;133m██[38;2;100;78;65m██[38;2;146;130;116m██[38;2;192;181;166m██[38;2;98;77;63m██[38;2;150;144;123m██[38;2;104;92;77m██[38;2;101;88;71m██[38;2;34;27;22m  [38;2;0;0;0m                
[38;2;0;0;0m                      [38;2;54;52;48m  [38;2;94;86;84m██[38;2;92;76;66m██[38;2;143;129;117m██[38;2;192;181;166m██[38;2;98;78;63m██[38;2;150;144;123m██[38;2;98;90;79m██[38;2;21;16;17m  [38;2;0;0;0m                  
[38;2;0;0;0m                        [38;2;115;103;90m██[38;2;190;182;167m██[38;2;82;70;63m██[38;2;71;64;65m██[38;2;93;93;85m██[38;2;71;62;57m██[38;2;116;106;89m██[38;2;0;0;0m                    
[38;2;0;0;0m                        [38;2;26;24;21m  [38;2;19;16;14m██[38;2;122;112;95m██[38;2;152;145;126m██[38;2;106;92;79m██[38;2;149;141;120m██[38;2;12;9;7m  [38;2;0;0;0m                    
[38;2;0;0;0m                            [38;2;49;46;40m██[38;2;98;92;82m██[38;2;81;77;73m██[38;2;0;0;0m                        
[38;2;0;0;0m                            [38;2;177;170;151m██[38;2;179;171;146m██[38;2;63;50;46m██[38;2;0;0;0m                        
[38;2;0;0;0m                            [38;2;202;195;180m██[38;2;119;105;94m██[38;2;101;93;83m██[38;2;0;0;0m                        
[38;2;0;0;0m                            [38;2;28;27;25m  [38;2;57;55;50m██[38;2;41;39;35m██[38;2;0;0;0m                        [0m
