
[38;2;0;0;0m              [38;2;36;59;42m██[38;2;8;7;7m  [38;2;0;0;0m                              
[38;2;0;0;0m            [38;2;59;96;69m  [38;2;135;220;160m██[38;2;62;87;71m██[38;2;0;0;0m        [38;2;35;57;41m  [38;2;113;184;134m██[38;2;0;0;0m                  
[38;2;0;0;0m            [38;2;96;157;113m██[38;2;82;155;112m██[38;2;139;226;163m██[38;2;135;222;161m██[38;2;71;118;85m██[38;2;70;115;83m██[38;2;139;226;163m████[38;2;95;155;113m██[38;2;0;0;0m                  
[38;2;0;0;0m            [38;2;110;190;137m██[38;2;133;219;159m██[38;2;106;184;133m██[38;2;91;166;120m██[38;2;137;223;162m██[38;2;137;226;163m██[38;2;131;226;163m██[38;2;119;204;148m██[38;2;13;23;16m██[38;2;0;0;0m                  
[38;2;0;0;0m            [38;2;121;204;148m██[38;2;111;191;138m██[38;2;126;209;152m██[38;2;113;156;109m██[38;2;107;153;115m██[38;2;144;123;68m  [38;2;99;130;103m██[38;2;58;103;73m██[38;2;0;0;0m                    
[38;2;0;0;0m            [38;2;72;117;85m██[38;2;139;226;163m██[38;2;94;128;104m██[38;2;210;189;73m██[38;2;169;155;52m██[38;2;242;194;72m██[38;2;115;135;104m██[38;2;0;0;0m                      
[38;2;0;0;0m            [38;2;72;117;85m██[38;2;108;187;135m██[38;2;139;226;163m██[38;2;204;171;110m██[38;2;224;149;90m██[38;2;183;68;83m██[38;2;96;131;98m██[38;2;0;0;0m                      
[38;2;0;0;0m              [38;2;128;196;144m██[38;2;162;66;67m██████[38;2;199;91;92m██[38;2;27;24;19m██[38;2;0;0;0m                      
[38;2;0;0;0m              [38;2;5;2;2m  [38;2;83;32;35m██[38;2;224;101;108m██[38;2;196;82;86m██[38;2;103;122;94m██[38;2;53;62;54m██[38;2;0;0;0m                      
[38;2;0;0;0m        [38;2;13;17;13m  [38;2;25;41;29m██[38;2;0;0;0m      [38;2;13;33;25m  [38;2;82;122;92m██[38;2;81;153;110m██[38;2;70;86;76m██[38;2;226;200;74m██[38;2;26;23;8m██[38;2;0;0;0m                  
[38;2;16;29;20m  [38;2;59;108;77m██[38;2;0;0;0m  [38;2;90;147;106m  [38;2;100;142;105m██[38;2;139;225;163m██[38;2;0;0;0m        [38;2;84;141;102m██[38;2;126;210;152m██[38;2;123;191;143m██[38;2;150;132;81m██[38;2;71;66;52m██[38;2;0;0;0m                  
[38;2;0;0;0m    [38;2;52;89;66m██[38;2;128;208;151m██[38;2;105;138;111m██[38;2;84;108;90m██[38;2;69;103;78m██[38;2;0;0;0m  [38;2;13;24;17m  [38;2;34;60;43m██[38;2;126;208;151m██[38;2;139;226;163m████[38;2;122;189;141m██[38;2;64;95;77m██[38;2;63;80;70m██[38;2;19;33;24m██[38;2;0;0;0m  [38;2;37;61;44m██[38;2;94;154;111m██[38;2;108;167;125m██[38;2;17;32;24m██[38;2;0;0;0m    
[38;2;0;0;0m      [38;2;22;36;26m  [38;2;69;70;69m██[38;2;75;132;97m██[38;2;78;93;83m██[38;2;54;56;55m██[38;2;76;138;98m██[38;2;130;214;155m██[38;2;138;226;163m██[38;2;139;226;163m██████[38;2;127;200;148m██[38;2;101;147;114m██[38;2;64;71;67m██[38;2;82;115;91m██[38;2;139;226;163m██[38;2;104;150;117m██[38;2;70;130;96m██[38;2;70;129;92m██[38;2;0;0;0m    
[38;2;0;0;0m      [38;2;26;48;34m  [38;2;75;125;94m██[38;2;41;41;42m██[38;2;79;149;105m██[38;2;49;94;67m██[38;2;20;37;26m  [38;2;53;63;56m██[38;2;133;217;157m██[38;2;113;194;140m██[38;2;80;132;101m██[38;2;91;122;100m██[38;2;109;160;124m██[38;2;120;190;142m██[38;2;114;177;134m██[38;2;112;167;128m██[38;2;69;94;80m██[38;2;70;118;90m██[38;2;71;122;93m██[38;2;25;46;33m██[38;2;0;0;0m    
[38;2;0;0;0m  [38;2;60;110;78m  [38;2;74;135;96m██[38;2;81;147;104m██[38;2;7;13;9m██[38;2;0;0;0m  [38;2;7;13;9m██[38;2;0;0;0m    [38;2;127;207;150m██[38;2;100;176;128m██[38;2;119;186;139m██[38;2;118;180;136m██[38;2;129;188;143m██[38;2;128;195;146m██[38;2;134;217;158m██[38;2;139;226;163m██[38;2;70;101;82m██[38;2;78;148;108m██[38;2;78;147;107m██[38;2;63;112;83m██[38;2;76;138;98m██[38;2;0;0;0m    
[38;2;12;22;15m  [38;2;44;81;57m██[38;2;0;0;0m            [38;2;16;28;21m  [38;2;179;87;83m██[38;2;150;153;120m██[38;2;135;132;106m██[38;2;115;132;106m██[38;2;116;135;115m██[38;2;103;159;118m██[38;2;75;96;81m██[38;2;99;149;117m██[38;2;119;183;138m██[38;2;98;137;109m██[38;2;83;122;97m██[38;2;71;110;86m██[38;2;49;81;65m██[38;2;0;0;0m    
[38;2;0;0;0m              [38;2;4;9;6m██[38;2;67;122;90m██[38;2;103;140;104m██[38;2;230;89;97m██████[38;2;65;64;65m██[38;2;128;202;149m██[38;2;139;226;163m██[38;2;69;74;71m██[38;2;65;64;65m██[38;2;139;226;163m████[38;2;131;209;153m██[38;2;86;116;97m██[38;2;112;183;133m██[38;2;0;0;0m  
[38;2;0;0;0m              [38;2;5;9;6m██[38;2;75;136;99m██[38;2;74;128;95m██[38;2;79;149;105m████[38;2;80;149;105m██[38;2;106;171;130m██[38;2;137;226;163m██[38;2;139;226;163m██[38;2;107;156;121m██[38;2;62;82;71m██[38;2;72;110;88m████[38;2;101;145;114m██[38;2;83;133;103m██[38;2;124;202;147m██[38;2;17;27;20m  
[38;2;0;0;0m                [38;2;45;81;58m  [38;2;72;137;100m██[38;2;66;71;68m██[38;2;75;141;101m██[38;2;77;141;102m██[38;2;68;90;79m██[38;2;126;200;148m██[38;2;135;221;160m██[38;2;133;219;159m██[38;2;71;104;84m██[38;2;84;155;113m██[38;2;104;172;125m██[38;2;137;223;162m██[38;2;126;205;149m██[38;2;0;0;0m    
[38;2;0;0;0m                [38;2;53;86;63m  [38;2;79;149;105m██[38;2;50;82;61m██[38;2;31;40;32m██[38;2;61;90;73m██[38;2;23;23;23m██[38;2;61;81;70m██[38;2;81;127;99m██[38;2;80;152;110m██[38;2;67;93;79m██[38;2;139;226;163m██[38;2;124;202;147m██[38;2;45;73;53m  [38;2;0;0;0m      
[38;2;0;0;0m              [38;2;69;125;89m██[38;2;85;147;106m██[38;2;97;157;114m  [38;2;0;0;0m          [38;2;68;122;87m██[38;2;93;162;117m██[38;2;96;167;121m██[38;2;52;51;52m  [38;2;0;0;0m          
[38;2;0;0;0m                                [38;2;33;57;41m  [38;2;12;21;15m  [38;2;0;0;0m            [0m
