
[38;2;0;0;0m            [38;2;42;21;17m  [38;2;43;17;17m██[38;2;16;6;6m  [38;2;0;0;0m                  
[38;2;0;0;0m        [38;2;0;3;6m  [38;2;202;102;87m██[38;2;191;84;80m██[38;2;210;81;81m██[38;2;100;62;62m██[38;2;147;58;56m██[38;2;10;10;10m  [38;2;0;0;0m              
[38;2;0;0;0m      [38;2;87;44;36m  [38;2;176;83;77m██[38;2;131;77;72m██[38;2;203;81;82m██[38;2;222;85;83m██[38;2;109;70;70m██[38;2;222;86;83m██[38;2;57;38;38m██[38;2;0;0;0m              
[38;2;0;0;0m    [38;2;90;45;37m  [38;2;253;129;106m██[38;2;191;74;77m██[38;2;74;66;67m██[38;2;222;85;85m██[38;2;198;81;79m██[38;2;172;78;76m██[38;2;222;85;82m██[38;2;92;68;68m██[38;2;123;47;45m  [38;2;0;0;0m            
[38;2;0;0;0m    [38;2;99;50;41m██[38;2;161;68;75m██[38;2;222;85;84m██[38;2;213;83;83m██[38;2;161;77;75m██[38;2;207;83;80m██[38;2;198;81;81m██[38;2;178;79;79m██[38;2;195;81;79m██[38;2;135;51;50m██[38;2;0;0;0m            
[38;2;0;0;0m      [38;2;209;81;79m██[38;2;222;85;84m██[38;2;221;85;84m██[38;2;205;91;84m██[38;2;156;65;73m██[38;2;159;59;73m██[38;2;211;101;81m██[38;2;222;85;81m██[38;2;0;0;0m              
[38;2;0;0;0m    [38;2;27;27;22m  [38;2;153;61;73m██[38;2;218;91;83m██[38;2;187;76;79m██[38;2;241;145;85m██[38;2;255;165;82m██[38;2;255;163;84m██[38;2;200;117;77m██[38;2;142;81;73m██[38;2;0;0;0m              
[38;2;0;0;0m    [38;2;61;60;49m██[38;2;247;156;89m██[38;2;192;75;78m██[38;2;169;79;75m██[38;2;255;166;84m██[38;2;211;143;79m██[38;2;70;70;68m██[38;2;242;159;81m██[38;2;255;166;82m██[38;2;0;0;0m              
[38;2;0;0;0m    [38;2;203;197;179m██[38;2;171;141;96m██[38;2;237;147;80m██[38;2;255;165;81m██[38;2;230;157;74m██[38;2;168;168;166m██[38;2;105;105;83m██[38;2;148;124;88m██[38;2;255;167;85m██[38;2;99;64;31m  [38;2;0;0;0m            
[38;2;0;0;0m    [38;2;77;72;60m██[38;2;251;251;249m██[38;2;202;195;181m██[38;2;104;87;70m██[38;2;178;144;95m██[38;2;229;229;229m██[38;2;212;211;212m██[38;2;251;229;205m██[38;2;243;162;78m██[38;2;115;89;40m██[38;2;0;0;0m            
[38;2;0;0;0m    [38;2;28;27;22m  [38;2;244;189;130m██[38;2;241;211;181m██[38;2;216;203;185m██[38;2;219;189;147m██[38;2;191;182;155m██[38;2;255;255;255m██[38;2;182;162;115m██[38;2;189;145;64m██[38;2;31;24;11m  [38;2;0;0;0m            
[38;2;0;0;0m      [38;2;71;58;17m  [38;2;149;112;63m██[38;2;190;145;65m██[38;2;202;142;53m██[38;2;162;138;83m████[38;2;137;119;76m██[38;2;27;20;9m  [38;2;0;0;0m              
[38;2;0;0;0m    [38;2;81;65;20m  [38;2;252;204;65m██[38;2;220;177;65m██[38;2;88;81;65m██[38;2;88;79;65m██████[38;2;167;130;66m██[38;2;27;21;16m  [38;2;0;0;0m              
[38;2;0;0;0m    [38;2;26;20;9m  [38;2;179;145;63m██[38;2;243;195;64m██[38;2;255;206;63m██[38;2;241;193;65m██[38;2;192;146;63m██[38;2;158;124;65m████[38;2;131;101;46m██[38;2;0;0;0m              
[38;2;0;0;0m    [38;2;163;123;56m██[38;2;15;12;9m██[38;2;50;42;24m██[38;2;202;154;72m██[38;2;194;147;65m██[38;2;77;65;42m██[38;2;25;22;16m██[38;2;155;121;59m██[38;2;16;12;13m██[38;2;0;0;0m              
[38;2;0;0;0m  [38;2;48;30;17m  [38;2;157;110;55m██[38;2;0;0;0m  [38;2;57;41;25m  [38;2;96;87;67m██[38;2;95;94;84m██[38;2;154;115;58m██[38;2;0;2;3m  [38;2;27;21;11m  [38;2;113;75;41m██[38;2;0;0;0m      [38;2;5;2;2m  [38;2;100;38;38m██[38;2;0;0;0m    
[38;2;35;22;12m██[38;2;233;148;82m██[38;2;77;49;27m██[38;2;0;0;0m  [38;2;127;85;40m██[38;2;74;96;107m██[38;2;78;89;107m██[38;2;212;152;75m██[38;2;0;1;0m  [38;2;70;46;22m██[38;2;255;166;81m██[38;2;0;0;0m      [38;2;12;4;4m██[38;2;222;85;85m██[38;2;0;0;0m    
[38;2;32;25;12m  [38;2;167;127;59m██[38;2;206;171;65m██[38;2;145;112;52m██[38;2;134;117;82m██[38;2;102;107;107m████[38;2;239;158;80m██[38;2;78;63;47m██[38;2;179;121;72m██[38;2;192;121;66m██[38;2;21;21;21m  [38;2;0;0;0m    [38;2;7;5;2m  [38;2;160;102;58m██[38;2;115;94;29m  [38;2;0;0;0m  
[38;2;0;0;0m    [38;2;238;193;62m██[38;2;254;205;63m██[38;2;198;171;83m██[38;2;142;137;103m████[38;2;123;111;65m██[38;2;255;207;65m██[38;2;141;123;65m██[38;2;107;91;65m██[38;2;185;140;65m██[38;2;26;20;9m██[38;2;47;40;35m██[38;2;249;195;65m██[38;2;249;201;65m██[38;2;186;143;65m██[38;2;47;36;16m  
[38;2;0;0;0m    [38;2;72;56;24m██[38;2;213;166;62m██[38;2;234;187;64m██[38;2;255;207;65m████████[38;2;215;167;65m██[38;2;195;151;65m██[38;2;115;96;65m██[38;2;190;145;64m██[38;2;190;147;65m██[38;2;183;142;63m██[38;2;70;53;23m██[38;2;57;44;19m  [38;2;0;0;0m  
[38;2;0;0;0m      [38;2;148;112;48m  [38;2;113;87;38m██[38;2;0;0;12m  [38;2;0;0;0m  [38;2;205;165;56m██[38;2;192;146;65m██[38;2;192;145;65m██[38;2;76;68;56m██[38;2;157;118;54m██[38;2;157;119;51m██[38;2;155;119;52m██[38;2;0;0;0m        
[38;2;0;0;0m              [38;2;8;6;2m  [38;2;51;39;18m████[38;2;8;6;3m  [38;2;0;0;0m              [0m
