
[38;2;7;15;17m  [38;2;31;58;69m██[38;2;38;50;57m██[38;2;15;7;5m  [38;2;0;0;0m                            [38;2;1;0;0m  [38;2;4;0;0m  [38;2;0;0;0m    
[38;2;5;11;11m  [38;2;21;42;47m██[38;2;141;176;211m██[38;2;190;73;70m██[38;2;70;127;155m  [38;2;0;3;0m  [38;2;0;0;0m        [38;2;0;3;0m  [38;2;0;0;0m            [38;2;0;3;0m  [38;2;161;76;78m██[38;2;138;135;159m██[38;2;70;127;155m  [38;2;0;0;0m  
[38;2;0;0;0m  [38;2;0;1;0m  [38;2;60;83;98m██[38;2;109;82;90m██[38;2;148;165;137m██[38;2;224;190;77m██[38;2;0;3;0m  [38;2;0;0;0m    [38;2;0;3;0m  [38;2;107;102;87m██[38;2;20;22;17m██[38;2;0;0;0m      [38;2;0;1;0m  [38;2;106;108;68m██[38;2;137;207;224m██[38;2;147;77;75m██[38;2;78;49;50m██[38;2;0;1;0m  [38;2;0;0;0m  
[38;2;0;0;0m    [38;2;13;25;26m██[38;2;57;57;60m██[38;2;171;200;171m██[38;2;228;196;83m██[38;2;0;3;0m  [38;2;0;0;0m    [38;2;44;44;44m  [38;2;70;68;66m██[38;2;19;21;17m██[38;2;0;0;0m      [38;2;0;3;0m  [38;2;207;175;72m██[38;2;95;73;76m██[38;2;117;124;144m██[38;2;104;188;231m██[38;2;0;2;0m  [38;2;0;0;0m  
[38;2;0;0;0m      [38;2;37;70;83m  [38;2;111;102;97m██[38;2;223;185;79m██[38;2;83;70;21m  [38;2;0;0;0m  [38;2;27;29;27m  [38;2;174;204;219m██[38;2;185;214;228m██[38;2;92;90;87m██[38;2;26;27;22m  [38;2;0;0;0m    [38;2;0;3;0m  [38;2;236;199;76m██[38;2;136;149;155m██[38;2;49;24;24m  [38;2;0;2;0m  [38;2;0;0;0m    
[38;2;0;0;0m      [38;2;1;6;3m  [38;2;18;2;3m██[38;2;69;63;50m██[38;2;191;156;49m██[38;2;0;1;0m  [38;2;63;66;63m██[38;2;152;219;255m████[38;2;113;112;113m██[38;2;61;59;50m██[38;2;0;1;0m  [38;2;0;0;0m  [38;2;187;153;48m  [38;2;213;189;89m██[38;2;117;126;149m██[38;2;133;137;163m  [38;2;0;0;0m      
[38;2;0;0;0m          [38;2;0;1;0m  [38;2;115;90;40m██[38;2;71;62;34m██[38;2;33;28;8m  [38;2;150;144;126m██[38;2;136;134;134m██[38;2;73;71;66m██[38;2;163;132;47m██[38;2;33;28;10m  [38;2;33;28;8m  [38;2;224;182;58m██[38;2;23;25;23m  [38;2;0;1;0m    [38;2;0;0;0m      
[38;2;0;0;0m            [38;2;9;6;3m  [38;2;146;141;122m██[38;2;210;173;65m██[38;2;80;76;67m██[38;2;81;77;67m████[38;2;122;107;65m██[38;2;246;200;65m██[38;2;118;103;64m██[38;2;59;51;15m  [38;2;0;0;0m            
[38;2;12;14;10m  [38;2;49;48;41m████[38;2;49;49;41m██[38;2;0;1;0m  [38;2;0;0;0m  [38;2;37;42;34m██[38;2;228;231;218m██[38;2;255;236;180m██[38;2;198;172;94m██[38;2;180;150;65m████[38;2;255;236;180m██[38;2;198;193;180m██[38;2;119;108;57m██[38;2;13;15;11m  [38;2;0;0;0m    [38;2;0;2;0m    [38;2;0;0;0m    
[38;2;0;0;0m  [38;2;0;3;0m  [38;2;17;19;14m  [38;2;79;76;65m██[38;2;8;11;7m  [38;2;0;2;0m  [38;2;110;163;92m██[38;2;84;108;75m██[38;2;122;129;109m██[38;2;229;229;227m██████[38;2;194;195;188m██[38;2;77;85;67m██[38;2;90;110;77m██[38;2;63;73;57m██[38;2;0;0;0m  [38;2;0;3;0m  [38;2;71;69;66m██[38;2;73;69;60m██[38;2;14;17;11m██[38;2;4;5;3m  
[38;2;0;0;0m  [38;2;0;2;0m  [38;2;14;15;11m  [38;2;75;72;62m████[38;2;53;57;49m██[38;2;173;205;167m██[38;2;102;174;85m██[38;2;112;177;88m██[38;2;92;125;77m██[38;2;99;152;83m██[38;2;104;152;83m██[38;2;107;160;84m██[38;2;84;149;77m██[38;2;137;194;118m██[38;2;142;160;134m██[38;2;0;3;0m    [38;2;67;65;56m██[38;2;6;7;5m  [38;2;30;32;24m██[38;2;10;11;8m  
[38;2;15;17;13m  [38;2;63;61;52m██[38;2;47;46;39m  [38;2;47;47;40m  [38;2;77;73;64m██[38;2;53;52;51m██[38;2;113;111;113m██[38;2;230;241;250m██[38;2;144;201;127m██[38;2;118;176;107m██[38;2;154;197;143m██[38;2;144;201;127m██[38;2;172;214;159m██[38;2;223;223;222m██[38;2;177;176;175m██[38;2;76;73;67m██[38;2;57;55;53m██[38;2;65;63;54m██[38;2;81;78;68m██[38;2;34;35;28m██[38;2;0;0;0m    
[38;2;0;0;0m    [38;2;0;1;0m  [38;2;47;46;39m  [38;2;56;55;51m██[38;2;0;1;0m  [38;2;75;77;75m██[38;2;163;196;218m██[38;2;220;219;218m██[38;2;110;110;107m████[38;2;220;219;218m██[38;2;149;218;255m██[38;2;197;214;222m██[38;2;69;74;62m██[38;2;139;145;129m██[38;2;16;18;15m██[38;2;65;63;54m██[38;2;81;78;68m██[38;2;34;35;29m██[38;2;76;73;61m██[38;2;25;26;20m  
[38;2;0;0;0m  [38;2;19;20;15m  [38;2;33;34;27m██[38;2;56;54;46m██[38;2;38;38;35m  [38;2;0;0;0m  [38;2;23;32;34m  [38;2;195;203;206m██[38;2;102;101;94m██[38;2;75;74;67m██[38;2;75;73;67m██[38;2;164;164;163m██[38;2;160;222;255m██[38;2;218;232;239m██[38;2;124;128;115m██[38;2;90;106;84m██[38;2;0;2;0m  [38;2;0;3;0m  [38;2;61;59;50m██[38;2;0;1;0m  [38;2;0;2;0m  [38;2;0;0;0m  
[38;2;0;0;0m  [38;2;8;11;7m    [38;2;0;0;0m        [38;2;18;21;18m  [38;2;108;115;107m██[38;2;178;176;171m██████[38;2;208;203;198m██[38;2;121;160;117m██[38;2;87;144;86m██[38;2;18;37;18m██[38;2;0;0;0m  [38;2;0;3;0m  [38;2;79;75;65m██[38;2;17;19;14m  [38;2;0;2;0m  [38;2;0;0;0m  
[38;2;0;0;0m              [38;2;0;3;0m  [38;2;78;80;78m  [38;2;0;2;0m  [38;2;50;83;50m██[38;2;69;101;69m██[38;2;33;64;33m  [38;2;30;31;30m  [38;2;79;81;79m██[38;2;0;1;0m  [38;2;0;0;0m    [38;2;12;14;10m  [38;2;49;49;41m██[38;2;59;60;48m  [38;2;0;0;0m  
[38;2;0;0;0m                    [38;2;40;45;41m██[38;2;163;170;165m██[38;2;0;3;0m  [38;2;0;0;0m  [38;2;8;11;8m██[38;2;0;1;0m  [38;2;0;0;0m            
[38;2;0;0;0m                [38;2;0;3;3m  [38;2;69;54;24m  [38;2;139;110;69m██[38;2;177;134;78m██[38;2;62;53;19m  [38;2;0;2;0m  [38;2;0;0;0m                
[38;2;0;0;0m              [38;2;0;3;0m  [38;2;128;108;42m██[38;2;254;206;67m██[38;2;141;108;48m  [38;2;138;108;48m  [38;2;194;160;57m██[38;2;127;113;70m██[38;2;0;3;0m  [38;2;0;0;0m              
[38;2;0;0;0m              [38;2;48;89;107m  [38;2;158;171;133m██[38;2;207;171;65m██[38;2;0;3;0m    [38;2;228;187;65m████[38;2;0;3;0m  [38;2;0;0;0m              
[38;2;0;0;0m            [38;2;4;0;0m  [38;2;102;95;112m██[38;2;112;90;101m██[38;2;169;182;219m██[38;2;55;43;51m██[38;2;95;157;193m██[38;2;158;171;133m██[38;2;196;171;80m██[38;2;180;156;64m██[38;2;0;1;0m  [38;2;0;0;0m            
[38;2;0;0;0m            [38;2;1;0;0m  [38;2;105;149;180m██[38;2;78;91;108m██[38;2;64;77;91m██[38;2;13;6;7m  [38;2;100;119;144m██[38;2;175;115;103m██[38;2;155;109;121m██[38;2;138;97;107m██[38;2;0;1;0m  [38;2;0;0;0m            
[38;2;0;0;0m              [38;2;0;2;0m  [38;2;29;42;51m  [38;2;24;44;51m  [38;2;3;0;0m  [38;2;129;140;166m██[38;2;45;34;34m  [38;2;70;131;160m  [38;2;86;156;191m██[38;2;0;1;0m  [38;2;0;0;0m            
[38;2;0;0;0m                      [38;2;23;44;51m  [38;2;0;0;0m    [38;2;23;44;51m  [38;2;0;0;0m              [0m
