
[38;2;0;0;0m          [38;2;42;52;30m  [38;2;0;0;0m                                    
[38;2;0;0;0m        [38;2;0;2;0m  [38;2;175;219;114m██[38;2;0;0;0m                                    
[38;2;0;0;0m        [38;2;53;69;33m██[38;2;167;213;104m██[38;2;0;0;0m                                    
[38;2;0;0;0m        [38;2;72;90;47m██[38;2;132;178;74m██[38;2;0;0;0m                                    
[38;2;0;0;0m        [38;2;151;194;93m██[38;2;132;178;74m██[38;2;0;0;0m                                    
[38;2;0;0;0m      [38;2;0;2;0m  [38;2;131;172;79m██[38;2;165;206;107m██[38;2;0;0;0m                                    
[38;2;0;0;0m      [38;2;0;3;0m  [38;2;164;211;101m██[38;2;165;206;107m██[38;2;0;0;0m                                    
[38;2;0;0;0m      [38;2;0;3;0m  [38;2;138;179;85m██[38;2;165;206;107m██[38;2;0;0;0m                                    
[38;2;0;0;0m        [38;2;174;215;121m██[38;2;175;216;120m██[38;2;0;0;0m                                    
[38;2;0;0;0m        [38;2;174;215;121m██[38;2;175;215;120m██[38;2;0;0;0m                                    
[38;2;0;0;0m        [38;2;174;215;121m██[38;2;175;216;120m██[38;2;0;0;0m                                    
[38;2;0;0;0m        [38;2;174;215;121m██[38;2;175;215;120m██[38;2;0;0;0m                                    
[38;2;0;0;0m        [38;2;174;215;121m██[38;2;175;216;120m██[38;2;0;0;0m                                    
[38;2;0;0;0m        [38;2;174;215;121m██[38;2;175;215;120m██[38;2;0;0;0m                                    
[38;2;0;0;0m        [38;2;174;215;121m██[38;2;175;216;120m██[38;2;0;0;0m          [38;2;14;14;14m  [38;2;211;211;211m██[38;2;30;33;30m  [38;2;0;0;0m                    
[38;2;0;0;0m        [38;2;174;215;121m██[38;2;175;215;120m██[38;2;0;0;0m      [38;2;27;27;27m  [38;2;59;59;59m  [38;2;131;131;131m██[38;2;255;255;255m██[38;2;162;164;161m██[38;2;0;0;0m                    
[38;2;0;0;0m        [38;2;174;215;121m██[38;2;175;216;120m██[38;2;0;0;0m      [38;2;91;91;91m██[38;2;125;124;125m██[38;2;195;208;193m██[38;2;255;255;255m██[38;2;118;120;118m██[38;2;0;0;0m      [38;2;20;25;14m  [38;2;0;0;0m            
[38;2;0;0;0m        [38;2;159;202;106m██[38;2;176;215;118m██[38;2;0;0;0m      [38;2;255;255;255m██[38;2;222;222;222m██[38;2;166;169;165m██[38;2;178;179;178m██[38;2;172;182;170m██[38;2;27;30;27m  [38;2;0;0;0m    [38;2;82;103;58m██[38;2;0;0;0m            
[38;2;0;0;0m        [38;2;169;211;116m██[38;2;176;215;118m██[38;2;0;0;0m      [38;2;34;34;34m██[38;2;249;250;249m██[38;2;181;181;181m██[38;2;178;179;178m██[38;2;172;184;169m██[38;2;23;25;23m██[38;2;0;0;0m    [38;2;105;131;74m██[38;2;43;52;29m  [38;2;0;0;0m          
[38;2;0;0;0m        [38;2;155;198;101m██[38;2;176;215;118m██[38;2;0;0;0m      [38;2;183;184;183m██[38;2;218;220;218m██[38;2;255;255;255m████[38;2;231;234;231m██[38;2;32;32;32m██[38;2;0;0;0m    [38;2;174;215;121m██[38;2;172;211;117m██[38;2;0;0;0m          
[38;2;0;0;0m        [38;2;200;220;183m██[38;2;244;245;243m██[38;2;0;0;0m    [38;2;142;145;141m██[38;2;255;255;255m██████[38;2;242;242;242m██[38;2;222;222;222m██[38;2;255;255;255m██[38;2;0;0;0m    [38;2;151;187;105m██[38;2;173;212;118m██[38;2;18;23;13m  [38;2;0;0;0m        
[38;2;0;0;0m        [38;2;240;246;236m██[38;2;246;249;244m██[38;2;0;0;0m  [38;2;3;3;3m  [38;2;83;85;83m██[38;2;249;249;249m██[38;2;255;255;255m██[38;2;222;222;222m██[38;2;101;100;101m██[38;2;106;109;106m██[38;2;125;126;125m██[38;2;15;36;27m  [38;2;0;0;0m  [38;2;83;103;56m██[38;2;175;216;117m██[38;2;73;100;57m██[38;2;0;0;0m  [38;2;7;63;42m  [38;2;0;0;0m    
[38;2;0;0;0m        [38;2;247;251;246m██[38;2;247;251;244m██[38;2;0;0;0m  [38;2;5;5;5m██[38;2;74;73;72m██[38;2;82;82;82m██[38;2;168;176;166m██[38;2;49;48;49m██[38;2;85;85;85m██[38;2;200;204;200m██[38;2;82;83;82m██[38;2;26;87;62m██[38;2;0;2;1m  [38;2;37;70;46m██[38;2;151;206;114m██[38;2;121;180;102m██[38;2;23;47;31m██[38;2;29;114;82m██[38;2;0;0;0m    
[38;2;0;0;0m        [38;2;246;250;246m██[38;2;195;210;195m██[38;2;0;0;0m  [38;2;11;10;9m██[38;2;146;141;136m██[38;2;82;77;61m██[38;2;158;136;61m██[38;2;176;170;165m██[38;2;167;164;165m██[38;2;150;153;150m██[38;2;152;164;152m██[38;2;41;101;78m██[38;2;12;101;67m██[38;2;43;121;80m██[38;2;82;174;107m██[38;2;75;128;89m██[38;2;30;142;93m██[38;2;16;132;88m██[38;2;0;0;0m    
[38;2;0;0;0m      [38;2;19;19;18m  [38;2;209;216;204m██[38;2;177;195;175m██[38;2;40;39;40m██[38;2;113;101;65m██[38;2;198;167;65m██[38;2;255;210;65m████[38;2;113;101;65m██[38;2;142;146;131m██[38;2;191;202;191m██[38;2;82;83;82m██[38;2;56;70;65m██[38;2;35;112;81m██[38;2;19;132;88m██[38;2;65;162;101m██[38;2;66;106;80m██[38;2;66;67;67m██[38;2;27;54;41m██[38;2;0;0;0m    
[38;2;0;0;0m    [38;2;166;173;166m██[38;2;77;78;76m██[38;2;143;146;140m██[38;2;93;97;93m██[38;2;107;112;107m██[38;2;250;207;59m██[38;2;141;123;64m██[38;2;125;108;63m██[38;2;195;153;49m██[38;2;153;137;87m██[38;2;185;183;170m██[38;2;229;235;228m██[38;2;154;167;151m██[38;2;43;79;65m██[38;2;18;90;65m██[38;2;51;84;71m██[38;2;48;90;72m██[38;2;159;201;117m██[38;2;74;79;71m██[38;2;95;178;108m██[38;2;12;100;67m██[38;2;3;26;17m██
[38;2;0;0;0m  [38;2;202;205;200m██[38;2;236;240;236m██[38;2;203;206;198m██[38;2;152;157;152m██[38;2;202;205;202m██[38;2;218;229;218m██[38;2;65;65;65m██[38;2;116;123;116m██[38;2;117;127;117m██[38;2;102;101;102m██[38;2;150;145;131m██[38;2;255;255;250m██[38;2;255;255;255m██[38;2;165;175;163m██[38;2;107;131;116m██[38;2;52;82;71m██[38;2;60;136;86m██[38;2;144;213;119m██[38;2;110;133;90m██[38;2;159;202;117m██[38;2;65;129;88m██[38;2;16;127;85m██[38;2;3;26;17m  
[38;2;51;52;50m  [38;2;191;192;184m██[38;2;190;194;190m██[38;2;142;152;142m██[38;2;129;137;129m██[38;2;149;160;149m██[38;2;111;111;111m██[38;2;71;70;71m██[38;2;203;207;203m██[38;2;193;193;193m██[38;2;199;199;199m██[38;2;210;220;208m██[38;2;255;255;255m████[38;2;93;92;93m██[38;2;16;118;78m██[38;2;15;133;89m██[38;2;56;158;100m██[38;2;82;172;106m██[38;2;91;122;84m██[38;2;117;159;97m██[38;2;55;78;69m██[38;2;20;126;84m██[38;2;3;27;18m  
[38;2;0;0;0m    [38;2;95;100;91m██[38;2;158;165;157m██[38;2;122;132;122m██[38;2;194;209;194m██[38;2;102;110;102m██[38;2;131;145;131m██[38;2;162;167;162m██[38;2;238;242;237m██[38;2;215;224;213m██[38;2;255;255;255m████[38;2;217;224;216m██[38;2;152;164;152m██[38;2;68;94;82m██[38;2;14;121;79m██[38;2;26;114;80m██[38;2;55;83;72m██[38;2;65;163;101m██[38;2;56;75;69m██[38;2;67;172;105m██[38;2;42;86;71m██[38;2;3;27;18m  
[38;2;0;0;0m    [38;2;78;79;77m██[38;2;135;137;132m██[38;2;189;191;186m██[38;2;194;205;194m██[38;2;150;152;146m██[38;2;32;35;32m  [38;2;26;29;26m  [38;2;183;197;176m██[38;2;199;210;193m██[38;2;197;210;195m████[38;2;177;193;175m██[38;2;82;83;82m██[38;2;167;183;162m██[38;2;61;81;73m██[38;2;25;107;77m██[38;2;19;132;89m██[38;2;39;104;79m██[38;2;55;145;96m██[38;2;31;114;78m██[38;2;17;94;62m██[38;2;0;0;0m  
[38;2;0;0;0m        [38;2;207;210;204m██[38;2;147;160;138m██[38;2;61;61;58m  [38;2;0;0;0m      [38;2;93;100;89m  [38;2;178;195;175m████[38;2;178;194;175m██[38;2;138;150;138m██[38;2;53;57;51m  [38;2;14;88;60m██[38;2;12;101;68m██[38;2;22;131;89m██[38;2;39;92;72m██[38;2;40;128;88m██[38;2;46;93;73m██[38;2;4;68;45m  [38;2;0;0;0m  
[38;2;0;0;0m        [38;2;152;143;109m██[38;2;158;138;94m██[38;2;67;59;41m  [38;2;0;0;0m      [38;2;34;33;34m  [38;2;79;86;76m██[38;2;88;86;81m██[38;2;101;104;95m██[38;2;6;7;6m  [38;2;0;0;0m    [38;2;5;10;7m  [38;2;26;95;66m██[38;2;16;64;49m██[38;2;8;113;71m██[38;2;6;64;42m██[38;2;0;0;0m    
[38;2;0;0;0m        [38;2;106;91;65m██[38;2;104;87;66m██[38;2;0;0;0m      [38;2;18;14;5m  [38;2;129;100;36m██[38;2;70;62;61m██[38;2;78;67;47m██[38;2;168;138;53m██[38;2;54;44;28m██[38;2;0;0;0m          [38;2;3;79;51m██[38;2;1;36;23m██[38;2;0;0;0m    
[38;2;0;0;0m        [38;2;41;35;25m██[38;2;2;1;2m  [38;2;0;0;0m          [38;2;4;3;3m  [38;2;35;30;14m██[38;2;123;101;31m██[38;2;73;60;21m██[38;2;0;0;0m          [38;2;0;2;1m  [38;2;0;9;5m  [38;2;0;0;0m    [0m
