
[38;2;0;0;0m          [38;2;54;55;62m  [38;2;0;0;0m                                    
[38;2;0;0;0m        [38;2;72;74;83m  [38;2;212;217;244m██[38;2;0;0;0m                                    
[38;2;0;0;0m        [38;2;93;95;107m██[38;2;175;175;202m██[38;2;0;0;0m                                    
[38;2;0;0;0m        [38;2;178;180;205m██[38;2;177;175;202m██[38;2;0;0;0m                                    
[38;2;0;0;0m        [38;2;190;191;218m██[38;2;176;175;202m██[38;2;103;101;116m██[38;2;0;0;0m                                  
[38;2;0;0;0m        [38;2;177;174;203m██[38;2;206;211;239m██[38;2;202;206;232m██[38;2;183;187;211m██[38;2;72;74;83m  [38;2;0;0;0m                              
[38;2;0;0;0m    [38;2;32;32;33m  [38;2;208;211;227m██[38;2;213;218;242m██[38;2;213;217;243m████[38;2;209;214;241m██[38;2;141;144;162m██[38;2;0;0;0m                [38;2;43;43;44m  [38;2;93;93;96m██[38;2;238;240;245m██[38;2;228;228;236m██[38;2;147;147;152m██[38;2;119;119;123m  [38;2;0;0;0m  
[38;2;0;0;0m    [38;2;208;211;227m██[38;2;237;237;246m██[38;2;212;217;243m██[38;2;213;218;245m██[38;2;95;88;63m██[38;2;85;84;89m██[38;2;66;64;75m██[38;2;0;0;0m            [38;2;75;77;87m  [38;2;191;196;219m██[38;2;206;211;232m██[38;2;223;227;246m██[38;2;150;150;154m██[38;2;21;21;22m  [38;2;0;0;0m      
[38;2;0;0;0m  [38;2;72;74;83m  [38;2;222;225;244m██[38;2;212;218;242m██[38;2;214;218;245m██[38;2;68;67;68m██[38;2;122;113;56m██[38;2;176;171;201m██[38;2;112;110;124m██[38;2;0;0;0m          [38;2;76;78;88m  [38;2;213;217;245m██[38;2;213;218;244m██[38;2;185;188;207m██[38;2;104;65;68m██[38;2;126;70;78m██[38;2;122;66;74m██[38;2;89;33;41m██[38;2;0;0;0m    
[38;2;0;0;0m  [38;2;173;177;199m██[38;2;213;218;243m████[38;2;152;154;170m██[38;2;160;160;181m██[38;2;215;203;111m██[38;2;172;167;196m██[38;2;115;115;129m██[38;2;118;119;138m  [38;2;0;0;0m        [38;2;181;186;210m██[38;2;213;217;243m██[38;2;213;218;245m██[38;2;111;70;74m██[38;2;202;71;81m██[38;2;211;80;97m████[38;2;212;80;97m██[38;2;200;75;92m██[38;2;54;20;24m  
[38;2;57;59;66m██[38;2;213;218;243m██[38;2;115;117;132m██[38;2;117;114;129m██[38;2;125;126;146m██[38;2;60;64;75m██[38;2;111;111;126m██[38;2;172;173;203m██[38;2;102;104;119m██[38;2;115;115;133m██[38;2;46;46;53m██[38;2;0;0;0m    [38;2;123;123;141m██[38;2;213;218;243m██[38;2;135;114;124m██[38;2;107;63;64m██[38;2;163;71;80m██[38;2;144;72;82m██[38;2;120;68;74m██[38;2;133;71;80m██[38;2;89;66;70m██[38;2;28;28;28m  [38;2;0;0;0m  
[38;2;1;1;1m██[38;2;4;4;4m██[38;2;0;0;0m  [38;2;3;3;3m  [38;2;3;3;4m██[38;2;0;0;0m    [38;2;105;115;137m██[38;2;88;99;119m██[38;2;79;82;108m██[38;2;120;124;144m██[38;2;0;0;0m    [38;2;182;171;200m██[38;2;99;74;79m██[38;2;154;64;65m██[38;2;72;64;65m██[38;2;109;64;65m██[38;2;155;64;65m██[38;2;212;79;97m██[38;2;213;80;97m██[38;2;211;79;97m██[38;2;169;63;78m  [38;2;0;0;0m  
[38;2;0;0;0m              [38;2;10;9;12m██[38;2;94;105;130m██[38;2;91;100;125m██[38;2;82;87;104m██[38;2;114;116;127m██[38;2;146;141;165m██[38;2;107;100;111m██[38;2;88;75;79m██[38;2;110;68;69m██[38;2;110;64;65m████████[38;2;32;32;32m██[38;2;11;11;11m  [38;2;0;0;0m    
[38;2;0;0;0m                [38;2;59;68;81m██[38;2;97;112;134m██[38;2;88;95;122m██[38;2;213;218;245m██[38;2;101;101;109m██[38;2;92;64;65m██[38;2;79;65;67m██[38;2;46;29;27m  [38;2;0;0;0m                
[38;2;0;0;0m                [38;2;53;59;75m██[38;2;98;106;133m██[38;2;194;198;227m██[38;2;212;217;243m██[38;2;213;218;245m██[38;2;137;139;155m██[38;2;186;187;214m██[38;2;58;56;66m  [38;2;0;0;0m      [38;2;29;34;42m  [38;2;47;54;66m██[38;2;0;0;0m      
[38;2;0;0;0m                  [38;2;213;218;245m██[38;2;212;218;243m██[38;2;213;218;243m██[38;2;207;212;234m██[38;2;187;193;216m██[38;2;182;183;210m██[38;2;178;176;202m██[38;2;21;17;16m██[38;2;103;113;137m██[38;2;100;113;136m██[38;2;97;112;134m██[38;2;0;0;0m        
[38;2;0;0;0m                  [38;2;156;165;192m██[38;2;212;217;240m██[38;2;197;202;226m██[38;2;143;149;174m██[38;2;141;151;175m██[38;2;182;185;213m██[38;2;151;150;172m██[38;2;82;91;109m██[38;2;73;81;98m██[38;2;99;112;137m██[38;2;59;62;81m██[38;2;0;0;0m        
[38;2;0;0;0m                  [38;2;15;16;20m██[38;2;149;156;177m██[38;2;152;159;180m██[38;2;158;160;188m██[38;2;175;174;205m██[38;2;116;127;154m██[38;2;97;98;111m  [38;2;82;95;115m  [38;2;0;0;0m              
[38;2;0;0;0m                  [38;2;9;9;11m  [38;2;123;125;147m██[38;2;128;136;158m██[38;2;101;100;112m██[38;2;179;174;205m██[38;2;119;115;130m██[38;2;0;0;0m                  
[38;2;0;0;0m                      [38;2;111;118;139m██[38;2;21;22;27m  [38;2;15;16;18m  [38;2;147;149;175m██[38;2;99;100;118m██[38;2;0;0;0m                
[38;2;0;0;0m                    [38;2;44;51;62m  [38;2;92;103;124m██[38;2;0;0;0m  [38;2;37;37;42m  [38;2;152;151;175m██[38;2;23;23;28m  [38;2;0;0;0m                
[38;2;0;0;0m              [38;2;2;1;2m  [38;2;31;31;36m██[38;2;96;109;133m██[38;2;99;113;137m██[38;2;9;9;10m  [38;2;14;15;19m  [38;2;89;100;120m██[38;2;11;13;13m██[38;2;0;0;0m                  
[38;2;0;0;0m              [38;2;3;3;3m██[38;2;52;52;61m██[38;2;27;27;32m██[38;2;60;63;73m██[38;2;88;89;99m██[38;2;89;92;106m██[38;2;58;61;71m██[38;2;61;65;79m██[38;2;0;0;0m                  
[38;2;0;0;0m                      [38;2;128;131;147m  [38;2;0;0;0m    [38;2;181;186;210m██[38;2;0;0;0m                  
[38;2;0;0;0m                            [38;2;47;48;54m  [38;2;0;0;0m                  [0m
