
[38;2;0;0;0m                    [38;2;1;1;1m  [38;2;30;30;30m████[38;2;1;1;1m  [38;2;0;0;0m      
[38;2;0;0;0m                  [38;2;7;7;7m  [38;2;76;78;76m██[38;2;96;99;96m████[38;2;76;78;76m██[38;2;28;29;28m  [38;2;0;0;0m    
[38;2;0;0;0m                [38;2;17;18;17m  [38;2;96;99;96m████[38;2;96;98;96m██[38;2;96;99;96m██[38;2;95;98;95m██[38;2;82;85;82m██[38;2;23;23;23m  [38;2;0;0;0m  
[38;2;0;0;0m    [38;2;52;53;61m  [38;2;26;27;31m  [38;2;0;0;0m        [38;2;51;53;51m██[38;2;96;99;96m████[38;2;89;92;89m██[38;2;23;23;23m██[38;2;81;83;81m██[38;2;79;81;79m██[38;2;64;65;64m██[38;2;1;1;1m  
[38;2;0;0;0m    [38;2;57;60;69m██[38;2;164;171;201m██[38;2;41;43;49m  [38;2;2;2;2m    [38;2;26;26;26m  [38;2;96;98;96m██[38;2;95;98;95m██[38;2;31;32;31m  [38;2;4;4;4m  [38;2;0;0;0m  [38;2;11;12;11m  [38;2;68;69;68m██[38;2;79;81;79m██[38;2;26;26;26m██
[38;2;0;0;0m  [38;2;4;4;4m  [38;2;134;141;169m██[38;2;173;180;209m██[38;2;193;198;217m██[38;2;178;182;199m██[38;2;155;161;186m██[38;2;68;68;69m██[38;2;83;84;83m██[38;2;18;19;18m  [38;2;0;0;0m      [38;2;1;1;1m  [38;2;118;44;62m██[38;2;70;70;70m██[38;2;26;26;26m██
[38;2;0;0;0m  [38;2;58;60;69m  [38;2;158;143;189m██[38;2;176;164;202m██[38;2;207;211;231m████[38;2;168;171;185m██[38;2;188;193;218m██[38;2;69;70;76m██[38;2;2;2;2m  [38;2;0;0;0m      [38;2;13;6;8m  [38;2;152;50;75m██[38;2;159;57;82m██[38;2;14;14;14m  
[38;2;1;1;1m  [38;2;144;149;172m██[38;2;157;126;143m██[38;2;149;118;158m██[38;2;191;197;222m██[38;2;207;211;231m██████[38;2;122;126;141m██[38;2;6;6;6m  [38;2;0;0;0m      [38;2;33;14;19m██[38;2;189;60;93m██[38;2;151;49;75m██[38;2;1;1;1m  
[38;2;48;46;57m██[38;2;147;120;176m██[38;2;230;188;63m██[38;2;201;168;73m██[38;2;157;133;184m██[38;2;194;198;223m██[38;2;195;200;224m██[38;2;180;187;216m██[38;2;179;186;215m██[38;2;174;181;209m██[38;2;3;3;3m  [38;2;0;0;0m  [38;2;1;1;1m  [38;2;98;34;50m██[38;2;189;60;93m██[38;2;90;31;46m  [38;2;1;1;1m  
[38;2;23;23;24m██[38;2;94;72;119m██[38;2;235;192;61m██[38;2;153;122;152m██[38;2;143;112;171m██[38;2;79;76;83m██[38;2;72;73;75m████[38;2;179;187;215m██[38;2;174;181;209m██[38;2;3;3;3m  [38;2;0;0;0m  [38;2;4;4;4m  [38;2;189;60;93m████[38;2;5;5;5m  [38;2;0;0;0m  
[38;2;39;39;39m  [38;2;108;97;119m██[38;2;143;112;171m██[38;2;112;93;129m██[38;2;77;54;51m██[38;2;196;156;151m██[38;2;144;145;151m██[38;2;178;185;213m██[38;2;179;187;216m██[38;2;6;6;6m  [38;2;0;0;0m    [38;2;160;55;64m██[38;2;214;70;95m██[38;2;132;44;66m██[38;2;3;3;3m  [38;2;0;0;0m  
[38;2;1;1;1m  [38;2;114;90;137m██[38;2;91;81;101m██[38;2;141;111;169m██[38;2;142;111;168m██[38;2;144;114;172m██[38;2;133;122;166m██[38;2;179;187;215m██[38;2;95;98;113m██[38;2;0;0;0m      [38;2;160;55;64m██[38;2;254;85;99m██[38;2;86;32;37m██[38;2;0;0;0m    
[38;2;0;0;0m  [38;2;2;2;2m  [38;2;69;55;84m██[38;2;118;91;145m██[38;2;111;83;141m██[38;2;135;123;168m██[38;2;123;126;140m██[38;2;94;97;112m██[38;2;1;1;1m  [38;2;0;0;0m      [38;2;160;55;64m██[38;2;218;74;86m██[38;2;2;2;2m  [38;2;0;0;0m    
[38;2;0;0;0m  [38;2;5;5;5m  [38;2;91;97;118m██[38;2;57;57;57m██[38;2;69;68;65m██[38;2;68;68;68m██[38;2;179;186;214m██[38;2;177;184;213m██[38;2;5;5;5m  [38;2;0;0;0m      [38;2;4;4;4m  [38;2;219;74;86m██[38;2;3;2;2m  [38;2;0;0;0m    
[38;2;0;0;0m    [38;2;36;37;42m██[38;2;128;115;78m██[38;2;230;189;63m██[38;2;157;162;182m██[38;2;104;109;125m  [38;2;124;128;143m██[38;2;93;97;111m██[38;2;0;0;0m      [38;2;1;1;1m  [38;2;140;49;57m██[38;2;87;32;37m██[38;2;0;0;0m    
[38;2;0;0;0m  [38;2;5;5;5m  [38;2;112;118;140m██[38;2;120;127;152m██[38;2;170;156;119m██[38;2;133;142;173m██[38;2;3;3;3m  [38;2;6;6;6m  [38;2;177;184;212m██[38;2;6;6;6m  [38;2;0;0;0m        [38;2;6;6;6m  [38;2;0;0;0m    
[38;2;1;1;1m  [38;2;39;40;39m  [38;2;122;130;155m██[38;2;71;71;73m██[38;2;179;186;215m██[38;2;162;169;199m██[38;2;61;64;73m  [38;2;40;40;40m  [38;2;162;168;190m██[38;2;104;108;124m  [38;2;1;1;1m  [38;2;0;0;0m            
[38;2;4;4;4m  [38;2;86;78;79m██[38;2;74;76;74m██[38;2;123;130;157m██[38;2;177;184;213m██[38;2;179;187;215m██[38;2;134;138;156m██[38;2;66;66;66m██[38;2;133;138;149m██[38;2;93;96;93m██[38;2;7;7;7m  [38;2;0;0;0m            
[38;2;30;31;30m██[38;2;169;68;93m██[38;2;82;85;90m██[38;2;129;137;167m██[38;2;139;148;179m██[38;2;177;184;213m██[38;2;179;187;216m██[38;2;109;115;134m██[38;2;86;88;86m██[38;2;191;91;98m██[38;2;46;47;46m██[38;2;0;0;0m            
[38;2;26;27;26m  [38;2;156;70;91m██[38;2;79;81;90m██[38;2;131;140;170m██[38;2;90;94;107m██[38;2;115;123;149m██[38;2;150;159;189m██[38;2;134;143;174m██[38;2;81;82;81m██[38;2;250;86;99m██[38;2;46;47;46m██[38;2;0;0;0m            
[38;2;1;1;1m  [38;2;31;31;31m██[38;2;10;10;10m  [38;2;117;125;151m██[38;2;31;33;40m  [38;2;2;2;2m  [38;2;86;92;111m██[38;2;133;142;173m██[38;2;93;96;106m██[38;2;248;84;98m██[38;2;17;18;17m  [38;2;0;0;0m            
[38;2;0;0;0m  [38;2;1;1;1m  [38;2;51;53;61m██[38;2;120;128;153m██[38;2;14;11;18m  [38;2;0;0;0m  [38;2;3;3;3m  [38;2;117;124;149m██[38;2;94;98;114m██[38;2;5;5;5m  [38;2;0;0;0m              
[38;2;1;1;1m  [38;2;82;64;97m  [38;2;109;88;129m██[38;2;88;69;110m██[38;2;63;46;82m██[38;2;0;0;0m  [38;2;3;3;3m  [38;2;116;95;135m██[38;2;94;84;109m██[38;2;4;4;4m  [38;2;0;0;0m              
[38;2;1;1;1m  [38;2;155;155;155m  [38;2;139;123;154m██[38;2;95;77;115m██[38;2;3;3;3m  [38;2;0;0;0m  [38;2;77;66;86m██[38;2;143;112;171m██[38;2;154;126;179m██[38;2;161;137;182m██[38;2;3;3;3m  [38;2;0;0;0m            
[38;2;0;0;0m  [38;2;1;1;1m      [38;2;0;0;0m    [38;2;31;31;31m  [38;2;43;35;50m██[38;2;56;51;59m██[38;2;67;67;67m  [38;2;0;0;0m              [0m
