
[38;2;0;0;0m                        [38;2;7;10;14m  [38;2;13;20;28m  [38;2;0;0;0m                      
[38;2;0;0;0m                        [38;2;49;71;100m██[38;2;56;81;114m██[38;2;19;28;39m  [38;2;0;0;0m      [38;2;26;38;53m  [38;2;41;74;95m  [38;2;0;0;0m          
[38;2;0;0;0m                      [38;2;13;20;28m  [38;2;58;90;123m██[38;2;65;115;147m██████[38;2;63;110;143m██[38;2;19;29;40m██[38;2;65;115;147m██[38;2;58;102;132m██[38;2;5;9;12m  [38;2;0;0;0m        
[38;2;0;0;0m                      [38;2;55;80;112m██[38;2;65;115;147m████████[38;2;63;110;143m██[38;2;63;107;140m██[38;2;65;115;147m████[38;2;22;39;50m██[38;2;0;0;0m        
[38;2;0;0;0m                    [38;2;48;55;63m██[38;2;252;235;203m██[38;2;60;98;131m██[38;2;64;114;147m██[38;2;62;106;139m██[38;2;106;121;137m████[38;2;62;106;139m██[38;2;64;111;144m██[38;2;65;115;147m████[38;2;0;0;0m        
[38;2;0;0;0m                    [38;2;220;205;177m██[38;2;255;238;205m██[38;2;132;144;152m██[38;2;61;92;124m██[38;2;205;198;182m██[38;2;255;238;205m████[38;2;205;198;182m██[38;2;114;131;145m██[38;2;65;115;147m████[38;2;39;70;91m  [38;2;0;0;0m      
[38;2;0;0;0m                    [38;2;148;140;124m██[38;2;253;236;203m██[38;2;255;238;205m████[38;2;255;237;205m██[38;2;191;178;153m██[38;2;200;187;163m██[38;2;255;237;205m██[38;2;255;238;205m██[38;2;100;119;137m██[38;2;64;112;145m██[38;2;51;87;114m██[38;2;0;0;0m      
[38;2;0;0;0m                    [38;2;225;210;181m██[38;2;253;236;203m██[38;2;255;237;205m██[38;2;252;235;202m██[38;2;86;81;73m██[38;2;191;178;153m██[38;2;200;187;163m██[38;2;255;238;205m████[38;2;227;216;192m██[38;2;58;87;120m██[38;2;46;67;94m██[38;2;0;0;0m      
[38;2;0;0;0m                    [38;2;95;89;78m██[38;2;254;237;204m██[38;2;255;238;205m██[38;2;254;237;204m██[38;2;233;223;186m██[38;2;210;197;172m██[38;2;255;237;205m████[38;2;248;232;197m██[38;2;191;187;150m██[38;2;56;81;115m██[38;2;35;50;70m  [38;2;0;0;0m      
[38;2;0;0;0m                    [38;2;118;122;124m██[38;2;254;237;204m██[38;2;159;145;124m██[38;2;112;108;99m██[38;2;107;106;101m██[38;2;210;197;172m██[38;2;255;238;205m██[38;2;223;213;168m██[38;2;216;208;160m██[38;2;90;108;123m██[38;2;56;81;115m██[38;2;0;0;0m        
[38;2;0;0;0m              [38;2;14;25;33m  [38;2;36;49;57m██[38;2;59;77;101m██[38;2;255;240;209m██[38;2;255;239;209m██[38;2;255;238;205m████[38;2;255;237;205m██[38;2;253;236;202m██[38;2;223;213;168m████[38;2;120;131;135m██[38;2;59;93;126m██[38;2;32;58;74m██[38;2;0;0;0m        
[38;2;0;0;0m            [38;2;18;32;42m  [38;2;63;112;144m██[38;2;65;115;147m██[38;2;65;103;128m██[38;2;178;172;158m██[38;2;255;246;222m██[38;2;255;241;211m██[38;2;255;237;205m██[38;2;255;238;205m██████[38;2;240;225;194m██[38;2;81;107;124m██[38;2;65;115;147m████[38;2;39;70;91m  [38;2;0;0;0m      
[38;2;0;0;0m            [38;2;23;40;53m██[38;2;62;106;139m██[38;2;64;111;144m██[38;2;103;124;149m██[38;2;152;148;137m██[38;2;255;245;222m██[38;2;255;246;222m██[38;2;255;245;221m██[38;2;255;238;206m██[38;2;207;194;170m██[38;2;124;126;121m██[38;2;65;81;91m██[38;2;65;115;147m████████[38;2;19;34;44m██[38;2;0;0;0m    
[38;2;0;0;0m            [38;2;5;7;10m  [38;2;186;192;200m██[38;2;120;141;163m██[38;2;118;118;118m██[38;2;229;221;200m██[38;2;255;246;222m██[38;2;255;245;222m██[38;2;255;246;222m██[38;2;178;171;156m██[38;2;65;102;127m██[38;2;65;109;139m██[38;2;65;115;147m██████████[38;2;53;94;122m██[38;2;0;0;0m    
[38;2;0;0;0m            [38;2;96;90;77m██[38;2;126;121;110m██[38;2;112;109;101m██[38;2;246;237;214m██[38;2;255;246;222m██[38;2;255;245;222m██[38;2;255;246;222m██[38;2;252;243;219m██[38;2;163;161;158m██[38;2;57;83;116m██[38;2;65;115;147m██████████████[38;2;12;22;28m  [38;2;0;0;0m  
[38;2;0;0;0m            [38;2;215;201;173m██[38;2;255;238;205m██[38;2;255;238;206m██[38;2;255;240;209m██[38;2;255;246;222m████[38;2;255;245;222m██[38;2;255;239;209m██[38;2;152;144;129m██[38;2;196;204;214m██[38;2;62;104;137m██[38;2;65;115;147m████[38;2;65;109;139m██[38;2;65;102;126m██[38;2;65;115;147m██[38;2;65;114;147m██[38;2;50;89;115m██[38;2;0;0;0m  
[38;2;0;0;0m          [38;2;13;24;31m  [38;2;255;238;205m██[38;2;255;237;205m████[38;2;255;238;205m██[38;2;255;237;205m██[38;2;255;238;205m██████[38;2;255;237;205m██[38;2;118;114;106m██[38;2;121;132;146m██[38;2;65;102;127m██[38;2;94;106;110m██[38;2;105;109;106m██[38;2;65;115;147m██████[38;2;53;94;121m██[38;2;3;5;7m  
[38;2;0;0;0m    [38;2;176;176;178m██[38;2;25;25;26m  [38;2;16;29;37m  [38;2;62;110;142m██[38;2;255;238;205m████[38;2;255;237;205m████[38;2;255;238;205m████[38;2;255;237;205m████[38;2;255;238;205m██[38;2;252;235;202m██[38;2;207;194;170m████[38;2;236;221;191m██[38;2;228;220;197m██[38;2;65;115;147m████[38;2;65;114;147m██[38;2;63;107;140m██[38;2;14;21;29m██
[38;2;49;49;49m  [38;2;202;184;158m██[38;2;250;245;236m██[38;2;197;176;147m██[38;2;206;193;169m██[38;2;71;103;123m██[38;2;119;150;164m██[38;2;250;234;203m██[38;2;255;237;205m██[38;2;255;238;205m██[38;2;255;237;205m██[38;2;255;238;205m██████[38;2;229;214;186m██[38;2;96;96;98m██[38;2;167;160;145m██[38;2;207;194;170m██[38;2;207;202;182m██[38;2;65;115;147m██████[38;2;63;109;142m██[38;2;59;93;126m██[38;2;16;27;36m██
[38;2;0;0;0m  [38;2;198;185;159m██[38;2;250;232;199m██[38;2;238;219;186m██[38;2;255;237;205m██[38;2;214;200;174m██[38;2;65;91;109m██[38;2;107;142;160m██[38;2;255;237;205m████[38;2;255;238;205m████[38;2;255;237;205m██[38;2;252;235;202m██[38;2;86;84;81m██[38;2;239;239;241m██[38;2;144;144;144m██[38;2;162;162;168m██[38;2;119;126;132m██[38;2;65;115;147m████[38;2;58;90;123m██[38;2;61;101;134m██[38;2;59;93;126m██[38;2;16;27;36m██
[38;2;0;0;0m    [38;2;246;228;193m██[38;2;228;204;166m██[38;2;255;237;205m██[38;2;255;238;205m██[38;2;85;91;93m██[38;2;57;81;113m██[38;2;56;81;115m████[38;2;125;135;146m██[38;2;205;198;182m██[38;2;231;216;187m██[38;2;115;110;102m██[38;2;255;237;205m██[38;2;205;182;149m████[38;2;233;227;219m██[38;2;141;139;138m██[38;2;105;105;105m██[38;2;59;76;98m██[38;2;57;81;115m██[38;2;56;81;115m██[38;2;53;77;108m██[38;2;11;15;22m  
[38;2;0;0;0m    [38;2;89;73;50m██[38;2;167;126;53m██[38;2;202;172;127m██[38;2;227;216;173m██[38;2;156;151;121m██[38;2;57;80;110m██[38;2;56;81;115m████████[38;2;85;93;101m██[38;2;255;237;205m██[38;2;255;238;205m██████[38;2;205;191;147m██[38;2;229;220;207m██[38;2;185;185;190m██[38;2;59;76;98m██[38;2;56;81;115m██[38;2;56;81;114m██[38;2;44;63;89m██[38;2;0;0;0m  
[38;2;0;0;0m      [38;2;91;65;30m  [38;2;139;104;44m██[38;2;203;191;141m██[38;2;127;123;101m██[38;2;43;60;82m██[38;2;42;61;86m██[38;2;56;80;113m██[38;2;56;81;115m████[38;2;160;151;135m██[38;2;254;237;204m██[38;2;184;151;102m██[38;2;155;114;50m██[38;2;179;152;96m██[38;2;213;205;156m██[38;2;201;185;144m██[38;2;63;67;72m██[38;2;56;81;115m██[38;2;54;78;109m██[38;2;42;61;86m██[38;2;0;0;0m    
[38;2;0;0;0m        [38;2;12;9;4m  [38;2;50;47;35m██[38;2;10;10;10m  [38;2;0;0;0m    [38;2;13;19;27m  [38;2;14;20;28m████[38;2;160;151;135m██[38;2;221;211;165m██[38;2;160;119;52m██[38;2;179;139;56m██[38;2;161;119;52m██[38;2;213;205;156m██[38;2;144;139;113m██[38;2;58;78;104m██[38;2;28;41;58m██[38;2;11;16;23m  [38;2;0;0;0m      
[38;2;0;0;0m                        [38;2;24;24;24m  [38;2;212;203;154m██[38;2;168;130;64m██[38;2;170;129;54m██[38;2;157;120;64m██[38;2;207;199;152m██[38;2;60;58;44m  [38;2;0;0;0m            
[38;2;0;0;0m                          [38;2;56;54;41m██[38;2;204;191;141m██[38;2;196;180;129m██[38;2;113;105;76m██[38;2;47;46;35m  [38;2;0;0;0m              [0m
