
[38;2;0;0;0m                          [38;2;0;1;0m  [38;2;15;12;4m  [38;2;61;52;16m██[38;2;63;62;16m████[38;2;0;0;0m              [38;2;0;1;1m  [38;2;46;42;13m  [38;2;0;1;0m  [38;2;0;0;0m        
[38;2;0;0;0m                      [38;2;0;2;0m  [38;2;47;50;47m  [38;2;182;103;93m██[38;2;197;87;64m██[38;2;253;134;72m██[38;2;255;221;65m██[38;2;111;106;28m██[38;2;0;0;0m              [38;2;0;6;6m  [38;2;127;111;43m██[38;2;141;119;49m██[38;2;0;2;0m  [38;2;0;0;0m      
[38;2;0;0;0m                [38;2;0;1;0m    [38;2;62;25;22m██[38;2;193;164;158m██[38;2;248;223;223m██[38;2;230;127;127m██████[38;2;179;73;61m██[38;2;0;1;0m  [38;2;0;0;0m              [38;2;0;3;0m  [38;2;81;78;68m██[38;2;81;79;68m██[38;2;135;120;97m██[38;2;18;16;10m  [38;2;0;0;0m    
[38;2;0;0;0m          [38;2;0;0;9m  [38;2;135;120;41m  [38;2;6;6;0m  [38;2;135;112;135m██[38;2;163;78;52m██[38;2;225;109;85m██[38;2;212;193;189m██[38;2;162;157;132m██[38;2;255;255;244m██[38;2;255;255;255m████[38;2;44;20;15m  [38;2;0;0;0m  [38;2;0;3;0m        [38;2;0;0;0m        [38;2;37;36;26m██[38;2;139;120;72m██[38;2;121;115;117m██[38;2;46;49;54m██[38;2;0;0;0m    
[38;2;0;0;0m        [38;2;13;6;5m  [38;2;70;57;37m██[38;2;198;175;72m██[38;2;153;153;191m██[38;2;122;76;67m██[38;2;210;112;90m██[38;2;225;146;144m██[38;2;163;123;90m██[38;2;162;156;119m██[38;2;213;209;203m██[38;2;215;203;204m██[38;2;140;132;132m██[38;2;100;100;100m██[38;2;63;66;63m██[38;2;240;189;178m██[38;2;222;118;76m██[38;2;235;210;81m██[38;2;202;187;57m██[38;2;0;2;0m  [38;2;0;0;0m      [38;2;0;0;3m  [38;2;50;44;30m  [38;2;157;160;206m██[38;2;26;29;33m  [38;2;0;0;0m    
[38;2;0;0;0m        [38;2;55;24;20m██[38;2;105;69;69m██[38;2;205;178;65m██[38;2;156;153;189m██[38;2;211;169;168m██[38;2;216;191;187m██[38;2;132;98;91m██[38;2;205;177;67m██[38;2;131;121;96m██[38;2;151;127;126m██[38;2;137;96;100m██[38;2;180;126;127m██[38;2;236;159;159m████[38;2;228;116;116m██[38;2;246;212;212m██[38;2;192;189;137m██[38;2;15;13;7m  [38;2;0;0;0m          [38;2;143;144;143m  [38;2;33;35;43m  [38;2;0;0;0m      
[38;2;0;0;0m      [38;2;0;3;0m  [38;2;204;125;147m██[38;2;94;93;107m██[38;2;236;201;65m██[38;2;112;101;65m██[38;2;255;255;255m██[38;2;224;222;185m██[38;2;146;131;76m██[38;2;181;155;65m██[38;2;83;69;66m██[38;2;200;86;78m██[38;2;242;102;78m██[38;2;235;123;114m██[38;2;255;255;255m████[38;2;239;239;239m██[38;2;191;192;191m██[38;2;0;2;0m  [38;2;0;0;0m          [38;2;0;1;0m  [38;2;191;192;191m██[38;2;0;3;0m  [38;2;0;0;0m      
[38;2;0;0;0m  [38;2;0;3;0m  [38;2;0;0;0m  [38;2;0;3;0m  [38;2;181;178;230m██[38;2;94;93;107m██[38;2;247;210;65m██[38;2;181;158;65m██[38;2;125;121;113m██[38;2;187;164;76m██[38;2;216;192;90m██[38;2;111;98;65m██[38;2;212;177;176m██[38;2;228;90;82m██[38;2;247;212;212m██[38;2;253;244;244m██[38;2;255;255;255m██[38;2;111;113;111m██[38;2;47;50;47m  [38;2;0;1;0m  [38;2;0;0;0m            [38;2;0;1;0m  [38;2;191;192;191m██[38;2;143;144;143m  [38;2;0;3;0m  [38;2;0;0;0m    
[38;2;0;0;0m  [38;2;106;91;41m  [38;2;49;43;18m██[38;2;61;58;53m██[38;2;135;132;158m██[38;2;168;148;68m██[38;2;71;80;104m██[38;2;64;70;91m██[38;2;182;157;72m██[38;2;235;200;65m██[38;2;168;138;60m██[38;2;215;212;184m██[38;2;255;255;255m██[38;2;222;221;220m██[38;2;211;210;209m██[38;2;145;137;101m██[38;2;109;100;64m██[38;2;15;13;4m  [38;2;0;0;0m                  [38;2;0;2;0m  [38;2;191;192;191m██[38;2;174;175;197m██[38;2;31;34;32m  [38;2;0;0;0m  
[38;2;0;0;0m  [38;2;37;37;26m  [38;2;122;104;52m██[38;2;168;139;65m██[38;2;141;119;65m██[38;2;69;81;120m██[38;2;75;101;176m██[38;2;67;101;180m██[38;2;77;81;96m██[38;2;99;93;72m██[38;2;216;188;81m██[38;2;141;135;101m██[38;2;125;124;113m██[38;2;185;164;78m██[38;2;205;177;67m██[38;2;236;202;66m██[38;2;123;111;69m██[38;2;76;73;56m██[38;2;0;3;0m    [38;2;0;0;0m                [38;2;0;1;0m  [38;2;47;52;56m  [38;2;201;202;210m██[38;2;26;29;33m  
[38;2;33;35;43m  [38;2;167;168;214m██[38;2;149;151;187m██[38;2;136;116;65m██[38;2;101;113;161m██[38;2;88;117;184m██[38;2;87;118;189m██[38;2;65;75;132m██[38;2;88;142;200m██[38;2;80;133;189m██[38;2;113;98;65m██[38;2;243;207;65m██[38;2;243;211;65m██[38;2;215;186;66m██[38;2;185;164;78m██[38;2;125;124;113m██[38;2;157;157;148m██[38;2;255;255;255m██[38;2;211;211;208m██[38;2;196;196;196m██[38;2;45;47;57m████[38;2;33;35;43m  [38;2;0;1;0m  [38;2;0;0;0m            [38;2;63;66;63m████
[38;2;0;0;0m  [38;2;37;38;47m  [38;2;141;144;174m██[38;2;88;88;94m██[38;2;206;212;232m██[38;2;167;178;218m██[38;2;167;178;209m██[38;2;74;132;200m██[38;2;112;190;251m██[38;2;86;119;140m██[38;2;184;172;113m██[38;2;243;207;65m██[38;2;202;171;65m██[38;2;209;200;173m██[38;2;222;221;220m██[38;2;255;255;255m██████[38;2;211;211;208m██[38;2;196;196;196m██[38;2;94;93;107m██[38;2;143;141;162m██[38;2;167;166;183m██[38;2;191;192;191m██[38;2;46;46;46m  [38;2;0;2;0m  [38;2;0;0;0m      [38;2;0;4;9m  [38;2;159;161;162m██[38;2;63;66;63m██
[38;2;0;0;0m  [38;2;101;106;134m  [38;2;152;154;195m██[38;2;180;190;206m██[38;2;244;248;252m██[38;2;213;231;252m██[38;2;95;115;181m██[38;2;58;65;115m██[38;2;113;112;113m██[38;2;219;219;187m██[38;2;129;123;109m██[38;2;125;122;117m██[38;2;255;255;255m████[38;2;168;170;199m████[38;2;183;184;208m██[38;2;247;247;250m██[38;2;211;211;207m████[38;2;207;207;207m██[38;2;131;131;141m██[38;2;250;250;255m██[38;2;255;255;255m██[38;2;205;204;206m██[38;2;132;130;163m██[38;2;33;36;41m  [38;2;0;1;0m  [38;2;15;16;17m  [38;2;158;160;162m██[38;2;143;144;143m  [38;2;0;0;0m  
[38;2;0;0;0m    [38;2;50;51;59m██[38;2;115;149;195m██[38;2;90;129;202m██[38;2;175;204;239m██[38;2;242;244;249m██[38;2;205;212;234m██[38;2;240;240;250m██[38;2;203;186;144m██[38;2;182;164;113m██[38;2;113;112;113m██[38;2;148;148;148m██[38;2;255;255;255m████[38;2;190;191;213m██[38;2;183;184;208m██[38;2;247;247;250m██[38;2;211;211;207m████[38;2;69;67;66m██[38;2;104;103;101m██[38;2;255;255;255m████[38;2;186;183;192m██[38;2;100;97;107m██[38;2;72;69;84m██[38;2;135;134;173m██[38;2;138;138;146m██[38;2;94;96;96m██[38;2;0;0;0m    
[38;2;0;0;0m  [38;2;0;2;0m  [38;2;146;123;53m██[38;2;113;99;65m██[38;2;159;156;200m██[38;2;178;179;228m██[38;2;177;176;211m██[38;2;116;107;90m██[38;2;81;77;67m██[38;2;92;84;66m██[38;2;159;134;65m██[38;2;189;162;65m██[38;2;178;156;65m██[38;2;111;101;65m██[38;2;135;128;101m██[38;2;207;207;207m██████[38;2;176;176;179m██[38;2;70;69;73m██[38;2;69;68;66m████[38;2;255;255;255m██[38;2;168;170;199m██[38;2;233;233;241m██[38;2;63;66;63m██[38;2;0;0;0m  [38;2;0;3;0m    [38;2;0;0;0m      
[38;2;0;0;0m    [38;2;4;5;4m  [38;2;146;123;53m██[38;2;151;103;80m██[38;2;94;93;106m██[38;2;174;171;219m██[38;2;103;99;106m██[38;2;163;136;66m██[38;2;184;151;65m██[38;2;93;83;92m██[38;2;136;105;87m██[38;2;123;94;59m██[38;2;114;99;64m██[38;2;217;192;112m██[38;2;201;174;65m██[38;2;93;90;94m██[38;2;152;152;182m██[38;2;133;134;168m██[38;2;154;156;196m██[38;2;66;65;66m██[38;2;173;172;172m██[38;2;255;255;255m██[38;2;168;170;199m██[38;2;233;233;241m██[38;2;165;164;193m██[38;2;0;2;0m  [38;2;0;0;0m          
[38;2;0;0;0m    [38;2;35;32;12m██  [38;2;89;65;56m██[38;2;187;161;191m██[38;2;108;107;127m██[38;2;173;170;220m██[38;2;111;103;96m██[38;2;163;135;62m██[38;2;162;133;74m██[38;2;122;94;100m██[38;2;183;119;130m██[38;2;215;164;141m██[38;2;113;112;113m████[38;2;216;215;221m██[38;2;142;141;171m██[38;2;145;146;180m██[38;2;170;172;220m██[38;2;37;37;37m  [38;2;37;38;37m  [38;2;241;241;250m██[38;2;175;177;208m██[38;2;164;164;201m██[38;2;165;164;213m██[38;2;33;36;43m  [38;2;0;0;0m          
[38;2;0;0;0m    [38;2;0;1;0m  [38;2;0;0;0m  [38;2;13;6;5m  [38;2;147;141;176m██[38;2;149;151;187m██[38;2;152;149;189m██[38;2;173;170;220m██[38;2;169;160;168m██[38;2;97;88;67m██[38;2;144;122;65m██[38;2;149;80;69m██[38;2;233;95;79m██[38;2;241;163;157m██[38;2;255;255;255m████[38;2;215;213;219m██[38;2;110;107;124m██[38;2;178;179;227m██[38;2;0;3;0m    [38;2;116;119;145m██[38;2;181;184;231m██[38;2;152;149;189m██[38;2;150;151;190m██[38;2;133;135;172m██[38;2;0;1;0m  [38;2;0;0;0m        
[38;2;0;0;0m          [38;2;0;2;0m  [38;2;34;36;41m  [38;2;83;81;97m██[38;2;191;194;234m██[38;2;93;93;107m██[38;2;159;156;200m██[38;2;116;114;138m██[38;2;94;93;107m████[38;2;156;142;179m██[38;2;128;91;111m██[38;2;230;91;82m██[38;2;222;102;78m██[38;2;209;174;59m██[38;2;46;43;33m██[38;2;0;0;0m    [38;2;12;14;13m  [38;2;83;81;97m██[38;2;106;104;124m██[38;2;171;168;217m██[38;2;101;101;129m  [38;2;0;0;0m          
[38;2;0;0;0m              [38;2;12;14;13m  [38;2;202;203;205m██[38;2;125;124;156m██[38;2;137;135;169m██[38;2;159;156;200m██[38;2;171;172;221m██[38;2;173;171;221m██[38;2;12;14;12m  [38;2;2;0;0m  [38;2;76;42;30m██[38;2;109;89;66m██[38;2;109;105;66m██[38;2;126;124;118m██[38;2;143;144;143m  [38;2;0;0;0m    [38;2;34;36;41m  [38;2;209;105;118m██[38;2;160;124;137m██[38;2;9;0;0m  [38;2;0;0;0m          
[38;2;0;0;0m                [38;2;0;2;0m  [38;2;1;2;0m  [38;2;180;165;211m██[38;2;103;105;124m██[38;2;156;158;200m██[38;2;44;48;57m██[38;2;0;0;0m      [38;2;143;144;143m  [38;2;228;228;233m██[38;2;223;223;233m██[38;2;191;192;191m██[38;2;0;1;0m  [38;2;0;0;0m  [38;2;14;16;12m  [38;2;207;207;207m██[38;2;241;233;232m██[38;2;9;0;0m  [38;2;0;0;0m          
[38;2;0;0;0m                  [38;2;6;0;0m  [38;2;177;116;138m██[38;2;200;106;116m██[38;2;61;59;69m██[38;2;12;12;13m  [38;2;0;0;0m      [38;2;0;3;0m  [38;2;247;247;250m████[38;2;47;50;47m  [38;2;0;0;0m  [38;2;14;16;12m  [38;2;72;69;63m██[38;2;77;74;67m██[38;2;111;112;109m██[38;2;0;0;0m            
[38;2;0;0;0m              [38;2;35;32;12m  [38;2;24;26;16m██[38;2;126;123;148m██[38;2;173;171;219m██[38;2;76;74;87m██[38;2;0;2;0m  [38;2;0;0;0m        [38;2;75;47;46m  [38;2;197;154;145m██[38;2;255;148;119m██[38;2;0;3;0m  [38;2;0;0;0m  [38;2;44;42;14m  [38;2;89;81;32m██[38;2;149;133;49m██[38;2;153;133;43m██[38;2;0;2;0m  [38;2;0;0;0m          
[38;2;0;0;0m            [38;2;0;1;0m  [38;2;141;119;49m██[38;2;98;82;40m██[38;2;103;91;69m██[38;2;95;92;99m██[38;2;20;21;17m██[38;2;0;0;0m        [38;2;14;16;21m  [38;2;104;99;91m██[38;2;119;114;108m██[38;2;221;220;184m██[38;2;37;36;37m  [38;2;0;0;0m    [38;2;0;1;2m    [38;2;0;1;0m  [38;2;0;0;0m            
[38;2;0;0;0m              [38;2;0;2;0m  [38;2;0;6;6m  [38;2;0;3;1m  [38;2;0;3;0m  [38;2;0;0;0m        [38;2;0;3;0m  [38;2;200;176;69m██[38;2;205;176;60m██[38;2;108;102;75m██[38;2;108;102;65m██[38;2;0;3;0m  [38;2;0;0;0m                      
[38;2;0;0;0m                                [38;2;51;50;21m████[38;2;30;33;16m████[38;2;0;0;0m                        [0m
