
[38;2;0;0;0m    [38;2;7;8;7m  [38;2;4;4;4m  [38;2;0;0;0m  [38;2;22;23;22m  [38;2;0;0;0m                                  
[38;2;0;0;0m    [38;2;29;29;29m██[38;2;60;60;60m██[38;2;26;27;26m  [38;2;71;71;71m██[38;2;0;0;0m                                  
[38;2;0;0;0m    [38;2;23;19;32m██[38;2;76;68;103m██[38;2;72;67;83m██[38;2;86;74;118m██[38;2;0;0;0m                                  
[38;2;0;0;0m    [38;2;2;1;4m  [38;2;57;54;64m██[38;2;90;70;164m██[38;2;22;25;27m██[38;2;0;0;0m                                  
[38;2;0;0;0m  [38;2;90;90;90m  [38;2;147;135;158m██[38;2;162;148;187m██[38;2;102;88;149m██[38;2;117;89;213m██[38;2;48;36;90m  [38;2;3;2;6m  [38;2;0;0;0m                              
[38;2;66;66;66m██[38;2;239;226;254m██[38;2;185;171;197m██[38;2;107;85;187m██[38;2;117;89;213m████[38;2;103;76;189m██[38;2;96;69;178m██[38;2;66;50;119m██[38;2;0;0;0m                            
[38;2;27;25;30m  [38;2;208;192;224m██[38;2;214;196;228m██[38;2;100;86;138m██[38;2;120;92;211m██[38;2;105;77;196m██[38;2;109;80;196m██[38;2;113;86;209m██[38;2;94;73;169m██[38;2;11;13;5m██[38;2;0;0;0m                          
[38;2;0;0;0m  [38;2;16;15;17m  [38;2;185;171;197m██[38;2;105;82;181m██[38;2;107;83;177m██[38;2;210;189;241m██[38;2;157;129;211m██[38;2;69;66;76m██[38;2;88;71;151m██[38;2;119;97;206m██[38;2;0;0;0m                          
[38;2;0;0;0m  [38;2;103;96;110m██[38;2;218;200;233m██[38;2;88;80;111m██[38;2;148;134;166m██[38;2;122;114;126m██[38;2;112;84;203m██[38;2;69;66;77m██[38;2;107;85;189m██[38;2;83;73;120m██[38;2;38;29;70m  [38;2;0;0;0m                        
[38;2;28;22;48m██[38;2;100;82;158m██[38;2;117;110;122m██[38;2;95;90;98m██[38;2;68;64;78m██[38;2;79;76;67m██[38;2;84;73;122m██[38;2;77;70;102m██[38;2;109;86;197m██[38;2;67;65;71m██[38;2;69;54;129m██[38;2;0;0;0m  [38;2;17;17;17m██[38;2;16;17;17m██[38;2;124;117;133m██[38;2;235;218;254m██[38;2;120;113;127m██[38;2;0;0;0m            
[38;2;5;5;4m  [38;2;22;20;26m██[38;2;73;66;93m██[38;2;176;162;190m██[38;2;77;66;112m██[38;2;71;67;76m██[38;2;77;72;82m██[38;2;113;88;203m██[38;2;92;77;143m██[38;2;100;81;169m██[38;2;96;79;156m██[38;2;47;52;41m██[38;2;90;91;98m██[38;2;93;96;93m██[38;2;90;91;91m██[38;2;122;116;128m██[38;2;241;228;254m██[38;2;183;181;185m██[38;2;60;55;64m  [38;2;0;0;0m        
[38;2;0;0;0m    [38;2;35;33;49m██[38;2;71;66;81m██[38;2;83;71;118m██[38;2;70;66;79m██[38;2;79;77;71m██[38;2;99;81;163m██[38;2;95;81;146m██[38;2;112;87;206m██[38;2;91;80;132m██[38;2;125;102;196m██[38;2;90;88;106m██[38;2;86;88;84m██[38;2;95;97;95m██[38;2;83;82;84m██[38;2;223;212;234m██[38;2;226;210;245m██[38;2;60;55;64m  [38;2;0;0;0m        
[38;2;0;0;0m    [38;2;84;70;132m██[38;2;56;52;59m██[38;2;110;91;152m██[38;2;80;73;93m██[38;2;93;95;91m██[38;2;67;66;67m██[38;2;97;87;139m██[38;2;73;68;90m██[38;2;152;135;210m██[38;2;77;73;85m██[38;2;82;78;90m██[38;2;89;86;101m██[38;2;95;97;95m██[38;2;91;94;91m██[38;2;180;180;180m██[38;2;204;189;220m██[38;2;0;0;0m          
[38;2;0;0;0m  [38;2;69;60;94m██[38;2;0;0;0m  [38;2;41;36;56m  [38;2;72;64;92m██[38;2;90;89;90m██[38;2;84;84;78m██[38;2;77;75;78m██[38;2;112;105;142m██[38;2;84;81;93m██[38;2;98;93;117m██[38;2;126;117;164m██[38;2;78;73;66m██[38;2;82;79;68m██[38;2;87;88;85m██[38;2;47;45;40m  [38;2;63;59;68m  [38;2;165;152;173m██[38;2;122;110;126m██[38;2;0;0;0m        
[38;2;0;0;0m      [38;2;10;9;14m██[38;2;0;0;0m  [38;2;7;7;7m  [38;2;76;73;67m██[38;2;91;93;93m██[38;2;83;84;85m██[38;2;90;93;90m██[38;2;66;65;66m██[38;2;81;78;67m██[38;2;42;41;35m██[38;2;81;78;68m████[38;2;0;0;0m    [38;2;2;2;2m  [38;2;127;112;142m██[38;2;0;0;0m        
[38;2;0;0;0m            [38;2;77;74;66m██[38;2;39;38;38m██[38;2;84;87;88m██[38;2;88;87;109m██[38;2;39;38;36m██[38;2;81;79;68m██[38;2;0;0;0m  [38;2;3;3;5m██[38;2;91;77;132m██[38;2;66;63;76m██[38;2;1;1;0m  [38;2;11;9;12m  [38;2;97;84;109m██[38;2;0;0;0m        
[38;2;0;0;0m          [38;2;100;77;185m██[38;2;43;42;39m██[38;2;0;0;0m  [38;2;53;47;85m██[38;2;12;20;8m██[38;2;0;0;0m  [38;2;81;79;68m██[38;2;39;37;32m██[38;2;0;0;0m  [38;2;29;30;40m██[38;2;112;89;194m██[38;2;3;3;0m  [38;2;0;0;0m██          
[38;2;0;0;0m        [38;2;18;14;33m  [38;2;52;40;96m██[38;2;0;0;0m  [38;2;7;7;0m  [38;2;84;67;142m██[38;2;11;10;5m██[38;2;0;0;0m          [38;2;47;36;88m  [38;2;0;0;0m      [38;2;17;16;21m  [38;2;98;97;125m██[38;2;0;0;0m    
[38;2;0;0;0m                    [38;2;4;3;9m  [38;2;5;5;5m██[38;2;0;0;0m      [38;2;0;0;1m  [38;2;59;53;95m██[38;2;129;110;208m██[38;2;76;72;99m██[38;2;152;141;202m██[38;2;17;15;21m  [38;2;216;198;231m██[38;2;56;51;60m  
[38;2;0;0;0m    [38;2;23;21;41m  [38;2;37;32;60m██[38;2;3;6;0m  [38;2;0;0;0m    [38;2;4;4;0m  [38;2;2;2;0m  [38;2;0;0;0m  [38;2;47;39;82m██[38;2;96;79;159m██[38;2;34;27;64m██[38;2;3;2;5m  [38;2;55;47;82m██[38;2;76;58;132m██[38;2;51;43;84m██[38;2;118;95;206m██[38;2;136;125;202m██[38;2;52;48;69m  [38;2;0;0;0m      
[38;2;0;0;0m    [38;2;20;19;35m  [38;2;94;72;164m██[38;2;65;49;113m  [38;2;0;0;0m  [38;2;45;34;83m██[38;2;57;46;95m██[38;2;69;55;120m██[38;2;0;0;0m        [38;2;4;3;7m  [38;2;82;66;140m██[38;2;92;70;159m  [38;2;2;5;0m  [38;2;0;0;0m            
[38;2;0;0;0m            [38;2;12;9;22m  [38;2;23;21;40m██[38;2;18;17;32m  [38;2;0;0;0m                            [0m
