    [38;2;7;7;7m▄[38;2;7;7;7m[48;2;111;175;54m▀[0m[38;2;7;7;7m[48;2;111;175;54m▀[0m[38;2;7;7;7m▄     [38;2;7;7;7m▄[38;2;7;7;7m▄       
   [38;2;7;7;7m▄[38;2;7;7;7m[48;2;111;175;54m▀[0m[38;2;111;175;54m[48;2;111;175;54m▀[0m[38;2;111;175;54m[48;2;167;202;131m▀[0m[38;2;111;175;54m[48;2;111;175;54m▀[0m[38;2;7;7;7m[48;2;7;7;7m▀[0m  [38;2;7;7;7m▄[38;2;7;7;7m[48;2;111;175;54m▀[0m[38;2;111;175;54m[48;2;111;175;54m▀[0m[38;2;111;175;54m[48;2;111;175;54m▀[0m[38;2;7;7;7m[48;2;7;7;7m▀[0m      
   [38;2;7;7;7m[48;2;7;7;7m▀[0m[38;2;111;175;54m[48;2;95;142;63m▀[0m[38;2;167;202;131m[48;2;167;202;131m▀[0m[38;2;209;253;176m[48;2;95;142;63m▀[0m[38;2;95;142;63m[48;2;209;253;176m▀[0m[38;2;64;64;64m[48;2;209;253;176m▀[0m[38;2;7;7;7m[48;2;209;253;176m▀[0m[38;2;7;7;7m▄[38;2;7;7;7m[48;2;95;142;63m▀[0m[38;2;111;175;54m[48;2;209;253;176m▀[0m[38;2;167;202;131m[48;2;209;253;176m▀[0m[38;2;111;175;54m[48;2;111;175;54m▀[0m[38;2;68;128;60m[48;2;68;128;60m▀[0m[38;2;7;7;7m[48;2;7;7;7m▀[0m     
  [38;2;7;7;7m▄[38;2;7;7;7m▀[38;2;95;142;63m[48;2;7;7;7m▀[0m[38;2;95;142;63m[48;2;167;202;131m▀[0m[38;2;209;253;176m[48;2;209;253;176m▀[0m[38;2;209;253;176m[48;2;209;253;176m▀[0m[38;2;209;253;176m[48;2;209;253;176m▀[0m[38;2;209;253;176m[48;2;209;253;176m▀[0m[38;2;209;253;176m[48;2;209;253;176m▀[0m[38;2;209;253;176m[48;2;209;253;176m▀[0m[38;2;95;142;63m[48;2;209;253;176m▀[0m[38;2;209;253;176m[48;2;95;142;63m▀[0m[38;2;111;175;54m[48;2;111;175;54m▀[0m[38;2;68;128;60m[48;2;7;7;7m▀[0m[38;2;7;7;7m▀     
 [38;2;7;7;7m[48;2;7;7;7m▀[0m[38;2;167;202;131m[48;2;95;142;63m▀[0m[38;2;7;7;7m[48;2;64;64;64m▀[0m[38;2;167;202;131m[48;2;239;239;239m▀[0m[38;2;111;175;54m[48;2;111;175;54m▀[0m[38;2;209;253;176m[48;2;209;253;176m▀[0m[38;2;209;253;176m[48;2;209;253;176m▀[0m[38;2;209;253;176m[48;2;111;175;54m▀[0m[38;2;111;175;54m[48;2;111;175;54m▀[0m[38;2;111;175;54m[48;2;111;175;54m▀[0m[38;2;209;253;176m[48;2;209;253;176m▀[0m[38;2;209;253;176m[48;2;209;253;176m▀[0m[38;2;209;253;176m[48;2;209;253;176m▀[0m[38;2;95;142;63m[48;2;95;142;63m▀[0m[38;2;7;7;7m[48;2;64;64;64m▀[0m[38;2;7;7;7m▄     
[38;2;7;7;7m▀[38;2;167;202;131m[48;2;7;7;7m▀[0m[38;2;167;202;131m[48;2;95;142;63m▀[0m[38;2;64;64;64m[48;2;64;64;64m▀[0m[38;2;216;97;128m[48;2;216;97;128m▀[0m[38;2;111;175;54m[48;2;111;175;54m▀[0m[38;2;167;202;131m[48;2;111;175;54m▀[0m[38;2;111;175;54m[48;2;111;175;54m▀[0m[38;2;111;175;54m[48;2;216;97;128m▀[0m[38;2;216;97;128m[48;2;239;239;239m▀[0m[38;2;239;239;239m[48;2;216;97;128m▀[0m[38;2;111;175;54m[48;2;239;239;239m▀[0m[38;2;111;175;54m[48;2;111;175;54m▀[0m[38;2;209;253;176m[48;2;209;253;176m▀[0m[38;2;95;142;63m[48;2;209;253;176m▀[0m[38;2;209;253;176m[48;2;209;253;176m▀[0m[38;2;7;7;7m[48;2;7;7;7m▀[0m  [38;2;7;7;7m▄  
 [38;2;7;7;7m▀[38;2;167;202;131m[48;2;7;7;7m▀[0m[38;2;7;7;7m▀[38;2;239;239;239m[48;2;7;7;7m▀[0m[38;2;111;175;54m[48;2;111;175;54m▀[0m[38;2;111;175;54m[48;2;111;175;54m▀[0m[38;2;111;175;54m[48;2;111;175;54m▀[0m[38;2;216;97;128m[48;2;167;202;131m▀[0m[38;2;7;7;7m[48;2;216;97;128m▀[0m[38;2;216;97;128m[48;2;239;239;239m▀[0m[38;2;239;239;239m[48;2;111;175;54m▀[0m[38;2;111;175;54m[48;2;209;253;176m▀[0m[38;2;209;253;176m[48;2;209;253;176m▀[0m[38;2;167;202;131m[48;2;209;253;176m▀[0m[38;2;7;7;7m[48;2;209;253;176m▀[0m[38;2;7;7;7m▄[38;2;7;7;7m▄[38;2;7;7;7m[48;2;209;253;176m▀[0m[38;2;209;253;176m[48;2;209;253;176m▀[0m[38;2;7;7;7m[48;2;7;7;7m▀[0m 
     [38;2;7;7;7m[48;2;7;7;7m▀[0m[38;2;64;64;64m[48;2;68;128;60m▀[0m[38;2;209;253;176m[48;2;64;64;64m▀[0m[38;2;167;202;131m[48;2;64;64;64m▀[0m[38;2;167;202;131m[48;2;64;64;64m▀[0m[38;2;167;202;131m[48;2;64;64;64m▀[0m[38;2;64;64;64m[48;2;68;128;60m▀[0m[38;2;95;142;63m[48;2;64;64;64m▀[0m[38;2;209;253;176m[48;2;209;253;176m▀[0m[38;2;95;142;63m[48;2;64;64;64m▀[0m[38;2;64;64;64m[48;2;167;202;131m▀[0m[38;2;167;202;131m[48;2;167;202;131m▀[0m[38;2;209;253;176m[48;2;167;202;131m▀[0m[38;2;209;253;176m[48;2;209;253;176m▀[0m[38;2;209;253;176m[48;2;95;142;63m▀[0m[38;2;7;7;7m[48;2;7;7;7m▀[0m 
      [38;2;7;7;7m[48;2;7;7;7m▀[0m[38;2;68;128;60m[48;2;64;64;64m▀[0m[38;2;167;202;131m[48;2;68;128;60m▀[0m[38;2;68;128;60m[48;2;64;64;64m▀[0m[38;2;64;64;64m[48;2;167;202;131m▀[0m[38;2;64;64;64m[48;2;167;202;131m▀[0m[38;2;64;64;64m[48;2;167;202;131m▀[0m[38;2;64;64;64m[48;2;64;64;64m▀[0m[38;2;167;202;131m[48;2;167;202;131m▀[0m[38;2;167;202;131m[48;2;167;202;131m▀[0m[38;2;167;202;131m[48;2;167;202;131m▀[0m[38;2;167;202;131m[48;2;167;202;131m▀[0m[38;2;167;202;131m[48;2;167;202;131m▀[0m[38;2;209;253;176m[48;2;209;253;176m▀[0m[38;2;209;253;176m[48;2;7;7;7m▀[0m[38;2;7;7;7m[48;2;7;7;7m▀[0m
      [38;2;7;7;7m[48;2;7;7;7m▀[0m[38;2;167;202;131m[48;2;167;202;131m▀[0m[38;2;64;64;64m[48;2;64;64;64m▀[0m[38;2;95;142;63m[48;2;209;253;176m▀[0m[38;2;209;253;176m[48;2;209;253;176m▀[0m[38;2;95;142;63m[48;2;64;64;64m▀[0m[38;2;209;253;176m[48;2;209;253;176m▀[0m[38;2;209;253;176m[48;2;209;253;176m▀[0m[38;2;64;64;64m[48;2;7;7;7m▀[0m[38;2;167;202;131m[48;2;167;202;131m▀[0m[38;2;167;202;131m[48;2;167;202;131m▀[0m[38;2;167;202;131m[48;2;167;202;131m▀[0m[38;2;167;202;131m[48;2;7;7;7m▀[0m[38;2;7;7;7m▀  
       [38;2;7;7;7m▀[38;2;64;64;64m[48;2;7;7;7m▀[0m[38;2;209;253;176m[48;2;7;7;7m▀[0m[38;2;7;7;7m▀[38;2;209;253;176m[48;2;7;7;7m▀[0m[38;2;167;202;131m[48;2;7;7;7m▀[0m[38;2;7;7;7m▀ [38;2;7;7;7m▀[38;2;7;7;7m▀[38;2;7;7;7m▀    
[0m