   [38;2;7;7;7m▄[38;2;7;7;7m▄[38;2;7;7;7m[48;2;92;92;92m▀[0m[38;2;7;7;7m[48;2;115;115;99m▀[0m[38;2;7;7;7m[48;2;115;115;99m▀[0m[38;2;7;7;7m[48;2;92;92;92m▀[0m[38;2;7;7;7m▄[38;2;7;7;7m▄              
 [38;2;7;7;7m▄[38;2;7;7;7m[48;2;115;115;99m▀[0m[38;2;115;115;99m[48;2;115;115;99m▀[0m[38;2;92;92;92m[48;2;92;92;92m▀[0m[38;2;115;115;99m[48;2;115;115;99m▀[0m[38;2;115;115;99m[48;2;115;115;99m▀[0m[38;2;92;92;92m[48;2;92;92;92m▀[0m[38;2;115;115;99m[48;2;115;115;99m▀[0m[38;2;115;115;99m[48;2;115;115;99m▀[0m[38;2;115;115;99m[48;2;115;115;99m▀[0m[38;2;7;7;7m[48;2;115;115;99m▀[0m[38;2;7;7;7m▄            
[38;2;7;7;7m▄[38;2;7;7;7m[48;2;115;115;99m▀[0m[38;2;92;92;92m[48;2;115;115;99m▀[0m[38;2;115;115;99m[48;2;115;115;99m▀[0m[38;2;115;115;99m[48;2;115;115;99m▀[0m[38;2;115;115;99m[48;2;115;115;99m▀[0m[38;2;115;115;99m[48;2;115;115;99m▀[0m[38;2;115;115;99m[48;2;115;115;99m▀[0m[38;2;115;115;99m[48;2;92;92;92m▀[0m[38;2;92;92;92m[48;2;115;115;99m▀[0m[38;2;115;115;99m[48;2;115;115;99m▀[0m[38;2;115;115;99m[48;2;115;115;99m▀[0m[38;2;7;7;7m[48;2;7;7;7m▀[0m            
[38;2;7;7;7m▀[38;2;115;115;99m[48;2;7;7;7m▀[0m[38;2;92;92;92m[48;2;92;92;92m▀[0m[38;2;115;115;99m[48;2;92;92;92m▀[0m[38;2;115;115;99m[48;2;92;92;92m▀[0m[38;2;92;92;92m[48;2;92;92;92m▀[0m[38;2;92;92;92m[48;2;92;92;92m▀[0m[38;2;7;7;7m[48;2;92;92;92m▀[0m[38;2;92;92;92m[48;2;7;7;7m▀[0m[38;2;115;115;99m[48;2;7;7;7m▀[0m[38;2;115;115;99m[48;2;7;7;7m▀[0m[38;2;7;7;7m[48;2;82;82;82m▀[0m[38;2;7;7;7m[48;2;82;82;82m▀[0m[38;2;7;7;7m▄           
  [38;2;7;7;7m▀[38;2;92;92;92m[48;2;7;7;7m▀[0m[38;2;92;92;92m[48;2;92;92;92m▀[0m[38;2;92;92;92m[48;2;92;92;92m▀[0m[38;2;92;92;92m[48;2;92;92;92m▀[0m[38;2;92;92;92m[48;2;92;92;92m▀[0m[38;2;92;92;92m[48;2;82;82;82m▀[0m[38;2;82;82;82m[48;2;58;155;90m▀[0m[38;2;82;82;82m[48;2;81;240;87m▀[0m[38;2;58;155;90m[48;2;81;240;87m▀[0m[38;2;81;240;87m[48;2;81;240;87m▀[0m[38;2;82;82;82m[48;2;81;240;87m▀[0m[38;2;7;7;7m[48;2;7;7;7m▀[0m          
    [38;2;7;7;7m[48;2;7;7;7m▀[0m[38;2;7;7;7m[48;2;255;194;43m▀[0m[38;2;197;129;23m[48;2;255;194;43m▀[0m[38;2;82;82;82m[48;2;197;129;23m▀[0m[38;2;58;155;90m[48;2;183;197;216m▀[0m[38;2;183;197;216m[48;2;183;197;216m▀[0m[38;2;58;155;90m[48;2;183;197;216m▀[0m[38;2;81;240;87m[48;2;58;155;90m▀[0m[38;2;81;240;87m[48;2;81;240;87m▀[0m[38;2;81;240;87m[48;2;81;240;87m▀[0m[38;2;81;240;87m[48;2;81;240;87m▀[0m[38;2;7;7;7m[48;2;7;7;7m▀[0m  [38;2;7;7;7m▄[38;2;7;7;7m▄     
   [38;2;7;7;7m[48;2;7;7;7m▀[0m[38;2;255;194;43m[48;2;255;194;43m▀[0m[38;2;252;252;252m[48;2;255;194;43m▀[0m[38;2;255;194;43m[48;2;255;194;43m▀[0m[38;2;255;194;43m[48;2;255;194;43m▀[0m[38;2;82;82;82m[48;2;252;252;252m▀[0m[38;2;82;82;82m[48;2;7;7;7m▀[0m[38;2;82;82;82m[48;2;252;252;252m▀[0m[38;2;82;82;82m[48;2;81;240;87m▀[0m[38;2;81;240;87m[48;2;81;240;87m▀[0m[38;2;81;240;87m[48;2;81;240;87m▀[0m[38;2;81;240;87m[48;2;7;7;7m▀[0m[38;2;7;7;7m▀ [38;2;7;7;7m▄[38;2;7;7;7m[48;2;58;155;90m▀[0m[38;2;81;240;87m[48;2;81;240;87m▀[0m[38;2;7;7;7m[48;2;31;98;54m▀[0m[38;2;7;7;7m[48;2;81;240;87m▀[0m[38;2;7;7;7m▄  
   [38;2;7;7;7m[48;2;7;7;7m▀[0m[38;2;255;194;43m[48;2;197;129;23m▀[0m[38;2;255;194;43m[48;2;255;194;43m▀[0m[38;2;255;194;43m[48;2;255;194;43m▀[0m[38;2;255;194;43m[48;2;82;82;82m▀[0m[38;2;255;194;43m[48;2;82;82;82m▀[0m[38;2;252;252;252m[48;2;197;129;23m▀[0m[38;2;183;197;216m[48;2;183;197;216m▀[0m[38;2;81;240;87m[48;2;252;252;252m▀[0m[38;2;81;240;87m[48;2;81;240;87m▀[0m[38;2;58;155;90m[48;2;81;240;87m▀[0m[38;2;58;155;90m[48;2;81;240;87m▀[0m[38;2;7;7;7m[48;2;31;98;54m▀[0m[38;2;7;7;7m[48;2;81;240;87m▀[0m[38;2;31;98;54m[48;2;81;240;87m▀[0m[38;2;81;240;87m[48;2;31;98;54m▀[0m[38;2;31;98;54m[48;2;31;98;54m▀[0m[38;2;81;240;87m[48;2;58;155;90m▀[0m[38;2;81;240;87m[48;2;7;7;7m▀[0m[38;2;7;7;7m▀  
    [38;2;7;7;7m▀[38;2;7;7;7m▀[38;2;7;7;7m▀[38;2;197;129;23m[48;2;7;7;7m▀[0m[38;2;197;129;23m[48;2;82;82;82m▀[0m[38;2;82;82;82m[48;2;252;252;252m▀[0m[38;2;252;252;252m[48;2;252;252;252m▀[0m[38;2;252;252;252m[48;2;252;252;252m▀[0m[38;2;252;252;252m[48;2;252;252;252m▀[0m[38;2;58;155;90m[48;2;31;98;54m▀[0m[38;2;31;98;54m[48;2;81;240;87m▀[0m[38;2;81;240;87m[48;2;81;240;87m▀[0m[38;2;81;240;87m[48;2;81;240;87m▀[0m[38;2;81;240;87m[48;2;81;240;87m▀[0m[38;2;81;240;87m[48;2;81;240;87m▀[0m[38;2;81;240;87m[48;2;81;240;87m▀[0m[38;2;31;98;54m[48;2;183;197;216m▀[0m[38;2;7;7;7m[48;2;183;197;216m▀[0m[38;2;7;7;7m▄  
      [38;2;7;7;7m[48;2;7;7;7m▀[0m[38;2;252;252;252m[48;2;183;197;216m▀[0m[38;2;252;252;252m[48;2;252;252;252m▀[0m[38;2;252;252;252m[48;2;252;252;252m▀[0m[38;2;252;252;252m[48;2;252;252;252m▀[0m[38;2;252;252;252m[48;2;183;197;216m▀[0m[38;2;252;252;252m[48;2;183;197;216m▀[0m[38;2;31;98;54m[48;2;31;98;54m▀[0m[38;2;81;240;87m[48;2;58;155;90m▀[0m[38;2;81;240;87m[48;2;58;155;90m▀[0m[38;2;81;240;87m[48;2;58;155;90m▀[0m[38;2;81;240;87m[48;2;81;240;87m▀[0m[38;2;81;240;87m[48;2;81;240;87m▀[0m[38;2;81;240;87m[48;2;252;252;252m▀[0m[38;2;183;197;216m[48;2;252;252;252m▀[0m[38;2;82;82;82m[48;2;252;252;252m▀[0m[38;2;82;82;82m[48;2;252;252;252m▀[0m[38;2;7;7;7m[48;2;252;252;252m▀[0m[38;2;7;7;7m[48;2;7;7;7m▀[0m
       [38;2;7;7;7m[48;2;7;7;7m▀[0m[38;2;183;197;216m[48;2;183;197;216m▀[0m[38;2;183;197;216m[48;2;183;197;216m▀[0m[38;2;183;197;216m[48;2;183;197;216m▀[0m[38;2;183;197;216m[48;2;183;197;216m▀[0m[38;2;183;197;216m[48;2;183;197;216m▀[0m[38;2;58;155;90m[48;2;58;155;90m▀[0m[38;2;31;98;54m[48;2;31;98;54m▀[0m[38;2;58;155;90m[48;2;58;155;90m▀[0m[38;2;58;155;90m[48;2;58;155;90m▀[0m[38;2;31;98;54m[48;2;58;155;90m▀[0m[38;2;31;98;54m[48;2;58;155;90m▀[0m[38;2;252;252;252m[48;2;58;155;90m▀[0m[38;2;183;197;216m[48;2;252;252;252m▀[0m[38;2;183;197;216m[48;2;252;252;252m▀[0m[38;2;183;197;216m[48;2;7;7;7m▀[0m[38;2;7;7;7m▀ 
      [38;2;7;7;7m[48;2;7;7;7m▀[0m[38;2;255;194;43m[48;2;7;7;7m▀[0m[38;2;7;7;7m[48;2;255;194;43m▀[0m[38;2;31;98;54m[48;2;82;82;82m▀[0m[38;2;58;155;90m[48;2;7;7;7m▀[0m[38;2;183;197;216m[48;2;7;7;7m▀[0m[38;2;58;155;90m[48;2;58;155;90m▀[0m[38;2;58;155;90m[48;2;58;155;90m▀[0m[38;2;58;155;90m[48;2;82;82;82m▀[0m[38;2;31;98;54m[48;2;82;82;82m▀[0m[38;2;31;98;54m[48;2;58;155;90m▀[0m[38;2;58;155;90m[48;2;31;98;54m▀[0m[38;2;58;155;90m[48;2;31;98;54m▀[0m[38;2;58;155;90m[48;2;7;7;7m▀[0m[38;2;7;7;7m▀[38;2;7;7;7m▀   
        [38;2;7;7;7m▀[38;2;7;7;7m▀  [38;2;7;7;7m[48;2;7;7;7m▀[0m[38;2;82;82;82m[48;2;255;194;43m▀[0m[38;2;197;129;23m[48;2;7;7;7m▀[0m[38;2;197;129;23m[48;2;7;7;7m▀[0m[38;2;82;82;82m[48;2;255;194;43m▀[0m[38;2;82;82;82m[48;2;7;7;7m▀[0m[38;2;7;7;7m▀      
            [38;2;7;7;7m▀[38;2;7;7;7m▀  [38;2;7;7;7m▀[38;2;7;7;7m▀       
[0m