
[38;2;0;0;0m                      [38;2;5;5;5m  [38;2;30;30;30m██[38;2;17;22;29m  [38;2;1;0;0m  [38;2;0;0;0m                      
[38;2;0;0;0m                  [38;2;7;16;22m  [38;2;63;138;198m██[38;2;66;126;175m██[38;2;76;75;76m██[38;2;69;89;116m██[38;2;69;138;195m██[38;2;41;90;130m  [38;2;0;0;0m                    
[38;2;0;0;0m            [38;2;24;53;76m██[38;2;27;57;82m██[38;2;97;168;222m██[38;2;111;173;215m██[38;2;143;157;159m██[38;2;147;164;165m██[38;2;163;190;189m██[38;2;158;181;181m██[38;2;143;158;160m██[38;2;127;161;181m██[38;2;97;168;222m██[38;2;69;122;158m██[38;2;25;53;76m██[38;2;12;26;38m  [38;2;0;0;0m            
[38;2;0;0;0m        [38;2;95;96;95m██[38;2;65;87;104m██[38;2;100;119;133m██[38;2;126;152;167m██[38;2;158;181;181m██[38;2;160;183;182m██[38;2;161;188;188m██[38;2;163;190;189m████████[38;2;162;187;186m██[38;2;158;181;181m██[38;2;139;167;176m██[38;2;90;138;176m██[38;2;92;93;97m██[38;2;96;95;96m██[38;2;41;40;41m  [38;2;0;0;0m        
[38;2;0;0;0m        [38;2;109;110;109m██[38;2;72;68;66m██[38;2;94;156;205m██[38;2;119;158;184m██[38;2;116;156;184m██[38;2;154;174;175m██[38;2;149;174;177m██[38;2;148;180;187m██[38;2;130;147;146m██[38;2;139;158;157m██[38;2;156;177;177m██[38;2;150;172;175m██[38;2;122;158;183m██[38;2;119;157;184m██[38;2;92;155;199m██[38;2;78;109;132m██[38;2;109;110;109m██[38;2;46;46;46m██[38;2;0;0;0m        
[38;2;0;0;0m        [38;2;95;97;95m██[38;2;66;65;66m██[38;2;120;121;121m██[38;2;99;136;163m██[38;2;102;118;126m██[38;2;89;173;240m██[38;2;114;177;217m██[38;2;87;86;84m██[38;2;109;109;109m██[38;2;100;106;107m██[38;2;87;155;209m██[38;2;90;173;240m██[38;2;109;122;133m██[38;2;108;124;138m██[38;2;95;98;97m██[38;2;89;89;89m██[38;2;94;97;94m██[38;2;39;41;39m██[38;2;0;0;0m        
[38;2;0;0;0m        [38;2;95;97;95m██[38;2;66;65;66m██[38;2;114;116;117m██[38;2;109;110;110m██[38;2;136;145;147m██[38;2;98;100;97m  [38;2;114;117;119m██[38;2;73;72;73m  [38;2;114;114;114m██[38;2;97;95;97m██[38;2;95;96;95m██[38;2;100;101;100m██[38;2;114;114;114m██[38;2;107;108;107m██[38;2;108;108;108m██[38;2;86;86;86m██[38;2;94;97;94m██[38;2;39;41;39m██[38;2;0;0;0m        
[38;2;0;0;0m        [38;2;34;34;34m██[38;2;65;64;65m██[38;2;132;139;142m██[38;2;90;91;93m██[38;2;99;101;98m██[38;2;100;102;99m██[38;2;139;145;147m██[38;2;70;70;70m██[38;2;76;76;76m██[38;2;86;87;86m██[38;2;107;106;107m██[38;2;109;110;109m██[38;2;96;98;96m██[38;2;94;95;94m██[38;2;113;114;113m██[38;2;88;88;88m██[38;2;62;63;62m██[38;2;3;4;3m  [38;2;0;0;0m        
[38;2;0;0;0m          [38;2;130;139;142m██[38;2;86;87;88m██[38;2;96;98;100m██[38;2;107;110;113m██[38;2;85;87;85m██[38;2;109;114;116m██[38;2;70;70;70m██[38;2;72;72;72m██[38;2;86;88;86m██[38;2;96;97;96m██  [38;2;93;93;93m██[38;2;83;98;115m██[38;2;86;87;88m██[38;2;104;102;104m██[38;2;0;2;0m  [38;2;0;0;0m          
[38;2;0;0;0m          [38;2;7;8;8m  [38;2;116;121;120m██[38;2;138;144;147m██[38;2;130;140;143m██[38;2;123;131;134m██[38;2;69;68;69m██[38;2;70;70;70m██[38;2;72;72;72m██[38;2;86;88;86m██[38;2;67;66;67m████[38;2;65;64;65m██[38;2;65;98;141m██[38;2;115;119;121m██[38;2;62;62;62m██[38;2;0;0;0m            
[38;2;0;0;0m          [38;2;110;114;113m██[38;2;105;108;105m██[38;2;118;122;122m██[38;2;129;135;138m██[38;2;118;122;122m██[38;2;129;136;137m██[38;2;126;133;134m██[38;2;79;79;76m██[38;2;91;111;137m██[38;2;112;115;117m██[38;2;98;99;98m██[38;2;73;118;155m██[38;2;78;79;78m██[38;2;105;106;105m██[38;2;102;104;102m██[38;2;0;3;0m  [38;2;0;0;0m          
[38;2;0;0;0m          [38;2;131;139;142m██[38;2;137;144;147m██[38;2;96;98;95m██[38;2;114;117;119m██[38;2;95;97;93m██[38;2;124;128;129m██[38;2;133;137;137m██[38;2;89;157;209m██[38;2;100;103;103m██[38;2;116;116;117m██[38;2;95;97;95m██[38;2;94;96;94m██[38;2;116;117;116m██[38;2;95;97;95m██[38;2;118;117;118m██[38;2;0;0;0m            
[38;2;0;0;0m        [38;2;42;44;45m██[38;2;115;120;119m██[38;2;127;132;134m██[38;2;96;98;95m██[38;2;137;145;147m██[38;2;133;139;141m██[38;2;108;112;110m██[38;2;113;117;115m██[38;2;91;127;154m██[38;2;87;117;152m██[38;2;106;107;105m██[38;2;109;110;109m██[38;2;114;114;114m██[38;2;116;117;116m██[38;2;106;107;106m██[38;2;106;106;106m██[38;2;56;56;56m  [38;2;0;0;0m          
[38;2;0;0;0m  [38;2;1;1;1m██[38;2;0;0;0m    [38;2;57;61;62m██[38;2;138;145;147m██[38;2;94;97;94m██[38;2;94;96;92m██[38;2;119;123;126m██[38;2;99;102;99m██[38;2;137;144;147m██[38;2;131;138;138m██[38;2;97;101;100m██[38;2;80;137;208m██[38;2;117;117;116m██[38;2;109;110;109m██[38;2;114;114;114m██[38;2;95;97;95m████[38;2;116;116;116m██[38;2;112;112;112m██[38;2;0;0;0m          
[38;2;23;33;45m██[38;2;88;102;108m██[38;2;0;0;0m    [38;2;77;80;81m██[38;2;138;144;146m██[38;2;80;121;169m██[38;2;65;66;68m██[38;2;78;100;116m██[38;2;97;99;96m██[38;2;116;120;119m██[38;2;114;116;113m██[38;2;89;158;211m██[38;2;97;99;97m  [38;2;105;106;105m██[38;2;102;104;102m██[38;2;105;106;105m██[38;2;117;118;117m██[38;2;117;117;117m██[38;2;106;107;106m██[38;2;103;104;103m██[38;2;21;22;21m  [38;2;0;0;0m  [38;2;33;34;33m  [38;2;47;48;47m██[38;2;9;9;9m  
[38;2;16;16;16m  [38;2;83;85;83m██[38;2;0;0;0m  [38;2;7;7;7m  [38;2;121;125;128m██[38;2;97;99;96m██[38;2;115;119;118m██[38;2;133;139;141m██[38;2;68;67;68m██[38;2;100;102;99m██[38;2;137;145;147m██[38;2;128;135;138m██[38;2;94;97;97m██[38;2;79;137;210m██[38;2;117;118;116m██[38;2;117;117;117m██[38;2;97;99;97m██[38;2;115;115;115m████[38;2;95;97;95m██[38;2;97;98;97m██[38;2;54;53;54m██[38;2;0;0;0m  [38;2;63;64;63m██[38;2;89;90;89m██[38;2;17;17;17m██
[38;2;0;0;0m    [38;2;13;12;13m  [38;2;127;132;135m██[38;2;137;145;147m██[38;2;138;145;147m██[38;2;107;110;108m██[38;2;118;123;123m██[38;2;104;107;106m██[38;2;97;99;95m██[38;2;129;135;136m██[38;2;132;137;138m██[38;2;92;134;164m██[38;2;91;116;146m  [38;2;118;118;118m██[38;2;103;103;103m██[38;2;96;97;96m██[38;2;102;103;102m██[38;2;107;108;107m██[38;2;105;107;105m██[38;2;117;117;117m██[38;2;119;118;119m██[38;2;50;40;31m██[38;2;77;80;82m██[38;2;37;38;37m██[38;2;7;7;7m  
[38;2;0;0;0m  [38;2;52;51;52m██[38;2;72;77;85m██[38;2;61;61;62m██[38;2;52;55;56m  [38;2;86;88;85m██[38;2;131;137;140m██[38;2;135;143;145m██[38;2;120;124;124m██[38;2;100;102;99m██[38;2;112;116;115m██[38;2;100;102;97m██[38;2;89;152;200m██[38;2;83;84;83m██[38;2;65;64;65m██[38;2;83;82;83m██[38;2;116;116;116m██[38;2;106;107;106m██[38;2;116;117;116m██[38;2;95;96;95m██[38;2;101;101;101m  [38;2;31;33;31m  [38;2;90;161;216m██[38;2;29;34;37m██[38;2;0;0;0m    
[38;2;10;10;10m  [38;2;60;59;60m██[38;2;51;70;96m  [38;2;2;2;2m  [38;2;0;0;0m    [38;2;26;27;28m  [38;2;51;54;55m██[38;2;95;99;101m██[38;2;100;102;99m██[38;2;137;145;147m██[38;2;130;137;138m██[38;2;101;104;97m██[38;2;67;83;96m██[38;2;67;77;87m██[38;2;83;85;83m██[38;2;111;110;111m██[38;2;37;40;37m██[38;2;45;44;45m██[38;2;0;0;0m      [38;2;41;41;41m██[38;2;53;52;53m██[38;2;0;0;0m    
[38;2;25;26;25m  [38;2;97;97;97m██[38;2;5;5;5m  [38;2;0;0;0m              [38;2;77;81;83m  [38;2;115;121;120m██[38;2;101;102;91m██[38;2;65;64;65m████[38;2;55;54;55m  [38;2;0;0;0m            [38;2;16;19;25m██[38;2;70;98;119m██[38;2;0;0;0m    
[38;2;8;8;8m  [38;2;55;63;76m██[38;2;64;93;135m██[38;2;4;4;4m  [38;2;0;0;0m              [38;2;6;6;6m  [38;2;83;82;82m██[38;2;101;100;101m██[38;2;37;36;37m██[38;2;0;0;0m              [38;2;46;44;46m██[38;2;33;35;38m██[38;2;0;0;0m    
[38;2;0;0;0m  [38;2;15;7;0m  [38;2;41;49;62m██[38;2;6;6;6m  [38;2;0;0;0m                [38;2;71;70;71m  [38;2;88;89;88m██[38;2;31;31;31m██[38;2;0;0;0m              [38;2;65;122;196m██[38;2;22;22;22m██[38;2;0;0;0m    
[38;2;0;0;0m                          [38;2;112;112;112m██[38;2;118;116;118m██[38;2;0;0;0m              [38;2;19;19;19m██[38;2;6;6;6m  [38;2;0;0;0m    
[38;2;0;0;0m                        [38;2;86;85;86m██[38;2;99;101;99m██[38;2;60;59;60m██[38;2;0;0;0m                      
[38;2;0;0;0m                        [38;2;22;22;22m  [38;2;30;30;30m██[38;2;5;5;5m  [38;2;0;0;0m                      [0m
