
[38;2;0;0;0m                    [38;2;14;10;6m  [38;2;57;41;26m██[38;2;0;0;0m                
[38;2;0;0;0m                    [38;2;56;39;25m██[38;2;224;157;101m██[38;2;0;0;0m                
[38;2;0;0;0m    [38;2;30;60;16m██[38;2;14;42;9m██[38;2;0;0;0m              [38;2;166;115;74m██[38;2;180;125;82m██[38;2;57;39;26m██[38;2;195;134;89m██[38;2;41;28;20m██[38;2;0;0;0m        
[38;2;0;0;0m  [38;2;0;3;0m  [38;2;92;186;50m██[38;2;53;163;33m██[38;2;0;0;0m            [38;2;41;28;18m  [38;2;208;144;92m██[38;2;141;97;69m██[38;2;58;40;28m██[38;2;39;26;18m██[38;2;10;7;5m  [38;2;0;0;0m        
[38;2;0;0;0m    [38;2;46;120;33m██[38;2;77;118;59m██[38;2;43;90;29m██[38;2;6;9;5m  [38;2;0;0;0m    [38;2;101;70;46m██[38;2;227;159;106m██[38;2;188;130;90m██[38;2;188;129;89m██[38;2;41;28;18m  [38;2;0;0;0m              
[38;2;0;0;0m  [38;2;9;2;9m  [38;2;51;61;34m██[38;2;88;163;54m██[38;2;70;190;45m██[38;2;13;39;8m██[38;2;0;0;0m    [38;2;227;160;107m██[38;2;227;158;105m██[38;2;219;152;101m██[38;2;219;151;100m██[38;2;206;142;94m██[38;2;41;28;18m  [38;2;0;0;0m            
[38;2;32;60;16m██[38;2;90;216;50m██[38;2;71;134;44m██[38;2;89;142;55m██[38;2;39;120;24m██[38;2;9;30;6m  [38;2;0;0;0m  [38;2;166;115;74m██[38;2;199;183;169m██[38;2;213;155;109m██[38;2;226;169;122m██[38;2;220;151;101m██[38;2;220;152;101m██[38;2;55;38;25m██[38;2;0;0;0m            
[38;2;13;42;9m██[38;2;61;166;38m██[38;2;79;94;59m██[38;2;67;49;41m██[38;2;0;0;0m    [38;2;41;28;18m  [38;2;208;144;92m██[38;2;180;125;80m██[38;2;186;160;131m██[38;2;111;83;65m██[38;2;220;151;101m████[38;2;55;38;25m██[38;2;0;0;0m      [38;2;78;144;41m  [38;2;66;134;36m██[38;2;13;37;9m  
[38;2;0;0;0m    [38;2;32;22;16m  [38;2;131;88;67m██[38;2;0;0;0m    [38;2;55;38;24m██[38;2;134;103;80m██[38;2;182;131;90m██[38;2;183;131;90m██[38;2;192;136;93m██[38;2;220;151;101m██[38;2;166;115;74m██[38;2;0;0;0m  [38;2;8;16;4m  [38;2;26;51;13m██[38;2;34;48;34m██[38;2;62;161;43m██[38;2;63;181;41m██[38;2;12;39;8m██
[38;2;0;0;0m      [38;2;125;85;62m██[38;2;98;66;50m  [38;2;6;3;4m  [38;2;142;99;69m██[38;2;220;152;100m██[38;2;181;130;92m████[38;2;191;135;94m██[38;2;220;151;101m██[38;2;41;28;18m  [38;2;0;0;0m  [38;2;22;53;13m██[38;2;81;197;50m██[38;2;54;143;40m██[38;2;59;92;54m██[38;2;49;76;45m██[38;2;3;9;2m  
[38;2;0;0;0m        [38;2;98;66;50m██[38;2;146;101;73m██[38;2;225;157;108m██[38;2;220;151;101m██[38;2;219;152;101m██[38;2;219;151;101m██[38;2;219;151;100m██[38;2;209;144;97m██[38;2;0;0;0m    [38;2;9;30;7m  [38;2;53;132;34m██[38;2;57;128;47m██[38;2;69;101;62m██[38;2;13;37;9m  [38;2;0;0;0m  
[38;2;0;0;0m          [38;2;26;18;12m  [38;2;215;150;99m██[38;2;220;151;101m██[38;2;239;191;76m██[38;2;219;151;101m██[38;2;219;151;100m██[38;2;208;143;95m██[38;2;124;86;55m  [38;2;0;0;0m  [38;2;43;30;22m  [38;2;144;101;77m██[38;2;69;99;65m██[38;2;82;200;53m██[38;2;43;127;27m██[38;2;0;0;0m  
[38;2;0;0;0m            [38;2;221;153;99m██[38;2;246;205;68m██[38;2;239;191;76m██[38;2;219;151;101m██[38;2;220;151;100m██[38;2;124;96;78m██[38;2;166;115;74m████[38;2;124;86;55m  [38;2;0;0;0m  [38;2;9;30;6m  [38;2;36;119;24m██[38;2;27;89;18m  [38;2;0;0;0m  
[38;2;0;0;0m            [38;2;240;192;75m██[38;2;226;165;92m██[38;2;219;151;101m████[38;2;221;153;101m██[38;2;89;61;42m██[38;2;0;0;0m                
[38;2;0;0;0m            [38;2;240;192;75m██[38;2;220;151;101m██[38;2;219;152;101m██[38;2;239;191;76m██[38;2;203;140;94m██[38;2;39;26;18m██[38;2;0;0;0m                
[38;2;0;0;0m            [38;2;221;153;99m██[38;2;220;151;101m██[38;2;239;191;76m██[38;2;219;151;101m██[38;2;207;143;97m██[38;2;42;29;22m██[38;2;0;0;0m                
[38;2;0;0;0m            [38;2;51;35;23m██[38;2;215;148;97m██[38;2;239;191;76m██[38;2;211;146;96m██[38;2;167;115;82m██[38;2;167;115;85m██[38;2;0;0;0m                
[38;2;0;0;0m            [38;2;137;94;69m██[38;2;178;122;84m██[38;2;180;125;89m██[38;2;172;118;83m██[38;2;169;115;82m██[38;2;167;115;82m██[38;2;95;65;49m  [38;2;0;0;0m              
[38;2;0;0;0m          [38;2;127;87;65m██[38;2;150;106;83m██[38;2;118;84;63m██[38;2;166;124;44m██[38;2;168;116;84m██[38;2;97;78;67m██[38;2;211;145;95m██[38;2;126;87;66m██[38;2;0;0;0m              
[38;2;0;0;0m          [38;2;31;21;16m  [38;2;137;94;71m██[38;2;10;7;5m    [38;2;41;29;26m██[38;2;60;41;35m██[38;2;208;143;95m██[38;2;77;54;46m██[38;2;0;0;2m  [38;2;0;0;0m            
[38;2;0;0;0m          [38;2;95;65;49m  [38;2;126;86;64m██[38;2;30;21;15m  [38;2;0;0;0m      [38;2;92;63;46m  [38;2;111;74;56m██[38;2;12;8;5m  [38;2;0;0;0m            
[38;2;0;0;0m                      [38;2;124;86;55m  [38;2;202;137;95m██[38;2;39;27;18m██[38;2;0;0;0m            [0m
