
[38;2;0;0;0m                          [38;2;47;45;14m  [38;2;0;0;4m  [38;2;0;0;0m  [38;2;16;15;4m  [38;2;66;42;20m██[38;2;0;0;0m                
[38;2;0;0;0m                        [38;2;198;185;50m██[38;2;138;130;48m██[38;2;47;45;27m  [38;2;149;139;38m  [38;2;163;152;41m██[38;2;56;35;17m██[38;2;0;0;0m                
[38;2;0;0;0m                    [38;2;76;71;19m██[38;2;210;196;53m██[38;2;179;168;65m██[38;2;130;107;69m██[38;2;241;198;67m██[38;2;212;146;71m██[38;2;14;14;14m  [38;2;35;20;13m  [38;2;47;26;17m████[38;2;35;20;14m  [38;2;0;0;0m          
[38;2;0;0;0m                  [38;2;156;146;39m  [38;2;255;153;82m██[38;2;255;216;69m██[38;2;229;214;65m██[38;2;254;173;76m██[38;2;246;142;80m██[38;2;229;128;79m██[38;2;139;82;60m██[38;2;151;85;57m██[38;2;126;70;47m██[38;2;28;16;10m██[38;2;21;12;8m  [38;2;0;0;0m          
[38;2;0;0;0m                  [38;2;126;66;42m  [38;2;254;152;81m██[38;2;254;203;71m██[38;2;254;135;85m██[38;2;254;135;84m██[38;2;253;136;84m██[38;2;184;102;66m██[38;2;104;59;41m██[38;2;26;14;10m  [38;2;0;0;0m                
[38;2;0;0;0m                    [38;2;254;136;82m██[38;2;254;136;84m██████[38;2;199;106;66m██[38;2;25;14;9m██[38;2;0;0;0m                    
[38;2;0;0;0m                    [38;2;63;34;21m██[38;2;254;135;84m██[38;2;254;136;84m██[38;2;254;136;82m██[38;2;72;39;23m  [38;2;0;0;0m                      
[38;2;0;0;0m                    [38;2;63;34;20m██[38;2;254;136;82m██[38;2;254;136;84m██[38;2;254;136;82m██[38;2;19;10;6m  [38;2;0;0;0m                      
[38;2;0;0;0m            [38;2;0;0;1m  [38;2;46;42;20m    [38;2;0;0;1m  [38;2;0;0;0m  [38;2;191;102;61m██[38;2;254;135;84m██[38;2;254;136;82m██[38;2;110;59;35m  [38;2;0;0;0m                      
[38;2;0;0;0m  [38;2;119;112;38m  [38;2;179;167;57m  [38;2;0;0;0m      [38;2;197;183;54m██[38;2;128;116;54m████[38;2;17;15;9m  [38;2;0;0;0m  [38;2;191;102;61m██[38;2;254;136;84m██[38;2;254;136;82m██[38;2;179;96;57m  [38;2;0;0;0m      [38;2;239;223;61m██[38;2;59;55;15m  [38;2;0;0;0m            
[38;2;17;15;6m  [38;2;145;128;58m██[38;2;197;171;78m██[38;2;116;105;44m██[38;2;9;8;7m  [38;2;149;137;99m██[38;2;187;176;143m██[38;2;85;77;73m██[38;2;120;95;67m██[38;2;231;131;78m██[38;2;151;81;49m██[38;2;254;136;84m██[38;2;152;103;71m██[38;2;142;141;138m██[38;2;87;87;87m  [38;2;0;0;0m  [38;2;29;27;7m  [38;2;219;205;54m██[38;2;254;238;63m████[38;2;0;0;0m    [38;2;30;28;8m  [38;2;171;161;45m██[38;2;110;100;40m██[38;2;0;0;0m  
[38;2;49;46;20m██[38;2;191;163;79m██[38;2;148;137;57m██[38;2;180;155;73m██[38;2;123;117;64m██[38;2;172;160;111m██[38;2;207;207;207m██[38;2;122;116;56m██[38;2;119;114;63m██[38;2;70;91;89m██[38;2;254;136;82m████[38;2;118;116;111m██[38;2;118;185;195m██[38;2;114;109;71m██[38;2;62;58;37m  [38;2;176;159;107m██[38;2;240;225;82m██[38;2;254;238;63m████[38;2;189;174;56m  [38;2;189;174;49m  [38;2;251;234;64m██[38;2;174;163;56m██[38;2;144;135;53m██[38;2;35;33;13m  
[38;2;40;36;17m██[38;2;163;140;66m██[38;2;171;146;69m██[38;2;150;130;73m██[38;2;177;165;72m██[38;2;201;193;167m██[38;2;80;74;65m██[38;2;123;117;56m██[38;2;119;112;64m██[38;2;130;145;85m██[38;2;106;97;90m██[38;2;125;94;69m██[38;2;158;167;167m██[38;2;77;118;107m██[38;2;94;100;75m██[38;2;114;108;48m██[38;2;234;229;197m██[38;2;233;216;71m██[38;2;240;225;61m██[38;2;240;225;62m██[38;2;236;218;68m██[38;2;236;218;65m██[38;2;200;187;59m██[38;2;241;225;63m██[38;2;186;174;58m██[38;2;36;34;13m██
[38;2;0;0;0m  [38;2;5;5;0m  [38;2;197;170;78m██[38;2;108;99;67m██[38;2;230;212;80m██[38;2;229;223;220m██[38;2;77;75;65m██[38;2;123;117;56m██[38;2;74;68;64m██[38;2;194;198;83m██[38;2;103;89;87m██[38;2;127;95;69m██[38;2;105;123;125m██[38;2;89;115;129m██[38;2;174;180;72m  [38;2;60;57;36m  [38;2;180;162;111m██[38;2;240;224;82m██[38;2;225;210;60m██[38;2;145;136;54m██[38;2;253;236;65m██[38;2;205;180;75m██[38;2;228;212;62m██[38;2;147;138;54m██[38;2;223;209;61m██[38;2;35;33;13m  
[38;2;0;0;0m      [38;2;22;22;22m  [38;2;241;224;73m██[38;2;201;195;172m██[38;2;77;73;65m██[38;2;123;117;55m██[38;2;134;126;54m██[38;2;82;76;63m██[38;2;156;99;72m██[38;2;229;127;79m██[38;2;147;95;71m██[38;2;71;69;65m██[38;2;28;28;26m  [38;2;103;103;103m  [38;2;230;225;223m██[38;2;230;212;80m██[38;2;172;136;60m██[38;2;172;137;60m██[38;2;207;188;94m██[38;2;142;131;75m██[38;2;143;132;59m██[38;2;117;109;29m██[38;2;22;22;22m  [38;2;0;0;0m  
[38;2;0;0;0m        [38;2;228;210;72m██[38;2;226;220;213m██[38;2;91;80;73m██[38;2;117;111;59m██[38;2;66;64;65m██[38;2;207;194;65m██[38;2;76;74;67m██████[38;2;69;68;67m██[38;2;209;195;65m██[38;2;124;120;117m██[38;2;180;160;111m██[38;2;250;233;65m██[38;2;173;135;79m██[38;2;179;137;116m██[38;2;229;212;71m██[38;2;179;154;84m██[38;2;0;0;0m        
[38;2;0;0;0m        [38;2;113;101;47m██[38;2;210;194;93m██[38;2;162;158;132m██[38;2;77;72;66m██[38;2;83;80;64m██[38;2;137;130;63m██[38;2;123;118;79m██[38;2;93;91;84m██[38;2;97;95;84m██[38;2;91;88;84m██[38;2;182;162;69m██[38;2;210;208;207m██[38;2;180;160;111m██[38;2;174;161;65m██[38;2;196;187;161m██[38;2;199;180;94m██[38;2;186;171;65m██[38;2;185;158;82m██[38;2;0;0;0m        
[38;2;0;0;0m        [38;2;42;36;18m  [38;2;107;95;77m██[38;2;94;92;90m██[38;2;69;67;65m██[38;2;141;133;53m██[38;2;96;85;62m██[38;2;126;87;70m██[38;2;255;137;81m██[38;2;216;124;78m██[38;2;93;77;66m██[38;2;76;69;65m██[38;2;119;112;107m██[38;2;239;223;65m██[38;2;175;161;61m██[38;2;223;216;198m██[38;2;178;157;81m██[38;2;159;144;63m██[38;2;47;40;20m██[38;2;0;0;0m        
[38;2;0;0;0m          [38;2;117;84;67m██[38;2;211;210;201m██[38;2;69;67;65m██[38;2;47;44;27m██[38;2;109;75;58m██[38;2;240;129;78m████[38;2;210;115;72m██[38;2;255;137;81m██[38;2;160;103;72m██[38;2;158;100;72m██[38;2;171;166;146m██[38;2;170;146;79m██[38;2;178;154;72m████[38;2;159;136;69m██[38;2;17;15;7m  [38;2;0;0;0m        
[38;2;0;0;0m          [38;2;123;108;98m██[38;2;193;181;171m██[38;2;18;17;17m██[38;2;0;0;0m  [38;2;26;28;25m  [38;2;126;80;57m██[38;2;254;136;84m██[38;2;132;85;66m██[38;2;194;114;76m██[38;2;211;117;73m██[38;2;155;139;126m██[38;2;193;192;187m██[38;2;88;78;56m██[38;2;116;101;59m  [38;2;0;0;0m              
[38;2;0;0;0m          [38;2;24;18;14m  [38;2;71;63;53m██[38;2;6;6;5m  [38;2;0;0;0m  [38;2;142;83;57m██[38;2;136;81;57m██[38;2;212;113;73m██[38;2;101;82;65m██[38;2;88;70;64m██[38;2;224;120;75m██[38;2;130;114;105m██[38;2;81;79;66m██[38;2;43;39;30m██[38;2;0;0;4m  [38;2;0;0;0m              
[38;2;0;0;0m            [38;2;61;59;51m██[38;2;0;0;0m  [38;2;59;32;19m██[38;2;155;89;59m██[38;2;52;30;23m  [38;2;52;28;18m  [38;2;138;78;52m██[38;2;159;95;68m██[38;2;88;70;63m████[38;2;61;59;51m██[38;2;0;0;0m                  
[38;2;0;0;0m            [38;2;18;17;15m  [38;2;0;0;0m  [38;2;11;6;4m    [38;2;0;0;0m    [38;2;39;22;15m██[38;2;159;89;60m██[38;2;122;79;62m████[38;2;18;17;15m  [38;2;0;0;0m                  
[38;2;0;0;0m                          [38;2;93;52;35m  [38;2;159;89;60m██[38;2;39;22;15m██[38;2;0;0;0m                    
[38;2;0;0;0m                            [38;2;41;23;15m██[38;2;10;5;3m  [38;2;0;0;0m                    [0m
