            [38;2;7;7;7m[48;2;7;7;7m▀[0m[38;2;7;7;7m[48;2;249;249;249m▀[0m[38;2;7;7;7m▄      
          [38;2;7;7;7m▄[38;2;7;7;7m[48;2;249;249;249m▀[0m[38;2;7;7;7m[48;2;179;191;207m▀[0m[38;2;179;191;207m[48;2;7;7;7m▀[0m[38;2;7;7;7m▀      
      [38;2;7;7;7m▄[38;2;7;7;7m▄[38;2;7;7;7m[48;2;249;249;249m▀[0m[38;2;7;7;7m[48;2;155;159;165m▀[0m[38;2;82;82;82m[48;2;179;191;207m▀[0m[38;2;82;82;82m[48;2;249;249;249m▀[0m[38;2;7;7;7m[48;2;179;191;207m▀[0m[38;2;7;7;7m▄[38;2;7;7;7m▄      
    [38;2;7;7;7m▄[38;2;7;7;7m[48;2;179;191;207m▀[0m[38;2;249;249;249m[48;2;249;249;249m▀[0m[38;2;155;159;165m[48;2;249;249;249m▀[0m[38;2;179;191;207m[48;2;155;159;165m▀[0m[38;2;249;249;249m[48;2;155;159;165m▀[0m[38;2;155;159;165m[48;2;179;191;207m▀[0m[38;2;155;159;165m[48;2;249;249;249m▀[0m[38;2;249;249;249m[48;2;249;249;249m▀[0m[38;2;179;191;207m[48;2;249;249;249m▀[0m[38;2;155;159;165m[48;2;155;159;165m▀[0m[38;2;7;7;7m[48;2;249;249;249m▀[0m[38;2;7;7;7m▄    
   [38;2;7;7;7m▄[38;2;7;7;7m[48;2;249;249;249m▀[0m[38;2;155;159;165m[48;2;249;249;249m▀[0m[38;2;249;249;249m[48;2;155;159;165m▀[0m[38;2;155;159;165m[48;2;249;249;249m▀[0m[38;2;249;249;249m[48;2;155;159;165m▀[0m[38;2;249;249;249m[48;2;155;159;165m▀[0m[38;2;249;249;249m[48;2;249;249;249m▀[0m[38;2;179;191;207m[48;2;155;159;165m▀[0m[38;2;155;159;165m[48;2;249;249;249m▀[0m[38;2;155;159;165m[48;2;249;249;249m▀[0m[38;2;249;249;249m[48;2;249;249;249m▀[0m[38;2;179;191;207m[48;2;179;191;207m▀[0m[38;2;7;7;7m[48;2;155;159;165m▀[0m[38;2;7;7;7m▄   
 [38;2;7;7;7m▄[38;2;7;7;7m[48;2;179;191;207m▀[0m[38;2;82;82;82m[48;2;82;82;82m▀[0m[38;2;179;191;207m[48;2;82;82;82m▀[0m[38;2;249;249;249m[48;2;82;82;82m▀[0m[38;2;155;159;165m[48;2;179;191;207m▀[0m[38;2;249;249;249m[48;2;179;191;207m▀[0m[38;2;249;249;249m[48;2;82;82;82m▀[0m[38;2;249;249;249m[48;2;155;159;165m▀[0m[38;2;155;159;165m[48;2;249;249;249m▀[0m[38;2;249;249;249m[48;2;249;249;249m▀[0m[38;2;179;191;207m[48;2;155;159;165m▀[0m[38;2;155;159;165m[48;2;249;249;249m▀[0m[38;2;179;191;207m[48;2;155;159;165m▀[0m[38;2;249;249;249m[48;2;249;249;249m▀[0m[38;2;249;249;249m[48;2;249;249;249m▀[0m[38;2;7;7;7m[48;2;7;7;7m▀[0m[38;2;7;7;7m▄  
 [38;2;7;7;7m▀[38;2;82;82;82m[48;2;7;7;7m▀[0m[38;2;82;82;82m[48;2;252;255;82m▀[0m[38;2;252;255;82m[48;2;249;249;249m▀[0m[38;2;193;168;80m[48;2;252;255;82m▀[0m[38;2;82;82;82m[48;2;252;255;82m▀[0m[38;2;82;82;82m[48;2;252;255;82m▀[0m[38;2;193;168;80m[48;2;252;255;82m▀[0m[38;2;82;82;82m[48;2;193;168;80m▀[0m[38;2;155;159;165m[48;2;82;82;82m▀[0m[38;2;155;159;165m[48;2;249;249;249m▀[0m[38;2;249;249;249m[48;2;82;82;82m▀[0m[38;2;249;249;249m[48;2;82;82;82m▀[0m[38;2;155;159;165m[48;2;82;82;82m▀[0m[38;2;155;159;165m[48;2;82;82;82m▀[0m[38;2;179;191;207m[48;2;155;159;165m▀[0m[38;2;82;82;82m[48;2;82;82;82m▀[0m[38;2;179;191;207m[48;2;7;7;7m▀[0m[38;2;7;7;7m[48;2;179;191;207m▀[0m[38;2;7;7;7m▄
  [38;2;7;7;7m[48;2;7;7;7m▀[0m[38;2;249;249;249m[48;2;66;66;66m▀[0m[38;2;66;66;66m[48;2;179;191;207m▀[0m[38;2;249;249;249m[48;2;252;255;82m▀[0m[38;2;252;255;82m[48;2;252;255;82m▀[0m[38;2;252;255;82m[48;2;249;249;249m▀[0m[38;2;249;249;249m[48;2;66;66;66m▀[0m[38;2;252;255;82m[48;2;249;249;249m▀[0m[38;2;252;255;82m[48;2;252;255;82m▀[0m[38;2;82;82;82m[48;2;154;102;31m▀[0m[38;2;193;168;80m[48;2;193;168;80m▀[0m[38;2;154;102;31m[48;2;193;168;80m▀[0m[38;2;193;168;80m[48;2;154;102;31m▀[0m[38;2;252;255;82m[48;2;154;102;31m▀[0m[38;2;82;82;82m[48;2;7;7;7m▀[0m[38;2;7;7;7m▀ [38;2;7;7;7m▀[38;2;7;7;7m▀
[38;2;7;7;7m[48;2;7;7;7m▀[0m[38;2;7;7;7m[48;2;252;255;82m▀[0m[38;2;82;82;82m[48;2;193;168;80m▀[0m[38;2;252;255;82m[48;2;154;102;31m▀[0m[38;2;252;255;82m[48;2;252;255;82m▀[0m[38;2;252;255;82m[48;2;154;102;31m▀[0m[38;2;252;255;82m[48;2;252;255;82m▀[0m[38;2;252;255;82m[48;2;252;255;82m▀[0m[38;2;179;191;207m[48;2;252;255;82m▀[0m[38;2;66;66;66m[48;2;154;102;31m▀[0m[38;2;155;159;165m[48;2;154;102;31m▀[0m[38;2;154;102;31m[48;2;193;168;80m▀[0m[38;2;82;82;82m[48;2;252;255;82m▀[0m[38;2;252;255;82m[48;2;82;82;82m▀[0m[38;2;252;255;82m[48;2;68;204;17m▀[0m[38;2;82;82;82m[48;2;82;82;82m▀[0m[38;2;68;204;17m[48;2;114;142;62m▀[0m[38;2;7;7;7m[48;2;7;7;7m▀[0m   
 [38;2;7;7;7m▀[38;2;154;102;31m[48;2;7;7;7m▀[0m[38;2;154;102;31m[48;2;114;142;62m▀[0m[38;2;252;255;82m[48;2;7;7;7m▀[0m[38;2;7;7;7m▀[38;2;252;255;82m[48;2;7;7;7m▀[0m[38;2;7;7;7m▀[38;2;193;168;80m[48;2;7;7;7m▀[0m[38;2;252;255;82m[48;2;193;168;80m▀[0m[38;2;154;102;31m[48;2;252;255;82m▀[0m[38;2;82;82;82m[48;2;7;7;7m▀[0m[38;2;68;204;17m[48;2;114;142;62m▀[0m[38;2;82;82;82m[48;2;68;204;17m▀[0m[38;2;114;142;62m[48;2;82;82;82m▀[0m[38;2;68;204;17m[48;2;114;142;62m▀[0m[38;2;7;7;7m[48;2;7;7;7m▀[0m    
  [38;2;7;7;7m▀[38;2;7;7;7m▀     [38;2;7;7;7m▀[38;2;7;7;7m▀ [38;2;7;7;7m[48;2;7;7;7m▀[0m[38;2;68;204;17m[48;2;114;142;62m▀[0m[38;2;82;82;82m[48;2;7;7;7m▀[0m[38;2;7;7;7m▀     
            [38;2;7;7;7m▀[38;2;7;7;7m▀       
[0m