
[38;2;0;0;0m                                  [38;2;64;63;66m██[38;2;2;2;2m  [38;2;0;0;0m              
[38;2;0;0;0m                                [38;2;168;168;176m  [38;2;235;234;245m██[38;2;192;191;201m██[38;2;0;0;0m              
[38;2;0;0;0m                          [38;2;31;28;50m  [38;2;0;0;0m  [38;2;29;28;30m  [38;2;217;216;227m██[38;2;235;233;245m██[38;2;234;233;246m██[38;2;13;13;14m  [38;2;83;82;87m██[38;2;35;35;36m  [38;2;0;0;0m        
[38;2;0;0;0m                          [38;2;89;79;143m██[38;2;0;0;0m  [38;2;82;81;85m██[38;2;235;234;246m██████[38;2;141;141;151m██[38;2;235;234;246m██[38;2;99;98;104m██[38;2;0;0;0m        
[38;2;0;0;0m                          [38;2;125;110;199m██[38;2;55;48;92m██[38;2;98;97;100m██[38;2;162;159;166m██[38;2;236;233;246m██[38;2;235;234;245m██[38;2;212;207;213m██[38;2;179;172;172m██[38;2;179;173;172m██[38;2;23;25;22m  [38;2;0;0;0m      
[38;2;0;0;0m                        [38;2;46;40;52m  [38;2;88;110;150m██[38;2;72;75;90m██[38;2;111;195;242m██[38;2;105;195;242m██[38;2;116;113;113m██[38;2;181;175;173m██[38;2;179;174;172m██[38;2;71;70;71m██[38;2;179;173;172m██[38;2;77;75;76m██[38;2;176;168;168m██[38;2;0;0;0m    
[38;2;0;0;0m            [38;2;17;19;18m  [38;2;39;44;42m██[38;2;73;81;78m██[38;2;34;37;36m  [38;2;44;38;64m  [38;2;50;65;73m██[38;2;117;192;236m██[38;2;78;117;145m██[38;2;103;168;220m██[38;2;108;198;246m██[38;2;106;198;245m██[38;2;97;170;209m██[38;2;118;117;117m██[38;2;92;90;90m██[38;2;179;174;172m██[38;2;145;140;139m██[38;2;179;173;171m██[38;2;179;173;172m██[38;2;0;0;0m    
[38;2;0;0;0m            [38;2;2;2;4m  [38;2;69;77;74m██[38;2;73;81;78m██[38;2;61;68;65m  [38;2;39;34;57m  [38;2;192;204;171m██[38;2;92;162;201m██[38;2;68;128;157m██[38;2;104;191;236m██[38;2;68;88;89m██[38;2;61;109;129m██[38;2;104;193;239m██[38;2;69;77;82m██[38;2;103;192;238m██[38;2;54;54;51m  [38;2;97;95;93m  [38;2;166;160;159m██[38;2;138;134;133m██[38;2;60;59;59m██[38;2;3;2;2m  
[38;2;0;0;0m            [38;2;46;40;79m██[38;2;1;1;1m  [38;2;29;32;30m██[38;2;0;0;0m  [38;2;100;100;100m  [38;2;233;207;123m██[38;2;90;120;124m██[38;2;93;149;177m██[38;2;145;166;171m██[38;2;226;201;125m██[38;2;118;127;123m██[38;2;124;153;163m██[38;2;81;117;136m██[38;2;69;127;153m██[38;2;0;0;0m    [38;2;63;60;60m  [38;2;46;45;44m  [38;2;179;172;172m██[38;2;48;46;46m██
[38;2;0;0;0m    [38;2;28;30;30m  [38;2;71;71;72m██[38;2;100;105;104m██[38;2;70;70;71m██[38;2;0;0;0m      [38;2;24;24;25m  [38;2;233;233;242m██[38;2;92;91;92m██[38;2;211;211;211m██[38;2;128;120;100m██[38;2;183;162;106m██[38;2;150;146;129m██[38;2;237;236;235m██[38;2;176;184;188m██[38;2;96;115;124m██[38;2;40;43;42m██[38;2;0;0;0m        [38;2;124;120;118m  [38;2;0;0;0m  
[38;2;0;0;0m      [38;2;86;90;89m██[38;2;103;109;108m██[38;2;97;103;101m██[38;2;0;0;0m        [38;2;50;50;52m  [38;2;224;222;229m██[38;2;120;123;128m██[38;2;222;238;239m██[38;2;195;195;195m██[38;2;211;207;211m██[38;2;138;137;138m██[38;2;166;167;175m██[38;2;181;184;194m██[38;2;69;73;72m██[38;2;48;54;52m  [38;2;0;0;0m          
[38;2;0;0;0m        [38;2;75;79;78m██[38;2;2;3;3m  [38;2;0;0;0m      [38;2;1;3;4m  [38;2;38;43;46m██[38;2;179;180;191m██[38;2;131;166;179m██[38;2;106;109;118m██[38;2;202;202;212m██[38;2;74;94;106m██[38;2;89;172;210m██[38;2;74;113;131m██[38;2;73;93;106m██[38;2;76;84;100m██[38;2;54;60;58m  [38;2;0;0;0m          
[38;2;0;0;0m        [38;2;54;48;87m██[38;2;0;0;0m        [38;2;58;115;137m██[38;2;62;123;146m██[38;2;66;69;72m██[38;2;74;94;106m██[38;2;111;109;113m██[38;2;98;96;99m██[38;2;79;156;191m██[38;2;71;144;176m██[38;2;70;97;112m██[38;2;104;194;250m██[38;2;121;120;202m██[38;2;66;59;115m  [38;2;0;0;0m          
[38;2;0;0;0m    [38;2;10;11;11m  [38;2;70;71;71m██[38;2;56;57;57m██[38;2;1;1;1m  [38;2;0;0;0m  [38;2;0;1;2m  [38;2;61;107;133m██[38;2;73;105;127m██[38;2;83;78;106m██[38;2;95;164;200m██[38;2;105;198;245m██[38;2;80;145;176m██[38;2;72;93;104m██[38;2;73;91;101m██[38;2;74;80;98m██[38;2;110;169;228m██[38;2;106;196;245m██[38;2;118;134;210m██[38;2;77;107;150m██[38;2;40;40;41m██[38;2;0;0;0m        
[38;2;0;0;0m    [38;2;88;93;91m██[38;2;122;129;128m██[38;2;114;120;118m██[38;2;84;88;86m██[38;2;0;0;0m  [38;2;2;5;6m██[38;2;92;175;215m██[38;2;120;122;204m██[38;2;113;159;224m██[38;2;72;89;99m██[38;2;109;198;246m██[38;2;113;177;234m██[38;2;106;178;229m██[38;2;109;191;236m██[38;2;73;87;98m██[38;2;86;121;148m██[38;2;106;197;245m██[38;2;92;160;207m██[38;2;67;73;81m██[38;2;73;80;77m██[38;2;0;0;0m        
[38;2;0;0;0m    [38;2;82;84;84m██[38;2;84;86;85m██[38;2;97;103;101m████[38;2;0;0;0m    [38;2;36;69;85m  [38;2;64;119;148m██[38;2;91;170;212m██[38;2;95;170;208m  [38;2;97;161;199m██[38;2;109;198;248m██[38;2;116;155;222m██[38;2;109;198;246m██[38;2;112;167;228m██[38;2;105;168;225m██[38;2;66;126;158m██[38;2;21;42;51m  [38;2;44;49;47m██[38;2;18;20;20m  [38;2;0;0;0m        
[38;2;0;0;0m  [38;2;74;77;77m  [38;2;96;101;99m██[38;2;68;68;69m██[38;2;97;103;100m████[38;2;0;0;0m        [38;2;4;8;10m  [38;2;70;86;94m██[38;2;66;94;108m██[38;2;91;153;190m██[38;2;112;198;245m██[38;2;116;144;215m██[38;2;93;94;168m██[38;2;87;106;171m██[38;2;13;11;22m██[38;2;0;0;0m  [38;2;83;72;143m██[38;2;0;0;0m          
[38;2;0;0;0m    [38;2;11;11;11m  [38;2;49;51;50m██[38;2;51;53;53m██[38;2;1;2;2m  [38;2;49;42;71m██[38;2;1;1;1m  [38;2;46;49;48m████[38;2;16;17;16m  [38;2;7;14;17m  [38;2;62;124;152m██[38;2;67;102;118m██[38;2;68;105;122m██[38;2;82;109;163m██[38;2;86;109;168m██[38;2;73;70;93m██[38;2;175;169;167m██[38;2;86;83;82m██[38;2;82;80;79m  [38;2;0;0;0m          
[38;2;0;0;0m            [38;2;1;1;1m  [38;2;97;103;101m██[38;2;117;124;121m██[38;2;127;135;132m██[38;2;97;103;101m██[38;2;14;14;14m██[38;2;66;66;66m██[38;2;68;86;95m██[38;2;70;141;172m██[38;2;67;66;67m██[38;2;65;64;65m██[38;2;179;174;174m██[38;2;72;71;65m██[38;2;153;150;157m██[38;2;181;175;173m██[38;2;78;75;74m██[38;2;23;22;22m██[38;2;61;58;58m  [38;2;0;0;0m    
[38;2;0;0;0m            [38;2;48;51;51m██[38;2;97;103;101m██[38;2;106;112;110m██[38;2;110;117;114m██[38;2;97;103;101m██[38;2;91;95;93m██[38;2;149;143;143m██[38;2;166;160;159m██[38;2;129;125;125m██[38;2;179;174;172m██[38;2;162;161;167m██[38;2;211;207;214m██[38;2;205;198;201m██[38;2;238;233;245m██[38;2;235;231;243m██[38;2;142;138;137m██[38;2;69;67;66m  [38;2;0;0;0m      
[38;2;0;0;0m            [38;2;48;51;51m██[38;2;93;97;96m██[38;2;68;68;68m██[38;2;94;99;97m██[38;2;97;103;101m██[38;2;92;95;94m██[38;2;149;143;143m██[38;2;195;188;191m██[38;2;237;233;245m██[38;2;237;234;245m██[38;2;235;234;246m██[38;2;236;234;246m██[38;2;238;234;246m██[38;2;205;200;205m██[38;2;179;173;171m██[38;2;68;65;65m  [38;2;0;0;0m        
[38;2;0;0;0m            [38;2;17;18;18m  [38;2;66;65;66m██[38;2;85;88;87m██[38;2;87;90;89m██[38;2;97;103;101m██[38;2;90;88;88m██[38;2;169;163;161m██[38;2;222;218;226m██[38;2;234;233;246m██[38;2;235;233;246m██[38;2;234;233;246m██[38;2;236;233;246m██[38;2;201;196;200m██[38;2;179;172;172m██[38;2;61;59;58m  [38;2;0;0;0m          
[38;2;0;0;0m            [38;2;9;9;9m  [38;2;78;81;78m██[38;2;68;71;70m██[38;2;79;83;82m██[38;2;27;28;28m  [38;2;146;141;139m██[38;2;170;163;163m██[38;2;167;160;162m██[38;2;187;183;193m██[38;2;204;204;210m██[38;2;185;177;178m██[38;2;179;172;172m██[38;2;147;142;140m██[38;2;0;0;0m              
[38;2;0;0;0m            [38;2;13;13;13m██[38;2;0;0;0m          [38;2;35;34;34m    [38;2;0;0;0m  [38;2;16;15;15m  [38;2;48;46;46m████[38;2;1;1;1m  [38;2;0;0;0m              [0m
