     [38;2;7;7;7m▄[38;2;7;7;7m[48;2;239;136;124m▀[0m[38;2;7;7;7m[48;2;239;136;124m▀[0m[38;2;7;7;7m[48;2;251;172;153m▀[0m[38;2;7;7;7m[48;2;251;172;153m▀[0m[38;2;7;7;7m[48;2;82;82;82m▀[0m[38;2;7;7;7m▄     
   [38;2;7;7;7m▄[38;2;7;7;7m[48;2;239;136;124m▀[0m[38;2;239;136;124m[48;2;251;172;153m▀[0m[38;2;251;172;153m[48;2;251;172;153m▀[0m[38;2;251;172;153m[48;2;251;172;153m▀[0m[38;2;251;172;153m[48;2;82;82;82m▀[0m[38;2;82;82;82m[48;2;253;230;90m▀[0m[38;2;253;230;90m[48;2;253;230;90m▀[0m[38;2;207;198;24m[48;2;253;230;90m▀[0m[38;2;7;7;7m[48;2;7;7;7m▀[0m    
   [38;2;7;7;7m[48;2;7;7;7m▀[0m[38;2;239;136;124m[48;2;253;230;90m▀[0m[38;2;239;136;124m[48;2;253;230;90m▀[0m[38;2;251;172;153m[48;2;239;136;124m▀[0m[38;2;251;172;153m[48;2;251;172;153m▀[0m[38;2;82;82;82m[48;2;239;136;124m▀[0m[38;2;253;230;90m[48;2;253;230;90m▀[0m[38;2;253;230;90m[48;2;253;230;90m▀[0m[38;2;253;230;90m[48;2;253;230;90m▀[0m[38;2;207;198;24m[48;2;207;198;24m▀[0m[38;2;7;7;7m[48;2;7;7;7m▀[0m   
  [38;2;7;7;7m[48;2;7;7;7m▀[0m[38;2;82;82;82m[48;2;239;136;124m▀[0m[38;2;207;198;24m[48;2;82;82;82m▀[0m[38;2;253;230;90m[48;2;239;136;124m▀[0m[38;2;239;136;124m[48;2;251;172;153m▀[0m[38;2;251;172;153m[48;2;251;172;153m▀[0m[38;2;251;172;153m[48;2;239;136;124m▀[0m[38;2;82;82;82m[48;2;251;172;153m▀[0m[38;2;253;230;90m[48;2;82;82;82m▀[0m[38;2;207;198;24m[48;2;207;198;24m▀[0m[38;2;207;198;24m[48;2;207;198;24m▀[0m[38;2;7;7;7m[48;2;7;7;7m▀[0m   
[38;2;7;7;7m[48;2;7;7;7m▀[0m[38;2;7;7;7m[48;2;239;136;124m▀[0m[38;2;239;136;124m[48;2;239;136;124m▀[0m[38;2;239;136;124m[48;2;82;82;82m▀[0m[38;2;82;82;82m[48;2;251;172;153m▀[0m[38;2;251;172;153m[48;2;251;172;153m▀[0m[38;2;251;172;153m[48;2;239;136;124m▀[0m[38;2;251;172;153m[48;2;251;172;153m▀[0m[38;2;251;172;153m[48;2;221;102;89m▀[0m[38;2;239;136;124m[48;2;221;102;89m▀[0m[38;2;239;136;124m[48;2;221;102;89m▀[0m[38;2;82;82;82m[48;2;239;136;124m▀[0m[38;2;82;82;82m[48;2;82;82;82m▀[0m[38;2;7;7;7m[48;2;239;136;124m▀[0m[38;2;7;7;7m[48;2;239;136;124m▀[0m[38;2;7;7;7m▄ 
 [38;2;7;7;7m▀[38;2;82;82;82m[48;2;7;7;7m▀[0m[38;2;82;82;82m[48;2;7;7;7m▀[0m[38;2;82;82;82m[48;2;239;136;124m▀[0m[38;2;251;172;153m[48;2;221;102;89m▀[0m[38;2;221;102;89m[48;2;251;172;153m▀[0m[38;2;221;102;89m[48;2;248;248;248m▀[0m[38;2;7;7;7m[48;2;248;248;248m▀[0m[38;2;248;248;248m[48;2;251;172;153m▀[0m[38;2;239;136;124m[48;2;251;172;153m▀[0m[38;2;82;82;82m[48;2;239;136;124m▀[0m[38;2;239;136;124m[48;2;239;136;124m▀[0m[38;2;239;136;124m[48;2;239;136;124m▀[0m[38;2;239;136;124m[48;2;239;136;124m▀[0m[38;2;239;136;124m[48;2;7;7;7m▀[0m[38;2;7;7;7m[48;2;7;7;7m▀[0m
   [38;2;7;7;7m▀[38;2;239;136;124m[48;2;7;7;7m▀[0m[38;2;251;172;153m[48;2;251;172;153m▀[0m[38;2;251;172;153m[48;2;251;172;153m▀[0m[38;2;251;172;153m[48;2;7;7;7m▀[0m[38;2;7;7;7m▀[38;2;82;82;82m[48;2;7;7;7m▀[0m[38;2;82;82;82m[48;2;170;176;176m▀[0m[38;2;239;136;124m[48;2;82;82;82m▀[0m[38;2;239;136;124m[48;2;239;136;124m▀[0m[38;2;239;136;124m[48;2;239;136;124m▀[0m[38;2;7;7;7m[48;2;7;7;7m▀[0m  
   [38;2;7;7;7m[48;2;7;7;7m▀[0m[38;2;170;176;176m[48;2;207;211;211m▀[0m[38;2;7;7;7m[48;2;7;7;7m▀[0m[38;2;7;7;7m▀   [38;2;7;7;7m[48;2;7;7;7m▀[0m[38;2;170;176;176m[48;2;207;211;211m▀[0m[38;2;82;82;82m[48;2;7;7;7m▀[0m[38;2;7;7;7m▀   
   [38;2;7;7;7m▀[38;2;207;211;211m[48;2;7;7;7m▀[0m[38;2;170;176;176m[48;2;207;211;211m▀[0m[38;2;7;7;7m[48;2;7;7;7m▀[0m  [38;2;7;7;7m▄[38;2;7;7;7m[48;2;207;211;211m▀[0m[38;2;207;211;211m[48;2;82;82;82m▀[0m[38;2;7;7;7m[48;2;7;7;7m▀[0m    
 [38;2;7;7;7m▄[38;2;7;7;7m[48;2;170;176;176m▀[0m[38;2;7;7;7m[48;2;207;211;211m▀[0m[38;2;82;82;82m[48;2;207;211;211m▀[0m[38;2;207;211;211m[48;2;82;82;82m▀[0m[38;2;170;176;176m[48;2;170;176;176m▀[0m[38;2;7;7;7m[48;2;7;7;7m▀[0m[38;2;7;7;7m▄[38;2;7;7;7m[48;2;170;176;176m▀[0m[38;2;207;211;211m[48;2;82;82;82m▀[0m[38;2;7;7;7m[48;2;82;82;82m▀[0m[38;2;7;7;7m▄    
  [38;2;7;7;7m▀[38;2;170;176;176m[48;2;7;7;7m▀[0m[38;2;170;176;176m[48;2;7;7;7m▀[0m[38;2;170;176;176m[48;2;7;7;7m▀[0m[38;2;7;7;7m▀ [38;2;7;7;7m▀[38;2;170;176;176m[48;2;7;7;7m▀[0m[38;2;207;211;211m[48;2;207;211;211m▀[0m[38;2;207;211;211m[48;2;207;211;211m▀[0m[38;2;82;82;82m[48;2;207;211;211m▀[0m[38;2;7;7;7m[48;2;7;7;7m▀[0m   
          [38;2;7;7;7m▀[38;2;7;7;7m▀[38;2;7;7;7m▀    
[0m