
[38;2;0;0;0m                              [38;2;59;58;61m██[38;2;58;58;61m██[38;2;27;26;27m  [38;2;0;0;0m        
[38;2;0;0;0m                            [38;2;162;159;167m  [38;2;236;234;245m██[38;2;235;234;246m██[38;2;205;202;212m██[38;2;0;0;0m        
[38;2;0;0;0m                    [38;2;119;79;137m██[38;2;0;0;0m    [38;2;69;69;74m██[38;2;96;86;106m██[38;2;214;203;226m██[38;2;194;191;200m██[38;2;179;176;184m██[38;2;76;75;78m  [38;2;40;40;42m  [38;2;194;191;201m██[38;2;0;0;0m  
[38;2;0;0;0m                    [38;2;117;80;138m██[38;2;87;60;104m  [38;2;0;0;0m  [38;2;55;54;56m██[38;2;152;112;173m██[38;2;143;140;148m██[38;2;65;64;65m██[38;2;238;234;246m██[38;2;115;113;117m██[38;2;219;213;222m██[38;2;88;87;90m██[38;2;0;0;0m  
[38;2;0;0;0m                    [38;2;99;72;115m██[38;2;121;101;132m██[38;2;117;160;90m██[38;2;100;85;107m██[38;2;163;119;184m██[38;2;137;135;138m██[38;2;238;233;243m██[38;2;108;106;110m██[38;2;223;218;227m██[38;2;140;137;141m██[38;2;147;142;145m██[38;2;0;0;0m  
[38;2;0;0;0m                  [38;2;16;24;12m  [38;2;105;146;80m██[38;2;114;158;87m██[38;2;126;179;93m██[38;2;105;103;100m██[38;2;89;91;83m██[38;2;105;102;99m██[38;2;194;188;193m██[38;2;194;188;190m██[38;2;179;171;171m██[38;2;179;173;172m██[38;2;36;35;35m  [38;2;0;0;0m  
[38;2;0;0;0m            [38;2;16;13;16m  [38;2;45;37;40m██[38;2;117;104;71m██[38;2;108;117;83m██[38;2;126;166;89m██[38;2;107;151;77m██[38;2;119;169;85m██[38;2;110;156;82m██[38;2;114;161;81m██[38;2;126;179;91m██[38;2;65;64;65m██[38;2;80;93;72m██[38;2;153;148;147m██[38;2;179;172;172m██[38;2;155;148;148m██[38;2;12;11;11m██
[38;2;0;0;0m          [38;2;48;48;48m██[38;2;109;74;119m██[38;2;88;68;82m██[38;2;58;54;47m██[38;2;218;199;118m██[38;2;107;149;83m██[38;2;94;117;78m██[38;2;88;109;73m██[38;2;209;189;119m██[38;2;123;164;87m██[38;2;105;140;83m██[38;2;110;150;85m██[38;2;92;124;72m██[38;2;31;30;30m██[38;2;179;173;172m██[38;2;44;43;43m██[38;2;12;11;11m  
[38;2;0;0;0m    [38;2;0;0;1m  [38;2;17;15;14m  [38;2;169;155;101m██[38;2;79;67;85m██[38;2;41;27;48m  [38;2;0;2;0m  [38;2;39;39;40m  [38;2;198;178;111m██[38;2;125;123;104m██[38;2;109;141;81m██[38;2;215;211;186m██[38;2;194;177;120m██[38;2;119;116;113m██[38;2;112;154;87m██[38;2;68;70;69m██[38;2;79;114;57m██[38;2;27;17;32m██[38;2;0;0;0m      
[38;2;0;0;0m    [38;2;41;35;31m  [38;2;184;159;128m██[38;2;176;159;102m██[38;2;30;19;36m██[38;2;0;0;0m  [38;2;16;16;17m  [38;2;223;223;231m██[38;2;207;207;207m██[38;2;242;241;242m██[38;2;181;178;173m██[38;2;99;92;77m██[38;2;142;138;122m██[38;2;242;242;248m██[38;2;199;202;206m██[38;2;19;34;20m██[38;2;8;8;8m  [38;2;117;76;138m██[38;2;32;21;38m  [38;2;0;0;0m    
[38;2;0;0;0m    [38;2;121;78;143m██[38;2;213;178;140m██[38;2;190;166;98m██[38;2;0;0;0m    [38;2;15;15;16m  [38;2;111;111;119m██[38;2;213;209;220m██[38;2;76;83;70m██[38;2;219;221;213m██[38;2;249;249;252m██[38;2;210;213;217m██[38;2;191;199;190m██[38;2;71;82;64m██[38;2;86;121;65m██[38;2;16;16;16m  [38;2;10;7;12m██[38;2;53;38;61m██[38;2;0;0;0m    
[38;2;0;0;0m  [38;2;112;88;90m  [38;2;90;60;121m██[38;2;120;79;142m██[38;2;34;30;17m  [38;2;0;0;0m    [38;2;6;9;4m  [38;2;38;50;30m██[38;2;110;116;107m██[38;2;122;164;95m██[38;2;111;112;112m██[38;2;130;129;134m██[38;2;108;136;87m██[38;2;86;121;64m██[38;2;86;112;68m██[38;2;108;149;83m██[38;2;126;121;124m██[38;2;55;50;57m██[38;2;90;64;109m██[38;2;115;98;65m  [38;2;0;0;0m  
[38;2;11;7;13m  [38;2;106;78;114m██[38;2;181;148;128m██[38;2;5;9;7m██[38;2;0;0;0m    [38;2;14;19;10m  [38;2;89;121;63m██[38;2;89;121;65m██[38;2;80;93;71m████[38;2;105;113;102m██[38;2;88;87;89m██[38;2;94;123;71m██[38;2;91;134;65m██[38;2;91;111;78m██[38;2;123;178;89m██[38;2;158;113;177m██[38;2;117;75;137m██[38;2;97;81;94m██[38;2;128;107;79m██[38;2;0;0;0m  
[38;2;35;23;40m██[38;2;205;170;141m██[38;2;210;187;117m██[38;2;12;10;14m██[38;2;0;0;0m    [38;2;97;139;69m██[38;2;111;144;88m██[38;2;139;98;159m██[38;2;88;108;75m██[38;2;126;179;90m██[38;2;115;165;82m██[38;2;96;128;74m██[38;2;94;119;78m██[38;2;80;115;65m██[38;2;152;127;166m██[38;2;126;179;89m██[38;2;147;114;164m██[38;2;85;86;83m██[38;2;103;83;114m██[38;2;12;13;14m  [38;2;0;0;0m  
[38;2;32;21;38m██[38;2;230;199;139m██[38;2;192;169;102m██[38;2;81;71;44m██[38;2;0;0;0m    [38;2;102;145;71m██[38;2;154;126;164m██[38;2;136;159;116m██[38;2;85;103;74m██[38;2;121;172;91m██[38;2;133;165;112m██[38;2;138;155;123m██[38;2;126;179;93m██[38;2;84;100;73m██[38;2;101;132;80m██[38;2;118;170;83m██[38;2;90;136;67m██[38;2;70;65;72m██[38;2;121;77;142m██[38;2;0;0;0m    
[38;2;31;20;36m██[38;2;229;198;138m██[38;2;212;187;114m██[38;2;248;219;135m██[38;2;0;0;0m    [38;2;43;50;38m██[38;2;80;93;70m██[38;2;109;126;98m██[38;2;113;160;81m██[38;2;107;147;83m██[38;2;124;178;91m██[38;2;133;165;112m██[38;2;126;179;90m██[38;2;151;132;159m██[38;2;134;131;132m██[38;2;101;126;85m██[38;2;9;16;7m  [38;2;25;21;27m██[38;2;62;40;74m██[38;2;0;0;0m    
[38;2;46;30;53m██[38;2;131;82;156m██[38;2;255;224;142m██[38;2;197;174;111m██[38;2;0;0;0m  [38;2;40;27;47m██[38;2;195;152;213m██[38;2;195;154;212m██[38;2;130;122;134m██[38;2;71;79;66m██[38;2;80;96;65m██[38;2;100;134;78m██[38;2;118;170;85m██[38;2;143;119;150m██[38;2;123;84;140m██[38;2;109;91;117m██[38;2;44;43;43m██[38;2;8;8;7m  [38;2;103;71;119m██[38;2;32;21;38m  [38;2;0;0;0m    
[38;2;11;7;12m  [38;2;135;94;134m██[38;2;157;118;137m██[38;2;14;12;24m██[38;2;0;0;0m  [38;2;161;110;189m██[38;2;182;137;206m██[38;2;193;152;216m██[38;2;178;131;203m██[38;2;127;108;134m██[38;2;88;125;65m██[38;2;82;111;65m██[38;2;72;83;65m██[38;2;104;124;84m██[38;2;93;100;84m██[38;2;79;82;75m██[38;2;179;174;172m██[38;2;143;139;136m██[38;2;136;131;130m██[38;2;0;0;0m      
[38;2;0;0;0m  [38;2;131;90;156m██[38;2;161;111;191m████[38;2;28;26;32m██[38;2;161;111;191m██[38;2;142;99;168m██[38;2;141;98;166m██[38;2;161;111;191m██[38;2;146;101;168m██[38;2;85;83;84m██[38;2;91;99;84m██[38;2;86;121;65m██[38;2;93;91;91m██[38;2;67;66;67m██[38;2;179;174;174m██[38;2;108;105;102m██[38;2;179;176;184m██[38;2;193;187;188m██[38;2;94;90;89m██[38;2;61;59;58m██[38;2;36;35;35m  
[38;2;0;0;0m  [38;2;32;22;39m  [38;2;162;110;190m██[38;2;161;111;191m██[38;2;149;104;176m██[38;2;89;75;96m██[38;2;163;109;191m██[38;2;73;67;78m██[38;2;161;111;191m██[38;2;150;120;161m██[38;2;148;142;142m██[38;2;172;165;164m██[38;2;151;146;145m██[38;2;179;173;172m██[38;2;191;189;198m██[38;2;222;219;228m██[38;2;194;187;188m██[38;2;238;234;246m██[38;2;232;228;239m██[38;2;125;121;120m██[38;2;36;35;35m  [38;2;0;0;0m  
[38;2;0;0;0m    [38;2;43;30;52m  [38;2;158;108;186m██[38;2;161;110;190m██[38;2;163;110;191m██[38;2;89;75;96m██[38;2;163;110;191m██[38;2;161;110;191m██[38;2;84;79;85m██[38;2;178;166;173m██[38;2;195;189;192m██[38;2;237;234;246m████[38;2;235;234;245m██[38;2;236;234;246m██[38;2;238;234;246m██[38;2;203;198;202m██[38;2;175;170;168m██[38;2;49;47;46m  [38;2;0;0;0m    
[38;2;0;0;0m      [38;2;37;24;42m  [38;2;96;64;111m██[38;2;161;111;191m████[38;2;161;110;191m██[38;2;116;88;130m██[38;2;156;151;150m██[38;2;179;174;172m██[38;2;226;223;232m██[38;2;235;234;246m████[38;2;235;234;245m██[38;2;236;234;245m██[38;2;194;188;190m██[38;2;179;172;172m██[38;2;40;39;39m  [38;2;0;0;0m      
[38;2;0;0;0m            [38;2;119;83;138m██[38;2;59;45;66m  [38;2;105;101;100m  [38;2;143;138;136m██[38;2;179;172;172m██[38;2;164;158;159m██[38;2;173;170;179m██[38;2;194;193;199m██[38;2;183;176;176m██[38;2;179;172;172m██[38;2;134;130;129m██[38;2;0;0;0m          
[38;2;0;0;0m                  [38;2;8;7;7m  [38;2;44;43;43m██[38;2;32;31;31m  [38;2;0;0;0m  [38;2;15;15;14m  [38;2;44;42;42m██[38;2;44;43;43m██[38;2;0;0;0m            [0m
