
[38;2;0;0;0m                            [38;2;8;9;9m  [38;2;35;38;38m██[38;2;0;0;0m            
[38;2;0;0;0m                          [38;2;82;85;86m  [38;2;114;122;123m██[38;2;137;146;147m██[38;2;0;0;0m            
[38;2;0;0;0m                [38;2;10;7;7m  [38;2;40;30;28m██[38;2;50;36;27m██[38;2;62;57;56m██[38;2;120;127;129m██[38;2;137;146;147m████[38;2;101;107;109m██[38;2;31;33;33m  [38;2;0;0;0m          
[38;2;0;0;0m            [38;2;113;120;122m████[38;2;106;109;110m██[38;2;88;75;74m██[38;2;144;109;85m██[38;2;152;113;86m██[38;2;83;85;86m██[38;2;137;146;147m██████[38;2;102;109;110m██[38;2;0;0;0m          
[38;2;0;0;0m      [38;2;44;45;44m  [38;2;171;174;172m██[38;2;108;112;111m██[38;2;137;145;147m██[38;2;137;146;147m██[38;2;137;145;147m██[38;2;138;146;147m██[38;2;90;78;72m██[38;2;165;121;90m██[38;2;77;78;79m██[38;2;112;117;119m██[38;2;137;145;147m██[38;2;118;126;128m██[38;2;0;0;0m            
[38;2;0;0;0m      [38;2;127;131;129m██[38;2;152;158;156m██[38;2;125;132;133m██[38;2;137;146;147m████[38;2;136;146;147m██[38;2;90;93;94m██[38;2;83;74;71m██[38;2;157;116;89m██[38;2;130;101;81m██[38;2;111;117;119m██[38;2;137;146;147m██[38;2;130;138;140m██[38;2;89;95;96m  [38;2;0;0;0m          
[38;2;0;0;0m      [38;2;78;81;78m  [38;2;47;46;46m██[38;2;109;104;104m██[38;2;133;137;142m██[38;2;108;90;92m██[38;2;123;117;119m██[38;2;133;137;142m██[38;2;118;125;127m██[38;2;141;106;83m██[38;2;141;107;84m██[38;2;118;125;127m██[38;2;137;146;147m██[38;2;136;146;147m██[38;2;81;85;86m██[38;2;0;0;0m          
[38;2;0;0;0m        [38;2;30;25;24m██[38;2;91;75;74m██[38;2;126;127;128m██[38;2;73;68;74m██[38;2;137;104;88m██[38;2;114;90;81m██[38;2;121;121;125m██[38;2;128;97;88m██[38;2;113;83;75m██[38;2;10;10;11m██[38;2;43;46;46m██[38;2;137;146;147m██[38;2;98;104;105m██[38;2;0;0;0m          
[38;2;0;0;0m        [38;2;18;13;9m  [38;2;124;95;81m██[38;2;86;73;71m██[38;2;139;105;87m██[38;2;165;121;93m██[38;2;166;121;89m██[38;2;112;93;82m██[38;2;109;89;73m██[38;2;0;0;0m                    
[38;2;0;0;0m        [38;2;24;19;18m██[38;2;149;110;85m██[38;2;138;105;83m██[38;2;164;121;89m██[38;2;70;67;67m██[38;2;141;107;84m██[38;2;114;87;77m██[38;2;151;127;89m██[38;2;106;93;64m  [38;2;0;0;0m                  
[38;2;0;0;0m        [38;2;75;59;48m██[38;2;115;90;87m██[38;2;74;74;75m██[38;2;50;50;52m██[38;2;95;92;93m██[38;2;109;93;84m██[38;2;103;80;75m██[38;2;141;118;85m██[38;2;110;98;77m██[38;2;66;60;61m██[38;2;61;64;50m██[38;2;71;61;58m██[38;2;0;0;0m      [38;2;50;50;62m  [38;2;43;44;62m██[38;2;9;11;19m  
[38;2;0;0;0m      [38;2;123;90;67m██[38;2;165;121;89m██[38;2;90;79;72m██[38;2;65;65;65m████[38;2;90;79;72m██[38;2;139;104;94m██[38;2;149;110;85m██[38;2;89;76;73m██[38;2;84;77;78m██[38;2;35;28;28m██[38;2;0;0;0m        [38;2;130;134;141m██[38;2;89;94;117m██[38;2;105;109;117m██[38;2;0;0;0m  
[38;2;0;0;0m    [38;2;31;25;24m██[38;2;126;100;97m██[38;2;131;102;96m██[38;2;147;110;92m████[38;2;147;109;92m██[38;2;135;99;84m██[38;2;161;118;90m██[38;2;153;114;90m██[38;2;78;71;68m██[38;2;116;88;81m██[38;2;17;13;12m  [38;2;0;0;0m    [38;2;10;11;18m  [38;2;63;68;99m██[38;2;87;95;143m██[38;2;136;141;146m██[38;2;0;0;5m  [38;2;0;0;0m  
[38;2;0;0;0m    [38;2;25;22;19m██[38;2;79;65;64m██[38;2;31;23;22m  [38;2;129;98;93m██[38;2;131;100;94m██[38;2;127;96;91m██[38;2;120;91;87m██[38;2;145;108;84m██[38;2;82;74;71m██[38;2;84;75;72m██[38;2;81;73;72m██[38;2;36;29;27m██[38;2;0;0;0m  [38;2;2;2;2m  [38;2;127;131;138m██[38;2;79;89;144m██[38;2;147;149;140m████[38;2;110;112;105m██[38;2;0;0;0m  
[38;2;23;17;12m  [38;2;93;68;50m██[38;2;60;60;39m██[38;2;15;15;9m  [38;2;0;0;0m  [38;2;41;32;30m  [38;2;113;85;79m██[38;2;14;10;10m  [38;2;38;37;38m██[38;2;93;79;77m██[38;2;99;105;78m██[38;2;143;121;87m██[38;2;107;88;76m██[38;2;100;102;104m██[38;2;67;70;73m██[38;2;70;72;71m██[38;2;78;80;85m██[38;2;128;130;135m██[38;2;147;149;140m████[38;2;110;111;105m██[38;2;0;0;0m  
[38;2;0;0;0m                [38;2;29;29;29m██[38;2;74;74;74m██[38;2;90;78;72m████[38;2;79;79;79m██[38;2;127;131;131m██[38;2;108;111;109m██[38;2;83;84;85m██[38;2;91;91;97m██[38;2;68;74;89m██[38;2;95;99;125m██[38;2;129;138;164m██[38;2;5;6;18m  [38;2;0;0;0m  
[38;2;0;0;0m                [38;2;89;88;89m██[38;2;87;89;87m██[38;2;86;82;80m██[38;2;109;107;105m██[38;2;118;123;122m██[38;2;107;109;109m██[38;2;123;128;131m██[38;2;82;83;83m██[38;2;90;92;99m██[38;2;93;81;133m██[38;2;55;55;70m██[38;2;34;36;46m██[38;2;25;27;35m  [38;2;0;0;0m  
[38;2;0;0;0m              [38;2;74;72;74m██[38;2;73;72;73m██[38;2;98;101;99m██[38;2;84;85;86m██[38;2;139;146;147m██[38;2;105;108;106m██[38;2;123;130;133m██[38;2;0;0;0m  [38;2;61;63;61m  [38;2;90;93;99m██[38;2;112;81;158m██[38;2;0;0;0m        
[38;2;0;0;0m              [38;2;25;25;25m  [38;2;80;80;82m██[38;2;133;140;143m██[38;2;83;85;86m██[38;2;102;106;107m██[38;2;67;68;69m██[38;2;12;12;12m  [38;2;0;0;0m    [38;2;45;45;43m██[38;2;80;82;84m██[38;2;40;38;34m  [38;2;0;0;0m      
[38;2;0;0;0m              [38;2;10;13;9m  [38;2;74;100;70m██[38;2;16;21;15m  [38;2;56;66;49m██[38;2;85;96;80m██[38;2;75;88;69m██[38;2;5;6;3m  [38;2;0;0;0m    [38;2;4;6;3m  [38;2;101;77;120m██[38;2;61;59;51m██[38;2;0;0;0m      
[38;2;0;0;0m          [38;2;40;54;38m  [38;2;42;52;42m██[38;2;72;96;69m██[38;2;17;23;16m  [38;2;0;0;0m  [38;2;10;11;9m  [38;2;89;112;74m██[38;2;94;123;74m██[38;2;8;11;6m  [38;2;0;0;0m    [38;2;66;66;66m██[38;2;85;80;89m██[38;2;53;51;49m██[38;2;0;0;0m      
[38;2;0;0;0m                    [38;2;35;43;32m██[38;2;81;104;74m██[38;2;68;90;60m██[38;2;22;29;17m  [38;2;0;0;0m                
[38;2;0;0;0m                    [38;2;27;36;23m██[38;2;27;35;21m██[38;2;0;0;0m                    [0m
