
[38;2;0;0;0m                [38;2;172;88;128m  [38;2;53;27;39m  [38;2;0;0;0m      [38;2;148;74;101m  [38;2;73;37;54m  [38;2;0;0;0m          
[38;2;0;0;0m          [38;2;5;2;3m  [38;2;88;45;65m  [38;2;0;0;0m  [38;2;172;88;128m  [38;2;244;117;132m  [38;2;46;23;34m  [38;2;0;0;0m  [38;2;181;93;135m  [38;2;255;124;147m██[38;2;52;27;39m  [38;2;0;0;0m          
[38;2;0;0;0m          [38;2;255;130;188m██[38;2;255;125;156m██[38;2;0;0;0m    [38;2;255;128;172m████[38;2;0;0;0m  [38;2;144;74;107m  [38;2;255;121;127m██[38;2;255;130;188m██[38;2;0;0;0m          
[38;2;0;0;0m          [38;2;32;16;23m  [38;2;255;124;146m██[38;2;199;102;148m  [38;2;0;0;0m  [38;2;255;134;217m██[38;2;255;128;172m██[38;2;0;0;0m  [38;2;199;102;148m  [38;2;255;119;116m██[38;2;255;130;188m██[38;2;0;0;0m  [38;2;17;8;12m  [38;2;85;44;63m  [38;2;0;0;0m    
[38;2;0;0;0m    [38;2;3;3;3m    [38;2;24;21;35m  [38;2;49;43;71m██[38;2;81;75;103m██[38;2;172;97;101m██[38;2;172;107;172m██[38;2;255;118;112m██[38;2;255;131;194m██[38;2;255;129;180m██[38;2;255;119;117m██[38;2;207;102;129m  [38;2;3;1;2m  [38;2;0;0;0m  [38;2;122;62;88m  [38;2;165;82;110m  [38;2;0;0;0m    
[38;2;1;1;1m  [38;2;6;6;6m  [38;2;74;68;95m██[38;2;79;70;110m██[38;2;100;87;150m██[38;2;102;88;152m████[38;2;101;87;150m████[38;2;69;67;66m██[38;2;213;107;104m██[38;2;255;119;112m██[38;2;255;136;234m██[38;2;3;1;2m  [38;2;243;125;181m  [38;2;249;128;186m  [38;2;255;119;113m██[38;2;255;126;160m██[38;2;0;0;0m    
[38;2;15;13;20m  [38;2;68;63;85m██[38;2;91;81;126m██[38;2;102;88;152m██████████[38;2;89;80;121m██[38;2;93;81;137m██[38;2;88;79;120m██[38;2;188;100;95m██[38;2;255;127;171m██[38;2;184;96;153m  [38;2;255;119;113m██[38;2;255;125;152m██[38;2;245;120;148m  [38;2;45;23;34m  [38;2;0;0;0m    
[38;2;26;23;35m  [38;2;69;67;78m██[38;2;102;88;152m██████[38;2;114;100;150m██[38;2;244;228;131m██[38;2;234;219;130m██[38;2;105;92;140m██[38;2;67;66;69m██[38;2;92;82;129m██[38;2;88;79;120m██[38;2;231;112;106m██[38;2;255;119;115m██[38;2;239;130;236m  [38;2;8;4;6m  [38;2;14;7;10m  [38;2;0;0;0m      
[38;2;1;1;1m  [38;2;85;73;126m██[38;2;102;88;152m████[38;2;145;131;146m██[38;2;105;98;58m██[38;2;97;84;144m██[38;2;198;169;97m██[38;2;255;239;131m██[38;2;164;151;127m██[38;2;159;103;169m██[38;2;180;102;125m██[38;2;245;116;109m██[38;2;189;99;156m  [38;2;152;83;152m  [38;2;207;105;148m  [38;2;247;120;140m  [38;2;57;29;43m  [38;2;0;0;0m    
[38;2;34;31;37m██[38;2;102;89;146m██[38;2;110;96;150m██[38;2;245;229;133m██[38;2;178;168;105m██[38;2;237;50;57m██[38;2;229;212;158m██[38;2;255;239;131m████[38;2;124;110;149m██[38;2;104;91;147m██[38;2;239;131;223m██[38;2;255;120;121m██[38;2;255;126;163m██[38;2;255;119;115m██[38;2;235;116;143m  [38;2;201;103;150m  [38;2;136;69;101m  [38;2;0;0;0m    
[38;2;75;70;41m██[38;2;215;200;137m██[38;2;197;175;118m██[38;2;249;232;128m██[38;2;220;195;110m██[38;2;182;149;87m██[38;2;245;224;124m██[38;2;255;239;131m████[38;2;231;215;135m██[38;2;107;94;142m██[38;2;222;128;226m██[38;2;255;128;174m██[38;2;255;119;112m████[38;2;121;65;111m  [38;2;0;0;0m        
[38;2;1;1;1m  [38;2;164;154;86m  [38;2;210;194;108m██[38;2;169;132;78m██[38;2;211;185;105m██[38;2;198;186;103m██[38;2;222;204;116m██[38;2;232;210;117m██[38;2;244;225;124m██[38;2;255;238;131m████[38;2;164;119;164m██[38;2;255;133;211m██[38;2;255;122;136m██[38;2;198;108;195m  [38;2;0;0;0m          
[38;2;0;0;0m  [38;2;1;1;1m  [38;2;15;12;8m  [38;2;54;47;29m██[38;2;63;60;35m██[38;2;6;4;6m  [38;2;202;145;143m██[38;2;196;164;93m██[38;2;209;179;100m██[38;2;227;185;134m██[38;2;255;221;153m██[38;2;137;115;156m██[38;2;240;134;245m██[38;2;219;128;184m██[38;2;9;8;7m  [38;2;0;0;0m          
[38;2;0;0;0m        [38;2;1;1;1m  [38;2;255;136;232m██[38;2;155;95;137m██[38;2;181;152;120m██[38;2;235;156;188m██[38;2;193;163;128m██[38;2;255;150;201m██[38;2;132;95;156m██[38;2;235;219;133m██[38;2;255;239;131m██[38;2;88;83;48m██[38;2;1;1;1m  [38;2;0;0;0m        
[38;2;0;0;0m        [38;2;88;76;44m  [38;2;216;170;113m██[38;2;155;91;114m██[38;2;235;132;234m██[38;2;250;141;221m██[38;2;136;97;162m██[38;2;255;121;131m██[38;2;106;85;130m██[38;2;231;217;124m██[38;2;255;239;131m████[38;2;3;3;3m  [38;2;0;0;0m        
[38;2;0;0;0m      [38;2;6;6;6m  [38;2;171;146;83m██[38;2;129;111;64m██[38;2;111;98;104m██[38;2;202;114;167m██[38;2;255;130;191m██[38;2;102;88;152m██[38;2;95;83;141m██[38;2;184;170;125m██[38;2;89;87;74m██[38;2;255;239;131m████[38;2;124;117;66m██[38;2;0;0;0m        
[38;2;0;0;0m      [38;2;6;6;6m  [38;2;10;9;6m  [38;2;0;0;0m  [38;2;120;103;63m██[38;2;228;212;135m██[38;2;111;90;152m██[38;2;119;108;122m██[38;2;244;228;131m██[38;2;255;239;131m██[38;2;89;87;74m██[38;2;236;215;119m██[38;2;253;237;131m██[38;2;153;146;95m██[38;2;6;6;6m  [38;2;0;0;0m      
[38;2;0;0;0m          [38;2;5;5;4m  [38;2;176;157;88m██[38;2;255;239;131m████[38;2;255;239;132m██[38;2;255;239;131m████[38;2;168;160;101m██[38;2;136;122;84m██[38;2;251;235;130m██[38;2;148;137;91m██[38;2;39;35;55m  [38;2;1;1;1m  [38;2;0;0;0m    
[38;2;0;0;0m        [38;2;3;3;3m  [38;2;209;179;101m██[38;2;234;212;118m██[38;2;255;239;131m████[38;2;255;238;131m██[38;2;255;239;131m██████[38;2;176;167;104m██[38;2;69;69;67m██[38;2;255;239;131m██[38;2;80;71;112m██[38;2;30;30;30m██[38;2;5;5;5m  [38;2;0;0;0m  
[38;2;0;0;0m        [38;2;3;3;3m  [38;2;209;179;101m████[38;2;229;205;114m████████[38;2;255;239;131m██████████[38;2;140;124;85m██[38;2;78;70;106m██[38;2;41;36;57m  [38;2;1;1;1m  
[38;2;0;0;0m          [38;2;11;11;9m██[38;2;202;173;99m██[38;2;207;177;100m██[38;2;194;167;97m██[38;2;187;161;91m████[38;2;194;166;94m██[38;2;245;226;125m██[38;2;250;232;128m████[38;2;228;204;114m██[38;2;198;170;98m██[38;2;76;69;97m██[38;2;74;65;105m██[38;2;24;22;33m  
[38;2;0;0;0m        [38;2;2;2;2m  [38;2;137;118;68m██[38;2;164;135;82m██[38;2;202;173;99m██[38;2;70;63;47m██[38;2;2;2;2m    [38;2;27;23;14m  [38;2;78;67;40m██[38;2;208;179;101m████[38;2;209;179;101m██[38;2;113;103;79m██[38;2;49;44;65m██[38;2;2;2;2m  [38;2;0;0;0m  
[38;2;0;0;0m          [38;2;5;5;5m      [38;2;1;1;1m  [38;2;0;0;0m        [38;2;43;41;34m██[38;2;206;176;100m██[38;2;142;124;82m██[38;2;51;51;51m  [38;2;2;2;2m  [38;2;0;0;0m    
[38;2;0;0;0m                          [38;2;27;23;14m  [38;2;61;53;32m██[38;2;53;44;27m██[38;2;1;1;1m  [38;2;0;0;0m      [0m
