
[38;2;0;0;0m                [38;2;20;23;16m  [38;2;2;2;1m██[38;2;0;0;0m                          
[38;2;0;0;0m              [38;2;128;146;105m  [38;2;96;110;79m██[38;2;1;1;1m  [38;2;0;0;0m                          
[38;2;0;0;0m          [38;2;46;53;38m  [38;2;179;206;146m██[38;2;179;207;145m██[38;2;45;58;35m  [38;2;0;0;0m                            
[38;2;0;0;0m        [38;2;51;58;42m  [38;2;175;201;142m██[38;2;179;206;146m██[38;2;179;206;147m██[38;2;83;95;71m  [38;2;0;0;0m                            
[38;2;0;0;0m    [38;2;89;114;71m██[38;2;55;65;43m██[38;2;179;206;146m██[38;2;179;206;145m██[38;2;171;199;138m██[38;2;125;137;115m██[38;2;146;167;121m██[38;2;142;159;121m██[38;2;61;70;50m  [38;2;0;0;0m    [38;2;58;66;48m██[38;2;0;0;0m                  
[38;2;0;0;0m    [38;2;115;144;92m██[38;2;168;196;131m██[38;2;179;207;145m████[38;2;176;203;141m██[38;2;179;205;144m██[38;2;137;152;116m██[38;2;12;12;12m██[38;2;0;0;0m    [38;2;154;177;127m██[38;2;24;27;19m  [38;2;0;0;0m                  
[38;2;0;0;0m    [38;2;54;63;44m██[38;2;179;207;145m████[38;2;160;186;126m██[38;2;126;143;105m██[38;2;152;157;140m██[38;2;125;145;101m██[38;2;179;206;147m██[38;2;109;129;88m██[38;2;179;206;145m██[38;2;136;152;116m██[38;2;103;118;88m  [38;2;68;78;58m██[38;2;174;199;143m██[38;2;43;49;35m  [38;2;0;0;0m            
[38;2;0;0;0m  [38;2;0;0;5m  [38;2;111;127;95m██[38;2;179;207;145m██[38;2;143;161;121m██[38;2;67;75;60m██[38;2;94;95;97m██[38;2;252;253;251m██[38;2;143;173;114m██[38;2;179;206;145m██[38;2;176;203;142m██[38;2;121;154;95m██[38;2;168;192;137m██[38;2;179;206;147m██[38;2;88;101;72m██[38;2;16;18;13m  [38;2;0;0;0m              
[38;2;0;0;0m  [38;2;0;0;3m  [38;2;126;144;106m██[38;2;156;180;126m██[38;2;166;191;137m██[38;2;143;160;125m██[38;2;143;161;123m██[38;2;176;204;139m██[38;2;179;206;145m████████[38;2;166;195;133m██[38;2;127;141;109m██[38;2;11;11;11m  [38;2;75;86;62m████[38;2;0;0;0m            
[38;2;0;0;0m    [38;2;3;3;2m  [38;2;96;111;78m██[38;2;103;117;97m██[38;2;114;144;92m██[38;2;115;141;96m██[38;2;97;109;93m██[38;2;179;207;145m████████[38;2;146;176;116m██[38;2;173;197;143m██[38;2;170;195;140m██[38;2;165;189;135m██[38;2;10;12;8m██[38;2;0;0;0m            
[38;2;0;0;0m        [38;2;80;104;62m██[38;2;112;150;89m██[38;2;113;150;89m██[38;2;142;172;113m██[38;2;179;207;145m████████[38;2;161;189;129m██[38;2;149;175;115m██[38;2;42;50;32m  [38;2;0;0;0m                
[38;2;0;0;0m        [38;2;177;202;145m██[38;2;123;156;97m██[38;2;139;170;112m██[38;2;179;205;147m██[38;2;67;66;66m██[38;2;175;199;144m██[38;2;179;206;146m██[38;2;179;206;145m██[38;2;116;150;91m██[38;2;111;150;89m██[38;2;47;64;38m  [38;2;0;0;0m                
[38;2;0;0;0m    [38;2;17;22;13m  [38;2;105;136;82m██[38;2;105;113;93m██[38;2;179;206;145m██[38;2;157;176;129m██[38;2;87;88;81m██[38;2;115;123;105m██[38;2;123;135;107m██[38;2;164;192;133m██[38;2;147;177;117m██[38;2;179;206;145m██[38;2;116;137;100m██[38;2;100;133;82m██[38;2;87;103;74m██[38;2;22;29;17m  [38;2;0;0;0m            
[38;2;0;0;0m    [38;2;107;135;87m██[38;2;69;68;75m██[38;2;179;206;148m██[38;2;179;206;145m██[38;2;179;206;146m██[38;2;179;206;147m██[38;2;129;139;111m██[38;2;65;64;65m██[38;2;149;179;120m██[38;2;179;206;145m██[38;2;179;206;144m██[38;2;116;144;98m██[38;2;87;98;79m██[38;2;110;149;89m██[38;2;44;57;34m  [38;2;0;0;0m            
[38;2;0;0;0m  [38;2;48;62;38m  [38;2;106;135;85m██[38;2;89;109;78m██[38;2;158;179;132m██[38;2;117;129;103m██[38;2;179;206;146m██[38;2;179;207;145m██[38;2;134;146;115m██[38;2;140;155;124m██[38;2;150;169;126m██[38;2;179;206;147m██[38;2;147;177;117m██[38;2;144;175;115m██[38;2;113;139;93m██[38;2;29;30;26m  [38;2;0;0;0m              
[38;2;54;54;54m  [38;2;135;144;131m██[38;2;92;105;88m██[38;2;149;186;123m██[38;2;98;94;118m██[38;2;162;147;225m██[38;2;109;115;99m██[38;2;179;205;147m██[38;2;179;207;145m████[38;2;179;206;146m██[38;2;71;72;69m██[38;2;147;171;116m██[38;2;179;207;145m██[38;2;177;208;140m██[38;2;3;3;9m  [38;2;0;0;0m      [38;2;1;2;1m  [38;2;3;3;2m  [38;2;0;0;0m    
[38;2;0;0;0m  [38;2;70;74;70m  [38;2;77;89;70m██[38;2;89;109;76m██[38;2;92;105;89m██[38;2;146;136;190m██[38;2;142;131;185m██[38;2;114;120;105m██[38;2;140;153;128m██[38;2;179;206;145m██[38;2;179;208;143m██[38;2;113;125;99m██[38;2;146;156;132m██[38;2;145;166;124m██[38;2;175;190;157m██[38;2;63;72;58m██[38;2;64;87;52m██[38;2;0;0;0m    [38;2;116;135;95m██[38;2;76;93;66m██[38;2;66;87;55m██[38;2;17;22;14m  
[38;2;0;0;0m    [38;2;5;4;4m  [38;2;57;68;49m██[38;2;93;118;80m██[38;2;114;101;148m██[38;2;132;118;177m██[38;2;135;124;179m██[38;2;108;107;116m██[38;2;164;187;134m██[38;2;121;137;103m██[38;2;121;142;100m██[38;2;98;101;89m██[38;2;221;229;220m██[38;2;73;88;63m██[38;2;143;144;139m██[38;2;93;116;80m██[38;2;126;152;98m██[38;2;173;203;139m██[38;2;163;190;134m██[38;2;114;143;97m██[38;2;51;67;47m██[38;2;3;3;4m  
[38;2;0;0;0m    [38;2;83;110;66m██[38;2;112;151;89m██[38;2;89;110;78m██[38;2;86;96;87m██[38;2;120;119;145m  [38;2;144;128;190m██[38;2;117;108;145m██[38;2;93;117;81m██[38;2;101;133;85m██[38;2;82;97;74m██[38;2;159;180;132m██[38;2;138;154;117m██[38;2;139;153;118m██[38;2;88;88;82m██[38;2;82;91;80m██[38;2;112;150;89m████[38;2;111;151;89m██[38;2;112;151;89m██[38;2;43;56;34m  [38;2;11;14;8m  
[38;2;0;0;0m    [38;2;90;112;74m██[38;2;71;76;68m██[38;2;106;143;87m██[38;2;76;85;71m██[38;2;89;107;84m██[38;2;108;94;135m██[38;2;94;129;82m██[38;2;111;151;89m██[38;2;108;145;88m██[38;2;71;76;68m██[38;2;175;202;141m██[38;2;179;207;145m████[38;2;178;205;144m██[38;2;103;111;92m██[38;2;98;128;77m████[38;2;0;0;0m        
[38;2;0;0;0m    [38;2;34;45;28m██[38;2;113;149;95m██[38;2;91;109;80m██[38;2;80;93;74m██[38;2;48;46;50m██[38;2;1;2;2m  [38;2;38;51;30m████[38;2;30;37;26m██[38;2;113;149;89m██[38;2;108;130;91m██[38;2;104;112;92m██[38;2;104;114;92m██[38;2;176;206;139m██[38;2;68;74;60m██[38;2;0;0;0m            
[38;2;0;0;0m    [38;2;13;11;13m  [38;2;77;90;69m██[38;2;112;131;101m██[38;2;93;126;76m██[38;2;55;75;44m  [38;2;0;0;0m        [38;2;94;122;73m██[38;2;89;109;77m██[38;2;111;150;89m██[38;2;117;146;95m██[38;2;91;99;83m██[38;2;57;66;47m  [38;2;0;0;0m            
[38;2;0;0;0m    [38;2;19;19;19m  [38;2;37;38;37m██[38;2;52;54;52m██[38;2;4;4;4m  [38;2;0;0;0m            [38;2;72;85;55m██[38;2;160;188;128m████[38;2;122;151;97m██[38;2;0;0;0m              
[38;2;0;0;0m                        [38;2;103;103;103m  [38;2;74;86;74m██[38;2;91;97;91m██[38;2;181;182;181m  [38;2;0;0;0m              
[38;2;0;0;0m                          [38;2;4;8;4m  [38;2;28;29;28m  [38;2;0;0;0m                [0m
