
[38;2;0;0;0m                              [38;2;64;64;62m██[38;2;0;0;0m                      
[38;2;0;0;0m        [38;2;98;55;31m  [38;2;0;0;0m                  [38;2;104;104;100m  [38;2;43;43;41m  [38;2;0;0;0m                      
[38;2;0;0;0m        [38;2;147;88;45m██[38;2;12;9;3m  [38;2;24;13;7m  [38;2;211;162;60m██[38;2;16;14;12m  [38;2;0;0;0m    [38;2;189;186;182m██[38;2;37;36;35m  [38;2;89;89;86m██[38;2;199;199;193m██[38;2;0;0;0m                        
[38;2;0;0;0m        [38;2;196;126;59m██[38;2;84;75;59m██[38;2;186;121;54m██[38;2;235;166;64m██[38;2;91;67;60m██[38;2;208;145;59m██[38;2;30;27;29m  [38;2;192;188;183m██[38;2;130;128;126m██[38;2;246;246;238m██[38;2;118;118;114m██[38;2;0;0;0m    [38;2;223;223;216m██[38;2;91;91;88m  [38;2;0;0;0m                
[38;2;0;0;0m      [38;2;2;0;0m  [38;2;214;148;62m██[38;2;210;148;60m██[38;2;212;150;59m██[38;2;87;72;64m██[38;2;117;92;65m██[38;2;144;111;65m██[38;2;131;83;68m██[38;2;68;63;64m██[38;2;132;107;110m██[38;2;246;246;238m██[38;2;160;159;155m██[38;2;116;116;114m██[38;2;246;246;238m██[38;2;124;124;120m  [38;2;0;0;0m                  
[38;2;0;0;0m      [38;2;131;94;35m██[38;2;235;175;65m██[38;2;187;112;54m██[38;2;229;176;63m██[38;2;230;177;64m██[38;2;209;146;60m██[38;2;179;101;52m██[38;2;98;72;65m██[38;2;154;53;65m██[38;2;77;58;65m██[38;2;89;56;65m██[38;2;245;245;238m██[38;2;246;246;241m██[38;2;109;109;107m██[38;2;0;0;0m              [38;2;126;71;40m██[38;2;0;0;0m    
[38;2;0;0;0m      [38;2;168;116;48m██[38;2;220;163;62m██[38;2;225;171;64m██[38;2;196;154;65m██[38;2;169;150;126m██[38;2;75;64;55m██[38;2;217;169;65m██[38;2;107;63;69m██[38;2;227;173;65m██[38;2;96;52;59m██[38;2;100;50;58m██[38;2;198;198;192m██[38;2;245;245;237m██[38;2;220;219;211m██[38;2;142;142;137m██[38;2;134;134;129m██[38;2;0;0;0m    [38;2;6;4;4m  [38;2;130;80;47m██[38;2;101;63;40m██[38;2;166;95;54m██[38;2;0;0;0m    
[38;2;0;0;0m    [38;2;26;20;15m██[38;2;81;73;59m██[38;2;108;89;63m██[38;2;207;143;58m██[38;2;66;66;66m██[38;2;208;205;200m██[38;2;83;59;65m██[38;2;65;64;65m██[38;2;155;63;73m██[38;2;159;64;73m██[38;2;115;61;68m██[38;2;131;40;52m██[38;2;158;158;154m██[38;2;245;245;237m██[38;2;226;226;218m██[38;2;0;0;0m    [38;2;1;1;0m  [38;2;16;13;19m██[38;2;128;66;51m██[38;2;175;95;56m██[38;2;131;40;54m██[38;2;167;70;60m██[38;2;8;3;8m  [38;2;0;0;0m  
[38;2;0;0;0m    [38;2;135;68;65m██[38;2;211;135;88m██[38;2;183;112;68m██[38;2;95;59;69m██[38;2;156;98;106m██[38;2;122;53;67m██[38;2;119;62;69m██[38;2;145;140;138m██[38;2;127;109;110m██[38;2;139;49;61m██[38;2;118;45;57m██[38;2;104;50;60m██[38;2;214;214;209m██[38;2;137;137;132m██[38;2;10;10;10m  [38;2;0;0;0m    [38;2;74;34;38m██[38;2;144;62;58m██[38;2;131;71;49m██[38;2;117;42;53m██[38;2;47;14;19m██[38;2;46;18;17m██[38;2;117;41;46m██[38;2;21;6;8m  
[38;2;9;5;4m  [38;2;183;133;60m██[38;2;225;161;79m██[38;2;181;97;73m██[38;2;150;64;72m██[38;2;145;78;71m██[38;2;156;63;73m██[38;2;152;65;71m██[38;2;164;116;119m██[38;2;196;194;189m██[38;2;149;146;143m██[38;2;117;46;57m██[38;2;109;48;59m██[38;2;237;236;229m██[38;2;245;245;240m██[38;2;246;246;237m██[38;2;134;134;129m██[38;2;51;48;43m██[38;2;181;122;64m██[38;2;206;147;65m██[38;2;122;53;57m██[38;2;126;41;56m██[38;2;33;17;19m  [38;2;0;0;0m        
[38;2;52;28;26m██[38;2;202;110;104m██[38;2;123;74;79m██[38;2;177;98;69m██[38;2;156;62;68m██[38;2;159;64;73m██[38;2;164;73;69m██[38;2;165;82;52m██[38;2;79;74;78m██[38;2;189;186;182m██[38;2;199;194;189m██[38;2;69;68;69m██[38;2;120;106;106m██[38;2;196;194;189m██[38;2;229;227;219m██[38;2;241;241;233m██[38;2;114;113;112m██[38;2;120;115;108m██[38;2;131;94;65m██[38;2;158;67;73m██[38;2;151;66;66m██[38;2;111;43;53m██[38;2;0;0;0m          
[38;2;30;14;12m  [38;2;154;71;61m██[38;2;159;64;73m██[38;2;134;68;70m██[38;2;161;78;64m██[38;2;115;61;62m██[38;2;65;64;65m██[38;2;171;137;65m██[38;2;65;64;65m██[38;2;151;151;147m██[38;2;159;157;156m██[38;2;103;101;100m██[38;2;179;176;172m██[38;2;196;194;189m██[38;2;82;81;81m██[38;2;93;64;67m██[38;2;159;64;73m██[38;2;139;47;61m██[38;2;188;110;65m██[38;2;98;64;68m██[38;2;157;60;69m██[38;2;0;0;0m            
[38;2;0;0;0m  [38;2;23;10;9m  [38;2;161;114;50m██[38;2;59;53;55m██[38;2;132;99;63m██[38;2;90;76;64m██[38;2;101;66;86m██[38;2;163;70;123m██[38;2;65;64;65m██[38;2;232;232;225m██[38;2;144;141;139m██[38;2;187;184;182m██[38;2;77;74;76m██[38;2;89;84;87m██[38;2;138;116;117m██[38;2;85;64;66m██[38;2;159;64;73m██[38;2;156;62;72m██[38;2;148;54;66m██[38;2;159;64;73m██[38;2;139;49;60m██[38;2;0;0;0m            
[38;2;0;0;0m      [38;2;0;1;0m  [38;2;147;143;142m██[38;2;91;78;84m██[38;2;185;72;137m██[38;2;146;69;113m██[38;2;177;177;172m██[38;2;230;228;220m██[38;2;149;146;143m██[38;2;68;68;67m██[38;2;189;155;157m██[38;2;141;53;65m██[38;2;103;71;74m██[38;2;100;64;68m██[38;2;143;64;72m██[38;2;157;64;73m██[38;2;159;64;73m██[38;2;125;61;69m██[38;2;130;40;54m██[38;2;0;0;0m            
[38;2;0;0;0m      [38;2;0;3;0m  [38;2;234;219;224m██[38;2;99;73;86m██[38;2;75;64;71m██[38;2;212;211;205m██[38;2;228;226;218m██[38;2;200;194;186m██[38;2;94;94;90m██[38;2;120;122;117m██[38;2;183;182;176m██[38;2;115;56;65m██[38;2;176;82;83m██[38;2;156;64;73m██[38;2;152;121;65m██[38;2;218;159;66m██[38;2;159;64;73m██[38;2;72;61;63m██[38;2;55;17;22m██[38;2;0;0;0m            
[38;2;0;0;0m        [38;2;44;44;43m  [38;2;134;134;129m██[38;2;198;202;198m██[38;2;193;191;186m██[38;2;75;75;74m██[38;2;137;135;129m██[38;2;116;116;108m██[38;2;139;139;127m██[38;2;118;92;90m██[38;2;175;93;96m██[38;2;191;98;98m██[38;2;77;58;65m██[38;2;184;120;67m██[38;2;159;68;73m██[38;2;169;83;65m██[38;2;143;63;76m██[38;2;15;10;10m  [38;2;0;0;0m            
[38;2;0;0;0m            [38;2;34;35;34m██[38;2;126;46;58m██[38;2;77;23;31m██[38;2;117;37;49m██[38;2;108;92;94m██[38;2;139;138;127m██[38;2;79;71;73m██[38;2;156;72;81m██[38;2;78;79;78m██[38;2;159;64;73m██[38;2;157;64;73m██[38;2;224;169;65m██[38;2;159;64;73m██[38;2;109;43;51m██[38;2;0;2;2m  [38;2;0;0;0m            
[38;2;0;0;0m            [38;2;15;16;15m  [38;2;4;4;4m  [38;2;0;0;0m    [38;2;105;60;59m██[38;2;98;96;91m██[38;2;73;70;71m██[38;2;69;79;78m██[38;2;80;79;80m██[38;2;134;52;60m██[38;2;159;64;73m██[38;2;156;62;73m██[38;2;145;51;65m██[38;2;93;54;59m██[38;2;40;13;17m██[38;2;0;0;0m            
[38;2;0;0;0m                    [38;2;82;45;39m██[38;2;126;44;55m██[38;2;107;59;64m██[38;2;131;40;54m██[38;2;28;28;28m  [38;2;12;2;2m  [38;2;149;60;70m██[38;2;144;61;71m██[38;2;106;51;60m██[38;2;131;40;53m██[38;2;48;14;19m██[38;2;0;0;0m            
[38;2;0;0;0m                  [38;2;38;37;38m  [38;2;65;64;65m████[38;2;75;50;47m██[38;2;47;14;19m██[38;2;0;0;0m  [38;2;5;4;1m  [38;2;120;90;53m██[38;2;167;113;59m██[38;2;168;92;60m██[38;2;121;37;50m██[38;2;17;5;7m  [38;2;0;0;0m            
[38;2;0;0;0m                              [38;2;79;79;79m██[38;2;83;85;83m██[38;2;87;89;87m██[38;2;84;86;84m██[38;2;92;29;38m  [38;2;0;0;0m              
[38;2;0;0;0m                                [38;2;26;26;26m██[38;2;18;18;18m██[38;2;25;26;25m██[38;2;0;0;0m                [0m
