
[38;2;0;0;0m                    [38;2;3;3;3m██  [38;2;11;7;7m  [38;2;0;1;0m  [38;2;0;0;0m                        
[38;2;0;0;0m                    [38;2;3;3;3m  [38;2;30;30;30m██[38;2;92;43;50m██[38;2;89;27;39m██[38;2;0;0;0m                        
[38;2;0;0;0m                      [38;2;26;6;10m  [38;2;87;43;53m██[38;2;61;36;42m██[38;2;0;0;0m              [38;2;14;16;19m  [38;2;34;38;45m██[38;2;62;65;73m██[38;2;29;33;39m██[38;2;14;16;19m  
[38;2;0;0;0m                    [38;2;102;27;44m██[38;2;128;34;55m██[38;2;43;18;24m██[38;2;61;61;72m██[38;2;0;0;0m            [38;2;20;12;17m  [38;2;136;57;74m██[38;2;94;89;105m██[38;2;107;74;88m██[38;2;14;16;19m  [38;2;0;0;0m  
[38;2;0;0;0m                    [38;2;137;37;59m██[38;2;33;11;16m██[38;2;0;0;0m  [38;2;58;66;79m██[38;2;9;9;9m  [38;2;0;2;2m  [38;2;45;13;19m██[38;2;45;13;18m██[38;2;0;0;0m    [38;2;30;16;22m  [38;2;111;74;92m██[38;2;166;57;74m██[38;2;30;24;27m██[38;2;0;0;0m    
[38;2;0;0;0m                    [38;2;46;14;21m██[38;2;94;34;49m██[38;2;9;9;9m  [38;2;68;75;87m██[38;2;64;64;74m██[38;2;112;40;54m██[38;2;183;55;75m██[38;2;180;55;74m██[38;2;101;31;41m  [38;2;0;0;0m    [38;2;137;41;56m██[38;2;182;55;75m██[38;2;44;14;18m██[38;2;0;0;0m    
[38;2;0;0;0m                [38;2;166;63;79m██[38;2;0;0;0m  [38;2;20;22;26m██[38;2;28;30;35m██[38;2;92;57;63m████[38;2;71;78;90m██[38;2;115;39;57m██[38;2;101;31;41m  [38;2;0;0;0m  [38;2;148;45;62m██[38;2;70;20;30m██[38;2;59;16;26m██[38;2;137;38;60m██[38;2;102;29;44m██[38;2;0;0;0m      
[38;2;0;0;0m                [38;2;175;72;88m██[38;2;9;9;9m  [38;2;66;72;84m██[38;2;72;80;94m██[38;2;92;57;63m██[38;2;87;61;67m██[38;2;84;64;72m██[38;2;40;27;30m██[38;2;0;0;0m    [38;2;11;3;5m  [38;2;35;10;15m██[38;2;137;36;60m██[38;2;138;36;58m██[38;2;25;7;11m  [38;2;0;0;0m      
[38;2;0;0;0m                [38;2;180;74;91m██[38;2;50;53;61m██[38;2;76;79;91m██[38;2;56;58;62m██[38;2;225;95;115m██[38;2;220;99;120m██[38;2;77;55;61m██[38;2;87;43;50m██[38;2;36;12;17m██[38;2;3;3;3m  [38;2;0;0;0m                
[38;2;0;0;0m                [38;2;150;63;81m██[38;2;71;78;90m██[38;2;50;50;52m██[38;2;141;77;90m██[38;2;234;126;143m██[38;2;236;123;143m██[38;2;149;59;76m██[38;2;131;48;64m██[38;2;171;52;74m██[38;2;138;44;58m██[38;2;0;0;0m                
[38;2;0;0;0m                [38;2;109;58;70m██[38;2;59;54;59m██[38;2;74;71;81m██[38;2;155;52;70m██[38;2;198;105;119m██[38;2;212;143;153m██[38;2;194;93;108m██[38;2;182;55;75m██[38;2;165;48;71m██[38;2;23;6;10m  [38;2;0;0;0m                
[38;2;0;0;0m                [38;2;49;45;50m██[38;2;59;57;62m██[38;2;154;136;84m██[38;2;192;155;136m██[38;2;240;217;221m██[38;2;255;255;255m██[38;2;194;93;108m██[38;2;180;55;74m██[38;2;106;60;68m██[38;2;6;0;0m  [38;2;0;0;0m                
[38;2;0;0;0m                [38;2;166;155;86m██[38;2;167;155;86m██[38;2;196;184;104m██[38;2;118;111;77m██[38;2;113;108;95m██[38;2;164;82;95m██[38;2;193;93;107m██[38;2;234;204;209m██[38;2;194;179;189m██[38;2;67;55;59m██[38;2;9;0;0m  [38;2;0;0;0m              
[38;2;0;0;0m                [38;2;66;63;34m██[38;2;104;100;66m██[38;2;149;141;69m██[38;2;90;87;66m██[38;2;143;135;69m██[38;2;108;60;71m██[38;2;248;242;243m██[38;2;227;204;209m██[38;2;186;183;191m██[38;2;122;89;95m██[38;2;158;131;141m██[38;2;33;34;35m  [38;2;0;0;0m            
[38;2;0;0;0m            [38;2;20;15;15m  [38;2;52;30;31m██[38;2;205;181;187m██[38;2;158;147;149m██[38;2;148;149;148m██[38;2;219;219;219m██[38;2;110;105;67m██[38;2;140;136;97m██[38;2;103;95;85m██[38;2;152;133;143m██[38;2;171;145;156m██[38;2;186;159;170m██[38;2;181;172;183m██[38;2;147;63;81m██[38;2;0;0;0m            
[38;2;0;0;0m            [38;2;207;206;207m██[38;2;226;222;222m██[38;2;194;182;185m██[38;2;160;152;99m██[38;2;112;111;112m██[38;2;135;129;80m██[38;2;157;130;66m██[38;2;139;134;133m██[38;2;186;183;183m██[38;2;166;86;102m██[38;2;192;115;128m██[38;2;207;128;140m██[38;2;155;91;107m██[38;2;174;146;157m██[38;2;0;0;0m            
[38;2;0;0;0m  [38;2;0;0;1m  [38;2;0;0;2m    [38;2;0;0;0m    [38;2;222;167;175m████[38;2;200;169;174m██[38;2;155;138;88m██[38;2;167;157;89m██[38;2;120;117;101m██[38;2;121;93;101m██[38;2;143;49;62m██[38;2;181;126;138m██[38;2;194;93;107m██[38;2;240;217;221m██[38;2;200;105;119m██[38;2;157;77;93m██[38;2;185;182;191m██[38;2;11;11;11m  [38;2;0;0;0m          
[38;2;0;0;0m  [38;2;119;111;66m  [38;2;79;74;47m████[38;2;0;0;0m  [38;2;101;31;41m  [38;2;179;56;73m██[38;2;222;167;175m████[38;2;158;55;73m██[38;2;165;93;106m██[38;2;243;243;243m██[38;2;250;242;243m██[38;2;236;205;209m██[38;2;222;167;175m██[38;2;236;205;209m██[38;2;212;143;153m██[38;2;255;255;255m██[38;2;181;87;103m██[38;2;117;116;120m██[38;2;153;147;153m██[38;2;35;34;35m  [38;2;0;0;0m        
[38;2;52;51;24m██[38;2;129;121;80m██[38;2;157;147;90m██[38;2;185;172;98m██[38;2;154;147;84m██[38;2;178;177;173m██[38;2;241;241;243m██[38;2;228;227;231m██[38;2;250;250;251m██[38;2;198;196;205m██[38;2;180;55;74m██[38;2;182;55;75m██[38;2;212;143;153m██[38;2;255;255;255m██[38;2;198;105;119m██[38;2;184;68;85m██[38;2;250;242;243m██[38;2;194;91;109m██[38;2;159;87;102m██[38;2;185;182;191m██[38;2;178;175;183m██[38;2;115;109;85m██[38;2;38;36;35m██[38;2;130;123;68m██[38;2;126;119;53m██[38;2;0;0;0m  
[38;2;43;20;18m██[38;2;163;81;74m██[38;2;93;85;68m██[38;2;149;106;76m██[38;2;90;87;67m████[38;2;255;252;255m██[38;2;241;241;243m██[38;2;177;172;178m██[38;2;162;159;167m██[38;2;183;127;139m██[38;2;180;55;74m██[38;2;212;143;153m██[38;2;255;255;255m██[38;2;198;105;119m██[38;2;184;68;85m██[38;2;201;128;141m██[38;2;192;92;108m██[38;2;57;57;59m██[38;2;181;182;189m██[38;2;176;174;181m██[38;2;105;102;92m██[38;2;134;122;66m██[38;2;137;112;65m██[38;2;108;50;47m██[38;2;0;0;0m  
[38;2;33;10;13m  [38;2;113;35;50m██[38;2;157;41;63m██[38;2;119;48;65m██[38;2;81;68;72m██[38;2;166;163;167m██[38;2;237;234;238m██[38;2;196;195;203m██[38;2;106;102;106m  [38;2;107;102;107m  [38;2;189;181;191m██[38;2;181;111;125m██[38;2;180;55;73m██[38;2;192;93;107m██[38;2;248;250;250m██[38;2;186;97;111m██[38;2;220;215;218m██[38;2;48;37;39m██[38;2;0;0;0m  [38;2;101;102;106m  [38;2;112;29;46m██[38;2;97;51;62m██[38;2;143;107;66m██[38;2;83;56;52m██[38;2;77;20;33m  [38;2;0;0;0m  
[38;2;0;0;0m    [38;2;34;11;16m██[38;2;81;33;43m██[38;2;119;56;72m██[38;2;172;157;167m██[38;2;150;148;155m██[38;2;44;45;47m██[38;2;0;0;0m  [38;2;12;0;0m  [38;2;128;112;118m██[38;2;158;99;114m██[38;2;148;41;61m██[38;2;156;78;95m██[38;2;208;195;201m██[38;2;150;72;89m██[38;2;120;66;81m██[38;2;26;10;14m██[38;2;0;0;0m    [38;2;8;2;3m  [38;2;34;9;14m████[38;2;8;2;3m  [38;2;0;0;0m    
[38;2;0;0;0m          [38;2;36;36;36m  [38;2;0;0;0m    [38;2;63;63;63m██[38;2;91;90;91m██[38;2;91;71;76m██[38;2;115;39;57m██[38;2;137;39;60m██[38;2;138;36;57m██[38;2;149;72;90m██[38;2;141;45;65m██[38;2;159;147;156m██[38;2;132;122;129m██[38;2;146;147;153m██[38;2;44;45;47m██[38;2;0;0;0m            
[38;2;0;0;0m          [38;2;101;31;41m  [38;2;9;0;0m  [38;2;152;136;138m  [38;2;255;255;255m████[38;2;160;96;109m██[38;2;149;148;154m██[38;2;87;43;53m██[38;2;137;36;59m██[38;2;157;100;116m██[38;2;150;72;89m██[38;2;142;64;84m██[38;2;68;45;51m██[38;2;183;179;187m██[38;2;113;97;104m██[38;2;113;100;106m  [38;2;81;20;32m  [38;2;0;0;0m        
[38;2;0;0;0m          [38;2;101;31;41m  [38;2;167;59;75m██[38;2;130;72;78m██[38;2;172;93;109m██[38;2;177;95;111m██[38;2;156;44;64m██[38;2;171;145;156m██[38;2;70;45;51m████[38;2;137;36;59m██[38;2;138;36;57m██[38;2;70;45;51m████[38;2;129;120;126m██[38;2;103;60;71m██[38;2;80;61;66m██[38;2;17;13;14m██[38;2;0;0;0m        
[38;2;0;0;0m          [38;2;70;20;30m  [38;2;184;54;78m██[38;2;180;53;72m██[38;2;169;60;85m██[38;2;175;62;82m██[38;2;171;50;69m██[38;2;147;63;81m██[38;2;104;41;55m██[38;2;54;47;49m██[38;2;137;37;60m██[38;2;137;39;59m██[38;2;54;47;49m██[38;2;104;41;55m██[38;2;120;39;57m██[38;2;87;43;53m██[38;2;92;69;75m██[38;2;40;34;36m██[38;2;0;0;0m        
[38;2;0;0;0m        [38;2;33;10;13m  [38;2;168;50;70m██[38;2;137;65;79m██[38;2;95;93;96m██[38;2;112;81;90m██[38;2;141;62;77m██[38;2;172;50;72m██[38;2;165;48;67m██[38;2;124;101;106m██[38;2;75;70;72m██[38;2;137;37;60m██[38;2;137;39;60m██[38;2;68;36;40m██[38;2;84;71;75m██[38;2;81;81;84m██[38;2;155;156;162m██[38;2;168;170;177m██[38;2;33;34;35m  [38;2;0;0;0m        
[38;2;0;0;0m          [38;2;33;9;14m  [38;2;94;93;96m██[38;2;159;100;115m██[38;2;180;171;180m██[38;2;156;152;158m██[38;2;117;59;70m██[38;2;144;41;61m██[38;2;38;34;35m  [38;2;11;9;9m  [38;2;137;37;60m██[38;2;137;37;59m██[38;2;11;7;7m  [38;2;33;35;35m  [38;2;181;182;189m██[38;2;184;182;190m██[38;2;149;134;141m██[38;2;4;0;0m  [38;2;0;0;0m        
[38;2;0;0;0m          [38;2;1;0;0m  [38;2;69;52;57m██[38;2;153;73;91m██[38;2;171;145;156m██[38;2;174;146;157m██[38;2;72;54;58m██[38;2;28;6;10m  [38;2;0;0;0m    [38;2;25;6;11m    [38;2;0;0;0m    [38;2;173;174;181m██[38;2;155;153;159m██[38;2;98;79;62m██[38;2;52;45;27m██[38;2;0;0;0m        
[38;2;0;0;0m          [38;2;73;20;30m  [38;2;171;58;80m██[38;2;157;52;72m██[38;2;155;90;106m██[38;2;184;172;180m██[38;2;11;11;11m  [38;2;0;0;0m              [38;2;37;38;39m██[38;2;16;16;16m██[38;2;36;35;15m██[38;2;36;34;15m██[38;2;0;0;0m        
[38;2;0;0;0m        [38;2;26;24;21m██[38;2;158;148;87m██[38;2;120;114;80m████[38;2;151;77;64m██[38;2;123;113;115m██[38;2;0;0;0m                                
[38;2;0;0;0m        [38;2;13;12;8m  [38;2;25;24;19m██[38;2;44;41;23m████[38;2;32;16;13m  [38;2;0;0;0m                                  [0m
