
[38;2;0;0;0m                          [38;2;52;45;25m  [38;2;0;0;0m  [38;2;17;15;8m  [38;2;13;11;6m  [38;2;0;0;0m                          
[38;2;0;0;0m                          [38;2;243;208;117m██[38;2;52;45;25m  [38;2;203;172;83m██[38;2;206;175;93m██[38;2;0;0;0m  [38;2;171;146;82m  [38;2;0;0;0m                      
[38;2;0;0;0m                    [38;2;153;131;72m██[38;2;75;65;33m██[38;2;188;161;85m██[38;2;233;192;84m██[38;2;215;174;83m██[38;2;219;179;93m██[38;2;236;195;91m██[38;2;238;200;94m██[38;2;252;216;117m██[38;2;45;39;20m  [38;2;0;0;0m                    
[38;2;0;0;0m                  [38;2;12;10;4m  [38;2;179;139;60m██[38;2;228;190;96m██[38;2;188;147;67m██[38;2;182;138;74m██[38;2;235;196;109m████[38;2;182;138;74m██[38;2;195;155;71m██[38;2;230;194;97m██[38;2;179;139;60m██[38;2;12;10;4m  [38;2;0;0;0m                  
[38;2;0;0;0m                  [38;2;1;1;1m  [38;2;146;116;51m██[38;2;178;127;56m██[38;2;202;164;67m██[38;2;181;142;69m██[38;2;245;209;115m██[38;2;210;166;88m██[38;2;219;170;68m██[38;2;166;124;57m██[38;2;178;127;56m██[38;2;157;121;49m██[38;2;3;2;1m  [38;2;0;0;0m                  
[38;2;0;0;0m                [38;2;217;123;139m██[38;2;73;51;64m██[38;2;186;127;62m██[38;2;220;163;62m██[38;2;222;162;62m██[38;2;219;160;64m██[38;2;186;132;60m██[38;2;222;173;69m██[38;2;230;181;71m██[38;2;225;161;62m██[38;2;219;164;63m██[38;2;188;129;75m██[38;2;66;61;59m██[38;2;115;65;74m  [38;2;0;0;0m                
[38;2;0;0;0m          [38;2;8;0;0m  [38;2;135;71;84m██[38;2;230;114;137m██[38;2;212;92;119m██[38;2;155;100;88m██[38;2;173;126;64m██[38;2;184;124;52m██[38;2;188;132;57m██[38;2;166;113;53m██[38;2;227;175;67m██[38;2;219;166;64m██[38;2;190;138;59m██[38;2;200;150;62m██[38;2;185;124;52m██[38;2;171;129;62m██[38;2;201;135;114m██[38;2;230;114;137m████[38;2;94;51;59m██[38;2;0;1;0m  [38;2;0;0;0m          
[38;2;0;0;0m          [38;2;214;154;170m  [38;2;244;157;176m██[38;2;247;135;156m██[38;2;252;145;163m██[38;2;244;131;157m██[38;2;143;95;99m██[38;2;229;163;58m██[38;2;218;168;67m██[38;2;208;170;68m██[38;2;161;109;51m██[38;2;182;129;56m██[38;2;216;166;67m██[38;2;220;184;71m██[38;2;228;164;58m██[38;2;143;95;99m██[38;2;244;131;157m██[38;2;247;135;156m████[38;2;186;83;105m██[38;2;69;39;43m  [38;2;0;0;0m          
[38;2;0;0;0m      [38;2;86;85;86m  [38;2;252;145;163m████[38;2;250;163;179m██[38;2;246;242;246m██[38;2;250;171;186m██[38;2;227;110;134m██[38;2;207;104;128m██[38;2;149;89;95m██[38;2;162;126;65m██[38;2;229;166;63m██[38;2;230;174;67m██[38;2;230;171;65m██[38;2;232;188;73m██[38;2;162;111;55m██[38;2;124;65;74m██[38;2;232;121;146m██[38;2;252;145;163m████████[38;2;248;198;209m██[38;2;164;93;105m██[38;2;0;0;0m        
[38;2;0;0;0m    [38;2;75;74;75m  [38;2;243;239;243m██[38;2;252;145;163m████[38;2;251;148;166m██[38;2;251;152;170m██[38;2;222;104;128m██[38;2;247;139;159m██[38;2;252;144;163m██[38;2;250;143;163m██[38;2;238;139;156m██[38;2;77;72;65m██[38;2;76;69;64m██[38;2;77;70;64m██[38;2;77;73;65m██[38;2;238;139;156m██[38;2;244;140;159m██[38;2;224;111;135m██[38;2;250;139;159m██[38;2;249;186;199m██[38;2;246;234;239m██[38;2;252;145;163m██[38;2;246;234;239m██[38;2;250;180;194m██[38;2;204;116;131m  [38;2;0;0;0m      
[38;2;0;0;0m  [38;2;5;0;0m  [38;2;159;91;103m  [38;2;252;145;163m██[38;2;250;162;178m██[38;2;246;238;242m██[38;2;252;145;163m██[38;2;224;108;132m██[38;2;235;146;165m██[38;2;252;145;163m██[38;2;250;170;185m██[38;2;251;145;163m██[38;2;252;145;163m██[38;2;253;145;163m██[38;2;206;83;110m██[38;2;227;110;133m  [38;2;253;145;163m██[38;2;251;159;176m██[38;2;249;188;200m██[38;2;251;170;185m██[38;2;193;67;97m██[38;2;253;145;163m██[38;2;248;198;209m██[38;2;250;170;185m██[38;2;251;148;167m██[38;2;248;198;209m██[38;2;253;145;163m██[38;2;84;48;54m██[38;2;0;0;0m    
[38;2;0;0;0m  [38;2;135;74;83m  [38;2;254;145;163m██[38;2;252;145;163m██[38;2;251;146;165m██[38;2;251;148;167m██[38;2;223;107;132m██[38;2;252;141;161m██[38;2;251;146;165m██[38;2;251;151;169m██[38;2;246;240;244m██[38;2;252;145;163m████[38;2;252;144;163m██[38;2;205;84;111m██[38;2;254;145;163m██[38;2;252;145;163m██[38;2;251;146;165m██[38;2;246;229;235m██[38;2;253;147;165m██[38;2;252;142;161m██[38;2;221;102;127m██[38;2;252;145;163m██████████[38;2;231;110;133m██[38;2;0;0;0m    
[38;2;29;12;15m  [38;2;203;86;110m██[38;2;231;105;129m██[38;2;253;141;161m██[38;2;252;145;163m██[38;2;254;145;163m██[38;2;222;103;128m██[38;2;255;145;163m██[38;2;250;166;182m██[38;2;251;145;163m██[38;2;252;145;163m████[38;2;249;178;192m██[38;2;239;214;216m██[38;2;219;102;127m██[38;2;253;157;174m██[38;2;246;231;237m██[38;2;250;176;190m██[38;2;251;145;163m██[38;2;252;145;163m██[38;2;251;145;163m██[38;2;220;132;149m██[38;2;252;145;163m██[38;2;248;195;206m██[38;2;252;144;164m██[38;2;252;145;163m██[38;2;239;118;139m██[38;2;229;97;122m██[38;2;88;37;47m  [38;2;0;0;0m  
[38;2;61;25;32m██[38;2;227;95;123m██[38;2;227;95;122m██[38;2;227;97;122m██[38;2;238;116;137m██[38;2;255;141;163m██[38;2;218;99;124m██[38;2;246;242;246m██[38;2;245;242;245m██[38;2;252;145;163m████████[38;2;241;128;149m██[38;2;235;122;145m██[38;2;250;170;185m██[38;2;246;242;246m██[38;2;252;145;163m████[38;2;249;183;196m██[38;2;251;151;169m██[38;2;255;145;163m██[38;2;189;60;89m██[38;2;255;143;163m██[38;2;228;100;122m██[38;2;238;116;137m██[38;2;227;97;122m██[38;2;229;97;123m██[38;2;183;77;98m██[38;2;0;0;0m  
[38;2;0;0;0m  [38;2;87;43;50m  [38;2;213;86;112m  [38;2;227;97;122m██[38;2;226;97;121m██[38;2;191;62;92m██[38;2;231;108;133m██[38;2;239;120;142m██[38;2;253;145;163m████[38;2;250;175;189m██[38;2;246;235;240m██[38;2;251;160;177m██[38;2;241;128;149m██[38;2;235;122;145m██[38;2;249;181;195m██[38;2;251;145;163m██[38;2;252;145;163m██[38;2;253;145;163m██[38;2;250;191;203m██[38;2;239;124;145m██[38;2;234;109;132m██[38;2;208;78;107m██[38;2;216;88;115m██[38;2;226;97;121m██[38;2;227;97;121m██[38;2;226;95;122m██[38;2;228;96;122m██[38;2;0;0;0m    
[38;2;0;1;1m  [38;2;57;38;39m██[38;2;218;98;121m██[38;2;227;97;122m██[38;2;226;96;122m██[38;2;192;63;93m██[38;2;227;95;123m██[38;2;227;97;123m██[38;2;241;121;142m██[38;2;228;100;122m██[38;2;252;143;162m██[38;2;251;144;163m████[38;2;240;126;148m██[38;2;234;121;143m██[38;2;251;144;163m████[38;2;251;143;162m██[38;2;253;143;162m██[38;2;227;98;121m██[38;2;252;140;159m██[38;2;227;97;123m██[38;2;227;95;123m██[38;2;204;79;106m██[38;2;226;96;122m██[38;2;227;97;123m██[38;2;187;64;93m██[38;2;72;30;39m  [38;2;0;0;0m    
[38;2;0;15;13m  [38;2;16;57;50m██[38;2;57;92;89m██[38;2;138;78;90m██[38;2;161;68;91m██[38;2;224;95;121m██[38;2;227;97;122m██[38;2;227;97;123m████[38;2;225;93;121m██[38;2;218;88;113m██[38;2;237;115;136m██[38;2;235;111;133m██[38;2;206;84;114m██[38;2;196;88;109m██[38;2;236;112;134m██[38;2;236;114;135m██[38;2;231;104;126m██[38;2;228;99;122m██[38;2;234;109;132m██[38;2;227;97;123m████[38;2;229;97;123m██[38;2;47;80;75m██[38;2;139;85;96m██[38;2;138;78;90m██[38;2;25;89;78m██[38;2;2;0;0m  [38;2;0;0;0m    
[38;2;0;0;0m    [38;2;20;41;50m██[38;2;64;71;76m██[38;2;62;99;117m██[38;2;216;94;119m██[38;2;227;97;123m██████[38;2;172;60;86m██[38;2;162;83;99m██[38;2;227;97;123m████[38;2;64;74;81m██[38;2;64;78;86m██[38;2;229;97;123m██[38;2;227;97;123m██████████[38;2;224;95;120m██[38;2;211;80;104m██[38;2;34;111;101m██[38;2;8;124;109m██[38;2;31;102;88m██[38;2;11;124;103m██[38;2;2;49;40m██[38;2;0;7;6m  [38;2;0;0;0m  
[38;2;0;0;0m    [38;2;42;88;109m██[38;2;64;71;76m██[38;2;61;113;136m██[38;2;126;78;90m██[38;2;176;86;104m██[38;2;228;97;123m██[38;2;211;87;112m██[38;2;65;64;65m██[38;2;162;83;99m██[38;2;227;97;123m██[38;2;228;97;123m██[38;2;128;78;70m██[38;2;124;141;88m██[38;2;157;82;97m██[38;2;227;97;123m████[38;2;228;97;123m██████[38;2;85;89;88m██[38;2;68;74;75m██[38;2;10;137;102m██[38;2;21;134;102m██[38;2;27;124;96m██[38;2;50;66;72m██[38;2;11;64;58m██[38;2;1;42;35m  [38;2;0;0;0m  
[38;2;0;0;0m    [38;2;47;97;120m██[38;2;64;71;76m██[38;2;60;124;149m██[38;2;60;123;151m██[38;2;62;98;115m██[38;2;64;70;74m██[38;2;64;67;74m██[38;2;61;119;146m██[38;2;151;84;99m██[38;2;208;93;117m██[38;2;119;87;89m██[38;2;173;94;76m██[38;2;138;237;120m██[38;2;102;76;85m██[38;2;208;93;116m████[38;2;78;74;76m██[38;2;60;68;68m██[38;2;59;70;69m██[38;2;8;129;105m██[38;2;8;134;107m██[38;2;60;65;74m██[38;2;28;159;101m██[38;2;45;90;88m██[38;2;65;107;128m██[38;2;4;0;0m  [38;2;0;0;0m    
[38;2;0;0;0m    [38;2;60;123;152m██[38;2;62;104;124m██[38;2;65;112;126m██[38;2;78;154;174m████[38;2;60;121;150m██[38;2;60;123;150m██[38;2;59;124;150m██[38;2;61;110;131m██[38;2;62;101;119m██[38;2;89;147;125m██[38;2;93;173;140m██[38;2;61;124;133m██[38;2;61;107;127m██[38;2;36;96;85m██[38;2;29;104;90m██[38;2;8;125;109m██[38;2;29;102;93m██[38;2;45;86;79m██[38;2;15;143;105m██[38;2;26;150;104m██[38;2;62;95;111m██[38;2;62;101;119m██[38;2;61;114;139m██[38;2;39;82;100m██[38;2;0;0;0m      
[38;2;0;0;0m  [38;2;21;28;40m  [38;2;55;78;96m██[38;2;65;110;132m██[38;2;62;102;122m██[38;2;75;143;155m██[38;2;80;156;171m██[38;2;81;159;176m██[38;2;62;127;149m██[38;2;59;124;150m██[38;2;60;124;150m██[38;2;53;113;138m██[38;2;52;90;110m██[38;2;50;74;93m██[38;2;47;90;113m██[38;2;65;110;131m██[38;2;47;78;93m██[38;2;26;127;99m██[38;2;25;164;104m██[38;2;43;123;91m██[38;2;61;119;147m██[38;2;49;93;96m██[38;2;54;152;106m██[38;2;30;75;81m██[38;2;89;128;147m██[38;2;55;103;126m██[38;2;0;0;0m        
[38;2;0;0;0m  [38;2;47;51;54m  [38;2;75;79;85m██[38;2;140;158;171m██[38;2;20;40;50m██[38;2;1;2;3m  [38;2;9;19;23m  [38;2;10;25;35m██[38;2;60;124;151m██[38;2;57;120;146m██[38;2;62;84;101m██[38;2;91;80;93m██[38;2;153;123;132m██[38;2;155;133;140m██[38;2;68;65;69m██[38;2;7;19;25m██[38;2;50;99;121m██[38;2;49;99;109m██[38;2;38;150;114m██[38;2;61;87;104m██[38;2;60;124;149m██[38;2;66;132;149m██[38;2;13;27;20m██[38;2;7;14;20m  [38;2;56;62;66m██[38;2;39;49;55m██[38;2;0;0;0m        
[38;2;0;0;0m                    [38;2;0;1;3m  [38;2;0;2;5m  [38;2;6;0;0m  [38;2;0;3;6m  [38;2;0;0;1m  [38;2;0;0;0m  [38;2;39;80;99m  [38;2;53;96;115m██[38;2;62;80;94m██[38;2;64;145;144m██[38;2;40;90;118m██[38;2;31;65;78m██[38;2;0;0;0m                
[38;2;0;0;0m                                [38;2;18;42;57m  [38;2;57;119;144m██[38;2;58;122;147m██[38;2;60;124;150m██[38;2;41;92;115m██[38;2;31;66;81m██[38;2;0;0;0m                
[38;2;0;0;0m                                [38;2;117;118;122m  [38;2;34;72;89m  [38;2;74;110;128m██[38;2;71;95;112m██[38;2;134;147;159m██[38;2;13;31;42m  [38;2;0;0;0m                
[38;2;0;0;0m                                    [38;2;55;54;55m  [38;2;44;44;46m██[38;2;1;3;7m  [38;2;0;0;0m                  [0m
