
[38;2;0;0;0m                      [38;2;10;4;5m  [38;2;63;49;49m██[38;2;60;48;48m██[38;2;58;33;37m██[38;2;0;2;1m  [38;2;0;0;0m                        
[38;2;0;0;0m                    [38;2;79;35;43m  [38;2;201;90;109m██[38;2;255;141;153m██[38;2;115;93;97m██[38;2;118;74;80m██[38;2;42;30;29m  [38;2;0;0;0m                        
[38;2;0;0;0m              [38;2;67;32;36m██[38;2;255;137;150m██[38;2;255;222;216m██[38;2;255;134;146m██[38;2;205;86;102m██[38;2;141;104;85m██[38;2;202;162;72m██[38;2;190;153;71m██[38;2;150;124;67m██[38;2;94;73;31m██[38;2;35;22;28m██[38;2;237;115;130m██[38;2;255;185;187m██[38;2;255;151;160m██[38;2;63;31;34m██[38;2;60;29;32m  [38;2;0;0;0m          
[38;2;0;0;0m            [38;2;191;131;134m██[38;2;255;123;139m██[38;2;255;139;150m██[38;2;250;146;156m██[38;2;205;86;110m██[38;2;182;74;96m██[38;2;197;134;99m██[38;2;159;121;60m██[38;2;147;112;59m██[38;2;181;153;75m██[38;2;235;191;80m██[38;2;116;67;81m██[38;2;203;77;103m██[38;2;255;151;159m████[38;2;254;124;139m██[38;2;251;202;199m██[38;2;78;70;68m  [38;2;0;0;0m        
[38;2;0;0;0m            [38;2;93;44;50m  [38;2;233;111;127m██[38;2;205;76;102m██[38;2;209;80;105m██[38;2;254;124;139m██[38;2;255;129;136m██[38;2;155;102;94m██[38;2;200;173;83m████[38;2;203;171;81m██[38;2;114;82;69m██[38;2;255;119;139m██[38;2;254;124;139m██[38;2;205;75;102m████[38;2;239;107;126m██[38;2;251;118;137m██[38;2;191;93;104m██[38;2;0;0;0m        
[38;2;0;0;0m            [38;2;93;42;50m  [38;2;234;107;127m██[38;2;254;123;139m██[38;2;254;124;139m██[38;2;254;173;177m██[38;2;255;190;191m██[38;2;155;93;100m██[38;2;65;64;65m██[38;2;174;99;107m██[38;2;208;107;120m██[38;2;228;107;128m██[38;2;205;76;102m██[38;2;249;119;135m██[38;2;254;123;139m██[38;2;255;201;200m██[38;2;229;148;158m██[38;2;180;79;98m██[38;2;0;0;0m          
[38;2;0;0;0m        [38;2;26;12;14m  [38;2;63;31;34m██[38;2;255;136;149m██[38;2;255;230;222m██[38;2;255;170;176m██[38;2;255;130;144m██[38;2;215;184;179m██[38;2;0;0;0m    [38;2;133;96;55m██[38;2;149;111;115m██[38;2;244;190;195m██[38;2;255;135;149m██[38;2;254;124;139m██[38;2;211;89;109m██[38;2;180;90;103m██[38;2;254;124;138m██[38;2;254;124;139m██[38;2;255;149;159m██[38;2;142;95;98m██[38;2;0;0;0m        
[38;2;0;0;0m        [38;2;26;12;14m  [38;2;244;119;133m██[38;2;254;137;149m██[38;2;254;150;159m██[38;2;254;135;148m██[38;2;237;116;129m██[38;2;23;11;13m  [38;2;0;0;0m  [38;2;83;64;31m  [38;2;150;110;54m██[38;2;90;77;62m██[38;2;244;128;141m██[38;2;254;123;139m██[38;2;254;153;162m██[38;2;254;197;197m██[38;2;143;131;129m██[38;2;111;78;83m██[38;2;186;108;115m██[38;2;255;230;222m██[38;2;255;183;185m██[38;2;167;82;91m  [38;2;0;0;0m      
[38;2;0;0;0m            [38;2;92;44;50m  [38;2;202;111;118m██[38;2;227;118;130m██[38;2;13;26;18m  [38;2;0;0;0m  [38;2;2;2;2m  [38;2;113;87;45m██[38;2;157;127;59m██[38;2;98;82;61m██[38;2;221;114;126m██[38;2;254;146;156m██[38;2;255;139;151m██[38;2;254;196;195m██[38;2;254;168;173m██[38;2;114;79;84m██[38;2;64;82;73m██[38;2;207;108;120m██[38;2;197;99;110m██[38;2;0;0;0m        
[38;2;0;0;0m            [38;2;24;40;29m  [38;2;61;103;75m██[38;2;86;85;81m██[38;2;59;112;80m██[38;2;45;86;61m██[38;2;48;82;62m██[38;2;79;70;62m██[38;2;157;127;59m██[38;2;159;124;56m██[38;2;122;81;87m██[38;2;255;212;208m██[38;2;255;219;214m██[38;2;254;131;144m██[38;2;254;123;139m██[38;2;254;124;139m██[38;2;63;89;73m██[38;2;63;101;77m██[38;2;53;92;68m██[38;2;0;0;0m        
[38;2;0;0;0m        [38;2;15;28;20m██[38;2;60;97;74m██[38;2;63;107;79m██[38;2;63;101;77m████[38;2;68;85;75m██[38;2;67;85;75m██[38;2;67;98;80m██[38;2;64;75;68m██[38;2;137;105;56m██[38;2;153;109;53m██[38;2;110;88;83m██[38;2;228;175;182m██[38;2;213;162;169m██[38;2;247;124;138m██[38;2;203;116;124m██[38;2;74;85;80m██[38;2;55;93;68m██[38;2;0;0;0m            
[38;2;0;0;0m        [38;2;35;48;40m██[38;2;77;119;141m██[38;2;68;101;111m██[38;2;108;179;108m██[38;2;108;176;102m██[38;2;113;191;110m██[38;2;67;124;88m██[38;2;66;107;80m██[38;2;67;83;74m██[38;2;71;65;62m██[38;2;85;74;62m██[38;2;80;69;62m██[38;2;93;80;83m██[38;2;90;99;89m██[38;2;109;85;84m██[38;2;72;113;88m██[38;2;91;136;103m██[38;2;104;169;92m██[38;2;0;0;0m            
[38;2;0;0;0m        [38;2;14;22;15m  [38;2;77;98;74m██[38;2;89;130;89m██[38;2;83;135;93m██[38;2;75;140;95m██[38;2;85;145;92m██[38;2;126;213;115m██[38;2;91;161;98m██[38;2;78;146;101m██[38;2;75;134;98m██[38;2;65;68;67m██[38;2;71;104;84m██[38;2;79;149;105m██[38;2;76;143;102m██[38;2;77;151;108m██[38;2;84;154;101m██[38;2;68;123;86m██[38;2;80;139;90m██[38;2;114;188;106m██[38;2;123;203;111m██[38;2;26;46;25m  [38;2;0;0;0m      
[38;2;0;0;0m        [38;2;64;98;68m██[38;2;93;165;107m██[38;2;87;152;99m██[38;2;114;189;106m██[38;2;123;202;111m██[38;2;126;207;112m██[38;2;110;186;105m██[38;2;124;210;113m██[38;2;81;144;91m██[38;2;75;134;98m██[38;2;65;68;67m██[38;2;72;104;84m██[38;2;71;126;90m██[38;2;79;143;102m██[38;2;112;193;110m██[38;2;102;181;104m██[38;2;111;196;110m██[38;2;128;213;115m██[38;2;114;188;106m██[38;2;90;160;100m██[38;2;91;164;100m██[38;2;98;160;86m██[38;2;0;0;0m    
[38;2;0;0;0m    [38;2;13;18;11m  [38;2;65;100;57m██[38;2;128;213;115m██[38;2;130;214;115m██[38;2;103;175;102m██[38;2;128;214;115m██[38;2;128;213;115m██[38;2;115;199;110m██[38;2;98;167;98m██[38;2;113;186;111m██[38;2;88;122;101m██[38;2;89;124;117m██[38;2;129;178;165m██[38;2;125;142;135m██[38;2;72;66;67m██[38;2;84;114;102m██[38;2;106;175;104m██[38;2;91;134;88m██[38;2;130;213;114m██[38;2;103;180;108m██[38;2;128;213;115m██[38;2;120;199;110m██[38;2;130;214;115m██[38;2;128;213;115m██[38;2;105;171;92m██[38;2;0;0;0m  
[38;2;0;0;0m    [38;2;27;47;30m██[38;2;80;139;90m██[38;2;107;185;110m██[38;2;130;213;114m██[38;2;130;213;115m██[38;2;81;141;90m██[38;2;130;213;115m██[38;2;111;197;116m██[38;2;89;123;85m██[38;2;71;91;83m██[38;2;118;195;175m██[38;2;141;181;174m██[38;2;219;107;117m██[38;2;235;116;131m██[38;2;89;85;90m██[38;2;84;135;155m██[38;2;77;121;145m████[38;2;81;101;78m██[38;2;94;145;111m██[38;2;122;209;113m██[38;2;102;168;99m██[38;2;124;207;114m██[38;2;115;197;111m██[38;2;89;143;89m██[38;2;24;42;23m  
[38;2;0;0;0m    [38;2;108;169;157m██[38;2;66;68;68m██[38;2;127;213;112m██[38;2;115;178;103m██[38;2;96;156;95m██[38;2;129;212;114m██[38;2;92;143;91m██[38;2;79;102;96m██[38;2;106;167;154m██[38;2;123;206;189m██[38;2;123;206;191m██[38;2;134;186;181m██[38;2;201;122;136m██[38;2;189;117;127m██[38;2;102;104;117m██[38;2;84;141;172m████[38;2;83;141;172m██[38;2;82;141;171m██[38;2;86;123;119m██[38;2;60;87;87m██[38;2;94;145;93m██[38;2;107;170;101m██[38;2;109;185;107m██[38;2;64;101;75m██[38;2;9;12;13m  
[38;2;0;0;0m  [38;2;74;124;113m  [38;2;123;206;189m██[38;2;110;174;161m██[38;2;81;101;77m██[38;2;107;166;153m██[38;2;95;137;119m██[38;2;81;102;78m██[38;2;108;170;158m██[38;2;123;206;191m██[38;2;122;206;191m██[38;2;123;206;191m████[38;2;117;202;192m██[38;2;137;150;158m██[38;2;83;117;130m██[38;2;81;137;167m██[38;2;84;141;172m████████[38;2;115;198;191m██[38;2;109;188;185m██[38;2;87;140;153m██[38;2;74;115;133m██[38;2;47;59;45m██[38;2;12;23;16m  [38;2;0;0;0m  
[38;2;17;17;17m██[38;2;111;178;166m██[38;2;123;206;191m██████████[38;2;122;206;191m██[38;2;114;197;190m██[38;2;91;157;177m██[38;2;111;187;185m██[38;2;123;206;191m██████[38;2;120;206;193m██[38;2;89;152;175m██[38;2;92;154;175m██[38;2;123;206;191m██[38;2;96;161;177m██[38;2;81;132;160m██[38;2;81;140;171m██[38;2;115;191;179m██[38;2;119;205;193m██[38;2;94;161;178m██[38;2;83;141;172m██[38;2;27;47;58m██[38;2;0;0;0m    
[38;2;15;21;26m██[38;2;75;95;97m██[38;2;123;206;190m██[38;2;122;206;191m████████[38;2;122;205;190m██[38;2;102;175;183m██[38;2;122;206;190m██[38;2;136;188;180m██[38;2;83;113;110m██[38;2;124;169;169m██[38;2;123;206;191m██[38;2;120;206;193m██[38;2;111;189;183m██[38;2;113;194;189m██[38;2;122;206;191m██[38;2;120;206;192m██[38;2;90;133;133m██[38;2;81;139;170m██[38;2;76;122;146m██[38;2;92;156;177m██[38;2;83;141;172m██[38;2;106;178;177m██[38;2;20;35;43m██[38;2;0;0;0m    
[38;2;15;22;29m██[38;2;63;68;74m██[38;2;128;204;191m██[38;2;123;206;191m████████[38;2;122;205;190m██[38;2;108;184;185m██[38;2;112;155;147m██[38;2;71;47;50m██[38;2;235;255;255m██[38;2;137;171;179m██[38;2;120;202;189m██[38;2;111;189;187m██[38;2;75;116;141m██[38;2;99;166;171m██[38;2;122;206;191m██[38;2;112;191;188m██[38;2;83;140;172m██[38;2;59;62;64m██[38;2;64;103;130m██[38;2;90;139;168m██[38;2;84;134;164m██[38;2;73;123;154m██[38;2;20;34;43m  [38;2;0;0;0m    
[38;2;3;5;7m  [38;2;109;136;137m██[38;2;99;134;129m██[38;2;122;206;191m████████[38;2;123;206;190m██[38;2;98;147;137m██[38;2;214;195;205m██[38;2;244;217;223m██[38;2;234;241;244m██[38;2;96;149;178m██[38;2;91;153;175m██[38;2;82;141;172m██[38;2;71;94;107m██[38;2;81;137;167m██[38;2;91;157;177m██[38;2;84;142;172m██[38;2;94;151;159m██[38;2;23;20;16m██[38;2;10;18;22m  [38;2;68;101;128m██[38;2;97;125;148m██[38;2;125;144;157m██[38;2;0;0;0m      
[38;2;0;0;0m    [38;2;31;52;48m  [38;2;119;199;183m██[38;2;116;193;181m██[38;2;122;204;189m██[38;2;121;206;192m██[38;2;110;189;188m████[38;2;84;141;172m██[38;2;85;141;172m██[38;2;78;127;157m████[38;2;71;120;151m██[38;2;51;75;90m██[38;2;47;73;89m██[38;2;84;141;171m██[38;2;87;147;173m██[38;2;80;129;159m██[38;2;84;141;172m██[38;2;1;2;3m██[38;2;0;0;0m              
[38;2;0;0;0m      [38;2;26;45;41m  [38;2;49;82;92m██[38;2;91;155;175m██[38;2;91;155;177m██[38;2;81;137;171m██[38;2;69;116;146m██[38;2;63;97;129m██[38;2;85;101;119m██[38;2;101;101;111m██[38;2;57;64;73m██[38;2;10;17;22m  [38;2;0;0;0m  [38;2;25;42;52m██[38;2;85;141;172m██[38;2;89;147;173m██[38;2;78;129;159m██[38;2;55;93;114m██[38;2;0;0;0m                
[38;2;0;0;0m              [38;2;40;68;86m██[38;2;84;56;64m██[38;2;117;48;48m██[38;2;136;103;106m██[38;2;5;0;0m  [38;2;0;0;0m      [38;2;130;137;148m██[38;2;88;126;151m██[38;2;92;127;150m██[38;2;79;127;156m██[38;2;34;58;71m  [38;2;0;0;0m                
[38;2;0;0;0m                              [38;2;18;19;21m  [38;2;27;27;35m██[38;2;35;37;43m██[38;2;18;25;31m██[38;2;0;0;0m                  [0m
