
[38;2;0;0;0m    [38;2;38;42;21m██[38;2;9;10;5m  [38;2;0;0;0m                            
[38;2;0;0;0m    [38;2;118;132;71m██[38;2;36;41;22m██[38;2;0;0;0m                            
[38;2;0;0;0m    [38;2;122;136;73m██[38;2;11;12;7m  [38;2;0;0;0m                            
[38;2;0;0;0m    [38;2;147;165;81m██[38;2;128;144;71m██[38;2;0;0;0m                            
[38;2;0;0;0m  [38;2;110;122;61m██[38;2;108;115;82m██[38;2;74;74;74m██[38;2;78;77;78m██[38;2;83;81;83m██[38;2;71;77;57m██[38;2;67;78;42m██[38;2;65;77;37m██[38;2;16;19;9m  [38;2;0;0;0m    [38;2;16;19;9m  [38;2;158;186;89m██[38;2;155;178;85m██[38;2;74;84;41m██[38;2;0;0;0m    
[38;2;0;0;1m  [38;2;110;119;68m██[38;2;71;70;71m██[38;2;90;88;89m██[38;2;84;83;84m██[38;2;146;168;93m██[38;2;177;207;102m██[38;2;189;222;107m████[38;2;170;200;96m██[38;2;164;193;93m████[38;2;150;177;86m██[38;2;109;127;67m██[38;2;143;159;80m██[38;2;51;57;28m██[38;2;0;0;0m    
[38;2;0;0;1m  [38;2;60;62;50m██[38;2;89;88;89m██[38;2;82;81;82m██[38;2;132;150;87m██[38;2;189;223;107m██[38;2;189;222;107m██[38;2;162;190;97m██[38;2;153;180;94m██[38;2;168;194;96m██[38;2;172;199;97m██[38;2;154;174;85m██[38;2;90;101;51m██[38;2;22;25;17m  [38;2;0;0;0m        
[38;2;0;0;0m  [38;2;67;66;67m██[38;2;84;82;84m██[38;2;150;173;94m██[38;2;179;210;103m██[38;2;95;102;75m██[38;2;86;90;72m██[38;2;136;152;81m██[38;2;143;160;81m██[38;2;146;163;81m██[38;2;114;126;63m██[38;2;12;14;7m██[38;2;0;0;0m            
[38;2;22;22;22m██[38;2;81;80;81m██[38;2;119;131;80m██[38;2;198;194;144m██[38;2;116;84;71m██[38;2;247;223;219m██[38;2;146;150;138m██[38;2;133;147;110m██[38;2;131;147;73m██[38;2;20;23;11m  [38;2;0;0;0m                
[38;2;0;0;0m  [38;2;174;174;162m██[38;2;199;200;180m██[38;2;238;238;219m██[38;2;236;235;218m██[38;2;239;238;222m██[38;2;203;210;177m██[38;2;135;152;80m██[38;2;4;5;8m  [38;2;0;0;0m                  
[38;2;0;0;0m    [38;2;124;124;115m████[38;2;160;167;137m██[38;2;192;196;168m██[38;2;128;145;80m██[38;2;114;129;78m██[38;2;134;116;75m██[38;2;122;76;67m██[38;2;0;0;0m                
[38;2;0;0;0m        [38;2;0;1;0m██[38;2;94;101;73m██[38;2;158;180;88m██[38;2;129;136;83m██[38;2;220;177;119m██[38;2;59;37;32m██[38;2;0;0;0m    [38;2;36;41;20m████[38;2;0;0;0m        
[38;2;0;0;0m            [38;2;189;222;107m██[38;2;174;202;98m██[38;2;150;174;84m██[38;2;24;29;13m  [38;2;0;0;0m  [38;2;57;64;32m  [38;2;141;157;81m██[38;2;139;162;88m██[38;2;96;113;54m██[38;2;22;26;12m  [38;2;0;0;0m    
[38;2;0;0;0m          [38;2;141;167;80m██[38;2;189;222;107m██████[38;2;186;219;105m██[38;2;183;216;105m██[38;2;187;220;106m██[38;2;189;222;107m████[38;2;101;119;75m██[38;2;31;37;22m██[38;2;0;0;0m    
[38;2;0;0;0m        [38;2;26;31;15m  [38;2;168;198;95m██[38;2;189;222;107m████[38;2;176;207;102m██[38;2;146;172;91m██[38;2;159;172;121m██[38;2;129;143;93m██[38;2;187;218;113m██[38;2;135;153;92m██[38;2;119;133;83m██[38;2;154;175;91m██[38;2;62;69;35m  [38;2;0;0;0m  
[38;2;0;0;0m        [38;2;27;31;21m██[38;2;163;191;99m██[38;2;127;147;91m██[38;2;187;220;106m██[38;2;126;148;84m██[38;2;183;215;104m██[38;2;146;161;108m██[38;2;79;82;72m██[38;2;153;177;95m██[38;2;199;211;167m██[38;2;239;239;222m██[38;2;110;115;86m██[38;2;33;37;24m  [38;2;33;37;18m██
[38;2;0;0;0m        [38;2;52;53;47m██[38;2;190;195;170m██[38;2;204;207;185m██[38;2;166;194;98m██[38;2;189;222;107m██[38;2;162;191;97m████[38;2;147;160;115m██[38;2;161;166;145m██[38;2;239;239;222m██[38;2;202;202;188m██[38;2;23;23;21m  [38;2;0;0;0m    
[38;2;0;0;0m          [38;2;123;123;112m  [38;2;172;173;159m██[38;2;116;129;95m██[38;2;189;222;107m████[38;2;111;124;82m██[38;2;122;125;113m██[38;2;100;99;95m██[38;2;221;219;200m██[38;2;158;158;146m██[38;2;39;30;29m██[38;2;0;0;0m    
[38;2;0;0;0m            [38;2;135;118;87m██[38;2;101;98;78m██[38;2;189;210;103m██[38;2;145;170;91m██[38;2;97;104;77m██[38;2;37;39;30m██[38;2;172;129;116m██[38;2;157;162;131m██[38;2;126;124;100m██[38;2;179;151;101m██[38;2;0;0;0m    
[38;2;0;0;0m            [38;2;38;47;21m██[38;2;87;83;71m██[38;2;176;174;101m██[38;2;205;150;113m██[38;2;0;0;0m    [38;2;34;35;28m██[38;2;75;78;63m██[38;2;205;151;116m██[38;2;37;32;23m██[38;2;0;0;0m    
[38;2;0;0;0m            [38;2;11;12;6m  [38;2;133;131;81m██[38;2;201;204;113m██[38;2;47;55;26m██[38;2;0;0;0m    [38;2;6;6;6m    [38;2;62;68;42m██[38;2;28;31;17m██[38;2;0;0;0m    
[38;2;0;0;0m            [38;2;4;4;4m  [38;2;72;73;70m██[38;2;133;159;73m██[38;2;0;0;0m          [38;2;17;17;17m██  [38;2;0;0;0m    
[38;2;0;0;0m            [38;2;5;5;5m  [38;2;23;23;22m██[38;2;27;31;18m  [38;2;0;0;0m                  [0m
