
[38;2;0;0;0m                        [38;2;33;27;9m  [38;2;42;35;12m  [38;2;0;0;0m                      
[38;2;0;0;0m                [38;2;0;1;2m  [38;2;111;54;61m  [38;2;65;32;37m  [38;2;0;0;18m  [38;2;89;66;50m██[38;2;94;70;60m██[38;2;27;19;19m  [38;2;0;0;0m                    
[38;2;0;0;0m                [38;2;16;9;11m  [38;2;89;44;52m██[38;2;135;62;71m██[38;2;190;142;61m██[38;2;250;192;68m██[38;2;154;110;69m  [38;2;168;75;89m██[38;2;153;64;73m██[38;2;112;58;64m██[38;2;167;75;86m██[38;2;0;0;0m              
[38;2;0;0;0m                [38;2;128;57;66m██[38;2;93;151;212m██[38;2;154;137;165m██[38;2;200;119;84m██[38;2;214;150;74m██[38;2;184;111;88m██[38;2;146;130;171m██[38;2;127;175;214m██[38;2;153;68;77m██[38;2;74;57;59m██[38;2;0;0;0m              
[38;2;0;0;0m            [38;2;41;22;28m██[38;2;142;59;68m██[38;2;134;147;187m██[38;2;120;142;195m██[38;2;129;105;139m██[38;2;105;49;57m██[38;2;97;61;67m██[38;2;128;64;71m  [38;2;113;105;139m██[38;2;120;142;195m██[38;2;176;111;130m██[38;2;144;158;191m██[38;2;93;37;41m██[38;2;0;0;0m            
[38;2;0;0;0m            [38;2;81;62;80m██[38;2;179;87;98m██[38;2;161;133;171m██[38;2;109;72;94m██[38;2;23;9;10m██[38;2;0;1;1m  [38;2;91;69;35m██[38;2;167;130;63m██[38;2;19;9;10m██[38;2;109;72;94m██[38;2;157;129;165m██[38;2;182;87;98m██[38;2;136;75;85m██[38;2;68;39;42m  [38;2;0;2;2m  [38;2;0;0;0m        
[38;2;0;0;0m            [38;2;97;86;114m██[38;2;102;194;254m██[38;2;157;76;90m██[38;2;55;6;4m██[38;2;0;0;0m          [38;2;52;4;3m  [38;2;126;61;72m██[38;2;104;195;254m██[38;2;131;115;140m██[38;2;189;92;102m██[38;2;59;30;33m██[38;2;0;0;0m        
[38;2;0;0;0m            [38;2;165;76;91m██[38;2;159;83;102m██[38;2;105;44;52m██[38;2;1;0;0m  [38;2;0;0;0m    [38;2;156;69;80m██[38;2;0;0;0m      [38;2;90;37;42m██[38;2;147;78;95m██[38;2;150;87;96m██[38;2;78;62;68m██[38;2;25;21;22m██[38;2;0;0;0m        
[38;2;0;0;0m            [38;2;121;141;181m██[38;2;131;119;151m██[38;2;87;78;96m██[38;2;1;1;1m  [38;2;133;63;72m██[38;2;170;75;86m██[38;2;156;62;73m██[38;2;159;64;73m██[38;2;108;43;48m██[38;2;1;1;1m  [38;2;81;92;116m██[38;2;124;143;182m██[38;2;157;148;177m██[38;2;84;102;144m██[38;2;8;0;0m  [38;2;0;0;0m        
[38;2;0;0;0m            [38;2;86;103;143m██[38;2;125;83;102m██[38;2;101;69;77m██[38;2;175;84;96m██[38;2;168;69;82m██[38;2;157;62;72m██[38;2;159;63;73m████[38;2;159;64;73m██[38;2;121;59;68m██[38;2;143;64;73m██[38;2;114;177;226m██[38;2;152;88;98m██[38;2;62;44;53m██[38;2;0;3;5m  [38;2;0;0;0m        
[38;2;0;0;0m      [38;2;57;23;25m██[38;2;46;18;20m  [38;2;0;0;0m  [38;2;85;66;84m██[38;2;79;127;170m██[38;2;175;83;95m██[38;2;197;93;105m██[38;2;136;66;77m██[38;2;117;63;69m██[38;2;105;80;87m██[38;2;160;64;73m██[38;2;108;64;69m██[38;2;92;177;244m  [38;2;141;112;137m██[38;2;99;183;247m  [38;2;121;95;115m██[38;2;150;70;81m██[38;2;62;28;32m██[38;2;0;0;0m        
[38;2;0;0;0m      [38;2;4;1;2m  [38;2;156;63;70m██[38;2;153;61;68m██[38;2;66;64;65m██[38;2;65;64;65m██[38;2;123;76;83m██[38;2;77;66;68m██[38;2;146;84;97m██[38;2;239;134;160m██[38;2;68;65;66m██[38;2;160;64;73m██[38;2;108;64;69m██[38;2;101;186;244m██[38;2;173;75;86m██[38;2;179;85;98m██[38;2;151;71;78m██[38;2;70;37;41m██[38;2;1;4;3m  [38;2;0;0;0m        
[38;2;0;0;0m        [38;2;116;51;62m██[38;2;186;86;108m██[38;2;197;95;104m  [38;2;196;95;104m██[38;2;168;87;95m██[38;2;192;92;104m██[38;2;208;104;118m██[38;2;68;65;66m██[38;2;112;64;69m██[38;2;159;64;73m██[38;2;151;57;69m██[38;2;98;68;70m██[38;2;131;140;171m██[38;2;145;139;176m██[38;2;96;67;90m██[38;2;0;0;0m            
[38;2;0;0;0m      [38;2;6;0;0m  [38;2;251;139;157m██[38;2;246;138;161m██[38;2;227;120;141m██[38;2;199;94;104m██[38;2;198;94;104m██[38;2;197;93;105m██[38;2;136;79;87m██[38;2;65;64;65m██[38;2;159;64;73m██[38;2;158;63;73m██[38;2;144;52;64m██[38;2;132;41;54m██[38;2;103;61;68m██[38;2;65;60;65m██[38;2;123;64;70m██[38;2;0;0;0m        [38;2;124;49;55m██[38;2;0;0;0m  
[38;2;0;0;0m    [38;2;39;32;10m  [38;2;175;96;91m██[38;2;197;101;113m██[38;2;222;115;131m██[38;2;227;152;83m██[38;2;217;153;71m██[38;2;163;64;81m██[38;2;113;65;66m██[38;2;65;64;65m██[38;2;113;64;69m██[38;2;159;64;73m██[38;2;158;63;73m██[38;2;144;52;64m██[38;2;133;64;71m██[38;2;105;54;60m██[38;2;100;60;65m  [38;2;160;64;73m██[38;2;67;59;61m██[38;2;28;11;13m  [38;2;33;33;33m██[38;2;120;54;61m██[38;2;59;24;26m  [38;2;0;0;0m  
[38;2;0;0;0m    [38;2;73;59;18m  [38;2;205;113;96m██[38;2;197;95;103m██[38;2;247;190;70m██[38;2;201;140;62m██[38;2;135;47;63m██[38;2;200;137;75m██[38;2;155;72;65m██[38;2;160;66;74m██[38;2;66;63;65m██[38;2;159;64;74m██[38;2;159;64;73m██[38;2;157;64;73m██[38;2;86;59;61m██[38;2;179;73;84m██[38;2;150;63;73m██[38;2;123;64;70m██[38;2;78;64;66m██[38;2;99;64;68m██[38;2;82;64;66m██[38;2;91;62;66m██[38;2;0;0;0m    
[38;2;0;0;0m      [38;2;161;77;85m██[38;2;183;86;92m██[38;2;182;101;72m██[38;2;114;161;178m██[38;2;211;190;163m██[38;2;165;86;66m██[38;2;159;64;73m██[38;2;180;133;77m██[38;2;129;85;78m██[38;2;129;68;73m██[38;2;159;64;73m██[38;2;108;64;69m██[38;2;175;78;89m██[38;2;184;84;95m██[38;2;159;63;74m██[38;2;101;64;68m██[38;2;78;64;66m  [38;2;160;64;73m██[38;2;65;57;59m██[38;2;20;8;9m  [38;2;0;0;0m    
[38;2;0;0;0m        [38;2;130;51;58m██[38;2;83;64;66m██[38;2;159;65;74m██[38;2;162;73;80m██[38;2;157;66;78m██[38;2;190;140;65m██[38;2;181;138;65m██[38;2;187;138;73m██[38;2;109;88;68m██[38;2;158;64;73m██[38;2;116;64;69m██[38;2;156;64;73m██[38;2;208;144;68m██[38;2;232;182;65m██[38;2;102;64;68m██[38;2;156;64;73m██[38;2;177;117;72m██[38;2;3;12;20m  [38;2;0;0;0m      
[38;2;0;0;0m      [38;2;31;31;31m  [38;2;132;92;67m██[38;2;179;117;68m██[38;2;216;154;71m██[38;2;247;202;66m██[38;2;221;159;69m██[38;2;122;100;65m██[38;2;65;64;65m██[38;2;120;64;70m██[38;2;115;60;69m██[38;2;144;84;68m██[38;2;111;64;69m██[38;2;174;112;68m██[38;2;97;88;65m██[38;2;89;89;82m██[38;2;98;73;73m██[38;2;152;68;72m██[38;2;82;73;58m██[38;2;60;57;52m██[38;2;77;37;42m██[38;2;0;0;0m    
[38;2;0;0;0m    [38;2;59;27;31m██[38;2;101;70;75m██[38;2;130;110;63m██[38;2;237;191;65m██[38;2;131;110;62m██[38;2;76;71;64m██[38;2;69;63;63m██[38;2;65;64;65m██[38;2;114;64;69m██[38;2;149;64;73m██[38;2;170;137;65m██[38;2;88;62;65m██[38;2;155;64;73m██[38;2;74;62;65m██[38;2;86;85;79m██[38;2;79;67;69m██[38;2;70;65;66m██[38;2;77;66;68m██[38;2;71;63;65m██[38;2;159;64;73m██[38;2;100;64;68m██[38;2;0;0;0m    
[38;2;0;0;0m    [38;2;46;20;23m██[38;2;153;67;77m██[38;2;119;70;61m██[38;2;115;84;65m██[38;2;14;14;14m  [38;2;63;54;30m  [38;2;124;93;59m██[38;2;123;64;70m██[38;2;159;64;73m██[38;2;66;64;65m██[38;2;235;186;65m██[38;2;190;143;64m██[38;2;65;43;46m██[38;2;98;57;65m██[38;2;129;71;79m██[38;2;197;93;105m██[38;2;115;75;80m██[38;2;186;86;94m██[38;2;107;66;70m██[38;2;159;64;73m████[38;2;76;31;36m  [38;2;0;0;0m  
[38;2;0;0;0m    [38;2;64;25;28m██[38;2;159;64;73m██[38;2;159;63;73m██[38;2;159;64;73m██[38;2;0;0;0m        [38;2;135;54;60m██[38;2;130;63;72m██[38;2;112;78;47m██[38;2;0;0;0m    [38;2;11;5;6m██[38;2;178;78;90m██[38;2;164;67;78m████[38;2;97;71;75m██[38;2;112;72;77m██[38;2;145;64;72m████[38;2;69;60;33m██[38;2;7;7;6m  
[38;2;0;0;0m    [38;2;115;64;68m██[38;2;159;64;73m██████[38;2;65;26;29m  [38;2;0;0;0m        [38;2;0;1;2m  [38;2;0;0;1m  [38;2;0;0;0m    [38;2;11;5;6m██[38;2;197;93;105m██[38;2;197;94;104m██[38;2;197;94;105m██[38;2;144;72;81m██[38;2;57;30;34m██[38;2;44;38;29m██[38;2;147;118;65m██[38;2;62;49;21m██[38;2;16;12;5m  
[38;2;9;6;3m  [38;2;155;119;53m██[38;2;72;68;65m██[38;2;133;62;68m██[38;2;158;65;75m██[38;2;133;53;62m██[38;2;80;32;35m  [38;2;0;0;0m                [38;2;175;86;100m██[38;2;194;96;102m██[38;2;196;94;104m██[38;2;173;76;87m██[38;2;174;81;90m██[38;2;12;9;11m  [38;2;0;0;0m        
[38;2;14;11;5m  [38;2;56;42;19m██[38;2;164;128;65m██[38;2;52;37;27m██[38;2;45;22;27m██[38;2;6;2;3m  [38;2;0;0;0m                  [38;2;195;145;79m██[38;2;102;73;76m██[38;2;186;90;102m██[38;2;99;66;73m██[38;2;183;82;94m██[38;2;57;24;28m██[38;2;0;0;0m        
[38;2;0;0;0m                            [38;2;107;86;27m██[38;2;67;65;65m██[38;2;192;159;65m██[38;2;82;66;32m██[38;2;157;129;65m██[38;2;83;46;46m██[38;2;49;27;28m  [38;2;0;0;0m        
[38;2;0;0;0m                              [38;2;19;18;16m██[38;2;66;53;16m██[38;2;4;4;5m  [38;2;59;47;16m██[38;2;0;1;0m  [38;2;0;0;0m          [0m
