
[38;2;0;0;0m            [38;2;16;7;6m  [38;2;66;25;25m██████[38;2;49;19;19m  [38;2;0;1;0m  [38;2;0;0;0m            
[38;2;0;0;0m        [38;2;0;3;0m  [38;2;149;51;56m  [38;2;213;71;80m██[38;2;255;84;96m██████[38;2;216;72;82m██[38;2;175;58;68m██[38;2;149;51;58m  [38;2;0;3;0m  [38;2;0;0;0m        
[38;2;0;0;0m      [38;2;58;21;22m  [38;2;223;74;86m██[38;2;223;74;84m██[38;2;255;85;96m████████[38;2;205;67;78m██[38;2;233;77;90m██[38;2;255;85;98m████[38;2;58;21;21m  [38;2;0;0;0m      
[38;2;0;0;0m    [38;2;52;20;20m  [38;2;243;81;94m██[38;2;224;74;87m██[38;2;224;74;85m██[38;2;255;84;96m██████[38;2;255;84;98m██[38;2;162;52;63m██[38;2;255;84;96m██████[38;2;243;81;92m██[38;2;52;20;20m  [38;2;0;0;0m    
[38;2;0;0;0m  [38;2;0;1;0m  [38;2;82;28;36m██[38;2;224;74;87m██[38;2;255;85;96m██[38;2;162;52;63m██[38;2;233;88;103m██[38;2;115;86;96m██[38;2;205;79;90m██[38;2;222;73;86m██[38;2;188;61;75m██[38;2;249;82;98m██[38;2;238;78;96m████[38;2;241;80;95m██[38;2;108;36;44m██[38;2;0;1;0m  [38;2;0;0;0m  
[38;2;0;0;0m  [38;2;0;3;0m  [38;2;187;59;88m██[38;2;157;48;68m██[38;2;120;83;91m██[38;2;157;67;85m██[38;2;92;72;82m██[38;2;132;127;162m██[38;2;93;69;73m██[38;2;137;54;72m██[38;2;212;66;92m██[38;2;211;74;91m██[38;2;235;77;96m████[38;2;156;48;67m██[38;2;187;59;86m██[38;2;0;3;0m  [38;2;0;0;0m  
[38;2;0;0;0m    [38;2;29;11;13m  [38;2;108;46;59m██[38;2;142;111;135m██[38;2;132;66;85m██[38;2;106;103;125m██[38;2;140;141;181m██[38;2;137;108;139m██[38;2;125;61;75m██[38;2;131;70;88m██[38;2;73;72;77m██[38;2;187;58;86m██[38;2;158;49;71m██[38;2;192;61;84m██[38;2;190;60;89m██[38;2;141;46;67m██[38;2;0;1;0m  
[38;2;0;0;0m      [38;2;4;6;4m  [38;2;140;141;181m██[38;2;135;133;173m██[38;2;122;120;154m██[38;2;140;141;180m██[38;2;132;130;169m██[38;2;127;128;162m██[38;2;135;136;173m██[38;2;84;84;94m██[38;2;149;45;66m██[38;2;190;60;89m██[38;2;191;60;89m██[38;2;59;21;28m██[38;2;12;6;5m  [38;2;0;0;0m  
[38;2;0;0;0m    [38;2;17;18;21m  [38;2;73;74;92m██[38;2;134;136;175m██[38;2;111;113;155m██[38;2;96;100;144m██[38;2;121;121;159m██[38;2;140;141;180m██[38;2;140;141;181m██[38;2;135;135;176m██[38;2;104;106;150m██[38;2;98;98;116m██[38;2;104;51;67m██[38;2;0;2;0m  [38;2;0;0;0m      
[38;2;0;0;0m    [38;2;17;20;17m██[38;2;121;122;151m██[38;2;122;125;167m██[38;2;185;157;82m██[38;2;202;203;217m██[38;2;121;125;166m██[38;2;140;141;181m████[38;2;140;141;180m████[38;2;80;81;109m██[38;2;1;2;1m  [38;2;0;0;0m        
[38;2;22;9;10m  [38;2;69;23;31m██[38;2;137;54;72m██[38;2;125;125;128m██[38;2;91;94;122m██[38;2;201;167;73m██[38;2;175;149;82m██[38;2;121;124;166m██[38;2;132;132;166m██[38;2;117;96;119m██[38;2;133;131;131m██[38;2;77;77;96m██[38;2;104;89;117m██[38;2;44;39;45m██[38;2;121;39;44m██[38;2;30;12;11m  [38;2;0;1;0m  [38;2;0;0;0m  
[38;2;0;1;0m  [38;2;144;45;67m██[38;2;161;61;83m██[38;2;189;192;195m██[38;2;38;39;45m██[38;2;82;88;137m██[38;2;84;90;137m██[38;2;140;142;181m██[38;2;42;48;44m██[38;2;119;88;86m██[38;2;206;203;203m██[38;2;74;77;99m██[38;2;90;72;85m██[38;2;142;60;75m██[38;2;128;52;58m██[38;2;223;74;86m██[38;2;255;85;99m██[38;2;63;24;24m██
[38;2;0;0;0m  [38;2;0;1;0m    [38;2;23;24;23m  [38;2;155;105;127m██[38;2;105;105;128m██[38;2;140;142;181m██[38;2;113;114;139m██[38;2;131;131;131m██[38;2;113;72;78m██[38;2;94;83;98m██[38;2;63;64;86m██[38;2;0;1;0m  [38;2;67;23;32m  [38;2;90;30;43m████[38;2;0;1;0m  [38;2;0;0;0m  
[38;2;0;0;0m        [38;2;25;28;33m  [38;2;102;102;137m██[38;2;103;104;141m██[38;2;102;103;138m██[38;2;95;100;137m██[38;2;99;101;137m██[38;2;94;93;120m██[38;2;161;61;82m██[38;2;0;3;0m  [38;2;0;0;0m          
[38;2;0;0;0m        [38;2;0;1;0m  [38;2;102;53;58m██[38;2;79;78;95m██[38;2;70;65;85m██[38;2;134;127;129m██[38;2;149;76;84m██[38;2;174;72;82m██[38;2;180;59;82m██[38;2;23;26;25m  [38;2;1;1;0m  [38;2;0;0;0m        
[38;2;0;0;0m        [38;2;33;35;44m██[38;2;71;70;80m██[38;2;210;69;85m██[38;2;227;78;85m████[38;2;216;79;87m██[38;2;238;82;95m██[38;2;63;20;31m  [38;2;130;132;169m██[38;2;45;48;56m██[38;2;0;0;1m  [38;2;0;0;0m      
[38;2;0;0;0m      [38;2;86;88;86m  [38;2;88;89;120m██[38;2;10;10;13m  [38;2;24;11;12m  [38;2;138;55;60m██[38;2;139;72;78m██[38;2;102;63;64m██[38;2;90;82;100m██[38;2;0;0;0m  [38;2;35;35;45m██[38;2;117;120;139m██[38;2;109;111;121m  [38;2;0;2;0m  [38;2;0;0;0m    
[38;2;0;0;0m    [38;2;61;64;61m██[38;2;184;185;184m██[38;2;0;0;0m    [38;2;4;4;5m  [38;2;109;111;141m██[38;2;140;141;180m████[38;2;109;110;141m██[38;2;4;4;5m  [38;2;0;1;0m  [38;2;67;73;105m██[38;2;250;251;251m██[38;2;127;137;160m██[38;2;0;3;0m  [38;2;0;0;0m  
[38;2;0;0;0m  [38;2;0;1;0m  [38;2;157;158;157m██[38;2;65;65;65m██[38;2;0;0;0m    [38;2;104;105;135m██[38;2;122;122;156m██[38;2;48;49;62m██[38;2;117;118;151m██[38;2;140;141;181m██[38;2;35;35;45m██[38;2;0;1;0m  [38;2;191;192;191m██[38;2;181;185;186m██[38;2;185;191;194m██[38;2;124;126;124m  [38;2;0;0;0m  
[38;2;0;0;0m    [38;2;39;39;39m  ██[38;2;0;0;0m    [38;2;115;117;150m██[38;2;20;20;25m██[38;2;0;0;0m    [38;2;120;121;155m██[38;2;42;42;52m██[38;2;0;0;0m  [38;2;0;7;4m  [38;2;224;226;227m██[38;2;150;158;161m██[38;2;176;178;177m██[38;2;0;1;0m  
[38;2;0;0;0m          [38;2;54;54;74m  [38;2;104;105;142m██[38;2;80;81;109m██[38;2;0;0;0m    [38;2;26;26;35m██[38;2;95;95;124m██[38;2;0;0;0m    [38;2;67;72;69m██[38;2;200;203;202m██[38;2;31;35;33m  [38;2;0;0;0m  
[38;2;0;0;0m        [38;2;36;37;36m  [38;2;73;74;73m██[38;2;110;111;110m  [38;2;0;0;0m    [38;2;38;39;41m  [38;2;141;142;158m██[38;2;113;110;139m██[38;2;112;112;116m██[38;2;0;0;0m    [38;2;0;2;0m  [38;2;0;0;0m    
[38;2;0;0;0m                  [38;2;46;47;49m  [38;2;71;71;75m██[38;2;69;67;71m██[38;2;48;48;49m  [38;2;0;0;0m          [0m
