
[38;2;0;0;0m                          [38;2;47;47;47m  [38;2;63;63;63m██[38;2;15;15;15m  [38;2;0;0;0m            [38;2;53;54;55m██[38;2;13;13;13m  [38;2;0;0;0m        
[38;2;0;0;0m                        [38;2;47;47;47m  [38;2;239;239;239m██[38;2;255;255;255m██[38;2;188;193;193m██[38;2;39;40;42m  [38;2;158;163;168m██[38;2;134;136;138m  [38;2;0;0;0m  [38;2;174;177;180m██[38;2;160;164;166m██[38;2;173;177;180m██[38;2;13;13;13m  [38;2;0;0;0m        
[38;2;0;0;0m                    [38;2;76;75;76m██[38;2;219;219;219m██[38;2;244;245;247m██[38;2;220;225;229m██[38;2;211;218;224m██[38;2;217;225;228m██[38;2;226;233;234m██[38;2;249;250;251m██[38;2;243;245;249m██[38;2;195;198;201m██[38;2;174;177;180m██[38;2;40;41;41m  [38;2;0;0;0m            
[38;2;0;0;0m                    [38;2;246;248;249m██[38;2;222;227;232m██[38;2;211;218;224m██[38;2;93;95;97m████[38;2;211;218;224m██[38;2;172;178;183m██[38;2;57;58;59m██[38;2;63;63;63m██[38;2;15;15;15m  [38;2;0;0;0m                
[38;2;0;0;0m                [38;2;35;35;35m██[38;2;148;151;154m██[38;2;177;180;182m██[38;2;177;180;183m██[38;2;76;76;77m██[38;2;8;8;8m  [38;2;0;0;0m                            
[38;2;0;0;0m                [38;2;140;139;141m██[38;2;146;145;147m██[38;2;143;143;146m██[38;2;145;143;146m██[38;2;144;144;146m██[38;2;35;34;35m██[38;2;0;0;0m                            
[38;2;0;0;0m                [38;2;34;34;35m██[38;2;139;139;142m██[38;2;139;138;140m██[38;2;139;139;141m██[38;2;104;104;106m██[38;2;0;0;0m                              
[38;2;0;0;0m                [38;2;8;8;8m  [38;2;111;113;115m██[38;2;137;139;143m██[38;2;137;139;142m██[38;2;25;26;26m  [38;2;0;0;0m                              
[38;2;0;0;0m                  [38;2;102;105;106m██[38;2;137;139;143m██[38;2;137;139;142m██[38;2;0;0;0m    [38;2;86;99;61m██[38;2;171;200;117m██[38;2;31;38;18m  [38;2;0;0;0m                      
[38;2;0;0;0m                  [38;2;102;105;106m██[38;2;137;139;144m██[38;2;137;139;142m██[38;2;0;0;0m    [38;2;204;232;140m██[38;2;178;212;122m██[38;2;114;138;78m██[38;2;0;0;0m          [38;2;0;2;0m  [38;2;0;0;0m  [38;2;0;3;0m    [38;2;160;164;166m██[38;2;40;41;41m  
[38;2;0;0;0m                  [38;2;102;105;106m██[38;2;128;130;135m██[38;2;131;132;136m██[38;2;0;0;0m    [38;2;30;34;17m  [38;2;114;136;77m██[38;2;0;0;0m        [38;2;15;15;15m  [38;2;207;207;207m██[38;2;201;202;203m██[38;2;54;58;57m██[38;2;231;234;236m██[38;2;207;207;207m██[38;2;120;123;124m  [38;2;0;0;0m  
[38;2;0;0;0m                  [38;2;102;105;106m██[38;2;130;129;132m██[38;2;124;124;130m██[38;2;0;0;0m              [38;2;143;143;143m  [38;2;198;200;201m██[38;2;222;227;232m██[38;2;57;58;59m██[38;2;197;199;200m██[38;2;207;207;207m██[38;2;15;15;15m  [38;2;0;0;0m    
[38;2;0;0;0m                  [38;2;94;94;98m██[38;2;124;123;126m██[38;2;119;120;123m██[38;2;0;0;0m      [38;2;37;42;26m  [38;2;0;0;0m    [38;2;73;75;77m██[38;2;179;182;185m██[38;2;154;156;159m██[38;2;21;21;22m██[38;2;0;0;0m            
[38;2;0;0;0m                  [38;2;88;88;92m██[38;2;119;120;123m██[38;2;115;115;119m██[38;2;0;0;0m      [38;2;37;42;26m  [38;2;0;0;0m    [38;2;143;143;149m██[38;2;142;140;143m██[38;2;125;124;127m██[38;2;34;34;35m██[38;2;0;0;0m            
[38;2;9;11;6m  [38;2;150;175;104m██[38;2;198;227;140m██[38;2;78;92;55m██[38;2;0;0;0m    [38;2;10;10;10m  [38;2;43;42;43m██[38;2;4;4;4m  [38;2;90;91;94m██[38;2;115;116;120m████[38;2;0;0;0m            [38;2;36;36;37m██[38;2;140;140;144m██[38;2;104;104;106m██[38;2;0;0;0m              
[38;2;39;47;26m██[38;2;156;190;104m██[38;2;166;199;112m██[38;2;158;192;108m██[38;2;0;0;0m    [38;2;138;138;138m██[38;2;139;137;139m██[38;2;81;79;81m██[38;2;102;103;107m██[38;2;114;115;120m██[38;2;115;116;119m██[38;2;32;34;33m  [38;2;97;95;97m  [38;2;52;53;55m  [38;2;0;0;0m      [38;2;34;35;35m██[38;2;137;139;142m██[38;2;102;104;107m██[38;2;0;0;0m              
[38;2;0;0;0m    [38;2;117;142;80m████[38;2;0;0;0m    [38;2;137;137;141m██[38;2;98;97;100m██[38;2;140;140;145m██[38;2;111;110;114m██[38;2;101;101;103m██[38;2;160;160;165m██[38;2;130;130;134m██[38;2;134;137;139m██[38;2;70;71;74m██[38;2;0;0;0m      [38;2;34;35;35m██[38;2;134;134;136m██[38;2;90;90;93m██[38;2;0;0;0m              
[38;2;0;0;0m            [38;2;42;42;43m██[38;2;97;97;101m██[38;2;128;129;134m██[38;2;101;100;103m██[38;2;92;91;93m██[38;2;91;91;93m██[38;2;95;95;96m██[38;2;84;83;85m██[38;2;54;53;55m██[38;2;0;0;0m      [38;2;30;32;31m██[38;2;130;129;132m██[38;2;90;90;93m██[38;2;0;0;0m              
[38;2;0;0;0m          [38;2;32;32;32m  [38;2;143;143;147m██[38;2;103;102;104m██[38;2;92;91;92m██[38;2;100;100;103m██[38;2;102;103;107m██[38;2;102;101;103m██[38;2;78;77;79m██[38;2;95;94;97m██[38;2;97;97;98m██[38;2;43;42;43m██[38;2;34;34;35m██[38;2;143;145;147m██[38;2;79;81;83m██[38;2;111;112;116m██[38;2;90;90;94m██[38;2;29;29;30m██[38;2;17;17;18m  [38;2;0;0;0m          
[38;2;0;0;0m        [38;2;0;1;0m  [38;2;64;67;64m██[38;2;90;89;90m██[38;2;148;148;150m██[38;2;164;163;166m██[38;2;146;143;146m██[38;2;144;143;148m████[38;2;151;150;155m██[38;2;119;119;122m██[38;2;105;108;112m██[38;2;97;97;98m██[38;2;64;62;64m██[38;2;114;113;115m██[38;2;153;153;158m██[38;2;152;153;156m██[38;2;145;147;150m██[38;2;112;112;115m██[38;2;70;71;74m██[38;2;0;0;0m          
[38;2;0;0;0m        [38;2;82;92;68m██[38;2;236;238;233m██[38;2;103;105;108m██[38;2;172;180;166m██[38;2;141;148;134m██[38;2;117;117;117m██[38;2;61;61;63m██[38;2;132;132;136m██[38;2;144;143;148m██[38;2;95;94;96m██[38;2;112;111;116m██[38;2;97;97;100m██[38;2;85;85;87m██[38;2;87;85;87m██[38;2;88;88;90m████████[38;2;21;21;22m  [38;2;0;0;0m          
[38;2;0;0;0m        [38;2;167;195;124m██[38;2;127;131;117m██[38;2;139;171;114m██[38;2;161;193;115m██[38;2;164;196;113m██[38;2;199;215;175m██[38;2;203;203;204m██[38;2;216;215;211m██[38;2;181;181;178m██[38;2;112;112;119m██[38;2;112;123;109m██[38;2;111;138;88m██[38;2;116;115;120m██[38;2;119;140;93m██[38;2;158;186;115m██[38;2;139;156;112m██[38;2;102;122;79m██[38;2;102;118;92m██[38;2;86;108;63m██[38;2;0;0;0m          
[38;2;0;0;0m        [38;2;12;12;10m  [38;2;203;204;188m██[38;2;93;101;88m██[38;2;123;142;92m██[38;2;150;161;115m██[38;2;164;184;131m██[38;2;173;197;126m██[38;2;125;137;99m██[38;2;151;162;127m██[38;2;190;220;132m██[38;2;152;188;96m██[38;2;117;149;85m██[38;2;124;126;124m██[38;2;141;159;121m██[38;2;134;148;113m██[38;2;189;190;174m██[38;2;153;172;122m██[38;2;174;187;176m██[38;2;40;44;40m  [38;2;0;0;0m          
[38;2;0;0;0m        [38;2;31;31;31m  [38;2;127;127;127m██[38;2;105;104;107m██[38;2;107;95;104m██[38;2;101;93;90m██[38;2;151;127;117m██[38;2;184;178;177m██[38;2;207;205;206m██[38;2;83;91;71m██[38;2;150;185;99m██[38;2;117;147;87m██[38;2;97;100;94m██[38;2;98;96;99m██[38;2;127;148;109m██[38;2;180;206;139m██[38;2;186;150;147m██[38;2;187;130;149m██[38;2;180;130;144m██[38;2;100;114;100m██[38;2;0;2;0m  [38;2;0;0;0m        
[38;2;0;0;0m  [38;2;37;42;26m    [38;2;0;0;0m  [38;2;22;21;21m  [38;2;131;128;129m██[38;2;148;146;149m██[38;2;145;146;149m██[38;2;155;156;160m██[38;2;108;107;110m██[38;2;92;91;93m██[38;2;91;91;93m██[38;2;147;146;151m██[38;2;114;137;96m██[38;2;90;90;92m██[38;2;96;96;99m██[38;2;74;77;72m██[38;2;156;182;119m██[38;2;172;160;156m██[38;2;174;192;127m██[38;2;145;169;110m██[38;2;176;195;167m██[38;2;87;106;60m  [38;2;0;0;0m          
[38;2;0;0;0m  [38;2;124;149;86m██[38;2;185;212;131m██[38;2;37;42;26m  [38;2;0;0;0m  [38;2;12;11;10m  [38;2;95;93;93m██[38;2;127;125;115m██[38;2;157;153;131m██[38;2;127;124;130m██[38;2;128;130;136m██[38;2;128;128;131m██[38;2;88;86;88m██[38;2;105;105;106m██[38;2;74;72;74m██[38;2;79;78;80m██[38;2;71;71;72m██[38;2;79;83;78m██[38;2;92;93;88m██[38;2;108;114;99m██[38;2;81;84;84m██[38;2;28;35;22m██[38;2;0;0;0m            
[38;2;0;0;0m    [38;2;117;142;77m██[38;2;29;35;19m  [38;2;0;0;0m    [38;2;66;64;62m██[38;2;100;97;84m██[38;2;102;102;100m██[38;2;134;130;121m██[38;2;142;137;108m██[38;2;109;107;100m██[38;2;90;88;90m██[38;2;65;65;65m██[38;2;55;54;55m  [38;2;37;36;37m  [38;2;95;95;99m████[38;2;37;36;37m  [38;2;0;0;0m        [38;2;148;170;105m██[38;2;195;224;137m██[38;2;76;90;52m██[38;2;0;0;0m    
[38;2;0;0;0m                [38;2;34;33;33m██[38;2;105;101;91m██[38;2;23;23;24m██[38;2;24;24;24m██[38;2;72;70;72m██[38;2;28;28;28m██[38;2;0;0;0m    [38;2;23;23;24m████[38;2;0;0;0m        [38;2;29;35;20m  [38;2;154;185;104m██[38;2;163;196;110m██[38;2;156;190;104m██[38;2;0;0;0m    
[38;2;0;0;0m                            [38;2;12;14;8m  [38;2;49;56;35m██[38;2;0;0;0m              [38;2;87;106;60m  [38;2;117;142;80m██[38;2;29;35;20m  [38;2;0;0;0m    
[38;2;0;0;0m                            [38;2;49;56;35m██[38;2;174;206;121m██[38;2;0;0;0m                        [0m
