
[38;2;0;0;0m        [38;2;29;28;29m  [38;2;0;0;0m                              
[38;2;0;0;0m        [38;2;190;188;190m██[38;2;0;0;0m                              
[38;2;0;0;0m        [38;2;135;133;135m██[38;2;62;61;62m  [38;2;0;0;0m                        [38;2;76;76;76m██[38;2;21;21;21m  
[38;2;0;0;0m        [38;2;83;79;80m██[38;2;221;204;201m██[38;2;0;0;0m                    [38;2;209;209;209m████[38;2;218;218;218m██[38;2;12;12;12m  
[38;2;0;0;0m        [38;2;145;131;131m██[38;2;137;126;125m  [38;2;24;20;19m  [38;2;0;0;0m              [38;2;84;73;73m  [38;2;221;220;221m██[38;2;180;180;180m██[38;2;183;183;183m██[38;2;138;138;138m  [38;2;0;0;0m  
[38;2;0;0;0m        [38;2;142;114;108m██[38;2;65;64;65m██[38;2;166;140;134m██[38;2;219;173;176m██[38;2;71;56;57m  [38;2;0;0;0m        [38;2;93;81;81m  [38;2;254;221;221m██[38;2;77;76;77m████[38;2;245;244;245m██[38;2;0;0;0m    
[38;2;0;0;0m        [38;2;101;76;70m██[38;2;69;67;68m██[38;2;217;177;183m██[38;2;252;199;202m██[38;2;172;142;142m██[38;2;100;86;87m██[38;2;96;76;77m██[38;2;0;0;0m  [38;2;27;22;22m  [38;2;224;179;182m██[38;2;67;66;67m██[38;2;73;75;79m██[38;2;205;193;201m██[38;2;95;93;95m██[38;2;0;0;0m    
[38;2;0;0;0m        [38;2;10;7;7m  [38;2;236;188;191m██[38;2;244;196;196m██[38;2;100;101;115m██[38;2;191;160;164m██[38;2;254;203;203m██[38;2;255;202;205m██[38;2;229;181;184m██[38;2;87;78;80m██[38;2;180;151;155m██[38;2;80;82;87m██[38;2;165;143;152m██[38;2;234;189;192m██[38;2;9;9;9m  [38;2;0;0;0m    
[38;2;0;0;0m        [38;2;12;12;12m  [38;2;254;202;204m██[38;2;254;202;201m██[38;2;254;202;203m████[38;2;199;160;158m██[38;2;214;174;178m██[38;2;193;157;159m██[38;2;230;185;186m██[38;2;148;127;129m██[38;2;252;200;203m██[38;2;147;117;118m██[38;2;0;0;0m        
[38;2;0;0;0m        [38;2;115;92;93m██[38;2;80;75;76m██[38;2;254;202;202m██[38;2;254;203;202m██[38;2;225;175;167m██[38;2;176;137;129m██[38;2;212;170;173m██[38;2;251;199;202m██[38;2;252;201;201m██[38;2;178;147;147m██[38;2;76;72;73m██[38;2;0;0;0m          
[38;2;0;0;0m      [38;2;0;3;7m  [38;2;144;164;163m██[38;2;252;219;219m██[38;2;141;121;118m██[38;2;144;116;109m████[38;2;155;125;120m██[38;2;233;182;178m██[38;2;253;203;202m██[38;2;165;136;138m██[38;2;196;159;161m██[38;2;120;95;97m██[38;2;0;0;0m          
[38;2;0;0;0m      [38;2;231;223;223m  [38;2;51;141;148m██[38;2;254;202;205m██[38;2;251;201;200m██[38;2;251;199;202m██[38;2;116;160;162m██[38;2;54;142;145m██[38;2;208;227;229m██[38;2;220;176;165m██[38;2;251;203;201m██[38;2;254;202;202m████[38;2;0;0;0m          
[38;2;46;37;37m██[38;2;235;190;191m██[38;2;160;133;135m██[38;2;228;197;192m██[38;2;200;207;210m██[38;2;254;223;224m██[38;2;254;203;201m██[38;2;231;200;199m██[38;2;65;148;152m██[38;2;73;154;158m████[38;2;240;224;220m██[38;2;248;197;195m██[38;2;254;203;202m████[38;2;0;0;0m          
[38;2;68;54;54m  [38;2;253;202;201m██[38;2;138;118;119m██[38;2;254;242;242m██[38;2;166;161;161m██[38;2;251;242;242m████[38;2;220;203;199m██[38;2;94;187;178m██[38;2;103;190;179m██[38;2;55;144;146m██[38;2;239;223;219m██[38;2;248;197;195m██[38;2;254;202;202m██[38;2;254;203;202m██[38;2;121;95;97m██[38;2;0;0;0m        
[38;2;2;1;0m  [38;2;174;146;138m██[38;2;190;176;174m██[38;2;254;246;244m██[38;2;254;247;246m██[38;2;167;162;162m████[38;2;252;241;240m██[38;2;169;169;165m██[38;2;135;152;148m██[38;2;190;192;188m██[38;2;240;188;187m██[38;2;174;149;158m██[38;2;201;167;172m██[38;2;254;203;202m██[38;2;121;95;97m██[38;2;0;0;0m        
[38;2;0;0;0m    [38;2;144;140;140m██[38;2;254;247;246m██[38;2;253;248;245m██[38;2;254;247;245m██[38;2;254;247;246m██[38;2;254;248;246m██[38;2;254;246;245m██[38;2;255;205;203m██[38;2;247;196;200m██[38;2;94;97;111m██[38;2;234;188;193m██[38;2;157;131;132m██[38;2;250;199;202m██[38;2;132;110;107m██[38;2;0;0;0m        
[38;2;0;0;0m    [38;2;95;92;92m██[38;2;254;247;246m████[38;2;254;248;246m██[38;2;254;247;246m██████[38;2;254;242;242m  [38;2;199;172;176m██[38;2;254;202;203m██[38;2;254;202;204m██[38;2;183;155;162m  [38;2;227;176;170m██[38;2;195;154;146m██[38;2;0;0;0m        
[38;2;0;0;0m      [38;2;231;226;225m██[38;2;252;246;244m██[38;2;254;247;246m██[38;2;253;248;246m██[38;2;254;248;245m██[38;2;253;248;245m██[38;2;254;247;246m██[38;2;255;216;214m██[38;2;254;202;202m██[38;2;251;198;199m██[38;2;146;124;126m██[38;2;212;160;147m██[38;2;211;160;147m██[38;2;197;148;136m██[38;2;0;0;0m      
[38;2;0;0;0m      [38;2;78;78;78m  [38;2;224;222;223m██[38;2;254;246;246m██[38;2;254;248;246m██████[38;2;248;245;245m██[38;2;227;223;224m██[38;2;226;175;169m██[38;2;212;161;150m██[38;2;211;160;147m██████[38;2;74;56;52m  [38;2;0;0;0m      
[38;2;0;0;0m        [38;2;196;194;196m██[38;2;211;210;211m██[38;2;211;209;211m██[38;2;244;240;244m██[38;2;238;235;238m██[38;2;224;221;222m██[38;2;219;216;217m██[38;2;210;160;147m██[38;2;211;160;147m██[38;2;210;160;147m██[38;2;211;160;147m██[38;2;87;65;60m  [38;2;0;0;0m        
[38;2;0;0;0m        [38;2;83;77;78m██[38;2;117;116;117m██[38;2;212;209;212m██[38;2;214;211;214m██[38;2;216;214;216m██[38;2;222;220;222m██[38;2;212;210;209m██[38;2;211;159;147m██[38;2;212;160;147m██[38;2;152;115;106m██[38;2;71;54;50m██[38;2;0;0;0m          
[38;2;0;0;0m    [38;2;163;132;134m██[38;2;254;202;205m██[38;2;238;186;182m██[38;2;171;130;119m██[38;2;53;52;53m██[38;2;21;21;21m  [38;2;173;172;173m██[38;2;185;183;184m██[38;2;186;152;144m██[38;2;184;142;133m██[38;2;74;58;55m██[38;2;0;1;3m  [38;2;0;0;0m            
[38;2;0;0;0m    [38;2;76;60;61m██████[38;2;0;0;0m        [38;2;49;44;43m██[38;2;187;155;150m██[38;2;183;152;147m██[38;2;19;16;15m██[38;2;0;0;0m              
[38;2;0;0;0m                  [38;2;47;38;39m██[38;2;245;195;198m██[38;2;241;192;194m██[38;2;26;21;21m██[38;2;0;0;0m              
[38;2;0;0;0m                  [38;2;3;3;3m  [38;2;55;44;45m██[38;2;50;40;41m██[38;2;2;2;2m  [38;2;0;0;0m              [0m
