  [38;2;7;7;7m▄[38;2;7;7;7m▄[38;2;7;7;7m[48;2;244;244;244m▀[0m[38;2;7;7;7m[48;2;244;244;244m▀[0m[38;2;7;7;7m[48;2;244;244;244m▀[0m[38;2;7;7;7m[48;2;196;201;208m▀[0m[38;2;7;7;7m▄[38;2;7;7;7m▄      
 [38;2;7;7;7m[48;2;7;7;7m▀[0m[38;2;244;244;244m[48;2;196;201;208m▀[0m[38;2;244;244;244m[48;2;244;244;244m▀[0m[38;2;244;244;244m[48;2;7;7;7m▀[0m[38;2;244;244;244m[48;2;244;244;244m▀[0m[38;2;244;244;244m[48;2;244;244;244m▀[0m[38;2;244;244;244m[48;2;244;244;244m▀[0m[38;2;244;244;244m[48;2;244;244;244m▀[0m[38;2;196;201;208m[48;2;244;244;244m▀[0m[38;2;7;7;7m[48;2;196;201;208m▀[0m[38;2;7;7;7m▄    
[38;2;7;7;7m[48;2;7;7;7m▀[0m[38;2;255;116;169m[48;2;255;53;129m▀[0m[38;2;255;116;169m[48;2;255;116;169m▀[0m[38;2;196;201;208m[48;2;255;116;169m▀[0m[38;2;7;7;7m[48;2;255;53;129m▀[0m[38;2;244;244;244m[48;2;244;244;244m▀[0m[38;2;244;244;244m[48;2;244;244;244m▀[0m[38;2;244;244;244m[48;2;244;244;244m▀[0m[38;2;244;244;244m[48;2;244;244;244m▀[0m[38;2;244;244;244m[48;2;244;244;244m▀[0m[38;2;244;244;244m[48;2;244;244;244m▀[0m[38;2;7;7;7m[48;2;196;201;208m▀[0m[38;2;7;7;7m▄   
 [38;2;7;7;7m▀[38;2;255;53;129m[48;2;7;7;7m▀[0m[38;2;255;53;129m[48;2;7;7;7m▀[0m[38;2;244;244;244m[48;2;7;7;7m▀[0m[38;2;244;244;244m[48;2;7;7;7m▀[0m[38;2;244;244;244m[48;2;196;201;208m▀[0m[38;2;244;244;244m[48;2;244;244;244m▀[0m[38;2;244;244;244m[48;2;244;244;244m▀[0m[38;2;244;244;244m[48;2;244;244;244m▀[0m[38;2;244;244;244m[48;2;244;244;244m▀[0m[38;2;244;244;244m[48;2;244;244;244m▀[0m[38;2;7;7;7m[48;2;7;7;7m▀[0m   
      [38;2;7;7;7m[48;2;7;7;7m▀[0m[38;2;196;201;208m[48;2;244;244;244m▀[0m[38;2;244;244;244m[48;2;244;244;244m▀[0m[38;2;244;244;244m[48;2;244;244;244m▀[0m[38;2;244;244;244m[48;2;244;244;244m▀[0m[38;2;196;201;208m[48;2;7;7;7m▀[0m[38;2;7;7;7m▀   
      [38;2;7;7;7m[48;2;7;7;7m▀[0m[38;2;244;244;244m[48;2;244;244;244m▀[0m[38;2;244;244;244m[48;2;244;244;244m▀[0m[38;2;244;244;244m[48;2;244;244;244m▀[0m[38;2;244;244;244m[48;2;196;201;208m▀[0m[38;2;7;7;7m[48;2;7;7;7m▀[0m    
   [38;2;7;7;7m▄[38;2;7;7;7m[48;2;66;66;66m▀[0m[38;2;7;7;7m[48;2;66;66;66m▀[0m[38;2;196;201;208m[48;2;196;201;208m▀[0m[38;2;244;244;244m[48;2;196;201;208m▀[0m[38;2;244;244;244m[48;2;196;201;208m▀[0m[38;2;196;201;208m[48;2;196;201;208m▀[0m[38;2;7;7;7m[48;2;7;7;7m▀[0m[38;2;7;7;7m▄[38;2;7;7;7m▄   
[38;2;7;7;7m▄[38;2;7;7;7m[48;2;107;173;156m▀[0m[38;2;7;7;7m[48;2;65;116;103m▀[0m[38;2;66;66;66m[48;2;65;116;103m▀[0m[38;2;65;116;103m[48;2;66;66;66m▀[0m[38;2;66;66;66m[48;2;66;66;66m▀[0m[38;2;196;201;208m[48;2;66;66;66m▀[0m[38;2;196;201;208m[48;2;196;201;208m▀[0m[38;2;196;201;208m[48;2;196;201;208m▀[0m[38;2;196;201;208m[48;2;66;66;66m▀[0m[38;2;66;66;66m[48;2;65;116;103m▀[0m[38;2;65;116;103m[48;2;65;116;103m▀[0m[38;2;65;116;103m[48;2;107;173;156m▀[0m[38;2;7;7;7m[48;2;107;173;156m▀[0m[38;2;7;7;7m▄ 
[38;2;7;7;7m▀[38;2;65;116;103m[48;2;7;7;7m▀[0m[38;2;65;116;103m[48;2;65;116;103m▀[0m[38;2;66;66;66m[48;2;107;173;156m▀[0m[38;2;107;173;156m[48;2;107;173;156m▀[0m[38;2;107;173;156m[48;2;66;66;66m▀[0m[38;2;66;66;66m[48;2;107;173;156m▀[0m[38;2;66;66;66m[48;2;107;173;156m▀[0m[38;2;66;66;66m[48;2;107;173;156m▀[0m[38;2;65;116;103m[48;2;107;173;156m▀[0m[38;2;66;66;66m[48;2;65;116;103m▀[0m[38;2;65;116;103m[48;2;66;66;66m▀[0m[38;2;65;116;103m[48;2;65;116;103m▀[0m[38;2;107;173;156m[48;2;65;116;103m▀[0m[38;2;107;173;156m[48;2;7;7;7m▀[0m[38;2;7;7;7m▀
  [38;2;7;7;7m▀[38;2;65;116;103m[48;2;7;7;7m▀[0m[38;2;107;173;156m[48;2;7;7;7m▀[0m[38;2;66;66;66m[48;2;65;116;103m▀[0m[38;2;65;116;103m[48;2;65;116;103m▀[0m[38;2;107;173;156m[48;2;107;173;156m▀[0m[38;2;107;173;156m[48;2;65;116;103m▀[0m[38;2;65;116;103m[48;2;65;116;103m▀[0m[38;2;65;116;103m[48;2;7;7;7m▀[0m[38;2;65;116;103m[48;2;7;7;7m▀[0m[38;2;7;7;7m▀[38;2;7;7;7m▀  
     [38;2;7;7;7m▀[38;2;7;7;7m▀[38;2;7;7;7m▀[38;2;7;7;7m▀[38;2;7;7;7m▀      
[0m