
[38;2;0;0;0m                [38;2;15;15;16m    [38;2;0;0;0m                            
[38;2;0;0;0m                [38;2;57;60;63m████[38;2;0;0;0m                            
[38;2;0;0;0m          [38;2;52;55;58m██[38;2;0;0;0m    [38;2;57;60;63m██[38;2;229;241;255m██[38;2;0;0;0m    [38;2;52;55;58m  [38;2;0;0;0m                      
[38;2;0;0;0m          [38;2;29;31;33m  [38;2;179;199;205m██[38;2;47;49;52m  [38;2;91;103;99m██[38;2;226;244;254m██[38;2;140;151;157m  [38;2;94;104;104m  [38;2;172;181;191m██[38;2;0;0;0m  [38;2;33;39;39m  ██[38;2;0;0;0m                
[38;2;0;0;0m            [38;2;126;139;143m██[38;2;230;242;255m██[38;2;183;201;206m██[38;2;229;245;254m██[38;2;174;196;197m██[38;2;204;223;226m██[38;2;173;187;193m██[38;2;60;68;68m██[38;2;122;142;141m██[38;2;0;0;0m                  
[38;2;0;0;0m            [38;2;65;65;64m██[38;2;94;94;89m██[38;2;227;243;254m██[38;2;235;248;254m██[38;2;146;181;170m██[38;2;246;251;254m██[38;2;139;162;158m██[38;2;160;186;184m██[38;2;72;74;75m██[38;2;14;13;14m  [38;2;0;0;0m                
[38;2;0;0;0m          [38;2;104;110;116m  [38;2;184;194;204m██[38;2;241;249;254m██[38;2;255;255;255m████[38;2;241;248;254m██[38;2;221;232;235m██[38;2;170;196;195m████[38;2;143;176;168m██[38;2;163;190;189m██[38;2;99;115;115m██[38;2;24;28;28m  [38;2;0;0;0m            
[38;2;0;0;0m          [38;2;112;130;129m  [38;2;140;158;155m██[38;2;94;93;84m██[38;2;237;247;254m██[38;2;255;255;255m██[38;2;254;254;255m██[38;2;231;243;250m██[38;2;229;242;255m██[38;2;184;206;209m██[38;2;126;146;145m██[38;2;14;16;16m██[38;2;0;0;0m                
[38;2;0;0;0m        [38;2;92;107;106m████[38;2;120;135;135m██[38;2;172;195;197m██[38;2;240;248;254m██[38;2;251;252;255m██[38;2;248;251;254m██[38;2;232;245;254m██[38;2;155;166;172m██[38;2;101;124;116m██[38;2;42;55;47m  [38;2;0;0;0m                  
[38;2;0;0;0m            [38;2;43;47;48m██[38;2;169;187;191m██[38;2;128;128;118m██[38;2;246;249;255m██[38;2;183;205;207m██[38;2;230;244;254m██[38;2;130;158;154m██[38;2;106;137;125m██[38;2;119;159;144m██[38;2;29;38;35m  [38;2;0;0;0m                
[38;2;0;0;0m          [38;2;58;68;67m  [38;2;146;168;166m██[38;2;70;76;71m██[38;2;186;210;211m██[38;2;174;182;190m██[38;2;80;84;83m██[38;2;132;147;147m██[38;2;208;218;230m██[38;2;105;126;123m██[38;2;63;82;77m██[38;2;62;83;77m██[38;2;0;0;0m                
[38;2;0;0;0m          ██    [38;2;185;198;205m██[38;2;89;92;91m██[38;2;94;97;94m████[38;2;48;48;48m██[38;2;0;0;0m██                    
[38;2;0;0;0m            [38;2;85;99;98m██[38;2;21;24;24m  [38;2;49;48;44m██[38;2;88;90;89m██[38;2;87;88;87m██[38;2;86;88;86m██[38;2;36;37;36m  [38;2;0;0;0m                      
[38;2;0;0;0m              [38;2;117;136;135m  [38;2;69;67;65m██[38;2;82;79;65m██[38;2;93;96;93m██[38;2;72;72;72m██[38;2;93;96;93m██[38;2;30;31;31m██[38;2;222;234;246m██[38;2;54;57;60m  [38;2;0;0;0m    [38;2;1;2;2m  [38;2;65;64;57m██[38;2;82;79;68m██[38;2;23;22;19m██[38;2;3;3;3m██[38;2;1;1;0m  
[38;2;23;17;12m    [38;2;0;0;0m            [38;2;74;71;66m██[38;2;114;123;118m██[38;2;85;83;74m██[38;2;84;86;84m██[38;2;102;102;99m██[38;2;148;155;159m██[38;2;24;26;26m  [38;2;0;0;0m      [38;2;61;62;58m██[38;2;108;118;118m██[38;2;116;126;119m██[38;2;81;78;68m██[38;2;66;61;58m██[38;2;17;13;9m  
[38;2;14;14;14m  [38;2;132;101;83m██[38;2;14;10;13m██[38;2;3;2;1m  [38;2;48;48;48m██[38;2;42;48;48m██[38;2;1;1;1m  [38;2;63;60;52m██[38;2;77;73;67m██[38;2;87;86;82m██[38;2;112;115;116m██[38;2;218;229;241m██[38;2;66;65;60m██[38;2;91;90;83m██[38;2;54;53;54m██[38;2;167;176;185m██[38;2;177;185;195m██[38;2;71;67;65m██[38;2;121;101;66m██[38;2;213;165;69m██[38;2;70;68;65m██[38;2;81;67;57m██[38;2;10;10;12m  [38;2;0;0;0m  
[38;2;0;0;0m  [38;2;24;17;15m  [38;2;119;94;80m██[38;2;117;85;63m██[38;2;78;82;83m██[38;2;79;83;83m██[38;2;57;55;48m██[38;2;81;79;68m██[38;2;70;67;67m██[38;2;67;65;65m██[38;2;95;97;93m██[38;2;51;52;52m██[38;2;6;6;6m  [38;2;70;71;71m██[38;2;161;167;173m██[38;2;91;92;90m██[38;2;90;81;65m██[38;2;171;134;76m██[38;2;155;118;55m██[38;2;14;11;7m  [38;2;32;30;26m██[38;2;32;26;22m██[38;2;48;36;29m  [38;2;0;0;0m  
[38;2;0;0;0m    [38;2;57;42;31m██[38;2;156;115;87m██[38;2;95;96;94m██[38;2;96;103;103m██[38;2;71;68;59m██[38;2;17;17;14m  [38;2;124;140;140m██[38;2;101;103;103m██[38;2;100;103;102m██[38;2;16;16;16m██[38;2;0;0;0m    [38;2;171;178;184m██[38;2;145;111;85m██[38;2;187;147;66m██[38;2;95;77;52m██[38;2;22;20;22m  [38;2;0;0;0m          
[38;2;0;0;0m  [38;2;80;59;44m  [38;2;67;52;41m██[38;2;122;96;79m██[38;2;85;67;57m██[38;2;49;55;55m██[38;2;0;0;0m    [38;2;5;5;5m  [38;2;111;116;118m██[38;2;123;128;129m██[38;2;52;51;48m██[38;2;0;0;0m    [38;2;41;30;22m██[38;2;167;121;89m██[38;2;149;116;78m██[38;2;124;103;68m██[38;2;210;162;59m██[38;2;37;29;10m  [38;2;0;0;0m        
[38;2;0;0;0m      [38;2;122;90;67m██[38;2;0;0;0m            [38;2;94;97;94m██[38;2;76;76;76m██[38;2;68;54;46m██[38;2;7;6;6m  [38;2;47;36;15m  [38;2;172;133;57m██[38;2;161;127;68m██[38;2;127;107;65m██[38;2;96;84;62m██[38;2;189;147;53m██[38;2;0;0;0m        
[38;2;0;0;0m      [38;2;37;27;20m  [38;2;0;0;0m            [38;2;57;62;61m██[38;2;142;161;160m██[38;2;65;57;53m██[38;2;12;9;7m  [38;2;0;0;0m  [38;2;172;133;51m██[38;2;45;39;33m██[38;2;201;158;65m██[38;2;14;14;14m  [38;2;0;0;0m          
[38;2;0;0;0m                [38;2;12;9;3m  [38;2;30;24;11m██[38;2;114;110;93m██[38;2;78;81;78m██[38;2;57;56;57m  [38;2;0;0;0m  [38;2;57;44;16m████[38;2;0;0;0m  [38;2;134;104;38m  [38;2;0;0;0m            
[38;2;0;0;0m                [38;2;14;11;4m  [38;2;36;29;18m██[38;2;49;41;28m██[38;2;6;6;6m  [38;2;0;0;0m    [38;2;14;11;4m    [38;2;0;0;0m                [0m
