
[38;2;0;0;0m                [38;2;0;1;0m  [38;2;19;24;41m██[38;2;0;1;0m  [38;2;0;0;0m                          
[38;2;0;0;0m              [38;2;4;7;9m  [38;2;70;76;147m██[38;2;16;21;35m  [38;2;0;0;0m                            
[38;2;0;0;0m            [38;2;0;2;0m  [38;2;89;96;189m██[38;2;109;118;194m██[38;2;59;60;80m██[38;2;28;32;54m██[38;2;20;24;43m  [38;2;0;1;0m  [38;2;0;0;0m                      
[38;2;0;0;0m            [38;2;37;43;80m  [38;2;91;100;189m██[38;2;132;137;180m██[38;2;107;116;196m██[38;2;86;96;185m██[38;2;82;92;179m██[38;2;73;83;148m██[38;2;0;2;0m  [38;2;0;0;0m                    
[38;2;0;0;0m            [38;2;55;52;91m██[38;2;82;83;148m██[38;2;97;77;111m██[38;2;80;87;153m██[38;2;147;153;203m██[38;2;108;115;167m██[38;2;11;12;13m  [38;2;40;46;85m██[38;2;0;0;0m                    
[38;2;0;0;0m            [38;2;10;12;10m  [38;2;135;91;135m██[38;2;190;91;104m██[38;2;69;69;83m██[38;2;85;95;188m██[38;2;184;186;196m██[38;2;13;17;25m  [38;2;0;0;0m                      
[38;2;0;0;0m        [38;2;0;1;0m  [38;2;0;0;0m  [38;2;78;47;63m██[38;2;78;81;144m██[38;2;128;78;85m██[38;2;80;86;147m██[38;2;88;97;188m██[38;2;76;84;155m██[38;2;15;20;28m██[38;2;23;12;12m  [38;2;75;37;40m██[38;2;0;0;0m    [38;2;36;20;19m██[38;2;0;1;0m  [38;2;0;0;0m          
[38;2;0;0;0m      [38;2;0;3;0m  [38;2;90;64;80m██[38;2;1;15;22m  [38;2;120;90;139m██[38;2;80;85;159m██[38;2;145;87;93m██[38;2;117;75;89m██[38;2;68;73;116m██[38;2;65;72;113m██[38;2;103;68;90m██[38;2;140;76;99m██[38;2;197;93;106m██[38;2;35;37;35m  [38;2;0;0;0m  [38;2;94;46;51m██[38;2;178;85;93m██[38;2;77;39;40m  [38;2;0;0;0m  [38;2;0;3;0m  [38;2;0;0;0m    
[38;2;0;1;0m  [38;2;43;28;36m██[38;2;0;2;0m  [38;2;46;32;40m  [38;2;93;68;82m██[38;2;82;67;96m██[38;2;92;77;123m██[38;2;137;81;92m██[38;2;110;83;88m██[38;2;182;89;107m██[38;2;74;66;72m██[38;2;100;71;87m██[38;2;80;67;75m██[38;2;127;76;107m██[38;2;187;90;107m██[38;2;118;76;82m██[38;2;90;44;48m██[38;2;142;81;89m██[38;2;143;82;88m██[38;2;198;93;106m██[38;2;60;39;43m██[38;2;117;75;100m██[38;2;0;3;0m  [38;2;0;0;0m  
[38;2;0;1;0m  [38;2;103;63;86m██[38;2;104;65;88m██[38;2;118;78;102m██[38;2;162;141;150m██[38;2;190;94;110m██[38;2;118;89;138m██[38;2;65;66;76m██[38;2;134;94;99m██[38;2;187;90;107m██[38;2;85;68;78m██[38;2;113;73;99m██[38;2;162;84;103m██[38;2;87;69;80m██[38;2;187;90;107m██[38;2;144;81;90m██[38;2;190;91;104m██████[38;2;128;78;89m██[38;2;186;90;105m██[38;2;125;76;106m██[38;2;96;59;81m  [38;2;0;1;0m  
[38;2;0;0;0m  [38;2;55;35;46m  [38;2;118;74;99m██[38;2;156;83;102m██[38;2;175;93;123m██[38;2;220;220;220m██[38;2;180;151;155m██[38;2;196;92;106m██[38;2;149;82;94m██[38;2;198;94;104m██[38;2;148;83;90m██[38;2;143;81;89m██[38;2;96;77;119m██[38;2;88;69;72m██[38;2;189;92;101m██[38;2;198;94;105m██[38;2;131;78;86m██[38;2;115;74;87m██[38;2;196;92;106m██[38;2;171;87;98m██[38;2;123;77;85m██[38;2;117;75;100m██[38;2;103;63;86m██[38;2;0;1;0m  
[38;2;0;0;0m  [38;2;0;6;0m  [38;2;102;75;92m██[38;2;68;65;66m██[38;2;89;94;188m██[38;2;196;95;110m██[38;2;67;59;58m██[38;2;80;64;62m██[38;2;139;138;139m██[38;2;145;82;89m██[38;2;160;94;127m██[38;2;168;90;108m██[38;2;83;91;172m██[38;2;106;73;78m██[38;2;142;81;92m██[38;2;170;86;106m██[38;2;128;77;107m██[38;2;128;78;85m██[38;2;198;95;109m██[38;2;134;133;133m██[38;2;184;90;102m██[38;2;66;65;66m██[38;2;103;63;86m██[38;2;0;1;0m  
[38;2;0;0;0m  [38;2;26;32;43m  [38;2;106;80;92m██[38;2;129;79;84m██[38;2;137;87;119m██[38;2;67;65;66m██[38;2;98;103;87m██[38;2;193;149;133m██[38;2;103;102;103m██[38;2;83;80;121m██[38;2;187;92;106m██[38;2;124;82;109m██[38;2;78;81;129m██[38;2;152;84;91m██[38;2;198;93;106m██[38;2;118;76;86m██[38;2;96;70;88m██[38;2;198;94;105m██[38;2;209;156;163m██[38;2;172;117;123m██[38;2;133;75;84m██[38;2;87;81;121m██[38;2;36;41;76m  [38;2;0;0;0m  
[38;2;17;22;33m  [38;2;65;70;109m██[38;2;97;74;100m██[38;2;191;88;99m██[38;2;197;156;156m██[38;2;222;222;221m██[38;2;71;68;58m██[38;2;83;70;53m██[38;2;195;92;107m██[38;2;197;92;107m██[38;2;106;78;108m██[38;2;64;70;101m██[38;2;139;92;130m██[38;2;196;94;104m██[38;2;137;78;106m██[38;2;103;71;92m██[38;2;190;93;114m██[38;2;197;94;103m██[38;2;198;95;109m██[38;2;185;169;169m██[38;2;72;57;59m██[38;2;103;80;106m██[38;2;73;79;154m██[38;2;0;1;1m  
[38;2;0;0;0m  [38;2;22;27;31m  [38;2;76;84;147m██[38;2;150;156;204m██[38;2;222;224;218m██[38;2;222;223;221m██[38;2;100;99;100m██[38;2;189;91;108m██[38;2;73;81;147m██[38;2;122;85;131m██[38;2;75;80;129m██[38;2;78;79;119m██[38;2;83;74;97m██[38;2;116;74;100m██[38;2;96;69;81m██[38;2;151;79;92m██[38;2;190;127;131m██[38;2;185;113;118m██[38;2;196;92;106m██[38;2;166;86;97m██[38;2;65;65;72m██[38;2;72;80;145m██[38;2;50;56;106m██[38;2;24;29;51m██
[38;2;0;1;0m  [38;2;50;57;96m  [38;2;66;70;104m██[38;2;65;65;69m██[38;2;161;165;161m██[38;2;70;66;69m██[38;2;136;80;86m██[38;2;197;94;104m██[38;2;120;85;132m██[38;2;86;95;179m██[38;2;88;96;185m██[38;2;82;88;153m██[38;2;113;74;98m██[38;2;112;74;80m██[38;2;185;104;111m██[38;2;189;128;131m██[38;2;222;224;218m██[38;2;190;147;151m██[38;2;195;92;106m██[38;2;140;80;89m██[38;2;65;65;72m██[38;2;23;28;44m██[38;2;0;0;0m  [38;2;0;3;0m  
[38;2;0;0;0m  [38;2;0;1;0m  [38;2;27;32;43m██[38;2;62;68;116m██[38;2;97;69;85m██[38;2;91;74;115m██[38;2;183;90;106m██[38;2;123;87;132m██[38;2;82;90;170m██[38;2;67;66;73m██[38;2;75;78;116m██[38;2;106;77;94m██[38;2;98;71;89m██[38;2;197;94;106m██[38;2;161;108;108m██[38;2;179;179;171m██[38;2;98;101;97m██[38;2;186;169;165m██[38;2;173;78;89m██[38;2;136;111;115m██[38;2;65;70;103m██[38;2;48;55;91m██[38;2;0;1;0m  [38;2;0;0;0m  
[38;2;0;0;0m      [38;2;0;3;0m  [38;2;90;74;116m██[38;2;69;75;129m██[38;2;127;86;131m██[38;2;76;83;153m██[38;2;77;77;111m██[38;2;126;76;106m██[38;2;125;76;105m██[38;2;116;76;101m██[38;2;189;183;184m██[38;2;169;73;84m██[38;2;142;129;123m██[38;2;0;3;0m  [38;2;0;0;0m  [38;2;106;108;102m██[38;2;222;223;221m  [38;2;134;134;135m██[38;2;65;73;122m██[38;2;65;73;126m██[38;2;0;3;0m  [38;2;0;0;0m  
[38;2;0;0;0m      [38;2;0;1;0m  [38;2;42;49;82m██[38;2;34;42;72m██[38;2;83;91;175m██[38;2;76;76;110m██[38;2;117;75;100m██[38;2;85;68;79m██[38;2;107;73;94m██[38;2;100;86;109m██[38;2;202;204;217m██[38;2;203;138;144m██[38;2;27;18;16m██[38;2;0;0;0m    [38;2;40;42;40m  [38;2;222;224;219m██[38;2;188;190;190m██[38;2;65;69;86m██[38;2;39;45;75m██[38;2;0;1;0m  [38;2;0;0;0m  
[38;2;0;0;0m        [38;2;0;1;0m  [38;2;0;0;0m  [38;2;23;26;36m  [38;2;74;77;120m██[38;2;71;68;66m██[38;2;78;53;67m██[38;2;113;71;96m██[38;2;20;23;30m  [38;2;167;175;215m██[38;2;192;176;175m██[38;2;15;16;13m  [38;2;0;0;0m      [38;2;4;8;4m██[38;2;217;218;209m██[38;2;57;57;54m  [38;2;0;1;0m  [38;2;0;0;0m    
[38;2;0;0;0m            [38;2;24;28;43m  [38;2;67;73;120m██[38;2;19;20;18m  [38;2;6;6;5m  [38;2;13;10;11m  [38;2;0;0;3m  [38;2;72;77;138m██[38;2;156;151;147m██[38;2;0;0;0m      [38;2;0;1;0m  [38;2;147;149;147m██[38;2;128;130;126m██[38;2;0;0;0m        
[38;2;0;0;0m          [38;2;0;3;0m  [38;2;65;64;65m██[38;2;65;71;114m██[38;2;21;25;41m  [38;2;0;0;0m  [38;2;0;2;0m  [38;2;32;38;69m██[38;2;89;97;189m██[38;2;155;157;160m██[38;2;11;14;13m██[38;2;0;0;0m    [38;2;25;27;25m  [38;2;54;54;54m██[38;2;23;25;23m  [38;2;0;0;0m        
[38;2;0;0;0m          [38;2;0;1;0m  [38;2;19;21;19m██[38;2;18;20;18m  [38;2;0;0;0m      [38;2;40;46;87m██[38;2;87;97;189m██[38;2;63;70;122m██[38;2;4;6;7m  [38;2;0;0;0m      [38;2;0;1;0m  [38;2;0;0;0m          
[38;2;0;0;0m                    [38;2;0;2;0m  [38;2;65;64;65m██[38;2;79;84;138m██[38;2;0;2;0m  [38;2;0;0;0m                    
[38;2;0;0;0m                      [38;2;17;19;17m████[38;2;0;0;0m                      [0m
