
[38;2;5;6;7m  [38;2;25;29;32m██[38;2;18;21;24m  [38;2;0;0;0m                    [38;2;15;16;22m██[38;2;25;48;67m██[38;2;0;0;0m                        
[38;2;3;4;5m██[38;2;57;59;65m██[38;2;88;96;103m██[38;2;81;93;101m██[38;2;0;0;0m                  [38;2;86;161;221m██[38;2;35;61;81m██[38;2;0;0;0m                        
[38;2;0;0;0m  [38;2;25;24;28m  [38;2;71;77;86m██[38;2;90;103;115m██[38;2;88;97;103m██[38;2;95;109;119m██[38;2;0;0;0m        [38;2;15;17;19m  [38;2;34;39;44m██[38;2;51;59;69m██[38;2;59;76;92m██[38;2;7;3;0m  [38;2;0;0;0m                  [38;2;24;28;30m  [38;2;34;39;44m██[38;2;8;10;11m  
[38;2;0;0;0m  [38;2;52;52;54m██[38;2;70;74;80m██[38;2;79;89;104m██[38;2;76;89;102m██[38;2;21;24;27m██[38;2;0;0;0m        [38;2;44;51;56m██[38;2;99;115;128m██[38;2;79;89;104m██[38;2;8;10;12m██[38;2;0;0;0m                [38;2;58;67;74m  [38;2;87;101;112m██[38;2;95;111;122m██[38;2;99;115;128m██[38;2;25;29;33m██
[38;2;0;0;0m    [38;2;67;75;85m██[38;2;71;75;82m██[38;2;83;94;108m██[38;2;97;113;125m██[38;2;26;30;33m  [38;2;0;0;0m  [38;2;31;30;28m██[38;2;41;47;51m██[38;2;99;115;126m██[38;2;79;90;104m██[38;2;44;51;61m██[38;2;0;0;0m          [38;2;24;28;31m  [38;2;48;56;61m██[38;2;78;83;88m██[38;2;98;115;128m██[38;2;99;115;128m██[38;2;97;112;126m██[38;2;87;95;108m██[38;2;35;39;48m  [38;2;0;0;0m  
[38;2;0;0;0m    [38;2;3;3;4m██[38;2;3;3;3m██[38;2;81;92;106m██[38;2;80;91;105m██[38;2;71;69;67m██[38;2;78;75;65m██[38;2;79;84;89m██[38;2;98;114;127m██[38;2;90;103;118m██[38;2;5;6;7m██[38;2;0;0;0m            [38;2;2;2;2m  [38;2;96;112;124m██[38;2;92;105;116m██[38;2;99;115;127m██[38;2;86;98;112m██[38;2;67;66;68m██[38;2;66;65;66m██[38;2;0;0;0m    
[38;2;0;0;0m        [38;2;22;23;23m██[38;2;71;76;82m██[38;2;76;73;67m██[38;2;67;66;66m██[38;2;99;114;127m██[38;2;99;114;125m██[38;2;63;69;75m██[38;2;1;1;1m  [38;2;0;0;0m              [38;2;11;12;14m██[38;2;100;115;127m██[38;2;96;111;122m██[38;2;83;90;96m██[38;2;90;102;114m██[38;2;96;111;124m██[38;2;77;89;98m██[38;2;0;0;0m  
[38;2;0;0;0m        [38;2;29;28;24m██[38;2;68;67;66m██[38;2;81;77;67m██[38;2;65;64;64m██[38;2;90;98;105m██[38;2;66;65;58m██[38;2;42;44;43m██[38;2;0;0;0m                [38;2;99;115;127m██[38;2;98;113;126m██[38;2;97;113;125m██[38;2;84;97;110m██[38;2;75;84;95m██[38;2;63;62;63m██[38;2;0;0;0m    
[38;2;0;0;0m        [38;2;81;79;68m██[38;2;81;78;68m██[38;2;73;62;60m██[38;2;122;64;65m██[38;2;183;126;124m██[38;2;86;78;68m██[38;2;70;77;84m██[38;2;1;1;2m  [38;2;0;0;0m              [38;2;87;99;114m██[38;2;90;101;110m██[38;2;83;92;101m██[38;2;69;69;72m██[38;2;22;22;22m  [38;2;0;0;0m      
[38;2;0;0;0m        [38;2;75;72;62m██[38;2;68;67;66m██[38;2;99;115;127m██[38;2;95;109;120m██[38;2;95;109;119m██[38;2;95;107;124m██[38;2;80;88;103m██[38;2;11;13;15m██[38;2;0;0;0m          [38;2;9;10;12m██[38;2;50;57;66m██[38;2;77;87;101m██[38;2;82;93;108m██[38;2;87;101;112m████[38;2;71;82;91m  [38;2;0;0;0m      
[38;2;0;0;0m        [38;2;27;26;23m██[38;2;91;96;103m██[38;2;72;79;87m██[38;2;76;74;69m██[38;2;76;73;67m██[38;2;76;73;68m██[38;2;74;80;90m██[38;2;78;89;105m██[38;2;24;29;35m  [38;2;0;0;0m  [38;2;50;48;43m██[38;2;51;49;42m  [38;2;35;36;38m  [38;2;78;89;107m██[38;2;78;89;106m██[38;2;24;27;31m  [38;2;0;0;0m              
[38;2;0;0;0m            [38;2;24;23;20m  [38;2;75;73;67m██[38;2;74;73;69m██[38;2;66;65;66m██[38;2;79;82;84m██[38;2;79;90;102m██[38;2;87;98;113m██[38;2;73;71;66m██[38;2;71;69;66m██[38;2;68;67;66m██[38;2;62;65;70m██[38;2;58;66;80m  [38;2;0;0;0m                  
[38;2;0;0;0m            [38;2;22;25;28m  [38;2;72;82;95m██[38;2;76;86;97m██[38;2;75;83;94m██[38;2;69;71;75m██[38;2;70;72;74m██[38;2;94;108;119m██[38;2;70;68;66m██[38;2;81;78;68m██[38;2;81;78;67m██[38;2;71;69;66m██[38;2;52;60;72m  [38;2;0;0;0m                  
[38;2;0;0;0m        [38;2;21;23;28m██[38;2;70;80;92m██[38;2;64;73;84m██[38;2;57;65;75m██[38;2;63;73;86m██[38;2;97;113;125m██[38;2;74;77;78m██[38;2;74;77;74m██[38;2;99;115;128m██[38;2;99;115;127m██[38;2;74;78;82m████[38;2;88;98;107m██[38;2;74;78;82m██[38;2;75;81;89m██[38;2;78;89;104m  [38;2;42;48;57m██[38;2;15;14;15m  [38;2;0;0;0m    [38;2;18;21;24m  [38;2;0;0;0m    
[38;2;0;0;0m      [38;2;51;58;70m  [38;2;78;89;104m██[38;2;78;89;106m██[38;2;9;10;12m  [38;2;0;0;0m  [38;2;8;9;11m  [38;2;93;108;119m██[38;2;96;110;121m██[38;2;98;114;125m██[38;2;98;114;128m██[38;2;98;114;127m██[38;2;98;115;129m██[38;2;73;76;79m██[38;2;98;114;127m██[38;2;99;114;127m██[38;2;95;109;120m██[38;2;68;69;73m██[38;2;76;82;90m██[38;2;73;80;90m██[38;2;61;59;54m██[38;2;58;60;63m██[38;2;83;94;105m██[38;2;48;46;42m  [38;2;0;0;0m  
[38;2;0;0;0m    [38;2;23;26;31m██[38;2;74;82;95m██[38;2;62;60;59m██[38;2;6;6;6m  [38;2;0;0;0m        [38;2;74;85;93m██[38;2;72;70;68m██[38;2;87;97;106m████[38;2;76;80;85m██[38;2;80;89;99m██[38;2;79;87;94m██[38;2;87;97;106m██[38;2;94;107;118m██[38;2;97;113;125m██[38;2;81;88;95m██[38;2;67;68;71m██[38;2;70;73;78m██[38;2;76;75;70m  [38;2;69;72;75m██[38;2;72;69;63m██[38;2;13;12;11m  
[38;2;0;0;0m    [38;2;68;75;87m██[38;2;75;83;94m██[38;2;6;6;5m  [38;2;0;0;0m          [38;2;77;85;91m██[38;2;81;77;67m██[38;2;80;86;91m██[38;2;95;109;119m██[38;2;80;86;91m██[38;2;67;68;71m██[38;2;78;88;101m██[38;2;68;68;69m██[38;2;97;112;124m██[38;2;96;110;121m██[38;2;74;74;72m██[38;2;77;87;100m██[38;2;79;89;98m██[38;2;68;68;67m██[38;2;76;86;93m██[38;2;7;7;6m  [38;2;0;0;0m  
[38;2;0;0;0m  [38;2;25;29;35m  [38;2;31;36;43m  [38;2;31;30;31m  [38;2;29;34;41m  [38;2;0;0;0m      [38;2;17;19;21m  [38;2;94;110;121m██[38;2;82;90;93m██[38;2;72;74;70m██[38;2;85;92;97m██[38;2;99;115;127m██[38;2;83;90;97m██[38;2;79;85;90m██[38;2;73;76;80m██[38;2;99;115;128m████[38;2;95;109;121m██[38;2;76;73;67m██[38;2;79;89;104m██[38;2;77;86;94m██[38;2;61;60;61m██[38;2;63;67;72m██[38;2;0;0;0m    
[38;2;0;0;0m  [38;2;60;69;83m██[38;2;0;0;0m        [38;2;2;1;0m  [38;2;87;100;107m  [38;2;96;112;124m██[38;2;98;115;131m██[38;2;80;86;93m██[38;2;73;73;69m██[38;2;85;95;104m██[38;2;67;66;68m██[38;2;98;114;125m██[38;2;68;68;70m██[38;2;97;113;126m██[38;2;82;80;70m██[38;2;91;100;104m██[38;2;98;113;127m██[38;2;78;83;87m██[38;2;79;79;69m██[38;2;78;85;93m██[38;2;2;2;2m    [38;2;0;0;0m    
[38;2;10;11;13m██[38;2;8;9;11m  [38;2;0;0;0m        [38;2;25;25;24m██[38;2;81;88;92m██[38;2;78;84;91m██[38;2;72;77;86m██[38;2;60;65;72m██[38;2;68;67;65m██[38;2;80;88;95m██[38;2;65;65;65m██[38;2;78;80;81m██[38;2;74;72;68m██[38;2;81;83;80m██[38;2;91;98;99m██[38;2;93;103;110m██[38;2;83;82;74m██[38;2;78;83;88m██[38;2;77;89;105m██[38;2;25;29;35m██[38;2;0;0;0m        
[38;2;0;0;0m            [38;2;29;27;24m  [38;2;67;66;67m██[38;2;78;89;104m██[38;2;75;85;102m██[38;2;0;0;0m    [38;2;63;62;63m██[38;2;66;65;66m██[38;2;82;89;95m██[38;2;81;77;67m██[38;2;72;70;66m██[38;2;69;70;72m██[38;2;88;91;91m██[38;2;69;71;73m██[38;2;76;81;86m██[38;2;63;72;87m  [38;2;0;0;0m          
[38;2;0;0;0m              [38;2;29;33;40m  [38;2;74;81;91m██[38;2;47;54;64m██[38;2;0;0;0m      [38;2;31;30;28m██[38;2;40;41;42m██[38;2;58;61;67m██[38;2;85;93;101m██[38;2;97;113;125m██[38;2;73;76;80m██[38;2;73;83;95m██[38;2;10;10;10m  [38;2;0;0;0m            
[38;2;0;0;0m            [38;2;4;4;5m  [38;2;89;103;114m██[38;2;75;72;67m██[38;2;77;87;100m██[38;2;40;45;52m██[38;2;0;0;0m        [38;2;13;15;16m██[38;2;80;76;67m██[38;2;81;77;67m████[38;2;0;0;0m                
[38;2;0;0;0m            [38;2;12;14;16m  [38;2;34;39;43m██[38;2;25;24;23m██[38;2;19;21;24m██[38;2;0;0;0m        [38;2;33;38;43m  [38;2;77;81;86m██[38;2;77;83;88m██[38;2;72;71;69m██[38;2;78;81;79m██[38;2;44;47;45m  [38;2;0;0;0m              
[38;2;0;0;0m                            [38;2;41;48;53m  [38;2;54;54;56m██[38;2;99;115;127m██[38;2;56;57;58m██[38;2;99;114;125m██[38;2;47;46;40m  [38;2;0;0;0m              
[38;2;0;0;0m                              [38;2;0;1;1m  [38;2;26;30;34m██[38;2;1;2;2m  [38;2;26;30;34m██[38;2;0;0;0m                [0m
