
[38;2;0;0;0m                    [38;2;65;65;63m██[38;2;0;0;0m                    
[38;2;0;0;0m              [38;2;182;58;58m  [38;2;107;34;34m  [38;2;192;192;186m  [38;2;255;255;246m██[38;2;192;192;186m  [38;2;0;0;0m                  
[38;2;0;0;0m            [38;2;221;214;206m██[38;2;177;106;101m██[38;2;164;134;130m██[38;2;198;198;193m██[38;2;144;132;112m██[38;2;241;225;176m██[38;2;0;0;0m                  
[38;2;0;0;0m            [38;2;255;245;220m██[38;2;234;208;168m██[38;2;255;255;246m██[38;2;128;107;102m██[38;2;253;250;233m██[38;2;243;227;178m██[38;2;50;41;38m  [38;2;0;0;0m                
[38;2;0;0;0m            [38;2;120;114;108m██[38;2;219;204;198m██[38;2;201;181;169m██[38;2;250;245;223m██[38;2;227;217;193m██[38;2;214;195;154m██[38;2;219;211;202m██[38;2;75;75;72m  [38;2;0;0;0m              
[38;2;0;0;0m          [38;2;181;169;132m  [38;2;216;207;199m██[38;2;232;217;216m██[38;2;171;139;133m██[38;2;157;134;119m██[38;2;194;182;169m██[38;2;236;232;215m██[38;2;241;238;225m██[38;2;236;236;229m██[38;2;0;0;0m              
[38;2;0;0;0m          [38;2;185;167;137m██[38;2;192;178;144m██[38;2;242;128;116m██[38;2;251;219;207m██[38;2;255;197;190m██[38;2;183;142;131m██[38;2;238;236;220m██[38;2;201;187;171m██[38;2;247;230;181m██[38;2;99;93;73m██[38;2;0;0;0m            
[38;2;0;0;0m          [38;2;203;189;149m██[38;2;145;121;110m██[38;2;100;85;83m██[38;2;247;234;189m██[38;2;248;212;168m██[38;2;117;98;93m██[38;2;242;227;182m██[38;2;189;169;141m██[38;2;247;231;181m██[38;2;99;93;73m██[38;2;0;0;0m            
[38;2;0;0;0m          [38;2;35;60;85m  [38;2;94;120;137m██[38;2;166;164;145m██[38;2;141;132;127m██[38;2;111;96;91m██[38;2;170;162;143m██[38;2;92;87;81m██[38;2;143;129;112m██[38;2;142;133;104m  [38;2;0;0;0m              
[38;2;0;0;0m          [38;2;94;160;224m██[38;2;90;129;161m██[38;2;121;134;155m██[38;2;103;135;164m██[38;2;146;199;234m██[38;2;131;144;144m██[38;2;234;219;172m██[38;2;107;100;80m██[38;2;0;0;0m                
[38;2;0;0;0m          [38;2;81;111;132m  [38;2;87;125;163m██[38;2;67;115;175m██[38;2;74;112;158m██[38;2;98;168;253m██[38;2;86;123;160m██[38;2;255;255;247m██[38;2;213;215;210m██[38;2;0;0;0m                
[38;2;0;0;0m            [38;2;118;175;214m██[38;2;71;75;79m██[38;2;146;192;231m██[38;2;69;75;84m██[38;2;151;146;126m██[38;2;250;239;213m██[38;2;110;97;93m██[38;2;211;198;155m  [38;2;0;0;0m              
[38;2;0;0;0m        [38;2;0;0;1m  [38;2;62;92;146m██[38;2;124;146;174m██[38;2;208;214;194m██[38;2;92;121;151m██[38;2;85;161;255m██[38;2;105;101;91m██[38;2;101;88;85m██[38;2;204;178;156m██[38;2;107;95;88m██[38;2;43;41;32m  [38;2;0;0;0m            
[38;2;0;0;0m        [38;2;0;1;2m  [38;2;197;118;120m██[38;2;111;99;106m██[38;2;133;126;111m██[38;2;106;132;151m██[38;2;68;151;255m██[38;2;98;95;86m██[38;2;234;120;146m██[38;2;234;124;146m██[38;2;78;80;74m██[38;2;99;93;73m██[38;2;0;0;0m            
[38;2;0;0;0m        [38;2;91;91;88m██[38;2;247;192;200m██[38;2;246;169;188m██[38;2;241;160;171m██[38;2;191;134;145m██[38;2;158;118;134m██[38;2;235;124;143m██[38;2;243;158;182m██[38;2;247;191;203m██[38;2;245;227;216m██[38;2;106;96;77m██[38;2;0;0;0m            
[38;2;0;0;0m        [38;2;30;24;24m██[38;2;234;211;146m██[38;2;240;235;227m██[38;2;252;250;243m██[38;2;244;161;175m██[38;2;252;208;208m██[38;2;251;237;226m██[38;2;217;210;196m██[38;2;224;235;229m██[38;2;141;114;108m██[38;2;199;185;149m██[38;2;0;0;0m            
[38;2;0;0;0m        [38;2;162;145;112m██[38;2;142;151;146m██[38;2;128;133;165m██[38;2;196;183;175m██[38;2;196;174;168m██[38;2;197;184;176m██[38;2;214;183;159m██[38;2;141;161;179m██[38;2;197;147;98m██[38;2;218;197;155m██[38;2;146;154;165m██[38;2;0;0;0m            
[38;2;0;0;0m      [38;2;212;205;184m██[38;2;207;220;215m██[38;2;64;162;248m██[38;2;41;113;239m██[38;2;131;198;253m██[38;2;140;207;255m██[38;2;141;206;252m██[38;2;160;170;176m██[38;2;140;206;254m██[38;2;203;195;165m██[38;2;134;199;249m██[38;2;181;199;224m██[38;2;122;99;93m██[38;2;0;0;0m          
[38;2;0;0;0m      [38;2;96;93;80m  [38;2;213;218;213m██[38;2;154;181;225m██[38;2;146;189;229m██[38;2;48;118;238m██[38;2;111;179;250m██[38;2;192;191;179m██[38;2;224;191;133m██[38;2;196;217;217m██[38;2;180;206;231m██[38;2;161;187;226m██[38;2;189;178;144m██[38;2;149;137;109m██[38;2;0;0;0m          
[38;2;0;0;0m        [38;2;133;119;120m██[38;2;245;243;227m██[38;2;254;254;245m██[38;2;247;232;185m██[38;2;250;242;212m██[38;2;55;122;239m██[38;2;148;178;221m██[38;2;254;254;246m██[38;2;245;236;206m██[38;2;234;217;173m██[38;2;97;89;93m██[38;2;212;198;155m██[38;2;4;3;2m  [38;2;0;0;0m        
[38;2;0;0;0m      [38;2;0;1;7m  [38;2;190;155;179m██[38;2;195;153;177m██[38;2;188;169;151m██[38;2;187;166;141m██[38;2;217;205;187m██[38;2;250;241;210m██[38;2;186;169;149m██[38;2;190;176;168m██[38;2;204;161;171m██[38;2;208;164;175m██[38;2;213;169;203m██[38;2;93;89;77m██[38;2;88;82;64m██[38;2;0;0;0m        
[38;2;0;0;0m    [38;2;5;5;5m  [38;2;214;176;212m██[38;2;176;145;179m██[38;2;81;102;86m██[38;2;134;183;103m██[38;2;177;152;191m██[38;2;163;135;159m██[38;2;148;121;115m██[38;2;255;199;222m██[38;2;249;195;220m████[38;2;186;151;198m██[38;2;227;179;212m██[38;2;99;96;90m██[38;2;85;79;62m██[38;2;0;0;0m        
[38;2;0;0;0m    [38;2;78;75;66m██[38;2;236;220;216m██[38;2;211;191;208m██[38;2;119;136;110m██[38;2;97;131;79m██[38;2;173;144;188m██[38;2;181;147;197m██[38;2;210;168;206m██[38;2;211;168;207m██[38;2;224;178;211m████[38;2;255;198;222m██[38;2;255;218;230m██[38;2;228;221;204m██[38;2;121;104;95m██[38;2;0;0;0m        
[38;2;0;0;0m      [38;2;202;199;193m██[38;2;254;252;244m██[38;2;250;231;215m██[38;2;255;234;237m██[38;2;191;156;203m██[38;2;218;175;211m██[38;2;255;198;222m██[38;2;255;201;223m██[38;2;255;198;222m██[38;2;255;231;236m██[38;2;254;207;225m██[38;2;254;253;244m██[38;2;241;229;202m██[38;2;148;138;117m██[38;2;0;0;0m        
[38;2;0;0;0m      [38;2;176;167;157m██[38;2;212;190;161m██[38;2;249;236;203m██[38;2;245;243;230m██[38;2;244;238;238m██[38;2;255;243;240m██[38;2;231;205;205m██[38;2;255;244;242m██[38;2;254;233;232m██[38;2;244;242;228m██[38;2;227;221;209m██[38;2;182;163;149m██[38;2;193;185;148m██[38;2;186;171;137m██[38;2;0;0;0m        
[38;2;0;0;0m    [38;2;48;40;36m██[38;2;201;180;150m██[38;2;218;207;188m██[38;2;155;134;126m██[38;2;181;162;142m██[38;2;230;213;171m██[38;2;201;190;181m██[38;2;155;135;126m██[38;2;235;225;199m██[38;2;208;196;175m██[38;2;158;137;120m██[38;2;162;143;133m██[38;2;254;250;231m██[38;2;249;235;171m██[38;2;125;119;90m██[38;2;205;192;150m██[38;2;0;0;0m      
[38;2;0;0;0m    [38;2;139;127;86m██[38;2;252;238;194m██[38;2;249;219;142m██[38;2;255;244;177m██[38;2;221;210;188m██[38;2;215;205;197m██[38;2;233;227;220m██[38;2;255;255;247m██[38;2;214;205;198m██[38;2;195;180;136m██[38;2;241;224;171m██[38;2;249;222;163m██[38;2;251;225;133m██[38;2;255;179;95m██[38;2;162;150;108m██[38;2;232;217;170m██[38;2;49;46;36m  [38;2;0;0;0m    
[38;2;11;10;9m  [38;2;209;202;182m██[38;2;178;151;123m██[38;2;245;237;205m██[38;2;250;208;131m██[38;2;255;173;90m██[38;2;251;225;133m██[38;2;246;206;122m██[38;2;248;214;143m██[38;2;247;206;123m██[38;2;255;219;125m██[38;2;255;173;90m██[38;2;250;221;126m██[38;2;254;254;246m██[38;2;249;224;169m██[38;2;252;230;135m██[38;2;234;203;138m██[38;2;111;97;92m██[38;2;219;201;161m██[38;2;41;38;30m██[38;2;10;10;7m  
[38;2;66;64;58m██[38;2;255;246;222m██[38;2;220;207;185m██[38;2;229;192;118m██[38;2;247;214;125m██[38;2;249;206;120m██[38;2;248;212;126m██[38;2;217;193;149m██[38;2;252;247;220m██[38;2;247;207;124m██[38;2;252;217;126m██[38;2;231;186;111m██[38;2;250;214;127m██[38;2;249;221;161m██[38;2;247;210;130m██[38;2;174;145;112m██[38;2;200;187;168m██[38;2;251;241;211m██[38;2;247;231;181m██[38;2;78;73;57m██[38;2;20;19;15m  
[38;2;0;0;0m  [38;2;160;155;140m  [38;2;220;220;213m██[38;2;178;161;152m██[38;2;162;142;134m██[38;2;218;191;127m██[38;2;225;187;119m██[38;2;173;147;127m██[38;2;194;164;124m██[38;2;225;188;119m██[38;2;247;206;123m██[38;2;230;209;127m██[38;2;165;140;131m██[38;2;225;188;119m██[38;2;188;161;128m██[38;2;225;219;201m██[38;2;253;250;233m██[38;2;238;223;175m██[38;2;61;57;44m  [38;2;0;0;0m    
[38;2;0;0;0m    [38;2;22;22;22m  [38;2;219;210;178m██[38;2;255;255;247m██[38;2;225;218;211m██[38;2;221;214;206m██[38;2;252;252;244m██[38;2;240;236;228m██[38;2;221;214;206m██[38;2;170;141;110m██[38;2;222;215;207m██[38;2;255;255;247m██[38;2;221;214;206m██[38;2;241;238;230m██[38;2;226;218;188m██[38;2;71;67;54m██[38;2;59;55;43m  [38;2;0;0;0m      
[38;2;0;0;0m        [38;2;68;63;49m  [38;2;190;178;139m████[38;2;196;195;187m██[38;2;222;220;209m██[38;2;253;249;232m████[38;2;253;249;230m██[38;2;216;202;158m██[38;2;190;178;139m████[38;2;0;0;0m            
[38;2;0;0;0m                [38;2;28;26;21m  [38;2;63;59;46m██████[38;2;28;26;21m  [38;2;0;0;0m                [0m
