
[38;2;0;0;0m    [38;2;2;9;13m    [38;2;0;0;0m                                        
[38;2;0;0;0m    [38;2;10;37;53m██[38;2;34;124;177m██[38;2;0;0;0m                                        
[38;2;0;0;0m    [38;2;7;12;15m  [38;2;40;105;143m██[38;2;102;123;126m██[38;2;15;18;19m  [38;2;0;0;0m                            [38;2;3;11;15m  [38;2;12;44;63m██[38;2;40;149;213m██[38;2;10;37;53m██
[38;2;0;0;0m    [38;2;15;20;22m██[38;2;135;146;148m██[38;2;164;143;140m██[38;2;181;179;179m██[38;2;0;0;0m                    [38;2;92;91;92m██  [38;2;44;41;39m  [38;2;35;95;130m  [38;2;39;130;182m██[38;2;42;149;212m██[38;2;32;118;169m██[38;2;1;6;9m  
[38;2;0;0;0m      [38;2;41;69;85m██[38;2;74;81;94m██[38;2;89;86;86m██[38;2;118;114;107m██[38;2;177;141;69m██[38;2;0;0;0m          [38;2;2;1;0m  [38;2;70;62;38m██[38;2;188;160;158m██[38;2;127;101;100m██[38;2;115;94;89m██[38;2;128;138;147m██[38;2;45;136;188m██[38;2;38;125;176m██[38;2;7;24;35m  [38;2;0;0;0m    
[38;2;0;0;0m      [38;2;4;15;22m  [38;2;103;111;104m██[38;2;191;149;74m██[38;2;197;158;80m██[38;2;213;168;84m██[38;2;0;0;0m          [38;2;6;3;0m  [38;2;153;135;86m██[38;2;182;100;95m██[38;2;214;98;92m██[38;2;119;83;84m██[38;2;32;135;189m██[38;2;42;121;175m██[38;2;45;142;198m██[38;2;10;32;46m  [38;2;0;0;0m    
[38;2;0;0;0m        [38;2;18;58;57m██[38;2;33;99;96m██[38;2;75;97;81m██[38;2;39;34;23m██[38;2;0;0;0m          [38;2;118;97;64m  [38;2;245;203;129m██[38;2;143;124;79m██[38;2;131;116;85m██[38;2;191;160;106m██[38;2;119;118;103m██[38;2;43;140;198m██[38;2;46;151;211m██[38;2;42;149;212m██[38;2;25;92;132m██[38;2;6;23;33m  
[38;2;0;0;0m    [38;2;8;43;42m  [38;2;33;174;170m██[38;2;22;169;165m██[38;2;0;150;146m██[38;2;3;146;140m██[38;2;1;137;131m██[38;2;0;0;0m            [38;2;82;68;44m██[38;2;247;206;133m██[38;2;253;209;129m██[38;2;219;159;74m██[38;2;87;123;136m██[38;2;42;117;170m██[38;2;26;83;120m██[38;2;4;14;23m██[38;2;0;0;0m    
[38;2;0;0;0m  [38;2;0;38;36m  [38;2;24;190;184m██[38;2;22;178;172m██[38;2;50;157;154m██[38;2;135;151;152m██[38;2;116;140;140m██[38;2;7;110;105m██[38;2;0;125;119m██[38;2;0;16;20m  [38;2;50;60;38m  [38;2;56;49;27m  [38;2;0;0;0m  [38;2;5;2;0m  [38;2;143;123;75m██[38;2;252;210;137m██[38;2;124;122;106m██[38;2;64;113;140m██[38;2;36;125;183m██[38;2;46;151;211m██[38;2;48;152;213m██[38;2;42;150;213m██[38;2;12;46;67m  [38;2;0;0;0m  
[38;2;0;0;0m  [38;2;9;117;113m██[38;2;4;134;128m██[38;2;3;132;126m██[38;2;192;209;208m██[38;2;202;216;216m██[38;2;209;213;212m██[38;2;175;94;88m██[38;2;156;118;111m██[38;2;73;124;95m██[38;2;85;92;66m██[38;2;229;202;116m██[38;2;150;119;57m  [38;2;124;108;61m  [38;2;197;170;101m██[38;2;252;210;136m██[38;2;168;127;68m██[38;2;54;139;187m██[38;2;44;140;198m██[38;2;41;107;159m██[38;2;25;81;116m██[38;2;2;9;14m██[38;2;1;6;9m  [38;2;0;0;0m  
[38;2;0;34;33m██[38;2;0;155;150m██[38;2;0;149;145m██[38;2;76;115;111m██[38;2;185;154;151m██[38;2;147;142;142m██[38;2;155;127;126m██[38;2;158;93;89m██[38;2;224;113;104m██[38;2;132;96;90m██[38;2;118;119;97m██[38;2;252;210;137m██[38;2;192;154;82m██[38;2;203;162;79m██[38;2;161;133;76m██[38;2;102;90;69m██[38;2;48;88;120m██[38;2;49;91;126m██[38;2;38;126;184m██[38;2;45;145;204m██[38;2;14;51;73m  [38;2;0;0;0m      
[38;2;0;29;27m██[38;2;17;87;82m██[38;2;79;114;110m██[38;2;107;77;86m██[38;2;67;65;66m██[38;2;154;86;94m██[38;2;100;72;69m██[38;2;205;97;82m██[38;2;191;86;76m██[38;2;99;70;68m██[38;2;252;208;138m██[38;2;254;209;138m██[38;2;162;126;60m██[38;2;100;90;71m██[38;2;45;94;134m████[38;2;38;105;158m██[38;2;38;104;157m██[38;2;64;64;66m██[38;2;16;18;19m██[38;2;0;2;3m██[38;2;0;0;0m      
[38;2;0;0;0m  [38;2;3;0;0m  [38;2;11;8;9m  [38;2;98;69;73m██[38;2;166;131;144m██[38;2;125;76;76m██[38;2;69;35;39m  [38;2;76;36;30m  [38;2;128;75;70m██[38;2;150;121;93m██[38;2;240;198;126m██[38;2;201;161;93m██[38;2;194;158;83m██[38;2;149;121;71m██[38;2;48;89;120m██[38;2;48;89;123m██[38;2;51;83;112m██[38;2;23;59;89m██[38;2;14;39;59m██[38;2;0;0;0m          
[38;2;0;0;0m              [38;2;159;127;61m██[38;2;253;208;137m██[38;2;250;208;136m██[38;2;226;186;114m██[38;2;188;150;79m██[38;2;195;155;73m██[38;2;142;116;65m██[38;2;175;139;77m██[38;2;67;66;65m██[38;2;39;78;114m  [38;2;3;0;0m  [38;2;0;0;0m            
[38;2;0;0;0m              [38;2;73;58;28m  [38;2;190;152;76m██[38;2;132;112;72m██[38;2;219;182;102m██[38;2;153;127;75m██[38;2;217;175;108m██[38;2;255;210;139m██[38;2;197;157;90m██[38;2;204;159;77m██[38;2;86;68;33m      [38;2;0;0;0m          
[38;2;0;0;0m            [38;2;5;2;2m  [38;2;67;48;47m██[38;2;64;64;65m██[38;2;18;86;84m██[38;2;73;80;77m██[38;2;178;99;94m██[38;2;115;94;82m██[38;2;106;97;84m██[38;2;106;103;82m██[38;2;164;139;86m██[38;2;212;166;81m██[38;2;212;168;81m██[38;2;9;7;3m  [38;2;0;0;0m          
[38;2;0;0;0m            [38;2;32;27;27m██[38;2;161;146;145m██[38;2;116;78;74m██[38;2;67;71;69m██[38;2;185;122;117m██[38;2;124;104;102m██[38;2;193;163;149m██[38;2;22;132;128m██[38;2;66;109;94m██[38;2;192;156;83m██[38;2;206;163;78m██[38;2;177;139;64m██[38;2;67;53;25m  [38;2;0;0;0m          
[38;2;0;0;0m              [38;2;127;128;127m  [38;2;42;25;23m  [38;2;96;67;68m██[38;2;149;120;116m  [38;2;73;56;55m  [38;2;159;103;99m██[38;2;87;73;73m██[38;2;15;135;132m██[38;2;64;67;71m██[38;2;50;45;29m██[38;2;47;38;18m  [38;2;0;0;0m            
[38;2;0;0;0m                  [38;2;11;29;44m  [38;2;0;0;0m    [38;2;86;44;41m██[38;2;57;89;89m██[38;2;20;114;116m██[38;2;40;49;60m██[38;2;39;123;174m██[38;2;7;23;33m  [38;2;0;0;0m            
[38;2;0;0;0m                      [38;2;19;8;7m  [38;2;191;85;76m██[38;2;119;67;63m██[38;2;61;58;69m██[38;2;32;103;152m██[38;2;4;15;22m██[38;2;0;0;0m              
[38;2;0;0;0m                [38;2;6;17;25m  [38;2;25;69;104m██[38;2;13;9;8m  [38;2;145;79;73m██[38;2;64;29;25m██[38;2;59;32;30m██[38;2;0;3;4m  [38;2;12;39;57m  [38;2;10;37;54m  [38;2;0;0;0m              
[38;2;0;0;0m                [38;2;1;6;9m  [38;2;30;90;136m██[38;2;49;96;138m██[38;2;24;38;49m██[38;2;0;0;0m                        
[38;2;0;0;0m              [38;2;21;78;111m  [38;2;24;89;127m██[38;2;46;75;98m██[38;2;47;121;172m██[38;2;41;115;166m██[38;2;0;0;0m                        
[38;2;0;0;0m                    [38;2;43;124;172m██[38;2;12;12;12m  [38;2;0;0;0m                        
[38;2;0;0;0m                    [38;2;7;29;41m  [38;2;0;0;0m                          [0m
