
[38;2;0;0;0m                          [38;2;32;28;48m████[38;2;0;0;0m                
[38;2;0;0;0m                    [38;2;0;1;0m  [38;2;0;3;0m  [38;2;120;107;164m██[38;2;123;105;179m██[38;2;67;57;98m██[38;2;0;0;0m                
[38;2;0;0;0m                    [38;2;76;72;102m██[38;2;90;83;126m██[38;2;131;114;187m██[38;2;105;95;145m  [38;2;90;91;115m██[38;2;38;32;55m  [38;2;0;0;0m              
[38;2;0;0;0m                    [38;2;111;107;142m██[38;2;147;133;205m██[38;2;97;92;132m██[38;2;138;125;195m██[38;2;124;109;177m██[38;2;14;11;20m  [38;2;0;0;0m              
[38;2;0;0;0m                  [38;2;61;61;71m██[38;2;108;96;150m██[38;2;100;93;137m██[38;2;121;112;166m██[38;2;121;103;177m██[38;2;51;46;66m██[38;2;3;3;3m  [38;2;15;16;16m██[38;2;0;0;0m            
[38;2;0;0;0m                  [38;2;108;190;213m██[38;2;58;55;56m██[38;2;117;103;159m██[38;2;88;83;113m██[38;2;54;53;57m██[38;2;95;100;98m██[38;2;93;97;96m██[38;2;38;40;39m██[38;2;0;0;0m            
[38;2;0;0;0m                  [38;2;40;53;56m  [38;2;115;99;157m██[38;2;84;75;112m██[38;2;79;100;113m██[38;2;105;150;164m██[38;2;97;102;100m██[38;2;46;48;47m  [38;2;0;0;0m              
[38;2;0;0;0m          [38;2;2;2;3m  [38;2;189;157;197m██[38;2;16;13;17m██[38;2;0;0;0m    [38;2;96;91;129m██[38;2;67;77;75m██[38;2;73;85;87m██[38;2;97;102;100m██[38;2;71;74;72m██[38;2;0;0;0m                
[38;2;0;0;0m          [38;2;164;136;171m██[38;2;189;157;197m██[38;2;16;13;17m██[38;2;0;0;0m    [38;2;59;60;71m██[38;2;70;69;83m██[38;2;104;99;107m██[38;2;126;108;130m██[38;2;161;135;168m██[38;2;0;0;0m                
[38;2;0;0;0m        [38;2;65;54;68m██[38;2;189;157;197m████[38;2;31;26;33m██[38;2;7;6;7m  [38;2;181;150;189m██[38;2;189;157;197m██[38;2;68;79;76m██[38;2;125;115;134m██[38;2;189;157;197m██[38;2;186;154;194m██[38;2;172;143;179m██[38;2;0;0;0m              
[38;2;0;0;0m        [38;2;142;118;148m██[38;2;189;157;197m██████[38;2;99;85;102m██[38;2;189;157;197m████[38;2;143;127;151m██[38;2;85;90;91m██[38;2;101;88;104m██[38;2;139;117;144m██[38;2;182;151;190m██[38;2;46;38;48m  [38;2;0;0;0m            
[38;2;0;0;0m      [38;2;25;20;26m  [38;2;189;157;197m████[38;2;189;157;196m██[38;2;189;157;197m██[38;2;137;117;142m██[38;2;162;136;168m██[38;2;166;139;173m██[38;2;71;65;72m████[38;2;189;157;196m██████[38;2;110;92;115m██[38;2;13;12;20m██[38;2;4;4;7m  [38;2;0;0;0m        
[38;2;0;0;0m      [38;2;156;129;162m██[38;2;189;157;197m██[38;2;189;157;196m██[38;2;177;155;182m██[38;2;191;160;199m██[38;2;189;157;197m██[38;2;148;125;154m██[38;2;146;123;152m██[38;2;189;157;197m████[38;2;189;157;196m████[38;2;188;157;197m██[38;2;103;90;106m██[38;2;87;75;128m██[38;2;69;59;102m██[38;2;49;42;73m  [38;2;0;0;0m      
[38;2;0;0;0m    [38;2;13;11;13m  [38;2;163;136;170m██[38;2;160;133;160m██[38;2;240;229;240m██[38;2;141;140;141m██[38;2;128;121;134m██[38;2;194;165;201m██[38;2;189;157;197m████████[38;2;189;156;197m██[38;2;189;157;197m██[38;2;123;111;129m██[38;2;103;85;107m██[38;2;8;7;12m  [38;2;79;68;117m██[38;2;88;76;130m██[38;2;89;77;131m██[38;2;22;19;32m  [38;2;0;0;0m  
[38;2;0;0;0m    [38;2;57;47;59m██[38;2;189;157;196m██[38;2;145;142;145m██[38;2;131;133;131m██[38;2;228;228;228m██[38;2;89;92;91m██[38;2;205;196;207m██[38;2;187;160;190m██[38;2;189;159;194m██[38;2;189;157;196m████[38;2;189;161;192m██[38;2;213;194;216m██[38;2;80;82;81m██[38;2;58;48;60m██[38;2;0;0;0m  [38;2;13;11;19m  [38;2;111;95;163m██[38;2;108;93;159m██[38;2;71;62;108m██[38;2;0;0;0m  
[38;2;0;0;0m    [38;2;97;80;101m██[38;2;158;137;166m██[38;2;172;175;172m██[38;2;78;81;78m██[38;2;233;234;233m██[38;2;135;139;135m██[38;2;176;173;178m██[38;2;235;222;236m██[38;2;159;136;164m██[38;2;202;176;208m██[38;2;207;191;211m██[38;2;124;104;128m██[38;2;214;206;215m██[38;2;92;88;94m  [38;2;37;30;38m  [38;2;0;0;0m    [38;2;108;93;160m██[38;2;115;98;168m██[38;2;92;80;139m██[38;2;32;28;48m██
[38;2;0;0;0m    [38;2;188;157;197m██[38;2;89;92;97m██[38;2;180;180;180m██[38;2;5;5;5m  [38;2;53;56;53m██[38;2;239;239;239m██[38;2;156;159;156m██[38;2;253;253;253m██[38;2;158;161;159m██[38;2;251;249;251m██[38;2;173;167;176m██[38;2;81;87;81m██[38;2;151;154;152m██[38;2;122;101;126m██[38;2;0;0;0m    [38;2;44;39;68m  [38;2;117;103;179m██[38;2;101;87;149m██[38;2;118;101;173m██[38;2;32;27;46m██
[38;2;0;0;0m  [38;2;147;122;154m██[38;2;147;125;153m██[38;2;140;140;140m██[38;2;0;0;0m    [38;2;11;13;11m  [38;2;101;106;106m██[38;2;187;189;187m██[38;2;143;147;143m██[38;2;222;223;222m██[38;2;141;145;141m██[38;2;219;220;219m██[38;2;94;90;98m██[38;2;117;102;121m██[38;2;98;84;103m██[38;2;43;39;62m██[38;2;109;93;160m██[38;2;103;88;152m██[38;2;91;78;134m██[38;2;69;58;101m██[38;2;60;51;88m  [38;2;0;0;0m  
[38;2;44;37;46m  [38;2;185;153;193m██[38;2;11;9;12m  [38;2;0;0;0m    [38;2;68;58;100m  [38;2;49;43;72m██[38;2;164;167;165m██[38;2;114;119;117m██[38;2;91;98;95m██[38;2;79;87;84m██[38;2;87;94;91m██[38;2;133;123;141m██[38;2;79;82;82m██[38;2;132;112;139m██[38;2;47;43;53m██[38;2;86;74;126m██[38;2;7;6;11m██[38;2;9;8;14m██[38;2;9;7;13m  [38;2;0;0;0m      
[38;2;0;0;0m        [38;2;65;56;96m██[38;2;52;45;77m██[38;2;0;0;0m    [38;2;65;68;67m██[38;2;115;122;118m██[38;2;158;160;158m██[38;2;68;73;71m██[38;2;189;157;197m██[38;2;74;79;77m██[38;2;98;84;103m██[38;2;0;2;0m  [38;2;0;0;0m              
[38;2;0;0;0m        [38;2;122;104;179m██[38;2;15;13;23m██[38;2;0;0;0m      [38;2;2;3;2m  [38;2;6;6;6m██[38;2;177;179;177m██[38;2;132;120;140m██[38;2;182;148;189m██[38;2;32;34;33m██[38;2;0;0;0m                
[38;2;0;0;0m        [38;2;105;90;154m██[38;2;120;102;176m██[38;2;38;33;56m  [38;2;0;0;0m        ██[38;2;98;98;106m██[38;2;123;113;131m  [38;2;63;63;68m██[38;2;89;79;93m  [38;2;0;0;0m              
[38;2;0;0;0m        [38;2;42;36;62m██[38;2;93;80;137m██[38;2;127;107;183m██[38;2;18;15;26m██[38;2;4;4;6m  [38;2;0;0;0m      [38;2;25;25;25m██[38;2;93;98;97m██[38;2;0;0;0m                  
[38;2;0;0;0m        [38;2;17;14;25m  [38;2;121;105;174m██[38;2;120;104;170m  [38;2;107;92;159m██[38;2;94;82;136m██[38;2;3;2;4m  [38;2;0;0;0m    [38;2;68;58;71m██[38;2;73;72;76m██[38;2;29;26;30m  [38;2;0;0;0m                
[38;2;0;0;0m            [38;2;43;37;61m  [38;2;110;96;157m██[38;2;100;86;147m██[38;2;117;100;171m██[38;2;69;59;101m██[38;2;10;9;16m██[38;2;0;0;0m  [38;2;6;5;6m  [38;2;65;59;68m  [38;2;0;0;0m                
[38;2;0;0;0m                [38;2;18;15;26m  [38;2;29;25;43m██[38;2;62;53;92m██[38;2;87;75;128m██[38;2;27;23;40m  [38;2;0;0;0m                    
[38;2;0;0;0m                        [38;2;77;67;115m██[38;2;0;0;0m                    
[38;2;0;0;0m                        [38;2;12;10;17m  [38;2;0;0;0m                    [0m
