
[38;2;0;0;0m      [38;2;37;41;51m  [38;2;0;0;0m                                  
[38;2;0;0;0m      [38;2;149;164;204m██[38;2;0;0;0m        [38;2;61;67;83m  [38;2;134;148;184m██[38;2;0;0;0m                      
[38;2;0;0;0m    [38;2;17;18;15m  [38;2;201;204;179m██[38;2;163;163;121m██[38;2;0;0;0m  [38;2;18;20;24m  [38;2;170;187;232m██[38;2;188;204;239m██[38;2;183;196;248m██[38;2;91;97;124m██[38;2;0;0;0m                    
[38;2;0;0;0m    [38;2;59;64;72m██[38;2;239;242;200m██[38;2;232;232;172m██[38;2;22;22;16m  [38;2;198;201;173m██[38;2;184;201;242m██[38;2;219;227;216m██[38;2;236;235;216m██[38;2;111;133;181m██[38;2;0;5;11m  [38;2;0;0;0m                  
[38;2;0;0;0m    [38;2;75;76;60m██[38;2;197;211;230m██[38;2;168;168;125m██[38;2;209;211;177m██[38;2;243;245;195m██[38;2;254;254;188m██[38;2;240;244;194m██[38;2;152;179;216m██[38;2;191;208;230m██[38;2;198;214;238m██[38;2;179;198;246m██[38;2;41;45;57m  [38;2;0;0;0m              
[38;2;0;0;0m    [38;2;16;17;16m  [38;2;97;101;97m██[38;2;137;136;108m██[38;2;247;247;182m██[38;2;254;254;185m████[38;2;203;218;208m██[38;2;253;253;186m██[38;2;245;247;194m██[38;2;199;212;231m██[38;2;205;217;226m██[38;2;167;183;228m██[38;2;0;0;0m              
[38;2;0;0;0m    [38;2;44;66;80m██[38;2;77;125;163m██[38;2;151;181;225m██[38;2;164;178;191m██[38;2;91;101;108m██[38;2;196;195;172m██[38;2;254;254;186m████[38;2;254;254;187m██[38;2;235;240;203m██[38;2;188;204;239m██[38;2;125;137;171m  [38;2;0;0;0m              
[38;2;0;0;0m  [38;2;130;150;150m  [38;2;156;178;189m██[38;2;204;213;221m██[38;2;255;255;255m██[38;2;253;255;255m██[38;2;195;201;207m██[38;2;76;98;138m██[38;2;170;169;130m██[38;2;254;254;188m████[38;2;133;167;227m██[38;2;92;109;130m██[38;2;0;0;0m                
[38;2;16;16;16m  [38;2;158;179;188m██[38;2;144;164;186m██[38;2;212;211;212m██[38;2;75;96;129m██[38;2;59;70;80m██[38;2;79;78;79m██[38;2;79;108;160m██[38;2;123;127;112m██[38;2;253;253;187m██[38;2;151;181;213m██[38;2;231;236;199m██[38;2;20;22;27m  [38;2;0;0;0m        [38;2;28;39;55m██[38;2;8;12;17m  [38;2;0;0;0m    
[38;2;66;66;66m██[38;2;255;255;255m██[38;2;207;206;207m██[38;2;57;56;57m██[38;2;115;145;165m██[38;2;81;124;147m██[38;2;181;190;208m██[38;2;81;111;166m██[38;2;67;83;114m██[38;2;249;249;182m██[38;2;226;233;208m██[38;2;234;239;204m██[38;2;155;170;212m██[38;2;0;0;0m    [38;2;10;14;19m  [38;2;86;117;166m██[38;2;28;39;55m██[38;2;68;93;132m██[38;2;67;92;130m  [38;2;0;0;0m  
[38;2;50;50;50m  [38;2;190;203;213m██[38;2;85;116;160m██[38;2;73;88;113m██[38;2;167;193;222m██[38;2;196;209;226m██[38;2;116;136;171m██[38;2;88;115;168m██[38;2;67;83;114m██[38;2;249;249;182m██[38;2;245;247;194m██[38;2;198;211;232m██[38;2;155;170;212m██[38;2;0;0;0m    [38;2;35;48;68m██[38;2;30;42;59m  [38;2;0;0;0m    [38;2;52;72;105m██[38;2;5;7;10m  
[38;2;0;0;0m  [38;2;9;14;22m  [38;2;60;76;100m██[38;2;115;157;222m██[38;2;93;125;178m██[38;2;90;121;158m██[38;2;79;100;122m██[38;2;84;116;168m██[38;2;75;85;96m██[38;2;249;249;185m██[38;2;245;247;195m██[38;2;63;63;47m██[38;2;20;22;27m  [38;2;0;0;0m    [38;2;86;119;172m██[38;2;21;30;45m  [38;2;51;70;105m  [38;2;0;0;0m  [38;2;17;24;35m██[38;2;21;29;43m██
[38;2;0;0;0m          [38;2;32;31;32m  [38;2;119;163;199m██[38;2;83;116;168m██[38;2;135;141;124m██[38;2;242;244;199m██[38;2;67;74;92m  [38;2;0;0;0m        [38;2;7;10;15m  [38;2;61;84;126m██[38;2;51;70;105m  [38;2;0;0;0m  [38;2;34;50;69m██[38;2;21;29;43m██
[38;2;0;0;0m            [38;2;137;180;207m██[38;2;114;153;197m██[38;2;142;141;112m██[38;2;206;214;229m██[38;2;76;80;86m  [38;2;0;0;0m                [38;2;98;148;192m██[38;2;5;7;10m  
[38;2;0;0;0m          [38;2;158;192;214m██[38;2;144;184;230m██[38;2;120;169;227m██[38;2;119;130;118m██[38;2;177;192;180m██[38;2;66;77;95m██[38;2;34;39;53m██[38;2;28;39;55m██[38;2;0;0;0m        [38;2;23;35;45m██[38;2;66;93;136m██[38;2;48;66;99m  [38;2;0;0;0m  
[38;2;0;0;0m          [38;2;158;192;214m██[38;2;115;156;220m██[38;2;90;149;189m██[38;2;80;106;144m██[38;2;97;128;178m██[38;2;122;159;211m██[38;2;116;156;217m██[38;2;116;156;219m██[38;2;87;117;164m██[38;2;35;49;66m  [38;2;7;12;14m  [38;2;85;131;167m██[38;2;85;120;172m██[38;2;43;61;88m██[38;2;0;0;0m    
[38;2;0;0;0m        [38;2;64;77;87m██[38;2;179;218;244m██[38;2;160;199;236m██[38;2;132;171;225m██[38;2;115;157;221m██[38;2;114;158;216m██[38;2;111;152;212m██[38;2;116;156;218m██[38;2;96;147;194m██[38;2;107;150;206m██[38;2;110;155;211m██[38;2;88;132;173m██[38;2;80;114;166m██[38;2;51;70;105m  [38;2;0;0;0m      
[38;2;0;0;0m        [38;2;64;77;87m██[38;2;179;218;244m██[38;2;179;218;243m██[38;2;134;175;228m██[38;2;117;157;219m██[38;2;82;135;176m██[38;2;103;160;205m██[38;2;116;155;218m██[38;2;81;130;170m██[38;2;107;149;206m██[38;2;105;154;205m██[38;2;70;112;151m██[38;2;39;61;84m██[38;2;0;0;0m        
[38;2;0;0;0m        [38;2;32;44;50m  [38;2;156;195;221m██[38;2;171;210;237m██[38;2;134;175;228m██[38;2;135;171;225m██[38;2;115;157;222m██[38;2;92;126;180m██[38;2;99;136;194m██[38;2;103;138;187m██[38;2;117;157;219m██[38;2;115;157;220m██[38;2;37;51;73m  [38;2;0;0;0m          
[38;2;0;0;0m          [38;2;27;36;42m  [38;2;128;170;195m██[38;2;137;178;204m██[38;2;118;150;177m██[38;2;116;156;217m██[38;2;115;157;220m██[38;2;55;78;114m██[38;2;91;123;153m██[38;2;119;156;219m██[38;2;101;137;197m██[38;2;0;0;0m            
[38;2;0;0;0m            [38;2;25;34;51m██[38;2;102;138;167m██[38;2;78;98;120m██[38;2;115;154;215m██[38;2;116;157;221m██[38;2;61;85;122m  [38;2;0;0;0m  [38;2;83;113;161m██[38;2;70;96;140m██[38;2;0;0;0m            
[38;2;0;0;0m            [38;2;8;11;16m  [38;2;71;98;142m██[38;2;62;77;106m██[38;2;115;154;214m██[38;2;101;138;195m██[38;2;0;0;0m    [38;2;156;164;182m██[38;2;21;34;55m██[38;2;0;0;0m            
[38;2;0;0;0m              [38;2;137;132;131m  [38;2;75;79;86m██[38;2;123;146;183m██[38;2;71;98;143m██[38;2;0;0;0m                    
[38;2;0;0;0m                [38;2;26;28;29m  [38;2;63;63;63m██[38;2;10;14;20m  [38;2;0;0;0m                    [0m
