
[38;2;0;0;0m                    [38;2;12;24;32m  [38;2;25;49;64m██[38;2;11;22;29m  [38;2;0;0;0m                
[38;2;0;0;0m                    [38;2;87;169;219m██[38;2;97;188;246m██[38;2;86;166;216m██[38;2;0;0;0m                
[38;2;0;0;0m                    [38;2;132;104;137m██[38;2;189;65;89m██[38;2;110;172;224m██[38;2;27;53;69m  [38;2;0;0;0m              
[38;2;0;0;0m        [38;2;28;55;72m  [38;2;80;155;203m██[38;2;48;93;120m  [38;2;0;0;0m      [38;2;95;32;47m██[38;2;190;62;89m██[38;2;125;105;156m██[38;2;91;176;228m██[38;2;0;0;0m              
[38;2;0;0;0m    [38;2;10;20;26m  [38;2;87;168;219m██[38;2;102;189;246m██[38;2;94;149;195m██[38;2;104;163;212m██[38;2;7;13;17m██[38;2;0;0;0m      [38;2;212;79;84m██[38;2;122;98;146m██[38;2;91;176;231m██[38;2;0;0;0m              
[38;2;0;0;0m    [38;2;30;58;76m██[38;2;97;188;246m██[38;2;86;129;169m██[38;2;80;58;76m██[38;2;117;114;148m██[38;2;86;166;216m██[38;2;0;0;0m      [38;2;253;111;74m██[38;2;138;126;174m██[38;2;11;23;37m  [38;2;0;0;0m              
[38;2;0;0;0m            [38;2;215;79;84m██[38;2;104;180;234m██[38;2;0;0;0m      [38;2;228;97;83m██[38;2;113;123;148m██[38;2;0;0;0m                
[38;2;0;0;0m            [38;2;61;38;51m██[38;2;97;182;236m██[38;2;32;66;102m  [38;2;0;0;0m  [38;2;105;60;78m  [38;2;192;68;90m██[38;2;44;85;111m██[38;2;0;0;0m                
[38;2;0;0;0m            [38;2;84;122;161m██[38;2;100;188;245m██[38;2;97;189;246m████[38;2;129;130;165m██[38;2;148;117;155m██[38;2;25;48;62m  [38;2;0;0;0m                
[38;2;0;0;0m          [38;2;214;214;214m  [38;2;97;188;246m████[38;2;97;188;245m██[38;2;98;188;246m██[38;2;97;188;246m██[38;2;97;189;245m██[38;2;42;82;106m  [38;2;0;0;0m                
[38;2;0;0;0m        [38;2;30;58;75m██[38;2;41;80;103m██[38;2;93;175;235m██[38;2;97;185;244m██[38;2;113;163;194m██[38;2;3;3;3m██[38;2;97;188;246m████[38;2;70;134;175m██[38;2;0;0;0m                
[38;2;0;0;0m        [38;2;97;189;246m██[38;2;97;188;246m██[38;2;97;190;246m████[38;2;53;104;138m██[38;2;63;122;168m██[38;2;97;188;246m████[38;2;97;189;246m██[38;2;0;0;0m                
[38;2;0;0;0m    [38;2;15;12;10m  [38;2;85;162;210m██[38;2;150;211;249m██[38;2;97;188;246m██[38;2;82;128;159m████[38;2;97;188;247m██[38;2;97;188;250m██[38;2;97;188;246m██████[38;2;91;175;228m  [38;2;0;0;0m              
[38;2;0;1;2m  [38;2;2;5;8m██[38;2;69;109;160m██[38;2;91;168;216m██[38;2;103;191;246m██[38;2;98;188;245m██[38;2;97;188;246m████[38;2;99;188;245m██[38;2;104;190;246m██[38;2;99;188;245m██[38;2;97;188;246m██[38;2;97;185;241m██[38;2;91;175;229m██[38;2;1;2;3m  [38;2;0;0;0m    [38;2;21;39;49m██[38;2;100;190;246m██[38;2;77;150;195m██[38;2;0;1;2m  
[38;2;17;34;53m██[38;2;65;131;205m██[38;2;65;85;108m██[38;2;187;217;237m██[38;2;238;248;251m██[38;2;111;195;238m██[38;2;97;188;246m████[38;2;149;209;245m██[38;2;253;254;254m██[38;2;153;212;240m██[38;2;97;188;246m██[38;2;90;159;202m██[38;2;77;116;142m██[38;2;24;37;51m██[38;2;0;0;0m    [38;2;109;194;246m██[38;2;119;198;247m██[38;2;76;151;219m██[38;2;17;34;53m██
[38;2;0;0;0m    [38;2;18;37;57m  [38;2;131;194;231m██[38;2;209;234;240m██[38;2;104;191;244m██[38;2;161;216;249m██[38;2;255;255;255m██[38;2;119;198;243m██[38;2;239;248;245m██[38;2;124;198;238m██[38;2;80;148;200m██[38;2;93;182;242m██[38;2;97;188;246m██[38;2;80;158;223m██[38;2;7;14;18m  [38;2;0;0;0m  [38;2;60;123;190m██[38;2;65;131;205m██[38;2;63;130;201m██[38;2;15;31;49m  
[38;2;0;0;0m      [38;2;152;191;206m██[38;2;121;182;216m██[38;2;97;188;245m██[38;2;122;200;247m██[38;2;159;214;249m██[38;2;97;189;244m██[38;2;191;228;248m██[38;2;97;188;245m██[38;2;94;187;247m██[38;2;79;124;155m██[38;2;79;118;143m██[38;2;97;190;245m██[38;2;86;167;216m██[38;2;0;0;0m  [38;2;4;8;13m  [38;2;25;51;80m██[38;2;19;40;63m  [38;2;0;0;0m  
[38;2;0;0;0m      [38;2;0;2;11m  [38;2;196;234;252m██[38;2;118;196;247m██[38;2;255;255;255m██[38;2;128;200;247m██[38;2;97;189;246m██[38;2;117;198;247m██[38;2;108;190;243m██[38;2;112;191;239m██[38;2;189;198;203m██[38;2;152;159;165m  [38;2;0;0;0m              
[38;2;0;0;0m        [38;2;148;148;148m██[38;2;255;255;255m██████[38;2;200;232;251m██[38;2;253;254;254m██[38;2;180;210;226m██[38;2;191;198;202m██[38;2;122;127;130m██[38;2;0;0;0m                
[38;2;0;0;0m        [38;2;9;10;12m  [38;2;39;59;85m██[38;2;221;221;221m██[38;2;242;243;244m██[38;2;219;223;225m██[38;2;190;198;202m██[38;2;178;186;192m██[38;2;152;159;165m  [38;2;0;0;0m            ██    
[38;2;0;0;0m        [38;2;76;146;195m  [38;2;70;133;188m██[38;2;46;74;104m██[38;2;55;57;58m██[38;2;58;60;61m██[38;2;102;103;105m██[38;2;83;108;135m██[38;2;0;0;0m                    
[38;2;0;0;0m        [38;2;0;0;2m  [38;2;0;0;6m  [38;2;0;0;0m        [38;2;72;145;213m██[38;2;95;185;240m██[38;2;0;0;0m                  
[38;2;0;0;0m                    [38;2;25;49;64m██[38;2;24;48;62m  [38;2;0;0;0m                  [0m
