
[38;2;0;0;0m              [38;2;48;42;37m  [38;2;65;56;49m████[38;2;0;0;0m            
[38;2;0;0;0m            [38;2;195;169;148m██[38;2;228;197;175m██[38;2;239;207;183m██[38;2;243;207;181m██[38;2;104;79;58m██[38;2;33;24;18m  [38;2;0;0;0m        
[38;2;0;0;0m          [38;2;174;149;128m██[38;2;238;207;182m██[38;2;238;207;183m██[38;2;232;199;173m██[38;2;143;117;94m██[38;2;162;124;96m██[38;2;41;30;22m██[38;2;0;0;0m        
[38;2;0;0;0m        [38;2;50;42;35m  [38;2;216;181;152m██[38;2;223;187;158m████[38;2;193;165;142m██[38;2;148;114;91m██[38;2;166;121;89m██[38;2;153;112;83m██[38;2;0;0;0m        
[38;2;0;0;0m        [38;2;23;24;23m██[38;2;192;163;140m██[38;2;224;185;156m██[38;2;179;155;135m██[38;2;110;106;102m██[38;2;163;124;98m██[38;2;167;121;89m████[38;2;0;0;0m        
[38;2;0;0;0m        [38;2;26;23;20m██[38;2;98;95;92m██[38;2;190;163;141m██[38;2;96;96;96m██[38;2;222;186;156m██[38;2;139;116;93m██[38;2;167;121;89m████[38;2;0;0;0m        
[38;2;0;0;0m        [38;2;53;46;41m██[38;2;177;155;137m██[38;2;113;108;104m██[38;2;207;175;149m██[38;2;138;126;116m██[38;2;152;131;112m██[38;2;149;116;91m██[38;2;198;154;125m██[38;2;138;112;93m██[38;2;0;0;0m      
[38;2;0;0;0m        [38;2;26;23;21m██[38;2;193;162;137m██[38;2;127;118;111m████[38;2;136;124;115m██[38;2;222;185;156m██[38;2;199;163;135m██[38;2;149;113;89m██[38;2;170;134;109m██[38;2;5;4;3m  [38;2;0;0;0m    
[38;2;0;0;0m        [38;2;128;113;102m██[38;2;193;163;138m██[38;2;127;118;111m████[38;2;201;171;146m██[38;2;204;170;146m██[38;2;224;185;156m██[38;2;192;160;133m████[38;2;161;135;113m██[38;2;0;0;0m    
[38;2;0;0;0m    [38;2;25;20;17m  [38;2;176;147;124m██[38;2;127;121;114m██[38;2;217;188;167m██[38;2;150;138;127m██[38;2;131;122;115m██[38;2;189;165;147m██[38;2;182;157;137m██[38;2;222;185;156m██[38;2;225;185;156m████[38;2;222;185;156m██[38;2;201;168;141m██[38;2;50;42;35m██
[38;2;0;0;0m    [38;2;148;114;88m██[38;2;142;118;95m██[38;2;208;183;162m████[38;2;239;207;181m██[38;2;209;184;163m██[38;2;241;208;181m██[38;2;210;184;163m██[38;2;233;196;169m██[38;2;157;143;111m██[38;2;142;118;95m██[38;2;141;113;88m██[38;2;120;93;69m██[38;2;7;6;5m  
[38;2;0;0;0m    [38;2;30;21;16m  [38;2;155;112;83m██[38;2;90;123;77m██[38;2;75;99;62m██[38;2;98;111;73m██[38;2;127;100;76m██[38;2;90;125;77m██[38;2;66;111;62m██[38;2;103;157;89m██[38;2;124;131;92m██[38;2;155;112;83m██[38;2;120;90;65m██[38;2;0;2;0m  [38;2;0;0;0m  
[38;2;0;0;0m      [38;2;22;16;12m  [38;2;31;59;34m██[38;2;128;185;106m██[38;2;140;199;114m██[38;2;90;134;76m██[38;2;137;210;124m██[38;2;138;199;113m██[38;2;148;211;119m██[38;2;113;152;90m██[38;2;22;16;12m  [38;2;0;0;0m      
[38;2;0;0;0m            [38;2;67;91;55m██[38;2;129;100;81m██[38;2;71;110;71m████[38;2;79;71;70m██[38;2;85;68;62m██[38;2;0;0;0m        
[38;2;0;0;0m            [38;2;43;38;32m██[38;2;93;87;82m██[38;2;156;115;87m██[38;2;88;77;71m██[38;2;226;201;168m██[38;2;118;102;89m██[38;2;53;43;37m  [38;2;0;0;1m  [38;2;0;0;0m    
[38;2;25;12;10m  [38;2;63;42;31m██[38;2;189;155;123m██[38;2;206;183;145m██[38;2;102;84;70m██[38;2;56;44;37m██[38;2;132;102;81m██[38;2;136;119;100m██[38;2;110;90;76m██[38;2;156;134;112m██[38;2;92;81;74m██[38;2;101;92;83m██[38;2;122;93;73m██[38;2;160;92;70m██[38;2;154;128;105m██[38;2;25;21;17m  
[38;2;36;19;17m██[38;2;121;84;64m██[38;2;119;103;77m██[38;2;115;116;73m██[38;2;225;185;156m██[38;2;235;185;156m██[38;2;12;9;6m██[38;2;173;158;135m██[38;2;206;158;135m██[38;2;242;197;163m██[38;2;166;138;117m██[38;2;102;155;83m██[38;2;112;91;71m████[38;2;139;114;92m██[38;2;55;46;39m██
[38;2;12;10;8m  [38;2;143;122;74m██[38;2;121;95;75m██[38;2;160;117;88m██[38;2;75;55;40m██[38;2;18;13;10m  [38;2;36;30;26m  [38;2;167;143;122m██[38;2;219;182;153m██[38;2;220;184;156m██[38;2;197;159;136m██[38;2;105;90;79m██[38;2;147;120;82m██[38;2;150;117;83m██[38;2;144;104;77m██[38;2;18;13;10m  
[38;2;0;0;0m            [38;2;41;32;26m██[38;2;186;147;119m██[38;2;207;175;147m██[38;2;208;164;136m██[38;2;217;170;141m██[38;2;225;184;156m██[38;2;82;70;65m██[38;2;16;14;13m  [38;2;0;0;0m    
[38;2;0;0;0m            [38;2;151;112;85m██[38;2;120;95;78m██[38;2;113;91;77m██[38;2;115;91;74m██[38;2;105;89;80m██[38;2;173;134;110m██[38;2;165;128;102m██[38;2;26;19;15m  [38;2;0;0;0m    
[38;2;0;0;0m            [38;2;0;0;1m  [38;2;47;38;34m  [38;2;124;96;75m██[38;2;155;121;97m██[38;2;165;124;96m██[38;2;33;24;24m  [38;2;0;0;0m        
[38;2;0;0;0m                [38;2;15;12;10m  [38;2;60;50;42m██[38;2;45;38;31m  [38;2;0;0;0m          [0m
