
[38;2;0;0;0m                    [38;2;63;37;55m██[38;2;63;63;63m██[38;2;0;37;41m  [38;2;0;0;0m                  
[38;2;0;0;0m                [38;2;43;63;65m  [38;2;186;191;191m██[38;2;255;228;247m██[38;2;255;175;231m██[38;2;191;228;232m██[38;2;112;127;128m██[38;2;0;15;18m  [38;2;0;0;0m              
[38;2;0;0;0m              [38;2;47;47;47m  [38;2;214;233;234m██[38;2;228;233;234m██[38;2;207;244;248m██[38;2;255;255;255m██[38;2;255;228;247m██[38;2;240;228;247m██[38;2;193;185;200m██[38;2;15;7;13m  [38;2;0;0;0m            
[38;2;0;0;0m              [38;2;191;191;191m██[38;2;255;255;255m████[38;2;207;244;248m██[38;2;111;222;236m██[38;2;255;255;255m████[38;2;255;128;216m██[38;2;63;28;53m██[38;2;0;0;0m            
[38;2;0;0;0m            [38;2;63;37;55m██[38;2;255;228;247m████[38;2;255;255;255m██████[38;2;239;144;222m██[38;2;191;139;216m██[38;2;191;134;215m████[38;2;0;0;0m            
[38;2;0;0;0m            [38;2;63;63;63m██[38;2;255;255;255m██[38;2;255;228;247m██[38;2;255;175;231m██[38;2;255;228;247m████[38;2;239;165;227m██[38;2;47;182;220m██[38;2;92;190;190m████[38;2;0;0;0m            
[38;2;0;0;0m            [38;2;0;37;41m  [38;2;191;228;232m██[38;2;207;244;248m██[38;2;255;255;255m██████[38;2;255;200;238m██[38;2;202;168;173m██[38;2;193;198;140m██[38;2;189;198;60m██[38;2;0;0;0m            
[38;2;0;0;0m              [38;2;191;191;191m██[38;2;207;244;248m██[38;2;111;222;236m██[38;2;207;244;248m████[38;2;207;151;222m██[38;2;15;194;222m██[38;2;175;148;188m██[38;2;32;50;39m██[38;2;0;0;0m            
[38;2;0;0;0m              [38;2;47;47;47m  [38;2;218;194;217m██[38;2;251;245;251m██[38;2;255;228;247m████[38;2;255;190;235m██[38;2;255;122;215m██[38;2;177;97;153m██[38;2;27;27;27m  [38;2;0;0;0m            
[38;2;0;0;0m          [38;2;143;143;143m  [38;2;191;191;191m██[38;2;239;239;239m██[38;2;183;174;183m██[38;2;108;106;110m██[38;2;255;228;247m████[38;2;219;219;219m██[38;2;112;85;104m██[38;2;219;219;219m██[38;2;213;213;213m██[38;2;0;0;0m            
[38;2;0;0;0m        [38;2;0;1;0m  [38;2;0;0;0m  [38;2;37;36;39m  [38;2;193;192;194m██[38;2;204;203;208m██[38;2;251;251;251m██[38;2;112;111;112m████[38;2;136;135;136m██[38;2;239;245;248m██[38;2;195;197;200m██[38;2;185;189;202m██[38;2;228;227;229m██[38;2;47;47;47m  [38;2;0;0;0m        
[38;2;47;47;47m    [38;2;191;191;191m██[38;2;47;47;47m  [38;2;159;160;159m██[38;2;15;16;15m  [38;2;0;0;0m  [38;2;12;12;12m  [38;2;98;96;100m██[38;2;108;107;109m██[38;2;148;147;148m██[38;2;224;221;228m██[38;2;171;171;175m██[38;2;92;106;113m██[38;2;100;121;129m██[38;2;57;71;73m██[38;2;36;36;38m  [38;2;0;0;0m          
[38;2;58;61;64m██[38;2;249;249;249m██[38;2;250;250;252m██[38;2;161;160;164m██[38;2;145;146;147m██[38;2;114;102;116m██[38;2;37;30;37m██[38;2;95;61;95m██[38;2;119;103;119m██[38;2;221;217;221m██[38;2;219;219;219m██[38;2;76;75;76m██[38;2;51;102;112m██[38;2;63;149;163m██[38;2;62;121;130m██[38;2;4;10;10m  [38;2;0;0;0m  [38;2;15;18;15m  [38;2;55;58;55m██[38;2;23;26;23m██[38;2;15;15;15m    
[38;2;10;11;12m  [38;2;58;58;58m██[38;2;208;205;214m██[38;2;152;153;156m██[38;2;142;141;145m██[38;2;100;95;101m██[38;2;37;26;37m██[38;2;9;6;9m  [38;2;66;62;68m██[38;2;244;243;245m██[38;2;250;235;247m██[38;2;107;92;104m██[38;2;14;29;32m  [38;2;12;30;32m  [38;2;28;58;61m██[38;2;16;152;169m██[38;2;29;12;13m  [38;2;160;167;173m██[38;2;142;143;142m██[38;2;188;188;188m██[38;2;207;207;207m██[38;2;63;63;63m██
[38;2;0;0;0m    [38;2;21;22;21m  [38;2;86;88;87m██[38;2;127;126;132m██[38;2;16;17;16m  [38;2;0;0;0m    [38;2;10;4;4m  [38;2;123;134;142m██[38;2;147;157;154m██[38;2;201;158;148m██[38;2;0;0;0m    [38;2;3;1;1m  [38;2;12;117;130m  [38;2;24;127;142m██[38;2;172;177;182m██[38;2;139;140;139m██[38;2;235;235;237m██[38;2;180;179;181m██[38;2;0;0;0m  
[38;2;0;0;0m                [38;2;50;112;119m██[38;2;44;122;128m██[38;2;178;193;84m██[38;2;147;148;106m██[38;2;133;136;36m  [38;2;0;0;0m      [38;2;4;4;4m  [38;2;111;109;111m██[38;2;163;162;164m██[38;2;130;132;133m██[38;2;36;36;38m  [38;2;0;0;0m  
[38;2;0;0;0m                [38;2;199;164;93m██[38;2;106;207;165m██[38;2;44;193;178m██[38;2;0;185;208m██[38;2;178;231;104m██[38;2;223;239;74m██[38;2;110;111;79m██[38;2;0;0;0m              
[38;2;0;0;0m                [38;2;15;12;7m  [38;2;203;121;139m██[38;2;44;45;12m  [38;2;0;37;41m  [38;2;143;215;117m██[38;2;58;191;167m██[38;2;44;45;12m  [38;2;0;0;0m              
[38;2;0;0;0m              [38;2;13;39;41m  [38;2;63;100;105m██[38;2;111;111;111m██[38;2;0;0;0m    [38;2;59;93;81m██[38;2;74;74;45m██[38;2;0;1;0m  [38;2;0;0;0m              
[38;2;0;0;0m              [38;2;55;157;166m██[38;2;63;212;230m██[38;2;111;111;111m██[38;2;0;0;0m    [38;2;63;63;63m██[38;2;222;160;202m██[38;2;143;87;124m  [38;2;0;0;0m              
[38;2;0;0;0m                [38;2;175;176;177m██[38;2;31;32;32m  [38;2;0;0;0m      [38;2;191;111;167m██[38;2;207;127;183m██[38;2;15;15;15m  [38;2;0;0;0m            
[38;2;0;0;0m                [38;2;0;1;2m  [38;2;0;0;0m        [38;2;47;47;47m  [38;2;63;63;63m██[38;2;15;15;15m  [38;2;0;0;0m            [0m
