
[38;2;0;0;0m        [38;2;7;7;7m  [38;2;49;49;51m██[38;2;0;0;0m                                
[38;2;0;0;0m        [38;2;57;57;57m██[38;2;189;189;197m██[38;2;67;67;69m  [38;2;0;0;0m                              
[38;2;0;0;0m        [38;2;162;162;165m██[38;2;255;255;255m██[38;2;187;188;195m██[38;2;32;28;24m██[38;2;182;138;80m██[38;2;24;20;12m  [38;2;0;0;0m                        
[38;2;0;0;0m        [38;2;104;104;108m██[38;2;200;200;207m██[38;2;163;167;174m██[38;2;65;65;65m██[38;2;149;117;75m██[38;2;161;123;69m██[38;2;21;18;10m  [38;2;0;0;0m        [38;2;117;91;52m██[38;2;0;0;0m    [38;2;19;19;19m  [38;2;209;209;209m██[38;2;171;171;171m  [38;2;0;0;0m  
[38;2;0;0;0m          [38;2;148;136;119m██[38;2;169;169;176m██[38;2;139;139;144m██[38;2;65;65;65m██[38;2;140;111;72m██[38;2;86;76;54m██[38;2;16;16;16m  [38;2;27;22;13m  [38;2;56;47;28m██[38;2;128;102;59m██[38;2;176;135;79m██[38;2;196;147;81m██[38;2;45;45;46m██[38;2;241;241;242m██[38;2;78;80;82m██[38;2;130;135;139m██[38;2;69;69;69m██
[38;2;0;0;0m          [38;2;27;20;11m██[38;2;97;122;149m██[38;2;79;79;79m██[38;2;228;228;228m██[38;2;203;201;196m██[38;2;93;79;51m██[38;2;152;118;69m██[38;2;95;79;47m██[38;2;128;102;59m██[38;2;195;147;81m██[38;2;75;71;66m██[38;2;83;76;67m██[38;2;132;132;136m██[38;2;242;242;243m██[38;2;83;85;88m██[38;2;140;145;151m██[38;2;69;69;69m██
[38;2;0;0;0m          [38;2;46;71;96m██[38;2;114;178;243m██[38;2;87;112;137m████[38;2;182;182;182m████[38;2;87;112;137m██[38;2;85;82;70m██[38;2;173;132;74m██[38;2;76;72;66m██[38;2;65;65;65m██[38;2;122;131;139m██[38;2;106;106;109m██[38;2;192;192;200m██[38;2;229;229;232m██[38;2;129;129;129m  [38;2;0;0;0m  
[38;2;0;0;0m          [38;2;78;136;195m██[38;2;120;186;252m██[38;2;123;189;255m████[38;2;109;167;225m██[38;2;105;162;219m██[38;2;112;164;218m██[38;2;68;71;75m██[38;2;191;183;168m██[38;2;176;135;77m██[38;2;65;65;65m██[38;2;123;131;139m██[38;2;88;92;95m██[38;2;77;77;78m████[38;2;96;78;54m  [38;2;0;0;0m  
[38;2;0;0;0m        [38;2;23;36;48m  [38;2;123;189;255m████████████[38;2;101;130;159m██[38;2;72;76;77m██[38;2;255;255;255m██[38;2;172;163;146m██[38;2;125;117;100m██[38;2;65;65;65m██[38;2;98;103;107m██[38;2;95;99;104m██[38;2;82;75;67m██[38;2;62;50;35m  [38;2;0;0;0m  
[38;2;0;0;0m        [38;2;55;85;115m██[38;2;123;189;255m████████[38;2;113;167;222m██[38;2;108;157;206m██[38;2;123;189;255m██[38;2;120;182;245m██[38;2;141;141;141m██[38;2;255;255;255m██[38;2;250;250;249m██[38;2;96;80;49m██[38;2;65;65;65m██[38;2;70;68;65m██[38;2;51;41;29m██[38;2;0;0;0m    
[38;2;0;0;0m      [38;2;30;54;79m  [38;2;60;87;116m██[38;2;123;189;255m██[38;2;87;139;196m██[38;2;120;186;252m  [38;2;78;123;169m██[38;2;171;171;171m██[38;2;139;184;229m██[38;2;123;189;255m████[38;2;134;134;134m██[38;2;255;255;255m██████[38;2;170;161;143m██[38;2;113;93;63m  [38;2;73;61;46m██[38;2;0;0;0m    
[38;2;0;0;0m    [38;2;66;116;170m██[38;2;57;98;148m██[38;2;91;121;151m██[38;2;123;189;255m██[38;2;122;188;253m██[38;2;58;96;142m██[38;2;105;90;70m██[38;2;184;157;116m██[38;2;123;189;255m██[38;2;80;102;131m██[38;2;114;178;243m██[38;2;134;134;134m██[38;2;255;255;255m██[38;2;68;68;68m████[38;2;255;255;255m██[38;2;237;236;232m██[38;2;119;97;65m██[38;2;0;0;0m    
[38;2;0;0;0m  [38;2;53;93;137m██[38;2;68;120;175m██[38;2;65;70;76m██[38;2;122;189;255m██[38;2;123;189;255m████████[38;2;122;189;255m██[38;2;108;153;200m██[38;2;160;158;116m██[38;2;94;116;126m██[38;2;220;220;220m██[38;2;99;129;160m██[38;2;122;189;255m██[38;2;123;189;255m██[38;2;129;144;160m██[38;2;247;247;245m██[38;2;137;121;94m██[38;2;107;86;60m██[38;2;0;0;0m  
[38;2;20;35;51m██[38;2;73;130;188m██[38;2;69;120;174m██[38;2;64;69;74m██[38;2;85;136;192m██[38;2;122;187;253m██[38;2;93;148;207m██[38;2;122;187;252m████[38;2;84;92;106m██[38;2;170;166;117m██[38;2;165;160;106m██[38;2;65;65;65m██[38;2;183;183;184m██[38;2;116;176;236m██[38;2;122;187;253m██[38;2;123;189;255m██[38;2;91;122;153m██[38;2;245;245;246m██[38;2;131;120;102m██[38;2;107;86;60m██[38;2;0;0;0m  
[38;2;38;43;49m██[38;2;72;109;154m██[38;2;94;117;144m██[38;2;34;60;86m██[38;2;0;0;0m  [38;2;34;60;86m██[38;2;147;172;186m██[38;2;175;169;145m████[38;2;129;125;91m██[38;2;157;149;117m██[38;2;191;180;141m██[38;2;183;172;136m██[38;2;68;88;110m██[38;2;98;159;221m██[38;2;100;162;224m██[38;2;96;157;219m██[38;2;123;189;255m██[38;2;76;76;76m██[38;2;162;157;153m██[38;2;92;76;49m██[38;2;0;0;0m  
[38;2;0;0;0m            [38;2;33;33;33m  [38;2;76;75;71m████[38;2;255;238;179m██████[38;2;99;96;85m██[38;2;121;186;252m██[38;2;81;139;198m██[38;2;121;187;252m  [38;2;123;189;255m██[38;2;71;95;118m██[38;2;182;182;189m██[38;2;189;189;197m██[38;2;145;145;151m  [38;2;0;0;0m  
[38;2;0;0;0m            [38;2;20;20;20m  [38;2;197;175;118m██[38;2;234;215;157m██[38;2;255;238;179m████[38;2;197;175;118m██[38;2;89;85;74m██[38;2;148;185;223m██[38;2;120;185;251m██[38;2;98;160;222m██[38;2;89;117;144m██[38;2;83;88;88m██[38;2;76;76;76m██[38;2;189;189;197m██[38;2;0;0;0m    
[38;2;0;0;0m          [38;2;7;13;18m██[38;2;73;131;189m██[38;2;81;85;85m██[38;2;191;170;115m██[38;2;165;141;84m████[38;2;253;236;178m██[38;2;213;203;132m██[38;2;132;131;127m██[38;2;87;134;181m██[38;2;70;77;84m██[38;2;123;189;255m████[38;2;73;77;82m██[38;2;61;61;64m  [38;2;0;0;0m    
[38;2;0;0;0m          [38;2;73;131;189m████[38;2;72;126;182m██[38;2;109;114;111m██[38;2;158;150;121m██[38;2;232;219;154m██[38;2;210;197;130m██[38;2;174;156;92m██[38;2;142;133;90m██[38;2;97;134;172m██[38;2;123;189;255m██████[38;2;51;89;134m██[38;2;0;0;0m      
[38;2;0;0;0m          [38;2;63;112;162m██[38;2;73;131;189m██[38;2;70;124;180m██[38;2;68;120;176m██[38;2;72;120;169m██[38;2;58;60;63m██[38;2;145;128;75m██[38;2;176;169;105m██[38;2;76;99;122m██[38;2;122;187;253m██[38;2;123;189;255m████[38;2;117;182;246m██[38;2;60;105;156m██[38;2;26;47;68m██[38;2;0;0;0m    
[38;2;0;0;0m            [38;2;48;67;87m██[38;2;63;81;101m██[38;2;73;131;189m██[38;2;60;79;99m██[38;2;6;12;17m  [38;2;0;0;0m    [38;2;24;43;63m██[38;2;78;128;183m██[38;2;123;189;255m████[38;2;73;123;179m██[38;2;73;131;189m██[38;2;26;47;68m██[38;2;0;0;0m    
[38;2;0;0;0m            [38;2;174;174;174m██[38;2;158;158;158m  [38;2;0;0;0m            [38;2;55;97;140m  [38;2;60;103;155m████[38;2;73;131;189m██[38;2;64;113;165m██[38;2;0;0;0m      
[38;2;0;0;0m                            [38;2;162;162;162m  [38;2;62;107;160m██████[38;2;194;205;218m██[38;2;64;64;64m  [38;2;0;0;0m    
[38;2;0;0;0m                              [38;2;90;90;90m  [38;2;255;255;255m██[38;2;90;90;90m  [38;2;0;0;0m        
[38;2;0;0;0m                                [38;2;66;66;66m██[38;2;0;0;0m          [0m
