
[38;2;0;0;0m                  [38;2;12;4;2m  [38;2;18;7;4m██[38;2;0;0;0m                      
[38;2;0;0;0m    [38;2;60;31;19m  [38;2;15;7;4m  [38;2;0;0;0m          [38;2;179;68;40m██[38;2;12;4;2m  [38;2;0;0;0m                      
[38;2;0;0;0m    [38;2;74;38;23m██[38;2;18;9;5m██[38;2;0;0;0m  [38;2;92;90;65m██[38;2;181;177;127m██[38;2;248;232;168m██[38;2;152;111;87m██[38;2;168;85;60m██[38;2;25;23;17m  [38;2;0;0;0m                      
[38;2;0;0;0m    [38;2;6;3;2m  [38;2;171;90;54m██[38;2;104;102;77m  [38;2;254;235;170m██[38;2;255;235;172m██[38;2;96;77;73m██[38;2;174;93;77m██[38;2;106;88;78m██[38;2;238;218;160m██[38;2;168;154;113m  [38;2;0;0;0m                    
[38;2;0;0;0m      [38;2;186;97;59m██[38;2;147;110;80m██[38;2;254;235;173m██[38;2;147;122;100m██[38;2;200;85;61m██[38;2;155;89;74m██[38;2;154;124;111m██[38;2;151;129;116m██[38;2;240;211;164m  [38;2;252;229;170m██[38;2;204;187;137m██[38;2;115;106;78m██[38;2;63;58;42m  [38;2;0;0;0m            
[38;2;0;0;0m        [38;2;141;86;65m██[38;2;191;179;142m██[38;2;159;105;87m██[38;2;237;94;57m██[38;2;65;64;65m██[38;2;241;133;97m██[38;2;116;73;62m██[38;2;224;184;156m██[38;2;224;184;158m██[38;2;224;184;159m██[38;2;252;229;170m██[38;2;255;234;172m████[38;2;0;0;0m██        
[38;2;0;0;0m        [38;2;189;95;66m██[38;2;176;84;69m██[38;2;179;68;40m██[38;2;97;126;135m██[38;2;185;122;91m██[38;2;212;97;64m  [38;2;144;105;88m██[38;2;198;167;142m██[38;2;136;119;106m██[38;2;222;185;156m██[38;2;201;174;147m██[38;2;201;181;150m██[38;2;209;192;151m██[38;2;255;234;172m██[38;2;139;127;93m██[38;2;50;46;34m  [38;2;0;0;0m    
[38;2;0;0;0m        [38;2;115;44;25m██[38;2;250;97;57m██[38;2;215;139;78m██[38;2;243;191;92m██[38;2;191;80;62m██[38;2;67;62;66m██[38;2;183;155;133m██[38;2;218;182;153m██[38;2;103;78;62m██[38;2;39;30;25m  [38;2;142;129;114m  [38;2;201;169;141m██[38;2;217;183;154m██[38;2;197;171;145m██[38;2;182;165;139m██[38;2;247;227;168m██[38;2;212;195;143m██[38;2;6;5;4m  
[38;2;0;0;0m        [38;2;103;46;30m██[38;2;167;82;56m██[38;2;203;106;67m██[38;2;174;80;72m██[38;2;126;74;67m██[38;2;175;148;128m██[38;2;223;184;156m██[38;2;130;99;89m██[38;2;197;103;66m██[38;2;84;47;31m  [38;2;0;0;0m    [38;2;62;57;49m██[38;2;80;67;56m██[38;2;191;168;145m██[38;2;203;175;148m██[38;2;200;184;149m██[38;2;54;50;40m██
[38;2;0;0;0m        [38;2;16;5;9m  [38;2;186;97;72m██[38;2;126;78;65m██[38;2;67;66;66m██[38;2;172;148;126m██[38;2;228;194;158m██[38;2;225;186;157m██[38;2;106;81;77m██[38;2;174;94;63m██[38;2;208;79;46m██[38;2;250;95;56m██[38;2;46;17;10m██[38;2;0;0;0m            
[38;2;0;0;0m        [38;2;134;54;62m██[38;2;134;64;71m██[38;2;32;18;24m██[38;2;183;155;133m██[38;2;232;207;160m██[38;2;147;135;113m██[38;2;248;224;169m██[38;2;210;176;149m██[38;2;47;42;38m██[38;2;0;0;0m  [38;2;63;24;14m  [38;2;202;97;69m██[38;2;0;0;0m██          
[38;2;0;0;0m      [38;2;66;65;65m██[38;2;107;76;79m██[38;2;0;4;8m██[38;2;0;0;0m  [38;2;71;59;55m██[38;2;140;120;88m██[38;2;229;187;67m██[38;2;179;156;95m██[38;2;230;193;161m  [38;2;222;185;156m██[38;2;38;32;27m  [38;2;0;0;0m  [38;2;123;115;106m██[38;2;186;176;149m██[38;2;0;1;3m  [38;2;0;0;0m        
[38;2;0;0;0m    [38;2;48;46;45m  [38;2;136;137;128m██[38;2;62;61;59m██[38;2;0;0;1m  [38;2;0;0;0m  [38;2;42;36;31m██[38;2;120;80;56m██[38;2;235;178;64m██[38;2;170;97;63m██[38;2;141;112;93m██[38;2;119;101;91m██[38;2;25;21;18m  [38;2;0;0;0m  [38;2;14;13;12m  [38;2;189;170;141m██[38;2;74;67;55m  [38;2;0;0;0m        
[38;2;41;41;39m██[38;2;128;130;123m██[38;2;81;80;78m██[38;2;108;110;105m██[38;2;70;71;66m██[38;2;0;0;0m    [38;2;6;3;2m  [38;2;151;90;46m██[38;2;165;83;56m██[38;2;206;104;64m██[38;2;177;107;81m██[38;2;25;13;10m██[38;2;0;0;0m    [38;2;24;24;22m  [38;2;128;130;122m██[38;2;165;153;135m██[38;2;183;161;137m██[38;2;0;0;0m      
[38;2;5;5;5m  [38;2;181;184;181m██[38;2;82;82;82m██[38;2;154;155;146m██[38;2;4;4;4m  [38;2;0;0;0m    [38;2;188;96;59m██[38;2;205;105;65m██[38;2;109;73;63m██[38;2;219;103;61m██[38;2;251;97;57m██[38;2;236;89;52m██[38;2;0;0;0m    [38;2;67;67;63m██[38;2;95;97;93m██[38;2;142;133;120m██[38;2;170;160;147m██[38;2;84;84;84m  [38;2;0;0;0m    
[38;2;0;0;0m            [38;2;137;70;43m██[38;2;208;105;62m██[38;2;116;78;64m██[38;2;184;84;59m██[38;2;223;86;62m██[38;2;254;97;59m██[38;2;254;97;60m██[38;2;203;77;47m██[38;2;10;4;2m  [38;2;0;0;0m  [38;2;37;32;28m██[38;2;160;153;144m██[38;2;40;39;39m  [38;2;0;0;0m      
[38;2;0;0;0m          ██[38;2;158;120;64m██[38;2;123;72;48m██[38;2;175;98;64m██[38;2;83;53;46m██[38;2;42;17;20m██[38;2;255;97;56m████[38;2;255;97;59m██[38;2;23;8;13m██[38;2;0;0;0m              
[38;2;0;0;0m          [38;2;160;120;66m██[38;2;189;161;78m██[38;2;161;124;66m██[38;2;88;73;40m██[38;2;0;7;8m  [38;2;0;0;0m  [38;2;54;27;15m██[38;2;203;139;85m██[38;2;201;79;67m██[38;2;210;141;77m██[38;2;0;0;0m              
[38;2;0;0;0m        [38;2;7;6;3m  [38;2;189;161;81m██[38;2;189;161;79m████[38;2;79;67;33m██[38;2;0;0;0m    [38;2;68;50;28m  [38;2;243;211;105m██[38;2;216;167;95m██[38;2;238;205;103m██[38;2;136;121;60m██[38;2;0;0;0m            
[38;2;0;0;0m        [38;2;31;26;13m██[38;2;189;161;81m██[38;2;134;114;58m██[38;2;178;151;77m██[38;2;68;58;29m██[38;2;0;0;0m      [38;2;201;178;86m██[38;2;245;217;105m██[38;2;246;218;105m██[38;2;216;192;99m██[38;2;156;138;67m██[38;2;0;0;0m          
[38;2;0;0;0m                      [38;2;54;48;23m  [38;2;208;181;86m██[38;2;192;168;80m██[38;2;241;214;104m██[38;2;84;71;36m  [38;2;0;0;0m            
[38;2;0;0;0m                        [38;2;1;0;0m  [38;2;44;38;18m  [38;2;60;54;26m  [38;2;0;0;0m              [0m
