
[38;2;0;0;0m        [38;2;37;21;12m  [38;2;2;3;2m  [38;2;0;0;0m                                          
[38;2;0;0;0m      [38;2;0;3;0m  [38;2;142;70;49m██[38;2;130;58;39m██[38;2;0;1;0m  [38;2;0;0;0m                                        
[38;2;0;0;0m      [38;2;0;3;0m  [38;2;181;73;42m██[38;2;83;66;62m██[38;2;121;54;33m██[38;2;50;25;15m██[38;2;0;2;2m  [38;2;0;0;0m                          [38;2;0;1;0m  [38;2;10;8;13m  [38;2;54;25;14m██[38;2;21;26;39m██[38;2;5;8;11m  
[38;2;0;0;0m      [38;2;0;3;0m  [38;2;181;73;42m██[38;2;83;66;62m██[38;2;138;70;52m██[38;2;168;75;50m██[38;2;43;25;17m  [38;2;0;0;0m                      [38;2;0;2;0m  [38;2;21;11;4m  [38;2;148;60;33m██[38;2;140;63;60m██[38;2;95;69;96m██[38;2;72;80;131m██[38;2;19;25;36m██
[38;2;0;0;0m        [38;2;60;26;14m██[38;2;181;72;43m██[38;2;152;71;49m██[38;2;172;72;45m██[38;2;112;68;55m██[38;2;13;9;3m██[38;2;0;0;0m                  [38;2;61;27;13m██[38;2;136;56;30m██[38;2;142;73;69m██[38;2;95;76;109m██[38;2;71;79;132m██[38;2;75;81;125m██[38;2;63;68;102m██[38;2;6;9;13m  
[38;2;0;0;0m        [38;2;8;4;2m  [38;2;157;64;36m██[38;2;181;72;43m████[38;2;173;68;45m██[38;2;66;53;55m██[38;2;0;1;0m  [38;2;0;0;0m              [38;2;92;38;20m  [38;2;170;73;49m██[38;2;83;74;113m██[38;2;76;85;141m██[38;2;77;85;141m██[38;2;67;68;76m██[38;2;73;79;117m██[38;2;75;84;137m██[38;2;19;25;38m██
[38;2;0;0;0m          [38;2;0;2;0m  [38;2;136;57;36m██[38;2;180;72;42m██[38;2;149;68;49m██[38;2;91;53;60m██[38;2;69;27;31m██[38;2;0;0;0m            [38;2;13;9;3m██[38;2;155;73;59m██[38;2;73;81;135m██[38;2;76;84;140m██[38;2;76;84;137m██[38;2;70;73;96m██[38;2;78;87;144m██[38;2;74;80;123m██[38;2;37;43;69m  [38;2;0;0;0m  
[38;2;0;0;0m        [38;2;0;1;0m  [38;2;0;0;0m  [38;2;35;22;17m██[38;2;171;70;40m██[38;2;131;42;52m██[38;2;131;40;53m██[38;2;97;40;46m██[38;2;4;5;1m  [38;2;0;0;0m        [38;2;0;2;0m  [38;2;164;66;37m██[38;2;112;73;89m██[38;2;76;87;145m████[38;2;77;87;145m████[38;2;67;67;73m██[38;2;24;26;26m██[38;2;0;0;0m    
[38;2;0;0;0m    [38;2;0;1;0m    [38;2;156;156;156m██[38;2;68;66;68m██[38;2;176;158;133m██[38;2;152;131;116m██[38;2;95;53;62m██[38;2;129;40;53m██[38;2;86;37;42m██[38;2;2;3;1m  [38;2;0;0;0m        [38;2;0;2;0m  [38;2;172;73;47m██[38;2;73;81;135m██[38;2;77;87;145m████[38;2;76;85;138m██[38;2;71;74;98m██[38;2;77;87;145m██[38;2;72;79;122m██[38;2;0;3;0m  [38;2;0;0;0m  
[38;2;0;0;0m  [38;2;0;2;0m  [38;2;170;171;170m  [38;2;74;74;74m  [38;2;255;254;255m██[38;2;94;94;94m██[38;2;227;222;178m██[38;2;99;94;84m██[38;2;201;198;176m██[38;2;81;74;73m██[38;2;68;31;35m██[38;2;0;0;0m          [38;2;0;2;0m  [38;2;172;73;47m██[38;2;73;81;135m██[38;2;77;87;145m████[38;2;77;87;144m██[38;2;78;87;144m██[38;2;54;57;74m██[38;2;18;22;25m██[38;2;0;0;0m    
[38;2;0;0;0m  [38;2;91;93;91m  [38;2;206;206;206m██[38;2;224;224;224m██[38;2;255;255;255m██[38;2;192;192;192m██[38;2;106;106;106m██[38;2;243;243;236m██[38;2;137;133;112m██[38;2;148;146;123m██[38;2;97;48;57m██[38;2;36;25;24m██[38;2;0;3;1m  [38;2;0;0;0m    [38;2;3;3;0m  [38;2;137;56;31m██[38;2;126;75;85m██[38;2;74;83;139m██[38;2;77;87;145m████[38;2;76;85;138m  [38;2;71;76;100m██[38;2;41;45;61m  [38;2;2;2;0m  [38;2;0;0;0m    
[38;2;0;1;0m  [38;2;198;199;198m██[38;2;207;207;207m██[38;2;127;53;67m██[38;2;255;255;255m██[38;2;118;118;118m██[38;2;252;252;252m██[38;2;97;92;90m██[38;2;171;160;154m██[38;2;141;117;112m██[38;2;153;126;106m██[38;2;113;64;73m██[38;2;38;26;26m  [38;2;0;3;0m  [38;2;91;39;20m  [38;2;177;71;40m██[38;2;121;75;88m██[38;2;71;78;130m██[38;2;77;87;145m██████[38;2;72;81;134m██[38;2;20;26;26m██[38;2;0;0;0m        
[38;2;0;0;0m  [38;2;99;101;99m  [38;2;129;61;54m██[38;2;159;70;45m██[38;2;125;59;53m██[38;2;227;226;227m██[38;2;220;219;220m██[38;2;138;129;109m██[38;2;136;125;103m████[38;2;106;60;58m██[38;2;180;71;43m██[38;2;154;66;48m██[38;2;96;60;60m██[38;2;141;65;68m██[38;2;72;80;133m██[38;2;74;83;139m██[38;2;77;87;145m████[38;2;76;87;145m██[38;2;73;80;119m██[38;2;66;71;100m██[38;2;12;16;24m  [38;2;0;0;0m        
[38;2;0;0;0m  [38;2;0;3;0m  [38;2;180;72;41m██[38;2;180;72;43m██[38;2;88;56;61m██[38;2;131;40;52m██[38;2;90;57;66m██[38;2;72;67;69m██[38;2;218;217;218m██[38;2;255;255;255m██[38;2;161;164;173m██[38;2;174;72;44m██[38;2;125;69;53m██[38;2;131;40;52m██[38;2;72;80;133m██[38;2;77;87;145m██[38;2;77;87;144m██[38;2;77;86;142m██[38;2;77;86;143m██[38;2;53;56;71m██[38;2;19;22;25m  [38;2;0;3;0m  [38;2;0;0;0m          
[38;2;0;0;0m  [38;2;0;1;0m  [38;2;87;53;60m██[38;2;143;62;69m██[38;2;131;72;56m██[38;2;137;77;63m██[38;2;143;134;151m██[38;2;252;250;247m██[38;2;168;170;168m██[38;2;149;151;149m██[38;2;92;97;138m██[38;2;87;95;158m██[38;2;89;76;123m██[38;2;96;57;90m██[38;2;75;83;139m██[38;2;77;86;142m██[38;2;74;81;125m██[38;2;72;76;108m  [38;2;49;55;84m██[38;2;37;42;57m  [38;2;2;2;0m  [38;2;0;0;0m            
[38;2;0;0;0m  [38;2;5;7;2m  [38;2;76;149;236m██[38;2;123;66;87m██[38;2;123;48;29m██[38;2;219;210;211m██[38;2;95;100;143m██[38;2;182;181;182m██[38;2;195;193;188m██[38;2;190;187;181m██[38;2;80;83;114m██[38;2;95;103;169m██[38;2;94;102;168m██[38;2;80;88;146m██[38;2;72;76;106m██[38;2;77;85;139m██[38;2;73;73;98m██[38;2;61;60;61m██[38;2;3;2;1m  [38;2;0;0;0m                
[38;2;0;1;2m  [38;2;141;128;58m██[38;2;237;202;68m██[38;2;191;165;73m██[38;2;136;123;79m██[38;2;154;157;173m██[38;2;102;103;119m██[38;2;151;151;149m██[38;2;108;107;106m██[38;2;30;31;30m██[38;2;74;79;118m██[38;2;83;92;153m██[38;2;89;98;161m██[38;2;96;105;170m██[38;2;85;94;156m██[38;2;72;77;111m██[38;2;105;56;78m██[38;2;70;63;65m██[38;2;99;31;40m██[38;2;65;22;27m  [38;2;0;2;0m  [38;2;0;0;0m            
[38;2;63;57;17m██[38;2;243;211;65m██[38;2;220;194;69m██[38;2;228;194;66m██[38;2;85;60;58m██[38;2;156;135;70m██[38;2;0;3;0m  [38;2;158;156;151m  [38;2;105;105;100m  [38;2;0;0;0m  [38;2;33;41;63m██[38;2;76;84;136m██[38;2;77;87;144m██[38;2;77;87;145m██[38;2;85;94;155m██[38;2;92;100;166m██[38;2;74;67;99m██[38;2;119;89;68m██[38;2;78;74;67m██[38;2;119;87;68m██[38;2;141;137;113m██[38;2;9;14;11m  [38;2;0;0;0m          
[38;2;24;22;6m  [38;2;211;182;56m██[38;2;21;20;11m  [38;2;31;17;21m  [38;2;145;100;64m  [38;2;27;28;17m██[38;2;0;0;0m  [38;2;0;1;0m  [38;2;0;2;2m  [38;2;0;4;4m  [38;2;54;60;81m██[38;2;73;80;113m██[38;2;43;50;77m██[38;2;75;85;146m██[38;2;80;89;148m██[38;2;77;87;140m██[38;2;40;40;57m██[38;2;78;65;35m██[38;2;111;115;98m██[38;2;74;94;127m██[38;2;54;69;79m██[38;2;37;46;44m  [38;2;0;0;0m          
[38;2;0;0;0m  [38;2;0;2;0m  [38;2;0;1;0m  [38;2;101;55;34m  [38;2;122;68;42m  [38;2;0;0;0m      [38;2;34;34;21m██[38;2;163;141;80m██[38;2;142;127;85m██[38;2;78;89;140m██[38;2;3;5;0m  [38;2;0;4;0m██[38;2;87;82;66m██[38;2;76;85;126m██[38;2;7;9;3m  [38;2;0;0;0m  [38;2;6;3;0m  [38;2;0;3;0m  [38;2;0;1;0m  [38;2;0;0;0m            
[38;2;0;0;0m      [38;2;0;1;0m  [38;2;0;0;0m      [38;2;0;3;0m  [38;2;68;68;66m██[38;2;132;117;76m██[38;2;189;162;79m██[38;2;31;36;51m██[38;2;0;1;0m  [38;2;62;65;62m██[38;2;128;117;77m██[38;2;178;163;79m██[38;2;11;14;23m  [38;2;0;0;0m                    
[38;2;0;0;0m              [38;2;0;2;0m  [38;2;0;1;0m  [38;2;0;3;0m  [38;2;201;174;73m██[38;2;6;9;2m██[38;2;0;1;0m  [38;2;77;80;77m██[38;2;94;87;75m██[38;2;92;85;68m██[38;2;85;74;33m██[38;2;0;0;0m                    
[38;2;0;0;0m                [38;2;0;1;0m  [38;2;60;64;60m  [38;2;72;71;58m██[38;2;2;3;0m  [38;2;0;0;0m  [38;2;0;1;0m  [38;2;106;95;58m██[38;2;184;157;78m██[38;2;25;23;10m  [38;2;0;0;0m                    
[38;2;0;0;0m                  [38;2;0;2;0m  [38;2;0;1;0m  [38;2;0;0;0m      [38;2;46;48;37m██[38;2;141;122;61m  [38;2;0;1;0m  [38;2;0;0;0m                    
[38;2;0;0;0m                          [38;2;0;1;0m  [38;2;24;28;24m██[38;2;0;1;0m  [38;2;0;0;0m                      [0m
