
[38;2;0;0;0m      [38;2;1;1;1m  [38;2;53;53;53m  [38;2;4;4;4m  [38;2;0;0;0m                                          
[38;2;0;0;0m      [38;2;5;5;5m  [38;2;187;187;187m██[38;2;175;175;175m██[38;2;3;3;3m  [38;2;0;0;0m                                        
[38;2;0;0;0m      [38;2;5;5;5m  [38;2;248;248;248m██[38;2;92;92;92m██[38;2;165;165;165m██[38;2;73;73;73m██[38;2;1;1;1m  [38;2;0;0;0m                          [38;2;2;2;2m  [38;2;16;16;16m  [38;2;79;79;79m████[38;2;22;22;22m  
[38;2;0;0;0m      [38;2;5;5;5m  [38;2;247;247;247m██[38;2;92;92;92m██[38;2;180;180;180m██[38;2;227;227;227m██[38;2;35;35;35m  [38;2;0;0;0m                      [38;2;3;3;3m  [38;2;35;35;35m  [38;2;204;204;204m██[38;2;212;212;212m██[38;2;248;248;248m██[38;2;239;239;238m██[38;2;59;59;58m██
[38;2;0;0;0m        [38;2;87;87;87m██[38;2;247;247;247m██[38;2;203;203;203m██[38;2;234;234;234m██[38;2;140;140;140m██[38;2;24;24;24m██[38;2;0;0;0m                [38;2;1;1;1m  [38;2;88;88;88m██[38;2;189;189;189m██[38;2;248;248;248m██[38;2;247;247;247m██[38;2;244;245;244m██[38;2;199;199;199m██[38;2;136;136;133m██[38;2;20;20;20m  
[38;2;0;0;0m        [38;2;14;14;14m  [38;2;217;217;217m██[38;2;247;247;247m██[38;2;248;248;248m██[38;2;232;232;232m██[38;2;71;71;71m██[38;2;3;3;3m  [38;2;0;0;0m              [38;2;129;129;129m  [38;2;247;247;247m██████[38;2;220;221;217m██[38;2;90;90;90m██[38;2;152;153;149m██[38;2;185;186;180m██[38;2;57;57;55m██
[38;2;0;0;0m          [38;2;3;3;3m  [38;2;190;190;190m██[38;2;247;247;247m██[38;2;207;207;206m██[38;2;119;119;117m██[38;2;114;114;111m██[38;2;0;0;0m            [38;2;24;24;24m██[38;2;248;248;248m██[38;2;245;246;245m██[38;2;229;230;227m██[38;2;187;188;183m██[38;2;116;117;115m██[38;2;199;201;195m██[38;2;164;164;160m██[38;2;99;99;97m  [38;2;1;1;1m  
[38;2;0;0;0m        [38;2;2;2;2m  [38;2;0;0;0m  [38;2;35;35;35m██[38;2;229;229;229m██[38;2;197;198;192m██[38;2;199;200;194m██[38;2;124;124;122m██[38;2;12;12;12m  [38;2;0;0;0m        [38;2;3;3;3m  [38;2;225;225;225m██[38;2;247;247;247m██[38;2;204;205;199m██[38;2;200;201;195m██████[38;2;79;79;78m██[38;2;32;32;32m██[38;2;0;0;0m    
[38;2;0;0;0m    [38;2;2;2;2m  [38;2;5;5;5m  [38;2;154;154;154m██[38;2;77;78;76m██[38;2;41;41;41m  [38;2;120;121;118m██[38;2;143;144;140m██[38;2;195;196;190m██[38;2;120;121;118m██[38;2;8;8;8m  [38;2;0;0;0m        [38;2;3;3;3m  [38;2;248;248;248m██[38;2;219;220;216m██[38;2;149;152;161m██[38;2;200;201;195m██[38;2;188;189;183m██[38;2;122;122;120m██[38;2;200;201;195m██[38;2;160;161;156m██[38;2;5;5;5m  [38;2;0;0;0m  
[38;2;0;0;0m  [38;2;5;5;5m  [38;2;166;166;166m  [38;2;191;191;191m  [38;2;202;203;201m██[38;2;220;221;220m██[38;2;193;194;189m██[38;2;120;122;116m██[38;2;218;219;216m██[38;2;82;82;82m██[38;2;114;114;111m██[38;2;0;0;0m          [38;2;3;3;3m  [38;2;244;244;244m██[38;2;125;129;145m██[38;2;80;85;114m██[38;2;200;200;195m██[38;2;200;201;195m██[38;2;200;200;195m██[38;2;74;74;73m██[38;2;29;29;29m██[38;2;0;0;0m    
[38;2;0;0;0m  [38;2;92;92;92m  [38;2;224;225;224m██[38;2;233;233;233m██[38;2;207;186;213m██[38;2;225;226;223m██[38;2;202;203;200m██[38;2;239;239;239m██[38;2;200;201;198m██[38;2;242;242;242m██[38;2;112;112;112m██[38;2;94;95;92m██[38;2;1;1;1m  [38;2;0;0;0m  [38;2;1;1;1m  [38;2;7;7;7m  [38;2;190;190;190m██[38;2;219;220;218m██[38;2;94;99;124m██[38;2;65;71;104m██[38;2;110;115;134m██[38;2;136;139;149m  [38;2;127;128;125m██[38;2;91;91;89m  [38;2;1;1;1m  [38;2;0;0;0m    
[38;2;34;17;39m  [38;2;218;203;222m██[38;2;234;234;232m██[38;2;134;78;148m██[38;2;164;53;194m██[38;2;228;218;231m██[38;2;230;230;228m██[38;2;128;67;144m██[38;2;248;248;248m████[38;2;126;126;124m██[38;2;199;200;194m██[38;2;105;105;102m  [38;2;6;6;6m  [38;2;129;129;129m  [38;2;243;243;243m██[38;2;221;222;219m██[38;2;189;191;188m██[38;2;65;71;104m██[38;2;65;70;104m██[38;2;65;71;104m██[38;2;65;70;98m██[38;2;30;30;30m██[38;2;0;0;0m        
[38;2;54;19;63m██[38;2;107;103;168m██[38;2;142;49;167m██[38;2;175;53;208m██[38;2;164;52;195m██[38;2;152;112;161m██[38;2;109;92;162m██[38;2;124;113;195m██[38;2;170;128;181m██[38;2;181;182;179m██[38;2;157;157;157m██[38;2;244;244;244m██[38;2;204;204;204m██[38;2;132;133;130m██[38;2;235;235;234m██[38;2;132;136;149m██[38;2;94;99;124m██[38;2;65;71;104m██████[38;2;65;69;92m██[38;2;61;64;80m██[38;2;14;15;20m  [38;2;0;0;0m        
[38;2;1;1;1m  [38;2;146;46;175m██[38;2;92;147;185m██[38;2;188;54;224m██[38;2;141;49;166m██[38;2;72;167;177m██[38;2;137;104;203m██[38;2;109;62;139m██[38;2;220;220;217m██[38;2;247;247;247m██[38;2;165;165;165m██[38;2;237;237;238m██[38;2;159;159;160m██[38;2;200;201;195m██[38;2;129;133;147m██[38;2;65;71;104m██[38;2;65;70;104m██[38;2;65;70;103m████[38;2;65;65;66m██[38;2;28;28;28m  [38;2;5;5;5m  [38;2;0;0;0m          
[38;2;0;0;0m  [38;2;22;70;64m  [38;2;106;96;132m██[38;2;150;52;160m██[38;2;176;53;208m██[38;2;96;102;154m██[38;2;114;118;157m██[38;2;184;152;193m██[38;2;216;216;215m██[38;2;130;131;128m██[38;2;78;83;111m██[38;2;78;84;121m██[38;2;94;99;124m██[38;2;200;201;195m██[38;2;94;99;124m██[38;2;65;70;103m██[38;2;65;69;94m██[38;2;65;68;86m  [38;2;46;49;65m██[38;2;30;32;46m  [38;2;1;1;1m  [38;2;0;0;0m            
[38;2;0;0;0m  [38;2;8;8;8m  [38;2;184;82;46m██[38;2;133;59;116m██[38;2;150;68;189m██[38;2;223;224;230m██[38;2;89;95;134m██[38;2;182;184;182m██[38;2;196;197;191m██[38;2;191;192;187m██[38;2;75;78;97m██[38;2;89;95;135m██[38;2;89;95;136m██[38;2;66;72;105m██[38;2;66;69;86m██[38;2;65;70;101m██[38;2;70;72;86m██[38;2;72;72;72m██[38;2;8;8;8m  [38;2;0;0;0m                
[38;2;1;1;1m  [38;2;134;119;55m██[38;2;237;205;72m██[38;2;193;168;81m██[38;2;139;129;92m██[38;2;141;144;168m██[38;2;101;102;112m██[38;2;157;159;153m██[38;2;112;113;110m██[38;2;34;34;34m██[38;2;65;69;91m██[38;2;75;81;116m██[38;2;82;88;126m██[38;2;89;96;136m██[38;2;77;83;120m██[38;2;65;68;87m██[38;2;140;141;137m██[38;2;220;220;217m██[38;2;176;176;175m██[38;2;146;146;146m██[38;2;129;129;127m██[38;2;4;4;4m  [38;2;1;1;1m  [38;2;0;0;0m        
[38;2;69;60;23m██[38;2;246;214;71m██[38;2;227;197;68m██[38;2;233;196;68m██[38;2;114;52;59m██[38;2;157;138;73m██[38;2;6;6;6m  [38;2;161;162;157m  [38;2;109;110;106m  [38;2;0;0;0m  [38;2;33;36;51m██[38;2;65;70;100m██[38;2;65;71;103m██[38;2;65;71;104m██[38;2;77;83;119m██[38;2;86;92;131m██[38;2;65;68;82m██[38;2;200;200;195m██[38;2;192;192;187m██[38;2;204;205;200m██[38;2;234;234;234m██[38;2;233;234;232m██[38;2;64;65;63m██[38;2;0;0;0m        
[38;2;27;24;10m  [38;2;213;185;62m██[38;2;21;21;21m  [38;2;44;16;21m  [38;2;171;95;60m  [38;2;33;30;18m██[38;2;0;0;0m  [38;2;2;2;2m  [38;2;3;3;3m  [38;2;4;4;4m  [38;2;56;61;88m██[38;2;80;84;109m██[38;2;48;50;62m██[38;2;65;71;104m██[38;2;69;75;110m██[38;2;65;70;103m██[38;2;45;46;52m██[38;2;123;123;120m██[38;2;169;170;165m██[38;2;126;126;123m██[38;2;167;168;164m██[38;2;68;69;67m  [38;2;2;2;2m  [38;2;0;0;0m        
[38;2;0;0;0m  [38;2;4;4;4m  [38;2;1;1;1m  [38;2;128;53;33m  [38;2;111;97;49m  [38;2;0;0;0m      [38;2;38;38;37m██[38;2;164;145;79m██[38;2;141;129;90m██[38;2;89;95;134m██[38;2;3;3;3m  [38;2;7;7;7m██[38;2;87;83;67m██[38;2;63;68;95m██[38;2;7;7;7m  [38;2;6;6;6m  [38;2;36;36;36m  [38;2;154;155;150m  [38;2;6;6;6m  [38;2;0;0;0m            
[38;2;0;0;0m      [38;2;1;1;1m    [38;2;0;0;0m    [38;2;6;6;6m  [38;2;70;71;68m██[38;2;139;124;73m██[38;2;189;165;81m██[38;2;40;41;52m██[38;2;3;3;3m  [38;2;71;73;69m██[38;2;117;107;69m██[38;2;179;158;67m██[38;2;13;13;13m  [38;2;0;0;0m  [38;2;1;1;1m  [38;2;2;2;2m  [38;2;0;0;0m              
[38;2;0;0;0m              [38;2;5;5;5m  [38;2;3;3;3m  [38;2;6;6;6m  [38;2;203;177;75m██[38;2;13;12;9m██[38;2;2;2;2m  [38;2;86;89;84m██[38;2;92;92;82m██[38;2;91;86;69m██[38;2;87;77;40m██[38;2;0;0;0m                    
[38;2;0;0;0m                [38;2;1;1;1m  [38;2;69;71;67m  [38;2;78;76;63m██[38;2;4;4;3m  [38;2;0;0;0m  [38;2;2;2;2m  [38;2;108;96;54m██[38;2;184;160;80m██[38;2;28;25;14m  [38;2;0;0;0m                    
[38;2;0;0;0m                  [38;2;5;5;5m  [38;2;3;3;3m  [38;2;0;0;0m    [38;2;1;1;1m  [38;2;52;52;51m██[38;2;143;125;63m  [38;2;2;2;2m  [38;2;0;0;0m                    
[38;2;0;0;0m                          [38;2;1;1;1m  [38;2;32;32;31m██[38;2;1;1;1m  [38;2;0;0;0m                      [0m
