
[38;2;0;0;0m      [38;2;13;16;13m  [38;2;11;13;11m  [38;2;0;0;0m                                            
[38;2;0;0;0m      [38;2;11;14;11m  [38;2;26;28;26m██[38;2;7;10;7m  [38;2;0;0;0m                                          
[38;2;5;6;5m  [38;2;19;21;19m██[38;2;0;0;0m      [38;2;0;3;0m  [38;2;0;0;0m  [38;2;0;1;0m  [38;2;21;27;27m██[38;2;1;2;1m  [38;2;0;0;0m                                  
[38;2;3;4;3m  [38;2;11;14;11m██[38;2;38;38;38m  [38;2;0;0;0m      [38;2;0;2;0m  [38;2;0;3;0m  [38;2;146;152;159m██[38;2;5;10;7m██[38;2;0;0;0m                                  
[38;2;0;0;0m    [38;2;0;2;0m  [38;2;0;3;0m  [38;2;0;0;0m    [38;2;0;1;0m  [38;2;0;4;0m██[38;2;222;223;222m██[38;2;87;97;109m██[38;2;0;3;3m  [38;2;0;0;0m                    [38;2;0;1;0m  [38;2;17;22;23m  [38;2;26;33;35m████[38;2;0;1;0m  [38;2;0;0;0m  
[38;2;0;0;0m        [38;2;0;2;0m  [38;2;0;0;0m    [38;2;0;3;0m  [38;2;171;176;181m██[38;2;193;199;204m██[38;2;35;42;42m  [38;2;0;0;0m                [38;2;0;3;0m  [38;2;42;49;57m  [38;2;67;77;92m██[38;2;75;85;100m██[38;2;79;90;104m██[38;2;79;89;104m██[38;2;67;77;92m██[38;2;17;22;23m  
[38;2;0;0;0m          [38;2;0;1;0m  [38;2;0;0;0m  [38;2;0;3;0m  [38;2;101;109;120m██[38;2;211;213;213m██[38;2;74;79;83m██[38;2;0;0;0m            [38;2;2;4;3m  [38;2;31;35;43m██[38;2;149;150;156m██[38;2;147;152;163m██[38;2;255;255;255m████[38;2;189;191;198m██[38;2;160;163;173m██[38;2;79;89;104m██[38;2;20;26;26m██
[38;2;0;0;0m          [38;2;0;3;0m  [38;2;0;0;0m    [38;2;35;42;43m██[38;2;132;140;147m██[38;2;154;161;166m██[38;2;2;6;3m  [38;2;0;0;0m        [38;2;0;2;0m  [38;2;85;92;106m██[38;2;237;238;239m██[38;2;255;255;255m██████[38;2;151;155;166m██[38;2;237;238;240m██[38;2;249;250;250m██[38;2;78;89;106m██[38;2;20;26;27m██
[38;2;0;0;0m            [38;2;0;3;0m  [38;2;0;1;0m  [38;2;80;83;82m██[38;2;81;85;97m██[38;2;184;187;194m██[38;2;5;7;5m██[38;2;0;0;0m        [38;2;84;89;93m██[38;2;255;255;255m██████[38;2;209;211;215m██[38;2;154;158;169m██[38;2;221;222;226m██[38;2;182;185;192m██[38;2;110;117;131m██[38;2;60;70;83m██[38;2;0;1;0m  
[38;2;0;0;0m        [38;2;0;1;0m  [38;2;0;3;0m  [38;2;105;93;143m██[38;2;117;107;160m██[38;2;93;86;111m██[38;2;138;131;153m██[38;2;78;75;81m██[38;2;3;3;2m██[38;2;0;0;0m      [38;2;8;12;8m  [38;2;248;248;248m██[38;2;255;255;255m██[38;2;190;193;197m██[38;2;92;98;109m██[38;2;188;190;197m██[38;2;230;231;234m██[38;2;92;98;115m██[38;2;213;216;219m██[38;2;79;89;104m██[38;2;3;7;4m  [38;2;0;0;0m  
[38;2;0;0;0m      [38;2;0;1;0m  [38;2;126;84;98m██[38;2;147;125;191m██[38;2;160;143;226m██[38;2;159;144;225m██[38;2;119;109;163m██[38;2;136;120;188m██[38;2;138;121;189m██[38;2;67;60;90m██[38;2;0;0;0m    [38;2;0;2;0m  [38;2;252;252;252m  [38;2;175;178;186m██[38;2;161;165;175m████[38;2;104;111;126m██[38;2;79;89;104m██[38;2;175;178;186m  [38;2;255;255;255m██[38;2;157;162;172m██[38;2;23;29;31m██[38;2;0;0;0m    
[38;2;0;0;0m    [38;2;0;1;0m  [38;2;203;146;131m  [38;2;189;129;145m██[38;2;132;109;170m██[38;2;158;144;223m██[38;2;161;143;226m██[38;2;161;93;111m██[38;2;138;37;52m██[38;2;138;74;111m██[38;2;137;121;186m██[38;2;71;63;96m  [38;2;0;0;0m  [38;2;129;131;129m  [38;2;91;98;115m██[38;2;251;251;252m██[38;2;255;255;255m████[38;2;233;234;236m██[38;2;188;191;198m██[38;2;255;255;255m██[38;2;139;146;158m██[38;2;63;73;87m██[38;2;0;1;0m  [38;2;0;0;0m    
[38;2;0;0;0m    [38;2;32;14;12m  [38;2;214;117;108m██[38;2;139;68;93m██[38;2;139;121;185m██[38;2;136;121;189m██[38;2;136;84;130m██[38;2;209;138;137m██[38;2;253;178;161m██[38;2;189;113;106m██[38;2;103;92;124m██[38;2;104;92;143m██[38;2;0;0;0m  [38;2;107;110;114m██[38;2;255;255;255m████[38;2;248;248;249m██[38;2;168;171;181m██[38;2;178;181;189m██[38;2;200;202;208m██[38;2;168;172;180m██[38;2;108;116;131m██[38;2;0;3;0m  [38;2;0;0;0m      
[38;2;0;0;0m    [38;2;64;27;23m  [38;2;146;49;58m██[38;2;135;119;186m██[38;2;136;120;188m██[38;2;137;121;188m██[38;2;131;49;71m██[38;2;254;180;163m██[38;2;255;182;164m██[38;2;239;137;126m██[38;2;71;65;66m██[38;2;121;113;164m██[38;2;84;82;84m██[38;2;255;253;255m██[38;2;254;254;254m██[38;2;157;161;171m██[38;2;82;89;107m██[38;2;85;92;109m████[38;2;192;194;201m██[38;2;229;230;233m██[38;2;27;32;35m██[38;2;0;0;0m        
[38;2;0;0;0m    [38;2;0;2;0m  [38;2;82;40;44m██[38;2;77;113;130m██[38;2;96;97;126m██[38;2;112;101;145m██[38;2;73;71;79m██[38;2;228;102;101m██[38;2;237;129;122m██[38;2;222;84;84m██[38;2;71;65;66m██[38;2;94;94;122m██[38;2;168;167;168m██[38;2;206;208;213m██[38;2;162;165;175m██[38;2;175;178;186m██[38;2;181;184;191m  [38;2;255;255;255m██████[38;2;149;154;164m██[38;2;27;32;35m██[38;2;0;0;0m        
[38;2;0;0;0m      [38;2;10;14;10m  [38;2;105;195;219m████[38;2;70;101;129m██[38;2;99;100;133m██[38;2;124;80;88m██[38;2;212;84;82m██[38;2;148;76;76m██[38;2;102;103;139m██[38;2;94;91;102m██[38;2;244;245;246m██[38;2;176;179;188m██[38;2;244;245;246m████████[38;2;255;255;255m██[38;2;248;248;249m██[38;2;77;88;106m██[38;2;24;30;33m  [38;2;0;0;0m        
[38;2;0;0;0m      [38;2;75;78;75m  [38;2;35;64;77m██[38;2;142;164;179m██[38;2;78;91;110m██[38;2;102;103;138m██[38;2;100;93;116m██[38;2;88;88;110m██[38;2;95;95;124m██[38;2;82;82;99m██[38;2;109;106;122m██[38;2;77;84;97m██[38;2;154;158;164m██[38;2;181;184;192m██[38;2;173;177;183m██[38;2;164;169;172m██[38;2;182;185;192m██[38;2;154;158;169m██[38;2;108;114;130m██[38;2;66;76;91m██[38;2;0;1;0m  [38;2;0;0;0m        
[38;2;0;0;0m            [38;2;71;73;75m██[38;2;67;68;72m██[38;2;102;103;137m██[38;2;72;80;85m██[38;2;83;88;105m██[38;2;104;108;144m██[38;2;121;111;162m██[38;2;77;83;95m██[38;2;196;197;198m██[38;2;205;207;210m██[38;2;236;237;234m██[38;2;249;250;249m██[38;2;242;244;241m██[38;2;253;253;253m██[38;2;139;144;156m██[38;2;0;3;0m  [38;2;0;0;0m          
[38;2;0;0;0m          [38;2;0;1;0m  [38;2;47;68;88m██[38;2;73;82;97m██[38;2;98;98;130m██[38;2;82;113;124m██[38;2;105;171;198m██[38;2;86;93;110m██[38;2;119;113;164m██[38;2;104;105;142m██[38;2;121;120;121m██[38;2;131;131;131m██[38;2;185;188;185m██[38;2;241;243;240m██[38;2;177;177;176m██[38;2;125;125;127m██[38;2;29;36;40m██[38;2;0;1;0m  [38;2;0;0;0m          
[38;2;0;0;0m            [38;2;0;1;0m  [38;2;0;3;0m  [38;2;81;79;103m██[38;2;98;171;191m██[38;2;107;186;212m██[38;2;70;72;81m██[38;2;104;105;140m██[38;2;104;102;127m██[38;2;130;130;134m██[38;2;221;223;221m██[38;2;147;147;147m██[38;2;87;87;87m██[38;2;82;88;99m██[38;2;0;3;0m  [38;2;0;0;0m              
[38;2;0;0;0m                [38;2;16;17;19m  [38;2;55;62;71m██[38;2;80;100;122m██[38;2;98;110;141m██[38;2;84;92;115m██[38;2;20;22;23m██[38;2;15;18;18m  [38;2;130;137;148m██[38;2;222;225;222m██[38;2;215;216;216m██[38;2;98;107;122m██[38;2;0;3;0m  [38;2;0;0;0m              
[38;2;0;0;0m                  [38;2;12;3;0m  [38;2;78;102;124m██[38;2;66;65;66m██[38;2;74;93;118m██[38;2;73;122;163m██[38;2;0;1;0m  [38;2;0;3;0m  [38;2;33;42;44m  [38;2;64;74;86m██[38;2;26;32;35m  [38;2;0;0;0m                
[38;2;0;0;0m                  [38;2;0;3;0m  [38;2;73;121;165m██[38;2;66;67;69m██[38;2;47;69;91m██[38;2;71;130;156m██[38;2;36;67;79m  [38;2;0;0;0m    [38;2;0;1;0m  [38;2;0;0;0m                  
[38;2;0;0;0m                  [38;2;0;2;0m  [38;2;65;97;105m██[38;2;3;8;6m  [38;2;0;1;0m  [38;2;99;182;209m██[38;2;51;97;106m██[38;2;0;0;0m                        
[38;2;0;0;0m                    [38;2;0;1;0m  [38;2;0;0;0m    [38;2;18;34;43m██[38;2;13;26;27m  [38;2;0;0;0m                        [0m
