
[38;2;0;0;0m                                      [38;2;46;28;6m  [38;2;0;0;0m                                
[38;2;0;0;0m                                    [38;2;46;28;6m  [38;2;92;56;12m██[38;2;0;0;0m                                
[38;2;0;0;0m                          [38;2;47;46;0m  [38;2;63;61;0m██[38;2;15;15;0m  [38;2;15;9;2m  [38;2;154;93;20m██[38;2;185;112;24m██[38;2;46;28;6m  [38;2;0;0;0m                  [38;2;185;112;24m██[38;2;0;0;0m            
[38;2;0;0;0m                        [38;2;47;46;0m  [38;2;95;92;0m██[38;2;63;61;0m██[38;2;154;99;18m██[38;2;154;93;20m██[38;2;15;9;2m  [38;2;0;0;0m                    [38;2;46;28;6m  [38;2;92;56;12m██[38;2;0;0;0m            
[38;2;0;0;0m                    [38;2;15;15;0m  [38;2;207;200;0m██[38;2;143;138;0m  [38;2;0;0;0m                        [38;2;46;28;6m  [38;2;185;112;24m████[38;2;138;84;18m  [38;2;0;0;0m              
[38;2;0;0;0m                    [38;2;63;61;0m██[38;2;111;108;0m██[38;2;0;0;0m            [38;2;47;15;10m  [38;2;191;61;42m██████[38;2;191;60;42m██[38;2;47;15;10m  [38;2;191;158;9m██[38;2;94;47;15m██[38;2;0;0;0m                    
[38;2;0;0;0m                [38;2;15;15;0m  [38;2;63;61;0m██[38;2;191;185;0m██[38;2;47;46;0m  [38;2;0;0;0m    [38;2;15;7;2m  [38;2;63;23;13m██[38;2;220;77;56m████[38;2;228;77;56m██[38;2;255;81;56m████[38;2;255;112;46m██[38;2;250;138;36m██[38;2;250;207;13m██[38;2;255;178;23m██[38;2;255;99;50m██[38;2;63;20;14m██[38;2;15;5;3m  [38;2;0;0;0m                
[38;2;0;0;0m                [38;2;159;154;0m██[38;2;63;61;0m██[38;2;0;0;0m      [38;2;143;45;32m  [38;2;200;101;33m██[38;2;253;91;52m██[38;2;220;77;56m████[38;2;202;74;56m██[38;2;150;69;56m██[38;2;255;112;46m██[38;2;255;236;3m██[38;2;185;119;40m██[38;2;113;64;64m██[38;2;154;71;60m██[38;2;150;69;56m██[38;2;176;72;56m██[38;2;207;65;46m██[38;2;143;45;32m  [38;2;0;0;0m              
[38;2;0;0;0m              [38;2;191;185;0m██[38;2;47;46;0m  [38;2;0;0;0m    [38;2;47;15;10m  [38;2;255;91;53m██[38;2;255;215;10m██[38;2;253;221;8m██[38;2;254;210;12m██[38;2;255;166;28m██[38;2;255;135;39m██[38;2;255;81;56m██[38;2;255;112;46m██[38;2;255;205;14m██[38;2;207;65;46m██[38;2;60;44;37m██[38;2;106;63;55m██[38;2;104;97;52m██[38;2;222;193;14m██[38;2;202;155;27m██[38;2;113;68;56m██[38;2;109;68;61m██[38;2;51;25;20m██[38;2;0;0;0m            
[38;2;0;0;0m              [38;2;47;46;0m  [38;2;132;130;38m██[38;2;47;46;20m  [38;2;191;61;42m██[38;2;239;78;53m██[38;2;255;124;42m██[38;2;255;122;42m██[38;2;253;97;50m██[38;2;254;179;23m██[38;2;255;215;10m██[38;2;255;122;42m██[38;2;255;205;14m██[38;2;255;143;35m██[38;2;63;51;3m██[38;2;15;5;3m  [38;2;0;1;0m  [38;2;21;12;10m  [38;2;211;197;17m██[38;2;172;125;37m██[38;2;247;181;21m██[38;2;119;105;50m██[38;2;85;63;61m██[38;2;160;75;43m██[38;2;0;0;0m            
[38;2;0;0;0m                [38;2;47;30;19m██[38;2;216;202;13m██[38;2;255;114;94m██[38;2;255;174;24m██[38;2;253;197;32m██[38;2;253;137;101m██[38;2;248;201;15m██[38;2;253;111;46m██[38;2;242;84;50m██[38;2;229;91;47m██[38;2;208;72;53m██[38;2;47;15;10m  [38;2;0;0;0m    [38;2;15;15;0m  [38;2;159;154;0m██[38;2;23;11;11m  [38;2;164;122;29m██[38;2;228;206;12m██[38;2;253;222;8m██[38;2;156;90;55m██[38;2;255;105;48m██[38;2;21;12;10m  [38;2;0;0;0m          
[38;2;0;0;0m              [38;2;64;37;32m  [38;2;143;98;46m██[38;2;211;155;28m██[38;2;255;211;205m██[38;2;255;81;56m██[38;2;248;187;179m██[38;2;230;115;100m██[38;2;224;68;55m██[38;2;253;166;36m██[38;2;241;189;18m██[38;2;149;73;57m██[38;2;113;78;73m██[38;2;17;12;11m  [38;2;0;0;0m    [38;2;159;154;0m██[38;2;15;15;0m  [38;2;0;0;2m  [38;2;162;95;34m██[38;2;197;118;41m██[38;2;147;86;50m██[38;2;174;90;50m██[38;2;148;82;58m██[38;2;86;50;42m██[38;2;0;0;0m          
[38;2;0;0;0m              [38;2;64;37;32m  [38;2;49;42;4m  [38;2;197;170;16m██[38;2;255;146;131m██[38;2;255;244;242m██[38;2;215;129;73m██[38;2;246;202;12m██[38;2;255;100;107m██[38;2;255;206;63m██[38;2;241;81;59m██[38;2;116;74;71m██[38;2;128;78;69m██[38;2;120;109;30m██[38;2;95;92;20m██[38;2;191;185;0m██[38;2;0;0;0m    [38;2;111;108;0m██[38;2;253;228;6m██[38;2;253;221;8m██[38;2;251;183;23m██[38;2;234;112;42m██[38;2;47;15;10m  [38;2;0;0;0m            
[38;2;0;0;0m                [38;2;1;0;1m  [38;2;49;42;4m  [38;2;63;52;51m████[38;2;252;145;130m██[38;2;246;208;203m██[38;2;255;195;164m██[38;2;148;91;55m██[38;2;110;68;63m██[38;2;119;67;60m██[38;2;120;109;30m██[38;2;243;235;6m██[38;2;47;46;1m  [38;2;0;0;0m    [38;2;143;138;0m  [38;2;249;171;24m██[38;2;252;209;12m██[38;2;251;203;14m██[38;2;248;136;49m██[38;2;115;45;35m██[38;2;0;0;0m              
[38;2;0;0;0m    [38;2;61;37;8m████[38;2;0;0;0m      [38;2;46;28;6m    [38;2;0;0;0m          [38;2;191;142;12m██[38;2;191;174;3m██[38;2;219;212;12m██[38;2;112;110;48m██[38;2;143;138;10m  [38;2;0;0;6m  [38;2;0;0;0m  [38;2;46;34;4m  [38;2;253;186;20m██[38;2;253;212;11m██[38;2;250;223;7m██[38;2;244;226;6m██[38;2;233;125;35m██[38;2;46;34;15m  [38;2;69;29;25m  [38;2;0;0;0m              
[38;2;0;0;0m  [38;2;143;138;0m  [38;2;61;37;8m██[38;2;200;121;26m██[38;2;138;84;18m  [38;2;0;0;0m  [38;2;47;46;0m  [38;2;94;74;6m██[38;2;92;56;12m██[38;2;46;28;6m  [38;2;0;0;0m            [38;2;63;61;0m████[38;2;0;0;0m    [38;2;185;118;23m██[38;2;231;170;22m██[38;2;253;222;8m██[38;2;253;221;8m██[38;2;250;218;9m██[38;2;169;112;39m██[38;2;47;15;10m  [38;2;0;0;0m                  
[38;2;63;61;0m██[38;2;111;108;0m██[38;2;0;0;0m    [38;2;46;28;6m  [38;2;92;56;12m██[38;2;143;138;0m  [38;2;0;0;0m    [38;2;138;84;18m  [38;2;154;93;20m██[38;2;61;37;8m██[38;2;46;28;6m  [38;2;0;0;0m          [38;2;63;49;4m██[38;2;128;95;33m██[38;2;149;104;44m██[38;2;197;118;41m██[38;2;214;128;38m██[38;2;244;110;46m██[38;2;172;75;41m██[38;2;28;16;14m██[38;2;0;0;0m    [38;2;15;7;2m  [38;2;63;28;10m██[38;2;63;20;14m████[38;2;0;0;0m        
[38;2;15;15;0m  [38;2;207;200;0m██[38;2;143;138;0m  [38;2;0;2;9m    [38;2;46;28;6m██[38;2;138;85;27m  [38;2;0;1;4m  [38;2;0;0;0m    [38;2;15;9;2m  [38;2;61;37;8m██[38;2;92;56;12m██[38;2;185;112;24m██[38;2;0;0;0m    [38;2;3;0;1m  [38;2;146;136;6m  [38;2;253;216;10m██[38;2;249;169;25m██[38;2;250;185;20m██[38;2;223;150;31m██[38;2;214;104;50m██[38;2;101;45;21m██[38;2;7;4;3m    [38;2;0;0;0m  [38;2;106;31;23m  [38;2;158;48;34m██[38;2;226;92;43m██[38;2;228;77;56m██[38;2;150;69;56m██[38;2;88;45;38m██[38;2;23;13;11m  [38;2;0;0;0m    
[38;2;0;0;0m    [38;2;47;46;0m  [38;2;115;89;25m██[38;2;222;132;48m██[38;2;249;133;41m██[38;2;119;76;39m██[38;2;188;116;30m██[38;2;154;93;20m██[38;2;61;37;8m██[38;2;46;28;6m  [38;2;0;0;0m          [38;2;95;79;6m██[38;2;238;210;12m██[38;2;253;221;8m██[38;2;250;185;20m██[38;2;249;141;35m██[38;2;205;171;9m██[38;2;90;47;31m██[38;2;0;0;3m  [38;2;0;0;0m    [38;2;109;83;8m██[38;2;251;210;12m██[38;2;237;199;12m██[38;2;157;55;33m██[38;2;128;56;46m██[38;2;255;81;56m██[38;2;255;81;58m██[38;2;255;84;63m██[38;2;0;0;0m    
[38;2;0;0;0m    [38;2;47;46;0m  [38;2;69;58;10m██[38;2;37;19;16m██[38;2;135;48;38m██[38;2;217;77;58m██[38;2;116;56;46m██[38;2;15;9;2m██[38;2;61;37;8m██[38;2;46;28;6m  [38;2;0;0;0m        [38;2;138;102;13m  [38;2;247;179;24m██[38;2;252;209;12m██[38;2;251;203;14m██[38;2;253;222;8m██[38;2;207;78;42m██[38;2;15;5;3m  [38;2;21;12;10m  [38;2;0;0;0m    [38;2;138;84;18m  [38;2;250;184;20m██[38;2;248;192;20m██[38;2;46;34;4m  [38;2;0;0;0m  [38;2;15;5;3m  [38;2;207;66;46m██[38;2;253;94;52m██[38;2;253;93;52m██[38;2;143;45;32m  [38;2;0;0;0m  
[38;2;0;0;0m  [38;2;47;46;0m  [38;2;143;138;0m  [38;2;0;0;0m      [38;2;203;64;45m██[38;2;249;79;55m██[38;2;47;15;10m  [38;2;0;0;0m        [38;2;46;28;6m  [38;2;152;134;40m██[38;2;215;135;37m██[38;2;252;209;12m██[38;2;249;171;24m██[38;2;253;221;8m██[38;2;254;134;38m██[38;2;167;74;42m██[38;2;11;3;2m  [38;2;0;0;0m    [38;2;18;12;6m  [38;2;120;86;24m██[38;2;153;99;45m██[38;2;36;22;12m██[38;2;0;0;0m      [38;2;0;3;6m  [38;2;217;80;58m██[38;2;220;77;56m██[38;2;154;61;44m██[38;2;0;2;2m  
[38;2;0;0;0m  [38;2;191;185;0m██[38;2;0;0;0m        [38;2;34;14;9m██[38;2;187;59;43m██[38;2;154;47;33m██[38;2;0;0;0m      [38;2;46;27;6m  [38;2;236;194;12m██[38;2;113;86;56m██[38;2;252;203;12m██[38;2;252;204;12m██[38;2;249;171;24m██[38;2;253;222;8m██[38;2;254;120;43m██[38;2;95;64;61m██[38;2;45;22;20m██[38;2;0;0;0m    [38;2;63;58;1m██[38;2;250;178;24m██[38;2;199;138;21m██[38;2;13;10;1m  [38;2;0;0;0m      [38;2;143;46;33m  [38;2;221;74;53m██[38;2;220;77;56m██[38;2;101;57;48m██[38;2;21;13;11m  
[38;2;0;0;0m    [38;2;191;149;12m██[38;2;186;121;21m██[38;2;61;37;8m██[38;2;15;9;2m  [38;2;50;31;27m██[38;2;179;59;45m██[38;2;141;42;30m██[38;2;0;0;0m      [38;2;103;87;6m██[38;2;217;143;32m██[38;2;88;71;61m██[38;2;147;90;48m██[38;2;196;161;24m██[38;2;220;201;14m██[38;2;214;126;38m██[38;2;102;80;59m██[38;2;117;63;57m██[38;2;158;58;45m██[38;2;0;0;0m    [38;2;48;46;1m  [38;2;235;174;22m██[38;2;199;138;21m██[38;2;13;10;1m  [38;2;0;0;0m    [38;2;15;5;3m  [38;2;205;78;41m██[38;2;254;82;57m██[38;2;206;68;48m██[38;2;0;0;0m    
[38;2;0;0;0m        [38;2;61;37;8m██[38;2;154;93;20m██[38;2;89;63;61m██[38;2;112;61;56m██[38;2;72;47;44m██[38;2;0;0;0m      [38;2;246;196;17m██[38;2;197;156;29m██[38;2;111;86;57m██[38;2;244;205;11m██[38;2;220;177;20m██[38;2;213;128;38m██[38;2;214;128;38m██[38;2;209;89;54m██[38;2;100;64;60m██[38;2;181;56;42m██[38;2;0;0;0m    [38;2;2;0;4m  [38;2;100;91;16m██[38;2;153;99;45m██[38;2;36;22;12m██[38;2;0;0;0m    [38;2;207;65;46m██[38;2;253;93;52m██[38;2;217;110;37m██[38;2;30;18;15m██[38;2;0;0;0m    
[38;2;0;0;0m            [38;2;75;41;37m██[38;2;183;59;44m██[38;2;189;56;40m██[38;2;82;24;17m██[38;2;15;9;2m  [38;2;198;165;11m██[38;2;195;144;30m██[38;2;200;153;24m██[38;2;47;46;0m  [38;2;233;157;24m██[38;2;248;166;26m██[38;2;253;221;8m██[38;2;252;209;12m██[38;2;214;149;30m██[38;2;138;52;61m██[38;2;158;58;47m██[38;2;118;47;40m██[38;2;0;2;2m  [38;2;15;10;7m  [38;2;169;105;35m██[38;2;175;156;33m██[38;2;116;83;37m██[38;2;43;31;31m██[38;2;95;39;33m██[38;2;96;62;59m██[38;2;108;49;42m██[38;2;101;38;30m  [38;2;64;37;32m  [38;2;0;0;0m    
[38;2;0;0;0m            [38;2;7;7;7m  [38;2;149;45;33m██[38;2;184;61;42m██[38;2;147;61;51m██[38;2;157;112;26m██[38;2;147;91;32m██[38;2;167;96;39m██[38;2;8;4;6m  [38;2;0;0;0m  [38;2;46;27;6m  [38;2;253;222;8m██[38;2;253;221;8m██[38;2;247;153;30m██[38;2;249;165;26m██[38;2;225;124;41m██[38;2;101;68;64m██[38;2;158;49;37m██[38;2;72;47;45m██[38;2;64;58;52m██[38;2;149;63;43m██[38;2;160;57;47m██[38;2;162;55;42m██[38;2;185;62;46m██[38;2;224;67;43m██[38;2;114;48;40m██[38;2;79;29;22m██[38;2;0;2;3m  [38;2;0;0;0m      
[38;2;0;0;0m                [38;2;23;10;10m  [38;2;166;88;29m██[38;2;183;156;9m██[38;2;39;31;9m  [38;2;0;0;4m  [38;2;0;0;0m      [38;2;46;27;6m  [38;2;185;110;24m██[38;2;218;183;20m██[38;2;220;184;15m██[38;2;183;168;22m██[38;2;112;71;62m██[38;2;100;68;58m██[38;2;196;81;37m██[38;2;189;57;42m██[38;2;115;67;55m██[38;2;96;62;59m██[38;2;147;54;43m██[38;2;176;57;42m██[38;2;73;46;40m██[38;2;96;51;44m██[38;2;7;7;8m  [38;2;0;0;0m        
[38;2;0;0;0m                                    [38;2;28;16;14m██[38;2;30;17;18m██[38;2;212;126;43m██[38;2;111;80;57m██[38;2;218;200;13m██[38;2;245;223;11m██[38;2;222;123;32m██[38;2;138;65;50m██[38;2;96;62;59m██[38;2;41;27;25m██[38;2;33;17;15m  [38;2;0;0;0m  [38;2;28;16;14m██[38;2;7;4;3m  [38;2;0;0;0m        
[38;2;0;0;0m                                                  [38;2;64;37;32m  [38;2;86;50;42m██[38;2;0;0;0m                  
[38;2;0;0;0m                                                    [38;2;21;12;10m██[38;2;0;0;0m                  [0m
