
[38;2;0;0;0m                      [38;2;32;28;39m  [38;2;0;0;0m                        
[38;2;0;0;0m                      [38;2;120;103;145m██[38;2;0;0;0m                        
[38;2;0;0;0m                      [38;2;133;114;161m██[38;2;12;11;15m  [38;2;0;0;0m                      
[38;2;0;0;0m                      [38;2;46;40;56m██[38;2;35;30;43m██[38;2;0;0;0m                      
[38;2;0;0;0m                      [38;2;35;30;43m  [38;2;156;134;189m██[38;2;0;0;0m                      
[38;2;0;0;0m                      [38;2;159;133;192m██[38;2;156;133;189m██[38;2;0;0;0m                      
[38;2;0;0;0m                    [38;2;107;92;129m██[38;2;159;133;192m██[38;2;36;30;43m██[38;2;0;0;0m                      
[38;2;0;0;0m                  [38;2;22;19;28m██[38;2;155;134;190m██[38;2;155;133;194m██[38;2;36;30;43m██[38;2;0;0;0m                      
[38;2;0;0;0m                  [38;2;20;19;30m██[38;2;134;139;213m██[38;2;140;137;208m██[38;2;106;98;142m██[38;2;0;0;0m                      
[38;2;0;0;0m                  [38;2;16;21;33m██[38;2;112;146;231m██[38;2;145;192;249m██[38;2;114;145;230m██[38;2;0;0;0m                      
[38;2;0;0;0m                  [38;2;5;5;9m  [38;2;114;143;186m██[38;2;153;203;253m██[38;2;57;74;105m██[38;2;0;0;0m                      
[38;2;0;0;0m                  [38;2;13;15;16m██[38;2;125;150;172m██[38;2;98;106;103m██[38;2;111;119;116m██[38;2;14;14;13m  [38;2;0;0;0m                    
[38;2;0;0;0m          [38;2;124;107;151m  [38;2;0;0;0m      [38;2;119;155;188m██[38;2;77;76;72m██[38;2;95;96;87m██[38;2;74;73;70m██[38;2;96;106;114m██[38;2;58;72;86m██[38;2;0;0;0m                  
[38;2;42;36;51m██[38;2;29;25;35m██[38;2;0;0;0m    [38;2;20;22;35m  [38;2;130;140;219m██[38;2;0;0;0m  [38;2;8;8;9m██[38;2;190;202;212m██[38;2;220;235;244m██[38;2;148;153;150m██[38;2;107;126;162m██[38;2;97;105;109m██[38;2;150;199;255m██[38;2;156;208;255m██[38;2;62;76;88m██[38;2;0;0;0m      [38;2;31;27;38m  [38;2;0;0;0m    [38;2;29;25;35m██[38;2;42;36;51m██
[38;2;42;35;51m██[38;2;147;122;177m██[38;2;0;0;0m    [38;2;67;87;110m██[38;2;153;201;252m██[38;2;28;28;28m  [38;2;69;69;66m██[38;2;198;227;219m██[38;2;93;93;80m██[38;2;132;156;195m██[38;2;147;178;255m██[38;2;97;101;110m██[38;2;109;123;138m██[38;2;156;199;255m██[38;2;124;154;177m██[38;2;4;4;3m  [38;2;0;0;0m    [38;2;87;75;106m██[38;2;0;0;0m  [38;2;4;2;0m  [38;2;128;164;221m██[38;2;36;47;65m██
[38;2;17;22;34m  [38;2;124;157;220m██[38;2;51;61;72m  [38;2;29;28;26m  [38;2;72;71;65m██[38;2;77;76;65m██[38;2;51;50;51m██[38;2;218;220;112m██[38;2;112;123;128m██[38;2;91;95;93m██[38;2;127;152;195m██[38;2;132;154;211m██[38;2;135;128;64m██[38;2;127;122;65m██[38;2;144;183;227m██[38;2;156;207;255m██[38;2;9;12;15m██[38;2;0;0;0m    [38;2;93;98;134m██[38;2;129;133;174m██[38;2;54;55;59m██[38;2;112;132;162m██[38;2;29;36;45m██
[38;2;2;1;0m  [38;2;50;60;69m██[38;2;65;70;81m██[38;2;70;70;67m██[38;2;31;30;28m██[38;2;1;1;1m██[38;2;0;0;0m  [38;2;73;69;65m██[38;2;118;134;180m██[38;2;81;81;65m████[38;2;73;69;65m██[38;2;213;200;63m██[38;2;195;184;63m██[38;2;142;186;227m██[38;2;120;150;180m██[38;2;4;4;4m██[38;2;0;0;0m  [38;2;64;63;64m██[38;2;82;101;134m██[38;2;140;189;236m██[38;2;68;66;68m██[38;2;66;63;55m██[38;2;0;0;0m  
[38;2;0;0;0m    [38;2;24;23;20m  [38;2;0;0;0m    ██  [38;2;13;7;9m██[38;2;127;152;216m██[38;2;86;87;78m██[38;2;116;131;163m██[38;2;145;177;255m██[38;2;121;139;188m██[38;2;99;112;125m██[38;2;156;208;255m██[38;2;68;83;98m██[38;2;0;0;0m        [38;2;81;77;67m██[38;2;68;67;66m██[38;2;24;24;24m  [38;2;0;0;0m  
[38;2;0;0;0m                  [38;2;126;149;207m██[38;2;80;76;67m██[38;2;140;167;237m██[38;2;79;89;117m██[38;2;121;136;174m██[38;2;10;10;9m  [38;2;0;0;0m      [38;2;58;57;58m██[38;2;0;0;0m  [38;2;60;59;60m██[38;2;23;23;23m██[38;2;0;0;0m    
[38;2;0;0;0m                  [38;2;3;3;3m  [38;2;59;58;54m██[38;2;76;73;67m██[38;2;34;35;38m██[38;2;3;1;0m  [38;2;0;0;0m            [38;2;40;39;40m██[38;2;8;8;8m  [38;2;0;0;0m    
[38;2;0;0;0m                      [38;2;63;60;52m██[38;2;0;0;0m            ██          
[38;2;0;0;0m                      [38;2;17;16;14m  [38;2;0;0;0m                        [0m
