
[38;2;0;0;0m                                                  [38;2;12;4;2m  [38;2;18;7;4m  [38;2;0;0;0m    
[38;2;0;0;0m                                                  [38;2;48;18;10m██[38;2;209;80;46m██[38;2;0;0;0m    
[38;2;0;0;0m                                                [38;2;42;16;9m  [38;2;255;97;56m██[38;2;209;80;46m██[38;2;0;0;0m    
[38;2;0;0;0m                                                [38;2;171;65;38m██[38;2;255;138;72m██[38;2;74;28;16m██[38;2;0;0;0m    
[38;2;0;0;0m          [38;2;43;22;22m  [38;2;0;0;0m      [38;2;35;14;16m  [38;2;22;9;10m  [38;2;0;0;0m                        [38;2;39;15;8m██[38;2;255;121;58m██[38;2;255;196;66m██[38;2;255;97;56m██[38;2;106;59;28m██[38;2;65;47;20m██
[38;2;0;0;0m          [38;2;173;89;89m██[38;2;0;0;0m      [38;2;35;14;16m  [38;2;139;57;66m██[38;2;117;48;55m██[38;2;0;0;0m                      [38;2;39;22;11m██[38;2;255;208;68m██[38;2;255;151;77m██[38;2;255;97;56m██[38;2;255;167;73m██[38;2;65;61;16m██
[38;2;0;0;0m        [38;2;67;34;34m██[38;2;161;83;83m██[38;2;0;0;0m    [38;2;25;16;8m  [38;2;238;153;76m██[38;2;104;65;68m██[38;2;156;65;73m██[38;2;101;42;48m██[38;2;0;0;0m  [38;2;95;61;30m  [38;2;254;163;82m██[38;2;135;78;57m██[38;2;0;0;0m            [38;2;29;27;7m  [38;2;234;218;59m██[38;2;255;227;67m██[38;2;255;221;68m██[38;2;197;184;50m██[38;2;0;0;0m  
[38;2;0;0;0m        [38;2;170;88;88m██[38;2;31;16;16m██[38;2;0;0;0m    [38;2;216;139;69m██[38;2;124;96;70m██[38;2;76;37;41m██[38;2;156;65;73m████[38;2;2;1;1m██[38;2;0;0;0m  [38;2;65;41;21m██[38;2;220;129;79m██[38;2;181;116;58m  [38;2;0;0;0m            [38;2;171;160;43m██[38;2;255;237;65m██[38;2;255;238;65m██[38;2;49;46;12m  [38;2;0;0;0m  
[38;2;0;0;0m      [38;2;51;33;16m  [38;2;229;134;94m██[38;2;255;163;81m██[38;2;185;119;59m██[38;2;231;149;74m██[38;2;214;130;81m██[38;2;13;6;6m  [38;2;0;0;0m  [38;2;110;46;52m  [38;2;156;65;73m████[38;2;19;8;9m  [38;2;0;0;0m  [38;2;109;56;56m██[38;2;207;139;77m██[38;2;213;128;90m██[38;2;219;122;98m██[38;2;134;84;47m██[38;2;63;40;20m██[38;2;23;14;7m  [38;2;0;0;0m    [38;2;203;141;62m██[38;2;209;151;63m██[38;2;0;0;0m    
[38;2;0;0;0m    [38;2;56;36;18m  [38;2;242;156;78m██[38;2;255;163;81m████████[38;2;229;147;73m██[38;2;16;10;5m  [38;2;0;0;0m    [38;2;156;65;73m████[38;2;78;32;36m██[38;2;2;1;1m  [38;2;181;93;93m██[38;2;64;66;69m██[38;2;89;95;107m██[38;2;123;94;70m██[38;2;227;132;95m██[38;2;255;163;81m██[38;2;214;137;68m██[38;2;0;0;0m    [38;2;41;22;18m██[38;2;63;35;29m██[38;2;0;0;0m    
[38;2;0;0;0m    [38;2;255;163;81m████████[38;2;242;149;88m██[38;2;253;162;82m██[38;2;255;163;81m██[38;2;209;111;103m██[38;2;138;71;71m██[38;2;97;72;72m██[38;2;143;65;72m██[38;2;2;1;1m██[38;2;0;0;0m  [38;2;204;105;105m██[38;2;112;85;95m██[38;2;57;115;188m██[38;2;71;132;178m██[38;2;88;150;157m██[38;2;153;118;82m██[38;2;209;111;103m██[38;2;250;158;84m██[38;2;215;138;69m██[38;2;0;0;0m  [38;2;29;15;15m  [38;2;189;98;98m██[38;2;0;0;0m    
[38;2;0;0;0m    [38;2;119;77;38m██[38;2;255;163;81m████[38;2;192;101;76m██[38;2;242;193;170m██[38;2;253;162;82m██[38;2;240;146;89m██[38;2;206;107;105m██[38;2;205;106;106m████[38;2;131;81;82m██[38;2;116;49;55m██[38;2;76;39;39m  [38;2;202;105;105m██[38;2;60;91;131m██[38;2;56;115;189m████[38;2;61;117;170m██[38;2;18;25;26m██[38;2;74;41;33m██[38;2;226;131;95m██[38;2;245;157;78m██[38;2;62;40;20m  [38;2;0;0;0m  [38;2;144;74;74m██[38;2;0;0;0m    
[38;2;0;0;0m    [38;2;119;77;38m██[38;2;214;117;101m██[38;2;209;126;73m██[38;2;37;40;43m██[38;2;250;241;241m██[38;2;209;119;119m██[38;2;205;106;106m██[38;2;62;53;53m██[38;2;175;90;90m██[38;2;205;106;106m██[38;2;222;126;97m██[38;2;114;90;69m██[38;2;141;92;82m██[38;2;64;65;66m██[38;2;57;109;174m██[38;2;40;81;134m  [38;2;0;0;0m        [38;2;122;78;39m  [38;2;212;114;102m██[38;2;126;81;40m██[38;2;3;3;3m  [38;2;149;79;79m██[38;2;159;82;82m██[38;2;0;0;0m  
[38;2;0;0;0m  [38;2;148;95;47m  [38;2;255;163;81m██[38;2;244;152;86m██[38;2;184;96;85m██[38;2;198;144;95m██[38;2;212;129;129m██[38;2;205;106;106m██[38;2;144;74;74m██[38;2;4;2;2m  [38;2;22;11;11m  [38;2;197;101;101m██[38;2;205;105;105m██[38;2;254;163;82m██[38;2;231;151;79m██[38;2;207;139;77m██[38;2;104;80;61m██[38;2;0;0;0m            [38;2;238;144;89m██[38;2;242;149;87m██[38;2;51;51;51m██[38;2;163;93;93m██[38;2;193;100;100m██[38;2;39;20;20m  
[38;2;65;42;21m██[38;2;255;163;81m██[38;2;237;146;80m██[38;2;255;163;81m██[38;2;250;159;83m██[38;2;181;104;94m██[38;2;143;83;86m██[38;2;88;64;67m██[38;2;149;89;89m██[38;2;41;20;22m██[38;2;89;37;42m██[38;2;69;65;65m██[38;2;205;106;106m██[38;2;205;105;105m██[38;2;255;163;81m██[38;2;208;139;77m██[38;2;255;163;81m██[38;2;61;39;20m██[38;2;7;7;7m  [38;2;0;0;0m        [38;2;29;19;9m  [38;2;208;121;87m██[38;2;113;79;79m██[38;2;194;102;102m██[38;2;205;106;106m██[38;2;53;27;27m██
[38;2;16;10;5m  [38;2;183;102;82m██[38;2;210;115;93m██[38;2;224;128;96m██[38;2;59;36;22m██[38;2;62;59;59m██[38;2;164;60;81m██[38;2;189;91;95m██[38;2;113;71;73m██[38;2;154;65;73m██[38;2;60;37;39m██[38;2;165;94;94m██[38;2;168;75;81m██[38;2;241;148;87m██[38;2;255;163;81m██[38;2;205;138;77m██[38;2;112;89;69m██[38;2;252;162;81m██[38;2;198;130;68m██[38;2;0;0;0m          [38;2;42;27;13m██[38;2;228;139;89m██[38;2;120;81;81m██[38;2;205;105;105m██[38;2;53;27;27m██
[38;2;0;0;0m        [38;2;149;149;149m██[38;2;176;58;85m██[38;2;180;64;84m██[38;2;169;93;94m██[38;2;99;58;62m██[38;2;10;4;4m  [38;2;0;0;0m  [38;2;171;100;99m██[38;2;255;230;197m██[38;2;182;108;106m██[38;2;205;122;92m██[38;2;255;163;81m████[38;2;74;70;65m██[38;2;255;163;81m██[38;2;63;61;61m██[38;2;20;10;10m  [38;2;0;0;0m    [38;2;64;30;32m██[38;2;205;105;105m██[38;2;120;87;75m██[38;2;131;94;75m██[38;2;159;82;82m██[38;2;0;0;0m  
[38;2;0;0;0m        [38;2;36;36;36m██[38;2;188;96;103m██[38;2;165;141;143m██[38;2;123;60;66m██[38;2;112;98;100m██[38;2;0;0;0m    [38;2;241;218;186m██[38;2;255;230;197m████[38;2;242;209;181m██[38;2;179;89;75m██[38;2;112;89;69m██[38;2;209;140;77m██[38;2;173;121;74m██[38;2;173;96;96m██[38;2;174;90;90m██[38;2;56;48;49m██[38;2;117;48;55m██[38;2;157;66;75m██[38;2;192;95;98m██[38;2;168;79;84m██[38;2;194;102;102m██[38;2;39;20;20m  [38;2;0;0;0m  
[38;2;0;0;0m                    [38;2;117;60;60m██[38;2;72;67;67m██[38;2;255;230;197m██████[38;2;67;65;65m██[38;2;186;92;86m██[38;2;243;150;87m██[38;2;146;107;72m██[38;2;251;160;83m██[38;2;209;111;103m██[38;2;104;74;74m██[38;2;147;65;73m██[38;2;161;69;77m██[38;2;176;81;87m██[38;2;193;111;106m██[38;2;34;14;16m  [38;2;0;0;0m    
[38;2;0;0;0m                    [38;2;205;106;106m██[38;2;171;96;96m██[38;2;170;149;129m██[38;2;254;229;196m██[38;2;245;214;181m██[38;2;187;156;132m██[38;2;177;154;144m██[38;2;108;83;82m██[38;2;146;137;128m██[38;2;255;163;81m██[38;2;247;155;85m██[38;2;188;101;101m██[38;2;158;124;109m██[38;2;211;158;135m██[38;2;103;69;62m██[38;2;46;38;31m  [38;2;0;0;0m      
[38;2;0;0;0m                    [38;2;175;90;90m██[38;2;205;106;106m██[38;2;156;91;91m██[38;2;187;156;132m██[38;2;209;173;144m██[38;2;230;189;156m██[38;2;141;122;107m██[38;2;247;160;81m██[38;2;193;131;76m██[38;2;255;164;82m██[38;2;224;129;96m██[38;2;186;99;99m██[38;2;17;17;17m  [38;2;0;0;0m            
[38;2;0;0;0m                    [38;2;22;11;11m  [38;2;162;72;79m██[38;2;205;105;105m██[38;2;170;95;95m██[38;2;138;95;91m██[38;2;57;47;39m██[38;2;35;30;26m██[38;2;219;122;99m██[38;2;255;163;81m██[38;2;183;92;78m██[38;2;209;111;103m██[38;2;45;23;23m  [38;2;0;0;0m              
[38;2;0;0;0m                    [38;2;109;77;77m██[38;2;215;140;140m██[38;2;168;75;81m██[38;2;117;49;55m██[38;2;0;0;0m      [38;2;156;80;80m██[38;2;205;106;106m████[38;2;205;105;105m██[38;2;45;23;23m  [38;2;0;0;0m              
[38;2;0;0;0m                    [38;2;43;43;43m██[38;2;61;61;61m██[38;2;51;26;26m██[38;2;0;0;0m        [38;2;2;1;1m  [38;2;138;71;71m██[38;2;205;105;105m████[38;2;180;93;93m██[38;2;0;0;0m              
[38;2;0;0;0m                                  [38;2;9;9;9m  [38;2;158;119;123m██[38;2;179;111;117m██[38;2;198;124;124m██[38;2;0;0;0m                
[38;2;0;0;0m                                    [38;2;9;9;9m  [38;2;59;59;59m██[38;2;44;44;44m██[38;2;0;0;0m                [0m
