
[38;2;0;0;0m          [38;2;49;52;49m  [38;2;0;0;0m                
[38;2;0;0;0m        [38;2;0;1;0m  [38;2;191;192;191m██[38;2;0;3;0m  [38;2;0;0;0m        [38;2;148;150;148m  [38;2;0;2;0m  [38;2;0;0;0m  
[38;2;0;0;0m        [38;2;120;122;120m██[38;2;198;199;198m██[38;2;0;2;0m  [38;2;45;25;14m  [38;2;0;0;0m    [38;2;0;1;0m  [38;2;191;192;191m██[38;2;0;3;0m  [38;2;0;0;0m  
[38;2;0;0;0m      [38;2;155;157;155m  [38;2;186;189;187m██[38;2;51;52;47m██[38;2;0;1;0m  [38;2;154;79;49m██[38;2;0;3;0m  [38;2;0;0;0m  [38;2;51;54;51m  [38;2;243;243;243m██[38;2;155;157;155m  [38;2;0;0;0m  
[38;2;0;0;0m    [38;2;43;46;43m██[38;2;170;175;172m██[38;2;173;174;169m██[38;2;96;89;83m██[38;2;104;54;32m██[38;2;154;79;49m██[38;2;0;2;0m  [38;2;63;66;63m  [38;2;255;255;255m████[38;2;191;192;191m██[38;2;0;1;0m  
[38;2;0;0;0m  [38;2;0;2;0m  [38;2;153;155;153m██[38;2;156;151;98m██[38;2;150;150;147m██[38;2;135;107;95m██[38;2;209;105;63m██[38;2;52;29;15m██[38;2;0;1;0m  [38;2;191;192;191m██[38;2;255;255;255m████[38;2;191;192;191m██[38;2;0;1;0m  
[38;2;0;0;0m  [38;2;0;3;0m  [38;2;167;172;162m██[38;2;148;142;72m██[38;2;101;74;65m██[38;2;192;93;65m██[38;2;209;105;63m██[38;2;206;108;65m██[38;2;82;84;80m██[38;2;255;255;255m██[38;2;237;220;163m██[38;2;246;238;211m██[38;2;191;192;191m██[38;2;0;1;0m  
[38;2;0;0;0m  [38;2;0;3;0m  [38;2;172;170;123m██[38;2;88;86;69m██[38;2;183;92;67m██[38;2;201;150;77m██[38;2;172;78;70m██[38;2;206;105;65m██[38;2;113;111;110m██[38;2;233;211;139m██[38;2;229;204;120m██[38;2;254;253;250m██[38;2;21;24;21m  [38;2;0;0;0m  
[38;2;17;19;17m    [38;2;49;50;39m██[38;2;75;74;69m██[38;2;186;95;70m██[38;2;162;77;74m██[38;2;183;87;68m██[38;2;163;92;65m██[38;2;171;170;171m██[38;2;230;206;125m██[38;2;240;226;178m██[38;2;177;178;177m██[38;2;0;1;0m  [38;2;0;0;0m  
[38;2;43;46;43m██[38;2;163;164;163m██[38;2;95;87;68m████[38;2;175;96;75m██[38;2;172;96;75m██[38;2;173;95;65m██[38;2;68;65;65m██[38;2;123;123;123m██[38;2;253;251;245m██[38;2;211;211;211m██[38;2;65;65;65m██[38;2;61;60;61m  [38;2;15;15;15m  
[38;2;0;1;0m  [38;2;91;93;91m██[38;2;155;159;155m██[38;2;123;113;81m██[38;2;160;139;75m██[38;2;157;137;75m██[38;2;139;124;73m██[38;2;152;134;74m██[38;2;151;138;93m██[38;2;165;165;165m██[38;2;150;149;150m██[38;2;228;228;228m██[38;2;234;233;234m██[38;2;70;69;70m  
[38;2;41;44;41m  [38;2;168;169;168m██[38;2;137;141;149m██[38;2;199;197;199m██[38;2;137;85;50m██[38;2;119;91;68m██[38;2;128;67;43m██[38;2;225;214;209m██[38;2;188;191;189m██[38;2;249;249;249m██[38;2;209;209;209m██[38;2;72;72;72m██[38;2;55;54;55m  [38;2;0;0;0m  
[38;2;0;0;0m  [38;2;0;2;0m  [38;2;75;79;81m██[38;2;140;141;145m██[38;2;150;127;127m██[38;2;193;163;136m██[38;2;242;233;228m██[38;2;180;174;179m██[38;2;104;107;119m██[38;2;126;130;155m██[38;2;255;255;255m██[38;2;162;164;162m██[38;2;99;101;99m  [38;2;0;0;0m  
[38;2;0;0;0m      [38;2;0;3;6m  [38;2;54;47;46m██[38;2;239;235;231m██[38;2;233;235;234m██[38;2;166;168;184m██[38;2;0;0;12m  [38;2;0;3;0m  [38;2;0;4;0m██[38;2;0;1;0m  [38;2;0;0;0m    
[38;2;0;0;0m      [38;2;0;1;0m  [38;2;8;11;18m  [38;2;49;55;100m██[38;2;119;122;119m██[38;2;45;52;73m██[38;2;0;2;0m  [38;2;0;0;0m          
[38;2;0;0;0m    [38;2;7;11;7m██[38;2;150;149;143m██[38;2;42;54;115m██[38;2;197;200;216m████[38;2;60;68;122m██[38;2;52;61;108m██[38;2;22;22;30m██[38;2;0;0;0m        
[38;2;0;0;0m  [38;2;0;3;0m  [38;2;199;195;189m██[38;2;143;140;137m██[38;2;52;58;94m██[38;2;44;55;114m██[38;2;133;140;173m██[38;2;58;65;105m██[38;2;179;184;207m██[38;2;169;169;172m██[38;2;0;1;0m  [38;2;0;0;0m      
[38;2;0;0;0m  [38;2;0;2;0m  [38;2;188;184;178m██[38;2;191;187;183m██[38;2;123;123;123m██[38;2;255;255;255m██[38;2;200;203;218m██[38;2;9;12;38m  [38;2;235;238;240m██[38;2;255;255;255m██[38;2;191;192;191m██[38;2;0;1;0m  [38;2;0;0;0m    
[38;2;0;0;0m    [38;2;20;21;19m  [38;2;69;72;80m██[38;2;170;172;178m██[38;2;255;255;255m██[38;2;124;125;140m██[38;2;12;14;17m  [38;2;93;93;93m██[38;2;255;255;255m██[38;2;77;80;77m  [38;2;0;0;0m      
[38;2;0;0;0m    [38;2;38;41;38m  [38;2;95;87;88m██[38;2;139;66;85m██[38;2;80;71;116m██[38;2;114;83;105m██[38;2;117;88;61m██[38;2;239;239;199m██[38;2;85;87;85m██[38;2;0;0;0m        
[38;2;0;0;0m    [38;2;0;1;0m  [38;2;106;36;47m██[38;2;143;70;66m██[38;2;184;88;60m██[38;2;207;105;64m██[38;2;196;131;90m██[38;2;171;152;78m██[38;2;135;135;135m██[38;2;0;3;0m  [38;2;0;0;0m      
[38;2;0;0;0m    [38;2;40;36;14m  [38;2;187;149;63m██[38;2;137;61;59m██[38;2;79;56;58m██[38;2;192;100;60m██[38;2;182;88;70m██[38;2;155;83;71m██[38;2;154;129;64m██[38;2;120;102;42m  [38;2;0;0;0m      
[38;2;0;0;0m      [38;2;47;43;24m  [38;2;94;82;37m██[38;2;15;14;5m  [38;2;72;54;41m██[38;2;236;197;68m██[38;2;216;186;63m██[38;2;52;45;36m██[38;2;0;0;0m        
[38;2;0;0;0m    [38;2;24;22;20m██[38;2;50;45;84m██[38;2;30;40;86m██[38;2;0;1;0m  [38;2;0;0;0m  [38;2;35;36;46m  [38;2;49;49;68m██[38;2;3;4;5m  [38;2;0;0;0m        
[38;2;0;0;0m  [38;2;0;3;0m  [38;2;107;56;61m██[38;2;67;33;34m██[38;2;9;13;25m  [38;2;0;0;0m    [38;2;1;12;21m  [38;2;72;58;75m██[38;2;16;28;46m██[38;2;0;0;0m        
[38;2;0;0;0m    [38;2;0;9;6m  [38;2;0;2;1m  [38;2;0;0;0m    [38;2;0;1;0m  [38;2;136;69;57m██[38;2;161;87;74m██[38;2;109;67;70m██[38;2;0;3;0m  [38;2;0;0;0m      
[38;2;0;0;0m              [38;2;13;15;10m  [38;2;45;33;23m██[38;2;34;26;25m██[38;2;0;0;0m        [0m
