
[38;2;0;0;0m                    [38;2;29;32;29m██[38;2;20;21;15m  [38;2;0;0;0m                  
[38;2;0;0;0m                [38;2;0;3;0m  [38;2;87;86;87m  [38;2;104;102;98m██[38;2;80;76;63m██[38;2;0;1;0m  [38;2;0;0;0m                
[38;2;0;0;0m              [38;2;0;3;0m  [38;2;79;75;72m██[38;2;90;87;77m██[38;2;87;85;75m██[38;2;117;81;77m██[38;2;62;61;58m██[38;2;0;0;0m                
[38;2;0;0;0m              [38;2;0;3;0m  [38;2;85;84;72m██[38;2;115;117;114m██[38;2;96;95;87m██[38;2;110;70;63m██[38;2;131;75;62m██[38;2;0;3;0m  [38;2;0;0;0m              
[38;2;0;0;0m            [38;2;8;9;6m  [38;2;66;64;62m██[38;2;117;67;59m██[38;2;83;79;66m██[38;2;122;82;63m██[38;2;79;77;67m██[38;2;76;71;66m██[38;2;74;71;64m██[38;2;0;1;0m  [38;2;0;0;0m    [38;2;0;1;0m  [38;2;0;0;0m      
[38;2;0;0;0m            [38;2;33;34;27m██[38;2;81;79;68m████[38;2;202;91;59m██[38;2;119;78;63m██[38;2;74;73;66m██[38;2;154;91;70m██[38;2;68;66;63m██[38;2;0;1;0m  [38;2;0;0;0m  [38;2;0;1;0m  [38;2;89;88;89m██[38;2;27;29;27m  [38;2;0;0;0m    
[38;2;0;0;0m            [38;2;64;35;33m██[38;2;192;63;47m██[38;2;82;58;62m██[38;2;76;71;67m██[38;2;106;58;62m██[38;2;121;52;57m██[38;2;162;90;65m██[38;2;128;43;54m██[38;2;38;30;26m██[38;2;0;0;0m  [38;2;19;21;19m  [38;2;117;116;117m██[38;2;34;37;34m██[38;2;0;0;0m    
[38;2;0;0;0m          [38;2;0;3;0m  [38;2;133;53;56m██[38;2;158;43;50m██[38;2;129;40;53m██[38;2;208;113;72m██[38;2;158;87;67m██[38;2;94;68;66m██[38;2;158;69;60m██[38;2;131;40;56m██[38;2;87;49;53m██[38;2;10;13;10m  [38;2;107;107;107m██[38;2;105;107;105m██[38;2;7;10;7m  [38;2;0;0;0m    
[38;2;0;0;0m        [38;2;0;1;0m  [38;2;97;50;55m██[38;2;118;46;56m██[38;2;154;46;51m██[38;2;145;47;55m██[38;2;129;43;52m██[38;2;230;121;71m██[38;2;107;58;63m██[38;2;140;59;58m██[38;2;225;116;75m██[38;2;140;90;69m██[38;2;90;88;84m██[38;2;114;114;114m██[38;2;70;75;70m██[38;2;0;2;0m  [38;2;0;0;0m    
[38;2;0;0;0m  [38;2;0;2;0m    [38;2;0;0;0m  [38;2;0;1;0m  [38;2;87;95;91m██[38;2;91;60;64m██[38;2;150;43;50m██[38;2;150;76;69m██[38;2;81;53;63m██[38;2;160;38;50m██[38;2;173;43;49m██[38;2;231;115;68m██[38;2;170;41;49m██[38;2;98;55;61m██[38;2;117;117;117m██[38;2;103;104;103m██[38;2;19;22;19m  [38;2;0;0;0m      
[38;2;0;1;0m  [38;2;74;77;74m██[38;2;73;75;73m██[38;2;17;20;17m██[38;2;61;62;61m██[38;2;118;117;118m██[38;2;107;107;107m██[38;2;80;83;80m██[38;2;171;118;103m██[38;2;230;157;89m██[38;2;133;79;70m██[38;2;239;75;57m██[38;2;211;85;60m██[38;2;135;46;53m██[38;2;96;94;96m██[38;2;115;115;115m██[38;2;78;82;78m██[38;2;0;2;0m  [38;2;0;0;0m      
[38;2;0;0;0m  [38;2;18;21;18m  [38;2;90;89;90m██[38;2;99;99;99m██[38;2;100;100;92m██[38;2;117;118;115m██[38;2;114;115;113m██[38;2;103;103;103m██[38;2;94;95;91m██[38;2;88;78;70m██[38;2;187;110;86m██[38;2;111;70;69m██[38;2;186;43;45m██[38;2;96;63;63m██[38;2;113;112;113m██[38;2;100;101;100m██[38;2;33;37;33m██[38;2;0;0;0m        
[38;2;0;1;0m  [38;2;79;78;79m██[38;2;82;82;82m██[38;2;118;117;118m██[38;2;105;107;99m██[38;2;106;106;102m██[38;2;122;118;113m██[38;2;118;117;118m██[38;2;96;97;93m██[38;2;98;99;95m██[38;2;76;72;72m██[38;2;162;77;63m██[38;2;79;78;79m██[38;2;118;118;118m██[38;2;107;107;106m██[38;2;99;101;99m██[38;2;94;97;94m██[38;2;0;3;0m  [38;2;0;0;0m      
[38;2;0;0;0m  [38;2;21;23;21m  [38;2;104;103;104m██[38;2;117;117;117m██[38;2;116;121;116m██[38;2;36;38;36m██[38;2;199;187;194m██[38;2;118;118;118m██[38;2;85;85;80m██[38;2;93;96;94m██[38;2;74;72;72m██[38;2;67;66;67m██[38;2;117;117;117m████[38;2;98;97;90m██[38;2;89;88;76m██[38;2;90;92;86m██[38;2;0;3;0m  [38;2;0;0;0m      
[38;2;0;1;0m  [38;2;92;93;92m██[38;2;117;118;117m██[38;2;87;87;74m██[38;2;58;62;58m██[38;2;194;184;194m██[38;2;109;110;107m██[38;2;87;85;73m██[38;2;85;85;80m██[38;2;93;96;93m██[38;2;76;77;76m██[38;2;87;89;87m██[38;2;105;105;105m██[38;2;105;105;100m██[38;2;86;86;80m██[38;2;87;89;87m██[38;2;76;76;76m██[38;2;78;81;78m██[38;2;0;1;0m  [38;2;0;0;0m    
[38;2;0;1;0m  [38;2;95;95;95m██[38;2;115;114;115m██[38;2;93;94;89m██[38;2;89;87;81m██[38;2;92;91;81m██[38;2;88;91;86m██[38;2;94;96;92m██[38;2;80;81;79m██[38;2;73;73;73m██[38;2;78;77;74m██[38;2;66;65;66m██[38;2;85;86;85m██[38;2;77;75;71m██[38;2;81;82;80m██[38;2;85;87;85m██[38;2;73;72;72m██[38;2;82;84;81m██[38;2;1;2;0m  [38;2;0;0;0m    
[38;2;0;0;0m  [38;2;0;4;0m  [38;2;71;73;71m██[38;2;94;97;94m██[38;2;86;87;87m██[38;2;93;95;93m██[38;2;82;84;82m██[38;2;85;87;85m██[38;2;72;71;69m██[38;2;81;80;79m██[38;2;89;88;85m██[38;2;94;92;83m██[38;2;74;73;72m██[38;2;67;66;67m██[38;2;83;82;81m██[38;2;78;77;78m██[38;2;84;83;79m██[38;2;75;76;72m██[38;2;30;33;29m██[38;2;0;0;0m    
[38;2;0;0;0m  [38;2;0;2;0m  [38;2;71;73;71m██[38;2;73;73;73m██[38;2;79;80;79m██[38;2;72;72;72m██[38;2;85;85;85m██[38;2;79;79;79m██[38;2;95;94;85m██[38;2;112;111;112m██[38;2;95;97;95m██[38;2;90;92;86m██[38;2;77;76;74m██[38;2;105;104;105m██[38;2;112;112;112m██[38;2;117;117;117m██[38;2;95;96;95m██[38;2;73;72;71m██[38;2;30;32;27m██[38;2;0;0;0m    
[38;2;5;6;4m  [38;2;68;66;57m██[38;2;74;74;74m██[38;2;95;97;95m██[38;2;91;94;91m██[38;2;68;67;68m██[38;2;118;117;118m██[38;2;118;118;118m██[38;2;98;99;89m██[38;2;117;117;117m██[38;2;112;111;112m██[38;2;86;85;86m██[38;2;100;99;100m██[38;2;102;102;102m██[38;2;105;106;105m██[38;2;100;100;99m██[38;2;85;84;79m██[38;2;68;67;66m██[38;2;90;91;85m██[38;2;0;3;0m  [38;2;0;0;0m  
[38;2;18;20;17m██[38;2;69;68;66m██[38;2;76;73;69m██[38;2;32;34;32m██[38;2;79;82;79m██[38;2;87;89;87m██[38;2;94;93;94m██[38;2;118;117;118m██[38;2;86;87;84m██[38;2;116;116;116m██[38;2;78;76;73m██[38;2;78;74;67m██[38;2;79;77;79m██[38;2;117;116;117m██[38;2;98;97;93m██[38;2;88;87;81m██[38;2;79;79;78m██[38;2;86;87;83m██[38;2;92;93;88m██[38;2;4;5;0m  [38;2;0;0;0m  
[38;2;0;0;0m  [38;2;48;47;40m  [38;2;42;42;35m  [38;2;0;1;0m  [38;2;41;46;41m██[38;2;88;90;85m██[38;2;80;81;78m██[38;2;78;77;78m██[38;2;86;86;86m██[38;2;79;78;78m██[38;2;78;76;72m██[38;2;66;65;66m██[38;2;79;76;67m██[38;2;69;68;66m██[38;2;79;79;79m██[38;2;85;86;86m██[38;2;70;69;68m██[38;2;94;97;94m██[38;2;77;79;75m██[38;2;76;79;77m██[38;2;0;1;0m  
[38;2;0;0;0m      [38;2;0;3;0m  [38;2;90;92;86m██[38;2;88;89;86m██[38;2;88;88;87m██[38;2;79;78;79m██[38;2;115;114;115m██[38;2;91;91;79m██[38;2;110;111;109m██[38;2;66;65;66m██[38;2;67;66;66m██[38;2;81;79;68m██[38;2;72;70;66m██[38;2;103;102;102m██[38;2;90;90;85m██[38;2;76;76;76m██[38;2;83;83;76m██[38;2;73;75;74m██[38;2;0;1;0m  
[38;2;0;0;0m        [38;2;0;3;0m  [38;2;65;65;65m  [38;2;84;82;83m██[38;2;89;87;83m██[38;2;75;75;75m██[38;2;93;96;93m██[38;2;83;82;75m██[38;2;67;66;67m██[38;2;118;118;118m██[38;2;69;67;68m██[38;2;79;78;73m██[38;2;80;79;71m██[38;2;78;82;78m██[38;2;76;76;76m██[38;2;90;92;90m██[38;2;82;81;73m██[38;2;24;28;24m██
[38;2;0;0;0m        [38;2;0;1;0m  [38;2;43;44;43m  [38;2;89;89;85m██[38;2;87;89;87m██[38;2;77;78;77m██[38;2;24;28;24m██[38;2;24;27;23m██[38;2;16;19;16m██[38;2;78;78;78m██[38;2;78;76;75m██[38;2;98;96;90m██[38;2;71;69;66m██[38;2;8;10;8m  [38;2;23;27;23m██[38;2;69;71;67m██[38;2;75;78;73m██[38;2;6;7;6m  
[38;2;0;0;0m        [38;2;21;23;18m  [38;2;58;57;55m██[38;2;69;68;66m████[38;2;70;73;70m██[38;2;1;4;1m  [38;2;0;0;0m    [38;2;0;2;0m  [38;2;78;77;78m██[38;2;79;77;79m██[38;2;72;71;72m██[38;2;8;10;8m  [38;2;0;0;0m  [38;2;0;2;0m    [38;2;0;0;0m  
[38;2;0;0;0m          [38;2;0;1;0m  [38;2;20;22;17m████[38;2;0;1;0m  [38;2;0;0;0m      [38;2;48;49;48m  [38;2;102;103;102m██[38;2;117;117;117m██[38;2;100;101;100m██[38;2;78;82;78m██[38;2;0;2;0m  [38;2;0;0;0m      
[38;2;0;0;0m                      [38;2;1;4;1m  [38;2;55;54;51m██[38;2;69;68;66m██[38;2;72;73;71m██[38;2;65;70;65m██[38;2;71;74;71m██[38;2;0;2;0m  [38;2;0;0;0m      
[38;2;0;0;0m                        [38;2;0;1;0m  [38;2;20;22;17m██[38;2;8;10;6m  [38;2;16;20;16m██[38;2;5;8;5m  [38;2;0;0;0m        [0m
