
[38;2;0;0;0m                            [38;2;21;23;18m██[38;2;5;6;4m  [38;2;0;0;0m                        
[38;2;0;0;0m                      [38;2;0;2;0m    [38;2;0;3;0m  [38;2;81;78;68m██[38;2;20;22;17m██[38;2;0;0;0m                        
[38;2;0;0;0m                    [38;2;0;1;0m  [38;2;70;73;70m██[38;2;76;78;74m██[38;2;66;64;55m██[38;2;81;78;68m████[38;2;0;3;0m  [38;2;0;0;0m                      
[38;2;0;0;0m                    [38;2;0;1;0m  [38;2;70;73;70m██[38;2;73;71;71m██[38;2;80;77;69m██[38;2;81;79;68m████[38;2;0;3;0m  [38;2;0;0;0m                [38;2;0;2;0m  [38;2;84;84;79m  [38;2;0;0;0m  
[38;2;0;0;0m                    [38;2;0;1;0m  [38;2;70;73;70m██[38;2;69;68;66m██[38;2;81;78;68m██[38;2;81;79;68m████[38;2;63;62;56m██[38;2;6;7;5m  [38;2;0;0;0m              [38;2;33;36;31m  [38;2;93;96;88m██[38;2;0;1;0m  
[38;2;0;0;0m                    [38;2;0;1;0m  [38;2;52;53;52m██[38;2;141;73;50m██[38;2;81;78;68m████[38;2;71;70;66m██[38;2;81;78;68m██[38;2;20;22;17m██[38;2;0;0;0m            [38;2;0;1;0m  [38;2;105;107;98m██[38;2;11;14;10m  [38;2;0;0;0m  
[38;2;0;0;0m                    [38;2;0;1;0m  [38;2;55;53;52m██[38;2;81;78;68m██████[38;2;69;68;66m██[38;2;81;79;68m██[38;2;81;77;69m██[38;2;25;28;25m██[38;2;8;10;8m  [38;2;0;0;0m        [38;2;35;37;32m██[38;2;80;82;75m██[38;2;0;1;0m  [38;2;0;0;0m  
[38;2;0;0;0m                    [38;2;12;14;11m  [38;2;80;73;66m██[38;2;81;79;68m████[38;2;81;78;68m██[38;2;70;68;66m██[38;2;81;79;68m██[38;2;87;77;72m██[38;2;73;73;73m██[38;2;84;87;84m██[38;2;0;2;0m  [38;2;0;0;0m    [38;2;0;2;0m  [38;2;127;125;113m██[38;2;35;37;31m██[38;2;0;0;0m    
[38;2;8;12;8m██[38;2;8;10;8m  [38;2;0;1;0m  [38;2;0;0;0m            [38;2;28;29;28m  [38;2;73;68;68m██[38;2;88;77;70m██[38;2;119;78;73m██[38;2;115;82;71m██[38;2;82;76;68m██[38;2;87;75;69m██[38;2;136;92;74m██[38;2;168;91;73m██[38;2;89;71;73m██[38;2;82;79;79m██[38;2;39;41;37m  [38;2;0;0;0m  [38;2;0;1;0m  [38;2;83;86;78m██[38;2;106;108;100m██[38;2;14;17;13m  [38;2;0;0;0m    
[38;2;2;3;2m  [38;2;65;68;65m██[38;2;63;66;63m  [38;2;0;0;0m          [38;2;0;1;0m  [38;2;73;71;70m██[38;2;108;63;64m██[38;2;130;70;69m██[38;2;95;73;73m██[38;2;93;75;73m██[38;2;85;78;68m██[38;2;94;74;73m██[38;2;107;79;74m██[38;2;94;74;73m██[38;2;87;72;72m██[38;2;116;115;107m██[38;2;105;107;99m██[38;2;0;1;0m  [38;2;31;33;29m  [38;2;136;134;128m██[38;2;70;73;70m██[38;2;0;1;0m  [38;2;0;0;0m    
[38;2;0;0;0m  [38;2;0;1;0m  [38;2;62;65;62m██[38;2;40;43;40m██[38;2;30;31;30m  [38;2;0;0;0m      [38;2;23;27;23m██[38;2;73;73;73m██[38;2;88;76;76m██[38;2;95;74;73m██[38;2;95;73;73m██[38;2;94;74;73m████[38;2;95;73;73m████[38;2;132;73;59m██[38;2;87;72;71m██[38;2;107;108;101m██[38;2;76;79;74m██[38;2;6;8;6m  [38;2;77;78;73m██[38;2;105;107;107m██[38;2;41;44;41m  [38;2;0;0;0m      
[38;2;0;0;0m    [38;2;1;2;1m  [38;2;73;73;73m██[38;2;74;73;74m██[38;2;22;25;22m  [38;2;0;2;0m  [38;2;0;0;0m  [38;2;23;27;23m██[38;2;73;73;73m██[38;2;94;74;73m██[38;2;95;73;73m████[38;2;94;74;73m██[38;2;154;73;51m██[38;2;95;73;73m████[38;2;74;67;68m██[38;2;87;72;71m██[38;2;87;89;87m██[38;2;93;96;93m██[38;2;71;73;68m██[38;2;129;128;124m██[38;2;94;97;99m██[38;2;0;3;0m  [38;2;0;0;0m  [38;2;0;3;0m  [38;2;0;0;0m  
[38;2;0;0;0m      [38;2;0;3;0m  [38;2;87;88;87m██[38;2;87;89;87m██[38;2;71;73;71m██[38;2;41;44;41m██[38;2;65;65;65m██[38;2;77;69;69m██[38;2;85;77;76m██[38;2;74;73;72m██[38;2;84;71;71m██[38;2;94;74;73m██[38;2;95;74;74m██[38;2;95;73;73m██[38;2;87;72;72m██[38;2;107;107;101m██[38;2;69;68;69m██[38;2;90;92;90m██[38;2;87;88;87m██[38;2;87;89;87m██[38;2;94;97;94m██[38;2;84;86;84m██[38;2;71;70;71m██[38;2;46;47;43m██[38;2;77;79;76m██[38;2;13;15;13m  
[38;2;0;0;0m        [38;2;65;66;65m██[38;2;74;74;74m██[38;2;94;96;93m██[38;2;75;75;74m██[38;2;118;118;109m██[38;2;65;65;65m██[38;2;126;127;118m██[38;2;126;125;121m██[38;2;72;66;70m██[38;2;93;77;76m██[38;2;94;74;73m██[38;2;117;71;56m██[38;2;88;68;61m██[38;2;87;89;87m██[38;2;73;73;73m██[38;2;94;97;94m██[38;2;74;73;72m██[38;2;95;96;93m██[38;2;88;89;88m██[38;2;89;88;83m██[38;2;75;73;67m██[38;2;22;24;20m██[38;2;2;5;2m  [38;2;0;0;0m  
[38;2;0;0;0m        [38;2;1;1;1m  [38;2;60;61;60m██[38;2;80;81;81m██[38;2;123;123;116m██[38;2;133;132;120m██[38;2;103;102;96m██[38;2;140;139;128m██[38;2;121;121;118m██[38;2;103;99;92m██[38;2;70;69;70m██[38;2;90;72;68m██[38;2;110;72;61m██[38;2;100;69;59m██[38;2;87;89;87m████[38;2;77;77;77m██[38;2;81;81;80m██[38;2;86;86;84m██[38;2;80;81;80m██[38;2;50;51;49m██[38;2;43;44;39m  [38;2;1;1;0m  [38;2;0;0;0m    
[38;2;0;0;0m        [38;2;0;1;0m  [38;2;70;73;70m██[38;2;84;83;82m██[38;2;105;107;107m██[38;2;139;138;127m██[38;2;96;94;83m██[38;2;97;94;84m██[38;2;106;107;107m██[38;2;82;81;74m██[38;2;128;126;119m██[38;2;77;70;69m██[38;2;96;73;73m██[38;2;110;70;57m██[38;2;87;89;87m████[38;2;120;120;111m██[38;2;95;97;95m██[38;2;97;96;91m██[38;2;74;73;67m██[38;2;0;1;0m  [38;2;0;0;0m        
[38;2;0;0;0m          [38;2;0;3;0m  [38;2;141;139;126m██[38;2;118;116;105m██[38;2;191;125;71m██[38;2;219;151;76m██[38;2;162;122;85m██[38;2;89;90;83m██[38;2;103;99;95m██[38;2;123;122;117m██[38;2;84;85;82m██[38;2;75;73;74m██[38;2;160;86;61m██[38;2;87;89;84m██[38;2;84;83;81m██[38;2;140;139;128m██[38;2;103;101;90m██[38;2;85;84;78m██[38;2;85;84;81m██[38;2;20;23;20m██[38;2;0;0;0m        
[38;2;0;0;0m        [38;2;0;1;0m  [38;2;105;105;96m██[38;2;140;139;128m██[38;2;97;94;83m██[38;2;92;94;94m██[38;2;98;96;93m██[38;2;82;78;73m██[38;2;125;124;113m██[38;2;93;91;85m██[38;2;89;91;88m██[38;2;86;88;86m██[38;2;66;65;65m██[38;2;111;69;50m██[38;2;86;88;86m██[38;2;84;83;81m██[38;2;90;89;82m██[38;2;93;96;93m██[38;2;73;73;73m██[38;2;72;73;72m██[38;2;23;26;23m  [38;2;0;0;0m        
[38;2;0;0;0m        [38;2;8;12;8m  [38;2;86;86;80m██[38;2;140;138;128m██[38;2;140;139;128m██[38;2;111;109;101m██[38;2;112;109;104m██[38;2;130;128;122m██[38;2;111;112;106m██[38;2;73;73;72m████[38;2;77;77;77m██[38;2;87;67;58m██[38;2;127;73;50m██[38;2;81;68;65m██[38;2;90;82;77m██[38;2;71;70;68m██[38;2;79;80;79m████[38;2;68;69;68m██[38;2;8;10;8m  [38;2;0;0;0m        
[38;2;0;0;0m    [38;2;0;1;0m  [38;2;3;7;3m██[38;2;89;92;89m██[38;2;70;70;68m██[38;2;88;86;83m██[38;2;136;135;125m██[38;2;90;89;89m██[38;2;63;63;67m██[38;2;91;90;89m██[38;2;86;88;86m██[38;2;67;66;67m██[38;2;86;88;86m██[38;2;72;72;72m██[38;2;93;96;93m██[38;2;111;71;53m██[38;2;154;87;62m██[38;2;67;69;73m██[38;2;90;88;83m██[38;2;66;65;66m██[38;2;90;89;84m██[38;2;82;81;80m██[38;2;98;96;97m██[38;2;2;5;2m  [38;2;0;0;0m      
[38;2;0;0;0m  [38;2;0;1;0m  [38;2;48;47;44m██[38;2;81;79;68m██[38;2;74;72;71m██[38;2;78;79;77m██[38;2;90;93;90m██[38;2;69;69;69m██[38;2;69;68;69m██[38;2;90;92;90m██[38;2;84;86;84m████[38;2;78;79;78m██[38;2;94;71;60m██[38;2;71;70;70m██[38;2;85;85;80m██[38;2;81;66;60m████[38;2;91;93;90m██[38;2;86;86;82m██[38;2;71;69;69m██[38;2;92;93;91m██[38;2;92;94;92m██[38;2;86;87;83m██[38;2;78;80;77m██[38;2;14;16;13m  [38;2;0;0;0m    
[38;2;0;1;0m  [38;2;61;60;51m██[38;2;78;75;67m██[38;2;77;74;67m██[38;2;70;68;66m██[38;2;78;75;68m██[38;2;76;74;70m██[38;2;72;71;72m██[38;2;87;89;87m██[38;2;66;65;66m██[38;2;69;65;64m██[38;2;69;65;65m██[38;2;116;73;59m██[38;2;84;76;74m██[38;2;74;73;74m██[38;2;91;93;92m██[38;2;71;69;70m██[38;2;71;70;70m██[38;2;88;90;87m██[38;2;69;67;68m██[38;2;93;96;93m██[38;2;80;79;78m██[38;2;89;87;82m██[38;2;67;65;66m██[38;2;89;87;82m██[38;2;21;23;20m██[38;2;0;0;0m    
[38;2;0;0;0m  [38;2;25;26;20m  [38;2;33;34;27m██[38;2;28;30;27m██[38;2;81;78;68m██[38;2;44;43;37m██[38;2;0;1;0m  [38;2;20;22;20m  [38;2;81;82;81m██[38;2;85;87;85m██[38;2;91;68;60m██[38;2;104;73;66m██[38;2;79;61;66m██[38;2;79;78;79m██[38;2;93;94;91m██[38;2;88;88;83m██[38;2;92;92;91m██[38;2;82;84;82m██[38;2;77;78;76m██[38;2;85;87;85m██[38;2;76;76;74m██[38;2;75;72;67m██[38;2;69;68;66m██[38;2;81;78;68m██[38;2;74;71;67m██[38;2;79;76;68m██[38;2;0;3;0m  [38;2;0;0;0m  
[38;2;0;0;0m      [38;2;0;2;0m  [38;2;0;3;0m  [38;2;0;0;0m    [38;2;5;8;5m  [38;2;87;89;86m████[38;2;91;89;85m██[38;2;72;67;66m██[38;2;214;165;66m██[38;2;113;98;66m██[38;2;87;76;73m██[38;2;92;94;92m██[38;2;93;94;92m██[38;2;78;80;77m██[38;2;207;185;66m██[38;2;84;86;84m██[38;2;69;68;66m██[38;2;81;77;68m██[38;2;65;65;65m██[38;2;77;74;67m██[38;2;76;73;65m██[38;2;69;67;60m██[38;2;0;2;0m  [38;2;0;0;0m  
[38;2;0;0;0m            [38;2;15;17;15m  [38;2;64;64;64m██[38;2;85;83;80m██[38;2;80;79;72m██[38;2;125;89;73m██[38;2;127;85;69m██[38;2;255;132;72m██[38;2;113;96;66m██[38;2;237;129;72m██[38;2;102;102;72m██[38;2;87;88;84m██[38;2;71;70;70m██[38;2;207;101;72m██[38;2;79;79;79m██[38;2;82;80;77m██[38;2;71;69;67m██[38;2;71;69;69m██[38;2;74;72;72m██[38;2;23;24;19m  [38;2;0;1;0m  [38;2;0;0;0m    
[38;2;0;0;0m            [38;2;23;27;23m██[38;2;73;73;73m██[38;2;86;86;75m██[38;2;73;73;73m██[38;2;88;90;87m██[38;2;77;75;74m██[38;2;188;96;71m██[38;2;77;75;70m██[38;2;117;84;69m██[38;2;119;87;73m██[38;2;95;97;95m██[38;2;91;93;91m██[38;2;75;75;74m██[38;2;93;96;93m██[38;2;92;95;91m████[38;2;94;97;94m██[38;2;23;27;23m██[38;2;0;0;0m        
[38;2;0;0;0m            [38;2;24;27;24m██[38;2;89;91;89m██[38;2;81;81;79m██[38;2;87;87;86m██[38;2;87;87;80m██[38;2;82;81;78m██[38;2;76;75;71m██[38;2;77;77;78m██[38;2;91;90;83m██[38;2;89;91;87m██[38;2;94;97;94m██[38;2;73;73;73m██[38;2;90;92;87m██[38;2;90;91;87m██[38;2;83;82;74m██[38;2;90;92;86m██[38;2;88;89;80m██[38;2;23;27;23m██[38;2;0;0;0m        
[38;2;0;0;0m            [38;2;1;1;0m  [38;2;44;45;41m  [38;2;73;71;71m██[38;2;87;87;87m██[38;2;82;81;75m██[38;2;73;73;72m██[38;2;90;91;89m██[38;2;77;75;72m██[38;2;96;96;90m██[38;2;75;75;75m██[38;2;75;74;73m██[38;2;77;76;76m██[38;2;87;88;85m██[38;2;90;91;89m██[38;2;83;83;76m██[38;2;93;96;93m██[38;2;67;70;67m██[38;2;0;1;0m  [38;2;0;0;0m        
[38;2;0;0;0m                [38;2;34;35;32m██[38;2;75;73;71m██[38;2;88;86;82m██[38;2;74;72;71m██[38;2;45;49;45m██[38;2;90;92;89m██[38;2;32;34;28m██[38;2;79;78;79m██[38;2;80;79;71m██[38;2;42;43;40m██[38;2;34;36;34m██[38;2;89;91;89m██[38;2;93;95;91m██[38;2;79;82;78m██[38;2;15;21;15m  [38;2;0;0;0m          
[38;2;0;0;0m            [38;2;3;4;3m  [38;2;14;17;13m██[38;2;89;92;89m████[38;2;71;71;71m██[38;2;18;21;18m██[38;2;0;0;0m  [38;2;0;3;0m  [38;2;0;0;0m  [38;2;49;48;42m    [38;2;0;0;0m  [38;2;8;9;8m  [38;2;53;57;50m██[38;2;71;71;71m██[38;2;31;34;31m██[38;2;0;0;0m            
[38;2;0;0;0m            [38;2;5;6;4m  [38;2;21;23;19m██[38;2;73;71;69m██[38;2;77;75;70m██[38;2;27;30;27m██[38;2;7;8;7m  [38;2;0;0;0m          [38;2;0;2;0m  [38;2;103;103;97m██[38;2;121;122;113m██[38;2;118;118;111m██[38;2;95;97;94m██[38;2;50;53;50m  [38;2;0;0;0m          
[38;2;0;0;0m                [38;2;0;3;0m    [38;2;0;0;0m              [38;2;41;42;38m  [38;2;58;58;54m██[38;2;69;67;66m██[38;2;75;73;72m██[38;2;69;67;66m██[38;2;54;57;54m  [38;2;0;0;0m          
[38;2;0;0;0m                                    [38;2;5;6;4m  [38;2;21;23;17m██[38;2;5;6;4m  [38;2;21;23;18m██[38;2;0;0;0m            [0m
