
[38;2;0;0;0m                [38;2;29;23;16m  [38;2;0;0;0m                    
[38;2;0;0;0m            [38;2;45;35;26m  [38;2;158;126;91m██[38;2;20;15;11m  [38;2;0;0;0m        [38;2;21;17;12m  [38;2;76;60;44m  [38;2;0;0;0m        
[38;2;0;0;0m        [38;2;25;20;15m  [38;2;191;150;107m██[38;2;155;122;87m██[38;2;4;3;2m  [38;2;0;0;0m      [38;2;45;36;25m██[38;2;137;112;80m██[38;2;147;117;85m  [38;2;0;0;0m          
[38;2;0;0;0m        [38;2;125;100;72m██[38;2;198;156;111m██[38;2;12;9;6m  [38;2;0;0;0m      [38;2;120;95;66m  [38;2;241;193;133m██[38;2;118;102;74m██[38;2;0;0;0m            
[38;2;0;0;0m      [38;2;75;59;42m  [38;2;183;146;107m██[38;2;102;89;73m██[38;2;19;16;17m  [38;2;105;84;61m  [38;2;152;121;84m██[38;2;255;203;147m██[38;2;148;117;83m██[38;2;135;108;74m  [38;2;0;0;0m              
[38;2;0;0;0m    [38;2;61;50;35m  [38;2;88;81;74m██[38;2;77;75;75m██[38;2;69;67;60m██[38;2;231;182;127m██[38;2;244;197;138m██[38;2;253;201;147m██[38;2;129;103;71m██[38;2;2;1;1m  [38;2;0;0;0m                
[38;2;0;0;0m    [38;2;25;24;24m██[38;2;98;91;84m██[38;2;95;89;85m██[38;2;154;130;101m██[38;2;191;156;115m██[38;2;171;131;88m██[38;2;127;108;87m██[38;2;19;40;42m██[38;2;3;0;0m  [38;2;0;0;0m                
[38;2;0;0;0m    [38;2;76;74;74m██[38;2;93;89;88m██[38;2;134;115;96m██[38;2;244;194;142m██[38;2;69;74;75m██[38;2;63;80;81m██[38;2;37;115;124m██[38;2;38;81;87m██[38;2;47;148;159m██[38;2;0;0;0m                
[38;2;0;0;0m  [38;2;44;43;42m  [38;2;88;86;85m██[38;2;67;66;67m██[38;2;129;105;80m██[38;2;145;137;125m██[38;2;189;185;176m██[38;2;161;200;191m██[38;2;44;105;109m██[38;2;38;154;170m██[38;2;7;28;31m  [38;2;0;0;0m                
[38;2;37;46;46m  [38;2;93;104;105m██[38;2;107;123;124m██[38;2;165;206;206m██[38;2;189;186;160m██[38;2;213;241;237m██[38;2;142;151;137m██[38;2;55;91;95m██[38;2;40;155;167m██[38;2;35;131;140m██[38;2;0;0;0m                  
[38;2;0;0;0m  [38;2;40;51;50m  [38;2;165;206;206m██[38;2;165;203;206m██[38;2;143;170;169m██[38;2;124;130;127m██[38;2;102;119;118m██[38;2;45;131;142m██[38;2;42;132;140m██[38;2;0;0;0m██          [38;2;17;22;22m  [38;2;113;142;141m██[38;2;0;0;0m    
[38;2;0;0;0m    [38;2;1;0;0m  [38;2;56;65;66m  [38;2;103;108;106m██[38;2;119;149;152m██[38;2;88;129;134m██[38;2;41;151;164m██[38;2;45;93;96m██[38;2;18;15;12m██[38;2;29;24;18m  [38;2;0;0;1m  [38;2;0;0;0m  [38;2;4;4;4m  [38;2;122;149;145m██[38;2;158;197;196m██[38;2;60;72;72m██[38;2;0;0;0m    
[38;2;0;0;0m      [38;2;42;42;42m  [38;2;211;211;211m██[38;2;97;101;102m██[38;2;66;116;122m██[38;2;40;155;167m██[38;2;44;120;130m██[38;2;81;67;54m██[38;2;220;180;132m██[38;2;59;48;41m  [38;2;0;0;0m  [38;2;152;150;128m██[38;2;93;100;93m██[38;2;137;166;164m██[38;2;130;153;153m██[38;2;86;103;103m██[38;2;0;0;0m  
[38;2;0;0;0m    [38;2;56;55;56m  [38;2;220;220;220m██[38;2;233;227;227m██[38;2;255;255;255m██[38;2;175;174;175m██[38;2;39;149;164m██[38;2;43;131;142m██[38;2;129;102;71m██[38;2;165;137;104m██[38;2;58;129;131m██[38;2;200;163;124m██[38;2;63;74;76m██[38;2;38;154;169m██[38;2;78;81;82m██[38;2;125;147;147m██[38;2;0;0;0m    
[38;2;0;0;0m    [38;2;69;68;69m  [38;2;239;238;239m██[38;2;255;255;255m██[38;2;206;206;206m██[38;2;234;243;243m██[38;2;49;92;95m██[38;2;76;132;127m██[38;2;234;186;134m██[38;2;240;192;140m██[38;2;231;185;136m██[38;2;186;151;104m██[38;2;57;73;74m██[38;2;45;128;138m██[38;2;55;81;85m██[38;2;113;131;131m██[38;2;94;114;116m  [38;2;0;0;0m  
[38;2;0;0;0m    [38;2;70;70;70m██[38;2;249;249;249m██[38;2;247;245;245m██[38;2;235;229;228m██[38;2;54;81;85m██[38;2;75;139;146m██[38;2;82;129;120m██[38;2;227;170;116m██[38;2;206;172;128m██[38;2;205;157;109m██[38;2;173;141;101m██[38;2;140;121;97m██[38;2;47;109;116m██[38;2;44;139;150m██[38;2;79;90;91m██[38;2;0;0;0m    
[38;2;0;0;0m    [38;2;5;5;5m  [38;2;152;152;152m██[38;2;206;193;194m██[38;2;205;190;189m██[38;2;141;135;135m██[38;2;39;149;164m██[38;2;82;129;120m██[38;2;140;128;96m██[38;2;51;121;124m██[38;2;66;105;103m██[38;2;34;34;33m██[38;2;49;123;131m██[38;2;40;154;165m██[38;2;30;101;108m██[38;2;1;1;1m  [38;2;0;0;0m    
[38;2;0;0;0m      [38;2;83;76;76m  [38;2;181;167;167m██[38;2;133;125;125m██[38;2;95;110;112m██[38;2;36;87;93m██[38;2;40;155;167m████[38;2;54;107;113m██[38;2;134;161;161m██[38;2;0;0;0m  [38;2;2;6;6m  [38;2;30;96;104m██[38;2;47;82;87m██[38;2;9;9;9m  [38;2;0;0;0m    
[38;2;0;0;0m        [38;2;23;23;23m  [38;2;80;79;80m██[38;2;22;68;72m██[38;2;0;0;0m  [38;2;23;76;81m██[38;2;40;153;164m██[38;2;51;89;94m██[38;2;0;0;0m      [38;2;5;0;0m  [38;2;69;77;76m██[38;2;46;56;56m██[38;2;0;0;0m    
[38;2;0;0;0m        [38;2;22;22;22m  [38;2;108;124;124m██[38;2;66;76;76m██[38;2;0;0;0m  [38;2;16;53;57m██[38;2;33;117;124m██[38;2;47;63;65m██[38;2;0;0;0m      [38;2;2;0;0m  [38;2;108;120;119m██[38;2;142;170;170m██[38;2;0;0;0m    
[38;2;0;0;0m      [38;2;8;7;7m  [38;2;84;92;93m██[38;2;139;168;168m██[38;2;72;88;88m  [38;2;0;0;0m    [38;2;93;90;89m██[38;2;57;60;59m██[38;2;0;0;0m      [38;2;37;35;33m  [38;2;84;79;77m██[38;2;105;122;122m██[38;2;0;0;0m    
[38;2;0;0;0m      [38;2;28;27;26m  [38;2;30;28;27m██[38;2;46;56;57m██[38;2;0;0;0m      [38;2;139;165;164m██[38;2;165;207;206m██[38;2;0;0;0m                
[38;2;0;0;0m                [38;2;53;52;51m██[38;2;72;68;65m██[38;2;156;192;189m██[38;2;0;0;0m                
[38;2;0;0;0m                [38;2;25;24;24m██[38;2;26;28;28m██[38;2;31;37;36m██[38;2;0;0;0m                [0m
