
[38;2;0;0;0m                          [38;2;17;17;17m████[38;2;16;16;16m  [38;2;0;0;0m                  
[38;2;0;0;0m    [38;2;16;15;16m██[38;2;9;9;9m  [38;2;0;0;0m                [38;2;24;23;29m  [38;2;89;140;148m██[38;2;88;140;147m██[38;2;62;60;62m██[38;2;0;0;0m                  
[38;2;0;0;0m████[38;2;7;7;7m  [38;2;23;23;23m██[38;2;0;0;0m        [38;2;10;11;11m  [38;2;20;30;38m██[38;2;95;95;74m██[38;2;64;75;86m██[38;2;88;139;153m██[38;2;94;156;167m██[38;2;87;144;157m██[38;2;80;130;144m██[38;2;30;27;28m██[38;2;0;0;0m                
[38;2;0;0;0m    [38;2;19;19;19m██[38;2;65;65;65m██[38;2;39;39;39m  [38;2;0;0;0m      [38;2;73;99;103m██[38;2;59;88;109m██[38;2;245;208;68m██[38;2;60;95;121m██[38;2;95;157;167m██[38;2;94;153;166m██[38;2;60;96;126m██[38;2;70;100;122m██[38;2;140;118;52m██[38;2;0;0;0m                
[38;2;7;7;7m  [38;2;6;6;6m██[38;2;65;64;65m  [38;2;65;65;65m██[38;2;43;42;43m██[38;2;0;0;0m    [38;2;59;57;59m██[38;2;82;135;153m██[38;2;59;96;125m██[38;2;168;169;84m██[38;2;150;141;88m██[38;2;128;129;89m██[38;2;58;94;122m██[38;2;205;177;78m██[38;2;255;206;63m████[38;2;62;61;62m██[38;2;11;11;11m  [38;2;0;0;0m    [38;2;59;58;59m██[38;2;34;33;34m██[38;2;0;0;0m    
[38;2;0;0;0m██  [38;2;19;19;19m██[38;2;65;65;65m██[38;2;0;0;0m    [38;2;25;24;25m██[38;2;236;192;65m██[38;2;75;120;140m██[38;2;93;156;163m██[38;2;118;110;69m██[38;2;253;233;57m██[38;2;255;207;65m██[38;2;77;76;65m██[38;2;255;221;65m██[38;2;255;207;65m██[38;2;140;140;99m██[38;2;71;102;112m██[38;2;21;22;25m██[38;2;0;0;0m    [38;2;11;11;11m██[38;2;19;19;19m██[38;2;0;0;0m  ██
[38;2;0;0;0m      [38;2;24;24;24m  [38;2;23;23;23m  [38;2;0;0;0m  [38;2;25;27;28m██[38;2;236;193;66m██[38;2;70;96;108m██[38;2;138;90;69m██[38;2;122;101;61m██[38;2;187;161;69m██[38;2;182;157;78m██[38;2;73;72;66m██[38;2;148;160;97m██[38;2;144;144;100m██[38;2;77;127;147m██[38;2;92;155;168m  [38;2;76;99;104m██[38;2;30;30;30m  [38;2;0;0;0m  [38;2;5;5;5m  [38;2;55;53;55m██[38;2;34;33;34m██[38;2;7;7;7m  
[38;2;0;0;0m        [38;2;3;3;3m██[38;2;0;0;0m  [38;2;24;28;30m██[38;2;66;78;84m██[38;2;175;154;73m██[38;2;186;104;67m██[38;2;41;43;41m██[38;2;179;150;66m██[38;2;152;130;65m██[38;2;87;75;67m██[38;2;90;114;114m██[38;2;94;155;164m██[38;2;95;156;166m██[38;2;89;144;158m██[38;2;175;161;89m██[38;2;56;55;56m██[38;2;0;0;0m  [38;2;10;10;10m██[38;2;17;17;17m  [38;2;0;0;0m    
[38;2;0;0;0m        [38;2;15;15;15m  [38;2;0;0;0m  [38;2;9;8;10m  [38;2;56;70;83m██[38;2;156;156;83m██[38;2;80;79;66m██[38;2;103;82;66m██[38;2;81;79;68m██[38;2;169;105;74m██[38;2;100;56;33m██[38;2;187;104;70m██[38;2;81;147;163m██[38;2;73;116;137m██[38;2;190;169;84m██[38;2;134;136;103m██[38;2;56;55;56m██[38;2;0;0;0m  ██      
[38;2;0;0;0m        [38;2;39;38;39m██[38;2;1;1;1m██[38;2;0;0;0m  [38;2;48;47;48m  [38;2;80;128;141m██[38;2;68;85;87m██[38;2;162;165;160m██[38;2;113;109;100m██[38;2;149;118;99m██[38;2;219;124;78m██[38;2;91;89;80m██[38;2;115;113;91m██[38;2;255;206;62m██[38;2;195;182;96m██[38;2;80;138;153m██[38;2;56;55;56m██[38;2;0;0;0m  [38;2;9;9;9m  [38;2;24;24;24m██[38;2;0;0;0m    
[38;2;0;0;0m        [38;2;6;5;6m  [38;2;2;2;2m██[38;2;0;0;0m  [38;2;43;42;43m  [38;2;67;83;89m██[38;2;96;142;158m██[38;2;93;109;117m██[38;2;246;253;253m██[38;2;146;156;153m██[38;2;205;192;65m██[38;2;232;200;65m██[38;2;246;202;68m██[38;2;113;124;106m██[38;2;84;142;159m██[38;2;83;113;116m██[38;2;56;55;56m██[38;2;0;0;0m    [38;2;12;12;12m  [38;2;0;0;0m    
[38;2;0;0;0m                [38;2;113;103;62m██[38;2;127;138;109m██[38;2;70;89;91m██[38;2;94;138;158m██[38;2;110;120;104m██[38;2;67;110;134m██[38;2;66;110;135m██[38;2;67;113;137m  [38;2;95;156;163m██[38;2;96;153;161m██[38;2;61;80;83m██[38;2;0;0;0m      ██    
[38;2;0;0;0m                [38;2;27;26;27m██[38;2;90;100;88m██[38;2;112;123;100m██[38;2;58;105;139m██[38;2;100;109;89m██[38;2;66;105;130m██[38;2;78;134;151m██[38;2;70;82;84m██[38;2;70;81;83m██[38;2;61;81;84m██[38;2;6;5;5m  [38;2;0;0;0m            
[38;2;0;0;0m                [38;2;27;26;27m██[38;2;188;160;75m██[38;2;121;132;111m██[38;2;96;158;169m██[38;2;77;97;108m██[38;2;186;155;65m██[38;2;142;124;71m██[38;2;155;134;69m██[38;2;137;121;72m██[38;2;37;37;37m  [38;2;0;0;0m              
[38;2;0;0;0m  [38;2;46;45;46m██[38;2;0;0;0m  [38;2;49;48;49m  [38;2;39;39;39m  [38;2;51;50;51m  [38;2;0;0;0m    [38;2;27;27;27m██[38;2;229;188;68m██[38;2;168;147;79m██[38;2;240;201;72m██[38;2;167;148;84m██[38;2;237;194;65m██[38;2;211;174;65m██[38;2;100;100;91m██[38;2;120;102;56m██[38;2;0;0;0m                
[38;2;0;0;0m    [38;2;10;10;10m  [38;2;60;59;60m██[38;2;55;54;55m██[38;2;5;4;5m  [38;2;0;0;4m  [38;2;33;28;17m██[38;2;106;102;70m██[38;2;180;156;77m██[38;2;207;179;73m██[38;2;183;157;76m██[38;2;167;145;79m██[38;2;225;183;65m██[38;2;141;124;76m██[38;2;181;152;65m  [38;2;27;28;29m██[38;2;0;0;0m                
[38;2;0;0;0m    [38;2;19;19;19m██[38;2;11;11;11m██[38;2;0;0;0m    [38;2;31;26;15m██[38;2;230;193;70m██[38;2;182;172;72m██[38;2;244;218;66m██[38;2;255;217;65m██[38;2;98;100;92m██[38;2;255;206;63m██[38;2;190;154;65m██[38;2;147;129;81m██[38;2;53;61;77m██[38;2;0;0;0m                  
[38;2;0;0;0m            [38;2;25;24;25m██[38;2;143;123;65m██[38;2;162;143;81m██[38;2;255;225;65m██[38;2;174;161;79m██[38;2;253;225;66m██[38;2;235;209;65m██[38;2;187;156;66m██[38;2;146;129;78m██[38;2;62;61;62m██[38;2;0;0;0m          [38;2;29;28;29m██[38;2;0;0;0m██    
[38;2;0;0;0m                [38;2;60;58;60m██[38;2;219;182;73m██[38;2;179;150;68m██[38;2;255;206;63m██[38;2;221;180;65m██[38;2;95;98;93m██[38;2;122;107;65m██[38;2;0;0;0m    [38;2;5;5;5m  [38;2;0;0;0m  [38;2;65;64;65m██[38;2;65;65;65m██[38;2;4;4;4m  [38;2;0;0;0m      
[38;2;0;0;0m                  [38;2;19;20;25m  [38;2;73;64;44m██[38;2;134;115;64m██[38;2;122;108;76m██[38;2;155;134;75m██[38;2;86;80;65m██[38;2;0;0;0m    [38;2;21;21;21m██[38;2;0;0;0m  [38;2;29;29;29m██[38;2;65;64;65m██[38;2;27;26;27m██[38;2;12;12;12m  [38;2;0;0;0m    
[38;2;0;0;0m                        [38;2;27;26;27m  [38;2;54;53;54m██[38;2;24;24;24m  [38;2;0;0;0m        [38;2;1;1;1m  [38;2;4;4;4m██[38;2;0;0;0m        
[38;2;0;0;0m                                      [38;2;2;2;2m██[38;2;6;6;6m  [38;2;0;0;0m        [0m
