
[38;2;0;0;0m                        [38;2;58;58;58m  [38;2;69;69;69m██[38;2;1;1;1m  [38;2;0;0;0m          
[38;2;0;0;0m                      [38;2;21;21;21m  [38;2;106;106;106m██[38;2;207;208;207m██[38;2;162;163;162m██[38;2;0;0;0m          
[38;2;0;0;0m          [38;2;1;2;1m  [38;2;74;85;50m██[38;2;65;74;44m  [38;2;0;0;0m  [38;2;11;14;16m  [38;2;73;81;88m██[38;2;147;156;168m██[38;2;159;167;180m██[38;2;91;106;115m██[38;2;147;148;148m██[38;2;174;174;174m██[38;2;21;22;21m  [38;2;0;0;0m      
[38;2;0;0;0m        [38;2;88;101;60m  [38;2;186;213;126m██[38;2;205;233;139m██[38;2;202;231;137m██[38;2;186;212;126m██[38;2;160;181;115m██[38;2;31;33;35m██[38;2;1;1;1m  [38;2;23;26;23m  [38;2;71;74;77m██[38;2;148;174;101m██[38;2;111;123;89m██[38;2;214;115;184m██[38;2;209;110;179m██[38;2;0;0;0m    
[38;2;0;0;0m    [38;2;0;0;1m  [38;2;86;98;58m  [38;2;174;197;123m██[38;2;136;159;101m██[38;2;119;133;92m██[38;2;136;157;101m██[38;2;128;141;98m██[38;2;155;174;112m██[38;2;205;234;138m██[38;2;97;111;67m██[38;2;107;120;82m██[38;2;159;188;107m██[38;2;136;161;96m██[38;2;106;125;108m██[38;2;73;65;67m██[38;2;197;99;131m██[38;2;0;0;0m    
[38;2;0;0;0m  [38;2;210;202;135m██[38;2;184;183;121m██[38;2;194;222;132m██[38;2;131;144;100m██[38;2;108;131;83m██[38;2;205;239;135m██[38;2;118;141;90m██[38;2;173;202;116m██[38;2;86;90;74m██[38;2;159;185;106m██[38;2;159;187;105m████[38;2;97;137;73m██[38;2;154;188;105m██[38;2;108;123;84m██[38;2;133;173;194m██[38;2;136;79;85m██[38;2;189;99;162m██[38;2;0;0;0m  
[38;2;38;36;24m  [38;2;214;201;124m██[38;2;199;191;119m██[38;2;141;146;103m██[38;2;182;210;122m██[38;2;204;233;138m██[38;2;181;210;122m██[38;2;177;205;119m██[38;2;124;142;92m██[38;2;141;126;78m██[38;2;130;128;82m██[38;2;114;118;81m  [38;2;152;179;105m██[38;2;144;176;98m██[38;2;127;162;86m██[38;2;22;29;15m  [38;2;68;84;96m██[38;2;125;107;129m██[38;2;189;99;162m██[38;2;0;0;0m  
[38;2;51;44;22m  [38;2;86;81;61m██[38;2;245;232;137m██[38;2;96;86;66m██[38;2;122;112;76m██[38;2;150;176;105m██[38;2;161;174;99m██[38;2;75;74;67m██[38;2;163;144;82m██[38;2;202;181;95m██[38;2;110;103;72m██[38;2;206;200;125m██[38;2;94;100;80m██[38;2;149;182;101m██[38;2;141;172;96m██[38;2;0;0;0m  [38;2;13;13;8m  [38;2;115;118;80m██[38;2;16;13;2m  [38;2;0;0;0m  
[38;2;0;0;0m  [38;2;19;19;17m  [38;2;130;119;79m██[38;2;227;222;191m██[38;2;163;151;72m██[38;2;180;139;65m██[38;2;180;140;65m██[38;2;109;125;81m██[38;2;223;208;125m██[38;2;208;197;122m██[38;2;255;244;155m██[38;2;177;172;119m██[38;2;59;60;44m██[38;2;32;39;22m  [38;2;0;0;0m    [38;2;12;10;2m  [38;2;194;172;55m██[38;2;183;153;26m██[38;2;0;0;0m  
[38;2;0;0;0m    [38;2;82;68;29m██[38;2;196;170;78m██[38;2;178;158;66m██[38;2;245;184;70m██[38;2;166;170;132m██[38;2;227;171;62m██[38;2;180;171;113m██[38;2;185;179;121m██[38;2;151;137;81m██[38;2;140;135;90m  [38;2;0;0;0m        [38;2;58;50;10m██[38;2;233;197;37m██[38;2;221;192;65m██[38;2;60;50;9m██
[38;2;0;0;0m    [38;2;38;40;24m██[38;2;202;162;65m██[38;2;239;176;60m██[38;2;242;185;74m██[38;2;146;152;70m██[38;2;246;175;57m██[38;2;123;102;65m██[38;2;133;154;96m██[38;2;43;48;35m██[38;2;0;0;0m          [38;2;236;200;40m██[38;2;237;217;133m██[38;2;216;216;192m██[38;2;58;55;39m██
[38;2;0;0;0m  [38;2;0;0;6m  [38;2;102;118;75m██[38;2;93;102;78m██[38;2;132;134;73m██[38;2;109;105;74m██[38;2;185;167;83m██[38;2;95;93;75m██[38;2;145;167;102m██[38;2;109;136;74m██[38;2;0;0;0m          [38;2;0;0;8m  [38;2;203;179;48m██[38;2;227;189;33m██[38;2;215;213;136m██[38;2;36;34;21m  
[38;2;0;0;0m  [38;2;0;0;1m  [38;2;121;142;86m██[38;2;76;84;59m██[38;2;90;104;56m██[38;2;167;192;104m██[38;2;139;167;99m██[38;2;150;171;97m██[38;2;165;186;116m██[38;2;14;18;10m  [38;2;0;0;0m          [38;2;54;49;54m  [38;2;92;71;50m██[38;2;224;188;33m██[38;2;198;159;75m██[38;2;0;0;5m  
[38;2;0;0;0m    [38;2;122;146;84m██[38;2;69;78;53m██[38;2;0;0;0m  [38;2;1;4;1m  [38;2;81;95;63m██[38;2;125;141;96m██[38;2;154;176;104m██[38;2;0;0;0m          [38;2;0;2;2m  [38;2;136;77;76m██[38;2;155;165;180m██[38;2;91;69;72m██[38;2;132;82;64m██[38;2;54;32;19m██
[38;2;0;0;0m    [38;2;58;71;39m██[38;2;118;135;89m██[38;2;31;30;31m  [38;2;4;5;3m  [38;2;189;216;129m██[38;2;205;234;139m██[38;2;66;76;45m██[38;2;0;0;0m          [38;2;0;7;7m  [38;2;143;136;143m██[38;2;80;75;77m██[38;2;176;88;96m██[38;2;241;96;83m██[38;2;67;26;22m██
[38;2;0;0;0m    [38;2;40;22;20m  [38;2;81;49;46m██[38;2;216;93;89m██[38;2;214;94;85m██[38;2;109;120;84m██[38;2;97;111;69m  [38;2;0;0;0m              [38;2;125;134;143m██[38;2;121;116;118m██[38;2;215;91;79m██[38;2;148;73;80m██[38;2;0;0;0m  
[38;2;0;0;0m    [38;2;221;93;88m██[38;2;179;89;97m██[38;2;188;146;149m██[38;2;124;45;42m██[38;2;212;102;93m██[38;2;56;56;56m██[38;2;0;0;0m      [38;2;60;31;39m██[38;2;186;97;123m██[38;2;0;0;0m██[38;2;184;228;248m██[38;2;102;120;124m██[38;2;191;192;191m██[38;2;114;115;114m██[38;2;0;0;0m    
[38;2;0;0;0m    [38;2;125;57;50m██[38;2;238;95;81m██[38;2;211;187;189m██[38;2;249;161;154m██[38;2;173;89;81m██[38;2;84;79;60m██[38;2;153;128;22m██[38;2;116;103;24m██[38;2;106;66;81m██[38;2;157;103;94m██[38;2;120;79;91m██[38;2;128;127;143m██[38;2;102;116;122m██[38;2;212;213;213m██[38;2;129;129;129m██[38;2;33;33;33m  [38;2;0;0;0m    
[38;2;0;0;0m    [38;2;83;33;27m  [38;2;244;96;81m██[38;2;228;92;78m██[38;2;253;237;235m██[38;2;236;95;81m██[38;2;96;90;65m██[38;2;243;230;175m██[38;2;207;185;44m██[38;2;255;210;66m██[38;2;92;93;112m██[38;2;132;171;192m██[38;2;108;89;102m██[38;2;61;59;61m██[38;2;231;229;231m██[38;2;0;0;0m        
[38;2;0;0;0m      [38;2;82;32;27m  [38;2;46;18;15m  [38;2;90;47;40m██[38;2;151;110;69m██[38;2;215;192;92m██[38;2;240;223;154m██[38;2;211;188;44m██[38;2;139;113;68m██[38;2;134;97;82m██[38;2;142;85;100m██[38;2;158;82;114m██[38;2;1;0;1m  [38;2;0;0;0m          
[38;2;0;0;0m            [38;2;104;87;15m  [38;2;171;144;30m██[38;2;204;179;53m██[38;2;244;212;46m██[38;2;46;40;9m  [38;2;188;99;161m████[38;2;0;0;0m              
[38;2;0;0;0m              [38;2;8;7;1m  [38;2;69;60;13m██[38;2;53;46;10m  [38;2;0;0;0m                    [0m
