
[38;2;0;0;0m                            [38;2;17;13;9m  [38;2;68;55;36m██[38;2;68;35;17m██[38;2;17;8;5m  [38;2;0;0;1m  [38;2;0;0;0m                  
[38;2;0;0;0m                          [38;2;153;124;84m  [38;2;216;176;118m██[38;2;255;163;94m██[38;2;255;134;65m██[38;2;112;74;48m██[38;2;199;151;98m██[38;2;204;107;52m██[38;2;153;80;39m  [38;2;0;0;0m              
[38;2;0;0;0m                        [38;2;36;33;24m██[38;2;180;137;94m██[38;2;249;149;81m██[38;2;202;110;56m██[38;2;111;84;69m██[38;2;224;181;121m██[38;2;255;195;125m██[38;2;255;140;71m██[38;2;255;134;65m██[38;2;207;114;60m██[38;2;0;3;6m  [38;2;0;0;0m          
[38;2;0;0;0m                    [38;2;0;1;3m  [38;2;0;6;13m  [38;2;53;69;70m██[38;2;70;114;115m██[38;2;212;119;64m██[38;2;70;78;77m██[38;2;109;123;108m██[38;2;241;187;124m██[38;2;255;199;130m██[38;2;255;167;96m██[38;2;91;74;65m██[38;2;60;81;77m██[38;2;29;58;59m  [38;2;0;0;0m          
[38;2;0;0;0m                  [38;2;0;2;4m  [38;2;81;59;38m██[38;2;83;79;63m██[38;2;57;94;96m██[38;2;160;105;67m██[38;2;138;116;89m██[38;2;76;87;82m██[38;2;113;122;106m██[38;2;114;97;80m██[38;2;67;88;88m██[38;2;66;88;88m██[38;2;58;101;102m██[38;2;55;78;79m██[38;2;40;73;72m██[38;2;6;13;16m  [38;2;0;0;0m        
[38;2;0;0;0m                  [38;2;0;6;12m  [38;2;80;69;53m██[38;2;193;171;125m██[38;2;56;70;72m██[38;2;73;114;111m██[38;2;69;118;116m██[38;2;59;100;98m██[38;2;201;131;82m██[38;2;161;105;64m██[38;2;159;105;65m██[38;2;52;100;99m██[38;2;46;89;89m██[38;2;60;71;72m██[38;2;64;63;62m██[38;2;148;91;53m██[38;2;138;67;28m  [38;2;0;0;0m      
[38;2;0;0;0m                    [38;2;61;69;59m██[38;2;214;168;107m██[38;2;205;126;76m██[38;2;56;105;105m████[38;2;65;119;118m██[38;2;53;101;101m██[38;2;61;94;96m██[38;2;64;98;99m██[38;2;65;119;118m██[38;2;80;88;81m██[38;2;228;134;75m██[38;2;161;92;50m██[38;2;48;87;87m██[38;2;97;68;44m██[38;2;0;2;4m  [38;2;0;0;0m    
[38;2;0;0;0m                    [38;2;14;19;20m██[38;2;56;77;81m██[38;2;68;124;123m██[38;2;72;115;117m██[38;2;207;116;61m██[38;2;65;125;123m██[38;2;56;73;73m██[38;2;205;173;117m██[38;2;191;116;65m██[38;2;65;65;65m██[38;2;100;94;77m██[38;2;255;134;65m██[38;2;54;77;77m██[38;2;60;71;72m██[38;2;0;0;0m        
[38;2;0;0;0m                    [38;2;123;67;30m██[38;2;140;83;54m██[38;2;114;111;86m██[38;2;184;109;63m██[38;2;233;154;94m██[38;2;188;126;81m██[38;2;135;100;72m██[38;2;139;114;83m██[38;2;111;91;69m██[38;2;56;86;87m██[38;2;108;87;66m██[38;2;113;81;59m██[38;2;56;75;77m██[38;2;56;76;77m██[38;2;25;25;23m  [38;2;0;3;5m  [38;2;0;0;0m    
[38;2;0;0;0m                  [38;2;0;1;2m  [38;2;205;121;49m██[38;2;175;144;69m██[38;2;126;93;66m██[38;2;244;195;127m██[38;2;190;128;83m██[38;2;156;120;86m██[38;2;251;131;59m██[38;2;203;104;47m██[38;2;193;98;43m██[38;2;106;94;75m██[38;2;239;119;50m██[38;2;188;98;45m██[38;2;91;82;72m██[38;2;198;97;40m██[38;2;151;97;59m██[38;2;19;21;19m██[38;2;4;8;8m██[38;2;1;2;2m  
[38;2;0;0;0m                [38;2;85;89;92m  [38;2;28;33;33m  [38;2;140;81;54m██[38;2;73;49;47m██[38;2;81;107;98m██[38;2;76;119;112m██[38;2;163;124;87m██[38;2;167;112;76m██[38;2;236;165;86m██[38;2;69;89;77m██[38;2;199;123;92m██[38;2;159;161;107m██[38;2;240;124;59m██[38;2;83;91;77m██[38;2;64;86;81m██[38;2;178;92;44m██[38;2;68;124;126m████[38;2;68;123;125m██[38;2;17;30;30m██
[38;2;0;0;0m                [38;2;169;173;174m██[38;2;146;148;146m██[38;2;74;78;78m██[38;2;84;89;80m██[38;2;228;116;51m██[38;2;109;126;111m██[38;2;114;125;108m██[38;2;114;99;74m██[38;2;185;108;57m██[38;2;229;123;62m██[38;2;193;123;78m██[38;2;193;118;73m██[38;2;233;125;59m██[38;2;76;95;84m██[38;2;46;89;89m██[38;2;61;71;71m██[38;2;68;124;126m██[38;2;68;123;123m██[38;2;48;89;88m██[38;2;0;0;0m  
[38;2;0;0;0m                [38;2;13;12;11m  [38;2;118;124;122m██[38;2;88;100;99m██[38;2;113;115;100m██[38;2;158;147;110m██[38;2;112;126;111m██[38;2;83;114;110m██[38;2;111;82;65m██[38;2;124;135;138m██[38;2;147;155;160m██[38;2;119;111;108m██[38;2;77;112;110m██[38;2;227;114;52m██[38;2;70;93;85m██[38;2;46;89;89m██[38;2;50;83;84m██[38;2;63;93;93m██[38;2;67;122;123m██[38;2;11;22;22m  [38;2;0;0;0m  
[38;2;0;0;0m                  [38;2;0;4;7m  [38;2;126;108;88m██[38;2;242;168;103m██[38;2;104;126;112m██[38;2;105;126;114m██[38;2;100;99;100m██[38;2;242;242;242m██[38;2;96;98;101m██[38;2;170;178;184m██[38;2;129;128;128m██[38;2;67;109;111m██[38;2;101;112;101m██[38;2;83;94;82m██[38;2;45;90;90m████[38;2;57;86;86m██[38;2;14;17;17m██[38;2;0;0;0m    
[38;2;0;0;0m                  [38;2;61;57;54m  [38;2;134;119;98m██[38;2;220;171;116m██[38;2;68;124;126m████[38;2;100;102;104m██[38;2;204;213;218m██[38;2;119;122;126m██[38;2;119;120;120m██[38;2;127;128;127m██[38;2;67;109;111m██[38;2;66;111;110m██[38;2;58;94;91m██[38;2;45;89;89m██████[38;2;11;22;22m██[38;2;0;0;0m    
[38;2;0;0;0m                [38;2;103;64;35m██[38;2;239;187;119m██[38;2;207;172;119m██[38;2;169;129;91m██[38;2;68;123;126m██[38;2;53;97;99m██[38;2;165;89;47m██[38;2;133;138;142m██[38;2;148;155;160m██[38;2;119;133;132m██[38;2;67;91;91m██[38;2;68;123;126m██[38;2;62;115;114m██[38;2;46;90;90m██[38;2;55;105;105m██[38;2;66;91;93m██[38;2;61;80;80m██[38;2;56;78;80m██[38;2;0;0;0m    
[38;2;0;0;0m              [38;2;42;73;73m  [38;2;105;132;118m██[38;2;182;122;74m██[38;2;208;131;80m██[38;2;67;124;125m██[38;2;68;124;123m██[38;2;51;98;98m██[38;2;85;69;62m██[38;2;73;122;112m██[38;2;68;131;123m██[38;2;67;112;113m██[38;2;72;122;123m██[38;2;68;124;126m██[38;2;62;115;114m██[38;2;56;74;73m██[38;2;60;122;123m██[38;2;179;130;89m██[38;2;162;98;54m██[38;2;135;93;74m██[38;2;29;0;0m  [38;2;0;0;0m  
[38;2;0;0;0m            [38;2;34;61;61m██[38;2;68;123;123m██[38;2;68;124;126m██[38;2;131;110;82m██[38;2;208;131;81m██[38;2;68;124;126m██[38;2;62;115;114m██[38;2;51;83;83m██[38;2;72;112;105m██[38;2;72;172;153m██[38;2;63;169;152m██[38;2;69;124;125m██[38;2;68;124;126m████[38;2;62;115;114m██[38;2;52;91;91m██[38;2;69;76;73m██[38;2;189;130;89m██[38;2;173;191;195m██[38;2;198;178;164m██[38;2;106;85;78m██[38;2;0;0;0m  
[38;2;0;0;0m        [38;2;15;26;26m  [38;2;60;106;106m██[38;2;69;123;123m██[38;2;188;209;208m██[38;2;68;124;126m██[38;2;66;124;123m██[38;2;85;125;118m██[38;2;68;124;126m██[38;2;48;93;93m██[38;2;60;71;72m██[38;2;73;171;152m██[38;2;57;209;179m██[38;2;65;142;137m████[38;2;68;124;126m████[38;2;62;115;114m██[38;2;46;89;89m██[38;2;67;86;79m██[38;2;207;201;192m██[38;2;161;167;167m██[38;2;194;201;204m██[38;2;19;16;14m  [38;2;0;0;0m  
[38;2;0;0;0m      [38;2;21;36;36m  [38;2;67;124;126m██[38;2;123;160;163m██[38;2;206;216;219m██[38;2;86;124;122m██[38;2;67;124;126m██[38;2;68;124;126m██[38;2;67;124;125m██[38;2;61;113;113m██[38;2;50;83;83m██[38;2;75;136;125m██[38;2;75;167;150m██[38;2;59;205;177m██[38;2;73;170;150m██[38;2;70;128;127m██[38;2;67;124;126m██[38;2;68;124;126m██[38;2;67;124;126m██[38;2;51;98;98m██[38;2;46;89;89m██[38;2;60;71;72m██[38;2;165;162;165m██[38;2;67;90;92m██[38;2;81;65;49m██[38;2;0;0;0m  
[38;2;0;0;0m    [38;2;119;118;119m██[38;2;66;108;109m██[38;2;87;131;132m██[38;2;177;192;197m██[38;2;63;105;106m██[38;2;67;122;124m██[38;2;68;124;126m████[38;2;68;124;125m██[38;2;51;98;98m██[38;2;67;88;85m██[38;2;78;158;143m██[38;2;78;160;144m██[38;2;77;162;146m██[38;2;57;210;180m██[38;2;65;144;139m██[38;2;68;124;126m██████[38;2;51;98;99m██[38;2;46;89;89m██[38;2;49;87;88m██[38;2;84;89;76m██[38;2;188;95;43m██[38;2;44;67;65m██[38;2;0;0;0m  
[38;2;0;0;0m  [38;2;108;114;113m██[38;2;66;84;84m██[38;2;68;124;126m██[38;2;172;194;195m██[38;2;148;168;170m██[38;2;60;110;110m██[38;2;68;124;126m██[38;2;74;124;126m██[38;2;69;124;126m██[38;2;65;120;121m██[38;2;48;94;94m██[38;2;67;77;76m██[38;2;77;148;135m██[38;2;78;160;144m██[38;2;79;160;145m██[38;2;68;175;156m██[38;2;69;128;128m██[38;2;68;124;126m██████[38;2;104;100;81m██[38;2;47;89;89m██[38;2;107;92;70m██[38;2;66;89;84m██[38;2;118;92;67m██[38;2;116;83;55m██[38;2;19;15;13m  
[38;2;36;37;36m██[38;2;79;88;88m██[38;2;90;115;115m██[38;2;68;124;126m██[38;2;155;162;163m██[38;2;82;117;118m██[38;2;68;124;123m██[38;2;68;124;126m██[38;2;144;171;177m██[38;2;59;115;117m██[38;2;62;115;117m██[38;2;46;89;89m██[38;2;69;88;85m██████[38;2;79;160;145m████[38;2;70;132;130m██[38;2;68;124;126m██████[38;2;53;97;98m██[38;2;48;89;89m██[38;2;46;89;89m██[38;2;160;95;53m██[38;2;48;89;89m██[38;2;169;87;40m██[38;2;21;21;22m██
[38;2;36;37;36m██[38;2;86;86;86m██[38;2;67;124;125m██[38;2;207;222;222m██[38;2;154;171;177m██[38;2;63;115;117m██[38;2;67;124;125m██[38;2;207;222;222m██[38;2;83;117;116m██[38;2;65;118;117m██[38;2;53;101;101m██[38;2;60;71;71m██[38;2;79;160;145m██[38;2;70;177;157m██[38;2;59;193;167m██[38;2;65;118;107m██[38;2;79;160;145m██[38;2;74;145;137m██[38;2;68;123;126m██[38;2;68;124;126m██[38;2;68;123;126m██[38;2;165;103;62m██[38;2;48;89;89m██[38;2;46;89;89m██[38;2;66;89;84m██[38;2;118;92;67m██[38;2;41;77;77m██[38;2;5;10;10m  
[38;2;34;34;34m  [38;2;83;84;85m██[38;2;98;131;131m██[38;2;175;178;179m██[38;2;124;131;130m██[38;2;64;111;113m██[38;2;90;132;133m██[38;2;152;150;152m██[38;2;51;98;98m██[38;2;67;123;123m██[38;2;47;91;91m██[38;2;60;71;72m██[38;2;79;160;145m██[38;2;77;155;140m██[38;2;69;93;89m██[38;2;69;88;85m██[38;2;76;148;132m██[38;2;78;156;141m██[38;2;67;123;126m████[38;2;69;125;122m██[38;2;168;104;60m██[38;2;51;89;89m██[38;2;58;89;86m██[38;2;55;89;86m██[38;2;13;21;20m  [38;2;0;0;0m    
[38;2;0;0;0m  [38;2;34;67;67m██[38;2;87;122;123m██[38;2;198;205;210m██[38;2;126;129;128m██[38;2;54;96;95m██[38;2;118;151;151m██[38;2;177;175;177m██[38;2;51;98;98m██[38;2;68;124;124m██[38;2;62;115;116m██[38;2;51;82;82m██[38;2;68;116;109m██[38;2;68;88;86m██[38;2;65;128;120m██[38;2;63;94;89m██[38;2;0;0;0m  [38;2;23;47;43m  [38;2;65;89;91m██[38;2;61;93;94m██[38;2;198;131;83m██[38;2;212;106;47m██[38;2;133;89;59m██[38;2;118;77;56m██[38;2;33;58;58m██[38;2;0;0;0m      
[38;2;0;0;0m    [38;2;42;78;80m██[38;2;119;141;146m██[38;2;127;128;127m██[38;2;48;84;82m██[38;2;150;154;155m██[38;2;152;150;152m██[38;2;52;94;94m██[38;2;67;122;123m████[38;2;50;97;97m██[38;2;58;88;86m██[38;2;48;84;84m██[38;2;46;87;86m██[38;2;17;20;19m██[38;2;0;0;0m    [38;2;16;19;18m██[38;2;161;98;61m██[38;2;79;76;75m██[38;2;83;69;62m██[38;2;64;77;78m██[38;2;61;90;85m██[38;2;49;67;62m██[38;2;0;0;0m      
[38;2;0;0;0m    [38;2;5;7;6m  [38;2;40;47;45m██[38;2;141;142;141m██[38;2;70;87;87m██[38;2;158;162;162m██[38;2;160;161;164m██[38;2;60;71;72m██[38;2;51;98;98m████[38;2;46;89;89m██████[38;2;38;74;74m██[38;2;3;7;7m  [38;2;0;0;0m    [38;2;38;35;34m██[38;2;132;108;96m██[38;2;157;159;156m██[38;2;140;123;106m██[38;2;160;103;67m██[38;2;185;96;45m██[38;2;49;24;10m  [38;2;0;0;0m      
[38;2;0;0;0m          [38;2;88;87;88m  [38;2;73;73;73m██[38;2;140;142;140m██[38;2;127;128;127m██[38;2;54;79;80m██[38;2;45;90;90m██████[38;2;38;75;76m██[38;2;26;53;53m  [38;2;0;0;0m          [38;2;103;111;115m██[38;2;102;110;113m██[38;2;92;98;101m  [38;2;0;0;0m          
[38;2;0;0;0m              [38;2;29;29;29m  [38;2;61;61;61m██[38;2;126;125;126m██[38;2;52;64;64m██[38;2;12;23;23m████[38;2;3;5;5m  [38;2;0;0;0m            [38;2;0;1;0m  [38;2;0;0;0m              [0m
