
[38;2;0;0;0m          [38;2;61;55;25m██[38;2;41;37;17m  [38;2;0;0;0m                            
[38;2;0;0;0m          [38;2;40;36;16m  [38;2;204;181;90m██[38;2;208;188;86m██[38;2;0;0;0m                          
[38;2;0;0;0m            [38;2;148;129;70m██[38;2;250;225;104m██[38;2;254;229;107m██[38;2;96;87;40m██[38;2;0;0;0m                      
[38;2;0;0;0m            [38;2;76;66;36m██[38;2;194;170;91m██[38;2;254;229;109m██[38;2;254;229;106m██[38;2;115;104;48m  [38;2;0;0;0m                    
[38;2;0;0;0m            [38;2;53;48;31m██[38;2;184;161;89m██[38;2;254;229;109m████[38;2;184;166;78m██[38;2;0;0;0m      [38;2;68;57;60m  [38;2;115;97;100m██████[38;2;35;30;31m  [38;2;0;0;0m    
[38;2;0;0;0m            [38;2;233;147;172m██[38;2;85;66;72m██[38;2;255;230;105m██[38;2;254;229;108m██[38;2;254;229;107m██[38;2;0;0;0m    [38;2;255;214;222m████████[38;2;255;213;222m██[38;2;254;214;222m██[38;2;199;168;174m██[38;2;0;0;0m  
[38;2;0;0;0m          [38;2;202;130;151m██[38;2;225;138;166m██[38;2;196;111;144m██[38;2;150;139;83m██[38;2;254;229;108m████[38;2;249;224;105m██[38;2;150;115;125m██[38;2;245;181;197m██[38;2;237;157;181m██[38;2;238;156;181m██[38;2;238;157;181m██[38;2;239;161;185m██[38;2;251;204;215m██[38;2;229;193;200m██[38;2;36;30;31m  
[38;2;0;0;0m        [38;2;73;39;53m██[38;2;203;109;145m██[38;2;192;100;141m██[38;2;90;77;76m██[38;2;169;153;88m██[38;2;249;225;107m██[38;2;254;228;109m██[38;2;249;225;107m██[38;2;158;112;126m██[38;2;203;106;147m██[38;2;186;97;134m██[38;2;188;98;136m██[38;2;224;136;166m██[38;2;235;153;180m██[38;2;238;157;182m██[38;2;255;214;222m██[38;2;66;56;58m██
[38;2;0;0;0m        [38;2;69;52;58m██[38;2;111;88;88m██[38;2;166;121;107m██[38;2;195;140;117m██[38;2;141;109;92m██[38;2;249;224;108m██[38;2;254;228;109m██[38;2;249;224;107m██[38;2;71;53;59m██[38;2;69;35;49m  [38;2;0;0;0m  [38;2;8;4;6m  [38;2;158;81;114m██[38;2;206;110;149m██[38;2;231;147;175m██[38;2;255;214;222m██[38;2;66;56;58m██
[38;2;7;6;3m  [38;2;29;25;11m██[38;2;71;60;28m██[38;2;149;128;65m██[38;2;155;142;84m██[38;2;245;206;110m██[38;2;204;140;175m██[38;2;178;104;160m██[38;2;137;125;80m██[38;2;250;225;108m██[38;2;254;229;107m██[38;2;203;183;84m  [38;2;0;0;0m          [38;2;205;107;147m██[38;2;227;141;172m██[38;2;245;205;213m██[38;2;54;45;47m  
[38;2;11;10;4m  [38;2;138;118;54m██[38;2;141;122;65m██[38;2;184;165;84m██[38;2;255;227;105m██[38;2;229;179;92m██[38;2;141;128;189m██[38;2;152;151;204m██[38;2;150;138;83m██[38;2;254;228;108m██[38;2;254;229;107m██[38;2;0;0;0m            [38;2;208;113;151m██[38;2;239;171;190m██[38;2;195;156;164m██[38;2;0;0;0m  
[38;2;0;0;0m    [38;2;36;32;18m  [38;2;58;56;49m██[38;2;79;72;54m██[38;2;142;132;83m██[38;2;138;132;106m██[38;2;138;123;68m██[38;2;255;230;105m██[38;2;254;229;108m██[38;2;92;83;39m  [38;2;0;0;0m          [38;2;35;18;25m  [38;2;218;126;161m██[38;2;245;186;200m██[38;2;0;0;0m    
[38;2;0;0;0m            [38;2;96;87;46m██[38;2;252;227;105m██[38;2;184;168;90m██[38;2;47;43;20m██[38;2;0;0;0m            [38;2;131;67;95m██[38;2;240;164;188m██[38;2;109;89;94m██[38;2;0;0;0m    
[38;2;0;0;0m            [38;2;16;17;16m  [38;2;103;97;64m██[38;2;102;119;167m██[38;2;46;56;84m██[38;2;0;0;0m          [38;2;91;48;66m██[38;2;230;145;172m██[38;2;126;83;95m  [38;2;0;0;0m      
[38;2;0;0;0m            [38;2;2;1;3m  [38;2;161;145;75m██[38;2;122;147;222m██[38;2;123;148;222m██[38;2;85;96;130m██[38;2;111;135;201m██[38;2;114;137;176m██[38;2;0;7;7m  [38;2;104;65;83m  [38;2;230;133;172m██[38;2;42;35;37m██[38;2;0;0;0m        
[38;2;0;0;0m          [38;2;0;8;3m  [38;2;121;107;60m  [38;2;255;230;110m██[38;2;163;198;255m██[38;2;142;171;236m██[38;2;141;170;236m██[38;2;140;170;234m██[38;2;122;106;135m██[38;2;131;72;97m██[38;2;137;91;110m██[38;2;95;98;136m██[38;2;91;102;136m██[38;2;55;67;100m████[38;2;0;0;0m    
[38;2;0;0;0m      ██[38;2;169;70;108m██[38;2;80;54;63m██[38;2;148;95;119m██[38;2;65;64;65m██[38;2;109;124;150m██[38;2;163;198;254m████[38;2;161;194;249m██[38;2;65;64;65m██[38;2;205;105;147m██[38;2;121;80;98m██[38;2;79;76;67m██[38;2;189;165;89m██[38;2;0;0;0m████    
[38;2;0;0;0m    [38;2;117;47;73m██[38;2;121;67;89m██[38;2;95;65;77m  [38;2;188;100;138m██[38;2;142;102;103m██[38;2;148;122;99m██[38;2;196;131;149m██[38;2;119;102;123m██[38;2;135;141;188m██[38;2;123;147;222m██[38;2;122;147;222m██[38;2;96;110;150m██[38;2;94;73;101m██[38;2;99;51;71m██[38;2;122;70;91m██[38;2;0;0;0m        
[38;2;0;0;0m    [38;2;155;62;97m██[38;2;153;63;99m██[38;2;100;39;61m  [38;2;0;0;0m  [38;2;241;217;100m██[38;2;249;224;104m██[38;2;125;97;88m██[38;2;145;92;114m██[38;2;78;67;75m██[38;2;168;141;185m██[38;2;117;141;207m██[38;2;103;125;187m  [38;2;0;0;0m    [38;2;119;61;86m  [38;2;204;107;147m██[38;2;76;39;55m██[38;2;0;0;0m    
[38;2;0;0;0m            [38;2;37;33;15m  [38;2;70;61;33m██[38;2;170;142;90m██[38;2;143;125;85m██[38;2;96;69;79m██[38;2;170;118;133m████[38;2;135;88;101m  [38;2;0;0;0m    [38;2;94;60;70m  [38;2;218;128;160m██[38;2;205;105;147m██[38;2;0;0;0m    
[38;2;0;0;0m                  [38;2;0;3;6m  [38;2;0;1;3m  [38;2;0;0;0m  [38;2;103;66;77m  [38;2;188;121;140m██[38;2;213;138;159m██[38;2;229;149;172m██[38;2;230;149;172m██[38;2;223;143;166m  [38;2;174;96;127m██[38;2;0;0;0m    
[38;2;0;0;0m                            [38;2;37;24;27m  [38;2;62;40;46m████[38;2;52;33;39m  [38;2;0;0;0m      [0m
