
[38;2;0;0;0m              [38;2;63;26;14m  [38;2;0;0;0m                              
[38;2;0;0;0m            [38;2;0;1;0m  [38;2;232;88;52m██[38;2;0;2;0m  [38;2;0;0;0m                    [38;2;0;3;0m  [38;2;0;0;0m      
[38;2;0;0;0m            [38;2;24;11;6m  [38;2;238;90;54m██[38;2;52;22;12m  [38;2;0;0;0m                [38;2;12;6;2m  [38;2;92;37;21m██[38;2;134;52;29m  [38;2;0;0;0m      
[38;2;0;0;0m            [38;2;96;40;25m██[38;2;254;97;60m██[38;2;144;56;33m██[38;2;0;0;0m              [38;2;141;57;36m  [38;2;167;66;42m██[38;2;255;97;60m██[38;2;0;3;0m  [38;2;0;0;0m      
[38;2;0;0;0m            [38;2;54;22;12m  [38;2;244;93;57m██[38;2;194;88;50m  [38;2;5;5;1m  [38;2;0;0;0m        [38;2;0;1;0m  [38;2;128;50;28m██[38;2;230;88;51m██[38;2;255;97;56m██[38;2;88;36;19m██[38;2;0;0;0m        
[38;2;0;0;0m            [38;2;0;1;0m  [38;2;232;88;60m██[38;2;255;198;68m██[38;2;11;10;18m██[38;2;0;0;0m  [38;2;0;4;0m████[38;2;0;3;0m  [38;2;0;2;0m  [38;2;255;95;60m██[38;2;255;96;58m██[38;2;157;62;34m██[38;2;0;1;0m  [38;2;0;0;0m        
[38;2;0;0;0m            [38;2;0;1;0m  [38;2;148;79;43m██[38;2;255;238;68m██[38;2;82;75;51m██[38;2;121;48;44m██[38;2;222;85;81m████[38;2;213;82;79m██[38;2;159;107;53m██[38;2;255;189;76m██[38;2;229;113;62m██[38;2;100;48;30m  [38;2;0;0;0m          
[38;2;0;0;0m              [38;2;0;1;14m  [38;2;245;227;65m██[38;2;200;183;65m██[38;2;140;74;73m██[38;2;207;83;80m██[38;2;74;73;65m██[38;2;85;79;66m██[38;2;255;217;73m██[38;2;224;189;72m██[38;2;87;55;50m██[38;2;209;81;66m██[38;2;7;4;2m  [38;2;0;0;0m        
[38;2;0;0;0m              [38;2;89;52;55m  [38;2;136;113;57m██[38;2;138;126;65m██[38;2;121;69;71m██[38;2;65;65;65m██[38;2;222;208;65m██[38;2;233;210;65m██[38;2;187;176;65m██[38;2;170;78;76m██[38;2;222;85;83m██[38;2;222;85;84m██[38;2;169;65;62m██[38;2;0;2;0m  [38;2;0;0;0m      
[38;2;0;0;0m            [38;2;15;7;5m  [38;2;158;140;124m██[38;2;91;66;59m██[38;2;96;82;75m██[38;2;255;167;85m██[38;2;134;82;72m██[38;2;175;147;74m██[38;2;70;65;28m██[38;2;140;89;79m██[38;2;211;82;82m██[38;2;222;85;84m██[38;2;222;85;85m████[38;2;33;15;12m  [38;2;0;0;0m      
[38;2;0;0;0m            [38;2;65;37;36m██[38;2;189;83;80m██[38;2;241;155;119m██[38;2;239;171;102m██[38;2;186;118;79m██[38;2;225;150;133m██[38;2;121;123;114m██[38;2;11;13;12m██[38;2;222;190;177m██[38;2;161;66;74m██[38;2;222;85;84m██[38;2;222;85;85m████[38;2;183;70;67m██[38;2;0;1;0m  [38;2;0;0;0m    
[38;2;0;0;0m          [38;2;37;17;16m  [38;2;129;63;66m██[38;2;173;93;99m██[38;2;187;88;91m██[38;2;233;138;79m██[38;2;212;119;84m██[38;2;216;86;75m██[38;2;231;150;144m██[38;2;243;202;202m██[38;2;186;76;64m██[38;2;205;80;81m██[38;2;222;85;84m██[38;2;222;85;85m████[38;2;222;85;82m  [38;2;109;44;41m██[38;2;47;20;17m  [38;2;0;0;0m  
[38;2;0;0;0m        [38;2;45;20;20m  [38;2;155;61;69m██[38;2;125;69;72m██[38;2;183;99;97m██[38;2;228;231;231m██[38;2;183;79;80m██[38;2;176;111;115m██[38;2;173;155;155m██[38;2;200;78;82m██[38;2;219;84;84m██[38;2;168;68;75m██[38;2;211;82;82m██[38;2;222;85;84m██[38;2;222;84;84m████[38;2;222;85;85m██[38;2;222;85;84m██[38;2;131;54;59m██[38;2;0;1;0m  
[38;2;0;0;0m    [38;2;0;1;0m  [38;2;47;21;21m  [38;2;159;63;72m██[38;2;159;64;73m██[38;2;60;27;28m  [38;2;119;67;66m  [38;2;213;162;162m██[38;2;224;225;224m██[38;2;240;241;240m██[38;2;200;204;202m██[38;2;196;167;169m██[38;2;192;136;142m██[38;2;159;159;159m██[38;2;131;73;72m██[38;2;222;85;81m██[38;2;172;78;77m██[38;2;222;85;85m██[38;2;198;78;80m  [38;2;170;67;73m██[38;2;79;33;35m  [38;2;0;0;0m  
[38;2;0;0;0m  [38;2;0;3;0m  [38;2;144;58;67m██[38;2;156;62;72m██[38;2;159;63;72m██[38;2;159;63;71m██[38;2;0;2;0m  [38;2;0;3;0m  [38;2;169;74;79m██[38;2;244;240;240m██[38;2;251;251;251m██[38;2;177;182;179m██[38;2;218;220;218m██[38;2;247;247;247m██[38;2;154;83;82m██[38;2;222;85;84m██[38;2;187;73;78m██[38;2;78;65;67m██[38;2;165;66;74m██[38;2;89;65;67m██[38;2;159;63;71m██[38;2;0;3;0m  [38;2;0;0;0m  
[38;2;22;10;10m  [38;2;135;54;56m██[38;2;154;59;67m██[38;2;155;62;72m██[38;2;154;62;69m██[38;2;19;9;7m██[38;2;0;0;0m    [38;2;42;20;19m  [38;2;188;89;72m██[38;2;201;126;120m██[38;2;210;168;172m██[38;2;201;120;124m██[38;2;150;75;76m██[38;2;185;80;79m██[38;2;222;85;85m██[38;2;130;68;69m██[38;2;148;66;74m██[38;2;73;55;57m██[38;2;159;64;73m██[38;2;159;63;72m██[38;2;56;24;26m  [38;2;0;0;0m  
[38;2;53;25;19m██[38;2;152;62;54m██[38;2;154;59;59m██[38;2;144;51;55m██[38;2;157;55;60m██[38;2;145;59;52m██[38;2;0;2;0m  [38;2;0;0;0m  [38;2;0;5;3m  [38;2;65;43;29m██[38;2;132;71;65m██[38;2;156;65;73m██[38;2;181;84;68m██[38;2;72;65;66m██[38;2;222;85;85m████[38;2;133;63;64m██[38;2;0;17;13m  [38;2;0;2;0m  [38;2;159;64;73m████[38;2;124;50;57m██[38;2;0;1;0m  
[38;2;24;14;7m  [38;2;181;93;58m██[38;2;152;89;65m██[38;2;206;105;65m██[38;2;157;90;64m██[38;2;209;105;63m██[38;2;0;2;0m  [38;2;0;0;0m  [38;2;40;26;16m  [38;2;33;28;18m██[38;2;63;43;28m██[38;2;0;1;0m  [38;2;17;16;14m  [38;2;183;76;83m██[38;2;201;79;80m██[38;2;186;74;78m  [38;2;146;58;57m██[38;2;0;1;0m    [38;2;143;96;57m██[38;2;190;121;72m██[38;2;181;114;75m██[38;2;66;46;21m██
[38;2;0;0;0m  [38;2;0;2;0m  [38;2;56;31;18m  [38;2;187;95;60m██[38;2;122;63;39m  [38;2;0;3;0m  [38;2;0;0;0m            [38;2;140;93;46m██[38;2;251;162;81m██[38;2;215;126;78m██[38;2;172;82;75m██[38;2;204;126;70m██[38;2;0;0;0m    [38;2;0;3;0m      [38;2;0;0;0m  
[38;2;0;0;0m      [38;2;0;1;0m  [38;2;0;0;0m              [38;2;0;4;0m██[38;2;209;142;86m██[38;2;255;166;81m██████[38;2;253;161;83m██[38;2;0;2;0m  [38;2;0;0;0m          
[38;2;0;0;0m                        [38;2;71;53;38m  [38;2;206;135;67m  [38;2;217;146;85m██[38;2;154;112;84m██[38;2;81;55;26m  [38;2;0;0;0m            
[38;2;0;0;0m                          [38;2;2;2;0m  [38;2;59;42;23m██[38;2;16;18;16m  [38;2;0;0;0m              [0m
