
[38;2;0;0;0m                [38;2;0;1;0m  [38;2;60;61;47m████[38;2;0;0;0m          
[38;2;0;0;0m              [38;2;37;39;30m  [38;2;176;175;141m██[38;2;207;204;166m██[38;2;166;163;138m██[38;2;0;2;0m  [38;2;0;0;0m        
[38;2;0;0;0m              [38;2;91;92;72m██[38;2;216;214;171m██[38;2;158;157;128m██[38;2;14;14;12m  [38;2;0;0;0m          
[38;2;0;0;0m            [38;2;83;55;44m  [38;2;201;197;160m██[38;2;53;55;44m██[38;2;0;0;0m              
[38;2;0;0;0m      [38;2;0;1;0m  [38;2;17;30;22m  [38;2;39;36;25m██[38;2;171;93;73m██[38;2;57;101;73m██[38;2;7;13;9m  [38;2;0;0;0m              
[38;2;0;0;0m    [38;2;0;1;0m  [38;2;61;101;102m  [38;2;79;161;119m██[38;2;66;64;71m██[38;2;87;129;97m██[38;2;87;174;123m██[38;2;78;156;107m██[38;2;49;100;67m  [38;2;0;3;0m  [38;2;0;1;0m  [38;2;0;0;0m        
[38;2;0;0;0m  [38;2;0;1;0m  [38;2;46;77;69m██[38;2;85;173;122m██[38;2;83;161;118m██[38;2;84;172;127m██[38;2;84;164;119m██[38;2;83;159;123m██[38;2;87;175;121m██[38;2;78;130;99m██[38;2;88;174;122m██[38;2;29;59;40m  [38;2;0;0;0m        
[38;2;0;1;0m  [38;2;56;92;93m  [38;2;72;108;93m██[38;2;86;174;123m██[38;2;87;175;121m██[38;2;68;75;71m██[38;2;70;93;84m██[38;2;85;171;122m██[38;2;86;175;123m████[38;2;76;131;123m██[38;2;35;59;58m  [38;2;0;3;0m  [38;2;0;0;0m      
[38;2;0;0;0m  [38;2;23;24;23m  [38;2;73;99;84m██[38;2;79;128;99m██[38;2;70;81;71m██[38;2;73;90;72m██[38;2;83;153;109m██[38;2;84;170;123m██[38;2;80;152;123m██[38;2;83;160;121m██[38;2;76;117;91m██[38;2;81;141;103m██[38;2;50;99;69m  [38;2;0;0;0m      
[38;2;0;1;2m  [38;2;68;87;69m██[38;2;124;96;88m██[38;2;71;78;71m██[38;2;74;92;72m██[38;2;66;65;66m██[38;2;67;71;69m██[38;2;76;100;75m██[38;2;66;68;69m██[38;2;87;172;121m██[38;2;87;175;122m██[38;2;58;101;88m██[38;2;0;0;0m        
[38;2;12;18;12m  [38;2;57;66;58m██[38;2;114;110;96m██[38;2;66;71;71m██[38;2;132;92;86m██[38;2;134;105;81m██[38;2;147;105;96m██[38;2;68;76;72m██[38;2;86;156;118m██[38;2;83;164;124m██[38;2;79;150;123m██[38;2;69;120;112m██[38;2;32;56;54m  [38;2;0;0;0m      
[38;2;0;0;0m  [38;2;1;4;1m  [38;2;222;191;183m██[38;2;69;67;76m██[38;2;252;112;89m██[38;2;76;95;74m██[38;2;51;70;49m██[38;2;202;213;210m██[38;2;64;65;73m██[38;2;74;129;116m██[38;2;71;121;122m██[38;2;68;95;96m██[38;2;1;6;2m  [38;2;0;0;0m      
[38;2;0;0;0m  [38;2;32;46;31m  [38;2;105;121;107m██[38;2;80;109;100m██[38;2;126;100;74m██[38;2;225;187;169m██[38;2;255;230;223m██[38;2;211;169;147m██[38;2;95;111;91m██[38;2;71;121;122m██[38;2;68;95;97m██[38;2;17;19;17m  [38;2;0;0;0m        
[38;2;0;0;0m    [38;2;35;34;33m██[38;2;78;102;72m██[38;2;78;104;73m██[38;2;77;100;73m██[38;2;173;117;97m██[38;2;158;158;136m██[38;2;64;67;68m██[38;2;67;107;89m██[38;2;7;17;18m██[38;2;0;0;0m          
[38;2;0;0;0m  [38;2;41;81;56m  [38;2;141;95;75m██[38;2;170;92;70m██[38;2;68;73;67m██[38;2;174;95;73m██[38;2;122;99;83m██[38;2;77;130;103m██[38;2;84;153;116m██[38;2;85;160;118m██[38;2;88;170;124m██[38;2;46;96;66m██[38;2;0;2;0m  [38;2;0;0;0m      
[38;2;1;4;2m  [38;2;76;149;104m██[38;2;94;97;82m██[38;2;249;112;74m██[38;2;243;110;73m██[38;2;235;112;76m██[38;2;98;98;82m██[38;2;87;175;122m████[38;2;86;172;121m██[38;2;82;115;81m██[38;2;83;133;95m██[38;2;81;158;112m  [38;2;0;1;0m  [38;2;0;0;0m    
[38;2;10;22;14m  [38;2;37;75;51m██[38;2;126;84;71m██[38;2;147;85;69m██[38;2;116;89;81m██[38;2;142;99;85m██[38;2;117;82;70m██[38;2;75;111;88m██[38;2;84;161;115m██[38;2;81;133;97m██[38;2;75;111;88m██[38;2;166;128;89m██[38;2;0;3;0m  [38;2;0;0;0m      
[38;2;0;0;0m    [38;2;46;40;36m██[38;2;71;119;120m██[38;2;152;144;124m██[38;2;179;168;141m██[38;2;179;176;145m██[38;2;163;187;148m██[38;2;65;67;67m██[38;2;136;109;84m██[38;2;239;175;112m██[38;2;234;203;148m██[38;2;23;20;10m  [38;2;0;0;0m      
[38;2;0;0;0m  [38;2;0;3;0m  [38;2;193;138;95m██[38;2;69;86;87m██[38;2;95;74;67m██[38;2;221;207;165m██[38;2;219;208;167m██[38;2;72;86;76m██[38;2;79;81;76m██[38;2;232;175;118m██[38;2;239;175;112m██[38;2;237;185;125m██[38;2;226;190;133m██[38;2;0;1;0m  [38;2;0;0;0m    
[38;2;0;1;0m  [38;2;201;147;90m██[38;2;198;137;94m██[38;2;154;99;81m██[38;2;141;107;89m██[38;2;85;71;66m██[38;2;203;180;147m██[38;2;166;172;137m██[38;2;188;158;121m██[38;2;129;108;87m██[38;2;236;173;110m██[38;2;238;178;117m██[38;2;232;205;149m██[38;2;114;100;69m██[38;2;0;0;0m    
[38;2;44;34;19m  [38;2;226;164;101m██[38;2;130;89;77m██[38;2;152;99;81m██[38;2;122;88;78m██[38;2;168;136;116m██[38;2;203;179;147m██[38;2;113;103;93m██[38;2;183;163;136m██[38;2;155;140;119m██[38;2;222;163;103m██[38;2;234;203;148m██[38;2;237;172;106m██[38;2;216;154;100m██[38;2;133;98;59m  [38;2;0;0;0m  
[38;2;55;40;26m  [38;2;140;99;67m██[38;2;51;35;27m  [38;2;67;72;62m██[38;2;146;135;114m██[38;2;132;109;88m██[38;2;84;74;59m██[38;2;63;104;105m██[38;2;67;77;78m██[38;2;191;185;149m██[38;2;77;76;73m██[38;2;207;145;97m██[38;2;208;154;99m██[38;2;161;119;79m██[38;2;195;144;95m██[38;2;55;42;24m  
[38;2;0;0;0m  [38;2;0;1;0m    [38;2;83;101;75m██[38;2;60;56;44m████[38;2;20;19;14m  [38;2;4;9;8m  [38;2;146;147;122m██[38;2;136;144;122m██[38;2;177;175;144m██[38;2;179;132;91m██[38;2;183;138;92m██[38;2;71;54;33m██[38;2;0;2;4m  [38;2;0;0;0m  
[38;2;0;0;0m      [38;2;0;3;0m  [38;2;0;0;0m        [38;2;72;95;80m██[38;2;180;177;141m██[38;2;100;127;107m██[38;2;32;29;26m  [38;2;0;3;0m  [38;2;0;0;0m      
[38;2;0;0;0m                [38;2;18;37;24m  [38;2;0;1;0m  [38;2;21;43;28m  [38;2;0;0;0m          [0m
