
[38;2;0;0;0m                                  [38;2;33;33;33m  [38;2;67;67;67m  [38;2;0;0;0m          
[38;2;0;0;0m                              [38;2;82;82;82m  [38;2;207;207;207m██[38;2;230;230;230m██[38;2;249;249;249m██[38;2;0;0;0m          
[38;2;0;0;0m                              [38;2;100;100;100m██[38;2;255;255;255m██[38;2;237;237;242m██[38;2;234;234;240m██[38;2;111;111;111m██[38;2;0;0;0m        
[38;2;0;0;0m                              [38;2;194;198;215m██[38;2;166;166;195m██[38;2;255;255;255m██[38;2;248;248;249m██[38;2;88;88;95m██[38;2;0;0;0m        
[38;2;0;0;0m              [38;2;104;104;104m  [38;2;0;0;0m          [38;2;145;150;156m██[38;2;238;246;255m██[38;2;238;245;255m████[38;2;191;195;217m██[38;2;212;212;226m██[38;2;220;221;234m██[38;2;0;0;0m        
[38;2;0;0;0m            [38;2;130;130;130m  [38;2;239;239;239m██[38;2;0;0;0m          [38;2;238;245;255m██[38;2;238;246;255m████████[38;2;235;243;252m██[38;2;220;225;237m██[38;2;0;0;0m        
[38;2;0;0;0m          [38;2;121;125;130m  [38;2;202;206;211m██[38;2;238;246;255m██[38;2;114;117;121m██[38;2;0;0;0m        [38;2;35;36;38m  [38;2;201;205;216m██[38;2;177;177;201m████[38;2;185;187;210m██[38;2;196;200;221m██[38;2;238;245;255m██[38;2;111;114;118m  [38;2;0;0;0m      
[38;2;0;0;0m      [38;2;14;14;14m  [38;2;255;255;255m████[38;2;238;246;255m██████[38;2;205;212;220m██[38;2;4;4;4m  [38;2;0;0;0m      [38;2;168;168;181m██[38;2;192;192;207m██[38;2;184;184;199m██████[38;2;217;221;234m██[38;2;214;221;230m██[38;2;5;5;5m  [38;2;0;0;0m    
[38;2;0;0;0m      [38;2;219;223;228m██[38;2;255;255;255m████[38;2;241;247;255m██[38;2;238;246;255m██[38;2;238;245;255m██[38;2;238;246;255m██[38;2;74;76;79m██[38;2;0;0;0m      [38;2;66;66;72m  [38;2;47;47;50m  [38;2;0;0;0m    [38;2;1;1;1m  [38;2;135;135;151m██[38;2;238;246;255m██[38;2;177;183;189m██[38;2;0;0;0m    
[38;2;0;0;0m    [38;2;84;87;90m██[38;2;238;245;255m████[38;2;238;246;255m██[38;2;226;234;243m██[38;2;214;221;229m██[38;2;238;246;255m██████[38;2;0;0;0m                  [38;2;238;246;255m██[38;2;237;245;255m██[38;2;28;29;30m  [38;2;0;0;0m  
[38;2;0;0;0m    [38;2;84;87;90m██[38;2;238;246;255m████[38;2;238;245;255m██[38;2;167;172;181m██[38;2;26;26;26m██[38;2;190;196;203m██[38;2;238;246;255m██[38;2;238;245;255m██[38;2;126;130;135m  [38;2;0;0;0m              [38;2;92;95;98m  [38;2;238;246;255m████[38;2;193;199;207m██[38;2;0;0;0m  
[38;2;0;0;0m  [38;2;44;45;47m  [38;2;223;231;239m██[38;2;198;204;211m██[38;2;238;246;255m████[38;2;25;22;15m██[38;2;32;28;23m██[38;2;169;174;179m██[38;2;238;246;255m████[38;2;219;225;239m██[38;2;80;80;88m██[38;2;0;0;0m          [38;2;58;60;62m██[38;2;238;246;255m██████[38;2;237;246;255m██[38;2;64;66;69m██
[38;2;0;0;0m  [38;2;193;199;207m██[38;2;223;231;239m██[38;2;198;204;211m██[38;2;238;245;255m████[38;2;209;212;212m██[38;2;212;215;216m██[38;2;222;229;237m██[38;2;238;246;255m██[38;2;238;245;255m██[38;2;233;241;251m██[38;2;246;248;251m██[38;2;135;135;135m  [38;2;0;0;0m    [38;2;184;184;184m  [38;2;190;193;196m██[38;2;238;246;255m██[38;2;238;245;255m██[38;2;238;246;255m██[38;2;238;245;255m████[38;2;64;66;69m██
[38;2;0;0;0m  [38;2;110;110;118m  [38;2;212;218;230m██[38;2;189;197;208m██[38;2;210;218;228m██[38;2;238;245;255m██[38;2;238;246;255m██[38;2;238;245;255m████[38;2;238;246;255m████[38;2;238;245;255m████[38;2;249;252;255m██[38;2;254;254;255m██[38;2;255;255;255m████[38;2;252;253;255m██[38;2;238;245;255m██[38;2;238;246;255m██[38;2;238;245;255m████[38;2;238;246;255m██[38;2;64;66;69m██
[38;2;0;0;0m    [38;2;94;97;102m██[38;2;82;84;87m██[38;2;147;151;166m██[38;2;104;112;127m██[38;2;238;246;255m████[38;2;157;165;178m██[38;2;238;246;255m████[38;2;238;245;255m██[38;2;238;246;255m████[38;2;240;247;255m██████[38;2;239;246;255m██[38;2;238;246;255m████████[38;2;199;206;214m██[38;2;9;9;10m  
[38;2;0;0;0m      [38;2;44;48;57m  [38;2;167;167;180m██[38;2;197;197;212m██[38;2;117;124;136m██[38;2;79;84;94m██[38;2;200;208;219m██[38;2;238;246;254m  [38;2;238;246;255m██[38;2;238;245;255m██[38;2;238;246;255m████[38;2;185;193;204m██[38;2;238;246;255m██████████████[38;2;116;120;125m  [38;2;0;0;0m  
[38;2;0;0;0m        [38;2;159;164;169m██[38;2;194;194;210m██[38;2;130;131;138m██[38;2;189;189;204m██[38;2;199;200;215m██[38;2;238;246;255m████[38;2;238;245;255m████[38;2;238;246;255m██[38;2;229;237;247m██[38;2;149;157;170m██[38;2;238;246;255m██████████[38;2;238;245;255m██[38;2;0;0;0m    
[38;2;0;0;0m    [38;2;40;41;43m  [38;2;189;194;212m██[38;2;154;154;172m██[38;2;133;133;141m██[38;2;197;197;213m████[38;2;196;196;213m██[38;2;216;220;233m██[38;2;217;221;233m██[38;2;199;203;217m██[38;2;157;164;177m██[38;2;224;231;244m██[38;2;198;202;222m██[38;2;205;213;224m██[38;2;119;124;147m██[38;2;163;171;183m██[38;2;238;246;255m██[38;2;226;232;243m██[38;2;206;210;221m██[38;2;36;36;39m  [38;2;0;0;0m    
[38;2;1;1;1m  [38;2;4;5;5m██[38;2;237;245;254m██[38;2;201;201;217m██[38;2;195;195;211m██[38;2;4;4;4m  [38;2;133;133;141m██[38;2;197;197;213m████[38;2;202;203;218m██[38;2;209;211;225m██[38;2;227;233;244m██[38;2;197;197;213m██[38;2;130;138;152m██[38;2;237;246;255m██[38;2;188;191;215m██[38;2;237;245;254m██[38;2;203;203;220m██[38;2;85;93;109m████[38;2;4;4;4m  [38;2;0;0;0m      
[38;2;64;66;69m██[38;2;238;245;255m██[38;2;148;150;169m██[38;2;84;84;92m██[38;2;48;48;52m  [38;2;0;0;0m  [38;2;44;44;48m  [38;2;196;196;213m██[38;2;197;197;212m██[38;2;197;197;213m████[38;2;196;196;213m██[38;2;197;197;213m██[38;2;147;152;167m██[38;2;225;233;242m██[38;2;201;204;221m██[38;2;233;241;251m██[38;2;229;235;246m██[38;2;245;250;255m██[38;2;255;255;255m██[38;2;228;228;228m██[38;2;0;0;0m      
[38;2;0;0;0m              [38;2;11;11;11m  [38;2;176;176;190m██[38;2;197;197;213m██████[38;2;197;197;212m██[38;2;164;167;183m██[38;2;203;210;221m██[38;2;237;246;255m██[38;2;169;170;199m██[38;2;197;201;222m██[38;2;233;240;250m██[38;2;236;243;253m██[38;2;0;0;0m        
[38;2;0;0;0m                  [38;2;69;69;75m████[38;2;197;197;212m██████[38;2;162;164;180m██[38;2;145;150;155m██[38;2;238;246;255m██[38;2;231;237;247m██[38;2;223;228;240m██[38;2;231;238;248m██[38;2;137;142;147m  [38;2;0;0;0m      
[38;2;0;0;0m                                  [38;2;193;199;207m██[38;2;238;246;255m██[38;2;237;245;255m████[38;2;84;87;90m██[38;2;0;0;0m    
[38;2;0;0;0m                                    [38;2;64;66;69m██████[38;2;22;23;24m  [38;2;0;0;0m    [0m
