
[38;2;0;0;0m            [38;2;19;19;18m  [38;2;5;5;5m  [38;2;0;0;0m                                      
[38;2;0;0;0m            [38;2;72;71;69m██[38;2;21;21;20m██[38;2;0;0;0m        [38;2;98;98;98m  [38;2;0;0;0m██                          
[38;2;0;0;0m          [38;2;56;56;54m  [38;2;124;122;119m██[38;2;0;0;0m      [38;2;12;12;12m  [38;2;81;82;81m██[38;2;132;132;132m██[38;2;0;0;0m                            
[38;2;0;0;0m          [38;2;167;165;161m██[38;2;15;15;14m  [38;2;0;0;0m    [38;2;179;199;206m  [38;2;135;134;135m██[38;2;253;253;253m██[38;2;38;45;51m██[38;2;0;0;0m                            
[38;2;0;0;0m        [38;2;120;117;114m██[38;2;128;126;122m██[38;2;0;0;2m  [38;2;65;88;93m  [38;2;141;184;195m██[38;2;141;144;145m██[38;2;244;252;255m██[38;2;72;75;78m██[38;2;34;49;62m██[38;2;0;0;0m                            
[38;2;0;0;0m        [38;2;200;194;189m██[38;2;82;80;80m██[38;2;63;84;89m  [38;2;103;138;152m██[38;2;123;139;145m██[38;2;252;254;254m██[38;2;175;179;182m██[38;2;65;76;82m██[38;2;1;2;3m  [38;2;0;0;0m                            
[38;2;0;0;0m      [38;2;160;158;154m██[38;2;152;150;147m██[38;2;105;137;150m██[38;2;114;162;187m██[38;2;73;124;167m██[38;2;142;141;142m██[38;2;170;175;177m██[38;2;62;84;101m██[38;2;32;50;67m██[38;2;0;0;0m                              
[38;2;0;0;0m  [38;2;3;3;3m██[38;2;2;2;2m  [38;2;2;3;3m  [38;2;71;85;95m██[38;2;72;75;77m██[38;2;70;86;103m██[38;2;65;70;75m██[38;2;253;253;253m██[38;2;78;78;79m██[38;2;33;52;69m██[38;2;0;0;0m              [38;2;2;2;2m  [38;2;0;0;0m                
[38;2;22;22;21m  [38;2;169;168;176m██[38;2;128;137;147m██[38;2;117;167;192m██[38;2;103;148;177m██[38;2;137;141;145m██[38;2;223;223;223m██[38;2;170;169;170m██[38;2;177;179;181m██[38;2;58;92;122m██[38;2;14;23;31m  [38;2;0;0;0m            [38;2;10;10;10m  [38;2;124;124;124m██[38;2;0;0;0m                
[38;2;0;0;0m  [38;2;0;0;16m  [38;2;98;111;140m██[38;2;73;117;162m██[38;2;93;102;152m██[38;2;216;217;225m██[38;2;129;128;129m██[38;2;253;253;253m██[38;2;65;74;80m██[38;2;21;21;21m██[38;2;0;0;0m          [38;2;9;9;9m██[38;2;113;113;113m██[38;2;253;253;253m██[38;2;94;94;94m  [38;2;0;0;0m  [38;2;14;14;14m  [38;2;19;19;19m  [38;2;0;0;0m          
[38;2;0;0;0m    [38;2;122;123;130m██[38;2;187;191;214m██[38;2;150;130;126m██[38;2;174;86;64m██[38;2;108;108;108m██[38;2;247;247;247m██[38;2;98;97;96m██[38;2;193;190;185m██[38;2;0;0;0m      [38;2;159;159;159m██[38;2;0;0;0m  [38;2;158;158;158m██[38;2;154;151;154m██[38;2;241;241;241m██[38;2;32;32;32m  [38;2;90;89;76m██[38;2;219;219;219m██[38;2;81;81;81m  [38;2;0;0;0m          
[38;2;0;0;0m  [38;2;30;27;23m  [38;2;110;106;102m██[38;2;82;100;114m██[38;2;118;73;62m██[38;2;88;68;64m██[38;2;154;154;154m██[38;2;227;227;227m██[38;2;98;108;120m██[38;2;10;11;12m  [38;2;0;0;0m      [38;2;255;255;255m██[38;2;141;139;118m██[38;2;231;231;227m██[38;2;197;196;186m██[38;2;136;134;124m██[38;2;181;181;178m██[38;2;250;250;250m██[38;2;79;79;79m  [38;2;0;0;0m            
[38;2;0;0;0m  [38;2;48;46;44m  [38;2;77;76;77m  [38;2;110;120;130m██[38;2;76;89;99m██[38;2;176;178;180m██[38;2;250;255;255m██[38;2;74;85;91m██[38;2;108;140;154m██[38;2;2;3;4m  [38;2;137;135;131m██[38;2;5;5;4m  [38;2;0;0;0m  [38;2;255;255;248m██[38;2;193;193;188m██[38;2;135;133;111m██[38;2;186;184;172m██[38;2;155;153;134m██[38;2;239;239;238m██[38;2;163;162;147m██[38;2;56;54;47m  [38;2;26;26;26m  [38;2;177;177;177m██[38;2;144;144;144m  [38;2;0;0;0m      
[38;2;0;0;0m    [38;2;160;162;161m██[38;2;82;88;95m██[38;2;151;152;151m██[38;2;64;64;64m██[38;2;180;184;187m██[38;2;94;113;125m██[38;2;126;172;190m██[38;2;78;89;94m██[38;2;157;157;156m██[38;2;5;5;5m  [38;2;0;0;0m  ██[38;2;186;185;180m██[38;2;146;144;125m██[38;2;173;171;156m██[38;2;138;136;114m██[38;2;178;177;164m██[38;2;173;173;158m██[38;2;211;210;208m██[38;2;246;246;246m██[38;2;195;195;195m██[38;2;0;0;0m        
[38;2;0;0;0m    [38;2;13;13;12m  [38;2;20;20;20m██[38;2;0;0;0m    [38;2;59;69;78m██[38;2;60;93;124m██[38;2;72;117;155m██[38;2;149;210;226m██[38;2;66;82;95m██[38;2;1;1;1m  [38;2;0;0;0m    [38;2;116;114;109m██[38;2;198;195;190m██[38;2;242;241;239m██[38;2;181;179;169m██[38;2;190;188;181m██[38;2;168;166;157m██[38;2;59;59;59m██[38;2;50;50;50m  [38;2;0;0;0m          
[38;2;0;0;0m        [38;2;19;19;19m  [38;2;8;8;8m  [38;2;0;0;0m  [38;2;59;77;91m██[38;2;60;95;126m██[38;2;70;103;133m██[38;2;94;111;126m██[38;2;164;164;161m██[38;2;113;119;126m██[38;2;0;0;0m  [38;2;12;12;12m  [38;2;192;193;193m██[38;2;80;98;108m██[38;2;67;80;92m██[38;2;107;106;104m██[38;2;0;0;0m                
[38;2;0;0;0m        [38;2;65;64;63m██[38;2;170;167;163m██[38;2;79;79;79m  [38;2;221;223;224m██[38;2;64;68;68m██[38;2;116;114;97m██[38;2;238;237;234m██[38;2;152;152;141m██[38;2;70;91;111m██[38;2;62;104;140m██[38;2;68;110;146m██[38;2;75;118;154m██[38;2;133;186;210m██[38;2;73;120;162m██[38;2;70;109;145m██[38;2;11;8;5m  [38;2;0;0;0m              
[38;2;0;0;0m          [38;2;104;103;105m  [38;2;163;165;167m██[38;2;161;157;135m██[38;2;203;203;194m██[38;2;202;201;192m██[38;2;184;183;174m██[38;2;68;67;58m██[38;2;65;103;136m██[38;2;73;122;165m██[38;2;70;117;157m██[38;2;68;113;151m██[38;2;122;184;217m██[38;2;145;210;235m██[38;2;62;99;131m██[38;2;46;68;88m██[38;2;38;54;66m██[38;2;0;0;0m    [38;2;4;6;8m  [38;2;54;74;80m██[38;2;165;221;233m██[38;2;29;39;41m  
[38;2;0;0;0m          [38;2;0;0;13m  [38;2;90;105;134m██[38;2;81;119;176m██[38;2;250;250;249m██[38;2;243;243;241m██[38;2;191;189;180m██[38;2;69;68;69m██[38;2;60;95;126m██[38;2;58;96;129m██[38;2;80;134;172m██[38;2;100;167;210m██[38;2;61;101;131m██[38;2;64;106;137m██[38;2;75;125;161m██[38;2;70;112;149m██[38;2;86;131;162m██[38;2;54;85;114m██[38;2;70;98;115m██[38;2;158;213;234m██[38;2;99;143;166m██[38;2;12;16;17m  [38;2;0;0;0m  
[38;2;0;0;0m            [38;2;112;142;179m██[38;2;70;121;205m██[38;2;184;188;204m██[38;2;201;201;191m██[38;2;187;185;172m██[38;2;220;218;211m██[38;2;149;149;149m██[38;2;59;81;102m██[38;2;72;111;142m██[38;2;39;52;66m██[38;2;51;74;95m██[38;2;78;125;167m██[38;2;125;180;208m██[38;2;73;117;158m██[38;2;67;84;100m██[38;2;84;140;177m██[38;2;87;141;179m██[38;2;31;53;69m██[38;2;9;15;20m  [38;2;0;0;0m    
[38;2;0;0;0m          [38;2;0;0;6m  [38;2;86;136;170m██[38;2;109;121;112m██[38;2;159;158;141m██[38;2;195;196;187m██[38;2;98;99;90m██[38;2;68;67;68m██[38;2;60;67;77m██[38;2;59;89;116m██[38;2;18;25;31m██[38;2;0;0;0m  [38;2;0;1;1m  [38;2;73;121;163m██[38;2;136;192;217m██[38;2;167;226;243m██[38;2;56;84;112m██[38;2;1;1;2m████[38;2;0;0;0m        
[38;2;0;0;0m        [38;2;18;30;38m  [38;2;84;123;172m██[38;2;61;93;117m██[38;2;62;67;73m██[38;2;184;181;172m██[38;2;131;131;126m██[38;2;68;97;117m██[38;2;73;120;163m██[38;2;132;182;202m██[38;2;84;124;152m██[38;2;3;2;5m  [38;2;0;0;0m    [38;2;40;61;87m██[38;2;83;116;153m██[38;2;120;170;200m██[38;2;32;38;64m██[38;2;0;0;0m            
[38;2;0;0;0m        [38;2;34;57;72m██[38;2;79;102;148m██[38;2;59;92;123m██[38;2;57;89;120m██[38;2;75;74;72m  [38;2;70;69;70m██[38;2;57;91;121m██[38;2;58;93;124m██[38;2;122;176;205m██[38;2;174;242;255m██[38;2;41;57;65m██[38;2;0;0;0m    [38;2;17;18;25m██[38;2;143;155;188m██[38;2;75;116;158m██[38;2;191;191;202m██[38;2;0;0;0m            
[38;2;0;0;0m        [38;2;21;24;42m██[38;2;177;175;179m██[38;2;145;145;160m██[38;2;16;16;24m██[38;2;0;0;0m    [38;2;14;18;24m  [38;2;173;181;186m██[38;2;75;110;157m██[38;2;137;152;190m██[38;2;78;87;101m██[38;2;0;0;0m    [38;2;18;18;18m██[38;2;150;155;188m██[38;2;76;99;151m██[38;2;187;192;215m██[38;2;0;0;0m            
[38;2;0;0;0m        [38;2;152;153;166m██[38;2;177;175;179m██[38;2;63;76;124m██[38;2;6;9;14m██[38;2;0;0;0m      [38;2;245;245;245m██[38;2;76;101;151m██[38;2;73;85;147m██[38;2;122;122;122m██[38;2;0;0;0m    [38;2;18;21;18m██[38;2;143;149;187m██[38;2;234;236;242m██[38;2;183;187;198m██[38;2;0;0;0m            
[38;2;0;0;0m        [38;2;155;154;165m██[38;2;175;173;181m██[38;2;60;64;84m██[38;2;2;3;4m  [38;2;0;0;0m    [38;2;0;1;0m  [38;2;245;245;245m██[38;2;132;139;180m██[38;2;73;85;142m██[38;2;122;122;117m██[38;2;0;0;0m    [38;2;4;5;4m  [38;2;38;40;53m██[38;2;229;229;231m██[38;2;50;52;61m██[38;2;0;0;0m            
[38;2;0;0;0m        [38;2;0;0;6m    [38;2;0;0;4m  [38;2;0;0;0m      [38;2;0;1;0m  [38;2;130;132;130m  [38;2;153;158;184m██[38;2;59;68;111m██[38;2;75;76;79m  [38;2;0;0;0m                        
[38;2;0;0;0m                        [38;2;32;32;32m  [38;2;0;0;0m                            [0m
