
[38;2;0;0;0m                [38;2;14;12;13m    [38;2;0;0;0m                        
[38;2;0;0;0m                [38;2;59;49;53m██[38;2;193;160;173m██[38;2;0;0;0m        [38;2;143;143;143m  [38;2;0;0;0m              
[38;2;0;0;0m            [38;2;1;0;0m  [38;2;48;37;40m  [38;2;238;198;212m████[38;2;45;37;39m  [38;2;48;46;47m  [38;2;111;111;111m██[38;2;255;255;255m██[38;2;191;191;191m██[38;2;0;0;0m              
[38;2;0;0;0m        [38;2;44;37;39m██[38;2;178;148;159m██[38;2;33;24;27m  [38;2;225;173;187m██[38;2;241;198;211m██[38;2;240;198;211m██[38;2;213;179;189m██[38;2;224;215;222m██[38;2;255;255;255m████[38;2;191;191;191m██[38;2;0;0;0m              
[38;2;0;0;0m        [38;2;59;49;53m██[38;2;240;198;211m██[38;2;237;191;206m██[38;2;208;143;166m██[38;2;192;139;156m██[38;2;192;126;149m██[38;2;205;145;165m██[38;2;240;222;230m██[38;2;252;244;246m██[38;2;255;255;255m██[38;2;250;239;242m██[38;2;107;102;104m██[38;2;63;63;63m██[38;2;15;15;15m██[38;2;0;0;0m        
[38;2;0;0;0m        [38;2;14;12;13m  [38;2;187;162;171m██[38;2;200;147;164m██[38;2;227;183;198m██[38;2;244;212;222m██[38;2;250;232;238m██[38;2;227;183;197m██[38;2;203;143;164m██[38;2;239;201;215m██[38;2;233;177;195m██[38;2;251;243;245m██[38;2;252;249;250m██[38;2;255;255;255m██[38;2;63;63;63m██[38;2;0;0;0m        
[38;2;0;0;0m          [38;2;98;56;69m  [38;2;249;224;234m██[38;2;252;244;246m██[38;2;255;255;255m██[38;2;247;222;230m██[38;2;244;222;229m██[38;2;219;171;188m██[38;2;187;121;143m██[38;2;228;159;181m██[38;2;241;207;218m██[38;2;254;251;252m██[38;2;236;225;230m██[38;2;45;37;39m  [38;2;0;0;0m        
[38;2;0;0;0m          [38;2;92;61;70m  [38;2;242;187;205m██[38;2;255;255;255m██████[38;2;239;199;212m██[38;2;233;177;195m██[38;2;183;109;132m██[38;2;234;182;198m██[38;2;241;198;211m██[38;2;243;208;219m██[38;2;146;134;142m██[38;2;2;0;0m  [38;2;0;0;0m        
[38;2;0;0;0m        [38;2;44;40;43m██[38;2;172;124;146m██[38;2;216;171;188m██[38;2;241;207;218m██[38;2;249;236;240m██[38;2;234;181;198m██[38;2;243;219;227m██[38;2;227;166;187m██[38;2;155;103;124m██[38;2;101;93;99m██[38;2;95;96;97m██[38;2;154;121;126m██[38;2;0;0;0m            
[38;2;0;0;0m        [38;2;170;161;166m██[38;2;164;113;123m██[38;2;143;107;115m██[38;2;225;164;183m██[38;2;223;164;184m██[38;2;246;201;217m██[38;2;212;152;171m██[38;2;171;134;156m██[38;2;143;142;161m██[38;2;153;148;162m██[38;2;180;157;169m██[38;2;96;89;89m██[38;2;133;111;119m  [38;2;0;0;0m          
[38;2;0;0;0m    [38;2;15;15;15m  [38;2;207;207;207m██[38;2;214;201;208m██[38;2;107;88;85m██[38;2;181;135;141m██[38;2;170;125;127m██[38;2;170;111;128m██[38;2;174;110;132m██[38;2;183;87;105m██[38;2;180;116;130m██[38;2;147;144;163m██[38;2;139;137;154m██[38;2;122;118;129m██[38;2;184;133;145m██[38;2;234;186;203m██[38;2;105;93;97m██[38;2;0;0;0m        
[38;2;0;0;0m  [38;2;143;143;143m  [38;2;207;207;207m██[38;2;233;188;203m██[38;2;195;151;166m██[38;2;176;73;77m██[38;2;226;191;190m██[38;2;160;125;118m██[38;2;133;126;119m██[38;2;183;156;160m██[38;2;209;193;203m██[38;2;216;98;101m██[38;2;156;152;169m██[38;2;92;95;103m██[38;2;64;50;53m██[38;2;228;171;191m██[38;2;222;152;176m██[38;2;243;225;231m██[38;2;138;131;133m  [38;2;0;0;0m      
[38;2;61;56;57m██[38;2;252;247;248m██[38;2;245;225;232m██[38;2;220;148;173m██[38;2;241;198;211m██[38;2;96;81;86m██[38;2;186;138;159m██[38;2;156;152;169m██[38;2;156;153;169m██[38;2;156;152;171m██[38;2;237;122;146m██[38;2;213;112;125m██[38;2;126;127;147m██[38;2;19;19;23m  [38;2;0;0;0m  [38;2;178;148;159m██[38;2;232;182;200m██[38;2;238;203;215m██[38;2;255;255;255m██[38;2;111;111;111m██[38;2;47;47;47m  [38;2;0;0;0m  
[38;2;60;51;54m██[38;2;251;242;245m██[38;2;224;159;181m██[38;2;232;182;200m██[38;2;194;160;172m██[38;2;15;14;14m  [38;2;75;63;72m██[38;2;156;156;171m██[38;2;127;111;125m██[38;2;156;150;170m██[38;2;176;142;162m██[38;2;142;125;142m██[38;2;19;19;23m  [38;2;0;0;0m    [38;2;44;37;39m  [38;2;236;194;209m██[38;2;220;148;173m██[38;2;233;188;203m██[38;2;255;255;255m██[38;2;239;239;239m██[38;2;47;47;47m  
[38;2;58;45;50m██[38;2;228;170;190m██[38;2;226;166;186m████[38;2;133;111;119m  [38;2;0;0;0m  [38;2;0;1;1m  [38;2;29;34;36m  [38;2;111;86;86m██[38;2;100;98;112m██[38;2;94;94;104m██[38;2;38;39;37m██[38;2;0;0;0m        [38;2;59;49;53m██[38;2;238;198;213m██[38;2;217;137;163m██[38;2;238;203;215m██[38;2;249;229;236m██[38;2;60;49;52m██
[38;2;13;8;10m██[38;2;61;56;58m██[38;2;63;63;63m████[38;2;0;0;0m      [38;2;133;131;96m  [38;2;106;93;88m██[38;2;75;78;74m██[38;2;202;198;149m██[38;2;106;105;89m██[38;2;133;133;138m  [38;2;0;0;0m      [38;2;14;12;13m  [38;2;193;160;173m██[38;2;224;159;181m██[38;2;245;225;232m██[38;2;231;162;185m██[38;2;60;48;53m██
[38;2;0;0;0m        [38;2;6;6;7m  [38;2;29;28;31m██[38;2;240;234;246m██[38;2;133;114;121m██[38;2;209;157;175m██[38;2;202;153;166m██[38;2;193;166;163m██[38;2;189;190;197m██[38;2;238;238;243m██[38;2;238;238;239m██[38;2;14;14;14m  [38;2;0;0;0m    [38;2;98;89;95m  [38;2;192;181;191m██[38;2;191;191;191m██[38;2;177;163;175m██[38;2;32;29;31m  
[38;2;0;0;0m        [38;2;6;6;7m  [38;2;29;28;31m██[38;2;223;221;231m██[38;2;204;199;209m██[38;2;203;149;165m██[38;2;196;142;156m██[38;2;225;212;223m██[38;2;221;222;228m██[38;2;189;190;197m██[38;2;136;139;141m██[38;2;131;134;143m██[38;2;29;28;32m  [38;2;0;0;0m  [38;2;1;0;0m    [38;2;0;0;0m  [38;2;2;0;0m  [38;2;0;0;0m  
[38;2;0;0;0m            [38;2;48;48;50m██[38;2;230;225;233m██[38;2;231;212;222m██[38;2;227;212;222m██[38;2;238;238;245m██[38;2;238;238;244m██[38;2;172;168;174m██[38;2;56;57;59m██[38;2;4;6;4m  [38;2;0;0;0m              
[38;2;0;0;0m            [38;2;159;132;134m██[38;2;124;118;118m██[38;2;136;142;144m██[38;2;237;237;244m██[38;2;204;206;210m██[38;2;102;110;110m██[38;2;217;166;182m██[38;2;184;122;142m██[38;2;0;0;0m                
[38;2;0;0;0m            [38;2;213;170;171m██[38;2;193;158;163m██[38;2;183;150;151m██[38;2;96;97;98m██[38;2;101;105;111m██[38;2;86;90;94m██[38;2;241;198;211m██[38;2;226;163;184m██[38;2;162;102;122m██[38;2;0;0;0m              
[38;2;0;0;0m            [38;2;93;74;75m██[38;2;193;158;163m██[38;2;151;135;148m██[38;2;179;161;173m██[38;2;156;151;166m██[38;2;138;137;152m██[38;2;144;123;129m██[38;2;204;177;188m██[38;2;184;164;174m██[38;2;0;0;0m              
[38;2;0;0;0m            [38;2;19;21;26m  [38;2;130;120;137m██[38;2;127;124;143m██[38;2;156;149;166m██[38;2;184;159;166m██[38;2;117;115;136m██[38;2;97;85;89m██[38;2;192;175;184m██[38;2;4;0;0m  [38;2;0;0;0m              
[38;2;0;0;0m              [38;2;20;20;23m  [38;2;126;124;144m████[38;2;117;115;136m██[38;2;109;107;128m██[38;2;102;78;89m██[38;2;12;11;12m  [38;2;0;0;0m                
[38;2;0;0;0m                [38;2;27;26;31m██[38;2;109;107;127m██[38;2;102;100;119m██[38;2;20;20;23m  [38;2;0;0;0m                    
[38;2;0;0;0m                [38;2;6;6;7m  [38;2;27;26;31m██[38;2;20;20;24m  [38;2;0;0;0m                      [0m
