
[38;2;17;16;12m    [38;2;0;0;0m                                            
[38;2;63;59;44m████[38;2;0;0;0m                    [38;2;51;48;36m  ██[38;2;0;0;0m                    
[38;2;0;0;0m  [38;2;191;178;134m██[38;2;0;0;0m                    [38;2;191;178;134m██[38;2;0;0;0m                      
[38;2;0;0;0m  [38;2;191;178;134m██[38;2;43;43;43m  [38;2;0;0;0m                [38;2;169;157;119m  [38;2;65;63;58m██[38;2;0;0;0m                      
[38;2;0;0;0m    [38;2;146;137;106m██[38;2;106;99;80m██[38;2;70;65;52m  [38;2;0;0;0m  [38;2;26;19;8m  [38;2;107;79;34m██[38;2;26;25;19m  [38;2;107;100;76m██[38;2;117;109;83m██[38;2;64;62;54m██[38;2;0;0;0m                        
[38;2;0;0;0m    [38;2;2;2;1m  [38;2;8;8;6m██[38;2;106;102;91m██[38;2;53;49;39m  [38;2;247;183;79m██[38;2;117;99;69m██[38;2;201;189;147m██[38;2;25;24;22m██[38;2;7;6;5m  [38;2;0;0;0m                          
[38;2;0;0;0m        [38;2;60;58;52m██[38;2;155;129;83m██[38;2;188;139;68m██[38;2;207;194;151m██[38;2;112;96;69m██[38;2;159;118;51m██[38;2;0;0;0m            [38;2;127;94;40m██[38;2;31;23;10m  [38;2;0;0;0m            
[38;2;0;0;0m        [38;2;71;52;22m██[38;2;255;189;81m██[38;2;209;159;77m██[38;2;72;69;65m██[38;2;255;189;81m████[38;2;191;141;61m██[38;2;0;0;0m          [38;2;211;174;96m██[38;2;206;172;97m██[38;2;7;5;2m  [38;2;0;0;0m          
[38;2;0;0;0m        [38;2;255;189;81m██████[38;2;208;153;67m████[38;2;255;189;81m██[38;2;228;169;73m██[38;2;36;27;11m  [38;2;0;0;0m      [38;2;110;81;35m  [38;2;211;174;96m██[38;2;74;148;146m██[38;2;191;141;61m██[38;2;0;0;0m          
[38;2;0;0;0m      [38;2;191;141;61m██[38;2;255;189;82m████[38;2;247;198;117m██[38;2;56;56;56m██[38;2;228;217;203m██[38;2;228;168;73m██[38;2;255;189;82m██[38;2;63;47;20m██[38;2;0;0;0m    [38;2;5;4;1m  [38;2;182;140;68m██[38;2;80;134;140m██[38;2;69;161;151m██[38;2;112;176;137m██[38;2;63;47;20m██[38;2;0;0;0m        
[38;2;0;0;0m    [38;2;41;34;21m  [38;2;232;188;106m██[38;2;255;200;106m██[38;2;255;189;81m██[38;2;201;152;72m██[38;2;10;10;10m██[38;2;237;223;204m██[38;2;237;173;75m██[38;2;255;189;81m██[38;2;63;47;20m██[38;2;0;0;0m    [38;2;51;34;14m██[38;2;112;132;118m██[38;2;69;161;151m██[38;2;37;77;75m██[38;2;49;89;73m██[38;2;157;137;72m██[38;2;0;0;0m        
[38;2;0;0;0m    [38;2;255;209;123m██[38;2;255;213;131m██[38;2;255;211;128m██[38;2;255;193;91m██[38;2;216;163;78m██[38;2;176;148;108m██[38;2;255;228;186m██[38;2;247;181;78m██[38;2;255;189;82m████[38;2;9;9;9m  [38;2;29;20;8m  [38;2;156;135;89m██[38;2;59;136;129m██[38;2;0;0;0m      [38;2;154;114;49m  [38;2;0;0;0m        
[38;2;0;0;0m    [38;2;255;190;85m██[38;2;255;195;95m██[38;2;255;193;91m██[38;2;255;189;81m██████[38;2;235;173;75m██[38;2;197;136;57m██[38;2;255;189;81m████[38;2;164;128;69m██[38;2;98;111;99m██[38;2;81;131;139m██[38;2;20;32;34m██[38;2;0;0;0m                
[38;2;0;0;0m    [38;2;203;150;65m██[38;2;255;189;82m██[38;2;233;172;75m██[38;2;255;189;82m██████[38;2;177;139;78m██[38;2;215;164;82m██[38;2;255;189;82m██████[38;2;150;121;72m██[38;2;58;84;89m██[38;2;0;0;0m                  
[38;2;0;0;0m    [38;2;12;9;3m  [38;2;203;150;65m██[38;2;239;177;77m██[38;2;255;189;81m██[38;2;216;163;78m██[38;2;101;88;68m██[38;2;224;209;161m██[38;2;211;182;133m██[38;2;255;189;81m████████[38;2;215;162;75m██[38;2;205;152;66m██[38;2;0;0;0m                
[38;2;0;0;0m    [38;2;104;70;29m██[38;2;136;102;60m██[38;2;113;90;62m████[38;2;128;112;85m██[38;2;232;212;163m██[38;2;227;206;159m██[38;2;211;189;147m██[38;2;237;182;94m██[38;2;255;189;81m██[38;2;189;146;76m████[38;2;255;189;81m██[38;2;255;207;118m██[38;2;255;213;131m██[38;2;129;108;66m██[38;2;0;0;0m    [38;2;17;12;4m  [38;2;70;48;19m██[38;2;205;139;56m██[38;2;51;34;14m██
[38;2;0;0;0m    [38;2;112;89;62m██[38;2;205;139;56m██[38;2;159;108;44m██[38;2;23;16;6m██[38;2;172;136;80m██[38;2;247;229;174m██[38;2;249;231;175m██[38;2;211;188;147m██[38;2;234;213;162m██[38;2;240;183;92m██[38;2;233;174;80m██[38;2;162;119;58m██[38;2;128;106;70m██[38;2;255;191;86m██[38;2;255;213;131m██[38;2;255;212;131m██[38;2;183;139;68m██[38;2;150;106;52m██[38;2;187;126;52m██[38;2;205;139;56m██[38;2;159;108;44m██[38;2;5;4;1m  
[38;2;0;0;0m            [38;2;54;48;37m██[38;2;216;195;151m████[38;2;245;227;172m██[38;2;248;230;174m██[38;2;198;174;138m██[38;2;234;181;97m██[38;2;255;189;81m██[38;2;152;122;72m██[38;2;234;175;80m██[38;2;249;183;79m██[38;2;233;167;71m██[38;2;185;157;121m██[38;2;170;120;58m██[38;2;205;139;56m████[38;2;88;60;24m  [38;2;0;0;0m  
[38;2;0;0;0m            [38;2;165;118;58m██[38;2;209;196;152m██[38;2;255;238;179m████[38;2;190;166;132m██[38;2;236;217;166m██[38;2;237;217;165m██[38;2;161;123;69m██[38;2;253;187;81m██[38;2;116;98;69m██[38;2;117;114;111m██[38;2;116;113;110m██[38;2;104;88;68m██[38;2;203;138;57m██[38;2;205;139;56m██[38;2;57;38;15m██[38;2;0;0;0m    
[38;2;0;0;0m          [38;2;153;104;42m██[38;2;187;129;57m██[38;2;129;111;88m██[38;2;222;201;155m████[38;2;246;228;173m██[38;2;222;201;155m██[38;2;191;164;122m██[38;2;228;177;92m██[38;2;255;213;131m██[38;2;255;204;112m██[38;2;231;173;79m██[38;2;88;80;67m██[38;2;205;139;56m██[38;2;128;86;35m██[38;2;76;52;21m  [38;2;0;0;0m      
[38;2;0;0;0m          [38;2;147;100;41m  [38;2;205;139;57m████[38;2;98;90;80m██[38;2;184;160;128m██[38;2;190;165;132m██[38;2;214;195;156m██[38;2;174;126;57m██[38;2;255;206;117m██[38;2;255;213;131m██[38;2;255;212;129m██[38;2;255;189;82m████[38;2;46;46;46m  [38;2;0;0;0m          
[38;2;0;0;0m            [38;2;116;78;32m██[38;2;205;139;56m██[38;2;190;131;57m██[38;2;145;107;60m██[38;2;122;114;97m██[38;2;93;86;69m██[38;2;110;80;36m██[38;2;255;189;81m██[38;2;255;199;102m██[38;2;255;191;87m██[38;2;255;189;81m██[38;2;233;167;71m██[38;2;0;0;0m            
[38;2;0;0;0m            [38;2;4;3;1m  [38;2;65;58;49m██[38;2;199;134;55m██[38;2;181;122;50m██[38;2;0;0;0m      [38;2;169;125;54m  [38;2;237;176;79m██[38;2;249;183;79m██[38;2;243;177;76m██[38;2;52;36;14m██[38;2;0;0;0m            
[38;2;0;0;0m            [38;2;47;43;39m██[38;2;201;148;81m██[38;2;53;36;14m  [38;2;0;0;0m          [38;2;76;59;35m██[38;2;237;171;73m██[38;2;246;180;77m██[38;2;55;39;16m██[38;2;0;0;0m            
[38;2;0;0;0m                            [38;2;54;54;54m██[38;2;215;175;125m██[38;2;212;172;122m██[38;2;51;51;51m  [38;2;0;0;0m            
[38;2;0;0;0m                            [38;2;4;4;4m  [38;2;55;55;55m██[38;2;51;51;51m  [38;2;0;0;0m              [0m
