
[38;2;0;0;0m                        [38;2;2;14;19m  [38;2;0;0;0m                            
[38;2;0;0;0m                        [38;2;14;100;139m██[38;2;0;0;0m██                          
[38;2;0;0;0m                    [38;2;13;93;132m██[38;2;16;113;159m██████[38;2;9;9;9m  [38;2;0;0;0m                        
[38;2;0;0;0m                    [38;2;12;30;40m██[38;2;16;112;156m██[38;2;16;113;159m████[38;2;18;99;136m██[38;2;0;0;0m            [38;2;5;18;25m  [38;2;11;42;56m  [38;2;0;0;0m        
[38;2;0;0;0m              [38;2;50;11;15m  [38;2;0;0;0m    [38;2;24;63;81m██[38;2;17;113;157m██[38;2;16;113;158m██[38;2;16;113;159m██[38;2;18;104;143m██[38;2;10;70;97m  [38;2;0;0;0m        [38;2;9;33;44m  [38;2;41;153;203m████[38;2;10;15;19m  [38;2;2;0;0m  [38;2;0;0;0m    
[38;2;0;0;0m            [38;2;52;12;15m  [38;2;161;36;48m██[38;2;84;19;25m  [38;2;52;51;52m  [38;2;125;74;86m██[38;2;63;70;76m██[38;2;16;113;157m██[38;2;16;113;159m██[38;2;24;62;80m██[38;2;0;0;0m      [38;2;21;78;105m██[38;2;35;133;178m██[38;2;40;146;193m██[38;2;43;155;201m████[38;2;46;142;185m██[38;2;38;134;178m██[38;2;0;0;0m    
[38;2;0;0;0m      [38;2;52;11;15m  [38;2;130;33;42m██[38;2;35;18;20m██[38;2;192;73;78m██[38;2;126;60;68m██[38;2;128;63;69m██[38;2;222;75;81m██[38;2;227;76;83m██[38;2;70;64;65m██[38;2;16;113;157m██[38;2;16;113;159m██[38;2;0;0;0m      [38;2;1;4;5m  [38;2;30;115;154m██[38;2;43;155;201m██[38;2;43;155;202m██[38;2;41;152;199m██[38;2;32;137;182m██████[38;2;30;127;169m██[38;2;6;24;32m  
[38;2;0;0;0m      [38;2;133;30;39m██[38;2;133;45;54m██[38;2;195;70;75m██[38;2;227;76;83m██[38;2;229;74;81m██[38;2;196;61;68m██[38;2;220;72;79m██[38;2;227;76;84m██[38;2;162;56;63m██[38;2;39;84;109m██[38;2;16;113;156m██[38;2;7;49;69m  [38;2;0;0;0m  [38;2;21;78;102m██[38;2;39;142;185m██[38;2;40;153;205m██[38;2;29;140;190m██[38;2;63;71;76m██[38;2;17;116;159m██[38;2;16;113;158m████[38;2;16;113;156m██[38;2;1;7;10m  [38;2;0;0;0m  
[38;2;0;0;0m    [38;2;93;30;35m██[38;2;135;66;70m██[38;2;125;55;61m██[38;2;214;74;81m██[38;2;210;66;75m██[38;2;172;74;62m██[38;2;154;103;105m██[38;2;219;72;79m██[38;2;225;75;83m██[38;2;195;64;72m██[38;2;180;64;69m██[38;2;41;98;130m██[38;2;4;30;43m  [38;2;0;2;3m  [38;2;31;115;152m██[38;2;42;151;198m██[38;2;46;97;120m██[38;2;41;89;111m██[38;2;20;115;157m██[38;2;16;113;157m██[38;2;16;113;159m████[38;2;4;33;47m██[38;2;0;0;0m    
[38;2;0;0;0m    [38;2;145;52;59m██[38;2;199;73;78m██[38;2;224;75;82m██[38;2;227;76;83m██[38;2;108;29;35m██[38;2;123;116;90m██[38;2;217;167;165m██[38;2;219;72;79m██[38;2;198;60;67m██[38;2;224;74;82m██[38;2;156;77;90m██[38;2;3;88;114m██[38;2;0;0;0m  [38;2;1;5;7m██[38;2;40;152;205m██[38;2;60;71;77m██[38;2;16;112;154m██[38;2;16;113;159m████████[38;2;0;4;6m██[38;2;0;1;2m██[38;2;0;0;0m    
[38;2;0;0;0m    [38;2;152;50;54m██[38;2;165;71;75m██[38;2;229;76;82m██[38;2;227;75;84m██[38;2;200;73;78m██[38;2;122;55;61m██[38;2;176;61;67m██[38;2;151;70;73m██[38;2;191;73;78m  [38;2;150;70;73m██[38;2;174;64;68m██[38;2;37;90;111m██[38;2;42;67;81m██[38;2;42;152;199m██[38;2;36;108;139m██[38;2;16;113;156m██[38;2;16;113;159m██[38;2;18;110;151m██[38;2;24;104;141m██[38;2;16;113;159m██[38;2;5;37;52m██[38;2;0;0;0m        
[38;2;0;0;0m    [38;2;68;22;24m██[38;2;230;76;81m██[38;2;174;70;76m██[38;2;198;60;72m██[38;2;107;82;86m██[38;2;179;113;123m██[38;2;65;64;65m██[38;2;217;75;80m██[38;2;156;62;69m██[38;2;223;67;81m██[38;2;210;60;66m██[38;2;97;91;105m██[38;2;28;132;177m██[38;2;16;113;156m██[38;2;16;113;157m██[38;2;14;104;147m██[38;2;0;0;0m██[38;2;14;100;138m██[38;2;0;0;0m██[38;2;13;96;132m██[38;2;0;0;0m          
[38;2;0;0;0m        [38;2;26;12;14m  [38;2;73;46;50m██[38;2;131;99;105m██[38;2;147;72;75m██[38;2;132;68;71m██[38;2;150;70;73m██[38;2;148;54;62m██[38;2;128;87;83m██[38;2;44;100;132m██[38;2;19;124;161m██[38;2;93;132;169m██[38;2;147;70;73m██[38;2;33;58;71m██[38;2;0;0;0m                    
[38;2;0;0;0m        [38;2;75;25;28m  [38;2;171;62;68m██[38;2;72;64;65m██[38;2;212;74;80m██[38;2;225;74;80m██[38;2;76;64;65m██[38;2;69;67;64m██[38;2;153;116;33m██[38;2;19;108;154m██[38;2;55;61;67m██[38;2;40;153;205m██[38;2;215;78;86m██[38;2;37;91;115m██[38;2;0;4;6m  [38;2;0;0;0m  [38;2;6;1;2m  [38;2;0;0;0m              
[38;2;0;0;0m          [38;2;85;28;30m  [38;2;136;69;72m██[38;2;138;57;63m██[38;2;57;25;28m  [38;2;26;25;26m  [38;2;108;97;58m████[38;2;134;131;87m██[38;2;32;97;131m██[38;2;54;102;125m██[38;2;41;151;202m██[38;2;47;98;122m██[38;2;41;81;100m██[38;2;20;52;68m██[38;2;150;42;50m██[38;2;75;23;27m██[38;2;0;0;0m            
[38;2;0;0;0m  [38;2;1;7;10m  [38;2;226;225;226m██[38;2;42;54;51m██[38;2;108;47;53m██[38;2;13;97;137m██[38;2;16;113;159m██[38;2;14;104;144m██[38;2;0;0;0m    [38;2;99;87;62m██[38;2;222;190;110m██[38;2;140;142;107m██[38;2;57;94;104m██[38;2;18;110;151m██[38;2;62;74;81m██[38;2;35;146;196m██[38;2;170;57;69m██[38;2;126;68;71m██[38;2;55;73;82m██[38;2;99;64;76m██[38;2;72;66;78m██[38;2;77;30;32m██[38;2;13;92;129m██[38;2;0;0;0m      
[38;2;16;21;22m  [38;2;34;88;109m██[38;2;66;107;126m██[38;2;60;95;117m██[38;2;33;95;128m██[38;2;16;113;159m██[38;2;6;44;62m  [38;2;0;4;6m  [38;2;0;0;0m  [38;2;2;51;77m  [38;2;50;74;84m██[38;2;166;144;94m██[38;2;189;166;96m██[38;2;129;113;69m██[38;2;47;89;109m██[38;2;40;153;205m██[38;2;84;120;157m██[38;2;50;91;109m██[38;2;35;93;120m██[38;2;50;90;116m██[38;2;27;100;135m██[38;2;13;108;147m██[38;2;21;106;146m██[38;2;5;36;50m  [38;2;0;0;0m      
[38;2;55;57;57m  [38;2;191;207;210m██[38;2;46;72;85m██[38;2;59;74;82m██[38;2;9;65;90m  [38;2;0;0;0m      [38;2;6;92;138m██[38;2;5;91;137m██[38;2;14;89;131m██[38;2;84;88;91m██[38;2;65;75;77m██[38;2;140;125;76m██[38;2;42;112;144m██[38;2;42;145;195m██[38;2;186;63;76m██[38;2;197;67;79m██[38;2;33;95;124m██[38;2;155;43;39m██[38;2;35;85;114m██[38;2;11;84;117m  [38;2;0;0;0m          
[38;2;0;0;0m  [38;2;68;68;68m  [38;2;38;50;62m██[38;2;177;186;185m██[38;2;0;0;0m        [38;2;3;57;84m██[38;2;5;93;137m██[38;2;73;83;94m██[38;2;99;149;168m██[38;2;44;131;170m██[38;2;49;122;156m██[38;2;82;109;144m██[38;2;136;83;98m██[38;2;53;99;129m██[38;2;31;97;126m██[38;2;16;113;159m██[38;2;55;14;17m  [38;2;0;0;0m              
[38;2;0;0;0m                [38;2;117;129;129m██[38;2;49;76;89m██[38;2;74;94;103m██[38;2;61;79;89m██[38;2;39;149;198m██[38;2;43;153;200m██[38;2;16;60;81m  [38;2;37;52;65m██[38;2;32;105;139m██[38;2;15;110;152m██[38;2;85;51;61m██[38;2;0;0;0m                
[38;2;0;0;0m                [38;2;20;23;24m  [38;2;26;34;38m██[38;2;20;25;27m  [38;2;55;89;102m██[38;2;45;114;145m██[38;2;22;125;172m██[38;2;0;0;0m  [38;2;9;1;0m  [38;2;35;46;56m██[38;2;38;83;109m██[38;2;39;76;101m██[38;2;0;0;0m                
[38;2;0;0;0m                        [38;2;81;119;133m██[38;2;10;88;125m██[38;2;0;0;0m  [38;2;5;5;5m██[38;2;87;97;101m██[38;2;176;180;173m██[38;2;95;115;120m██[38;2;0;0;0m                
[38;2;0;0;0m                                  [38;2;45;45;43m  [38;2;0;0;0m                  [0m
