
[38;2;0;0;0m                [38;2;27;10;11m  [38;2;57;23;23m██[38;2;0;0;0m                  
[38;2;0;0;0m                [38;2;196;78;79m██[38;2;99;70;71m██[38;2;70;70;67m  [38;2;0;0;0m                
[38;2;0;0;0m              [38;2;210;85;85m██[38;2;199;86;86m██[38;2;103;103;101m██[38;2;119;120;114m██[38;2;0;0;0m                
[38;2;0;0;0m              [38;2;36;27;27m  [38;2;83;57;56m██[38;2;87;86;85m██[38;2;189;189;181m██[38;2;0;0;0m                
[38;2;0;0;0m        [38;2;85;88;88m██[38;2;134;137;138m██[38;2;143;143;143m██[38;2;67;66;67m██[38;2;152;156;157m██[38;2;246;246;246m██[38;2;117;118;111m██[38;2;155;147;140m██[38;2;0;0;0m              
[38;2;0;0;0m        [38;2;211;219;219m██[38;2;230;239;239m██[38;2;70;69;70m██[38;2;201;208;208m██[38;2;221;225;224m██[38;2;253;253;253m██[38;2;181;182;173m██[38;2;70;68;65m██[38;2;2;2;2m  [38;2;0;0;0m            
[38;2;0;0;0m        [38;2;231;239;239m████[38;2;234;241;241m██[38;2;239;245;244m██[38;2;210;210;204m██[38;2;189;190;181m██[38;2;130;130;126m██[38;2;108;109;106m  [38;2;53;52;50m██[38;2;0;0;0m            
[38;2;0;0;0m      [38;2;177;183;183m  [38;2;231;239;239m██[38;2;230;239;239m██[38;2;253;254;254m██[38;2;197;197;190m██[38;2;189;188;180m██[38;2;76;75;75m██[38;2;130;130;126m██[38;2;83;86;83m██[38;2;94;95;94m██[38;2;0;0;0m            
[38;2;0;0;0m      [38;2;214;214;214m██[38;2;255;255;255m██[38;2;229;228;226m██[38;2;210;209;205m██[38;2;189;189;181m██[38;2;106;104;90m██[38;2;246;231;147m██[38;2;102;102;100m██[38;2;145;146;144m██[38;2;192;195;189m██[38;2;0;0;0m            
[38;2;0;0;0m      [38;2;9;9;9m  [38;2;231;231;228m██[38;2;189;189;181m██[38;2;139;139;134m██[38;2;71;70;70m██[38;2;156;145;103m██[38;2;73;72;60m██[38;2;118;121;118m██[38;2;227;234;234m██[38;2;164;156;148m██[38;2;161;161;154m  [38;2;0;0;0m          
[38;2;0;0;0m        [38;2;185;185;183m██[38;2;193;193;189m██[38;2;93;92;91m██[38;2;121;123;124m██[38;2;74;74;80m  [38;2;130;125;116m██[38;2;172;176;176m██[38;2;165;155;147m██[38;2;164;155;147m██[38;2;167;163;156m██[38;2;31;30;29m  [38;2;0;0;0m        
[38;2;0;0;0m        [38;2;24;23;24m██[38;2;235;235;235m██[38;2;117;117;114m██[38;2;63;66;79m██[38;2;78;80;93m██[38;2;222;231;247m██[38;2;115;113;123m██[38;2;165;156;147m████[38;2;166;157;149m██[38;2;66;64;60m██[38;2;0;0;0m        
[38;2;0;0;0m        [38;2;100;101;99m██[38;2;139;138;134m██[38;2;90;90;89m  [38;2;150;154;154m██[38;2;189;195;195m██[38;2;165;156;147m██[38;2;150;145;141m██[38;2;141;137;136m██[38;2;132;128;121m██[38;2;191;192;184m██[38;2;173;175;173m██[38;2;55;56;60m██[38;2;91;95;95m██[38;2;0;0;0m    
[38;2;2;2;2m  [38;2;8;8;7m██[38;2;189;189;181m████[38;2;135;134;135m██[38;2;253;254;254m██[38;2;231;239;238m████[38;2;234;241;242m██[38;2;167;159;152m██[38;2;139;135;135m██[38;2;119;118;125m██[38;2;163;156;147m██[38;2;71;70;72m██[38;2;186;191;194m██[38;2;202;207;208m██[38;2;181;182;181m██[38;2;146;147;144m██[38;2;1;1;1m  
[38;2;30;30;32m██[38;2;116;117;125m██[38;2;189;189;181m██[38;2;185;187;181m██[38;2;129;133;131m██[38;2;239;245;243m██[38;2;240;245;245m████[38;2;237;243;243m██[38;2;233;240;241m██[38;2;163;155;147m██[38;2;161;154;146m██[38;2;139;137;138m██[38;2;76;75;77m██[38;2;183;184;188m██[38;2;190;195;196m██[38;2;120;121;120m██[38;2;182;181;174m██[38;2;43;41;38m██
[38;2;0;0;0m  [38;2;70;73;98m██[38;2;104;104;101m██[38;2;85;87;84m██[38;2;174;177;175m██[38;2;227;231;227m██[38;2;255;255;255m██[38;2;249;249;248m████[38;2;238;238;238m██[38;2;175;171;163m██[38;2;116;116;124m██[38;2;112;109;106m██[38;2;241;241;241m██[38;2;255;255;255m██[38;2;216;223;223m██[38;2;197;200;194m██[38;2;47;46;47m  [38;2;0;0;0m  
[38;2;0;0;0m  [38;2;25;27;43m  [38;2;52;52;49m██[38;2;73;72;72m██[38;2;210;216;215m██[38;2;239;243;239m██[38;2;214;214;209m██[38;2;190;190;182m██[38;2;153;153;147m██[38;2;140;141;136m██[38;2;175;171;163m██[38;2;84;83;94m██[38;2;124;128;140m██[38;2;247;251;247m██[38;2;182;181;182m██[38;2;74;77;103m██[38;2;150;150;144m██[38;2;0;0;0m    
[38;2;0;0;0m    [38;2;7;7;7m  [38;2;72;74;71m██[38;2;163;166;167m██[38;2;73;75;83m██[38;2;172;173;165m██[38;2;188;188;180m██[38;2;189;189;181m██████[38;2;65;65;67m██[38;2;90;103;143m██[38;2;69;74;91m██[38;2;70;78;116m██[38;2;70;82;123m██[38;2;130;132;129m██[38;2;0;0;0m    
[38;2;0;0;0m    [38;2;59;60;57m██[38;2;186;188;181m██[38;2;90;94;114m██[38;2;123;139;198m██[38;2;60;65;81m██[38;2;106;105;104m██[38;2;107;108;107m██[38;2;189;189;181m██[38;2;146;146;141m██[38;2;141;142;137m██[38;2;67;74;99m██[38;2;82;92;126m██[38;2;63;70;101m██[38;2;59;66;87m██[38;2;20;20;23m██[38;2;0;0;0m    
[38;2;0;0;0m    [38;2;184;184;175m████[38;2;126;123;119m██[38;2;87;92;116m██[38;2;92;105;150m██[38;2;61;69;98m██[38;2;61;67;87m██[38;2;61;66;74m██[38;2;65;65;68m██[38;2;183;184;175m██[38;2;81;83;86m██[38;2;64;70;90m██[38;2;79;83;126m██[38;2;93;95;95m██[38;2;158;160;153m██[38;2;0;0;0m    
[38;2;0;0;0m  [38;2;45;48;76m  [38;2;85;81;77m██[38;2;164;156;147m████[38;2;137;131;125m██[38;2;24;27;42m████[38;2;21;23;35m██[38;2;17;20;27m██[38;2;18;20;23m██[38;2;189;189;181m██[38;2;203;210;204m██[38;2;180;189;186m██[38;2;180;186;186m██[38;2;201;204;198m██[38;2;193;194;186m██[38;2;0;0;0m    
[38;2;0;0;0m                      [38;2;7;7;7m  [38;2;136;139;136m██[38;2;238;246;246m██[38;2;181;190;186m██[38;2;78;81;94m██[38;2;125;127;126m██[38;2;0;0;0m    
[38;2;0;0;0m                        [38;2;1;1;1m  [38;2;62;64;64m██[38;2;33;34;33m██[38;2;32;37;51m██[38;2;10;11;16m██[38;2;0;0;0m    [0m
