
[38;2;0;0;0m                        [38;2;50;41;13m  [38;2;71;60;28m██[38;2;57;53;40m██[38;2;0;0;0m                      
[38;2;0;0;0m                      [38;2;152;136;44m██[38;2;242;201;64m██[38;2;255;209;72m██[38;2;242;203;81m██[38;2;184;164;53m██[38;2;16;14;4m  [38;2;0;0;0m                  
[38;2;0;0;0m                      [38;2;0;2;0m  [38;2;89;85;39m  [38;2;167;153;65m██[38;2;131;123;56m██[38;2;0;2;0m  [38;2;0;0;0m                    
[38;2;0;0;0m                        [38;2;81;71;46m  [38;2;235;201;96m██[38;2;135;117;69m██[38;2;0;0;0m                      
[38;2;0;0;0m                      [38;2;64;54;42m██[38;2;166;158;127m██[38;2;158;157;145m████[38;2;117;100;46m██[38;2;0;0;0m                    
[38;2;0;0;0m                ██[38;2;19;20;19m██[38;2;173;174;173m██[38;2;74;73;73m██[38;2;215;180;77m██[38;2;255;207;65m████[38;2;72;67;61m██[38;2;0;0;0m    ████            
[38;2;0;0;0m              [38;2;5;5;5m██[38;2;177;174;166m██[38;2;193;189;182m██[38;2;99;96;93m██[38;2;150;147;143m██[38;2;170;167;157m██[38;2;159;157;145m████[38;2;201;196;189m██[38;2;55;51;49m██[38;2;105;108;104m██[38;2;127;127;123m██[38;2;137;137;131m██[38;2;109;106;103m██[38;2;46;44;43m  [38;2;0;0;0m        
[38;2;0;0;0m              [38;2;6;6;6m  [38;2;133;131;125m██[38;2;98;96;90m██[38;2;77;76;77m██[38;2;189;185;179m██[38;2;192;186;180m██[38;2;192;187;180m██[38;2;190;185;179m██[38;2;146;146;132m██[38;2;81;76;73m██[38;2;142;139;133m██[38;2;190;184;176m██[38;2;195;189;181m██[38;2;199;194;187m██[38;2;80;78;76m██[38;2;0;0;0m        
[38;2;0;0;0m                [38;2;115;112;109m██[38;2;199;195;189m██[38;2;166;164;159m██[38;2;99;87;79m██[38;2;203;126;75m██[38;2;170;121;77m██[38;2;88;87;78m██[38;2;199;195;189m██[38;2;88;87;87m██[38;2;136;133;129m██[38;2;160;155;148m██[38;2;145;141;133m██[38;2;70;69;64m██[38;2;15;14;13m  [38;2;0;0;0m        
[38;2;0;0;0m  [38;2;12;11;10m  [38;2;35;35;34m████[38;2;0;0;0m        [38;2;11;11;10m  [38;2;82;82;76m  [38;2;132;133;118m██[38;2;92;90;90m██[38;2;182;153;69m██[38;2;78;77;77m██[38;2;177;174;169m██[38;2;155;155;147m██[38;2;188;184;178m██[38;2;200;195;189m████[38;2;94;93;86m██[38;2;0;0;0m            
[38;2;22;22;19m  [38;2;101;99;87m██[38;2;121;118;107m██[38;2;135;135;119m██[38;2;103;101;99m██[38;2;59;56;49m██[38;2;0;0;0m  [38;2;181;147;48m██[38;2;158;137;71m██[38;2;96;96;83m██[38;2;136;135;129m██[38;2;140;140;127m██[38;2;164;161;157m██[38;2;156;154;147m██[38;2;134;135;119m██[38;2;184;181;175m██[38;2;113;111;109m██[38;2;102;100;102m██[38;2;102;100;105m██[38;2;211;175;71m██[38;2;88;73;34m  [38;2;0;1;7m  [38;2;0;0;0m        
[38;2;8;8;6m  [38;2;74;74;64m██[38;2;105;103;87m██[38;2;108;110;92m██[38;2;143;142;136m██[38;2;78;75;68m██[38;2;73;71;67m██[38;2;118;116;86m██[38;2;164;148;86m██[38;2;195;163;70m██[38;2;89;88;84m██[38;2;156;154;148m██[38;2;134;135;119m██[38;2;142;141;129m██[38;2;161;159;155m██[38;2;78;78;73m██[38;2;108;108;93m██[38;2;126;120;86m██[38;2;214;179;76m██[38;2;133;126;86m██[38;2;203;168;71m██[38;2;97;82;40m██[38;2;0;0;0m        
[38;2;5;5;4m  [38;2;20;20;17m██[38;2;51;52;43m██[38;2;111;113;94m██[38;2;117;117;106m██[38;2;68;67;68m██[38;2;73;71;67m██[38;2;116;112;69m██[38;2;25;25;23m██[38;2;108;106;93m██[38;2;112;113;95m██[38;2;99;97;97m██[38;2;90;88;88m██[38;2;93;92;88m██[38;2;103;104;90m██[38;2;112;113;95m████[38;2;107;106;91m██[38;2;116;112;84m██[38;2;135;126;70m██[38;2;78;75;67m██[38;2;68;67;65m██[38;2;57;56;53m██[38;2;18;18;18m  [38;2;0;0;0m    
[38;2;0;0;0m      [38;2;62;63;52m  [38;2;127;127;111m██[38;2;44;43;40m██[38;2;26;25;22m  [38;2;0;0;0m    [38;2;72;68;31m██[38;2;110;107;91m██[38;2;112;113;95m████[38;2;112;112;95m██[38;2;105;102;87m██[38;2;110;106;73m██[38;2;105;101;83m██[38;2;106;102;87m██[38;2;102;99;84m██[38;2;89;88;88m██[38;2;120;118;112m██[38;2;160;160;148m██[38;2;90;92;80m██[38;2;155;152;145m██[38;2;44;46;40m██[38;2;20;20;18m  
[38;2;0;0;0m      [38;2;82;82;75m  [38;2;121;119;110m██[38;2;0;0;0m        [38;2;229;189;66m██[38;2;103;100;85m██[38;2;112;113;95m██[38;2;113;112;95m██[38;2;106;105;87m██[38;2;167;148;66m██[38;2;224;189;66m██[38;2;95;91;72m██[38;2;105;104;90m██[38;2;82;79;68m██[38;2;71;70;71m██[38;2;119;120;104m██[38;2;94;93;80m██[38;2;110;108;92m██[38;2;101;98;84m██[38;2;91;87;76m██[38;2;33;32;27m██
[38;2;0;0;0m      [38;2;0;1;0m    [38;2;0;0;0m        [38;2;5;4;4m  [38;2;89;88;74m██[38;2;114;114;90m  [38;2;106;104;89m██[38;2;110;102;72m██[38;2;152;135;68m██[38;2;145;130;70m██[38;2;132;125;73m██[38;2;91;90;74m██[38;2;133;130;76m██[38;2;59;56;52m██[38;2;67;66;67m██[38;2;112;111;97m██[38;2;113;112;94m██[38;2;101;100;85m██[38;2;103;102;86m  [38;2;16;16;13m  
[38;2;0;0;0m                      [38;2;168;160;77m██[38;2;87;87;84m██[38;2;192;178;65m██[38;2;104;101;70m██[38;2;121;117;72m██[38;2;101;99;80m██[38;2;191;179;68m██[38;2;7;6;18m██[38;2;0;0;0m  [38;2;71;70;70m██[38;2;198;195;189m██[38;2;111;113;94m██[38;2;112;113;95m██[38;2;0;0;0m    
[38;2;0;0;0m                        [38;2;60;57;33m  [38;2;86;84;53m██[38;2;109;106;65m██[38;2;120;115;76m██[38;2;89;89;79m██[38;2;66;66;60m██[38;2;1;1;1m  [38;2;0;0;0m  [38;2;90;88;85m██[38;2;38;37;36m  [38;2;0;0;0m        
[38;2;0;0;0m                      [38;2;1;1;1m  [38;2;84;85;71m██[38;2;111;112;94m██[38;2;93;93;84m██[38;2;89;91;79m██[38;2;87;90;79m██[38;2;47;48;43m  [38;2;0;0;0m                
[38;2;0;0;0m                      [38;2;7;7;6m  [38;2;40;41;34m██[38;2;95;96;83m██[38;2;89;89;80m██[38;2;74;74;70m██[38;2;27;28;25m██[38;2;0;0;0m                  
[38;2;0;0;0m                          [38;2;18;18;18m██[38;2;86;86;76m██[38;2;84;84;73m██[38;2;73;74;63m██[38;2;0;0;0m                  
[38;2;0;0;0m                          [38;2;6;6;5m  [38;2;24;24;21m██[38;2;16;16;13m  [38;2;0;0;0m                    [0m
