
[38;2;0;0;0m              [38;2;52;43;21m  [38;2;0;0;0m                            
[38;2;0;0;0m            [38;2;80;62;34m  [38;2;201;165;81m██[38;2;0;0;0m                            
[38;2;0;0;0m          ██[38;2;197;152;86m██[38;2;201;165;81m██[38;2;0;0;0m                    [38;2;66;54;26m██[38;2;24;19;9m██[38;2;0;0;0m    
[38;2;0;0;0m          [38;2;154;119;67m██[38;2;192;149;78m██[38;2;201;165;81m██[38;2;0;0;0m                [38;2;182;148;73m████[38;2;219;179;89m██[38;2;70;55;30m██[38;2;0;0;0m    
[38;2;0;0;0m        [38;2;1;0;0m  [38;2;192;146;81m██[38;2;153;122;73m██[38;2;196;160;81m██[38;2;0;0;0m          [38;2;27;22;11m  [38;2;208;170;84m██[38;2;221;181;89m██[38;2;227;181;89m██[38;2;210;169;87m██[38;2;175;133;77m██[38;2;0;0;0m      
[38;2;0;0;0m        [38;2;77;57;32m  [38;2;142;103;57m██[38;2;151;128;79m██[38;2;187;150;81m██[38;2;0;0;0m        [38;2;156;128;63m  [38;2;202;165;81m██[38;2;222;181;90m██[38;2;87;81;69m██[38;2;97;81;69m██[38;2;188;145;83m██[38;2;174;133;77m██[38;2;0;0;0m      
[38;2;0;0;0m        [38;2;89;66;37m██[38;2;113;85;62m██[38;2;175;140;81m██[38;2;106;82;46m  [38;2;0;0;0m      [38;2;23;18;9m  [38;2;196;161;79m██[38;2;139;115;72m██[38;2;100;75;58m██[38;2;156;93;46m██[38;2;65;65;65m██[38;2;190;145;81m██[38;2;0;0;0m        
[38;2;0;0;0m        [38;2;87;65;37m██[38;2;66;64;64m██[38;2;193;148;85m██[38;2;0;0;0m        [38;2;60;49;24m██[38;2;107;95;72m██[38;2;150;91;46m██[38;2;156;93;45m██[38;2;119;81;53m██[38;2;179;138;83m██[38;2;97;74;42m██[38;2;0;0;0m        
[38;2;0;0;0m        [38;2;86;66;37m██[38;2;117;99;72m██[38;2;153;119;72m██[38;2;0;0;0m        [38;2;204;168;87m██[38;2;113;86;61m██[38;2;155;93;45m██[38;2;156;93;45m██[38;2;118;89;62m██[38;2;190;146;83m██[38;2;50;38;22m  [38;2;0;0;0m        
[38;2;0;0;0m        [38;2;5;3;2m  [38;2;189;146;81m██[38;2;140;110;62m██[38;2;141;96;35m  [38;2;132;108;53m  [38;2;0;0;0m  [38;2;151;124;61m  [38;2;179;150;83m██[38;2;139;87;49m██[38;2;125;83;52m██[38;2;71;66;64m██[38;2;187;142;81m██[38;2;189;146;81m██[38;2;0;0;0m          
[38;2;0;0;0m        [38;2;3;0;0m  [38;2;175;130;69m██[38;2;157;121;67m██[38;2;220;180;89m  [38;2;214;174;91m██[38;2;164;120;57m██[38;2;175;134;76m██[38;2;154;125;69m██[38;2;88;80;67m██[38;2;148;118;77m██[38;2;192;147;85m██[38;2;102;78;44m██[38;2;0;0;0m            
[38;2;0;0;0m        [38;2;98;80;40m  [38;2;220;179;89m██[38;2;221;180;89m██[38;2;222;181;89m██[38;2;221;181;90m██[38;2;215;173;88m██[38;2;193;147;86m██[38;2;131;105;65m██[38;2;164;130;77m██[38;2;121;93;52m██[38;2;3;2;1m██[38;2;0;0;0m      [38;2;227;220;190m  [38;2;0;0;0m      
[38;2;0;0;0m      [38;2;3;0;0m  [38;2;117;97;61m██[38;2;222;179;89m██[38;2;222;181;89m████████[38;2;200;156;87m██[38;2;167;126;70m██[38;2;18;13;7m  [38;2;0;0;0m        [38;2;62;56;31m  [38;2;255;246;214m██[38;2;173;168;145m██[38;2;0;0;0m    
[38;2;0;0;0m      [38;2;11;2;1m  [38;2;188;176;161m██[38;2;222;178;89m██[38;2;221;181;89m██[38;2;221;180;90m██[38;2;221;180;89m██[38;2;222;181;89m██[38;2;221;181;89m██[38;2;154;119;74m██[38;2;14;11;7m██[38;2;2;1;0m  [38;2;0;0;0m  [38;2;1;1;0m  [38;2;4;4;2m██[38;2;230;206;116m██[38;2;255;247;214m████[38;2;3;3;1m  [38;2;0;0;0m  
[38;2;0;0;0m  [38;2;102;91;50m  [38;2;72;66;40m██[38;2;198;150;84m██[38;2;70;56;41m  [38;2;222;182;89m██[38;2;222;180;89m██[38;2;181;143;86m██[38;2;171;143;103m██[38;2;222;178;89m██[38;2;222;181;89m██[38;2;150;119;72m██[38;2;152;134;68m██[38;2;145;128;60m██[38;2;8;7;3m  [38;2;122;84;32m██[38;2;195;154;75m██[38;2;233;212;156m██[38;2;255;247;214m████[38;2;189;169;94m██[38;2;0;0;0m  
[38;2;0;0;0m  [38;2;92;84;49m  [38;2;173;157;89m██[38;2;199;165;85m██[38;2;216;178;89m██[38;2;212;174;88m██[38;2;222;181;89m██[38;2;163;116;62m██[38;2;43;33;38m██[38;2;221;181;89m██[38;2;200;155;87m██[38;2;144;120;67m██[38;2;154;135;68m██[38;2;138;123;67m██[38;2;216;194;102m██[38;2;108;94;67m  [38;2;189;131;56m██[38;2;222;191;137m██[38;2;254;246;213m██[38;2;238;220;148m██[38;2;191;171;95m██[38;2;3;3;1m  
[38;2;36;32;18m  [38;2;207;186;106m██[38;2;222;199;109m██[38;2;147;144;106m██[38;2;141;120;71m██[38;2;156;132;79m██[38;2;227;179;85m██[38;2;226;178;88m██[38;2;150;129;88m██[38;2;146;119;73m██[38;2;192;145;83m██[38;2;97;85;55m██[38;2;174;152;72m██[38;2;202;184;108m██[38;2;228;205;110m██[38;2;201;176;100m██[38;2;117;93;62m██[38;2;189;132;56m██[38;2;203;169;111m██[38;2;221;190;104m██[38;2;224;196;107m██[38;2;52;41;19m██
[38;2;63;56;31m██[38;2;231;206;115m██[38;2;209;186;98m██[38;2;248;245;173m██[38;2;145;142;108m██[38;2;84;83;80m██[38;2;132;107;72m██[38;2;183;132;60m██[38;2;118;93;57m██[38;2;220;210;171m██[38;2;84;83;80m██[38;2;241;239;179m██[38;2;245;241;195m██[38;2;182;161;79m██[38;2;221;197;107m██[38;2;228;203;112m██[38;2;65;65;65m██[38;2;187;131;56m██[38;2;184;127;54m██[38;2;165;110;41m██[38;2;164;112;43m██[38;2;44;30;11m██
[38;2;26;22;11m  [38;2;173;152;82m██[38;2;217;194;105m██[38;2;231;217;158m██[38;2;216;201;137m██[38;2;255;247;214m██[38;2;215;209;183m██[38;2;111;95;74m██[38;2;212;201;149m██[38;2;200;182;104m██[38;2;239;221;152m██[38;2;255;247;214m████[38;2;244;234;194m██[38;2;182;160;79m██[38;2;156;140;80m██[38;2;126;94;52m██[38;2;169;117;47m██[38;2;178;125;52m██[38;2;167;115;46m██[38;2;145;100;39m██[38;2;16;11;4m  
[38;2;0;0;0m  [38;2;121;108;52m  [38;2;231;206;115m██[38;2;233;211;127m██[38;2;255;247;214m██████[38;2;235;214;136m██[38;2;255;247;208m██[38;2;186;165;77m██[38;2;204;189;116m██[38;2;252;242;203m██[38;2;255;246;214m██[38;2;252;246;202m██[38;2;147;138;92m██[38;2;128;108;61m██[38;2;165;113;44m████████[38;2;116;79;28m  [38;2;0;0;0m  
[38;2;0;0;0m    [38;2;222;194;105m██[38;2;248;239;202m██[38;2;255;247;214m████████[38;2;255;247;212m██[38;2;231;212;137m██[38;2;200;182;104m██[38;2;236;217;142m██[38;2;255;247;214m██[38;2;233;211;135m██[38;2;87;77;57m██[38;2;143;105;50m██[38;2;165;113;44m██[38;2;164;113;44m██[38;2;164;113;43m██[38;2;95;65;24m██[38;2;0;0;0m    
[38;2;0;0;0m    [38;2;53;45;22m  [38;2;230;221;184m██[38;2;255;246;210m██[38;2;255;247;213m██████[38;2;241;225;162m██[38;2;255;247;211m██[38;2;225;213;153m██[38;2;230;206;115m██[38;2;231;205;112m██[38;2;157;139;86m██[38;2;147;120;70m██[38;2;90;71;45m██[38;2;135;92;36m██[38;2;134;92;36m██[38;2;0;0;0m        
[38;2;0;0;0m      [38;2;46;44;32m  [38;2;149;138;95m██[38;2;255;246;214m██[38;2;247;233;182m██[38;2;255;247;214m██[38;2;255;246;214m██[38;2;247;240;202m██[38;2;143;137;95m██[38;2;115;107;80m██[38;2;117;102;71m██[38;2;139;110;61m██[38;2;59;41;15m██[38;2;0;0;0m              
[38;2;0;0;0m            [38;2;180;161;89m██[38;2;180;162;86m██[38;2;189;155;76m██[38;2;92;73;56m██[38;2;137;102;56m██[38;2;162;109;46m██[38;2;66;58;49m██[38;2;0;0;0m                  
[38;2;0;0;0m                [38;2;30;23;12m  [38;2;42;33;19m  [38;2;42;29;13m  [38;2;32;22;9m  [38;2;0;0;0m                    [0m
