
[38;2;0;0;0m                            
[38;2;0;0;0m                            
[38;2;0;0;0m                            
[38;2;0;0;0m              [38;2;40;41;40m  [38;2;0;0;0m            
[38;2;0;0;0m    [38;2;22;22;22m  [38;2;88;88;88m██[38;2;255;255;255m████[38;2;207;207;207m████[38;2;213;213;213m██[38;2;88;88;88m████[38;2;22;22;22m  [38;2;0;0;0m    
[38;2;0;1;3m  [38;2;166;168;169m  [38;2;230;230;230m██[38;2;255;255;255m██████[38;2;248;248;248m████[38;2;255;255;255m██████[38;2;230;230;230m██[38;2;166;166;166m  [38;2;0;0;0m  
[38;2;63;63;63m██[38;2;189;202;208m██[38;2;164;206;222m████[38;2;219;235;242m████[38;2;228;240;245m██[38;2;255;255;255m██████[38;2;244;249;250m██[38;2;220;235;241m██[38;2;141;183;199m██[38;2;35;46;49m██
[38;2;63;63;63m██[38;2;186;218;230m██[38;2;165;206;222m████████[38;2;166;208;222m██[38;2;172;210;224m██[38;2;171;210;224m████[38;2;160;193;207m██[38;2;110;153;170m██[38;2;107;148;164m██[38;2;26;37;41m██
[38;2;61;63;63m██[38;2;157;168;170m██[38;2;109;126;133m██[38;2;113;148;162m██[38;2;165;206;222m████████[38;2;225;239;244m██[38;2;255;255;255m██[38;2;150;192;207m██[38;2;106;147;164m██[38;2;107;148;165m██[38;2;26;37;41m██
[38;2;63;63;63m██[38;2;112;112;113m██[38;2;164;206;222m██[38;2;78;118;135m██[38;2;164;206;222m████[38;2;141;172;184m██[38;2;62;79;85m██[38;2;165;207;222m██[38;2;233;243;247m██[38;2;150;192;207m██[38;2;106;148;164m████[38;2;26;37;41m██
[38;2;63;63;63m██[38;2;148;163;169m██[38;2;112;144;155m██[38;2;106;145;160m██[38;2;165;206;222m████[38;2;90;100;105m██[38;2;165;207;222m██[38;2;80;113;126m██[38;2;165;206;222m██[38;2;150;192;207m██[38;2;107;147;164m██[38;2;106;148;165m██[38;2;26;37;41m██
[38;2;63;63;63m██[38;2;186;218;230m██[38;2;165;207;222m██[38;2;78;118;135m████[38;2;165;206;222m██[38;2;90;100;105m██[38;2;165;207;222m██[38;2;78;118;135m██[38;2;165;206;222m██[38;2;107;147;163m██[38;2;107;147;164m██[38;2;107;148;165m██[38;2;26;37;41m██
[38;2;63;63;63m██[38;2;222;237;243m██[38;2;137;174;187m██[38;2;169;191;199m██[38;2;176;200;209m██[38;2;102;134;145m██[38;2;153;190;203m██[38;2;111;147;162m██[38;2;165;206;222m████[38;2;107;147;165m████[38;2;93;128;143m██[38;2;12;17;19m  
[38;2;0;0;0m  [38;2;182;182;182m  [38;2;225;226;227m██[38;2;95;96;98m██[38;2;70;71;72m██[38;2;141;173;184m██[38;2;165;206;222m████████[38;2;107;148;164m██[38;2;106;138;152m██[38;2;118;151;165m  [38;2;0;0;0m  
[38;2;0;0;0m    [38;2;18;22;24m  [38;2;72;86;91m██[38;2;100;139;154m██[38;2;103;135;147m██[38;2;164;206;222m██[38;2;165;206;222m██[38;2;164;206;222m██[38;2;165;206;222m██[38;2;52;70;77m██[38;2;17;22;24m  [38;2;0;0;0m    
[38;2;0;0;0m        [38;2;22;28;30m██[38;2;209;215;217m██[38;2;66;103;119m████[38;2;54;91;107m██[38;2;18;28;35m██[38;2;0;0;0m        
[38;2;0;0;0m      [38;2;30;30;30m  [38;2;113;113;113m██[38;2;255;255;255m████[38;2;187;221;236m██[38;2;86;142;166m██[38;2;55;55;55m██[38;2;30;30;30m  [38;2;0;0;0m      
[38;2;0;0;0m        [38;2;55;55;55m  [38;2;246;246;246m██[38;2;255;255;255m██[38;2;247;249;250m██[38;2;203;218;223m██[38;2;26;37;41m██[38;2;57;57;57m██[38;2;14;14;14m██[38;2;0;0;0m    
[38;2;0;0;0m          [38;2;158;167;167m██[38;2;211;223;223m██[38;2;192;209;211m██[38;2;160;186;191m██[38;2;40;46;47m██[38;2;0;0;0m        
[38;2;0;0;0m      [38;2;24;18;6m  [38;2;45;38;22m██[38;2;84;81;64m██[38;2;156;170;170m██[38;2;166;178;175m██[38;2;170;181;177m██[38;2;81;88;88m██[38;2;0;0;0m        
[38;2;0;0;0m      [38;2;43;32;11m  [38;2;57;43;14m████[38;2;0;0;0m  [38;2;18;14;22m  [38;2;198;151;68m██[38;2;183;136;57m██[38;2;0;0;0m        
[38;2;0;0;0m              [38;2;149;114;38m  [38;2;163;125;42m██[38;2;166;126;42m██[38;2;149;111;38m  [38;2;0;0;0m      
[38;2;0;0;0m                [38;2;16;12;4m  [38;2;18;13;4m  [38;2;0;0;0m        [0m
