
[38;2;0;0;0m                  [38;2;49;48;35m  [38;2;0;0;0m                        
[38;2;0;0;0m                  [38;2;191;180;67m██[38;2;0;0;0m                        
[38;2;0;0;0m      [38;2;58;54;18m  [38;2;43;36;18m  [38;2;0;0;0m      [38;2;52;48;45m██[38;2;206;190;68m██[38;2;0;0;3m  [38;2;0;0;0m                      
[38;2;0;0;0m      [38;2;137;129;44m██[38;2;141;120;61m██[38;2;0;0;0m    [38;2;157;154;111m  [38;2;135;122;110m██[38;2;205;180;77m██[38;2;39;35;25m  [38;2;0;0;0m        [38;2;157;154;111m  [38;2;157;147;40m  [38;2;0;0;0m          
[38;2;0;0;0m        [38;2;30;26;13m  [38;2;80;68;34m██[38;2;16;16;16m  [38;2;207;194;65m██[38;2;143;129;103m██[38;2;183;166;85m██[38;2;179;162;88m██[38;2;130;121;33m██[38;2;66;62;16m  [38;2;0;0;0m  [38;2;14;13;4m  [38;2;139;130;44m██[38;2;124;116;31m  [38;2;0;0;0m          
[38;2;0;0;0m          [38;2;141;120;61m██[38;2;139;120;71m██[38;2;165;149;72m██[38;2;158;141;94m██[38;2;208;192;80m██[38;2;254;247;164m██[38;2;254;240;89m██[38;2;246;230;62m██[38;2;97;90;56m  [38;2;171;157;44m██[38;2;5;5;1m  [38;2;0;0;0m            
[38;2;0;0;0m          [38;2;2;3;26m  [38;2;118;107;61m██[38;2;225;207;86m██[38;2;219;205;102m██[38;2;254;247;157m██[38;2;191;183;139m██[38;2;239;222;70m██[38;2;225;211;64m██[38;2;225;209;67m██[38;2;89;80;32m  [38;2;0;0;0m              
[38;2;0;0;0m          [38;2;175;163;71m  [38;2;94;86;87m██[38;2;218;206;109m██[38;2;218;209;135m██[38;2;108;99;125m██[38;2;131;120;107m██[38;2;251;234;66m██[38;2;254;238;63m██[38;2;197;183;56m██[38;2;175;162;51m  [38;2;0;0;0m              
[38;2;0;0;0m        [38;2;84;71;72m██[38;2;187;167;82m██[38;2;151;130;101m██[38;2;162;149;100m██[38;2;94;84;123m██[38;2;147;134;105m██[38;2;255;238;65m██[38;2;202;187;84m████[38;2;254;238;63m████[38;2;146;137;37m██[38;2;61;52;26m  [38;2;0;0;0m          
[38;2;0;0;0m        [38;2;164;143;92m██[38;2;217;213;204m██[38;2;32;28;33m██[38;2;95;83;126m██[38;2;133;120;111m██[38;2;253;236;65m██[38;2;216;201;78m██[38;2;96;85;122m██[38;2;248;232;65m██[38;2;254;238;63m██████[38;2;250;232;64m██[38;2;60;56;15m  [38;2;0;0;0m        
[38;2;0;0;0m        [38;2;23;20;19m  [38;2;214;207;159m██[38;2;136;127;70m██[38;2;173;159;96m██[38;2;232;217;65m██[38;2;41;38;22m██[38;2;188;179;108m██[38;2;135;124;142m██[38;2;254;238;63m████[38;2;246;228;65m██[38;2;222;201;72m██[38;2;124;114;35m██[38;2;24;20;10m  [38;2;0;0;0m        
[38;2;0;0;0m          ██[38;2;255;241;114m██[38;2;255;238;65m████[38;2;255;241;114m██[38;2;255;242;131m████[38;2;238;218;68m██[38;2;189;161;79m██[38;2;157;134;68m██[38;2;15;17;21m██[38;2;0;0;0m            
[38;2;0;0;0m        [38;2;96;80;79m██[38;2;136;118;85m██[38;2;134;122;82m██[38;2;95;91;79m██[38;2;171;157;96m██[38;2;140;125;77m██[38;2;127;113;75m██[38;2;130;123;101m██[38;2;184;184;184m██[38;2;110;98;68m██[38;2;145;126;72m██[38;2;154;132;96m██[38;2;36;33;48m  [38;2;0;0;0m          
[38;2;0;0;0m    [38;2;143;122;66m██[38;2;93;82;59m██[38;2;184;157;83m██[38;2;115;102;111m██[38;2;112;107;65m██[38;2;118;113;65m██[38;2;72;70;65m██[38;2;67;65;66m██[38;2;66;64;67m████[38;2;100;91;68m██[38;2;191;163;77m██[38;2;159;136;79m██[38;2;95;84;83m██[38;2;189;162;79m██[38;2;49;42;24m██[38;2;2;2;0m    [38;2;0;0;0m    
[38;2;0;0;0m  [38;2;0;0;6m  [38;2;158;136;79m██[38;2;185;159;88m██[38;2;125;109;109m██[38;2;67;64;69m██[38;2;193;181;63m██[38;2;221;205;74m██[38;2;157;141;101m██[38;2;106;94;117m██[38;2;109;95;116m██[38;2;175;160;92m██[38;2;226;204;68m██[38;2;247;229;62m██[38;2;170;149;89m██[38;2;55;48;53m██[38;2;86;74;56m██[38;2;134;117;104m██[38;2;143;127;54m██[38;2;67;61;48m██[38;2;0;0;0m    
[38;2;0;0;0m  [38;2;129;113;75m██[38;2;161;140;102m██[38;2;102;91;119m██[38;2;82;71;62m  [38;2;44;44;49m  [38;2;205;189;83m██[38;2;97;84;123m██[38;2;94;84;123m██[38;2;150;136;100m██[38;2;244;227;63m██[38;2;255;238;64m██[38;2;246;229;65m██[38;2;188;171;84m██[38;2;100;86;118m██[38;2;25;23;30m██[38;2;0;0;0m  [38;2;181;168;52m██[38;2;172;149;76m██[38;2;104;95;75m██[38;2;0;0;0m    
[38;2;28;24;12m  [38;2;142;122;86m██[38;2;131;114;106m████[38;2;0;0;0m    [38;2;51;45;66m██[38;2;95;84;123m████[38;2;168;154;97m██[38;2;196;181;85m██[38;2;172;155;88m██[38;2;121;107;110m██[38;2;137;119;104m██[38;2;141;123;87m██[38;2;28;27;20m██[38;2;0;0;0m  [38;2;146;133;60m██[38;2;195;179;81m██[38;2;157;144;102m██[38;2;42;38;56m  [38;2;0;0;0m  
[38;2;47;40;20m██[38;2;190;161;77m██[38;2;178;151;74m████[38;2;0;0;0m      [38;2;61;55;80m  [38;2;178;151;74m██[38;2;189;161;80m██[38;2;164;139;71m██[38;2;182;155;79m██[38;2;187;160;80m██[38;2;167;143;74m██[38;2;0;0;0m      [38;2;22;18;33m  [38;2;147;136;61m██[38;2;253;237;62m██[38;2;199;186;50m██[38;2;8;7;2m  
[38;2;16;13;7m  [38;2;158;134;67m██[38;2;136;119;74m██[38;2;44;41;34m██[38;2;0;0;0m        [38;2;156;135;77m██[38;2;96;82;41m██[38;2;0;0;0m  [38;2;49;41;21m  [38;2;133;113;89m██[38;2;111;96;77m██[38;2;0;0;3m  [38;2;0;0;0m    [38;2;169;158;51m██[38;2;254;237;71m██[38;2;254;235;64m██[38;2;244;225;67m██[38;2;52;46;18m██
[38;2;0;0;0m          [38;2;1;0;1m  [38;2;44;41;14m██[38;2;140;121;70m██[38;2;98;88;121m██[38;2;35;32;33m██[38;2;0;0;1m  [38;2;0;0;0m  [38;2;40;34;47m██[38;2;123;105;88m██[38;2;23;21;16m  [38;2;0;0;0m    [38;2;40;39;40m  [38;2;179;166;57m██[38;2;164;149;67m██[38;2;180;153;75m██[38;2;39;33;16m  
[38;2;0;0;0m        [38;2;44;44;44m  [38;2;135;127;79m██[38;2;211;196;69m██[38;2;218;202;78m██[38;2;169;145;89m██[38;2;160;140;74m██[38;2;0;3;6m  [38;2;0;0;0m  [38;2;186;172;64m██[38;2;207;190;73m██[38;2;218;202;60m██[38;2;44;41;11m  [38;2;0;0;0m    [38;2;14;12;6m  [38;2;57;48;24m██[38;2;43;36;18m  [38;2;0;0;0m  
[38;2;0;0;0m            [38;2;186;181;165m██[38;2;147;125;64m██[38;2;110;94;48m  [38;2;0;0;0m      [38;2;198;189;120m██[38;2;146;138;60m██[38;2;183;172;73m██[38;2;176;171;134m██[38;2;0;0;0m            
[38;2;0;0;0m                        [38;2;18;16;10m  [38;2;16;16;10m  [38;2;0;0;0m  [38;2;50;48;38m  [38;2;0;0;0m            [0m
