
[38;2;0;0;0m                [38;2;29;16;19m  [38;2;64;36;43m████[38;2;0;0;0m                    
[38;2;0;0;0m              [38;2;179;100;119m  [38;2;217;121;145m██[38;2;159;63;82m██[38;2;157;61;80m██[38;2;150;46;70m██[38;2;66;21;31m  [38;2;0;0;0m                
[38;2;0;0;0m          [38;2;66;37;43m  [38;2;247;137;164m██[38;2;229;117;144m██[38;2;150;46;67m██[38;2;191;59;89m██[38;2;192;60;89m████[38;2;189;60;89m██[38;2;180;57;85m██[38;2;23;7;11m  [38;2;0;0;0m            
[38;2;0;0;0m        [38;2;72;40;48m  [38;2;241;136;158m██[38;2;214;102;127m██[38;2;181;64;91m██[38;2;192;60;89m████████████[38;2;170;54;80m██[38;2;0;0;0m            
[38;2;0;0;0m        [38;2;141;70;84m██[38;2;244;135;161m██[38;2;156;48;70m██[38;2;192;60;89m████[38;2;172;53;78m██[38;2;171;53;78m██[38;2;172;53;78m██[38;2;192;60;89m██[38;2;192;61;89m██[38;2;190;60;89m██[38;2;57;18;27m  [38;2;0;0;0m          
[38;2;0;0;0m        [38;2;213;90;121m██[38;2;203;78;106m██[38;2;187;59;87m██[38;2;192;60;89m██[38;2;140;57;73m██[38;2;140;124;118m██[38;2;139;126;119m██[38;2;138;124;117m██[38;2;139;42;61m██[38;2;192;60;89m████[38;2;168;53;79m██[38;2;0;0;0m          
[38;2;0;0;0m        [38;2;164;75;97m██[38;2;192;60;90m██[38;2;177;59;83m██[38;2;156;59;76m██[38;2;97;75;76m██[38;2;140;138;128m██[38;2;122;121;110m██[38;2;140;138;128m██[38;2;135;131;122m██[38;2;139;75;82m  [38;2;174;61;85m██[38;2;102;32;48m  [38;2;0;0;0m          
[38;2;0;0;0m        [38;2;67;21;32m██[38;2;192;60;89m██[38;2;119;46;56m██[38;2;14;28;15m██[38;2;3;3;2m  [38;2;85;82;71m██[38;2;122;121;110m██[38;2;141;138;128m██[38;2;124;123;112m██[38;2;139;124;114m██[38;2;124;38;55m██[38;2;0;0;0m            
[38;2;0;0;0m          [38;2;94;29;44m  [38;2;63;20;30m██[38;2;0;0;0m    [38;2;91;88;80m  [38;2;104;102;93m██[38;2;127;126;116m██[38;2;117;117;109m██[38;2;0;0;0m                
[38;2;0;0;0m                [38;2;85;88;81m  [38;2;200;195;188m██[38;2;194;189;183m██[38;2;199;194;188m██[38;2;196;192;186m██[38;2;175;173;167m  [38;2;0;0;0m              
[38;2;0;0;0m              [38;2;45;45;39m  [38;2;122;121;113m██[38;2;153;150;141m██[38;2;128;123;113m██[38;2;199;195;189m████[38;2;193;190;184m██[38;2;112;110;106m██[38;2;175;171;166m██[38;2;0;0;0m          
[38;2;0;0;0m              [38;2;95;95;83m██[38;2;200;195;189m██[38;2;106;104;92m██[38;2;199;195;189m██[38;2;196;191;186m██[38;2;65;65;65m██[38;2;71;70;68m██[38;2;147;144;140m██[38;2;199;195;189m██[38;2;70;69;67m██[38;2;0;0;0m        
[38;2;0;0;0m            [38;2;39;39;36m  [38;2;164;160;151m██[38;2;147;149;142m██[38;2;131;129;125m██[38;2;119;102;75m██[38;2;123;98;75m██[38;2;199;178;95m██[38;2;75;74;74m  [38;2;198;195;189m██[38;2;168;166;156m██[38;2;61;59;56m██[38;2;0;0;0m    [38;2;22;21;21m  [38;2;27;26;25m██
[38;2;0;0;0m            [38;2;81;82;78m██[38;2;78;80;77m██[38;2;73;72;70m██[38;2;81;78;68m██[38;2;81;80;67m██[38;2;89;88;74m██[38;2;76;71;65m██[38;2;87;82;65m██[38;2;202;197;170m██[38;2;131;131;119m██[38;2;76;73;67m██[38;2;2;2;2m  [38;2;1;1;1m  [38;2;193;190;184m██[38;2;51;51;49m██
[38;2;0;0;0m        [38;2;39;39;38m  [38;2;111;110;106m██[38;2;106;105;101m██[38;2;138;139;128m██[38;2;116;114;109m██[38;2;143;136;68m██[38;2;145;136;66m██[38;2;219;210;146m██[38;2;170;157;65m██[38;2;144;130;89m██[38;2;149;144;135m██[38;2;136;137;128m██[38;2;98;95;91m██[38;2;79;77;74m██[38;2;132;129;125m██[38;2;129;126;123m██[38;2;22;22;21m  
[38;2;0;0;0m        [38;2;64;63;61m  [38;2;195;192;187m██[38;2;144;142;139m██[38;2;128;128;117m██[38;2;77;76;76m████[38;2;114;91;70m██[38;2;159;114;70m██[38;2;164;117;68m██[38;2;241;212;104m██[38;2;137;131;90m██[38;2;176;178;172m██[38;2;86;84;83m██[38;2;198;191;186m██[38;2;189;182;178m██[38;2;229;219;212m██[38;2;51;51;49m██
[38;2;0;0;0m        [38;2;41;13;19m  [38;2;183;103;119m██[38;2;141;93;103m██[38;2;140;138;135m██[38;2;221;215;209m██[38;2;200;195;189m██[38;2;179;174;150m██[38;2;110;105;80m██[38;2;126;117;76m██[38;2;183;146;81m██[38;2;90;148;219m██[38;2;20;23;28m  [38;2;16;16;16m  [38;2;137;98;107m██[38;2;116;78;89m██[38;2;153;122;127m██[38;2;51;51;49m██
[38;2;0;0;0m      [38;2;20;6;9m  [38;2;197;183;180m██[38;2;192;76;100m██[38;2;120;117;115m██[38;2;231;224;215m██[38;2;218;212;204m██[38;2;198;195;189m██[38;2;136;133;124m██[38;2;132;131;120m██[38;2;140;139;128m██[38;2;75;74;73m██[38;2;64;105;157m██[38;2;0;0;0m    [38;2;54;53;52m██[38;2;171;141;143m██[38;2;54;37;38m  [38;2;0;0;0m  
[38;2;0;0;0m  [38;2;8;0;0m  [38;2;150;105;112m██[38;2;144;89;97m██[38;2;146;62;81m██[38;2;67;26;34m██[38;2;94;92;90m██[38;2;198;195;189m██[38;2;200;195;189m██[38;2;198;195;189m██[38;2;111;108;97m██[38;2;83;80;69m██[38;2;140;139;128m██[38;2;141;140;126m██[38;2;57;56;51m██[38;2;0;0;0m    [38;2;194;107;124m██[38;2;202;160;165m██[38;2;2;0;0m  [38;2;0;0;0m  
[38;2;8;2;4m  [38;2;139;75;87m██[38;2;148;105;111m██[38;2;52;26;26m  [38;2;0;0;0m      [38;2;174;171;166m██[38;2;189;185;178m██[38;2;141;137;129m██[38;2;116;112;103m██[38;2;140;139;128m████[38;2;131;129;117m██[38;2;0;0;0m      [38;2;193;80;104m██[38;2;55;20;28m██[38;2;0;0;0m    
[38;2;15;4;7m██[38;2;57;18;27m██[38;2;0;0;0m          [38;2;39;38;37m  [38;2;140;139;128m██████████[38;2;39;38;37m  [38;2;0;0;0m    [38;2;88;87;84m  [38;2;188;163;162m██[38;2;18;8;8m  [38;2;0;0;0m    
[38;2;0;0;0m                  [38;2;108;106;96m  [38;2;111;109;98m██[38;2;108;106;96m  [38;2;0;0;0m        [38;2;121;38;57m██[38;2;123;39;58m  [38;2;0;0;0m      
[38;2;0;0;0m                                [38;2;121;38;57m██[38;2;0;0;0m        [0m
