
[38;2;0;0;0m                                  [38;2;0;1;0m  [38;2;14;19;26m  [38;2;1;2;0m  [38;2;0;0;0m                                    
[38;2;0;0;0m                                [38;2;0;2;0m  [38;2;56;66;106m██[38;2;73;83;132m██[38;2;25;31;39m  [38;2;0;0;0m                                    
[38;2;0;0;0m                              [38;2;19;25;36m██[38;2;56;64;96m██[38;2;71;83;134m██[38;2;40;48;67m██[38;2;78;89;142m██[38;2;30;38;57m██[38;2;0;2;0m  [38;2;0;0;0m                                
[38;2;0;0;0m                            [38;2;7;8;0m  [38;2;52;58;89m██[38;2;69;73;103m██[38;2;14;19;28m  [38;2;1;2;0m  [38;2;19;25;35m████[38;2;38;46;72m  [38;2;0;0;0m                      [38;2;0;1;0m  [38;2;0;0;0m        
[38;2;0;0;0m                [38;2;14;9;9m  [38;2;0;4;0m██[38;2;0;0;0m    [38;2;32;19;25m  [38;2;40;24;35m██[38;2;64;72;136m██[38;2;92;78;131m██[38;2;103;65;79m██[38;2;53;58;111m  [38;2;0;0;0m      [38;2;0;3;0m  [38;2;0;0;0m                    [38;2;19;25;35m██[38;2;54;63;105m██[38;2;11;15;18m  [38;2;0;1;0m  [38;2;0;0;0m    
[38;2;0;0;0m            [38;2;0;1;0m  [38;2;46;46;46m  [38;2;108;52;60m██[38;2;0;1;0m  [38;2;0;0;0m  [38;2;5;6;4m  [38;2;110;64;94m██[38;2;219;80;105m██[38;2;78;80;130m██[38;2;62;64;83m██[38;2;5;6;5m  [38;2;0;0;0m                        [38;2;0;1;0m  [38;2;63;70;134m  [38;2;33;40;61m  [38;2;75;87;142m██[38;2;39;48;74m██[38;2;21;25;34m██[38;2;58;67;104m██[38;2;0;3;0m  [38;2;0;0;0m  
[38;2;0;0;0m            [38;2;99;49;59m██[38;2;81;81;113m██[38;2;72;50;65m██[38;2;0;1;0m  [38;2;22;27;47m██[38;2;89;96;188m██[38;2;78;89;164m██[38;2;66;65;68m██[38;2;74;80;123m██[38;2;67;76;124m██[38;2;5;6;5m  [38;2;3;5;6m  [38;2;45;28;42m██[38;2;33;24;39m██[38;2;4;6;9m  [38;2;0;0;0m                [38;2;11;14;24m  [38;2;87;95;181m██[38;2;58;59;69m██[38;2;0;3;0m  [38;2;0;1;0m  [38;2;0;0;0m  [38;2;23;29;36m  [38;2;66;76;119m██[38;2;4;7;9m  
[38;2;0;0;0m        [38;2;0;1;0m  [38;2;5;6;0m  [38;2;71;75;125m██[38;2;68;70;82m██[38;2;166;79;92m██[38;2;65;73;141m██[38;2;79;87;162m██[38;2;79;79;137m██[38;2;97;45;48m██[38;2;59;62;76m██[38;2;75;79;106m██[38;2;90;71;84m██[38;2;153;68;93m██[38;2;70;77;148m██[38;2;62;44;71m██[38;2;33;22;30m██[38;2;4;6;9m  [38;2;0;0;0m            [38;2;43;55;84m  [38;2;6;6;0m  [38;2;79;85;166m██[38;2;68;69;93m██[38;2;9;12;19m  [38;2;0;0;0m      [38;2;1;2;0m  [38;2;19;25;35m██[38;2;4;7;9m  
[38;2;0;0;0m      [38;2;0;3;0m  [38;2;53;61;98m██[38;2;71;70;93m██[38;2;74;79;138m██[38;2;67;66;72m██[38;2;77;81;127m██[38;2;84;92;173m██[38;2;165;78;94m██[38;2;181;65;62m  [38;2;0;1;0m  [38;2;31;31;25m██[38;2;78;85;154m██[38;2;85;92;179m██[38;2;152;63;86m██[38;2;0;3;0m  [38;2;0;0;0m                  [38;2;56;68;111m██[38;2;56;65;106m██[38;2;31;36;67m  [38;2;0;2;0m  [38;2;0;0;0m          [38;2;15;21;31m██[38;2;19;25;38m██
[38;2;0;0;0m      [38;2;46;54;93m  [38;2;76;84;136m██[38;2;66;66;72m██[38;2;88;97;186m██[38;2;67;66;72m██[38;2;80;88;165m██[38;2;67;68;81m██[38;2;104;69;99m██[38;2;181;68;62m  [38;2;39;43;82m  [38;2;77;87;156m██[38;2;70;77;142m██[38;2;18;25;39m  [38;2;0;1;0m  [38;2;0;0;0m                  [38;2;0;3;0m  [38;2;89;103;186m██[38;2;87;97;189m██[38;2;0;1;0m  [38;2;0;0;0m            [38;2;3;5;7m  [38;2;4;7;9m  
[38;2;0;0;0m    [38;2;7;8;5m  [38;2;71;77;105m██[38;2;71;75;108m██[38;2;71;73;99m██[38;2;82;90;169m██[38;2;103;83;138m██[38;2;158;76;90m██[38;2;71;73;96m██[38;2;76;80;122m██[38;2;71;73;98m██[38;2;100;81;138m██[38;2;123;73;93m██[38;2;76;32;31m██[38;2;0;0;0m        [38;2;5;8;12m  [38;2;16;21;34m██[38;2;49;28;43m██[38;2;5;4;5m  [38;2;0;0;0m  [38;2;20;24;42m  [38;2;6;8;6m  [38;2;83;92;179m██[38;2;77;85;166m██[38;2;0;3;0m  [38;2;0;0;0m                  
[38;2;0;0;0m  [38;2;0;2;0m  [38;2;58;65;94m██[38;2;62;62;66m██[38;2;78;85;142m██[38;2;85;93;175m██[38;2;82;89;164m██[38;2;97;72;79m██[38;2;168;80;92m██[38;2;88;97;188m██[38;2;76;84;146m██[38;2;78;82;136m██[38;2;235;84;88m██[38;2;103;64;65m██[38;2;6;8;9m  [38;2;0;0;0m    [38;2;0;3;0m  [38;2;140;46;49m  [38;2;129;69;108m██[38;2;30;36;64m██[38;2;49;25;31m██[38;2;5;4;3m  [38;2;0;1;0m  [38;2;75;87;152m██[38;2;65;69;108m██[38;2;88;95;182m██[38;2;46;52;99m██[38;2;0;0;0m                    
[38;2;0;0;0m  [38;2;0;3;0m  [38;2;75;85;137m██[38;2;72;74;100m██[38;2;78;84;143m██[38;2;80;86;154m██[38;2;68;71;106m██[38;2;82;93;182m██[38;2;71;76;107m██[38;2;98;78;118m██[38;2;148;84;107m██[38;2;241;93;87m██[38;2;172;76;75m██[38;2;113;69;69m██[38;2;76;43;47m██[38;2;0;4;6m  [38;2;15;18;32m  [38;2;89;97;189m██[38;2;60;66;127m██[38;2;140;46;49m  [38;2;0;0;0m      [38;2;7;10;17m  [38;2;104;122;213m██[38;2;80;86;148m██[38;2;67;73;139m██[38;2;0;1;0m  [38;2;0;0;0m                    
[38;2;0;0;0m    [38;2;33;37;46m██[38;2;84;91;167m██[38;2;108;84;136m██[38;2;165;86;103m██[38;2;74;78;128m██[38;2;86;97;189m██[38;2;133;137;159m██[38;2;198;95;104m██[38;2;197;95;105m██[38;2;241;87;87m██[38;2;172;76;75m██[38;2;113;69;69m██[38;2;111;65;80m██[38;2;104;63;95m██[38;2;82;89;174m██[38;2;22;27;47m██[38;2;5;7;12m  [38;2;0;0;0m        [38;2;39;52;81m██[38;2;88;101;192m██[38;2;87;97;188m██[38;2;4;8;9m██[38;2;0;0;0m  [38;2;0;3;0m  [38;2;0;0;0m  [38;2;2;5;5m  [38;2;20;25;40m  [38;2;0;0;0m            
[38;2;0;0;0m    [38;2;47;37;46m██[38;2;113;76;112m██[38;2;224;90;95m██[38;2;74;67;83m██[38;2;93;101;166m██[38;2;247;247;249m██[38;2;227;178;184m██[38;2;198;93;107m██[38;2;150;89;113m██[38;2;74;71;86m██[38;2;81;86;148m██[38;2;86;94;176m██[38;2;70;76;121m██[38;2;77;87;155m██[38;2;31;37;66m██[38;2;0;0;0m            [38;2;53;67;111m██[38;2;88;101;192m██[38;2;52;57;109m██[38;2;0;0;0m  [38;2;0;1;0m  [38;2;65;73;126m██[38;2;0;2;0m  [38;2;23;22;23m██[38;2;48;44;60m██[38;2;53;32;37m██[38;2;16;21;31m██[38;2;13;18;26m  [38;2;0;0;0m      
[38;2;0;0;0m  [38;2;0;5;0m  [38;2;93;85;146m██[38;2;232;86;87m██[38;2;197;95;104m██[38;2;207;198;210m██[38;2;203;158;172m██[38;2;255;255;255m██[38;2;205;114;126m██[38;2;98;72;76m██[38;2;65;72;119m██[38;2;98;96;162m██[38;2;71;73;96m██[38;2;77;60;90m██[38;2;9;17;28m  [38;2;18;22;33m██[38;2;59;67;116m██[38;2;0;3;0m  [38;2;0;2;0m    [38;2;0;0;0m    [38;2;0;3;0m  [38;2;100;122;208m██[38;2;87;97;186m██[38;2;33;39;67m██[38;2;2;5;4m  [38;2;0;1;0m  [38;2;65;73;126m██[38;2;55;58;92m██[38;2;82;55;79m██[38;2;129;76;105m██[38;2;53;26;27m██[38;2;16;21;31m██[38;2;13;18;26m  [38;2;0;0;0m      
[38;2;0;1;0m  [38;2;70;67;123m██[38;2;154;78;107m██[38;2;201;86;94m██[38;2;208;119;127m██[38;2;235;200;201m██[38;2;203;91;101m██[38;2;167;86;96m██[38;2;75;79;126m██[38;2;84;93;172m██[38;2;72;81;147m██[38;2;8;8;4m  [38;2;59;66;112m██[38;2;95;59;72m██[38;2;102;48;54m██[38;2;64;70;111m██[38;2;32;35;46m██[38;2;3;5;6m  [38;2;52;60;101m██[38;2;0;2;0m  [38;2;0;0;0m    [38;2;0;4;0m  [38;2;98;118;197m██[38;2;72;75;101m██[38;2;27;33;53m██[38;2;22;25;33m██[38;2;1;2;3m  [38;2;34;19;26m██[38;2;144;79;109m██[38;2;58;39;58m  [38;2;0;11;20m  [38;2;0;0;0m            
[38;2;50;19;16m  [38;2;208;75;77m██[38;2;79;51;61m██[38;2;179;85;88m██[38;2;222;116;120m██[38;2;236;94;96m██[38;2;104;72;74m██[38;2;68;65;66m██[38;2;71;73;95m██[38;2;24;26;32m██[38;2;32;37;57m██[38;2;0;0;0m  [38;2;9;12;18m  [38;2;197;80;87m██[38;2;91;82;144m██[38;2;88;73;106m██[38;2;110;69;69m██[38;2;52;60;101m██[38;2;29;35;56m██[38;2;0;1;0m  [38;2;39;44;75m  [38;2;0;2;0m  [38;2;0;6;0m  [38;2;68;74;129m██[38;2;33;37;57m██[38;2;6;9;13m  [38;2;60;60;82m██[38;2;96;56;83m██[38;2;188;82;131m██[38;2;52;58;97m██[38;2;0;0;0m    [38;2;0;2;0m  [38;2;0;1;0m  [38;2;0;0;0m        
[38;2;0;3;0m    [38;2;0;1;0m  [38;2;161;55;51m██[38;2;139;57;54m██[38;2;68;66;79m██[38;2;64;66;79m██[38;2;41;47;67m██[38;2;39;48;74m██[38;2;0;0;0m  [38;2;0;3;0m  [38;2;0;0;0m  [38;2;0;2;0m  [38;2;72;74;102m██[38;2;72;78;125m██[38;2;128;77;100m██[38;2;116;81;132m██[38;2;75;69;81m██[38;2;85;74;99m██[38;2;34;34;41m██[38;2;31;31;37m██[38;2;7;9;14m  [38;2;76;85;166m██[38;2;85;94;176m██[38;2;67;67;75m██[38;2;38;41;58m██[38;2;106;84;135m██[38;2;86;72;118m██[38;2;166;83;113m██[38;2;0;1;0m  [38;2;0;0;0m  [38;2;0;2;0m  [38;2;61;68;114m██[38;2;61;67;115m██[38;2;29;32;47m██[38;2;28;34;57m██[38;2;0;0;0m    
[38;2;0;0;0m      [38;2;0;1;0m  [38;2;0;3;2m  [38;2;17;22;32m  [38;2;9;11;9m  [38;2;0;1;0m  [38;2;9;13;18m  [38;2;0;0;0m        [38;2;37;43;53m██[38;2;77;85;147m██[38;2;107;73;87m██[38;2;80;93;178m██[38;2;105;72;92m██[38;2;114;63;76m██[38;2;82;92;157m██[38;2;79;86;160m██[38;2;73;81;154m██[38;2;87;97;186m██[38;2;79;86;146m██[38;2;192;78;77m██[38;2;76;85;152m██[38;2;131;95;152m██[38;2;83;75;131m██[38;2;65;77;150m██[38;2;0;1;0m  [38;2;0;0;0m  [38;2;28;30;28m  [38;2;65;67;84m██[38;2;63;66;91m██[38;2;70;77;145m██[38;2;7;9;14m  [38;2;0;0;0m    
[38;2;0;0;0m            [38;2;0;1;0m        [38;2;0;0;0m  [38;2;22;27;47m██[38;2;18;22;29m██[38;2;63;67;93m██[38;2;88;96;179m██[38;2;72;70;73m██[38;2;83;82;112m██[38;2;183;86;103m██[38;2;97;119;198m██[38;2;94;110;185m██[38;2;81;89;158m██[38;2;71;73;96m██[38;2;80;86;146m██[38;2;84;70;85m██[38;2;70;69;86m██[38;2;64;69;114m██[38;2;2;8;2m  [38;2;30;38;67m  [38;2;87;97;189m██[38;2;42;44;54m██[38;2;18;23;35m██[38;2;57;63;106m██[38;2;67;68;83m██[38;2;65;68;93m██[38;2;56;62;119m  [38;2;0;0;0m      
[38;2;0;0;0m      [38;2;0;2;0m  [38;2;0;3;0m    [38;2;67;73;141m██████[38;2;49;48;49m██[38;2;35;40;74m  [38;2;89;95;184m██[38;2;77;82;130m██[38;2;186;175;210m██[38;2;76;83;147m██[38;2;93;89;95m██[38;2;209;192;222m██[38;2;77;82;116m██[38;2;110;141;221m██[38;2;75;80;96m██[38;2;177;76;75m██[38;2;76;80;124m██[38;2;79;88;160m██[38;2;84;70;89m██[38;2;197;85;115m██[38;2;63;66;104m██[38;2;3;5;4m  [38;2;0;0;0m  [38;2;22;27;47m██[38;2;76;80;122m██[38;2;15;20;30m  [38;2;11;11;11m  [38;2;68;70;112m██[38;2;53;55;85m██[38;2;0;3;0m  [38;2;0;0;0m      
[38;2;0;0;0m      [38;2;56;62;119m  [38;2;67;73;141m██[38;2;78;87;156m██[38;2;40;46;78m  [38;2;46;46;46m  [38;2;68;68;80m██[38;2;88;97;186m██[38;2;74;80;148m██[38;2;0;3;0m  [38;2;103;96;110m  [38;2;234;207;238m██[38;2;165;78;60m██[38;2;237;191;219m██[38;2;199;119;108m██[38;2;102;109;128m██[38;2;117;90;103m██[38;2;65;70;92m██[38;2;177;89;147m██[38;2;210;83;97m██[38;2;87;86;143m██[38;2;81;87;152m██[38;2;71;75;109m██[38;2;145;69;89m██[38;2;3;5;3m  [38;2;0;0;0m    [38;2;0;3;0m  [38;2;0;0;0m    [38;2;0;2;0m  [38;2;0;1;0m  [38;2;0;0;0m        
[38;2;0;0;0m        [38;2;0;1;0m  [38;2;16;17;20m  [38;2;24;28;39m  [38;2;37;42;60m  [38;2;85;92;170m██[38;2;71;73;96m██[38;2;74;80;148m██[38;2;0;2;0m  [38;2;0;0;0m  [38;2;78;74;83m██[38;2;232;182;201m██[38;2;152;82;87m██[38;2;232;162;177m██[38;2;183;151;169m██[38;2;137;92;100m██[38;2;74;85;151m██[38;2;65;73;123m██[38;2;210;90;130m██[38;2;73;66;69m██[38;2;77;82;129m██[38;2;67;73;119m██[38;2;11;12;18m  [38;2;0;0;0m                        
[38;2;0;0;0m    [38;2;7;9;14m  [38;2;22;27;47m██[38;2;22;28;45m██[38;2;82;92;168m██[38;2;76;84;139m██[38;2;57;61;83m██[38;2;65;65;65m██[38;2;72;73;96m██[38;2;34;36;45m██[38;2;0;0;0m      [38;2;23;1;0m  [38;2;147;93;99m██[38;2;191;64;61m██[38;2;82;65;80m██[38;2;77;81;137m██[38;2;105;80;129m██[38;2;177;78;84m██[38;2;67;70;87m██[38;2;84;93;174m██[38;2;69;76;129m██[38;2;15;17;8m██[38;2;0;0;0m                          
[38;2;0;0;0m    [38;2;7;9;14m  [38;2;22;27;47m██[38;2;39;43;70m██[38;2;26;31;54m██[38;2;6;8;6m  [38;2;63;61;63m██[38;2;82;89;155m██[38;2;22;27;47m██[38;2;10;13;22m  [38;2;0;0;0m        [38;2;0;1;0m    [38;2;20;26;43m██[38;2;52;56;68m██[38;2;100;73;93m██[38;2;79;83;137m████[38;2;70;73;96m██[38;2;53;59;94m██[38;2;1;3;3m  [38;2;0;3;0m  [38;2;0;0;0m                        
[38;2;0;0;0m        [38;2;8;10;17m  [38;2;55;61;105m██[38;2;44;49;85m██[38;2;67;73;141m██[38;2;0;3;0m  [38;2;0;0;0m                  [38;2;21;23;33m  [38;2;67;73;132m██[38;2;72;78;151m██[38;2;54;61;90m██[38;2;74;82;143m██[38;2;59;64;92m██[38;2;31;34;52m██[38;2;57;63;95m██[38;2;0;2;1m  [38;2;0;0;0m                      
[38;2;0;0;0m        [38;2;8;10;17m  [38;2;22;28;45m██[38;2;13;16;26m  [38;2;0;1;0m  [38;2;0;0;0m                [38;2;0;2;0m  [38;2;18;26;36m  [38;2;102;131;206m██[38;2;22;27;45m██[38;2;4;6;9m  [38;2;5;7;6m  [38;2;61;63;84m██[38;2;83;94;177m██[38;2;73;76;104m██[38;2;56;65;96m██[38;2;3;8;6m██[38;2;0;0;0m                      
[38;2;0;0;0m                                [38;2;59;78;118m  [38;2;68;90;136m  [38;2;0;3;0m  [38;2;0;0;0m  [38;2;0;1;0m  [38;2;43;50;90m██[38;2;83;90;160m██[38;2;77;82;129m██[38;2;75;84;140m██[38;2;36;43;61m  [38;2;0;0;0m                        
[38;2;0;0;0m                                      [38;2;17;21;37m  [38;2;67;73;141m██[38;2;38;42;66m██[38;2;64;65;73m██[38;2;75;83;130m██[38;2;24;31;46m██[38;2;0;0;0m                          
[38;2;0;0;0m                                    [38;2;22;29;45m  [38;2;68;84;136m██[38;2;18;26;36m  [38;2;5;8;11m  [38;2;54;60;89m██[38;2;25;30;41m  [38;2;0;0;0m                            
[38;2;0;0;0m                                    [38;2;22;30;45m██[38;2;0;1;0m  [38;2;0;2;0m  [38;2;43;51;87m██[38;2;2;4;5m  [38;2;0;0;0m                              [0m
