
[38;2;0;0;0m                    [38;2;27;24;11m  [38;2;61;54;26m██[38;2;31;28;13m  [38;2;0;0;0m                            
[38;2;0;0;0m                    [38;2;109;96;47m██[38;2;245;218;106m██[38;2;216;191;96m██[38;2;0;0;12m  [38;2;0;0;0m                          
[38;2;0;0;0m              [38;2;201;172;90m██[38;2;234;202;103m██[38;2;33;29;22m██[38;2;246;218;106m██[38;2;245;217;106m██[38;2;228;200;102m██[38;2;93;80;63m██[38;2;231;200;105m██[38;2;59;52;27m  [38;2;0;0;1m  [38;2;0;0;0m                    
[38;2;0;0;0m            [38;2;47;44;61m  [38;2;166;147;186m██[38;2;146;129;142m██[38;2;131;114;80m██[38;2;187;145;93m██[38;2;243;215;105m██[38;2;133;121;125m██[38;2;166;150;193m██[38;2;189;157;135m██[38;2;239;211;112m██[38;2;27;23;18m  [38;2;0;0;0m                    
[38;2;0;0;0m            [38;2;63;59;82m██[38;2;171;161;222m██[38;2;107;103;129m██[38;2;169;161;224m████[38;2;118;104;116m██[38;2;134;123;156m██[38;2;169;161;224m████[38;2;69;67;65m██[38;2;189;161;77m██[38;2;178;152;74m██[38;2;19;16;8m  [38;2;0;0;0m        [38;2;61;54;26m████[38;2;0;0;0m    
[38;2;0;0;0m      [38;2;150;133;64m  [38;2;122;108;52m  [38;2;0;0;0m  [38;2;128;116;170m██[38;2;100;96;117m██[38;2;155;146;198m██[38;2;171;161;222m██[38;2;145;139;180m██[38;2;144;135;180m██[38;2;171;161;221m██[38;2;169;161;224m██[38;2;129;123;161m██[38;2;120;107;155m██[38;2;163;132;94m██[38;2;189;158;109m██[38;2;76;67;40m██[38;2;0;0;0m      [38;2;123;101;63m  [38;2;245;218;106m██[38;2;246;217;105m██[38;2;143;127;61m  [38;2;0;0;0m  
[38;2;0;0;0m    [38;2;72;64;31m██[38;2;229;198;102m██[38;2;165;130;134m██[38;2;150;122;150m██[38;2;171;160;220m██[38;2;181;167;223m██[38;2;182;168;224m██[38;2;118;117;134m██[38;2;139;134;169m██[38;2;169;161;223m██████[38;2;129;123;161m██[38;2;119;106;158m██[38;2;123;107;124m██[38;2;110;98;85m██[38;2;137;120;68m██[38;2;0;0;0m    [38;2;61;55;64m██[38;2;165;140;119m██[38;2;231;199;102m██[38;2;241;213;107m██[38;2;222;194;95m██[38;2;49;41;21m██
[38;2;0;0;0m    [38;2;18;16;7m  [38;2;150;133;158m██[38;2;163;150;213m██[38;2;186;168;221m██[38;2;164;152;213m██[38;2;211;191;230m██[38;2;199;182;228m██[38;2;169;161;224m██[38;2;157;144;207m██[38;2;200;184;228m██[38;2;170;161;223m██[38;2;91;88;104m██[38;2;169;161;224m██[38;2;145;136;182m██[38;2;138;124;126m██[38;2;246;214;106m██[38;2;219;195;99m██[38;2;0;0;0m    [38;2;171;161;222m██[38;2;169;161;224m██[38;2;189;166;164m██[38;2;199;166;87m██[38;2;189;161;79m██[38;2;49;41;21m██
[38;2;0;0;0m        [38;2;118;102;138m██[38;2;154;108;137m██[38;2;155;142;204m██[38;2;169;161;223m██[38;2;170;161;223m██[38;2;139;123;188m██[38;2;152;143;197m██[38;2;174;121;151m██[38;2;99;84;93m██[38;2;187;129;160m██[38;2;169;161;224m████[38;2;170;161;222m██[38;2;169;125;90m██[38;2;200;179;95m██[38;2;71;66;85m██[38;2;116;110;146m██[38;2;169;161;223m██[38;2;166;154;215m██[38;2;138;121;171m██[38;2;151;126;71m██[38;2;110;93;47m  [38;2;0;0;0m  
[38;2;0;0;0m        [38;2;49;34;43m██[38;2;35;18;19m██[38;2;169;161;223m██[38;2;171;161;222m██[38;2;170;161;222m██[38;2;161;151;215m██[38;2;58;56;65m██[38;2;199;105;116m██[38;2;228;134;164m██[38;2;97;94;95m██[38;2;171;161;222m██[38;2;145;131;195m██[38;2;115;107;144m██[38;2;92;80;77m██[38;2;119;106;155m██[38;2;87;82;102m██[38;2;134;121;182m██[38;2;149;135;202m██[38;2;148;135;194m██[38;2;120;104;157m██[38;2;14;11;4m  [38;2;0;0;0m    
[38;2;0;0;0m  [38;2;27;23;36m  [38;2;10;8;14m  [38;2;38;31;42m██[38;2;76;66;73m██[38;2;164;121;153m██[38;2;190;176;226m██[38;2;154;146;193m██[38;2;155;143;206m██[38;2;169;161;223m██[38;2;163;111;131m██[38;2;233;133;160m██[38;2;175;122;143m██[38;2;202;146;190m██[38;2;157;145;208m██[38;2;117;105;153m██[38;2;113;102;144m██[38;2;137;120;186m██[38;2;104;95;132m██[38;2;87;82;100m██[38;2;119;106;158m██[38;2;114;104;150m██[38;2;91;88;104m██[38;2;84;73;115m  [38;2;0;0;0m      
[38;2;0;0;0m  [38;2;108;94;147m██[38;2;114;99;155m██[38;2;102;90;103m██[38;2;122;106;135m██[38;2;75;72;82m██[38;2;121;115;147m██[38;2;154;146;193m██[38;2;139;131;174m██[38;2;91;88;104m██████[38;2;170;161;222m██[38;2;169;161;224m████[38;2;142;131;185m██[38;2;113;102;146m██[38;2;137;121;189m████[38;2;161;147;214m██[38;2;145;133;189m██[38;2;126;117;158m██[38;2;169;161;224m██[38;2;0;0;0m        
[38;2;0;0;0m    [38;2;105;103;118m██[38;2;92;86;88m██[38;2;142;125;130m██[38;2;107;99;91m██[38;2;133;131;143m██[38;2;67;66;68m██[38;2;117;64;70m██[38;2;72;64;65m██[38;2;226;228;222m██[38;2;70;69;70m██[38;2;77;64;66m██[38;2;145;136;182m██[38;2;189;157;135m██[38;2;189;147;94m██[38;2;145;132;83m██[38;2;132;117;179m██[38;2;104;95;131m██[38;2;123;113;163m██[38;2;166;156;224m██[38;2;166;158;218m██[38;2;152;145;190m██[38;2;0;0;0m        
[38;2;0;0;0m    [38;2;105;102;118m██[38;2;136;121;164m██[38;2;106;96;132m██[38;2;45;40;48m██[38;2;13;12;14m  [38;2;109;98;142m██[38;2;117;64;70m██[38;2;137;64;71m██[38;2;108;105;108m██[38;2;132;65;72m██[38;2;102;54;61m██[38;2;119;106;155m██[38;2;166;144;90m██[38;2;235;207;135m██[38;2;115;103;126m██[38;2;137;121;188m██[38;2;126;112;170m██[38;2;114;102;150m██[38;2;137;130;176m██[38;2;166;158;218m██[38;2;152;145;190m██[38;2;105;101;130m  [38;2;0;0;0m      
[38;2;0;0;0m  [38;2;99;87;133m██[38;2;131;116;172m██[38;2;137;121;189m██[38;2;68;60;94m  [38;2;0;0;0m    [38;2;121;108;162m██[38;2;103;64;68m██[38;2;159;64;73m██[38;2;140;53;64m██[38;2;149;57;69m██[38;2;99;51;59m██[38;2;145;131;195m██[38;2;74;71;80m██[38;2;97;86;83m██[38;2;142;125;164m██[38;2;137;120;188m████[38;2;128;114;172m██[38;2;130;125;165m██[38;2;160;153;209m██[38;2;114;113;126m██[38;2;87;86;108m██[38;2;0;1;0m  [38;2;0;0;0m    
[38;2;27;24;34m  [38;2;122;110;158m██[38;2;131;116;172m██[38;2;139;121;189m██[38;2;0;0;0m    [38;2;18;17;18m  [38;2;150;138;197m██[38;2;103;64;68m██[38;2;159;64;73m██[38;2;134;43;55m██[38;2;186;107;120m██[38;2;129;88;95m██[38;2;172;161;222m██[38;2;102;93;127m██[38;2;188;160;80m██[38;2;154;134;152m██[38;2;137;121;188m██[38;2;104;95;132m██[38;2;80;76;91m██[38;2;130;125;165m██[38;2;160;153;209m██[38;2;114;113;126m██[38;2;87;86;108m██[38;2;0;1;0m  [38;2;0;0;0m    
[38;2;12;11;17m  [38;2;87;80;119m██[38;2;63;58;87m██[38;2;18;16;24m  [38;2;0;0;0m  [38;2;29;25;40m  [38;2;119;115;133m██[38;2;69;68;71m██[38;2;151;57;67m██[38;2;165;78;89m██[38;2;254;175;200m██[38;2;209;147;165m██[38;2;181;127;139m██[38;2;65;64;65m██[38;2;116;110;140m██[38;2;154;135;169m██[38;2;103;97;107m██[38;2;171;161;222m██[38;2;169;161;224m██[38;2;76;74;82m██[38;2;171;161;222m██[38;2;155;147;195m██[38;2;169;161;224m██[38;2;150;141;190m██[38;2;50;47;65m██[38;2;0;0;0m    
[38;2;0;0;0m        [38;2;34;30;47m  [38;2;132;116;182m██[38;2;124;118;136m██[38;2;165;162;189m██[38;2;106;51;65m██[38;2;159;72;86m██[38;2;202;149;166m██[38;2;205;203;204m██[38;2;155;147;148m██[38;2;65;64;65m██[38;2;116;110;140m██[38;2;153;137;143m██[38;2;129;121;147m██[38;2;171;160;222m██[38;2;155;144;205m██[38;2;139;128;178m██[38;2;90;86;106m██[38;2;142;138;178m██[38;2;142;137;185m██[38;2;21;20;23m██[38;2;12;11;16m  [38;2;0;0;0m    
[38;2;0;0;0m        [38;2;34;30;47m  [38;2;132;118;178m██[38;2;98;92;113m██[38;2;150;144;178m██[38;2;146;142;174m██[38;2;91;88;104m██[38;2;96;97;113m██[38;2;197;195;206m██[38;2;148;145;158m██[38;2;172;161;222m██[38;2;104;97;128m██[38;2;60;55;47m██[38;2;176;161;205m██[38;2;65;64;67m██[38;2;128;119;163m██[38;2;99;92;117m██[38;2;67;63;82m  [38;2;5;5;0m  [38;2;0;3;0m  [38;2;0;0;0m        
[38;2;0;0;0m          [38;2;89;82;110m██[38;2;109;101;135m██[38;2;94;90;109m██[38;2;91;85;107m██[38;2;52;46;59m██[38;2;43;40;55m██[38;2;158;146;207m██[38;2;167;155;217m██[38;2;145;131;195m██[38;2;16;14;22m  [38;2;1;1;1m  [38;2;96;87;127m██[38;2;145;133;190m██[38;2;129;122;156m██[38;2;124;112;161m██[38;2;38;35;49m  [38;2;0;0;0m            
[38;2;0;0;0m        [38;2;53;54;53m  [38;2;91;93;91m██[38;2;130;133;130m██[38;2;101;89;134m██[38;2;61;53;83m  [38;2;0;0;0m            [38;2;3;3;5m  [38;2;142;132;170m██[38;2;119;115;135m██[38;2;138;133;156m██[38;2;165;160;185m██[38;2;42;41;48m  [38;2;0;0;0m            
[38;2;0;0;0m                                [38;2;31;30;35m  [38;2;4;4;6m  [38;2;23;22;27m  [38;2;51;49;56m  [38;2;0;0;0m              [0m
