
[38;2;0;0;0m            [38;2;16;11;6m  [38;2;65;55;30m██[38;2;0;0;0m                    
[38;2;0;0;0m            [38;2;63;45;26m██[38;2;255;212;119m██[38;2;0;0;0m    [38;2;49;43;23m  [38;2;197;173;95m██[38;2;148;129;71m  [38;2;0;0;0m          
[38;2;0;0;0m            [38;2;73;47;52m██[38;2;246;214;144m██[38;2;0;0;0m    [38;2;255;194;135m██[38;2;255;196;119m██[38;2;191;167;92m██[38;2;0;0;0m          
[38;2;0;0;0m            [38;2;58;38;20m██[38;2;246;206;113m██[38;2;154;135;74m    [38;2;255;113;139m██[38;2;208;162;123m██[38;2;191;150;97m██[38;2;0;0;0m          
[38;2;0;0;0m            [38;2;5;7;6m  [38;2;144;97;54m██[38;2;194;154;83m██[38;2;194;162;89m██[38;2;255;170;148m██[38;2;192;122;94m██[38;2;12;0;4m  [38;2;0;0;0m          
[38;2;0;0;0m        [38;2;41;10;15m  [38;2;167;40;62m██[38;2;162;45;61m██[38;2;123;67;57m██[38;2;130;88;65m██[38;2;239;177;89m██[38;2;95;89;74m██[38;2;122;42;49m██[38;2;0;0;0m            
[38;2;0;0;0m    [38;2;17;4;6m  [38;2;200;143;81m██[38;2;206;62;77m██[38;2;196;59;71m██[38;2;216;106;84m██[38;2;189;54;69m██[38;2;190;45;70m██[38;2;171;37;58m██[38;2;167;36;55m██[38;2;156;32;48m██[38;2;155;32;48m██[38;2;81;16;25m██[38;2;0;0;0m        
[38;2;0;0;0m    [38;2;49;12;18m██[38;2;203;64;76m██[38;2;194;48;72m██[38;2;228;160;102m██[38;2;204;68;77m██[38;2;195;50;72m██[38;2;197;48;73m██[38;2;198;48;73m██[38;2;80;62;66m██[38;2;96;54;59m██[38;2;116;47;56m██[38;2;156;32;49m██[38;2;0;0;0m        
[38;2;0;0;0m      [38;2;89;22;33m  [38;2;116;29;43m██[38;2;132;38;55m██[38;2;145;55;70m██[38;2;106;75;75m██[38;2;75;72;69m██[38;2;95;105;79m██[38;2;140;166;98m██[38;2;140;166;99m██[38;2;43;24;27m  [38;2;0;0;0m          
[38;2;0;0;0m        [38;2;0;1;0m  [38;2;114;55;74m██[38;2;156;65;96m██[38;2;98;61;75m██[38;2;135;116;94m██[38;2;123;142;91m████[38;2;27;29;23m██[38;2;0;0;0m            
[38;2;0;0;0m        [38;2;53;26;35m██[38;2;193;87;122m██[38;2;102;81;72m██[38;2;90;93;66m██[38;2;110;128;79m██[38;2;140;165;99m██[38;2;61;86;36m██[38;2;0;0;0m              
[38;2;0;0;0m        [38;2;2;1;1m  [38;2;11;5;7m██[38;2;2;1;1m  ██[38;2;140;165;98m████[38;2;61;86;36m██[38;2;0;0;0m              
[38;2;0;0;0m              [38;2;48;57;34m  [38;2;140;165;98m██[38;2;96;127;61m██[38;2;71;99;42m██[38;2;9;13;5m  [38;2;0;0;0m            
[38;2;0;0;0m            [38;2;54;56;34m  [38;2;159;180;108m██[38;2;140;164;98m██[38;2;96;127;61m██[38;2;81;115;48m██[38;2;80;113;48m██[38;2;0;0;0m            
[38;2;0;0;0m    [38;2;29;20;9m  [38;2;119;84;45m██[38;2;155;121;70m██[38;2;144;147;103m██[38;2;222;231;140m████[38;2;211;222;134m██[38;2;181;198;119m██[38;2;98;140;56m██[38;2;86;121;50m██[38;2;70;98;45m██[38;2;120;91;41m██[38;2;202;134;49m██[38;2;28;19;7m  [38;2;0;0;0m    
[38;2;0;0;0m  [38;2;3;2;1m  [38;2;255;222;123m██[38;2;120;105;74m██[38;2;243;225;126m██[38;2;219;228;138m██[38;2;222;231;139m████[38;2;219;228;138m████[38;2;195;214;121m██[38;2;115;165;63m██[38;2;87;114;57m██[38;2;81;115;49m██[38;2;113;95;72m██[38;2;240;170;77m██[38;2;3;2;0m  [38;2;0;0;0m  
[38;2;0;0;0m  [38;2;188;150;79m██[38;2;255;226;140m██[38;2;233;209;132m██[38;2;169;149;93m██[38;2;160;126;76m██[38;2;138;142;100m██[38;2;141;142;96m██[38;2;140;120;78m██[38;2;158;118;70m██[38;2;126;134;91m██[38;2;92;111;61m██[38;2;142;128;81m██[38;2;166;149;95m██[38;2;244;181;87m██[38;2;248;198;102m██[38;2;179;124;55m██[38;2;0;0;0m  
[38;2;61;45;22m██[38;2;246;180;88m██[38;2;255;230;154m██[38;2;255;253;248m██[38;2;255;222;123m████[38;2;255;223;123m██[38;2;255;223;117m████[38;2;255;223;123m██[38;2;239;168;76m██[38;2;251;209;105m██[38;2;254;222;116m██[38;2;254;219;120m██[38;2;254;222;122m██[38;2;242;179;84m██[38;2;238;165;73m██[38;2;59;41;18m██
[38;2;24;16;6m  [38;2;198;132;48m██[38;2;248;198;102m██[38;2;255;223;123m██[38;2;248;198;102m██[38;2;255;222;123m██[38;2;252;214;116m██[38;2;245;190;95m████[38;2;252;214;116m██[38;2;255;222;123m████[38;2;244;184;89m██[38;2;239;165;73m██[38;2;244;184;89m██[38;2;239;165;73m██[38;2;237;161;69m██[38;2;57;37;14m██
[38;2;4;2;0m  [38;2;171;103;25m██[38;2;117;102;75m██[38;2;241;177;81m██[38;2;239;165;74m██[38;2;237;163;71m██[38;2;227;152;57m██[38;2;222;154;69m██[38;2;239;166;74m██[38;2;237;163;71m██[38;2;227;159;73m██[38;2;239;165;74m████[38;2;227;159;73m██[38;2;108;66;57m██[38;2;220;125;33m██[38;2;166;98;24m██[38;2;0;0;0m  
[38;2;55;34;10m██[38;2;155;98;37m██[38;2;113;80;68m██[38;2;208;149;74m██[38;2;240;163;72m██[38;2;160;100;52m██[38;2;128;86;60m██[38;2;120;45;55m██[38;2;134;105;69m██[38;2;129;95;56m██[38;2;123;60;59m██[38;2;209;143;65m██[38;2;211;147;66m██[38;2;129;71;61m██[38;2;144;48;50m██[38;2;138;65;43m██[38;2;66;41;9m  [38;2;0;0;0m  
[38;2;0;2;7m  [38;2;48;38;32m  [38;2;142;86;67m██[38;2;188;119;42m██[38;2;200;136;65m██[38;2;115;74;59m██[38;2;156;34;49m██████████[38;2;96;56;60m██[38;2;89;62;63m██[38;2;154;58;56m██[38;2;156;54;55m██[38;2;145;67;66m██[38;2;0;2;0m  [38;2;0;0;0m  
[38;2;0;0;0m    [38;2;113;104;80m██[38;2;230;154;55m██[38;2;222;132;32m██[38;2;105;82;57m██[38;2;156;54;55m██[38;2;173;73;68m██[38;2;194;107;90m██[38;2;156;40;51m██████[38;2;156;75;60m██[38;2;156;56;55m██[38;2;156;98;67m██[38;2;81;39;31m██[38;2;0;0;0m    
[38;2;0;0;0m    [38;2;27;16;18m██[38;2;196;148;76m██[38;2;150;121;71m██[38;2;142;50;62m██[38;2;204;83;88m██[38;2;206;100;95m██[38;2;198;48;73m██[38;2;216;154;117m██[38;2;189;63;73m██[38;2;157;51;55m██[38;2;156;100;67m██[38;2;156;42;51m██[38;2;149;116;71m██[38;2;42;38;21m██[38;2;0;0;0m    
[38;2;0;0;0m    [38;2;15;7;8m  [38;2;143;115;87m██[38;2;177;122;98m██[38;2;197;46;71m██[38;2;216;154;117m██[38;2;230;179;131m██[38;2;186;103;89m██[38;2;187;144;100m██[38;2;169;83;69m██[38;2;159;79;63m██[38;2;156;115;71m██[38;2;156;114;71m██[38;2;52;49;26m██[38;2;75;105;44m██[38;2;0;0;0m    
[38;2;0;0;0m        [38;2;142;120;83m██[38;2;194;90;85m██[38;2;209;176;120m██[38;2;197;147;110m██[38;2;34;29;15m██[38;2;99;83;52m██[38;2;126;99;59m██████[38;2;42;40;21m██[38;2;82;114;48m██[38;2;70;98;42m██[38;2;0;0;0m    
[38;2;0;0;0m        [38;2;11;8;5m  [38;2;45;35;21m██[38;2;156;123;73m██[38;2;39;30;18m██[38;2;168;199;105m██[38;2;89;127;51m██[38;2;81;115;46m████[38;2;81;116;46m██[38;2;97;141;56m██[38;2;81;115;48m██[38;2;20;28;12m██[38;2;0;0;0m    
[38;2;0;0;0m                [38;2;43;44;27m  [38;2;172;179;108m██[38;2;201;218;125m██[38;2;138;180;82m██[38;2;142;179;86m██[38;2;117;138;75m██[38;2;81;96;57m  [38;2;0;0;0m      
[38;2;0;0;0m                    [38;2;57;59;36m████[38;2;56;60;35m██[38;2;13;16;8m  [38;2;0;0;0m        [0m
