
[38;2;0;0;0m                            [38;2;11;11;8m  [38;2;44;42;35m██[38;2;7;7;4m  [38;2;29;27;19m██[38;2;0;0;0m                                
[38;2;0;0;0m                          [38;2;0;2;0m  [38;2;141;128;113m██[38;2;170;155;136m██[38;2;118;158;97m██[38;2;112;91;71m██[38;2;67;57;43m  [38;2;0;0;0m                              
[38;2;0;0;0m                          [38;2;0;1;0m  [38;2;123;112;98m██[38;2;172;157;136m██[38;2;154;205;133m██[38;2;136;142;104m██[38;2;56;48;38m  [38;2;0;0;0m        [38;2;0;1;0m  [38;2;0;0;0m  [38;2;0;1;0m  [38;2;0;0;0m                
[38;2;0;0;0m                  [38;2;0;2;0m  [38;2;0;3;0m  [38;2;0;0;0m    [38;2;0;2;0m  [38;2;104;85;69m██[38;2;160;143;122m██[38;2;171;157;136m██[38;2;99;96;84m██[38;2;57;56;53m  [38;2;14;16;14m  [38;2;0;2;0m  [38;2;0;0;0m  [38;2;25;22;15m  [38;2;101;80;62m██[38;2;38;37;30m  [38;2;141;126;118m██[38;2;0;2;0m  [38;2;0;0;0m              
[38;2;0;0;0m                [38;2;6;8;6m  [38;2;110;96;56m██[38;2;148;125;61m██[38;2;120;97;39m██[38;2;80;67;20m  [38;2;0;0;0m  [38;2;23;22;19m  [38;2;121;107;97m██[38;2;85;101;76m██[38;2;105;138;86m██[38;2;108;145;88m██[38;2;99;130;82m██[38;2;69;94;62m██[38;2;38;40;32m██[38;2;155;140;122m██[38;2;134;137;99m██[38;2;156;135;121m██[38;2;245;190;220m██[38;2;148;122;128m██[38;2;0;1;0m  [38;2;0;0;0m            
[38;2;0;0;0m              [38;2;0;2;0m  [38;2;154;129;64m██[38;2;157;132;65m██[38;2;255;207;65m████[38;2;173;159;72m██[38;2;0;1;5m  [38;2;0;0;0m  [38;2;150;111;156m██[38;2;180;150;179m██[38;2;114;150;89m██[38;2;78;106;73m██[38;2;102;139;85m██[38;2;110;149;89m██[38;2;77;89;72m██[38;2;166;163;126m██[38;2;171;158;136m██[38;2;169;198;142m██[38;2;165;152;133m██[38;2;7;8;6m  [38;2;0;0;0m              
[38;2;0;1;0m  [38;2;53;54;47m██[38;2;0;1;0m    [38;2;49;45;40m  [38;2;24;26;22m  [38;2;0;0;0m  [38;2;0;3;0m  [38;2;144;122;64m██[38;2;191;157;65m██[38;2;136;143;86m██[38;2;121;162;108m██[38;2;81;77;58m██[38;2;48;61;44m██[38;2;72;72;81m██[38;2;128;93;137m██[38;2;137;156;120m██[38;2;168;182;159m██[38;2;102;127;91m██[38;2;112;151;89m██[38;2;109;137;95m██[38;2;100;125;83m██[38;2;98;102;92m██[38;2;156;149;122m██[38;2;129;120;93m██[38;2;129;110;101m██[38;2;61;56;49m  [38;2;0;0;0m              
[38;2;0;0;0m  [38;2;0;2;0m  [38;2;103;102;91m██[38;2;130;120;105m██[38;2;132;124;114m██[38;2;132;117;100m██[38;2;3;6;3m  [38;2;0;2;0m  [38;2;185;152;61m██[38;2;114;127;85m██[38;2;92;126;93m██[38;2;70;93;74m██[38;2;109;148;89m██[38;2;70;106;77m██[38;2;136;149;122m██[38;2;152;110;165m██[38;2;65;68;57m██[38;2;59;74;51m██[38;2;208;217;196m██[38;2;112;151;89m██[38;2;110;125;105m██[38;2;206;157;206m██[38;2;92;118;80m██[38;2;83;86;76m██[38;2;66;66;66m██[38;2;15;18;15m  [38;2;0;0;0m                
[38;2;0;0;0m    [38;2;37;35;27m██[38;2;166;151;129m██[38;2;147;133;116m██[38;2;130;119;99m██[38;2;98;98;80m██[38;2;0;1;0m  [38;2;22;36;22m██[38;2;88;152;92m██[38;2;89;152;93m██[38;2;94;126;90m██[38;2;67;90;71m██[38;2;90;123;80m██[38;2;114;144;99m██[38;2;116;142;99m██[38;2;147;147;147m██[38;2;65;65;65m██[38;2;77;86;72m██[38;2;96;132;82m██[38;2;176;128;183m██[38;2;177;128;183m██[38;2;189;131;205m██[38;2;119;132;112m██[38;2;102;134;80m██[38;2;16;23;12m  [38;2;0;0;0m                
[38;2;0;0;0m    [38;2;48;45;37m██[38;2;153;141;124m██[38;2;131;131;104m████[38;2;87;88;68m  [38;2;0;0;0m  [38;2;0;1;0m  [38;2;67;88;69m██[38;2;94;106;96m██[38;2;75;95;72m██[38;2;81;96;73m██[38;2;94;118;76m██[38;2;104;137;82m██[38;2;112;151;89m██[38;2;127;141;122m██[38;2;214;225;207m██[38;2;120;139;111m██[38;2;88;121;78m██[38;2;201;142;211m██[38;2;208;147;214m██[38;2;177;142;180m██[38;2;112;151;89m████[38;2;37;53;30m██[38;2;0;0;0m                
[38;2;32;34;30m  [38;2;133;130;123m██[38;2;135;133;126m██[38;2;46;43;34m██[38;2;131;131;104m██[38;2;114;110;87m██[38;2;3;3;0m  [38;2;0;0;0m  [38;2;0;1;0m  [38;2;124;104;129m██[38;2;171;128;177m██[38;2;75;95;72m██[38;2;54;59;51m██[38;2;49;102;133m██[38;2;51;102;132m██[38;2;44;54;31m██[38;2;166;170;166m██[38;2;83;89;88m██[38;2;59;74;61m██[38;2;112;151;89m██[38;2;130;120;139m██[38;2;158;104;192m██[38;2;118;132;113m██[38;2;112;151;89m██[38;2;103;142;87m██[38;2;105;140;87m██[38;2;75;98;60m██[38;2;18;24;20m  [38;2;0;0;0m            
[38;2;0;0;0m  [38;2;0;3;0m  [38;2;0;2;0m  [38;2;0;0;0m  [38;2;0;3;0m  [38;2;84;82;64m  [38;2;103;101;79m██[38;2;0;1;0m  [38;2;0;0;0m  [38;2;0;7;0m  [38;2;71;74;71m██[38;2;83;86;77m██[38;2;135;130;109m██[38;2;55;116;161m██[38;2;88;122;174m██[38;2;55;109;148m██[38;2;113;112;113m██[38;2;253;255;252m██[38;2;28;41;32m██[38;2;112;151;89m██[38;2;114;146;90m██[38;2;112;148;89m██[38;2;113;150;90m██[38;2;78;116;80m██[38;2;102;138;85m██[38;2;81;100;78m██[38;2;66;78;68m██[38;2;19;22;17m  [38;2;0;0;0m            
[38;2;0;0;0m          [38;2;0;3;0m  [38;2;145;134;120m██[38;2;46;38;42m  [38;2;0;0;0m  [38;2;0;3;0m  [38;2;75;94;71m██[38;2;144;134;119m██[38;2;63;81;48m██[38;2;28;35;28m██[38;2;166;219;238m██[38;2;81;179;255m██[38;2;216;216;216m██[38;2;113;119;112m██[38;2;95;111;87m██[38;2;112;151;89m██[38;2;101;125;88m██[38;2;99;126;87m██[38;2;112;151;89m████[38;2;90;119;80m██[38;2;78;85;74m██[38;2;146;144;114m██[38;2;135;126;109m██[38;2;0;2;0m  [38;2;0;0;0m          
[38;2;0;0;0m          [38;2;0;3;0m  [38;2;117;129;118m██[38;2;56;79;91m██[38;2;0;1;0m  [38;2;0;0;0m  [38;2;42;42;34m████[38;2;69;128;184m██[38;2;70;147;209m██[38;2;109;188;250m██[38;2;207;224;239m██[38;2;67;146;208m██[38;2;68;95;66m██[38;2;114;150;90m██[38;2;100;140;86m██[38;2;109;121;101m██[38;2;118;132;99m██[38;2;109;134;92m██[38;2;112;151;89m██[38;2;91;88;83m██[38;2;171;157;136m██[38;2;209;174;178m██[38;2;161;141;137m██[38;2;0;3;0m  [38;2;0;0;0m          
[38;2;0;0;0m            [38;2;23;31;27m██[38;2;68;144;203m██[38;2;106;107;84m██[38;2;26;34;21m  [38;2;126;125;101m██[38;2;23;30;18m██[38;2;78;165;237m██[38;2;64;125;179m██[38;2;68;139;199m██[38;2;18;30;38m██[38;2;81;178;255m██[38;2;20;47;63m██[38;2;114;150;89m██[38;2;70;107;77m██[38;2;172;157;136m██[38;2;169;158;134m██[38;2;100;112;75m██[38;2;112;151;89m██[38;2;94;120;83m██[38;2;149;136;126m██[38;2;223;176;199m██[38;2;150;140;120m██[38;2;109;102;84m  [38;2;0;1;0m  [38;2;0;0;0m        
[38;2;0;0;0m              [38;2;0;1;0m  [38;2;80;82;68m██[38;2;144;135;118m██[38;2;90;107;75m██[38;2;113;150;89m██[38;2;30;41;29m██[38;2;57;101;137m██[38;2;36;25;21m██[38;2;115;89;71m██[38;2;44;45;36m██[38;2;72;92;59m██[38;2;115;147;92m██[38;2;85;122;82m██[38;2;149;143;128m██[38;2;127;114;94m██[38;2;96;98;70m██[38;2;103;139;85m██[38;2;70;91;75m██[38;2;122;114;107m██[38;2;126;128;96m██[38;2;120;118;94m██[38;2;117;110;91m██[38;2;14;15;11m  [38;2;0;0;0m        
[38;2;0;0;0m                [38;2;39;42;38m██[38;2;169;155;137m██[38;2;87;117;77m██[38;2;75;112;79m██[38;2;214;178;189m██[38;2;132;126;106m██[38;2;90;82;64m██[38;2;38;32;23m██[38;2;53;58;43m██[38;2;159;160;128m██[38;2;89;121;78m██[38;2;112;150;89m██[38;2;106;118;113m██[38;2;236;188;216m██[38;2;146;131;122m██[38;2;105;138;85m██[38;2;73;101;81m██[38;2;126;125;101m██[38;2;73;73;70m██[38;2;70;70;67m██[38;2;130;127;100m██[38;2;26;30;20m██[38;2;0;0;0m        
[38;2;0;0;0m              [38;2;0;1;0m  [38;2;63;61;50m██[38;2;97;114;85m██[38;2;108;141;89m██[38;2;102;122;94m██[38;2;228;183;200m██[38;2;191;167;160m██[38;2;91;88;77m██[38;2;172;173;172m██[38;2;156;141;141m██[38;2;85;87;69m██[38;2;89;107;75m██[38;2;70;107;78m██[38;2;164;139;143m██[38;2;75;66;49m██[38;2;102;91;52m██[38;2;105;104;98m██[38;2;99;101;96m██[38;2;116;117;95m██[38;2;131;131;104m██[38;2;111;110;91m██[38;2;125;117;106m██[38;2;158;146;124m██[38;2;0;6;0m  [38;2;0;0;0m      
[38;2;0;0;0m            [38;2;0;1;1m  [38;2;41;43;39m  [38;2;145;158;160m██[38;2;147;157;159m██[38;2;93;101;83m██[38;2;171;157;135m██[38;2;170;157;137m██[38;2;48;47;39m██[38;2;140;141;140m██[38;2;140;142;140m██[38;2;170;73;50m██[38;2;226;196;190m██[38;2;41;24;19m██[38;2;145;140;118m██[38;2;123;120;101m██[38;2;187;154;56m██[38;2;116;114;117m██[38;2;252;252;252m████[38;2;65;67;70m██[38;2;133;130;111m██[38;2;83;80;76m██[38;2;112;112;84m██[38;2;133;130;106m██[38;2;0;3;0m  [38;2;0;0;0m      
[38;2;0;0;0m          [38;2;0;1;0m  [38;2;78;66;53m██[38;2;150;139;119m██[38;2;98;177;239m██[38;2;122;122;116m██[38;2;112;101;82m██[38;2;121;111;98m██[38;2;119;111;101m██[38;2;56;48;39m██[38;2;186;172;164m██[38;2;181;162;157m██[38;2;222;209;205m██[38;2;155;110;98m██[38;2;127;81;67m██[38;2;85;84;73m██[38;2;112;106;89m██[38;2;137;124;76m██[38;2;180;153;77m██[38;2;204;189;142m██[38;2;141;140;137m██[38;2;110;104;91m██[38;2;110;105;91m██[38;2;150;139;119m██[38;2;135;131;110m██[38;2;41;49;38m██[38;2;9;15;12m  [38;2;39;54;36m████[38;2;9;15;9m  
[38;2;0;0;0m          [38;2;0;2;0m  [38;2;109;86;68m██[38;2;110;89;73m██[38;2;150;118;88m██[38;2;164;152;133m██[38;2;146;134;117m██[38;2;146;134;115m██[38;2;172;156;136m██[38;2;190;149;121m██[38;2;40;24;18m██[38;2;218;203;200m██[38;2;117;119;122m██[38;2;186;190;188m██[38;2;139;143;140m██[38;2;22;25;21m██[38;2;167;151;132m██[38;2;121;117;91m██[38;2;125;118;76m██[38;2;96;88;68m██[38;2;168;156;136m██[38;2;171;156;136m██[38;2;171;156;137m██[38;2;119;116;89m██[38;2;71;73;69m██[38;2;83;101;80m██[38;2;77;101;76m██[38;2;18;28;17m  [38;2;0;3;0m  [38;2;0;0;0m  
[38;2;0;0;0m            [38;2;0;1;0m  [38;2;35;31;23m  [38;2;114;94;77m██[38;2;159;144;124m██[38;2;160;147;129m██[38;2;159;147;129m██[38;2;172;156;136m██[38;2;142;129;108m██[38;2;148;130;109m██[38;2;112;83;72m██[38;2;183;154;148m██[38;2;99;92;92m██[38;2;181;175;174m██[38;2;183;154;148m██[38;2;42;42;34m██[38;2;124;117;106m██[38;2;114;108;98m██[38;2;96;94;85m██[38;2;148;140;115m██[38;2;144;137;112m██[38;2;122;120;93m██[38;2;86;86;70m██[38;2;92;80;68m██[38;2;47;55;40m██[38;2;0;1;0m  [38;2;0;0;0m      
[38;2;0;0;0m                [38;2;0;3;0m  [38;2;76;68;58m  [38;2;114;100;87m  [38;2;114;106;92m  [38;2;143;135;109m██[38;2;112;94;77m██[38;2;128;109;92m██[38;2;169;161;136m██[38;2;84;81;73m██[38;2;198;194;192m██[38;2;122;70;54m██[38;2;162;70;45m██[38;2;28;27;25m██[38;2;139;127;106m██[38;2;112;107;95m██[38;2;95;90;84m██[38;2;79;79;71m██[38;2;85;81;69m██[38;2;85;90;89m██[38;2;98;87;79m██[38;2;112;91;74m██[38;2;127;121;97m██[38;2;0;3;0m  [38;2;0;0;0m      
[38;2;0;0;0m                  [38;2;0;1;0m      [38;2;9;12;7m  [38;2;122;111;94m██[38;2;156;161;128m██[38;2;150;217;132m██[38;2;168;174;135m██[38;2;151;135;114m██[38;2;141;121;102m██[38;2;76;74;59m██[38;2;110;92;72m██[38;2;97;86;71m██[38;2;132;126;110m██[38;2;133;127;107m██[38;2;126;126;99m██[38;2;112;111;90m██[38;2;106;154;180m██[38;2;86;153;208m██[38;2;126;120;96m██[38;2;67;68;53m██[38;2;0;1;0m  [38;2;0;0;0m      
[38;2;0;0;0m                          [38;2;0;2;0m  [38;2;34;34;27m  [38;2;138;126;110m██[38;2;34;34;27m  [38;2;137;128;110m██[38;2;0;3;0m    [38;2;98;82;64m██[38;2;138;124;103m██[38;2;168;156;134m██[38;2;147;134;114m██[38;2;0;3;0m  [38;2;79;80;62m    [38;2;0;3;0m    [38;2;0;0;0m          
[38;2;0;0;0m                              [38;2;0;1;0m  [38;2;0;0;0m  [38;2;0;1;0m  [38;2;0;0;0m    [38;2;11;12;9m  [38;2;45;45;37m████[38;2;11;12;9m  [38;2;0;0;0m                    [0m
