
[38;2;0;0;0m        [38;2;0;1;0m  [38;2;41;58;50m  [38;2;44;64;55m██[38;2;33;55;43m██[38;2;38;56;47m██[38;2;2;5;2m  [38;2;0;0;0m              
[38;2;0;0;0m      [38;2;0;2;0m  [38;2;135;184;167m██[38;2;169;230;209m██[38;2;169;234;211m██[38;2;163;228;203m██[38;2;152;223;190m██[38;2;99;143;120m██[38;2;59;83;73m  [38;2;0;2;0m  [38;2;0;0;0m          
[38;2;0;0;0m    [38;2;17;24;21m  [38;2;152;211;189m██[38;2;161;228;201m██[38;2;115;195;153m██[38;2;170;235;211m██[38;2;170;234;211m██[38;2;144;214;181m██[38;2;147;216;180m██[38;2;144;214;183m██[38;2;123;190;154m██[38;2;15;25;19m  [38;2;0;0;0m        
[38;2;0;0;0m    [38;2;45;70;56m██[38;2;167;231;201m██[38;2;123;199;161m██[38;2;169;234;212m██[38;2;172;234;213m██[38;2;102;187;140m██[38;2;129;205;168m██[38;2;120;197;157m██[38;2;127;202;162m██[38;2;128;202;162m██[38;2;116;181;146m██[38;2;0;2;0m  [38;2;0;0;0m      
[38;2;0;0;0m  [38;2;0;3;0m  [38;2;130;203;163m██[38;2;95;178;128m██[38;2;130;203;163m██[38;2;153;222;192m██[38;2;124;201;161m██[38;2;155;222;194m██[38;2;142;213;179m██[38;2;127;202;163m██[38;2;128;203;161m██[38;2;127;203;161m██[38;2;120;197;154m██[38;2;25;54;36m  [38;2;0;0;0m      
[38;2;0;0;0m  [38;2;0;3;0m  [38;2;117;186;150m██[38;2;118;192;151m██[38;2;128;204;161m██[38;2;97;154;130m██[38;2;125;201;158m██[38;2;128;203;161m██[38;2;128;203;162m██[38;2;128;203;161m██[38;2;109;173;142m██[38;2;94;150;127m██[38;2;90;165;124m██[38;2;74;149;104m██[38;2;0;1;0m  [38;2;0;0;0m    
[38;2;0;0;0m  [38;2;0;3;0m  [38;2;102;176;139m██[38;2;121;194;156m██[38;2;122;194;155m██[38;2;105;167;138m██[38;2;128;203;162m██[38;2;106;150;127m██[38;2;123;144;128m██[38;2;92;91;83m██[38;2;204;203;204m██[38;2;248;248;248m  [38;2;115;135;123m██[38;2;75;149;102m██[38;2;0;1;0m  [38;2;0;0;0m    
[38;2;0;0;0m    [38;2;33;58;46m██[38;2;90;172;125m██[38;2;90;163;125m██[38;2;93;174;126m██[38;2;60;96;76m██[38;2;232;231;231m██[38;2;220;172;178m██[38;2;135;133;112m██[38;2;255;255;255m██[38;2;77;95;86m██[38;2;97;157;123m██[38;2;74;149;104m██[38;2;0;1;0m  [38;2;0;0;0m    
[38;2;0;0;0m    [38;2;16;28;21m  [38;2;81;156;113m██[38;2;87;158;120m██[38;2;86;158;118m██[38;2;120;131;120m██[38;2;182;96;106m██[38;2;204;182;181m██[38;2;158;167;159m██[38;2;191;204;201m██[38;2;159;167;169m██[38;2;81;153;112m██[38;2;41;86;59m  [38;2;0;0;0m      
[38;2;0;0;0m      [38;2;3;9;4m  [38;2;88;168;124m██[38;2;68;77;80m██[38;2;175;202;209m██[38;2;192;174;178m██[38;2;190;194;200m██[38;2;185;207;217m██[38;2;90;115;108m██[38;2;82;137;112m██[38;2;89;174;126m██[38;2;0;3;0m  [38;2;0;0;0m      
[38;2;0;0;0m      [38;2;0;1;0m  [38;2;55;82;71m██[38;2;85;138;120m██[38;2;96;119;115m██[38;2;175;194;203m██[38;2;126;147;146m██[38;2;117;147;137m██[38;2;106;171;143m██[38;2;86;166;117m██[38;2;17;36;24m  [38;2;0;0;0m        
[38;2;0;0;0m        [38;2;20;28;23m██[38;2;52;69;60m██[38;2;120;129;134m██[38;2;189;211;222m██[38;2;127;138;144m██[38;2;86;142;123m██[38;2;39;79;54m██[38;2;0;3;0m  [38;2;0;0;0m          
[38;2;0;0;0m        [38;2;16;35;22m  [38;2;115;120;108m██[38;2;179;177;186m██[38;2;180;221;217m██[38;2;72;116;92m██[38;2;76;118;92m██[38;2;0;1;0m  [38;2;0;0;0m            
[38;2;0;0;0m      [38;2;3;9;4m  [38;2;110;148;114m██[38;2;177;84;99m██[38;2;156;96;99m██[38;2;112;154;133m██[38;2;53;77;64m  [38;2;86;166;117m██[38;2;43;84;59m██[38;2;0;0;0m            
[38;2;0;0;0m  [38;2;0;2;0m  [38;2;50;100;69m██[38;2;84;163;115m██[38;2;39;57;42m  [38;2;78;46;48m  [38;2;168;95;101m  [38;2;191;197;190m██[38;2;34;38;34m  [38;2;1;4;2m  [38;2;99;153;123m██[38;2;89;122;110m  [38;2;0;2;0m  [38;2;0;0;0m        
[38;2;21;44;29m  [38;2;82;159;112m██[38;2;55;108;75m  [38;2;0;3;0m  [38;2;8;10;8m  [38;2;234;234;234m██[38;2;181;173;174m██[38;2;255;254;255m██[38;2;138;140;138m██[38;2;0;0;0m  [38;2;0;2;0m  [38;2;159;216;197m██[38;2;172;235;214m██[38;2;15;24;18m██[38;2;4;8;6m  [38;2;0;0;0m    
[38;2;0;0;0m  [38;2;0;1;0m    [38;2;0;2;0m  [38;2;180;186;187m██[38;2;224;226;226m██[38;2;149;146;145m██[38;2;255;254;255m██[38;2;255;255;255m██[38;2;111;125;132m  [38;2;4;4;0m  [38;2;5;9;7m  [38;2;107;151;134m██[38;2;163;239;209m██[38;2;125;173;155m██[38;2;83;118;104m  [38;2;0;1;1m  
[38;2;0;0;0m      [38;2;28;31;28m  [38;2;227;234;236m██[38;2;99;108;106m██[38;2;136;139;138m██[38;2;249;249;249m██[38;2;255;255;255m██[38;2;251;251;251m██[38;2;162;168;172m██[38;2;25;29;26m██[38;2;55;65;63m██[38;2;86;105;102m██[38;2;156;212;192m██[38;2;96;136;122m██[38;2;39;57;49m  
[38;2;0;0;0m    [38;2;0;1;0m  [38;2;217;218;217m██[38;2;182;182;182m██[38;2;65;65;65m██[38;2;134;146;153m██[38;2;249;249;249m██[38;2;255;255;255m██[38;2;153;153;153m██[38;2;223;223;223m██[38;2;219;228;227m██[38;2;164;182;190m██[38;2;182;203;216m██[38;2;146;160;167m██[38;2;115;130;135m██[38;2;0;1;0m  
[38;2;0;0;0m    [38;2;82;85;82m██[38;2;255;255;255m██[38;2;73;94;87m██[38;2;67;71;71m██[38;2;189;211;225m██[38;2;69;69;70m██[38;2;255;255;255m██[38;2;250;250;250m██[38;2;184;184;184m██[38;2;255;255;255m██[38;2;173;173;173m██[38;2;130;132;134m  [38;2;172;191;200m██[38;2;189;211;225m██[38;2;50;58;59m██
[38;2;0;0;0m    [38;2;82;85;82m██[38;2;255;255;255m██[38;2;74;94;86m██[38;2;81;120;105m██[38;2;140;156;165m██[38;2;152;165;175m██[38;2;188;190;192m██[38;2;253;253;253m██[38;2;171;171;171m██[38;2;255;255;255m████[38;2;247;247;247m██[38;2;206;206;206m██[38;2;57;66;68m██[38;2;15;18;18m  
[38;2;0;0;0m    [38;2;0;1;0m  [38;2;170;171;170m  [38;2;149;166;159m██[38;2;6;12;8m  [38;2;65;73;76m  [38;2;4;4;5m  [38;2;133;136;137m██[38;2;253;254;253m██[38;2;255;255;255m██[38;2;137;137;137m██[38;2;206;207;206m██[38;2;0;3;0m    [38;2;0;0;0m    
[38;2;0;0;0m        [38;2;0;1;0m  [38;2;0;0;0m      [38;2;10;11;10m  [38;2;64;65;64m██[38;2;66;69;66m██[38;2;62;68;62m██[38;2;8;11;8m  [38;2;0;0;0m        [0m
