
[38;2;0;0;0m    [38;2;10;9;15m██[38;2;5;5;8m  [38;2;0;0;0m                                  
[38;2;0;0;0m    [38;2;40;35;58m██[38;2;107;94;154m██[38;2;0;0;0m                                  
[38;2;0;0;0m      [38;2;109;95;157m██[38;2;98;86;142m██[38;2;33;28;44m██[38;2;0;0;0m          [38;2;38;34;56m██[38;2;0;0;0m              [38;2;8;7;12m  [38;2;10;9;15m██
[38;2;0;0;0m      [38;2;109;95;157m██[38;2;131;114;189m██[38;2;127;111;181m██[38;2;64;56;92m  [38;2;0;0;0m      [38;2;54;47;78m  [38;2;127;112;184m██[38;2;0;0;0m            [38;2;88;84;126m  [38;2;113;99;163m██[38;2;34;30;49m██
[38;2;0;0;0m        [38;2;131;115;189m████[38;2;127;111;181m██[38;2;42;36;57m██[38;2;88;80;127m██[38;2;39;33;51m██[38;2;139;129;194m██[38;2;128;113;185m██[38;2;41;36;57m██[38;2;121;106;175m██[38;2;0;0;0m  [38;2;5;4;7m  [38;2;51;47;73m██[38;2;142;130;204m██[38;2;138;125;199m██[38;2;102;90;148m██[38;2;0;0;0m  
[38;2;0;0;0m        [38;2;131;115;189m████[38;2;138;125;197m██[38;2;149;140;211m██[38;2;154;146;220m██[38;2;149;140;211m██[38;2;156;147;222m██[38;2;130;114;188m██[38;2;129;113;186m██[38;2;121;106;175m██[38;2;0;0;0m  [38;2;137;130;195m██[38;2;154;146;220m██[38;2;152;143;217m██[38;2;132;116;190m██[38;2;13;11;19m  [38;2;0;0;0m  
[38;2;0;0;0m        [38;2;50;45;72m██[38;2;154;145;219m██[38;2;156;147;222m██████████[38;2;155;147;221m██[38;2;131;115;189m██[38;2;117;101;161m  [38;2;149;139;213m██[38;2;156;147;222m██[38;2;149;139;213m██[38;2;131;115;189m██[38;2;85;73;116m██[38;2;0;0;0m    
[38;2;0;0;0m        [38;2;55;52;79m██[38;2;156;147;222m████████████[38;2;133;118;192m██[38;2;141;128;202m██[38;2;131;115;189m██[38;2;146;135;209m██[38;2;153;144;218m██[38;2;131;116;190m██[38;2;127;111;181m██[38;2;33;28;44m██[38;2;0;0;0m    
[38;2;0;0;0m      [38;2;47;41;68m  [38;2;156;147;222m  ██████████[38;2;148;138;212m██[38;2;145;133;207m██[38;2;143;131;205m██[38;2;131;115;189m████████[38;2;107;93;149m██[38;2;14;12;18m  [38;2;0;0;0m    
[38;2;0;0;0m    [38;2;19;19;19m  [38;2;80;86;101m██[38;2;156;147;222m██[38;2;156;148;222m██[38;2;156;147;222m██[38;2;155;148;222m██[38;2;156;147;222m██[38;2;156;148;222m██[38;2;144;132;206m██[38;2;131;115;189m██████[38;2;131;114;189m██[38;2;131;115;189m██[38;2;131;114;189m██[38;2;105;89;138m██[38;2;102;87;134m██[38;2;0;0;0m    
[38;2;0;0;0m  [38;2;39;33;52m  [38;2;89;81;110m██[38;2;228;140;159m██[38;2;99;91;142m██[38;2;156;147;222m██████[38;2;144;132;206m██[38;2;131;115;189m██[38;2;107;103;149m██[38;2;163;106;123m██[38;2;131;114;189m██[38;2;131;115;189m████[38;2;131;114;189m██[38;2;114;98;156m██[38;2;97;82;127m██[38;2;17;14;22m  [38;2;0;0;0m    
[38;2;0;0;0m  [38;2;83;70;109m██[38;2;85;80;103m██[38;2;234;169;195m██[38;2;46;41;67m██[38;2;153;144;218m██[38;2;156;147;222m██[38;2;132;117;191m██[38;2;131;115;189m██[38;2;83;90;107m██[38;2;255;123;139m██[38;2;252;178;196m██[38;2;131;115;189m████████[38;2;88;82;109m██[38;2;105;89;139m██[38;2;32;27;43m██[38;2;0;0;0m    
[38;2;27;23;36m██[38;2;105;89;139m██[38;2;77;76;89m██[38;2;126;112;181m██[38;2;160;113;159m██[38;2;128;113;184m██[38;2;131;115;189m██[38;2;107;102;148m██[38;2;94;58;67m██[38;2;248;149;165m██[38;2;255;179;196m██[38;2;158;126;192m██[38;2;131;115;189m██[38;2;107;102;148m  [38;2;131;115;189m████[38;2;131;114;189m██[38;2;96;88;124m██[38;2;99;85;127m██[38;2;39;33;52m  [38;2;0;0;0m  
[38;2;0;0;0m    [38;2;76;71;86m██[38;2;87;90;113m██[38;2;128;113;185m██[38;2;130;114;188m██[38;2;131;115;189m████[38;2;156;125;192m██[38;2;248;176;196m██[38;2;190;146;192m██[38;2;128;113;185m██[38;2;103;100;142m██[38;2;108;92;144m██[38;2;131;115;189m████[38;2;131;114;189m██[38;2;120;107;169m██[38;2;21;20;21m██[38;2;0;0;0m    
[38;2;0;0;0m    [38;2;17;15;25m  [38;2;97;83;129m██[38;2;166;168;180m██[38;2;107;105;144m██[38;2;103;100;142m██████████[38;2;179;183;190m██[38;2;139;132;162m██[38;2;131;115;189m██[38;2;108;98;147m██[38;2;131;115;188m██[38;2;131;115;189m████[38;2;40;35;58m██[38;2;0;0;0m    
[38;2;0;0;0m      [38;2;99;87;143m  [38;2;134;120;163m██[38;2;246;245;248m██[38;2;215;210;225m██[38;2;255;255;255m██[38;2;218;213;227m██[38;2;255;255;255m██[38;2;222;217;230m██[38;2;238;237;242m██[38;2;120;104;168m██[38;2;131;115;189m██[38;2;95;87;121m██[38;2;125;111;179m██[38;2;131;115;189m██[38;2;125;109;177m██[38;2;116;101;163m██[38;2;0;0;0m    
[38;2;0;0;0m        [38;2;76;66;108m██[38;2;159;148;182m██[38;2;185;177;201m██[38;2;255;255;255m██[38;2;218;213;227m██[38;2;255;255;255m██[38;2;151;139;174m██[38;2;121;105;169m██[38;2;131;115;189m██[38;2;131;115;188m██[38;2;131;115;189m██[38;2;103;94;137m██[38;2;90;84;113m██[38;2;109;95;153m██[38;2;15;13;22m  [38;2;0;0;0m    
[38;2;0;0;0m        [38;2;30;32;39m██[38;2;119;109;170m██[38;2;122;106;171m██[38;2;109;93;145m██████[38;2;131;115;189m████████[38;2;129;113;185m██[38;2;105;89;139m████[38;2;71;69;77m██[38;2;42;35;55m██[38;2;0;0;0m    
[38;2;0;0;0m        [38;2;13;11;17m  [38;2;90;83;118m██[38;2;99;98;134m██[38;2;128;113;185m██[38;2;131;114;189m██[38;2;131;115;189m██████[38;2;131;114;189m██[38;2;129;113;186m██[38;2;109;93;146m██[38;2;106;90;139m██[38;2;105;89;139m██[38;2;71;69;77m██[38;2;105;89;139m██[38;2;54;46;71m  [38;2;0;0;0m  
[38;2;0;0;0m          [38;2;77;65;101m  [38;2;105;89;139m██[38;2;87;89;113m██[38;2;29;29;29m  [38;2;105;92;152m  [38;2;108;94;156m██[38;2;108;94;155m██[38;2;105;89;139m████████[38;2;79;73;91m██[38;2;87;74;114m██[38;2;27;23;35m  [38;2;0;0;0m    
[38;2;0;0;0m            [38;2;32;27;42m████[38;2;0;0;0m      [38;2;2;2;3m██[38;2;105;89;139m████████[38;2;50;44;62m██[38;2;0;0;0m        
[38;2;0;0;0m                        [38;2;56;49;80m██[38;2;84;72;111m  [38;2;111;95;149m██[38;2;73;62;95m  [38;2;0;0;0m          
[38;2;0;0;0m                          [38;2;2;2;3m  [38;2;34;29;49m██[38;2;0;0;0m            [0m
