
[38;2;0;0;0m                    [38;2;29;18;17m  [38;2;1;0;0m  [38;2;0;0;0m                          
[38;2;0;0;0m                    [38;2;220;140;128m██[38;2;5;3;2m██[38;2;0;0;0m                          
[38;2;0;0;0m                  [38;2;59;38;34m  [38;2;220;120;98m██[38;2;253;96;56m██[38;2;0;0;0m                          
[38;2;0;0;0m                  [38;2;239;152;139m██[38;2;223;91;61m██[38;2;254;96;59m██[38;2;0;0;0m      [38;2;187;71;42m██[38;2;53;21;13m  [38;2;0;0;0m                
[38;2;0;0;0m                [38;2;26;10;5m  [38;2;185;66;39m██[38;2;239;98;66m██[38;2;255;97;60m██[38;2;0;0;0m      [38;2;253;97;59m██[38;2;99;39;25m██[38;2;0;0;0m                
[38;2;0;0;0m                [38;2;107;40;23m██[38;2;185;72;41m██[38;2;255;97;58m██[38;2;255;97;60m██[38;2;0;0;0m      [38;2;190;75;48m██[38;2;76;30;17m██[38;2;0;0;0m                
[38;2;0;0;0m                [38;2;76;30;17m██[38;2;250;95;58m██[38;2;255;97;60m████[38;2;8;8;8m  [38;2;0;0;0m  [38;2;97;38;23m██[38;2;181;72;42m██[38;2;102;41;23m██[38;2;0;0;0m                
[38;2;0;0;0m                [38;2;186;72;41m██[38;2;250;95;56m██[38;2;252;99;66m██[38;2;109;79;76m██[38;2;86;86;113m██[38;2;2;7;7m  [38;2;100;67;65m██[38;2;184;78;50m██[38;2;181;72;42m██[38;2;0;0;0m                
[38;2;0;0;0m            [38;2;117;51;33m██[38;2;72;70;65m██[38;2;230;94;58m██[38;2;185;72;41m██[38;2;164;85;66m██[38;2;106;81;91m██[38;2;99;101;140m██[38;2;121;86;102m██[38;2;166;73;53m██[38;2;72;65;64m██[38;2;180;72;43m██[38;2;0;0;0m                
[38;2;0;0;0m            [38;2;133;69;56m██[38;2;199;168;81m██[38;2;156;85;63m██[38;2;185;72;41m██[38;2;168;82;61m██[38;2;73;82;139m██[38;2;76;80;135m██[38;2;65;73;124m██[38;2;168;82;61m██[38;2;72;65;64m██[38;2;181;72;42m██[38;2;0;0;0m                
[38;2;0;0;0m          [38;2;155;61;36m██[38;2;133;69;57m██[38;2;199;168;81m██[38;2;161;112;65m██[38;2;207;91;59m██[38;2;110;71;74m██[38;2;61;70;106m██[38;2;186;139;91m██[38;2;69;65;65m██[38;2;255;97;58m██[38;2;243;95;60m██[38;2;132;69;53m██[38;2;80;49;44m██[38;2;16;12;13m  [38;2;0;0;0m            
[38;2;0;0;0m          [38;2;38;15;9m  [38;2;169;72;46m██[38;2;86;75;68m██[38;2;113;97;86m██[38;2;210;102;65m██[38;2;132;117;74m██[38;2;193;157;50m██[38;2;180;151;97m██[38;2;69;65;65m██[38;2;249;90;51m██[38;2;195;82;55m██[38;2;135;73;59m██[38;2;81;62;59m██[38;2;67;28;18m██[38;2;0;0;0m            
[38;2;0;0;0m    [38;2;13;5;2m  [38;2;60;23;13m██[38;2;0;0;0m    [38;2;142;58;34m██[38;2;106;74;63m██[38;2;155;96;74m██[38;2;198;103;67m██[38;2;88;78;94m██[38;2;118;87;125m██[38;2;73;82;133m██[38;2;77;75;84m██[38;2;170;76;51m██[38;2;73;64;68m██[38;2;75;77;92m██[38;2;181;73;44m██[38;2;81;35;23m██[38;2;0;3;5m  [38;2;0;0;0m          
[38;2;0;0;0m    [38;2;70;27;15m██[38;2;206;79;45m██[38;2;126;48;28m  [38;2;0;0;0m  [38;2;6;7;7m  [38;2;187;100;61m██[38;2;93;77;65m██[38;2;99;74;65m██[38;2;145;90;65m██[38;2;251;96;57m██[38;2;141;84;77m██[38;2;103;104;141m██[38;2;89;84;110m██[38;2;67;77;117m██[38;2;83;88;132m██[38;2;103;67;58m██[38;2;121;59;45m██[38;2;109;58;49m  [38;2;0;0;0m  [38;2;24;9;5m  [38;2;40;16;9m  [38;2;0;0;0m    
[38;2;0;0;0m    [38;2;57;21;12m  [38;2;191;72;42m██[38;2;238;94;62m██[38;2;52;35;40m██[38;2;0;0;0m  [38;2;57;21;12m  [38;2;104;80;81m██[38;2;68;65;66m██[38;2;127;85;74m██[38;2;75;74;85m██[38;2;136;86;81m██[38;2;104;105;140m██[38;2;88;92;132m██[38;2;93;96;135m██[38;2;93;96;141m██[38;2;70;65;65m██[38;2;189;83;56m██[38;2;180;75;47m██[38;2;33;32;33m██[38;2;180;72;43m██[38;2;54;21;12m██[38;2;0;0;0m    
[38;2;0;0;0m      [38;2;209;79;46m██[38;2;106;85;116m██[38;2;78;83;130m██[38;2;51;51;74m██[38;2;190;116;96m██[38;2;201;88;60m██[38;2;207;86;59m██[38;2;83;81;97m██[38;2;104;105;142m██[38;2;100;98;124m██[38;2;101;103;143m██[38;2;89;93;133m██[38;2;70;77;120m██[38;2;73;76;100m██[38;2;212;89;59m██[38;2;243;92;54m██[38;2;228;93;64m██[38;2;65;71;111m██[38;2;120;61;58m██[38;2;51;25;20m██[38;2;0;0;0m    
[38;2;0;0;0m  [38;2;49;18;11m  [38;2;0;0;0m    [38;2;100;102;137m██[38;2;69;75;114m██[38;2;136;113;104m██[38;2;103;87;81m██[38;2;184;83;54m██[38;2;195;87;57m██[38;2;158;77;58m██[38;2;95;97;135m██[38;2;81;86;131m██[38;2;75;76;97m██[38;2;80;80;85m██[38;2;71;79;124m██[38;2;83;85;114m██[38;2;206;87;57m██[38;2;233;89;52m██[38;2;67;69;82m██[38;2;65;73;120m██[38;2;68;52;73m██[38;2;4;9;18m  [38;2;0;0;0m    
[38;2;0;0;0m  [38;2;198;75;44m██[38;2;89;33;19m  [38;2;65;64;86m  [38;2;91;94;133m██[38;2;65;66;73m██[38;2;106;104;99m██[38;2;99;103;137m██[38;2;124;81;65m██[38;2;207;105;63m██[38;2;141;89;89m██[38;2;73;83;140m██[38;2;76;85;141m██[38;2;67;66;67m██[38;2;182;180;174m██[38;2;159;156;152m██[38;2;88;88;110m██[38;2;84;68;65m██[38;2;170;89;83m██[38;2;72;78;108m██[38;2;65;70;105m██[38;2;65;68;89m██[38;2;54;61;104m██[38;2;29;12;6m  [38;2;35;14;7m  
[38;2;16;6;3m  [38;2;212;80;49m██[38;2;209;90;65m██[38;2;80;77;87m██[38;2;97;73;77m██[38;2;65;73;119m██[38;2;59;64;96m██[38;2;4;4;4m  [38;2;52;57;85m██[38;2;163;92;71m██[38;2;67;69;104m██[38;2;74;83;138m██[38;2;66;75;124m██[38;2;54;62;108m  [38;2;76;75;80m  [38;2;80;79;85m██[38;2;104;105;140m██[38;2;100;101;137m██[38;2;71;78;123m██[38;2;76;85;136m██[38;2;97;76;84m██[38;2;220;91;58m██[38;2;77;68;87m██[38;2;163;72;50m██[38;2;47;18;10m██
[38;2;66;25;14m██[38;2;255;97;57m██[38;2;230;88;53m██[38;2;151;70;53m██[38;2;190;86;61m██[38;2;65;71;118m██[38;2;40;44;78m██[38;2;0;0;0m    [38;2;15;15;20m  [38;2;16;17;26m██[38;2;16;18;30m██[38;2;9;10;17m  [38;2;0;0;0m    [38;2;111;109;138m██[38;2;104;105;140m██[38;2;88;82;121m██[38;2;173;78;58m██[38;2;80;70;80m██[38;2;220;88;55m██[38;2;220;91;58m██[38;2;146;72;52m██[38;2;133;62;48m██[38;2;11;4;2m██
[38;2;0;0;0m      [38;2;156;62;40m  [38;2;191;72;42m██[38;2;26;10;5m  [38;2;0;0;0m                  [38;2;4;4;6m  [38;2;78;78;105m██[38;2;127;80;101m██[38;2;220;85;50m██[38;2;143;57;34m██[38;2;233;88;52m██[38;2;255;97;57m██[38;2;123;52;33m██[38;2;0;7;9m  [38;2;0;0;0m  
[38;2;0;0;0m                                  [38;2;63;24;14m████[38;2;0;0;0m  [38;2;42;16;9m  [38;2;63;24;14m██[38;2;19;7;4m  [38;2;0;0;0m    [0m
