
[38;2;0;0;0m            [38;2;12;14;16m    [38;2;0;0;0m                            
[38;2;0;0;0m            [38;2;44;53;59m████[38;2;0;0;0m                            
[38;2;0;0;0m          [38;2;0;4;6m  [38;2;161;193;211m██[38;2;44;53;59m██[38;2;0;0;0m                            
[38;2;0;0;0m          [38;2;149;172;173m  [38;2;128;154;163m██[38;2;44;53;59m██[38;2;0;0;0m                            
[38;2;0;0;0m        [38;2;7;17;18m  [38;2;198;208;210m██[38;2;48;120;129m██[38;2;0;0;0m                              
[38;2;0;0;0m        [38;2;62;63;63m██[38;2;144;173;184m██[38;2;115;165;183m██[38;2;0;0;0m    [38;2;0;5;5m  [38;2;152;218;238m██[38;2;44;52;58m██[38;2;0;0;0m                    
[38;2;0;0;0m    [38;2;78;91;99m██[38;2;7;9;9m  [38;2;89;88;89m██[38;2;109;111;112m██[38;2;120;140;153m██[38;2;100;117;129m██[38;2;102;132;139m██[38;2;164;201;210m██[38;2;35;54;60m  [38;2;0;0;0m                      
[38;2;0;0;0m    [38;2;106;124;136m██[38;2;96;111;120m██[38;2;251;252;252m██[38;2;110;108;105m██[38;2;122;135;144m██[38;2;93;101;108m██[38;2;118;187;196m██[38;2;64;67;69m██[38;2;0;0;0m                        
[38;2;0;0;0m    [38;2;42;48;49m██[38;2;170;193;195m██[38;2;156;185;187m██[38;2;141;166;177m██[38;2;154;179;195m██[38;2;145;169;186m██[38;2;132;158;163m██[38;2;94;148;159m██[38;2;66;103;113m██[38;2;27;32;35m██[38;2;0;0;0m                    
[38;2;0;0;0m    [38;2;214;228;231m██[38;2;134;191;209m██[38;2;159;173;187m██[38;2;93;97;98m██[38;2;100;110;115m██[38;2;175;208;231m██[38;2;105;104;105m██[38;2;235;242;242m██[38;2;170;177;178m██[38;2;3;3;3m  [38;2;0;0;0m                    
[38;2;0;0;0m  [38;2;131;131;131m  [38;2;131;191;201m██[38;2;144;185;203m██[38;2;95;100;99m██[38;2;133;141;144m██[38;2;140;161;174m██[38;2;155;181;198m██[38;2;144;167;183m██[38;2;102;130;140m██[38;2;151;169;176m██[38;2;38;44;48m██[38;2;0;0;0m                    
[38;2;63;63;63m██[38;2;229;235;236m██[38;2;182;209;212m██[38;2;157;203;225m██[38;2;155;179;195m██[38;2;173;204;226m██[38;2;116;129;134m██[38;2;153;179;198m██[38;2;88;87;88m██[38;2;165;170;171m██[38;2;63;79;83m  [38;2;0;0;0m          [38;2;14;15;15m  [38;2;52;56;58m██[38;2;1;1;1m  [38;2;0;0;0m      
[38;2;14;14;14m  [38;2;132;163;177m██[38;2;149;184;201m██[38;2;124;137;143m██[38;2;113;120;130m██[38;2;84;87;91m██[38;2;108;111;114m██[38;2;186;185;186m██[38;2;209;209;209m██[38;2;53;53;53m██[38;2;0;0;0m          [38;2;132;139;147m  [38;2;163;174;180m██[38;2;115;123;127m██[38;2;134;143;148m  [38;2;0;0;0m      
[38;2;0;0;0m    [38;2;86;88;86m██[38;2;152;152;152m██[38;2;0;0;0m  [38;2;114;114;114m  [38;2;222;222;221m██[38;2;222;223;219m██[38;2;224;226;219m██[38;2;249;249;248m██[38;2;79;79;79m████[38;2;123;123;123m██[38;2;255;255;255m████[38;2;157;156;157m██[38;2;48;50;48m  [38;2;71;80;84m  [38;2;70;80;84m██[38;2;124;143;156m██[38;2;0;0;0m    
[38;2;0;0;0m            [38;2;222;222;221m██[38;2;222;223;219m██[38;2;201;202;197m██[38;2;230;230;228m██[38;2;255;255;255m████[38;2;230;230;227m████[38;2;255;255;255m████[38;2;0;0;0m    [38;2;6;7;7m  [38;2;129;153;166m██[38;2;0;0;0m    
[38;2;0;0;0m            [38;2;129;129;128m██[38;2;235;235;233m██[38;2;202;203;198m██[38;2;255;255;255m██████[38;2;237;237;235m████[38;2;255;255;255m████[38;2;191;191;191m██[38;2;0;0;0m  [38;2;19;23;25m  [38;2;118;140;154m██[38;2;128;148;163m██[38;2;27;32;35m  
[38;2;0;0;0m            [38;2;242;242;242m██[38;2;255;255;255m████████[38;2;231;233;228m██[38;2;224;225;219m██[38;2;165;166;156m██[38;2;255;255;255m████[38;2;191;191;191m██[38;2;0;0;0m    [38;2;104;120;135m██[38;2;3;3;3m  [38;2;0;0;0m  
[38;2;0;0;0m          [38;2;120;120;120m██[38;2;222;222;219m██[38;2;119;118;116m██[38;2;255;255;255m██[38;2;255;251;255m██[38;2;61;61;60m██[38;2;142;142;136m██[38;2;140;139;140m██[38;2;113;110;108m██[38;2;232;243;245m████[38;2;0;0;0m            
[38;2;0;0;0m        [38;2;1;1;1m  [38;2;107;121;132m██[38;2;88;90;91m██[38;2;156;161;164m██[38;2;123;124;126m██[38;2;60;62;62m██[38;2;0;0;0m    [38;2;157;170;177m██[38;2;212;223;225m██[38;2;82;104;110m██[38;2;111;166;180m██[38;2;166;166;166m██[38;2;0;0;0m          
[38;2;0;0;0m    [38;2;27;31;31m  [38;2;27;33;34m  [38;2;137;140;142m██[38;2;156;166;174m██[38;2;97;108;114m██[38;2;204;220;221m██[38;2;147;163;174m██[38;2;8;8;8m  [38;2;0;0;0m    [38;2;35;40;45m██[38;2;170;179;183m██[38;2;93;113;115m██[38;2;121;170;185m██[38;2;131;171;176m██[38;2;31;31;31m  [38;2;0;0;0m        
[38;2;0;0;0m    [38;2;49;56;55m██[38;2;144;170;169m██[38;2;195;201;207m██[38;2;83;88;93m██[38;2;226;240;241m██[38;2;87;125;129m██[38;2;171;210;232m██[38;2;45;53;59m██[38;2;0;0;0m    [38;2;139;161;179m██[38;2;84;89;95m██[38;2;205;233;235m██[38;2;147;199;218m██[38;2;72;161;172m██[38;2;122;161;178m██[38;2;0;0;0m        
[38;2;0;0;0m    [38;2;55;55;53m██[38;2;139;181;189m██[38;2;129;145;157m██[38;2;163;165;166m██[38;2;208;231;235m██[38;2;75;144;153m██[38;2;163;209;217m██[38;2;94;123;135m██[38;2;0;0;0m    [38;2;49;57;63m██[38;2;34;36;37m██[38;2;129;130;129m██[38;2;112;184;192m██[38;2;116;135;150m██[38;2;49;57;63m██[38;2;0;0;0m        
[38;2;0;0;0m          [38;2;155;155;155m  [38;2;177;197;202m██[38;2;169;208;223m██[38;2;209;218;219m██[38;2;109;125;137m██[38;2;0;0;0m                        
[38;2;0;0;0m            [38;2;12;14;15m  [38;2;62;64;67m██[38;2;49;52;52m  [38;2;0;0;1m  [38;2;0;0;0m                        [0m
