
[38;2;0;0;0m            [38;2;15;18;20m  [38;2;0;0;0m          [38;2;25;29;34m██[38;2;0;0;0m                    
[38;2;0;0;0m        [38;2;26;31;35m  [38;2;48;67;91m██[38;2;61;71;83m██[38;2;3;5;7m  [38;2;0;0;0m      [38;2;76;89;102m██[38;2;97;114;131m██[38;2;73;85;97m  [38;2;0;0;0m                  
[38;2;0;0;0m      [38;2;24;28;32m  [38;2;136;130;109m██[38;2;206;167;84m██[38;2;60;74;92m██[38;2;23;23;24m██[38;2;0;0;0m    [38;2;14;16;18m  [38;2;97;115;131m██████[38;2;59;69;79m██[38;2;0;0;0m                
[38;2;0;0;0m      [38;2;53;72;97m██[38;2;68;77;86m██[38;2;96;88;72m██[38;2;60;74;93m██[38;2;58;77;103m██[38;2;30;30;30m  [38;2;0;0;0m  [38;2;71;90;111m██[38;2;97;115;131m██[38;2;97;114;131m██[38;2;97;115;131m████[38;2;0;0;0m                
[38;2;0;0;0m    [38;2;17;24;35m██[38;2;63;67;73m██[38;2;60;74;92m██[38;2;207;163;79m██[38;2;148;131;89m██[38;2;64;65;67m██[38;2;76;81;87m██[38;2;65;65;65m██[38;2;56;81;115m██[38;2;84;103;125m██[38;2;91;109;128m██[38;2;97;115;131m████[38;2;78;96;116m██[38;2;45;44;39m██[38;2;0;0;0m            
[38;2;0;0;0m    [38;2;17;24;35m██[38;2;57;80;109m██[38;2;64;65;67m██[38;2;72;89;106m██[38;2;81;75;65m██[38;2;90;104;116m██[38;2;97;115;131m██[38;2;66;67;67m██[38;2;56;81;115m████[38;2;59;84;116m██[38;2;97;115;131m████[38;2;63;68;75m██[38;2;72;79;88m██[38;2;134;128;110m  [38;2;0;0;0m          
[38;2;0;0;0m    [38;2;17;24;35m██[38;2;56;81;115m██[38;2;61;72;88m██[38;2;61;71;85m██[38;2;71;79;88m██[38;2;96;113;130m██[38;2;91;109;128m██[38;2;62;72;85m██[38;2;58;78;105m██[38;2;56;81;115m████[38;2;58;82;114m  [38;2;72;82;93m██[38;2;60;75;94m██[38;2;63;67;72m██[38;2;134;119;94m██[38;2;88;80;66m██[38;2;0;0;0m        
[38;2;0;0;0m    [38;2;1;2;3m  [38;2;48;69;97m██[38;2;59;76;97m██[38;2;64;66;69m██[38;2;57;80;111m██[38;2;60;85;116m██[38;2;59;83;115m██[38;2;56;81;115m██[38;2;61;73;88m██[38;2;56;81;115m████[38;2;57;81;114m██[38;2;61;72;87m██[38;2;58;79;106m██[38;2;60;74;94m██[38;2;71;69;67m██[38;2;110;99;82m██[38;2;0;0;0m        
[38;2;0;0;0m      [38;2;76;71;62m██[38;2;59;77;101m██[38;2;61;73;89m██[38;2;59;77;102m██[38;2;56;81;115m████[38;2;60;75;94m██[38;2;62;69;78m██[38;2;56;81;115m██████[38;2;59;76;98m██[38;2;64;65;67m██[38;2;80;81;82m██[38;2;128;113;90m██[38;2;112;108;98m██[38;2;28;31;36m  [38;2;0;0;0m      
[38;2;0;0;0m    [38;2;37;32;25m  [38;2;129;113;89m██[38;2;64;65;66m██[38;2;64;66;68m██[38;2;130;126;113m██[38;2;64;66;68m████[38;2;80;87;101m██[38;2;97;89;77m██[38;2;56;81;115m████████[38;2;65;65;65m██[38;2;105;95;80m██[38;2;96;101;110m██[38;2;163;155;116m██[38;2;143;138;120m██[38;2;0;0;0m      
[38;2;0;0;0m    [38;2;21;18;14m  [38;2;72;73;77m██[38;2;108;97;81m██[38;2;165;158;137m██[38;2;179;172;147m████████[38;2;105;101;98m██[38;2;65;65;65m██[38;2;60;74;91m██[38;2;62;74;91m██[38;2;95;88;76m██  [38;2;119;105;85m██[38;2;106;104;99m██[38;2;152;147;116m██[38;2;150;143;107m██[38;2;21;20;13m  [38;2;0;0;0m    
[38;2;0;0;0m    [38;2;53;51;44m  [38;2;177;170;146m██[38;2;63;71;82m██[38;2;65;69;72m██[38;2;179;172;147m██[38;2;179;172;148m██[38;2;179;172;147m██[38;2;88;95;108m██[38;2;96;89;77m██[38;2;65;65;65m██[38;2;129;114;89m████[38;2;103;101;98m██[38;2;91;97;109m██[38;2;120;121;121m██[38;2;66;65;65m██[38;2;139;134;118m██[38;2;160;152;107m██[38;2;54;52;44m██[38;2;0;0;0m    
[38;2;27;27;27m  [38;2;189;189;189m██[38;2;151;114;107m██[38;2;84;83;79m██[38;2;56;82;115m██[38;2;60;74;93m██[38;2;135;118;110m████[38;2;122;118;106m██[38;2;63;75;90m██[38;2;60;73;91m██[38;2;131;115;89m██[38;2;118;108;94m██[38;2;131;131;126m██[38;2;158;154;138m██[38;2;179;172;147m████[38;2;179;171;147m██[38;2;142;137;120m██[38;2;101;97;87m██[38;2;0;0;0m      
[38;2;0;0;0m  [38;2;106;69;69m  [38;2;133;110;93m██[38;2;64;65;65m██[38;2;59;76;97m██[38;2;186;158;144m██[38;2;205;172;156m██[38;2;202;170;154m██[38;2;61;72;87m██[38;2;56;81;115m██[38;2;57;81;114m██[38;2;66;65;65m██[38;2;105;102;98m██[38;2;179;172;147m████[38;2;179;172;148m██████[38;2;178;170;146m██[38;2;146;140;120m██[38;2;0;0;0m      
[38;2;0;0;0m    [38;2;72;61;53m██[38;2;58;79;106m██[38;2;88;90;97m██[38;2;196;165;150m██[38;2;175;149;136m██[38;2;66;77;93m██[38;2;58;78;103m██[38;2;61;72;88m██[38;2;118;100;87m██[38;2;95;88;76m██[38;2;133;132;127m██[38;2;179;172;147m████[38;2;179;172;148m██[38;2;179;172;147m██[38;2;171;164;142m██[38;2;132;119;110m██[38;2;135;117;108m██[38;2;33;28;25m  [38;2;0;0;0m    
[38;2;0;0;0m  [38;2;2;3;5m██[38;2;140;140;140m██[38;2;47;68;95m██[38;2;113;102;96m██[38;2;205;172;156m██[38;2;144;126;118m██[38;2;57;80;110m██[38;2;154;148;147m██[38;2;144;97;97m██[38;2;163;131;105m██[38;2;65;65;65m██[38;2;103;100;97m██[38;2;179;171;147m██[38;2;166;158;120m██[38;2;176;168;141m██[38;2;170;162;127m██[38;2;160;153;133m██[38;2;159;137;126m██[38;2;204;171;155m██[38;2;179;147;126m██[38;2;11;11;11m  [38;2;0;0;0m  
[38;2;0;0;0m  [38;2;44;64;89m██[38;2;42;52;66m██[38;2;62;70;82m██[38;2;166;142;131m██[38;2;205;172;156m██[38;2;61;71;84m██[38;2;26;38;54m██[38;2;255;166;147m██[38;2;157;119;106m██[38;2;136;112;94m██[38;2;60;74;94m██[38;2;88;85;81m██[38;2;125;126;123m██[38;2;167;159;122m██[38;2;104;100;80m██[38;2;107;103;87m██[38;2;80;75;73m██[38;2;181;148;126m██[38;2;187;157;138m██[38;2;243;239;235m██[38;2;199;199;199m██[38;2;0;0;0m  
[38;2;0;0;0m    [38;2;53;76;106m██[38;2;63;67;73m██[38;2;205;172;156m████[38;2;121;102;86m██[38;2;221;92;65m██[38;2;161;162;163m██[38;2;64;66;70m██[38;2;61;73;89m██[38;2;74;71;69m██[38;2;80;73;57m██[38;2;71;70;67m████[38;2;127;111;86m██[38;2;124;109;87m██[38;2;99;96;95m██[38;2;248;248;248m██[38;2;0;0;0m  [38;2;159;159;159m  [38;2;229;229;229m██[38;2;59;59;59m  
[38;2;0;0;0m    [38;2;17;24;35m██[38;2;63;67;73m██[38;2;169;130;118m██[38;2;166;124;116m██[38;2;70;73;73m  [38;2;60;75;96m██[38;2;58;78;104m██[38;2;56;81;114m██[38;2;92;87;87m██[38;2;102;90;80m██[38;2;102;89;65m██[38;2;110;94;64m████[38;2;83;76;64m██[38;2;151;131;121m██[38;2;198;166;151m██[38;2;115;108;105m██[38;2;0;0;0m        
[38;2;0;0;0m    [38;2;2;2;2m  [38;2;49;67;90m██[38;2;106;97;94m██[38;2;79;79;82m██[38;2;57;82;115m██[38;2;58;79;108m██[38;2;78;74;70m████[38;2;108;95;86m██[38;2;63;67;72m██[38;2;106;93;68m██[38;2;84;70;42m██[38;2;85;76;62m██[38;2;205;172;156m██[38;2;205;171;156m██[38;2;205;172;156m██[38;2;178;145;123m██[38;2;0;0;0m        
[38;2;0;0;0m    [38;2;19;19;19m██[38;2;65;65;65m██[38;2;64;67;70m██[38;2;62;70;81m████[38;2;124;105;91m██[38;2;135;112;94m██[38;2;98;87;78m██[38;2;58;78;106m██[38;2;56;81;115m██[38;2;40;47;58m██[38;2;0;0;0m  [38;2;102;83;69m██[38;2;165;122;116m██[38;2;205;172;156m██[38;2;199;164;150m██[38;2;163;126;108m██[38;2;0;0;0m        
[38;2;0;0;0m        [38;2;57;57;57m██[38;2;65;65;65m██[38;2;57;59;61m██[38;2;63;68;73m██[38;2;56;67;82m██[38;2;2;2;4m  [38;2;46;67;94m██[38;2;56;81;115m██[38;2;0;0;0m      [38;2;162;128;104m██[38;2;155;117;100m██[38;2;146;101;94m██[38;2;57;45;36m██[38;2;0;0;0m        
[38;2;0;0;0m        [38;2;6;6;6m  [38;2;19;19;19m██[38;2;6;9;13m  [38;2;53;77;108m██[38;2;9;13;19m  [38;2;0;0;0m    [38;2;17;24;34m██[38;2;0;0;0m      [38;2;148;104;95m██[38;2;153;113;99m██[38;2;146;102;94m██[38;2;125;95;81m██[38;2;0;0;0m        
[38;2;0;0;0m                              [38;2;181;181;181m  [38;2;121;121;121m  [38;2;254;254;254m  [38;2;159;134;134m██[38;2;0;0;0m        
[38;2;0;0;0m                                  [38;2;66;66;66m██[38;2;23;23;23m  [38;2;0;0;0m        [0m
