
[38;2;0;0;0m        [38;2;3;15;10m  [38;2;0;0;0m                              
[38;2;0;0;0m        [38;2;17;62;43m██[38;2;0;0;0m                  [38;2;54;136;89m  [38;2;0;0;0m          
[38;2;0;0;0m        [38;2;53;122;89m██[38;2;5;27;19m  [38;2;0;0;0m  [38;2;3;3;4m  [38;2;27;25;38m████[38;2;6;5;8m  [38;2;0;0;0m      [38;2;72;181;119m██[38;2;8;22;14m  [38;2;0;0;0m        
[38;2;0;0;0m        [38;2;109;92;83m██[38;2;65;96;80m██[38;2;82;76;115m██[38;2;85;79;120m██[38;2;109;102;153m████[38;2;88;82;124m██[38;2;82;76;115m██[38;2;10;9;14m  [38;2;23;59;39m  [38;2;73;184;122m██[38;2;35;88;58m██[38;2;0;0;0m        
[38;2;0;0;0m      [38;2;7;0;0m  [38;2;64;93;85m██[38;2;109;102;153m██[38;2;109;102;154m██████████[38;2;106;96;152m██[38;2;85;112;116m██[38;2;75;130;107m██[38;2;186;59;75m██[38;2;35;88;58m██[38;2;0;0;0m        
[38;2;0;0;0m      [38;2;47;45;45m  [38;2;83;83;107m██[38;2;109;100;154m██[38;2;109;102;153m██[38;2;109;102;154m██[38;2;112;109;142m██[38;2;84;77;102m██[38;2;109;102;154m██[38;2;95;89;130m██[38;2;76;146;111m██[38;2;127;146;118m██[38;2;191;54;74m██[38;2;35;88;58m██[38;2;0;0;0m    [38;2;82;76;115m██[38;2;22;20;32m  
[38;2;0;0;0m      [38;2;52;131;87m  [38;2;75;85;102m██[38;2;101;99;140m██[38;2;104;98;144m██[38;2;109;102;154m██[38;2;80;74;94m██[38;2;127;134;146m██[38;2;95;91;122m██[38;2;99;92;132m██[38;2;74;147;109m██[38;2;227;63;87m██[38;2;163;86;87m██[38;2;35;78;57m██[38;2;0;0;0m  [38;2;68;63;96m██[38;2;68;63;95m  [38;2;0;0;0m  
[38;2;0;0;0m        [38;2;76;169;124m██[38;2;75;70;87m██[38;2;105;98;144m██[38;2;105;98;145m██[38;2;107;113;118m██[38;2;127;138;140m██[38;2;70;70;71m██[38;2;98;89;148m██[38;2;71;69;76m██[38;2;155;100;93m██[38;2;73;187;127m██[38;2;51;78;86m██[38;2;6;5;8m  [38;2;98;92;140m██[38;2;0;0;0m    
[38;2;0;0;0m      [38;2;24;24;26m  [38;2;78;103;94m██[38;2;73;185;127m██[38;2;80;103;102m██[38;2;72;73;74m██[38;2;125;113;118m██[38;2;90;84;86m██[38;2;159;162;163m██[38;2;80;77;94m██[38;2;71;69;76m██[38;2;80;169;127m██[38;2;76;79;87m██[38;2;109;102;153m██[38;2;109;102;154m██[38;2;107;98;155m██[38;2;70;64;90m██[38;2;7;6;10m  
[38;2;0;0;0m      [38;2;73;70;104m██[38;2;55;71;71m██[38;2;170;91;88m██[38;2;77;168;122m██[38;2;69;151;105m██[38;2;76;140;110m██[38;2;75;141;110m██[38;2;75;157;113m██[38;2;80;77;94m██[38;2;100;93;134m██[38;2;81;94;103m██[38;2;102;109;145m██[38;2;88;80;136m██[38;2;95;87;143m██[38;2;97;90;149m██[38;2;99;91;136m██[38;2;29;27;42m██
[38;2;0;0;0m      [38;2;5;8;5m  [38;2;81;83;100m██[38;2;172;64;79m██[38;2;121;124;102m██[38;2;71;162;110m██[38;2;99;128;112m██[38;2;104;122;112m██[38;2;67;169;113m██[38;2;80;77;94m██[38;2;110;102;154m██[38;2;84;80;103m██[38;2;100;92;146m██[38;2;102;96;152m██[38;2;83;74;131m██[38;2;101;92;147m██[38;2;68;61;95m  [38;2;0;0;0m  
[38;2;0;0;0m        [38;2;68;76;89m██[38;2;60;80;73m██[38;2;142;160;152m██[38;2;75;104;90m██[38;2;143;145;144m██[38;2;207;223;216m██[38;2;55;90;74m██[38;2;102;95;139m██[38;2;110;102;153m██[38;2;72;68;93m██[38;2;85;78;134m██[38;2;90;82;139m██[38;2;109;99;153m██[38;2;104;94;149m██[38;2;64;58;91m  [38;2;0;0;0m  
[38;2;0;0;0m    [38;2;8;7;13m  [38;2;84;76;135m██[38;2;86;82;107m██[38;2;107;101;151m██[38;2;69;67;77m██[38;2;73;158;111m████[38;2;65;65;65m████[38;2;109;102;154m██[38;2;71;69;76m██[38;2;73;66;115m██[38;2;72;66;107m██[38;2;80;76;102m██[38;2;94;86;146m██[38;2;99;93;150m██[38;2;57;55;91m  [38;2;0;0;0m  
[38;2;22;21;31m  [38;2;82;76;115m██[38;2;78;73;104m██[38;2;88;77;136m██[38;2;80;74;105m██[38;2;106;97;159m██[38;2;74;70;111m██[38;2;84;78;124m██[38;2;90;84;120m██[38;2;93;67;78m██[38;2;93;67;87m██[38;2;86;82;112m██[38;2;88;82;121m██[38;2;80;77;102m██[38;2;98;92;133m██[38;2;87;82;110m██[38;2;110;101;153m██[38;2;107;98;153m██[38;2;54;49;88m  [38;2;0;0;0m  
[38;2;22;21;31m  [38;2;72;69;86m██[38;2;102;95;140m██[38;2;73;99;113m██[38;2;68;91;102m██[38;2;49;49;50m██[38;2;32;30;45m  [38;2;85;78;117m██[38;2;96;88;143m██[38;2;60;78;77m██[38;2;61;78;86m██[38;2;81;76;105m██[38;2;66;65;68m██[38;2;105;97;154m██[38;2;80;75;131m██[38;2;107;99;152m██[38;2;68;67;72m██[38;2;99;101;146m██[38;2;65;73;111m██[38;2;0;0;0m  
[38;2;16;16;25m  [38;2;61;58;92m██[38;2;77;72;96m██[38;2;107;99;149m██[38;2;45;43;52m██[38;2;0;0;0m    [38;2;70;67;108m██[38;2;73;69;105m██[38;2;45;118;101m██[38;2;47;118;101m██[38;2;67;66;72m██[38;2;95;89;126m██[38;2;92;85;122m██[38;2;106;96;154m██[38;2;85;76;116m██[38;2;66;65;67m██[38;2;60;98;100m██[38;2;11;23;22m  [38;2;0;0;0m  
[38;2;15;13;24m  [38;2;9;8;15m  [38;2;30;28;43m  [38;2;80;75;117m██[38;2;0;0;0m    [38;2;70;64;100m██[38;2;75;72;89m██[38;2;84;77;124m██[38;2;69;82;119m██[38;2;59;77;85m██[38;2;89;81;143m██[38;2;79;75;95m██[38;2;78;76;95m██[38;2;76;74;95m██[38;2;75;72;117m██[38;2;45;45;45m  [38;2;0;0;0m      
[38;2;0;0;0m          [38;2;2;2;3m██[38;2;95;90;147m██[38;2;93;84;148m██[38;2;69;64;106m██[38;2;85;80;135m██[38;2;28;27;41m██[38;2;95;87;133m██[38;2;105;97;146m██[38;2;89;84;113m██[38;2;76;73;88m██[38;2;83;77;124m██[38;2;0;0;0m        
[38;2;0;0;0m            [38;2;40;38;63m  [38;2;80;77;117m██[38;2;64;70;95m██[38;2;4;4;0m  [38;2;0;0;0m  [38;2;31;27;37m  [38;2;53;52;57m██[38;2;96;92;148m██[38;2;81;79;123m██[38;2;65;63;85m██[38;2;0;0;0m        
[38;2;0;0;0m            [38;2;14;57;38m  [38;2;43;118;84m██[38;2;28;111;74m██[38;2;0;0;0m        [38;2;38;45;55m██[38;2;62;83;91m██[38;2;50;81;69m██[38;2;0;0;0m        
[38;2;0;0;0m          [38;2;0;2;1m  [38;2;10;42;28m  [38;2;47;136;94m██[38;2;10;30;21m  [38;2;0;0;0m      [38;2;23;39;26m  [38;2;66;152;105m██[38;2;60;159;110m██[38;2;33;114;80m██[38;2;0;0;0m        
[38;2;0;0;0m                        [38;2;17;39;26m  [38;2;13;33;22m██[38;2;12;18;16m██[38;2;4;15;11m  [38;2;0;0;0m        [0m
