
[38;2;0;0;0m        [38;2;21;10;11m  [38;2;10;5;5m  [38;2;42;20;23m  [38;2;57;27;31m  [38;2;0;0;0m                                              
[38;2;0;0;0m        [38;2;82;30;34m██[38;2;83;57;59m██[38;2;182;79;87m██[38;2;228;113;127m██[38;2;122;30;29m  [38;2;180;89;98m  [38;2;0;0;0m                                          
[38;2;0;0;0m        [38;2;236;94;105m██[38;2;134;73;77m██[38;2;170;81;87m██[38;2;237;99;110m██[38;2;173;63;66m██[38;2;243;119;133m██[38;2;79;55;59m██[38;2;73;30;34m██[38;2;77;27;30m██[38;2;2;0;0m  [38;2;0;0;0m                                  
[38;2;0;0;0m      [38;2;169;37;37m  [38;2;193;58;59m██[38;2;224;84;92m██[38;2;132;84;91m██[38;2;255;64;67m██[38;2;138;87;93m██[38;2;254;123;139m██[38;2;241;116;133m██[38;2;106;73;77m██[38;2;255;89;100m██[38;2;212;63;68m██[38;2;53;52;53m██[38;2;210;99;114m██[38;2;0;0;0m                              
[38;2;0;0;0m    [38;2;25;5;5m  [38;2;196;50;52m██[38;2;160;59;65m██[38;2;145;60;66m██[38;2;231;74;79m██[38;2;138;82;88m██[38;2;255;121;139m██[38;2;195;103;115m██[38;2;136;85;93m██[38;2;126;61;62m██[38;2;218;57;58m██[38;2;255;56;56m██[38;2;128;61;62m██[38;2;65;64;65m██[38;2;255;66;69m██[38;2;85;25;27m  [38;2;0;0;0m                          
[38;2;0;0;0m    [38;2;207;52;56m██[38;2;229;57;60m██[38;2;195;60;67m██[38;2;253;56;57m██[38;2;192;62;69m██[38;2;251;146;97m██[38;2;89;71;74m██[38;2;67;64;65m██[38;2;230;57;58m██[38;2;98;62;63m██[38;2;79;66;71m██[38;2;97;69;78m██[38;2;191;202;202m██[38;2;65;64;65m██[38;2;175;60;62m██[38;2;248;58;60m██[38;2;25;25;25m  [38;2;0;0;0m                        
[38;2;25;29;29m  [38;2;47;55;55m██[38;2;190;51;53m██[38;2;213;59;64m██[38;2;191;60;65m██[38;2;146;60;61m██[38;2;228;57;58m██[38;2;57;41;47m██[38;2;179;137;79m██[38;2;65;64;65m██[38;2;191;91;91m██[38;2;237;247;247m██[38;2;180;182;186m██[38;2;179;177;179m██[38;2;237;242;242m██[38;2;180;180;180m██[38;2;139;73;77m██[38;2;136;60;61m██[38;2;65;64;65m██[38;2;58;23;25m  [38;2;0;0;0m                      
[38;2;0;0;0m    [38;2;79;32;34m██[38;2;178;63;70m██[38;2;193;58;59m██[38;2;224;57;58m██[38;2;131;61;62m██[38;2;204;178;68m██[38;2;84;75;48m██[38;2;221;111;126m██[38;2;191;67;64m██[38;2;251;243;243m██[38;2;131;141;143m██[38;2;121;117;121m██[38;2;77;77;78m██[38;2;238;116;132m██[38;2;255;119;135m██[38;2;254;56;57m██[38;2;143;60;61m██[38;2;148;59;66m██[38;2;0;0;0m                      
[38;2;0;0;0m    [38;2;123;40;45m██[38;2;204;57;62m██[38;2;218;59;63m██[38;2;255;55;56m██[38;2;147;60;61m  [38;2;75;63;64m██[38;2;189;90;99m██[38;2;255;59;61m██[38;2;255;56;56m██[38;2;154;60;61m██[38;2;88;88;88m██[38;2;117;118;117m██[38;2;91;91;91m██[38;2;255;56;56m██[38;2;212;76;81m██[38;2;67;63;64m██[38;2;102;62;63m██[38;2;118;64;70m██[38;2;49;26;29m██[38;2;0;0;0m        [38;2;222;106;123m██[38;2;183;95;114m██[38;2;90;50;64m██[38;2;109;59;74m██[38;2;190;96;114m██[38;2;0;0;0m  
[38;2;0;0;0m    [38;2;253;122;136m██[38;2;250;69;72m██[38;2;224;57;56m██[38;2;160;59;56m██[38;2;73;67;73m██[38;2;160;170;171m██[38;2;174;177;178m██[38;2;73;63;64m██[38;2;255;56;56m████[38;2;78;79;78m██[38;2;95;97;95m██[38;2;94;96;94m██[38;2;73;63;64m██[38;2;156;60;61m██[38;2;241;56;57m██[38;2;68;63;64m██[38;2;241;242;242m██[38;2;112;123;122m██[38;2;0;0;0m        [38;2;229;63;70m██[38;2;203;67;80m██[38;2;126;80;109m██[38;2;142;77;103m██[38;2;252;57;59m██[38;2;62;13;14m  
[38;2;0;0;0m    [38;2;12;11;10m  [38;2;97;56;61m██[38;2;88;85;85m██[38;2;148;158;158m██[38;2;121;121;123m██[38;2;129;134;135m██[38;2;98;100;100m██[38;2;117;116;117m██[38;2;144;60;61m██[38;2;255;56;56m██[38;2;88;87;88m██[38;2;117;117;117m██[38;2;92;91;92m██[38;2;155;60;61m██[38;2;111;62;63m██[38;2;152;60;61m██[38;2;119;118;119m██[38;2;245;253;253m  [38;2;184;187;186m██[38;2;69;27;31m  [38;2;0;0;0m    [38;2;78;17;17m  [38;2;177;70;89m██[38;2;176;70;89m██[38;2;170;70;87m██[38;2;170;69;84m██[38;2;227;49;50m██[38;2;34;7;7m  
[38;2;0;0;0m    [38;2;18;18;18m██[38;2;141;64;72m██[38;2;65;64;65m██[38;2;108;108;108m██[38;2;117;117;117m██████[38;2;11;11;11m██[38;2;144;60;61m██[38;2;255;56;56m██[38;2;88;87;88m██[38;2;66;65;66m██[38;2;255;89;97m██[38;2;255;56;56m██[38;2;163;59;60m██[38;2;255;56;56m██[38;2;150;60;61m██[38;2;65;64;65m████[38;2;58;57;58m██[38;2;0;0;0m  [38;2;8;8;8m██[38;2;187;58;59m██[38;2;120;81;112m██[38;2;146;76;101m██[38;2;73;72;81m██[38;2;202;60;64m██[38;2;197;43;44m██[38;2;0;0;0m  
[38;2;0;0;0m    [38;2;168;168;168m██[38;2;101;100;101m██[38;2;129;63;71m██[38;2;77;78;77m██[38;2;80;81;80m██[38;2;37;37;37m██[38;2;0;0;0m    [38;2;106;23;23m██[38;2;255;56;56m██[38;2;65;64;65m██[38;2;200;58;59m██[38;2;255;72;77m██[38;2;155;60;61m██[38;2;112;61;62m██[38;2;155;60;61m██[38;2;106;62;63m██[38;2;68;68;69m██[38;2;151;163;164m██[38;2;177;188;189m██[38;2;91;91;91m██[38;2;168;59;60m██[38;2;196;58;59m██[38;2;164;59;60m██[38;2;96;62;63m██[38;2;155;60;61m██[38;2;155;95;96m██[38;2;63;39;40m  [38;2;0;0;0m  
[38;2;0;0;0m    [38;2;199;195;212m██[38;2;95;97;99m██[38;2;66;65;66m██[38;2;89;91;89m██[38;2;95;96;95m██[38;2;12;12;12m██[38;2;0;0;0m    [38;2;102;22;22m  [38;2;76;63;64m██[38;2;155;154;155m██[38;2;248;247;249m██[38;2;111;64;69m██[38;2;255;56;56m██[38;2;157;60;61m██[38;2;71;63;64m██[38;2;150;60;61m██[38;2;113;113;113m██[38;2;120;132;133m██[38;2;108;116;117m██[38;2;177;59;60m██[38;2;231;56;57m██[38;2;73;63;64m████[38;2;190;58;59m██[38;2;86;91;92m██[38;2;224;231;231m██[38;2;188;188;189m  [38;2;0;0;0m  
[38;2;0;0;0m    [38;2;53;55;67m██[38;2;94;95;106m██[38;2;82;79;86m██[38;2;94;97;94m██[38;2;75;77;75m██[38;2;5;5;5m  [38;2;0;0;0m    [38;2;18;16;17m  [38;2;91;89;90m██[38;2;145;143;147m██[38;2;110;103;126m██[38;2;128;125;136m██[38;2;143;53;61m██[38;2;160;56;60m██[38;2;67;63;64m██[38;2;118;78;79m██[38;2;120;101;105m██[38;2;74;75;76m██[38;2;74;63;65m██[38;2;134;63;69m██[38;2;194;60;65m██[38;2;147;60;61m████[38;2;129;111;111m██[38;2;202;216;215m██[38;2;126;128;129m██[38;2;0;1;2m  [38;2;0;0;0m  
[38;2;0;0;0m    [38;2;43;50;50m  [38;2;101;103;118m██[38;2;132;145;154m██[38;2;72;73;75m██[38;2;0;0;0m    [38;2;5;2;2m  [38;2;67;58;60m██[38;2;119;66;72m██[38;2;110;108;108m██[38;2;90;87;93m██[38;2;240;236;248m██[38;2;178;172;190m██[38;2;246;243;255m██[38;2;99;96;103m██[38;2;233;58;58m██[38;2;93;92;93m██[38;2;92;79;84m██[38;2;255;107;120m██[38;2;238;89;97m██[38;2;124;63;69m██[38;2;151;64;73m██[38;2;102;71;74m██[38;2;156;177;176m██[38;2;70;68;70m██[38;2;149;156;156m██[38;2;15;16;17m  [38;2;0;0;0m    
[38;2;0;0;0m        [38;2;55;62;64m██[38;2;143;161;172m██[38;2;0;0;0m    [38;2;61;24;28m██[38;2;159;64;73m██[38;2;104;64;68m██[38;2;71;64;65m██[38;2;110;108;110m██[38;2;138;133;138m██[38;2;162;157;169m██[38;2;157;150;174m██[38;2;167;166;173m██[38;2;74;76;74m██[38;2;82;80;82m██[38;2;255;84;92m██[38;2;255;122;139m██[38;2;255;79;85m██[38;2;138;60;61m██[38;2;96;96;96m██[38;2;101;107;108m██[38;2;191;202;203m██[38;2;114;110;114m██[38;2;20;20;20m  [38;2;0;0;0m      
[38;2;0;0;0m                [38;2;52;23;28m  [38;2;92;45;52m██[38;2;152;64;73m██[38;2;160;64;73m██[38;2;93;85;86m██[38;2;104;105;104m██[38;2;95;94;95m██[38;2;71;70;71m██[38;2;95;95;95m██[38;2;115;116;115m██[38;2;169;59;60m██[38;2;75;63;64m██[38;2;230;57;58m██[38;2;214;57;58m██[38;2;181;59;60m██[38;2;71;70;71m██[38;2;108;107;108m██[38;2;86;85;86m  [38;2;0;0;0m          
[38;2;0;0;0m                [38;2;2;1;1m  [38;2;84;58;63m██[38;2;98;67;72m██[38;2;157;65;75m██[38;2;96;44;50m██[38;2;0;2;0m  [38;2;40;40;40m██████[38;2;116;115;116m██[38;2;169;59;60m██[38;2;72;63;64m██[38;2;116;61;62m██[38;2;176;59;60m██[38;2;181;59;60m██[38;2;61;60;61m██[38;2;14;14;14m  [38;2;0;0;0m            
[38;2;0;0;0m                [38;2;73;85;84m██[38;2;84;93;92m██[38;2;135;127;129m██[38;2;153;63;72m██[38;2;130;52;61m██[38;2;4;1;1m  [38;2;0;0;0m      [38;2;1;1;1m  [38;2;147;57;57m██[38;2;108;62;63m██[38;2;148;59;60m██[38;2;221;65;66m██[38;2;177;59;60m██[38;2;37;10;10m  [38;2;0;0;0m              
[38;2;0;0;0m                [38;2;36;42;42m██[38;2;46;54;53m██[38;2;35;41;41m██[38;2;45;19;22m██[38;2;0;0;0m            [38;2;107;109;107m██[38;2;184;58;62m██[38;2;171;130;133m██[38;2;117;66;67m██[38;2;198;143;146m██[38;2;114;38;34m██[38;2;0;4;2m  [38;2;0;0;0m            
[38;2;0;0;0m                                  [38;2;6;6;6m  [38;2;199;199;199m██[38;2;47;55;55m██[38;2;201;210;210m██[38;2;186;186;186m██[38;2;142;145;142m██[38;2;173;173;173m  [38;2;0;0;0m              
[38;2;0;0;0m                                        [38;2;38;38;38m  [38;2;0;0;0m                    [0m
