
[38;2;0;0;0m                      [38;2;67;67;67m  [38;2;0;0;0m                          
[38;2;0;0;0m            [38;2;28;69;74m  [38;2;0;0;0m        [38;2;249;249;249m██[38;2;0;0;0m                          
[38;2;0;0;0m            [38;2;35;86;91m██[38;2;0;0;0m      [38;2;40;40;40m  [38;2;251;251;251m██[38;2;0;0;0m                          
[38;2;0;0;0m          [38;2;43;105;112m  [38;2;35;86;91m██[38;2;0;0;0m      [38;2;117;117;117m██[38;2;255;255;255m██[38;2;32;32;32m  [38;2;0;0;0m                        
[38;2;0;0;0m          [38;2;49;119;127m██[38;2;0;0;0m    [38;2;61;61;61m  [38;2;110;110;110m██[38;2;183;188;188m██[38;2;255;255;255m██[38;2;161;161;161m██[38;2;0;0;0m                        
[38;2;0;0;0m        [38;2;18;45;48m  [38;2;56;138;147m██[38;2;0;0;0m      [38;2;239;239;239m██[38;2;252;252;252m██[38;2;255;255;255m██[38;2;102;102;102m██[38;2;0;0;0m                        
[38;2;0;0;0m        [38;2;19;47;50m██[38;2;56;139;147m██[38;2;22;22;22m  [38;2;0;0;0m      [38;2;255;255;255m██[38;2;109;149;189m██[38;2;53;73;94m██[38;2;0;0;0m    [38;2;104;104;104m██[38;2;82;82;82m██[38;2;0;0;0m                
[38;2;0;0;0m  [38;2;2;5;5m  [38;2;0;0;0m    [38;2;56;139;147m██[38;2;71;83;84m██[38;2;48;163;230m████[38;2;2;4;6m██[38;2;233;233;233m██[38;2;73;76;76m██[38;2;50;158;221m██[38;2;48;163;230m██[38;2;1;6;8m██[38;2;40;42;44m██[38;2;196;196;196m██[38;2;79;79;79m  [38;2;0;0;0m    [38;2;6;6;6m  [38;2;5;5;5m  [38;2;9;23;38m██[38;2;11;36;60m██[38;2;0;0;0m    
[38;2;0;0;0m  [38;2;57;134;140m██[38;2;0;0;0m  [38;2;35;35;35m  [38;2;56;139;147m██[38;2;71;83;84m██[38;2;48;163;230m██[38;2;61;117;148m██[38;2;63;111;130m██[38;2;64;111;116m██[38;2;66;101;105m██[38;2;59;125;162m██[38;2;48;163;229m██[38;2;48;163;230m██[38;2;44;122;178m██[38;2;121;121;121m██[38;2;17;17;17m  [38;2;0;0;0m    [38;2;185;185;185m  [38;2;168;168;168m██[38;2;94;163;209m██[38;2;183;207;232m██[38;2;87;91;91m██[38;2;38;38;38m  
[38;2;0;0;0m  [38;2;51;118;124m  [38;2;67;105;123m██[38;2;68;94;105m██[38;2;57;136;145m██[38;2;71;82;83m██[38;2;72;81;82m██[38;2;58;133;141m██[38;2;58;131;139m██[38;2;70;87;94m██[38;2;62;116;147m██[38;2;51;153;211m██[38;2;50;158;220m██[38;2;48;163;230m  ██[38;2;51;154;213m██[38;2;20;68;96m██[38;2;0;0;0m    [38;2;197;197;197m██[38;2;185;194;199m██[38;2;46;154;221m██[38;2;189;211;233m██[38;2;248;248;248m██[38;2;58;58;58m  
[38;2;0;0;0m    [38;2;73;142;148m██[38;2;60;127;134m██[38;2;62;116;122m██[38;2;64;110;115m██[38;2;56;139;147m██[38;2;67;100;104m██[38;2;45;107;157m██[38;2;49;162;226m██[38;2;52;149;205m██[38;2;57;132;175m██[38;2;61;118;152m██[38;2;49;162;227m██[38;2;65;105;128m██[38;2;55;128;170m██[38;2;7;23;33m  [38;2;0;0;0m    [38;2;86;86;86m██[38;2;99;175;218m██[38;2;64;141;204m██[38;2;248;248;248m██[38;2;68;68;68m  [38;2;0;0;0m  
[38;2;0;0;0m    [38;2;58;138;146m██[38;2;57;139;147m██[38;2;56;139;147m██[38;2;59;128;135m██[38;2;106;85;85m██[38;2;240;240;240m██[38;2;29;125;201m██[38;2;48;164;230m██[38;2;22;110;189m██[38;2;53;145;199m██[38;2;61;118;152m██[38;2;69;93;106m██[38;2;88;181;234m██[38;2;193;193;193m  [38;2;0;0;0m      [38;2;27;27;27m██[38;2;99;175;218m██[38;2;59;126;193m██[38;2;220;220;220m██[38;2;0;0;0m    
[38;2;0;0;0m    [38;2;4;11;11m  [38;2;49;120;128m██[38;2;61;122;129m██[38;2;26;29;30m██[38;2;252;173;165m██[38;2;97;151;205m██[38;2;43;153;222m██[38;2;48;163;229m██[38;2;44;107;157m██[38;2;55;138;186m██[38;2;127;185;218m██[38;2;198;228;245m██[38;2;93;93;93m██[38;2;0;0;0m        [38;2;7;7;7m  [38;2;50;126;169m██[38;2;168;186;204m██[38;2;20;20;20m  [38;2;0;0;0m    
[38;2;0;0;0m    [38;2;14;50;66m██[38;2;59;95;111m██[38;2;49;98;137m██[38;2;163;87;114m██[38;2;182;123;145m██[38;2;41;125;197m██[38;2;48;163;230m██[38;2;17;101;183m██[38;2;140;185;211m██[38;2;239;239;239m██[38;2;255;255;255m██[38;2;121;123;124m██[38;2;79;159;199m██[38;2;0;0;0m        [38;2;1;6;8m  [38;2;28;94;131m██[38;2;0;0;0m        
[38;2;0;0;0m    [38;2;33;139;211m██[38;2;29;130;204m██[38;2;51;177;240m██[38;2;48;162;228m██[38;2;42;151;220m██[38;2;48;162;229m██[38;2;48;163;230m██[38;2;43;152;220m██[38;2;73;124;152m██[38;2;240;240;240m██[38;2;208;208;208m██[38;2;107;109;110m██[38;2;153;182;176m██[38;2;56;56;56m  [38;2;0;0;0m      [38;2;6;22;32m██[38;2;16;55;78m██[38;2;0;0;0m        
[38;2;0;0;0m  [38;2;154;144;114m██[38;2;177;165;133m██[38;2;130;122;102m██[38;2;125;142;137m██[38;2;48;146;211m██[38;2;48;163;230m██████[38;2;57;134;179m██[38;2;91;127;142m██[38;2;130;122;102m██[38;2;192;192;192m██[38;2;129;122;104m██[38;2;53;147;200m██[38;2;68;109;132m  [38;2;48;76;85m██[38;2;0;0;0m    [38;2;20;52;74m██[38;2;140;140;123m██[38;2;0;0;0m        
[38;2;0;0;0m  [38;2;62;62;62m██[38;2;208;210;208m██[38;2;136;140;133m██[38;2;170;165;141m██[38;2;215;201;158m██[38;2;30;127;202m██[38;2;48;163;229m██[38;2;36;139;211m██[38;2;49;150;210m██[38;2;70;124;152m██[38;2;92;90;83m██[38;2;219;196;146m██[38;2;234;210;154m██[38;2;60;121;156m██[38;2;60;166;225m██[38;2;137;127;103m██[38;2;0;0;0m  [38;2;40;40;40m  [38;2;40;131;197m██[38;2;43;126;187m██[38;2;0;0;0m        
[38;2;15;25;32m██[38;2;31;80;116m██[38;2;12;12;12m  [38;2;107;64;79m██[38;2;187;150;164m  [38;2;127;114;91m██[38;2;117;125;112m██[38;2;48;156;220m██[38;2;52;90;113m██[38;2;2;2;2m  [38;2;50;80;98m██[38;2;59;125;163m██[38;2;94;114;113m██[38;2;196;176;123m██[38;2;179;197;179m██[38;2;50;158;220m██[38;2;105;138;146m██[38;2;70;79;86m██[38;2;40;131;197m██[38;2;79;83;83m██[38;2;53;97;122m██[38;2;0;0;0m        
[38;2;10;34;51m██[38;2;9;28;43m██[38;2;0;0;0m  [38;2;2;2;2m  [38;2;188;92;108m██[38;2;248;145;128m██[38;2;109;102;83m██[38;2;81;84;81m██[38;2;1;1;1m  [38;2;0;0;0m  [38;2;106;95;70m██[38;2;231;207;152m██[38;2;61;118;152m██[38;2;83;82;78m██[38;2;238;212;156m██[38;2;71;82;88m██[38;2;159;190;184m██[38;2;73;74;74m██[38;2;53;110;152m██[38;2;46;121;176m██[38;2;24;25;26m██[38;2;0;0;0m        
[38;2;5;17;25m  [38;2;49;94;127m██[38;2;25;25;25m  [38;2;0;0;0m  [38;2;255;147;131m██[38;2;212;112;116m██[38;2;136;126;105m██[38;2;23;21;15m██[38;2;0;0;0m    [38;2;54;48;35m  [38;2;199;179;126m██[38;2;90;114;119m██[38;2;63;119;151m██[38;2;180;163;121m██[38;2;137;187;195m██[38;2;56;137;184m██[38;2;112;110;90m██[38;2;95;107;104m██[38;2;35;112;169m██[38;2;0;0;0m          
[38;2;0;0;0m    [38;2;39;125;189m██[38;2;138;81;119m██[38;2;249;145;129m██[38;2;166;76;101m██[38;2;175;160;124m██[38;2;8;11;14m██[38;2;0;2;4m  [38;2;0;0;0m    [38;2;224;200;146m  [38;2;155;143;115m██[38;2;41;129;194m██[38;2;162;149;118m██[38;2;220;204;157m██[38;2;65;111;137m██[38;2;41;130;196m██[38;2;40;127;190m██[38;2;0;0;0m            
[38;2;0;0;0m      [38;2;201;189;162m██[38;2;164;123;113m██[38;2;175;162;167m██[38;2;159;143;108m██[38;2;18;53;78m██[38;2;19;63;96m██[38;2;1;4;6m  [38;2;0;0;0m    [38;2;108;103;91m██[38;2;59;98;126m██[38;2;102;120;125m██[38;2;125;116;87m██[38;2;148;134;93m██[38;2;103;129;129m██[38;2;11;11;11m  [38;2;0;0;0m            
[38;2;0;0;0m        [38;2;71;64;46m  [38;2;210;188;137m██[38;2;0;0;0m            [38;2;72;65;43m  [38;2;73;75;76m██[38;2;58;100;130m██[38;2;162;146;97m██[38;2;145;130;86m██[38;2;0;0;0m                
[38;2;0;0;0m                          [38;2;25;26;26m██[38;2;34;80;114m██[38;2;53;48;31m  [38;2;0;0;0m    [38;2;16;53;79m  [38;2;0;0;0m            
[38;2;0;0;0m                            [38;2;32;32;32m  [38;2;31;100;151m██[38;2;7;25;37m██[38;2;10;33;50m██[38;2;12;40;60m  [38;2;0;0;0m            
[38;2;0;0;0m                              [38;2;0;2;3m  [38;2;11;35;53m██[38;2;9;31;47m  [38;2;0;0;0m              [0m
