
[38;2;0;0;0m                            [38;2;11;14;16m  [38;2;42;48;55m██[38;2;0;0;0m                    
[38;2;0;0;0m                          [38;2;106;123;134m  [38;2;141;168;187m██[38;2;128;146;166m██[38;2;92;104;120m  [38;2;0;0;0m                  
[38;2;0;0;0m                      [38;2;35;41;44m  [38;2;81;95;103m██[38;2;185;217;236m██[38;2;167;195;219m██[38;2;84;90;98m██[38;2;104;115;134m██[38;2;12;9;10m  [38;2;0;0;0m                
[38;2;0;0;0m                    [38;2;35;41;44m  [38;2;175;204;222m██[38;2;186;217;236m██[38;2;184;217;235m██[38;2;125;146;172m██[38;2;147;121;132m██[38;2;178;137;151m██[38;2;88;75;80m██[38;2;0;0;0m                
[38;2;0;0;0m  [38;2;35;41;44m  [38;2;78;92;101m██[38;2;176;205;228m██[38;2;179;208;230m██[38;2;82;95;104m██[38;2;35;41;44m  [38;2;0;0;0m  [38;2;8;10;12m  [38;2;43;51;56m██[38;2;188;218;238m██[38;2;186;217;236m██[38;2;185;217;236m██[38;2;151;178;207m██[38;2;121;140;164m██[38;2;143;115;124m██[38;2;169;132;144m██[38;2;106;100;110m██[38;2;113;134;160m██[38;2;8;10;12m  [38;2;0;0;0m            
[38;2;0;0;0m  [38;2;141;164;179m██[38;2;181;213;233m██[38;2;175;205;227m██[38;2;142;168;197m██[38;2;151;178;206m██[38;2;177;205;224m██[38;2;35;41;44m  [38;2;149;174;191m██[38;2;181;213;233m██[38;2;186;217;236m██[38;2;186;217;235m██[38;2;177;207;228m██[38;2;142;168;197m██[38;2;86;92;103m██[38;2;114;130;152m██[38;2;121;140;165m██[38;2;135;159;189m██[38;2;139;163;195m██[38;2;34;40;48m██[38;2;0;0;0m            
[38;2;46;54;59m██[38;2;185;217;236m████[38;2;184;217;236m██[38;2;164;194;218m██[38;2;139;163;195m██[38;2;144;169;197m██[38;2;181;211;233m██[38;2;134;155;180m██[38;2;181;213;233m██[38;2;185;217;236m██[38;2;184;217;236m██[38;2;164;194;218m██[38;2;139;163;195m██[38;2;74;77;84m██[38;2;99;113;140m██[38;2;132;154;183m██[38;2;139;163;195m██[38;2;124;144;173m██[38;2;105;124;149m██[38;2;0;0;0m            
[38;2;11;14;14m  [38;2;152;182;202m██[38;2;184;217;236m██[38;2;158;187;212m██[38;2;167;195;219m██[38;2;139;163;193m██[38;2;137;160;189m██[38;2;123;142;168m██[38;2;180;213;235m██[38;2;182;213;233m██[38;2;184;217;236m██[38;2;182;215;237m██[38;2;139;164;194m██[38;2;98;108;123m██[38;2;92;104;126m██[38;2;99;113;140m██[38;2;101;116;143m██[38;2;109;126;153m██[38;2;110;125;150m██[38;2;139;163;195m██[38;2;78;92;109m  [38;2;0;0;0m          
[38;2;0;0;0m  [38;2;70;86;95m  [38;2;164;194;219m██[38;2;139;165;195m██[38;2;129;151;180m██[38;2;114;132;159m██[38;2;109;126;154m██[38;2;124;145;171m██[38;2;115;132;157m██[38;2;179;210;231m██[38;2;175;207;228m██[38;2;128;148;178m██[38;2;126;147;175m██[38;2;68;72;78m██[38;2;18;21;26m  [38;2;84;96;117m██[38;2;100;114;139m██[38;2;99;113;139m██[38;2;53;57;65m██[38;2;123;144;171m██[38;2;139;164;196m██[38;2;61;72;85m██[38;2;26;31;37m  [38;2;0;0;0m      
[38;2;0;0;0m    [38;2;61;72;86m██[38;2;116;135;164m██[38;2;129;151;179m██[38;2;137;160;189m██[38;2;98;109;123m██[38;2;132;154;184m██[38;2;116;132;156m██[38;2;132;152;174m██[38;2;159;188;214m██[38;2;187;218;238m██[38;2;154;179;201m██[38;2;85;98;115m██[38;2;0;0;0m  [38;2;15;13;12m  [38;2;68;73;85m██[38;2;39;41;47m██[38;2;0;0;0m  [38;2;26;31;37m  [38;2;139;165;197m██[38;2;139;163;195m██[38;2;131;155;185m██[38;2;26;31;37m  [38;2;0;0;0m    
[38;2;0;0;0m    [38;2;8;10;12m  [38;2;113;133;158m██[38;2;138;158;184m██[38;2;109;113;120m██[38;2;191;179;189m██[38;2;142;158;173m██[38;2;175;206;228m██[38;2;119;132;141m██[38;2;121;140;164m██[38;2;134;158;187m██[38;2;139;163;195m████[38;2;113;134;160m██[38;2;72;77;86m██[38;2;93;101;116m██[38;2;38;39;42m██[38;2;0;0;0m      [38;2;78;93;111m  [38;2;139;163;195m██[38;2;139;165;197m██[38;2;0;0;0m    
[38;2;0;0;0m    [38;2;44;51;57m██[38;2;149;175;205m██[38;2;67;71;77m██[38;2;167;168;178m██[38;2;193;191;204m██[38;2;47;46;49m██[38;2;114;126;136m██[38;2;186;217;236m██[38;2;158;180;195m██[38;2;102;112;122m██[38;2;98;108;122m██[38;2;139;165;197m██[38;2;140;166;198m██[38;2;140;163;198m██[38;2;120;137;164m██[38;2;119;137;161m██[38;2;36;35;37m  [38;2;3;1;0m  [38;2;0;0;0m    [38;2;60;72;85m██[38;2;139;164;196m██[38;2;78;92;109m  [38;2;0;0;0m  
[38;2;0;0;0m    [38;2;183;212;232m██[38;2;154;182;209m██[38;2;116;122;129m██[38;2;210;209;222m██[38;2;182;180;193m██[38;2;151;149;159m██[38;2;122;136;147m██[38;2;186;217;236m██[38;2;117;135;161m██[38;2;152;175;199m██[38;2;149;170;187m██[38;2;88;93;99m██[38;2;83;83;88m██[38;2;69;73;82m██[38;2;100;113;136m██[38;2;99;113;140m██[38;2;117;129;154m██[38;2;15;15;16m██[38;2;0;0;0m      [38;2;103;121;141m██[38;2;112;131;154m██[38;2;8;10;12m  
[38;2;0;0;0m    [38;2;132;152;177m██[38;2;179;210;230m██[38;2;137;159;184m██[38;2;96;103;115m██[38;2;154;146;165m██[38;2;96;93;103m██[38;2;139;161;177m██[38;2;138;159;183m██[38;2;181;213;233m██[38;2;140;164;191m██[38;2;127;148;176m██[38;2;163;189;211m██[38;2;153;155;178m██[38;2;89;92;102m██[38;2;99;113;140m██[38;2;43;49;61m██[38;2;78;82;93m██[38;2;78;88;109m██[38;2;0;0;0m      [38;2;29;33;36m  [38;2;171;200;225m██[38;2;35;41;49m██
[38;2;0;0;0m    [38;2;41;47;54m██[38;2;124;142;168m██[38;2;189;219;239m██[38;2;96;103;109m██[38;2;126;146;174m██[38;2;150;157;174m██[38;2;88;102;114m██[38;2;159;188;214m██[38;2;122;141;167m██[38;2;181;211;232m██[38;2;122;139;164m██[38;2;179;195;213m██[38;2;203;155;170m██[38;2;87;75;79m██[38;2;0;0;0m    [38;2;18;21;26m  [38;2;92;105;131m██[38;2;18;21;26m  [38;2;0;0;0m      [38;2;189;219;239m██[38;2;47;54;59m██
[38;2;0;0;0m    [38;2;5;6;7m  [38;2;153;154;168m██[38;2;202;211;229m██[38;2;163;188;205m██[38;2;104;107;118m██[38;2;116;117;126m██[38;2;172;185;203m██[38;2;185;217;237m██[38;2;106;122;149m██[38;2;180;184;204m██[38;2;212;207;225m██[38;2;197;180;195m██[38;2;158;142;153m██[38;2;62;61;67m██[38;2;0;0;0m    [38;2;26;31;37m  [38;2;100;115;142m██[38;2;74;84;105m██[38;2;0;0;0m      [38;2;189;219;239m██[38;2;47;54;59m██
[38;2;0;0;0m        [38;2;180;164;175m██[38;2;223;198;210m██[38;2;190;178;193m██[38;2;190;180;193m██[38;2;217;207;223m██[38;2;222;205;217m██[38;2;222;205;218m██[38;2;214;195;211m██[38;2;216;174;184m██[38;2;115;111;117m██[38;2;129;130;140m██[38;2;193;215;237m██[38;2;153;175;194m██[38;2;37;44;51m██[38;2;140;166;198m██[38;2;140;164;195m██[38;2;55;63;78m  [38;2;0;0;0m    [38;2;34;40;44m  [38;2;188;218;238m██[38;2;47;54;59m██
[38;2;0;0;0m        [38;2;13;11;11m  [38;2;97;80;82m██[38;2;214;165;180m██[38;2;136;112;120m██[38;2;178;146;152m██[38;2;246;200;205m██[38;2;203;160;171m██[38;2;152;116;133m██[38;2;128;101;115m██[38;2;158;180;195m██[38;2;153;177;194m██[38;2;47;54;59m██[38;2;73;85;96m██[38;2;142;168;197m██[38;2;113;134;160m██[38;2;35;41;49m██[38;2;0;0;0m      [38;2;139;162;177m██[38;2;151;176;191m██[38;2;11;13;14m  
[38;2;0;0;0m        [38;2;61;72;86m██[38;2;126;147;173m██[38;2;127;103;112m██[38;2;163;124;139m██[38;2;203;155;170m██[38;2;203;154;170m██[38;2;198;151;166m██[38;2;143;111;127m██[38;2;96;103;109m██[38;2;165;190;206m██[38;2;0;0;0m                [38;2;82;95;104m██[38;2;189;219;239m██[38;2;106;123;134m  [38;2;0;0;0m  
[38;2;0;0;0m      [38;2;106;125;138m  [38;2;105;125;143m██[38;2;58;59;61m██[38;2;211;163;178m██[38;2;236;187;197m██[38;2;134;112;118m██[38;2;235;188;197m██[38;2;198;151;168m██[38;2;186;140;158m██[38;2;101;102;107m██[38;2;105;101;107m██[38;2;115;86;97m  [38;2;0;0;0m          [38;2;34;40;44m  [38;2;139;162;177m██[38;2;189;219;239m██[38;2;82;95;104m██[38;2;0;0;0m    
[38;2;0;0;0m    [38;2;11;13;14m  [38;2;118;139;153m██[38;2;0;2;4m  [38;2;0;0;0m  [38;2;235;190;197m██[38;2;133;117;120m██[38;2;213;176;181m██[38;2;179;149;154m██[38;2;247;199;206m██[38;2;223;173;187m██[38;2;181;139;153m██[38;2;158;142;153m██[38;2;154;115;129m██[38;2;0;0;0m      [38;2;11;13;14m  [38;2;153;177;194m██[38;2;141;163;178m██[38;2;139;162;177m██[38;2;0;0;0m        
[38;2;0;0;0m    [38;2;47;54;59m████[38;2;0;0;0m    [38;2;235;190;197m██[38;2;133;117;120m██[38;2;213;183;186m██[38;2;179;153;158m██[38;2;213;173;179m██[38;2;148;116;128m██[38;2;228;181;191m██[38;2;203;154;170m██[38;2;154;115;129m██[38;2;0;0;0m      [38;2;47;54;59m██[38;2;82;95;104m██[38;2;0;0;0m            
[38;2;0;0;0m            [38;2;25;23;21m██[38;2;176;151;154m██[38;2;247;211;214m██[38;2;145;128;130m██[38;2;133;119;121m██[38;2;133;117;120m██[38;2;236;188;197m██[38;2;203;154;170m██[38;2;0;0;0m        [38;2;35;41;44m    [38;2;0;0;0m            
[38;2;0;0;0m            [38;2;12;10;10m  [38;2;120;114;118m██[38;2;250;231;237m██[38;2;250;235;237m██[38;2;129;117;120m██[38;2;230;188;197m██[38;2;171;132;145m██[38;2;203;154;170m██[38;2;77;57;64m  [38;2;0;0;0m                      
[38;2;0;0;0m                [38;2;47;48;48m  [38;2;239;239;239m██[38;2;201;187;192m██[38;2;114;96;105m██[38;2;203;165;177m██[38;2;177;139;151m██[38;2;179;138;153m██[38;2;62;51;57m██[38;2;35;36;40m  [38;2;0;0;0m                  
[38;2;0;0;0m                [38;2;0;1;2m  [38;2;143;145;146m██[38;2;255;255;255m██[38;2;219;209;215m██[38;2;97;90;96m██[38;2;148;133;142m████[38;2;142;144;157m██[38;2;35;36;40m  [38;2;0;0;0m                  
[38;2;0;0;0m                [38;2;82;85;93m██[38;2;153;158;173m██[38;2;215;217;227m██[38;2;215;215;218m██[38;2;192;192;198m██[38;2;192;195;211m██[38;2;165;170;186m██[38;2;153;158;173m██[38;2;106;109;120m  [38;2;0;0;0m                  
[38;2;0;0;0m                [38;2;47;48;53m██[38;2;11;12;13m  [38;2;107;107;108m██[38;2;211;213;213m██[38;2;94;94;95m██[38;2;154;158;173m██[38;2;130;134;146m██[38;2;11;12;13m  [38;2;0;0;0m                    [0m
