
[38;2;0;0;0m        [38;2;15;6;3m  [38;2;5;2;1m██[38;2;0;0;0m                                  
[38;2;0;0;0m        [38;2;104;42;23m██[38;2;5;2;1m  [38;2;0;0;0m        [38;2;64;26;14m██[38;2;0;0;0m                        
[38;2;0;0;0m    [38;2;13;5;3m  [38;2;157;63;35m██[38;2;0;0;0m            [38;2;64;26;14m  [38;2;181;73;40m██[38;2;0;0;0m                      
[38;2;0;0;0m    [38;2;145;63;37m██[38;2;66;31;22m██[38;2;0;0;0m              [38;2;181;73;40m██[38;2;64;26;14m  [38;2;0;0;0m                    
[38;2;0;0;0m  [38;2;35;14;8m  [38;2;157;69;43m██[38;2;39;34;31m██[38;2;18;16;5m  [38;2;48;45;15m██[38;2;192;180;65m██[38;2;151;142;50m██[38;2;33;31;15m██[38;2;33;31;13m██[38;2;12;12;13m  [38;2;155;74;48m██[38;2;86;34;19m██[38;2;0;0;0m                    
[38;2;0;0;0m  [38;2;141;57;32m██[38;2;104;82;68m██[38;2;80;77;74m██[38;2;150;137;49m██[38;2;186;174;61m██[38;2;192;179;63m████[38;2;118;113;64m██[38;2;178;167;68m██[38;2;74;74;60m██[38;2;79;79;71m██[38;2;86;34;19m██[38;2;0;0;0m                    
[38;2;47;19;10m██[38;2;162;75;47m██[38;2;92;91;79m██[38;2;104;103;93m██[38;2;109;105;65m██[38;2;192;180;63m██[38;2;180;169;64m██[38;2;86;84;70m██[38;2;117;108;60m██[38;2;165;156;73m██[38;2;82;82;83m██[38;2;79;79;71m██[38;2;120;68;55m██[38;2;45;42;15m  [38;2;0;0;0m                  
[38;2;47;19;10m██[38;2;102;79;64m██[38;2;98;99;88m██[38;2;79;80;72m██[38;2;159;149;60m██[38;2;187;175;62m██[38;2;146;138;64m██[38;2;199;198;196m██[38;2;143;94;73m██[38;2;77;75;68m██[38;2;90;88;80m██[38;2;155;74;48m██[38;2;111;78;60m██[38;2;187;176;69m██[38;2;0;1;5m  [38;2;0;0;0m            [38;2;16;16;14m  [38;2;20;20;17m  
[38;2;47;19;10m██[38;2;101;77;64m██[38;2;92;94;85m██[38;2;12;13;11m  [38;2;148;138;50m██[38;2;186;175;64m██[38;2;126;122;66m██[38;2;113;77;69m██[38;2;153;81;70m██[38;2;75;75;72m██[38;2;92;91;79m██[38;2;181;73;40m██[38;2;137;108;59m██[38;2;69;67;43m██[38;2;79;74;31m██[38;2;0;0;0m            [38;2;97;97;85m██[38;2;20;20;17m  
[38;2;47;19;10m██[38;2;101;77;64m██[38;2;70;70;64m██[38;2;0;0;0m  [38;2;65;61;22m██[38;2;113;112;72m██[38;2;84;90;73m██[38;2;143;81;77m██[38;2;93;93;83m██[38;2;101;102;89m██[38;2;120;80;60m██[38;2;181;73;40m██[38;2;106;102;59m██[38;2;122;116;56m██[38;2;120;112;57m██[38;2;0;0;0m          [38;2;53;53;46m  [38;2;80;80;70m██[38;2;0;0;0m  
[38;2;35;14;8m  [38;2;171;69;38m██[38;2;0;0;0m    [38;2;21;20;18m  [38;2;97;97;85m██[38;2;94;92;78m██[38;2;86;83;69m██[38;2;97;97;86m██[38;2;87;86;73m██[38;2;144;78;54m██[38;2;65;65;65m██[38;2;133;126;54m██[38;2;97;93;65m██[38;2;115;107;59m██[38;2;33;30;24m  [38;2;0;0;0m      [38;2;8;7;5m  [38;2;79;73;43m██[38;2;60;60;52m  [38;2;0;0;0m  
[38;2;0;0;0m  [38;2;141;57;32m██[38;2;0;0;0m      [38;2;22;22;30m  [38;2;93;86;50m██[38;2;100;95;66m██[38;2;103;99;63m██[38;2;153;76;52m██[38;2;139;70;51m██[38;2;93;93;83m██[38;2;75;69;64m██[38;2;192;181;65m██[38;2;175;164;62m██[38;2;78;75;58m██[38;2;0;0;0m      [38;2;34;31;11m██[38;2;150;138;59m██[38;2;0;0;0m    
[38;2;0;0;0m        [38;2;26;21;15m██[38;2;132;120;55m██[38;2;132;121;53m██[38;2;65;62;50m██[38;2;69;56;53m██[38;2;149;70;49m██[38;2;89;88;80m██[38;2;103;103;90m██[38;2;109;105;65m██[38;2;85;82;62m██[38;2;127;121;64m██[38;2;155;146;65m██[38;2;48;46;35m██[38;2;0;0;0m  [38;2;31;29;9m  [38;2;105;100;65m██[38;2;126;117;60m██[38;2;0;0;0m    
[38;2;0;0;0m        [38;2;125;91;56m██[38;2;103;97;52m██[38;2;21;20;13m  [38;2;0;0;0m  [38;2;19;7;4m  [38;2;74;72;69m██[38;2;94;93;85m██[38;2;104;103;93m██[38;2;89;89;81m██[38;2;141;133;53m██[38;2;127;121;64m██[38;2;163;154;65m██[38;2;115;110;65m██[38;2;141;133;49m██[38;2;120;115;59m██[38;2;146;139;62m██[38;2;63;60;34m██[38;2;0;0;0m    
[38;2;0;0;0m          [38;2;118;47;26m  [38;2;0;0;0m    [38;2;49;51;42m██[38;2;96;91;83m██[38;2;92;90;81m██[38;2;84;84;76m██[38;2;116;108;60m██[38;2;72;70;67m██[38;2;84;72;63m██[38;2;155;146;65m██[38;2;77;75;64m██[38;2;127;120;55m██[38;2;114;107;60m██[38;2;127;118;54m██[38;2;33;31;13m  [38;2;0;0;0m    
[38;2;0;0;0m            [38;2;30;30;27m  [38;2;78;77;69m██[38;2;93;91;82m██[38;2;77;74;67m██[38;2;109;103;66m██[38;2;86;84;74m██[38;2;93;90;73m██[38;2;94;93;83m██[38;2;79;70;66m██[38;2;146;77;54m██[38;2;113;108;58m██[38;2;76;74;64m██[38;2;146;136;55m██[38;2;16;16;14m  [38;2;0;0;0m      
[38;2;0;0;0m            [38;2;103;102;88m██[38;2;98;97;88m██[38;2;91;88;66m██[38;2;127;117;50m██[38;2;147;135;54m██[38;2;147;136;54m██[38;2;90;87;65m██[38;2;93;92;78m██[38;2;105;92;78m██[38;2;76;80;70m██[38;2;145;136;53m██[38;2;132;125;53m██[38;2;17;16;17m  [38;2;0;0;0m        
[38;2;0;0;0m            [38;2;49;49;42m██[38;2;127;120;62m██[38;2;145;136;54m██[38;2;130;118;54m██[38;2;88;82;39m██[38;2;145;136;54m████[38;2;106;100;68m██[38;2;71;71;62m██[38;2;97;97;82m██[38;2;128;118;58m██[38;2;32;29;12m  [38;2;0;0;0m          
[38;2;0;0;0m            [38;2;7;7;6m  [38;2;71;69;63m██[38;2;97;90;54m██[38;2;2;2;1m  [38;2;0;0;0m          [38;2;74;71;68m██[38;2;44;42;36m██[38;2;0;0;0m            
[38;2;0;0;0m          [38;2;96;52;53m  [38;2;76;55;51m██[38;2;80;77;69m██[38;2;65;62;59m██[38;2;2;2;2m  [38;2;0;0;0m        [38;2;27;27;27m  [38;2;80;76;68m██[38;2;74;72;67m██[38;2;60;40;41m  [38;2;0;3;2m  [38;2;0;0;0m        
[38;2;0;0;0m          [38;2;0;2;0m  [38;2;45;20;21m  [38;2;117;48;55m██[38;2;0;0;0m          [38;2;5;2;2m██[38;2;85;54;52m██[38;2;54;50;51m██[38;2;93;68;67m██[38;2;88;61;63m██[38;2;36;22;23m██[38;2;0;0;0m        
[38;2;0;0;0m                              [38;2;3;1;1m  [38;2;39;16;17m██[38;2;14;14;14m  [38;2;0;0;0m          [0m
