
[38;2;0;0;0m              [38;2;0;1;0m  [38;2;40;42;23m  [38;2;53;56;28m██[38;2;7;9;2m  [38;2;0;0;0m              
[38;2;0;0;0m            [38;2;0;1;0m  [38;2;73;81;109m██[38;2;206;207;122m██[38;2;219;221;127m██[38;2;35;39;19m██[38;2;0;0;0m              
[38;2;0;0;0m          [38;2;1;2;2m  [38;2;75;83;99m██[38;2;222;223;131m██[38;2;225;224;131m██[38;2;160;162;95m██[38;2;0;0;0m                
[38;2;0;0;0m        [38;2;0;1;0m  [38;2;56;73;121m██[38;2;165;172;140m██[38;2;224;223;131m██[38;2;225;224;131m██[38;2;40;42;23m  [38;2;0;0;0m                
[38;2;0;0;0m        [38;2;10;17;24m  [38;2;82;100;153m██[38;2;223;223;131m██[38;2;224;223;131m██[38;2;184;184;107m██[38;2;0;2;0m  [38;2;0;0;0m                
[38;2;0;0;0m        [38;2;30;48;74m██[38;2;187;190;134m██[38;2;223;223;131m██[38;2;224;223;131m██[38;2;61;64;36m██[38;2;0;0;0m                  
[38;2;0;0;0m      [38;2;0;3;0m  [38;2;92;111;155m██[38;2;225;224;131m██[38;2;223;224;131m██[38;2;209;210;110m██[38;2;86;91;37m██[38;2;0;0;0m                  
[38;2;0;0;0m    [38;2;0;1;0m  [38;2;52;81;133m  [38;2;147;162;151m██[38;2;222;223;131m██[38;2;207;205;101m██[38;2;207;208;111m██[38;2;204;205;105m██[38;2;0;2;0m  [38;2;0;0;0m                
[38;2;0;0;0m    [38;2;6;7;6m  [38;2;70;105;179m██[38;2;75;99;167m██[38;2;88;100;107m██[38;2;133;135;79m██[38;2;174;175;82m██[38;2;52;54;25m  [38;2;0;0;0m                  
[38;2;0;0;0m  [38;2;0;2;0m  [38;2;128;134;110m██[38;2;71;93;156m██[38;2;149;171;146m██[38;2;179;192;114m██[38;2;156;195;188m██[38;2;102;100;64m██[38;2;39;41;13m  [38;2;0;0;0m                  
[38;2;0;1;0m  [38;2;168;169;94m██[38;2;184;204;159m██[38;2;163;202;192m██[38;2;209;209;107m██[38;2;216;217;130m██[38;2;135;160;158m██[38;2;100;104;92m██[38;2;180;177;65m██[38;2;47;49;16m██[38;2;7;9;2m  [38;2;0;0;0m              
[38;2;46;48;27m  [38;2;187;183;71m██[38;2;164;212;234m██[38;2;187;187;75m██[38;2;222;223;131m██[38;2;105;104;82m██[38;2;85;86;79m██[38;2;146;185;201m██[38;2;154;152;65m██[38;2;189;185;63m██[38;2;149;147;51m██[38;2;0;1;0m  [38;2;0;0;0m            
[38;2;46;48;27m  [38;2;157;200;209m██[38;2;158;206;229m██[38;2;162;165;88m██[38;2;116;109;76m██[38;2;242;244;244m██[38;2;77;79;82m██[38;2;112;130;134m██[38;2;163;160;65m██[38;2;189;185;63m██[38;2;149;147;51m██[38;2;0;1;0m  [38;2;0;0;0m            
[38;2;0;1;0m  [38;2;130;173;192m██[38;2;99;118;157m██[38;2;194;209;217m██[38;2;244;237;209m██[38;2;112;113;114m██[38;2;114;122;125m██[38;2;86;84;65m██[38;2;189;184;63m██[38;2;47;49;16m██[38;2;7;9;2m  [38;2;0;0;0m              
[38;2;27;35;48m██[38;2;94;108;153m██[38;2;148;196;211m██[38;2;120;156;168m██[38;2;58;79;86m  [38;2;104;118;129m██[38;2;81;85;90m██[38;2;181;178;63m██[38;2;39;41;13m  [38;2;0;0;0m                  
[38;2;43;59;66m██[38;2;150;198;223m██[38;2;31;44;44m██[38;2;3;1;1m  [38;2;0;0;0m  [38;2;10;11;13m██[38;2;72;77;97m██[38;2;39;41;13m  [38;2;0;0;0m                    
[38;2;0;0;0m  [38;2;0;3;0m  [38;2;0;0;0m    [38;2;0;2;0m  [38;2;65;89;155m██[38;2;76;90;128m██[38;2;11;14;15m  [38;2;0;0;0m          [38;2;0;0;2m  [38;2;0;0;0m        
[38;2;0;0;0m        [38;2;27;44;70m  [38;2;70;111;186m██[38;2;107;139;167m██[38;2;71;70;69m██[38;2;39;41;13m  [38;2;0;0;0m      [38;2;0;2;0m  [38;2;87;121;157m██[38;2;0;2;0m  [38;2;0;0;0m      
[38;2;0;0;0m        [38;2;37;57;90m██[38;2;70;111;186m██[38;2;107;134;153m██[38;2;84;94;100m██[38;2;154;152;65m██[38;2;0;2;0m  [38;2;0;0;0m  [38;2;0;1;0m  [38;2;69;106;178m██[38;2;136;181;202m██[38;2;132;153;170m██[38;2;0;1;0m  [38;2;0;0;0m    
[38;2;0;0;0m      [38;2;0;2;0m  [38;2;130;138;167m██[38;2;76;93;157m██[38;2;64;81;117m██[38;2;133;179;211m██[38;2;126;134;93m██[38;2;120;122;71m  [38;2;0;0;0m  [38;2;0;1;0m  [38;2;69;106;178m██[38;2;19;27;28m  [38;2;38;47;50m██[38;2;40;49;52m  [38;2;0;0;0m    
[38;2;0;0;0m      [38;2;0;3;0m  [38;2;187;191;214m██[38;2;118;126;171m██[38;2;87;120;170m██[38;2;78;88;94m██[38;2;104;112;95m██[38;2;222;223;131m██[38;2;52;54;33m██[38;2;15;21;24m  [38;2;72;109;182m██[38;2;0;2;0m  [38;2;7;12;10m██[38;2;62;74;80m██[38;2;7;8;9m  [38;2;9;12;12m  
[38;2;0;0;0m      [38;2;0;3;0m  [38;2;255;255;255m██[38;2;236;240;245m██[38;2;65;94;151m██[38;2;80;88;93m██[38;2;139;181;201m██[38;2;137;137;96m██[38;2;191;189;121m██[38;2;70;86;107m██[38;2;133;180;220m██[38;2;0;2;0m  [38;2;1;3;2m  [38;2;89;102;110m██[38;2;58;66;72m██[38;2;38;47;50m██
[38;2;0;0;0m    [38;2;0;1;0m  [38;2;132;153;170m██[38;2;133;133;133m██[38;2;87;89;87m██[38;2;82;82;83m██[38;2;77;100;147m██[38;2;104;140;173m██[38;2;113;123;110m██[38;2;158;177;152m██[38;2;87;106;132m██[38;2;151;201;228m██[38;2;0;2;0m  [38;2;0;0;0m  [38;2;64;76;82m  [38;2;134;155;173m██[38;2;29;36;37m  
[38;2;0;0;0m    [38;2;0;1;0m  [38;2;79;83;89m██[38;2;34;35;34m██[38;2;63;62;63m██[38;2;66;68;70m██[38;2;70;75;85m██[38;2;74;81;99m██[38;2;103;109;101m██[38;2;117;151;174m██[38;2;126;163;187m██[38;2;154;205;230m██[38;2;0;2;0m  [38;2;0;0;0m  [38;2;0;2;0m  [38;2;116;135;150m██[38;2;0;1;0m  
[38;2;0;0;0m    [38;2;25;27;25m██[38;2;65;64;65m██[38;2;32;34;32m██[38;2;0;3;0m  [38;2;0;2;0m  [38;2;93;92;92m██[38;2;78;82;93m██[38;2;94;97;94m██[38;2;60;64;80m██[38;2;152;205;234m██[38;2;8;15;12m██[38;2;0;0;0m      [38;2;0;2;0m  [38;2;0;0;0m  
[38;2;0;0;0m  [38;2;0;2;0m  [38;2;68;70;68m██[38;2;65;65;65m██[38;2;32;34;32m██[38;2;0;3;0m  [38;2;0;2;0m  [38;2;89;91;89m██[38;2;71;70;71m██[38;2;95;97;95m██[38;2;70;70;70m██[38;2;110;147;163m██[38;2;2;3;3m  [38;2;0;0;0m          
[38;2;0;0;0m  [38;2;0;2;0m  [38;2;59;58;59m██[38;2;19;22;19m██[38;2;66;71;81m██[38;2;0;3;0m  [38;2;0;2;0m  [38;2;78;81;78m██[38;2;35;37;35m██[38;2;81;82;81m██[38;2;93;91;93m██[38;2;30;32;30m  [38;2;0;0;0m            
[38;2;0;0;0m  [38;2;0;2;0m  [38;2;49;48;49m██[38;2;65;63;65m██[38;2;68;89;127m██[38;2;46;47;46m  [38;2;43;46;43m  [38;2;78;81;78m██[38;2;0;1;0m  [38;2;37;38;37m██[38;2;77;76;77m██[38;2;45;46;45m  [38;2;0;0;0m            
[38;2;0;0;0m    [38;2;0;3;0m    [38;2;25;26;31m  [38;2;73;73;73m██[38;2;86;87;86m██[38;2;63;66;63m██[38;2;6;8;6m  [38;2;13;16;13m  [38;2;70;69;70m██[38;2;0;3;0m  [38;2;0;0;0m            
[38;2;0;0;0m          [38;2;22;25;22m  [38;2;14;17;14m  [38;2;3;5;3m  [38;2;6;8;6m  [38;2;0;0;0m  [38;2;0;1;0m  [38;2;0;0;0m              [0m
