
[38;2;0;0;0m                          [38;2;62;61;44m  [38;2;31;31;22m  [38;2;0;0;0m                            
[38;2;0;0;0m                        [38;2;191;187;134m██[38;2;253;248;179m██[38;2;223;218;157m██[38;2;151;131;109m  [38;2;0;0;0m  [38;2;191;187;135m██[38;2;154;154;119m██[38;2;0;0;0m                    
[38;2;0;0;0m                    [38;2;27;27;27m  [38;2;245;245;245m██[38;2;255;249;190m██[38;2;208;204;151m██[38;2;221;206;159m██[38;2;215;198;156m██[38;2;254;249;179m██████[38;2;238;233;191m██[38;2;25;24;20m  [38;2;0;0;0m                
[38;2;0;0;0m                    [38;2;218;214;162m██[38;2;255;254;245m██[38;2;189;187;176m██[38;2;169;148;126m██[38;2;170;161;128m██[38;2;112;110;93m██[38;2;188;184;139m██[38;2;254;249;179m██[38;2;254;248;179m██[38;2;255;253;242m██[38;2;216;213;196m██[38;2;0;0;0m                
[38;2;0;0;0m                [38;2;25;24;17m  [38;2;225;217;161m██[38;2;232;220;166m██[38;2;203;188;182m██[38;2;181;155;134m██[38;2;141;116;118m██[38;2;133;118;115m██[38;2;203;178;147m██[38;2;123;108;102m██[38;2;255;249;182m██[38;2;255;254;246m██[38;2;255;253;236m██[38;2;254;251;221m██[38;2;55;54;39m  [38;2;0;0;0m              
[38;2;0;0;0m                [38;2;66;58;52m██[38;2;234;222;168m██[38;2;193;189;142m██[38;2;182;158;141m██[38;2;161;121;146m██[38;2;191;148;172m██[38;2;191;137;198m██[38;2;161;123;141m██[38;2;154;131;130m██[38;2;119;116;98m██[38;2;255;248;190m██[38;2;218;202;158m██[38;2;254;249;179m██[38;2;223;218;158m██[38;2;0;0;0m              
[38;2;0;0;0m                [38;2;180;157;138m██[38;2;247;241;175m██[38;2;157;142;130m██[38;2;158;151;157m██[38;2;216;185;208m██[38;2;208;149;211m██[38;2;213;154;213m██[38;2;223;171;223m██[38;2;185;135;185m██[38;2;74;73;70m██[38;2;254;249;179m██[38;2;250;243;177m██[38;2;233;221;167m██[38;2;254;249;179m██[38;2;92;90;65m██[38;2;0;0;0m            
[38;2;0;0;0m    [38;2;45;32;46m  [38;2;115;81;116m██[38;2;0;0;0m      [38;2;135;118;97m  [38;2;184;167;139m██[38;2;254;249;179m██[38;2;118;96;119m██[38;2;218;172;221m██[38;2;199;171;202m██[38;2;205;148;212m██[38;2;230;192;227m██[38;2;66;65;66m██[38;2;228;183;226m██[38;2;169;126;171m██[38;2;193;189;142m██[38;2;253;247;179m██[38;2;225;210;162m██[38;2;254;249;180m██[38;2;96;92;71m██[38;2;0;0;0m            
[38;2;0;0;0m    [38;2;67;51;69m██[38;2;207;146;210m██[38;2;25;16;25m  [38;2;0;0;0m  [38;2;18;17;14m  [38;2;171;149;127m██[38;2;202;187;150m██[38;2;210;206;153m██[38;2;128;96;128m██[38;2;209;148;207m██[38;2;185;137;189m██[38;2;161;122;162m██[38;2;186;126;178m██[38;2;228;200;223m██[38;2;224;178;222m██[38;2;200;144;205m██[38;2;173;169;130m██[38;2;254;249;179m██[38;2;222;207;160m██[38;2;251;245;178m██[38;2;196;187;146m██[38;2;0;0;0m            
[38;2;39;28;41m  [38;2;153;111;159m██[38;2;117;85;117m██[38;2;149;105;152m██[38;2;137;92;139m██[38;2;17;11;17m  [38;2;106;96;80m██[38;2;146;123;118m██[38;2;255;250;179m██[38;2;81;80;74m██[38;2;137;84;127m██[38;2;163;112;164m██[38;2;173;134;158m██[38;2;104;94;96m██[38;2;230;154;184m██[38;2;220;155;198m██[38;2;187;132;190m██[38;2;157;110;159m██[38;2;173;169;130m██[38;2;254;249;179m██[38;2;222;207;160m██[38;2;241;233;172m██[38;2;181;155;136m██[38;2;41;40;41m  [38;2;0;0;0m    [38;2;78;53;78m  [38;2;119;86;123m  [38;2;0;0;0m  
[38;2;13;10;13m  [38;2;130;98;135m██[38;2;167;117;174m██[38;2;150;99;151m██[38;2;141;97;142m██[38;2;152;102;155m██[38;2;115;105;95m██[38;2;146;120;118m██[38;2;218;200;156m██[38;2;80;78;74m██[38;2;162;137;123m██[38;2;133;89;128m██[38;2;167;103;133m██[38;2;112;80;97m██[38;2;163;101;122m██[38;2;136;82;118m██[38;2;150;99;150m██[38;2;145;97;145m██[38;2;173;169;130m██[38;2;242;234;172m██[38;2;211;197;155m██[38;2;228;215;164m██[38;2;91;82;81m██[38;2;201;143;205m██[38;2;64;47;64m██[38;2;6;4;6m  [38;2;160;112;160m██[38;2;119;86;123m  [38;2;0;0;0m  
[38;2;0;0;0m  [38;2;0;1;0m  [38;2;56;40;56m██[38;2;99;72;102m██[38;2;183;133;190m██[38;2;155;109;160m██[38;2;77;74;72m██[38;2;134;110;111m██[38;2;203;179;147m██[38;2;76;74;72m██[38;2;154;119;97m██[38;2;209;173;102m██[38;2;122;74;113m██[38;2;155;96;131m██[38;2;95;75;82m██[38;2;86;72;86m██[38;2;121;86;121m██[38;2;147;97;147m██[38;2;151;139;116m██[38;2;205;181;148m██[38;2;170;146;131m██[38;2;195;171;143m██[38;2;158;137;122m██[38;2;117;94;119m██[38;2;155;108;156m██[38;2;119;79;119m██[38;2;160;109;162m██[38;2;39;33;41m  [38;2;0;1;0m  
[38;2;0;0;0m      [38;2;0;4;0m  [38;2;146;108;151m██[38;2;107;92;105m██[38;2;161;158;155m██[38;2;161;144;123m██[38;2;165;139;127m██[38;2;77;73;72m██[38;2;212;154;105m██[38;2;175;120;97m██[38;2;179;144;95m██[38;2;110;102;75m██[38;2;233;187;105m██[38;2;239;188;102m██[38;2;174;156;92m██[38;2;72;69;71m██[38;2;204;178;147m██[38;2;199;174;145m██[38;2;178;153;134m██[38;2;196;171;144m██[38;2;181;155;136m██[38;2;101;94;94m██[38;2;126;91;127m██[38;2;147;103;147m██[38;2;152;108;157m██[38;2;181;135;189m██[38;2;26;20;27m██
[38;2;0;0;0m        [38;2;7;7;7m  [38;2;43;42;41m  [38;2;169;167;159m██[38;2;80;79;79m██[38;2;165;139;125m██[38;2;173;151;129m██[38;2;140;80;88m██[38;2;197;92;106m██[38;2;217;185;88m██[38;2;209;126;105m██[38;2;240;96;68m██[38;2;219;97;90m██[38;2;215;156;106m██[38;2;72;69;77m██[38;2;202;179;147m██[38;2;158;132;124m██[38;2;196;173;144m██[38;2;194;171;144m██[38;2;181;155;136m██[38;2;108;103;97m██[38;2;168;152;156m██[38;2;76;65;77m██[38;2;10;7;10m  [38;2;51;37;53m██[38;2;13;9;13m  
[38;2;0;0;0m            [38;2;135;130;124m██[38;2;142;139;136m██[38;2;60;52;44m  [38;2;200;174;144m██[38;2;126;117;84m██[38;2;173;141;66m██[38;2;94;69;67m██[38;2;207;163;101m██[38;2;195;114;95m██[38;2;172;140;96m██[38;2;114;99;79m██[38;2;205;177;147m██[38;2;185;161;136m██[38;2;77;73;72m██[38;2;205;179;147m██[38;2;141;118;118m██[38;2;129;127;118m██[38;2;243;243;242m██[38;2;159;157;152m██[38;2;0;0;0m        
[38;2;0;0;0m                [38;2;0;5;9m  [38;2;103;75;67m██[38;2;143;128;106m██[38;2;162;82;94m██[38;2;168;85;84m██[38;2;166;85;92m██[38;2;96;89;64m██[38;2;99;89;75m██[38;2;122;108;98m██[38;2;199;173;144m██[38;2;136;88;91m██[38;2;77;73;72m██[38;2;205;178;147m██[38;2;32;26;27m██[38;2;168;167;165m██[38;2;169;165;160m██[38;2;61;59;56m██[38;2;0;0;0m        
[38;2;0;0;0m              [38;2;0;1;1m  [38;2;59;35;36m██[38;2;233;101;68m██[38;2;112;72;63m██[38;2;183;85;96m██[38;2;216;83;63m██[38;2;188;87;94m██[38;2;180;84;95m██[38;2;66;65;68m██[38;2;142;126;113m██[38;2;103;70;72m██[38;2;121;76;82m██[38;2;206;170;144m██[38;2;68;58;50m██[38;2;0;0;0m                
[38;2;0;0;0m            [38;2;53;25;28m  [38;2;142;74;81m██[38;2;153;73;65m██[38;2;250;96;57m██[38;2;254;97;60m██[38;2;164;65;73m██[38;2;255;97;56m██[38;2;161;64;73m██[38;2;197;95;104m██[38;2;206;91;79m██[38;2;185;88;83m██[38;2;191;90;87m██[38;2;178;88;100m██[38;2;114;86;85m██[38;2;147;85;88m██[38;2;0;0;0m                
[38;2;0;0;0m            [38;2;5;5;5m  [38;2;100;65;57m██[38;2;254;97;58m██[38;2;254;97;60m██[38;2;214;82;64m██[38;2;249;95;60m██[38;2;242;94;67m██[38;2;169;70;78m██[38;2;197;95;104m██[38;2;212;95;90m██[38;2;225;95;80m██[38;2;250;95;57m██[38;2;180;80;92m██[38;2;197;95;104m██[38;2;190;90;100m██[38;2;179;86;96m██[38;2;49;23;26m██[38;2;0;0;0m            
[38;2;0;0;0m            [38;2;197;78;48m██[38;2;249;96;57m██[38;2;254;97;57m████[38;2;204;79;66m██[38;2;252;96;60m██[38;2;208;82;68m██[38;2;204;82;76m██[38;2;197;95;104m██[38;2;212;95;90m██[38;2;247;96;63m██[38;2;253;96;59m██[38;2;195;78;73m██[38;2;197;95;104m██[38;2;190;90;100m██[38;2;160;70;80m██[38;2;74;41;45m██[38;2;0;0;0m            
[38;2;0;0;0m                [38;2;75;28;16m  [38;2;126;50;54m██[38;2;255;97;56m██[38;2;254;97;59m██[38;2;254;98;64m██[38;2;119;50;59m██[38;2;147;71;78m██[38;2;197;94;103m██[38;2;227;95;79m██[38;2;254;97;59m██[38;2;218;83;48m██[38;2;147;71;78m████[38;2;147;71;79m██[38;2;141;72;79m██[38;2;0;0;0m            
[38;2;0;0;0m                    [38;2;63;24;14m██████[38;2;1;0;0m  [38;2;0;0;0m  [38;2;49;23;26m██[38;2;56;23;19m██[38;2;63;24;14m██[38;2;27;10;6m  [38;2;0;0;0m                    [0m
