
[38;2;0;0;0m                            [38;2;66;42;21m██████[38;2;0;0;0m                        
[38;2;0;0;0m                          [38;2;195;125;62m  [38;2;255;163;81m██████[38;2;198;127;63m████[38;2;181;116;58m  [38;2;0;0;0m                  
[38;2;0;0;0m                        [38;2;35;22;11m  [38;2;251;162;81m██[38;2;248;155;83m██[38;2;219;141;84m██[38;2;217;139;84m██[38;2;255;163;81m██████[38;2;147;94;47m██[38;2;0;0;0m                
[38;2;0;0;0m                        [38;2;74;48;41m██[38;2;253;162;82m██[38;2;234;134;85m██[38;2;234;150;83m██[38;2;255;163;81m██████████[38;2;0;0;0m                
[38;2;0;0;0m                      [38;2;82;52;26m  [38;2;255;163;81m██████████████████[38;2;234;150;75m██[38;2;31;20;10m  [38;2;0;0;0m            
[38;2;0;0;0m                      [38;2;241;155;77m██[38;2;255;163;81m████[38;2;127;68;50m██[38;2;39;25;12m██[38;2;255;163;81m████████████[38;2;232;149;74m██[38;2;0;0;0m            
[38;2;0;0;0m  [38;2;75;48;24m  [38;2;255;163;81m██[38;2;233;134;86m██[38;2;0;0;0m                [38;2;201;123;69m██[38;2;2;1;0m  [38;2;0;0;0m    [38;2;84;54;27m  [38;2;255;163;81m████████████[38;2;215;138;69m██[38;2;0;0;0m          
[38;2;0;0;0m  [38;2;197;127;63m██[38;2;255;163;81m████[38;2;154;99;49m  [38;2;0;0;0m              [38;2;11;5;4m  [38;2;0;0;0m        [38;2;37;24;12m██[38;2;255;163;81m██████████[38;2;215;138;69m██[38;2;0;0;0m          
[38;2;27;17;8m  [38;2;221;142;71m██[38;2;231;151;79m██[38;2;91;84;80m██[38;2;117;82;50m██[38;2;0;0;0m                [38;2;105;67;33m  [38;2;0;0;0m  [38;2;1;1;0m  [38;2;49;32;16m  [38;2;7;4;2m  [38;2;208;134;67m██[38;2;250;161;82m  [38;2;206;132;85m██[38;2;255;163;81m████[38;2;0;0;0m            
[38;2;65;42;21m██[38;2;255;163;81m██[38;2;77;76;77m██[38;2;81;89;105m██[38;2;43;43;43m██[38;2;0;0;0m          [38;2;136;87;43m  [38;2;0;0;0m    [38;2;211;107;87m██[38;2;0;0;0m  [38;2;3;1;1m██[38;2;100;50;41m██[38;2;0;0;0m  [38;2;8;5;2m  [38;2;154;100;88m██[38;2;248;159;82m██[38;2;255;163;81m████[38;2;0;0;0m            
[38;2;55;27;23m██[38;2;230;130;86m██[38;2;69;72;77m██[38;2;68;69;72m██[38;2;209;134;67m██[38;2;18;11;5m  [38;2;0;0;0m        [38;2;157;78;66m██[38;2;11;5;4m██[38;2;13;13;13m  [38;2;142;86;77m██[38;2;29;29;29m██[38;2;144;86;78m██[38;2;99;76;76m██[38;2;29;29;29m██[38;2;157;106;59m██[38;2;255;163;81m████[38;2;252;160;82m██[38;2;233;134;86m██[38;2;199;116;72m██[38;2;0;0;0m          
[38;2;1;0;0m  [38;2;166;82;70m██[38;2;167;93;82m██[38;2;215;143;78m██[38;2;241;145;84m██[38;2;209;104;88m██[38;2;0;0;0m        [38;2;29;28;28m██[38;2;240;155;79m██[38;2;64;64;64m██[38;2;136;89;89m██[38;2;137;89;89m████[38;2;100;76;76m██[38;2;74;70;65m██[38;2;188;121;86m██[38;2;255;163;81m████[38;2;218;113;88m██[38;2;228;127;87m██[38;2;214;137;69m██[38;2;0;0;0m          
[38;2;0;0;0m  [38;2;82;41;34m  [38;2;125;91;94m██[38;2;143;107;75m██[38;2;212;105;89m██[38;2;123;61;51m██[38;2;0;0;0m          [38;2;120;77;38m██[38;2;255;163;81m██[38;2;161;115;73m██[38;2;160;114;73m████[38;2;210;140;78m██[38;2;252;162;82m██[38;2;196;126;86m██[38;2;255;163;81m██[38;2;242;146;84m██[38;2;213;105;89m████[38;2;0;0;0m            
[38;2;0;0;0m    [38;2;202;169;153m██[38;2;201;169;153m██[38;2;0;0;0m          [38;2;4;4;4m  [38;2;112;71;36m██[38;2;255;163;81m██[38;2;99;50;41m██[38;2;249;159;80m██[38;2;254;162;82m██[38;2;253;161;82m██[38;2;213;105;89m██[38;2;207;104;89m██[38;2;205;131;85m██[38;2;213;106;89m██[38;2;213;105;89m██[38;2;212;105;89m██[38;2;118;79;74m██[38;2;118;77;76m██[38;2;0;0;0m          
[38;2;0;0;0m    [38;2;60;50;45m██[38;2;38;32;29m██[38;2;0;0;0m    [38;2;87;79;79m  [38;2;0;0;0m  [38;2;54;54;54m  [38;2;244;244;244m██[38;2;165;98;58m██[38;2;255;163;81m██[38;2;200;128;64m██[38;2;137;88;44m██[38;2;97;48;41m██████[38;2;180;99;89m██[38;2;213;105;89m██[38;2;213;106;89m██[38;2;213;105;89m██[38;2;132;86;79m██[38;2;148;117;112m██[38;2;152;125;117m██[38;2;0;0;0m          
[38;2;0;0;0m    [38;2;70;63;63m  [38;2;252;227;227m██[38;2;10;9;9m  [38;2;3;3;3m  [38;2;190;173;173m██[38;2;12;12;12m██[38;2;125;83;76m██[38;2;249;234;231m██[38;2;231;130;86m██[38;2;255;163;81m██[38;2;253;162;82m██[38;2;216;115;99m██[38;2;227;177;169m██[38;2;254;252;252m██[38;2;235;139;90m██[38;2;5;5;6m██[38;2;120;62;54m██[38;2;200;99;84m  [38;2;87;43;36m██[38;2;170;140;131m██[38;2;182;151;142m██[38;2;0;0;0m            
[38;2;0;0;0m      [38;2;206;186;186m██[38;2;174;143;143m  [38;2;170;156;156m██[38;2;184;168;168m██[38;2;184;169;169m██[38;2;150;119;96m██[38;2;238;141;85m██[38;2;244;150;83m██[38;2;255;163;81m██[38;2;233;159;132m██[38;2;254;253;253m██[38;2;201;201;201m██[38;2;230;168;159m██[38;2;234;153;119m██[38;2;90;97;112m██[38;2;194;175;175m██[38;2;37;37;37m██[38;2;143;78;69m██[38;2;26;23;23m██[38;2;243;217;216m██[38;2;124;112;112m  [38;2;0;0;0m          
[38;2;0;0;0m        [38;2;19;19;19m  [38;2;75;73;71m██[38;2;135;125;124m██[38;2;160;117;117m██[38;2;186;171;177m██[38;2;83;91;107m██[38;2;252;160;82m██[38;2;255;163;81m██[38;2;207;107;90m██[38;2;217;111;89m██[38;2;236;137;85m██[38;2;254;163;82m██[38;2;163;128;102m██[38;2;255;230;230m██[38;2;146;136;136m██[38;2;179;147;138m██[38;2;122;107;104m██[38;2;75;72;72m██[38;2;167;149;149m██[38;2;253;227;227m██[38;2;84;75;75m██[38;2;0;0;0m        
[38;2;0;0;0m          [38;2;173;145;131m██[38;2;84;76;72m██[38;2;199;173;164m██[38;2;228;197;197m██[38;2;194;181;186m██[38;2;173;109;94m██[38;2;151;118;96m██[38;2;169;149;142m██[38;2;227;127;87m██[38;2;188;123;91m██[38;2;148;119;98m██[38;2;224;205;208m██[38;2;253;228;227m██[38;2;182;158;148m██[38;2;108;96;93m██[38;2;125;115;113m██[38;2;249;223;223m██[38;2;193;155;155m██[38;2;169;132;132m██[38;2;132;112;106m██[38;2;69;45;45m  [38;2;0;0;0m      
[38;2;0;0;0m        [38;2;86;72;65m██[38;2;180;151;137m██[38;2;0;0;0m    [38;2;193;167;159m██[38;2;245;219;217m██[38;2;190;178;184m██[38;2;106;109;123m██[38;2;255;230;230m██[38;2;108;111;125m██[38;2;180;169;176m██[38;2;254;229;229m██[38;2;247;221;219m██[38;2;205;171;156m████[38;2;176;150;137m██[38;2;157;135;124m██[38;2;60;59;59m██[38;2;195;178;178m██[38;2;106;98;96m██[38;2;141;103;98m██[38;2;171;143;130m██[38;2;8;7;6m  [38;2;0;0;0m    
[38;2;0;0;0m      [38;2;74;48;48m  [38;2;175;135;126m██[38;2;31;26;24m██[38;2;0;0;0m      [38;2;63;53;48m  [38;2;137;120;117m██[38;2;221;190;180m██[38;2;222;191;181m████[38;2;178;137;137m████[38;2;184;146;135m██[38;2;200;168;152m██[38;2;112;101;95m██[38;2;149;128;118m██[38;2;69;58;53m██[38;2;10;9;9m  [38;2;194;175;175m██[38;2;218;197;197m██[38;2;7;7;7m  [38;2;95;80;72m██[38;2;155;130;118m██[38;2;0;0;0m    
[38;2;0;0;0m    [38;2;49;41;37m  [38;2;168;141;127m██[38;2;0;0;0m                  [38;2;112;72;72m  [38;2;168;141;127m████[38;2;139;105;98m██[38;2;0;0;0m          [38;2;162;146;146m██[38;2;222;200;200m██[38;2;15;13;13m  [38;2;31;26;24m  [38;2;147;104;101m██[38;2;129;94;91m██[38;2;10;9;8m  
[38;2;0;0;0m                                            [38;2;48;44;44m  [38;2;255;229;229m██[38;2;83;75;75m██[38;2;0;0;0m  [38;2;29;19;19m  [38;2;68;61;56m██[38;2;17;15;14m  
[38;2;0;0;0m                                              [38;2;189;165;165m██[38;2;156;110;110m██[38;2;45;41;41m  [38;2;0;0;0m      
[38;2;0;0;0m                                              [38;2;5;3;3m  [38;2;56;47;47m██[38;2;53;48;48m  [38;2;0;0;0m      [0m
