
[38;2;0;0;0m                    [38;2;28;30;33m  [38;2;5;5;5m  [38;2;0;0;0m                    
[38;2;0;0;0m                  [38;2;22;24;27m  [38;2;115;124;143m██[38;2;5;5;5m  [38;2;0;0;0m                    
[38;2;0;0;0m                [38;2;4;4;4m  [38;2;88;92;100m██[38;2;79;83;91m██[38;2;5;5;5m  [38;2;0;0;0m                    
[38;2;0;0;0m                [38;2;40;40;40m  [38;2;110;119;135m██[38;2;28;29;30m██[38;2;0;0;0m                      
[38;2;0;0;0m                [38;2;68;74;86m██[38;2;68;70;73m██[38;2;70;72;76m██[38;2;66;55;38m  [38;2;3;3;3m  [38;2;0;0;0m    [38;2;1;1;1m  [38;2;112;112;112m██[38;2;3;3;3m  [38;2;0;0;0m        
[38;2;0;0;0m        [38;2;3;3;3m  [38;2;6;6;6m  [38;2;0;0;0m  [38;2;25;23;20m  [38;2;120;112;100m██[38;2;78;85;98m██[38;2;158;135;96m██[38;2;194;162;107m██[38;2;192;159;105m██[38;2;6;6;6m  [38;2;0;0;0m  [38;2;3;3;3m  [38;2;248;248;248m██[38;2;87;95;95m  [38;2;6;6;6m  [38;2;0;0;0m      
[38;2;0;0;0m        [38;2;3;3;3m  [38;2;100;109;127m██[38;2;50;53;57m██[38;2;197;164;110m██[38;2;214;191;153m██[38;2;156;142;120m██[38;2;199;167;115m██[38;2;113;103;86m██[38;2;74;78;86m██[38;2;49;51;56m██[38;2;0;0;0m  [38;2;116;116;116m██[38;2;217;225;225m██[38;2;235;238;238m██[38;2;6;6;6m  [38;2;0;0;0m      
[38;2;0;0;0m          [38;2;7;7;7m██[38;2;103;112;130m██[38;2;77;74;69m██[38;2;195;163;108m██[38;2;166;141;99m██[38;2;69;70;71m██[38;2;103;110;124m██[38;2;66;66;66m██[38;2;8;7;7m  [38;2;9;9;9m  [38;2;242;242;242m██[38;2;66;67;68m██[38;2;111;111;111m██[38;2;0;0;0m        
[38;2;0;0;0m          [38;2;7;7;7m██[38;2;86;92;104m██[38;2;100;105;114m██[38;2;117;104;82m██[38;2;97;102;114m██[38;2;87;91;99m██[38;2;74;79;87m██[38;2;75;79;88m██[38;2;79;69;58m██[38;2;66;65;63m██[38;2;109;111;116m██[38;2;81;89;105m██[38;2;53;53;53m██[38;2;3;3;3m  [38;2;0;0;0m      
[38;2;0;0;0m        [38;2;3;3;3m  [38;2;161;129;81m██[38;2;67;67;69m██[38;2;78;84;97m██[38;2;96;102;114m██[38;2;70;72;76m██[38;2;79;86;100m██[38;2;120;111;96m██[38;2;89;83;73m██[38;2;74;79;87m██[38;2;80;87;102m██[38;2;82;83;87m██[38;2;79;86;100m██[38;2;82;83;87m██[38;2;16;17;19m  [38;2;0;0;0m      
[38;2;0;0;0m        [38;2;3;3;3m  [38;2;95;85;70m██[38;2;73;77;85m██[38;2;67;68;69m██[38;2;71;74;80m██[38;2;62;64;68m██[38;2;145;145;145m██[38;2;183;164;131m██[38;2;82;85;90m██[38;2;73;76;83m██[38;2;70;72;77m██[38;2;138;130;117m██[38;2;171;156;133m██[38;2;114;99;76m██[38;2;78;86;100m██[38;2;20;20;20m  [38;2;0;0;0m    
[38;2;0;0;0m          [38;2;7;7;7m██[38;2;67;68;70m██[38;2;186;156;105m██[38;2;142;119;83m██[38;2;195;163;108m██[38;2;174;146;100m██[38;2;73;76;83m██[38;2;68;70;73m██[38;2;78;84;96m████[38;2;121;115;105m██[38;2;161;129;81m██[38;2;176;144;93m██[38;2;65;66;67m██[38;2;27;29;33m  [38;2;0;0;0m    
[38;2;0;0;0m          [38;2;1;1;1m  [38;2;53;57;66m██[38;2;102;92;76m██[38;2;186;153;100m██[38;2;95;88;75m██[38;2;83;85;91m██[38;2;69;71;75m██[38;2;185;180;139m██[38;2;134;130;93m██[38;2;77;82;94m██[38;2;113;102;85m██[38;2;187;155;102m██[38;2;179;146;95m██[38;2;18;18;18m  [38;2;0;0;0m      
[38;2;1;1;1m  [38;2;26;28;32m██[38;2;20;21;24m  [38;2;0;0;0m    [38;2;66;55;38m██[38;2;95;85;71m██[38;2;81;88;103m██[38;2;70;73;78m██[38;2;81;88;103m██[38;2;77;82;93m██[38;2;160;156;123m██[38;2;211;197;129m██[38;2;163;138;97m██[38;2;79;83;92m██[38;2;74;79;87m██[38;2;70;73;78m██[38;2;130;113;84m██[38;2;156;127;82m██[38;2;2;2;2m  [38;2;0;0;0m    
[38;2;1;1;1m  [38;2;68;74;88m██[38;2;78;85;100m██[38;2;11;12;13m  [38;2;79;67;45m  [38;2;195;163;108m██[38;2;15;15;15m██[38;2;68;69;71m██[38;2;77;82;93m██[38;2;67;68;70m██[38;2;125;105;75m██[38;2;174;146;96m██[38;2;167;136;87m██[38;2;166;133;85m██[38;2;75;72;67m██[38;2;67;67;69m██[38;2;81;89;105m██[38;2;52;52;55m██[38;2;193;160;106m██[38;2;65;54;37m  [38;2;0;0;0m    
[38;2;0;0;0m  [38;2;56;45;30m  [38;2;81;89;105m████[38;2;105;97;86m██[38;2;7;7;7m██[38;2;1;1;1m  [38;2;39;37;34m  [38;2;113;96;72m██[38;2;130;106;73m██[38;2;81;76;68m██[38;2;121;117;88m████[38;2;109;93;72m██[38;2;67;66;66m██[38;2;81;89;105m██[38;2;72;75;81m██[38;2;18;19;22m  [38;2;90;75;51m  [38;2;188;155;102m██[38;2;5;5;5m  [38;2;0;0;0m  
[38;2;55;46;32m  [38;2;165;133;85m██[38;2;72;75;82m██[38;2;81;90;105m██[38;2;81;89;104m██[38;2;77;84;99m██[38;2;45;49;57m  [38;2;70;68;66m██[38;2;144;116;77m██[38;2;123;99;71m██[38;2;90;82;70m██[38;2;172;141;91m██[38;2;196;165;108m██[38;2;127;103;72m██[38;2;155;125;81m██[38;2;73;77;85m██[38;2;81;89;105m██[38;2;79;87;102m██[38;2;85;80;72m██[38;2;83;69;47m██[38;2;0;0;0m    
[38;2;3;3;3m    [38;2;51;52;55m██[38;2;81;88;104m██[38;2;81;89;105m  ████[38;2;43;42;42m██[38;2;122;102;78m██[38;2;124;103;73m██[38;2;81;69;51m██[38;2;136;109;74m████[38;2;135;111;76m██[38;2;124;109;84m██[38;2;99;91;76m██[38;2;81;89;105m████[38;2;78;86;101m██[38;2;17;19;21m  [38;2;10;11;12m  [38;2;16;17;19m██
[38;2;0;0;0m    [38;2;3;3;3m  [38;2;75;82;97m██[38;2;81;89;105m████[38;2;33;33;33m  [38;2;0;0;0m  [38;2;53;58;68m  [38;2;70;77;88m██[38;2;2;2;2m  [38;2;48;39;26m  [38;2;157;126;80m██[38;2;6;6;6m    [38;2;72;76;83m██[38;2;81;89;105m██[38;2;81;89;106m████[38;2;81;89;105m████[38;2;26;29;33m  
[38;2;0;0;0m  [38;2;5;5;5m  [38;2;61;66;78m██[38;2;73;77;85m██[38;2;55;58;63m██[38;2;39;43;50m██[38;2;1;1;1m  [38;2;0;0;0m  [38;2;4;4;4m  [38;2;134;132;109m██[38;2;102;85;61m██[38;2;3;3;3m    [38;2;1;1;1m  [38;2;3;3;3m  [38;2;59;62;70m██[38;2;81;89;105m██████[38;2;76;81;91m██[38;2;68;74;88m██[38;2;1;1;1m  
[38;2;0;0;0m    [38;2;6;6;6m    [38;2;3;3;3m  [38;2;0;0;0m      [38;2;45;46;47m██[38;2;135;112;78m██[38;2;128;107;77m██[38;2;5;5;5m  [38;2;0;0;0m  [38;2;2;2;2m  [38;2;68;74;87m  [38;2;80;87;101m██[38;2;81;89;105m██████[38;2;74;81;95m██[38;2;5;5;5m  [38;2;0;0;0m  
[38;2;0;0;0m                [38;2;54;59;70m██[38;2;37;39;42m██[38;2;42;44;49m██[38;2;1;1;1m  [38;2;0;0;0m    [38;2;2;2;2m  [38;2;49;52;56m██[38;2;71;74;80m████[38;2;30;33;38m  [38;2;2;2;2m  [38;2;0;0;0m    
[38;2;0;0;0m                [38;2;45;49;57m  [38;2;17;18;20m  [38;2;22;24;27m  [38;2;0;0;0m        [38;2;41;44;51m██[38;2;7;7;7m██[38;2;41;44;52m██[38;2;0;0;0m        
[38;2;0;0;0m                [38;2;1;1;1m  [38;2;0;0;0m            [38;2;13;14;16m  [38;2;1;1;1m  [38;2;13;14;16m  [38;2;0;0;0m        [0m
