
[38;2;0;0;0m                  [38;2;8;8;9m  [38;2;60;58;62m████[38;2;13;13;14m  [38;2;0;0;0m  [38;2;54;53;56m  [38;2;64;63;66m████[38;2;32;31;33m  [38;2;0;0;0m            
[38;2;0;0;0m                  [38;2;187;184;193m██[38;2;231;228;241m██[38;2;211;207;217m██[38;2;177;174;182m██[38;2;102;83;88m██[38;2;245;240;244m██[38;2;250;249;255m██[38;2;246;245;255m██[38;2;210;209;220m██[38;2;182;179;188m  [38;2;0;0;0m          
[38;2;0;0;0m                  [38;2;161;155;155m██[38;2;192;189;198m██[38;2;194;191;202m██[38;2;109;105;106m██[38;2;141;105;115m██[38;2;211;207;216m██[38;2;160;149;151m██[38;2;185;183;190m██[38;2;235;234;246m██[38;2;237;233;246m██[38;2;143;142;150m██[38;2;71;70;75m██[38;2;72;71;74m██[38;2;0;0;0m    
[38;2;0;0;0m                  [38;2;156;149;148m██[38;2;101;99;99m██[38;2;155;96;109m██[38;2;71;70;72m██[38;2;155;92;104m██[38;2;171;166;171m██[38;2;117;80;87m██[38;2;73;66;68m██[38;2;235;234;246m████[38;2;234;233;247m██[38;2;228;223;237m██[38;2;183;177;178m██[38;2;88;81;82m██[38;2;17;15;15m  
[38;2;0;0;0m                  [38;2;17;16;17m  [38;2;160;155;156m██[38;2;83;72;70m██[38;2;131;94;86m██[38;2;217;139;113m██[38;2;143;103;88m██[38;2;143;100;90m██[38;2;128;92;85m██[38;2;159;154;152m██[38;2;218;211;224m  [38;2;197;193;203m██[38;2;200;197;205m██[38;2;137;136;133m██[38;2;115;109;106m██[38;2;31;29;28m██
[38;2;0;0;0m                  [38;2;8;10;13m  [38;2;78;70;71m██[38;2;185;154;102m██[38;2;233;160;106m██[38;2;178;115;70m██[38;2;238;163;107m██[38;2;215;151;100m██[38;2;237;162;107m██[38;2;150;116;90m██[38;2;83;76;74m██[38;2;139;109;86m██[38;2;175;169;166m██[38;2;135;132;127m██[38;2;115;109;105m██[38;2;31;29;28m██
[38;2;0;0;0m          [38;2;52;43;39m  [38;2;71;59;53m██[38;2;101;83;75m██[38;2;124;82;84m██[38;2;82;76;77m██[38;2;195;172;109m██[38;2;108;87;74m██[38;2;158;104;66m██[38;2;190;145;105m██[38;2;178;132;79m██[38;2;181;128;77m██[38;2;234;161;103m██[38;2;154;113;82m██[38;2;194;127;77m██[38;2;116;88;70m██[38;2;177;171;169m██[38;2;153;149;145m██[38;2;64;61;60m██[38;2;11;11;11m  
[38;2;0;0;0m      [38;2;113;92;86m  [38;2;109;86;78m██[38;2;136;112;103m██[38;2;138;114;102m██[38;2;8;11;6m██[38;2;57;36;39m██[38;2;199;196;206m██[38;2;195;175;110m██[38;2;159;140;93m██[38;2;196;137;91m██[38;2;135;133;122m██[38;2;195;178;122m██[38;2;212;171;104m██[38;2;232;160;102m██[38;2;104;79;64m██[38;2;139;82;46m██[38;2;115;82;62m██[38;2;68;67;68m██[38;2;15;15;14m██[38;2;0;0;0m    
[38;2;0;0;0m      [38;2;107;85;77m██[38;2;139;113;104m██[38;2;119;100;91m██[38;2;37;32;28m  [38;2;0;0;0m    [38;2;206;204;208m██[38;2;178;177;181m██[38;2;172;171;172m████[38;2;161;143;98m██[38;2;141;135;117m██[38;2;152;145;129m██[38;2;142;129;116m██[38;2;123;83;61m██[38;2;128;90;65m██[38;2;93;80;72m██[38;2;39;33;30m  [38;2;0;0;0m      
[38;2;0;0;0m      [38;2;123;101;93m██[38;2;163;109;111m██[38;2;192;103;120m██[38;2;0;0;0m      [38;2;38;38;40m██[38;2;236;233;246m██[38;2;75;71;71m██[38;2;215;202;180m██[38;2;246;246;246m██[38;2;233;236;239m██[38;2;238;239;245m██[38;2;231;226;238m██[38;2;230;226;238m██[38;2;65;64;65m██[38;2;103;84;78m██[38;2;99;81;77m██[38;2;22;22;26m  [38;2;0;0;0m    
[38;2;0;0;0m    [38;2;48;40;36m██[38;2;137;113;104m██[38;2;113;79;79m██[38;2;102;54;64m██[38;2;0;0;0m      [38;2;82;50;29m██[38;2;119;117;122m██[38;2;163;126;96m██[38;2;103;87;77m██[38;2;210;208;218m██[38;2;148;113;85m██[38;2;155;152;157m██[38;2;124;88;68m██[38;2;104;85;70m██[38;2;145;112;84m██[38;2;104;79;81m██[38;2;105;78;78m██[38;2;93;81;79m██[38;2;0;0;0m    
[38;2;0;0;0m    [38;2;139;113;105m██[38;2;139;113;104m██[38;2;0;0;0m        [38;2;114;65;34m██[38;2;189;109;56m██[38;2;103;78;62m██[38;2;65;64;65m████[38;2;183;180;189m██[38;2;163;112;72m██[38;2;182;115;68m██[38;2;72;66;64m██[38;2;207;143;90m██[38;2;197;105;123m██[38;2;175;90;106m██[38;2;68;69;66m██[38;2;36;30;27m██[38;2;0;0;0m    
[38;2;0;0;0m  [38;2;39;35;30m  [38;2;139;115;105m██[38;2;139;113;104m██[38;2;0;0;0m      [38;2;105;62;33m██[38;2;177;125;83m██[38;2;133;85;95m██[38;2;143;103;87m██[38;2;238;165;105m██[38;2;219;144;89m██[38;2;145;105;76m██[38;2;150;113;84m██[38;2;89;73;70m██[38;2;209;130;97m██[38;2;224;150;110m██[38;2;211;131;111m██[38;2;172;91;87m██[38;2;68;66;66m██[38;2;36;30;27m██[38;2;0;0;0m    
[38;2;37;30;28m██[38;2;135;111;103m██[38;2;137;113;104m██[38;2;141;112;104m██[38;2;114;61;71m██[38;2;0;0;0m    [38;2;184;108;57m██[38;2;213;131;115m██[38;2;203;116;119m██[38;2;123;99;79m██[38;2;231;162;104m██[38;2;235;166;105m██[38;2;209;125;117m██[38;2;234;166;106m██[38;2;170;127;90m██[38;2;72;68;66m██[38;2;236;163;105m██[38;2;249;161;95m██[38;2;108;82;63m██[38;2;102;84;78m██[38;2;103;84;79m██[38;2;0;0;0m    
[38;2;16;13;12m  [38;2;89;75;67m██[38;2;138;114;104m██[38;2;161;110;111m██[38;2;197;105;123m██[38;2;4;2;2m██[38;2;0;0;0m  [38;2;6;4;2m  [38;2;102;72;46m██[38;2;121;86;54m██[38;2;237;162;99m██[38;2;104;85;73m██[38;2;236;163;101m██[38;2;229;158;108m██[38;2;232;163;107m██[38;2;227;152;109m██[38;2;214;131;115m██[38;2;195;114;78m██[38;2;73;46;27m  [38;2;17;15;15m  [38;2;102;84;78m██[38;2;65;53;49m██[38;2;0;0;0m    
[38;2;0;0;0m  [38;2;0;2;0m  [38;2;131;109;99m██[38;2;139;113;104m██[38;2;99;83;76m██[38;2;1;1;1m  [38;2;0;0;0m        [38;2;40;37;40m  [38;2;156;109;74m██[38;2;148;109;76m██[38;2;230;161;101m██[38;2;199;110;117m██[38;2;201;124;98m██[38;2;160;72;89m██[38;2;96;56;45m██[38;2;0;0;0m  [38;2;59;49;46m██[38;2;90;75;70m██[38;2;0;0;0m      
[38;2;0;0;0m    [38;2;49;40;36m██[38;2;139;113;104m██[38;2;113;93;86m██[38;2;1;1;1m  [38;2;0;0;0m  [38;2;7;3;4m  [38;2;119;63;74m██[38;2;102;54;63m  [38;2;0;0;0m  [38;2;99;57;30m██[38;2;149;94;61m██[38;2;112;80;63m██[38;2;167;91;70m██[38;2;178;92;75m██[38;2;110;68;76m██[38;2;120;116;116m██[38;2;110;107;105m██[38;2;139;131;129m██[38;2;31;28;28m  [38;2;0;0;0m      
[38;2;0;0;0m      [38;2;122;101;93m██[38;2;139;113;104m██[38;2;137;113;103m██[38;2;17;14;13m██[38;2;140;112;105m██[38;2;196;105;123m██[38;2;197;105;123m██[38;2;66;40;48m██[38;2;76;75;77m██[38;2;80;78;78m██[38;2;170;101;60m██[38;2;93;81;76m██[38;2;74;72;73m██[38;2;172;167;165m██[38;2;135;132;131m██[38;2;90;89;91m██[38;2;209;204;209m██[38;2;163;158;156m██[38;2;23;22;22m██[38;2;127;122;121m  [38;2;0;0;0m  
[38;2;0;0;0m    [38;2;24;19;18m  [38;2;110;89;83m██[38;2;139;113;105m██[38;2;138;113;104m████[38;2;115;94;87m██[38;2;172;100;111m██[38;2;188;105;118m██[38;2;87;71;73m██[38;2;179;173;172m██[38;2;179;172;172m██[38;2;140;135;134m██[38;2;174;168;166m██[38;2;178;174;176m██[38;2;213;210;217m██[38;2;209;203;209m██[38;2;238;234;246m████[38;2;172;166;164m██[38;2;77;75;74m██[38;2;0;0;0m    
[38;2;0;0;0m    [38;2;30;24;23m  [38;2;101;82;77m██[38;2;94;78;72m██[38;2;131;108;98m██[38;2;116;96;88m██[38;2;102;84;78m████[38;2;98;79;75m██[38;2;150;146;141m██[38;2;179;173;171m██[38;2;179;172;172m██[38;2;237;234;245m████[38;2;236;234;246m██[38;2;235;234;246m██[38;2;237;234;246m██[38;2;180;174;173m██[38;2;200;195;198m██[38;2;133;128;127m  [38;2;0;0;0m      
[38;2;0;0;0m      [38;2;27;23;21m  [38;2;17;14;13m  [38;2;30;25;23m  [38;2;69;56;52m██[38;2;104;84;79m████[38;2;93;86;83m██[38;2;154;147;146m██[38;2;179;172;172m██[38;2;211;206;211m██[38;2;235;234;246m████████[38;2;218;213;221m██[38;2;179;172;172m██[38;2;109;105;104m██[38;2;0;0;0m        
[38;2;0;0;0m              [38;2;4;4;3m  [38;2;93;77;71m██[38;2;104;84;79m██[38;2;64;59;55m██[38;2;179;173;172m██[38;2;179;172;172m██[38;2;148;145;153m██[38;2;188;187;193m██[38;2;204;201;205m██[38;2;179;172;172m██[38;2;161;155;154m██[38;2;0;0;0m            
[38;2;0;0;0m                [38;2;16;13;12m  [38;2;27;21;20m██[38;2;8;7;6m  [38;2;46;45;44m██[38;2;46;44;44m██[38;2;0;0;0m  [38;2;1;0;0m  [38;2;43;42;43m██[38;2;46;44;44m██[38;2;24;23;23m  [38;2;0;0;0m            [0m
