
[38;2;0;0;0m              [38;2;10;4;1m  [38;2;60;26;8m██[38;2;43;19;6m  [38;2;55;33;14m  [38;2;23;10;3m  [38;2;3;1;0m  [38;2;0;0;0m          
[38;2;0;0;0m        [38;2;0;3;6m  [38;2;190;115;57m  [38;2;132;74;32m  [38;2;147;106;69m██[38;2;125;67;35m██[38;2;135;94;78m██[38;2;223;180;45m██[38;2;68;59;62m██[38;2;182;100;47m██[38;2;0;4;9m  [38;2;0;0;0m        
[38;2;0;0;0m        [38;2;58;66;36m██[38;2;235;158;69m██[38;2;233;136;59m██[38;2;211;152;99m██[38;2;234;208;179m██[38;2;145;123;96m██[38;2;231;205;43m██[38;2;213;197;60m██[38;2;86;62;36m██[38;2;73;39;22m  [38;2;0;0;0m        
[38;2;0;0;0m      [38;2;105;170;63m  [38;2;140;168;69m██[38;2;81;85;65m██[38;2;249;147;65m████[38;2;197;139;86m██[38;2;126;84;49m██[38;2;78;76;63m██[38;2;243;227;42m██[38;2;231;180;54m██[38;2;111;86;27m  [38;2;0;0;0m        
[38;2;0;0;0m        [38;2;81;122;55m██[38;2;121;193;73m██[38;2;91;124;69m██[38;2;163;110;65m██[38;2;151;104;65m██[38;2;246;149;65m██[38;2;249;189;136m██[38;2;144;92;58m██[38;2;146;101;64m██[38;2;156;122;95m██[38;2;113;85;71m██[38;2;0;0;0m      
[38;2;0;0;0m        [38;2;98;123;69m██[38;2;65;64;65m████[38;2;95;78;65m██[38;2;246;149;65m██[38;2;248;178;113m██[38;2;240;166;109m██[38;2;175;115;65m██[38;2;238;143;65m██[38;2;247;148;65m██[38;2;240;240;240m██[38;2;0;0;0m      
[38;2;0;0;0m        [38;2;153;190;108m██[38;2;198;246;140m████[38;2;93;78;64m██[38;2;228;135;59m██[38;2;231;118;41m██[38;2;239;140;64m██[38;2;165;128;65m██[38;2;236;144;65m██[38;2;246;148;65m██[38;2;230;121;47m██[38;2;173;98;41m██[38;2;0;0;0m    
[38;2;0;0;0m        [38;2;198;246;140m██[38;2;199;245;141m██[38;2;192;234;138m██[38;2;200;192;110m██[38;2;192;122;67m██[38;2;231;140;65m██[38;2;229;141;65m██[38;2;99;101;65m██[38;2;75;80;65m██[38;2;229;141;65m██[38;2;229;140;64m██[38;2;86;52;22m  [38;2;0;0;0m    
[38;2;0;0;0m        [38;2;92;109;71m██[38;2;112;129;92m██[38;2;156;160;140m██[38;2;197;197;197m██[38;2;205;204;205m██[38;2;152;151;152m██[38;2;134;160;104m██[38;2;103;131;68m██[38;2;121;193;73m██[38;2;101;149;70m██[38;2;96;140;66m██[38;2;0;0;0m      
[38;2;0;0;0m        [38;2;118;123;57m██[38;2;234;216;197m██[38;2;245;197;161m██[38;2;255;255;255m██[38;2;235;161;117m██[38;2;194;130;85m██[38;2;156;160;140m██[38;2;128;151;80m██[38;2;111;169;71m██[38;2;117;185;73m██[38;2;122;198;73m██[38;2;47;77;28m██[38;2;0;0;0m    
[38;2;24;39;14m  [38;2;89;143;53m██[38;2;0;0;5m  [38;2;135;168;95m  [38;2;157;193;87m██[38;2;95;90;72m██[38;2;253;243;236m██[38;2;255;255;255m██[38;2;241;172;127m██[38;2;239;168;122m██[38;2;96;97;93m██[38;2;167;211;99m██[38;2;72;76;57m██[38;2;88;105;69m██[38;2;78;97;64m██[38;2;13;21;7m  [38;2;0;0;0m    
[38;2;34;55;21m██[38;2;107;167;68m██[38;2;133;165;96m██[38;2;162;206;93m██[38;2;131;156;96m██[38;2;97;111;71m██[38;2;104;98;65m██[38;2;203;202;203m██[38;2;203;202;200m██[38;2;173;172;161m██[38;2;70;67;66m██[38;2;178;223;115m██[38;2;194;245;124m██[38;2;97;119;53m██[38;2;99;131;37m██[38;2;0;0;0m      
[38;2;10;10;10m  [38;2;51;61;44m██[38;2;193;242;134m██[38;2;196;245;138m██[38;2;80;117;68m██[38;2;73;135;59m██[38;2;151;137;74m██[38;2;213;199;45m██[38;2;213;197;56m██[38;2;183;170;60m██[38;2;216;199;53m██[38;2;127;150;92m██[38;2;158;202;88m██[38;2;184;231;124m██[38;2;73;81;52m██[38;2;33;46;10m  [38;2;0;0;0m    
[38;2;0;0;0m    [38;2;125;156;88m██[38;2;6;8;4m  [38;2;65;104;50m██[38;2;87;114;65m██[38;2;95;109;68m██[38;2;191;179;48m██[38;2;191;182;88m██[38;2;122;120;98m██[38;2;73;73;74m██[38;2;99;130;80m██[38;2;196;242;139m██[38;2;198;246;136m██[38;2;118;140;86m██[38;2;59;88;45m██[38;2;0;0;0m    
[38;2;0;0;0m        [38;2;93;114;67m██[38;2;194;241;134m██[38;2;165;209;101m██[38;2;134;158;94m██[38;2;161;166;165m██[38;2;171;176;176m██[38;2;67;66;67m██[38;2;75;96;67m██[38;2;78;83;72m██[38;2;73;80;71m██[38;2;91;145;69m██[38;2;105;182;68m██[38;2;111;180;67m██[38;2;31;50;18m  
[38;2;0;0;0m      [38;2;0;0;3m  [38;2;199;248;139m██[38;2;156;199;91m██[38;2;144;188;77m██[38;2;198;245;136m██[38;2;145;174;109m██[38;2;115;141;74m██[38;2;197;246;139m██[38;2;165;212;120m██[38;2;124;146;98m██[38;2;94;137;69m██[38;2;124;194;72m  [38;2;106;183;68m██[38;2;91;163;60m██[38;2;18;30;11m  
[38;2;0;0;0m      [38;2;64;79;49m██[38;2;121;157;63m██[38;2;197;246;139m██[38;2;200;246;142m████[38;2;197;246;139m██[38;2;171;217;109m██[38;2;181;229;121m██[38;2;200;246;142m██[38;2;197;246;139m██[38;2;167;218;105m██[38;2;65;64;65m████[38;2;0;0;0m    
[38;2;0;0;0m      [38;2;69;146;53m██[38;2;81;102;44m██[38;2;170;214;107m██[38;2;186;234;125m██[38;2;200;245;142m██[38;2;197;245;139m██[38;2;157;202;90m██[38;2;140;183;72m██[38;2;170;215;103m████[38;2;147;190;73m██[38;2;65;69;64m██[38;2;53;113;41m██[38;2;0;0;0m    
[38;2;0;0;0m        [38;2;44;60;19m  [38;2;135;180;59m██[38;2;147;188;73m████████[38;2;111;151;37m██[38;2;147;188;73m██[38;2;148;189;74m██[38;2;88;120;53m██[38;2;81;153;64m██[38;2;73;156;56m██[38;2;0;0;0m    
[38;2;0;0;0m          [38;2;2;3;2m  [38;2;85;97;42m██[38;2;105;121;70m██[38;2;150;187;75m██[38;2;142;177;72m██[38;2;86;104;50m██[38;2;104;116;52m██[38;2;56;71;28m██[38;2;1;0;2m  [38;2;29;55;23m██[38;2;55;117;42m██[38;2;0;0;0m    
[38;2;0;0;0m            [38;2;123;113;33m  [38;2;120;130;64m██[38;2;86;83;61m██[38;2;84;82;61m██[38;2;131;132;60m██[38;2;119;113;38m  [38;2;0;0;1m  [38;2;0;0;0m          
[38;2;0;0;0m                [38;2;50;46;17m  [38;2;46;43;20m██[38;2;8;7;4m  [38;2;0;0;0m              [0m
