
[38;2;0;0;0m                            [38;2;49;49;25m  [38;2;0;0;0m                  
[38;2;0;0;0m                      [38;2;0;2;0m  [38;2;150;144;85m  [38;2;150;142;78m  [38;2;191;180;96m██[38;2;0;1;0m  [38;2;0;0;0m                
[38;2;0;0;0m                  [38;2;0;0;1m  [38;2;74;72;41m██[38;2;115;93;81m██[38;2;240;227;130m██[38;2;240;225;123m██[38;2;207;194;107m██[38;2;16;16;10m  [38;2;76;74;39m██[38;2;19;19;9m  [38;2;0;0;0m            
[38;2;0;0;0m                  [38;2;0;0;6m  [38;2;172;161;97m██[38;2;238;220;127m██[38;2;223;202;143m██[38;2;255;239;131m██[38;2;214;192;145m██[38;2;192;172;121m██[38;2;222;209;125m██[38;2;30;33;26m██[38;2;0;0;0m            
[38;2;0;0;0m            [38;2;0;1;0m  [38;2;37;53;22m██[38;2;12;18;7m  [38;2;123;166;75m██[38;2;91;104;77m██[38;2;169;161;109m██[38;2;214;202;123m██[38;2;189;174;131m██[38;2;194;173;143m██[38;2;168;150;129m██[38;2;86;93;80m██[38;2;134;175;88m██[38;2;37;53;22m    [38;2;0;3;0m  [38;2;0;0;0m  [38;2;0;1;0m  [38;2;0;0;0m  
[38;2;0;0;0m        [38;2;31;45;19m  [38;2;31;45;24m  [38;2;32;45;24m  [38;2;145;191;86m██[38;2;135;177;80m██[38;2;150;198;89m██[38;2;150;189;95m██[38;2;88;92;79m██[38;2;151;133;117m██[38;2;152;133;117m██[38;2;125;110;101m██[38;2;98;85;85m██[38;2;139;184;88m██[38;2;149;198;90m██[38;2;145;191;86m████[38;2;102;129;61m  [38;2;1;3;3m  [38;2;95;129;58m  [38;2;0;0;0m  
[38;2;0;0;0m      [38;2;0;1;0m  [38;2;63;78;50m██[38;2;153;197;96m██[38;2;104;138;65m██[38;2;149;198;89m████[38;2;162;209;101m██[38;2;141;175;95m██[38;2;124;129;98m██[38;2;140;125;112m████[38;2;140;125;113m██[38;2;152;132;120m██[38;2;90;102;75m██[38;2;165;212;106m██[38;2;149;197;91m██[38;2;149;193;94m██[38;2;138;178;82m██[38;2;134;178;82m██[38;2;119;160;74m██[38;2;8;11;9m  
[38;2;0;0;0m      [38;2;0;3;0m  [38;2;158;195;112m██[38;2;137;175;90m██[38;2;150;198;89m██[38;2;92;108;73m██[38;2;187;232;129m██[38;2;190;235;131m██[38;2;161;193;115m██[38;2;142;127;113m██[38;2;135;106;102m██████[38;2;158;140;125m██[38;2;96;108;82m██[38;2;191;236;133m██[38;2;186;234;127m██[38;2;101;120;76m██[38;2;151;198;89m██[38;2;148;198;89m██[38;2;119;135;103m██[38;2;44;53;39m██
[38;2;0;0;0m        [38;2;47;62;32m██[38;2;150;187;108m██[38;2;110;130;89m██[38;2;171;213;122m██[38;2;109;131;86m██[38;2;178;220;123m██[38;2;178;219;125m██[38;2;122;145;96m██[38;2;131;122;111m██[38;2;140;132;120m██[38;2;135;130;115m██[38;2;123;128;99m██[38;2;150;184;111m██[38;2;189;239;131m██[38;2;128;153;97m██[38;2;166;211;118m██[38;2;116;142;89m██[38;2;129;152;104m██[38;2;141;180;98m██[38;2;0;1;0m  
[38;2;0;0;0m        [38;2;2;4;1m  [38;2;146;182;100m██[38;2;185;228;129m██[38;2;191;237;131m██[38;2;156;193;114m██[38;2;158;195;115m██[38;2;101;113;84m██[38;2;189;234;131m██[38;2;153;188;112m██[38;2;154;189;114m██[38;2;96;106;82m██[38;2;190;233;131m██[38;2;154;190;113m██[38;2;160;198;116m██[38;2;96;107;82m██[38;2;191;236;131m██[38;2;189;234;130m██[38;2;187;235;131m██[38;2;8;13;5m  [38;2;0;0;0m  
[38;2;0;0;0m          [38;2;77;97;53m  [38;2;125;156;86m██[38;2;190;236;131m██[38;2;189;239;131m██[38;2;140;167;105m██[38;2;190;237;131m██[38;2;192;237;131m██[38;2;190;238;131m██[38;2;140;167;105m██[38;2;190;237;131m██[38;2;192;237;131m██[38;2;190;238;131m██[38;2;140;167;105m██[38;2;190;238;131m██[38;2;190;237;131m██[38;2;168;210;116m██[38;2;102;130;71m██[38;2;0;1;0m  [38;2;0;0;0m  
[38;2;0;0;0m  [38;2;0;3;0m  [38;2;0;0;0m        [38;2;0;1;2m  [38;2;50;62;40m██[38;2;98;111;83m██[38;2;191;237;131m██[38;2;192;237;131m████████████████[38;2;161;194;115m██[38;2;68;68;67m██[38;2;2;6;1m  [38;2;0;0;0m      
[38;2;42;59;27m██[38;2;184;232;126m██[38;2;70;91;49m  [38;2;0;0;0m      [38;2;56;59;34m██[38;2;187;210;122m██[38;2;179;180;179m██[38;2;56;52;51m██[38;2;110;132;80m██[38;2;122;150;92m██[38;2;188;210;152m██[38;2;129;150;103m██[38;2;127;152;98m████[38;2;136;121;106m████[38;2;152;135;117m██[38;2;222;201;143m██[38;2;95;91;49m  [38;2;0;0;0m      
[38;2;0;1;0m  [38;2;113;149;67m██[38;2;150;195;92m██[38;2;38;49;31m██[38;2;2;5;1m  [38;2;1;1;6m  [38;2;252;236;131m██[38;2;129;106;88m██[38;2;133;100;82m██[38;2;237;172;112m██[38;2;107;91;86m██[38;2;190;190;173m██[38;2;59;62;59m██[38;2;173;208;127m██[38;2;136;169;86m██[38;2;169;171;116m██[38;2;204;180;150m██[38;2;200;183;140m██[38;2;253;237;131m██[38;2;255;239;128m██[38;2;190;176;120m██[38;2;0;1;4m  [38;2;0;0;0m    
[38;2;0;0;0m  [38;2;52;70;31m  [38;2;149;197;91m██[38;2;132;172;83m██[38;2;130;176;79m██[38;2;76;80;55m██[38;2;213;197;118m██[38;2;165;132;105m██[38;2;239;174;107m██[38;2;204;149;100m██[38;2;222;165;104m██[38;2;228;194;155m██[38;2;154;147;137m██[38;2;179;207;121m██[38;2;160;193;107m██[38;2;166;153;101m██[38;2;255;239;131m██[38;2;150;140;108m██[38;2;138;129;108m██[38;2;209;194;132m██[38;2;172;160;116m██[38;2;43;43;29m██[38;2;0;0;0m    
[38;2;0;0;0m    [38;2;37;52;22m██[38;2;150;197;89m██[38;2;104;141;63m  [38;2;46;46;46m  [38;2;233;212;128m██[38;2;117;98;93m██[38;2;97;75;73m██[38;2;98;76;74m██[38;2;230;168;106m██[38;2;230;169;109m██[38;2;196;155;128m██[38;2;130;99;90m██[38;2;136;113;88m██[38;2;250;234;132m██[38;2;207;194;115m██[38;2;153;189;113m██[38;2;160;198;116m██[38;2;141;132;117m██[38;2;134;129;112m██[38;2;240;224;126m██[38;2;0;2;0m  [38;2;0;0;0m  
[38;2;0;0;0m    [38;2;37;52;22m██[38;2;151;198;89m██[38;2;0;3;0m  [38;2;0;1;0m  [38;2;97;90;78m██[38;2;208;192;134m██[38;2;131;98;81m██[38;2;158;117;97m██[38;2;116;86;84m██[38;2;145;92;93m██[38;2;157;104;90m██[38;2;172;131;102m██[38;2;140;113;98m██[38;2;162;143;127m██[38;2;175;160;110m██[38;2;83;87;83m██[38;2;174;218;120m██[38;2;150;184;111m██[38;2;81;100;61m██[38;2;7;9;8m  [38;2;0;0;0m    
[38;2;0;0;0m      [38;2;0;3;0m  [38;2;0;0;0m    [38;2;57;56;29m  [38;2;248;233;128m██[38;2;134;109;86m██[38;2;154;122;98m██[38;2;148;100;98m██[38;2;200;105;113m██[38;2;176;118;103m██[38;2;206;162;122m██[38;2;155;129;103m██[38;2;203;187;114m██[38;2;96;112;75m██[38;2;112;129;97m██[38;2;134;173;90m██[38;2;165;203;122m██[38;2;92;108;73m██[38;2;36;52;22m██[38;2;0;0;0m    
[38;2;0;0;0m            [38;2;0;1;0m  [38;2;168;151;106m██[38;2;188;171;129m██[38;2;148;115;93m██[38;2;157;135;122m██[38;2;157;136;124m██[38;2;169;140;125m██[38;2;148;116;103m██[38;2;200;182;131m██[38;2;110;100;87m██[38;2;182;236;123m██[38;2;153;200;96m██[38;2;135;173;90m██[38;2;146;185;102m██[38;2;128;168;81m██[38;2;14;20;9m  [38;2;0;0;0m    
[38;2;0;0;0m              [38;2;0;3;0m  [38;2;164;152;131m██[38;2;173;159;138m██[38;2;107;86;82m██[38;2;110;88;84m██[38;2;109;87;83m██[38;2;175;154;119m██[38;2;200;177;136m██[38;2;202;175;146m██[38;2;82;81;76m██[38;2;125;155;84m██[38;2;138;179;86m██[38;2;136;180;86m██[38;2;61;70;46m██[38;2;7;7;6m  [38;2;0;0;0m    
[38;2;0;0;0m              [38;2;73;100;44m  [38;2;134;141;107m██[38;2;177;161;133m██[38;2;175;157;136m██[38;2;200;174;146m██[38;2;181;161;138m██[38;2;134;127;116m██[38;2;175;159;139m██[38;2;175;157;136m██[38;2;197;172;145m██[38;2;114;109;100m██[38;2;102;99;93m██[38;2;158;139;120m██[38;2;185;167;139m██[38;2;135;120;102m██[38;2;0;1;0m  [38;2;0;0;0m  
[38;2;0;0;0m            [38;2;0;1;0m  [38;2;110;150;67m██[38;2;151;198;89m██[38;2;115;137;92m██[38;2;117;123;101m██[38;2;171;154;131m██[38;2;138;147;105m██[38;2;126;154;96m██[38;2;109;112;96m██[38;2;193;172;142m██[38;2;162;172;125m██[38;2;138;178;93m██[38;2;133;163;94m██[38;2;181;163;137m██[38;2;168;146;121m██[38;2;42;39;30m  [38;2;0;0;0m    
[38;2;0;0;0m              [38;2;33;47;20m  [38;2;148;198;89m██[38;2;148;189;98m██[38;2;92;116;64m██[38;2;53;51;40m██[38;2;33;37;29m██[38;2;55;57;50m██[38;2;122;142;99m██[38;2;120;116;105m██[38;2;170;203;124m██[38;2;180;223;127m██[38;2;85;96;71m██[38;2;60;57;44m██[38;2;0;1;0m  [38;2;0;0;0m      
[38;2;0;0;0m                [38;2;0;3;0m  [38;2;0;0;0m        [38;2;4;0;9m  [38;2;103;127;75m██[38;2;188;237;129m██[38;2;191;237;131m██[38;2;173;210;130m██[38;2;0;0;4m  [38;2;0;0;0m          
[38;2;0;0;0m                            [38;2;8;13;5m  [38;2;49;66;31m██[38;2;49;65;34m██[38;2;30;37;26m██[38;2;0;0;0m            [0m
