
[38;2;0;0;0m      [38;2;58;57;30m  [38;2;56;56;27m██[38;2;1;2;0m  [38;2;0;0;0m                                        
[38;2;0;0;0m    [38;2;68;66;35m  [38;2;202;179;94m██[38;2;197;171;82m██[38;2;148;128;64m██[38;2;0;1;0m  [38;2;0;0;0m                                      
[38;2;0;0;0m  [38;2;0;3;0m  [38;2;189;162;81m██[38;2;156;136;77m██[38;2;85;82;81m██[38;2;131;114;59m██[38;2;0;1;0m  [38;2;0;0;0m                      [38;2;2;1;0m  [38;2;54;51;24m██[38;2;73;71;38m  [38;2;0;1;0m  [38;2;0;0;0m        
[38;2;0;0;0m  [38;2;125;108;54m  [38;2;154;134;77m██[38;2;68;67;66m██[38;2;123;117;110m██[38;2;1;2;1m  [38;2;0;0;0m    [38;2;0;1;0m  [38;2;0;2;0m  [38;2;0;0;0m              [38;2;0;1;0m  [38;2;137;126;64m  [38;2;241;224;119m██[38;2;198;174;90m██[38;2;179;169;86m██[38;2;0;2;0m  [38;2;0;0;0m      
[38;2;0;1;0m  [38;2;152;131;63m██[38;2;146;128;74m██[38;2;105;104;102m██[38;2;75;76;71m  [38;2;0;0;0m    [38;2;3;4;2m  [38;2;150;142;99m██[38;2;148;141;77m  [38;2;0;0;0m    [38;2;63;62;32m██[38;2;0;1;0m  [38;2;0;0;0m      [38;2;0;1;0m  [38;2;183;173;105m  [38;2;98;95;86m██[38;2;193;187;146m██[38;2;229;209;112m██[38;2;211;197;101m  [38;2;31;29;14m  [38;2;0;0;0m    
[38;2;43;40;18m  [38;2;183;152;91m██[38;2;77;73;71m██[38;2;182;180;174m██[38;2;0;2;0m  [38;2;0;0;0m  [38;2;0;1;0m  [38;2;214;202;112m██[38;2;96;91;109m██[38;2;0;3;0m  [38;2;0;0;0m    [38;2;26;27;13m  [38;2;204;188;101m██[38;2;31;29;13m  [38;2;0;0;0m      [38;2;8;8;8m  [38;2;22;23;17m  [38;2;223;223;223m██[38;2;189;177;116m██[38;2;244;229;122m██[38;2;88;85;44m██[38;2;0;0;0m    
[38;2;45;41;23m██[38;2;165;139;86m██[38;2;97;89;74m██[38;2;182;180;174m██[38;2;0;2;0m  [38;2;0;0;0m  [38;2;48;47;25m  [38;2;185;175;106m██[38;2;89;82;123m██[38;2;183;181;175m  [38;2;26;28;24m  [38;2;4;7;4m  [38;2;107;107;107m██[38;2;191;177;105m██[38;2;193;167;84m██[38;2;46;42;19m  [38;2;0;0;0m      [38;2;0;1;0m  [38;2;157;158;157m██[38;2;106;102;128m██[38;2;188;177;105m  [38;2;246;230;128m██[38;2;2;3;4m  [38;2;0;0;0m  
[38;2;51;46;33m██[38;2;149;126;88m██[38;2;79;71;76m██[38;2;182;180;174m██[38;2;0;2;0m  [38;2;0;0;0m  [38;2;127;121;65m██[38;2;82;81;69m██[38;2;93;81;145m██[38;2;114;104;153m██[38;2;168;169;165m██[38;2;230;231;230m██[38;2;249;249;249m██[38;2;116;111;83m██[38;2;201;176;89m██[38;2;123;107;51m██[38;2;0;0;0m        [38;2;9;13;9m██[38;2;159;156;191m██[38;2;87;83;71m██[38;2;179;164;94m██[38;2;186;174;103m  [38;2;0;0;0m  
[38;2;50;46;22m██[38;2;191;162;77m██[38;2;74;70;93m██[38;2;68;66;74m██[38;2;133;126;120m██[38;2;35;33;25m██[38;2;219;205;123m██[38;2;85;79;95m██[38;2;153;146;170m██[38;2;136;125;151m██[38;2;115;104;139m██[38;2;95;84;115m██[38;2;86;75;128m██[38;2;146;145;146m██[38;2;218;205;119m██[38;2;189;162;81m  [38;2;21;22;9m██[38;2;0;0;0m      [38;2;5;7;6m  [38;2;152;154;162m██[38;2;86;80;92m██[38;2;168;145;106m██[38;2;205;193;99m██[38;2;0;1;0m  
[38;2;50;46;22m██[38;2;191;162;77m██[38;2;74;70;93m██[38;2;88;80;139m██[38;2;123;121;119m██[38;2;71;70;69m██[38;2;138;122;74m██[38;2;187;183;181m██[38;2;162;128;164m██[38;2;71;55;124m██[38;2;109;92;173m██[38;2;218;98;162m██[38;2;182;125;168m██[38;2;118;106;137m██[38;2;218;203;120m██[38;2;158;132;101m██[38;2;178;153;74m██[38;2;0;2;0m  [38;2;0;0;0m      [38;2;147;148;147m██[38;2;86;78;132m██[38;2;186;175;106m██[38;2;252;236;127m██[38;2;64;63;33m  
[38;2;27;25;11m  [38;2;173;148;71m██[38;2;107;97;84m██[38;2;77;72;102m██[38;2;137;135;132m██[38;2;68;67;64m██[38;2;155;137;84m██[38;2;147;142;134m██[38;2;176;126;159m██[38;2;184;174;206m██[38;2;149;107;182m██[38;2;187;153;206m██[38;2;185;99;158m██[38;2;166;155;155m██[38;2;218;204;120m██[38;2;156;130;103m██[38;2;189;162;80m██[38;2;0;2;0m  [38;2;0;1;0m  [38;2;117;119;117m██[38;2;0;0;0m  [38;2;147;148;147m██[38;2;89;80;142m██[38;2;140;130;111m██[38;2;255;239;130m██[38;2;68;67;35m██
[38;2;0;1;0m  [38;2;152;131;63m██[38;2;146;128;74m██[38;2;87;79;135m██[38;2;79;74;110m██[38;2;205;191;150m██[38;2;129;114;67m██[38;2;88;81;70m██[38;2;170;89;147m██[38;2;237;235;246m██[38;2;160;105;172m██[38;2;202;116;170m██[38;2;136;87;149m██[38;2;111;107;91m██[38;2;249;234;136m██[38;2;156;130;103m██[38;2;25;25;10m██[38;2;0;0;0m    [38;2;46;48;46m██[38;2;160;160;160m██[38;2;147;148;147m██[38;2;92;81;152m██[38;2;82;73;117m██[38;2;255;239;131m██[38;2;68;67;35m██
[38;2;0;0;0m  [38;2;76;69;42m  [38;2;147;126;82m██[38;2;91;79;85m██[38;2;93;92;92m██[38;2;68;67;68m██[38;2;130;121;99m██[38;2;187;158;75m██[38;2;175;174;175m██[38;2;247;245;252m██[38;2;177;170;211m██[38;2;167;163;190m██[38;2;160;151;158m██[38;2;212;193;125m██[38;2;161;139;115m██[38;2;180;154;81m██[38;2;19;19;17m██[38;2;0;0;0m  [38;2;0;1;0m  [38;2;99;99;94m██[38;2;136;135;130m██[38;2;255;255;255m██[38;2;169;162;193m██[38;2;71;66;86m██[38;2;229;209;111m██[38;2;68;67;35m██
[38;2;0;0;0m  [38;2;0;3;0m  [38;2;141;115;104m██[38;2;75;71;75m██[38;2;93;81;145m██[38;2;90;81;144m██[38;2;131;130;127m██[38;2;73;71;68m██[38;2;118;105;70m██[38;2;195;192;186m██[38;2;154;153;134m██[38;2;148;145;118m██[38;2;149;135;116m██[38;2;225;205;108m██[38;2;186;155;102m██[38;2;84;73;50m  [38;2;0;0;0m        [38;2;7;11;7m██[38;2;231;228;226m██[38;2;71;67;83m██[38;2;85;75;118m██[38;2;232;214;128m██[38;2;37;33;30m██
[38;2;0;0;0m    [38;2;65;57;31m██[38;2;138;122;79m██[38;2;83;76;120m██[38;2;91;81;144m██[38;2;103;99;115m██[38;2;195;192;186m██[38;2;137;135;132m██[38;2;131;126;127m██[38;2;118;115;113m██[38;2;136;129;113m██[38;2;170;148;93m██[38;2;128;114;81m  [38;2;78;72;63m██[38;2;69;72;73m  [38;2;0;0;0m        [38;2;95;97;95m██[38;2;157;154;150m██[38;2;123;113;145m██[38;2;197;178;131m██[38;2;183;166;106m██[38;2;44;40;26m██
[38;2;0;0;0m    [38;2;0;1;0m  [38;2;167;143;72m██[38;2;79;74;97m██[38;2;92;81;144m██[38;2;74;69;99m██[38;2;185;182;177m██[38;2;67;65;67m██[38;2;74;69;96m██[38;2;123;119;112m██[38;2;82;79;68m██[38;2;83;82;66m██[38;2;116;112;103m██[38;2;196;193;187m██[38;2;208;206;203m██[38;2;41;44;41m██[38;2;8;10;8m  [38;2;14;18;14m  [38;2;129;131;129m██[38;2;88;88;87m██[38;2;121;118;118m██[38;2;77;65;92m██[38;2;91;83;106m██[38;2;191;171;99m██[38;2;50;46;22m██
[38;2;0;0;0m      [38;2;70;62;30m  [38;2;138;120;71m██[38;2;38;37;62m██[38;2;0;1;0m  [38;2;29;30;29m██[38;2;117;100;88m██[38;2;68;65;92m██[38;2;138;138;133m██[38;2;76;74;69m██[38;2;147;139;106m██[38;2;117;113;105m  [38;2;200;199;197m██[38;2;75;73;78m██[38;2;131;127;140m██[38;2;152;150;152m██[38;2;250;250;250m██[38;2;119;111;148m██[38;2;95;79;151m██[38;2;111;99;129m██[38;2;118;89;214m██[38;2;84;73;117m██[38;2;170;144;68m██[38;2;21;20;9m  
[38;2;0;0;0m      [38;2;0;3;0m  [38;2;178;152;77m██[38;2;7;10;3m██[38;2;0;0;0m  [38;2;0;1;0m  [38;2;117;101;50m██[38;2;16;17;7m  [38;2;0;2;0m  [38;2;159;156;152m██[38;2;207;207;207m██[38;2;141;140;130m██[38;2;197;191;198m██[38;2;72;67;101m██[38;2;93;81;145m██[38;2;152;149;186m██[38;2;77;73;87m██[38;2;112;87;206m██[38;2;110;86;199m██[38;2;118;90;214m██[38;2;109;86;196m██[38;2;146;128;74m██[38;2;152;131;63m██[38;2;0;1;0m  
[38;2;0;0;0m        [38;2;30;27;13m  [38;2;115;100;50m██[38;2;0;1;0m  [38;2;2;3;1m  [38;2;139;120;60m██[38;2;63;56;27m  [38;2;0;0;0m  [38;2;14;15;14m  [38;2;180;179;176m██[38;2;233;234;234m██[38;2;150;146;156m██[38;2;81;75;108m██[38;2;93;81;143m██[38;2;34;34;55m██[38;2;119;103;143m██[38;2;133;122;122m██[38;2;179;169;107m██[38;2;62;52;98m██[38;2;131;105;161m██[38;2;148;128;77m██[38;2;58;52;24m  [38;2;0;0;0m  
[38;2;0;0;0m          [38;2;0;3;0m  [38;2;0;1;0m  [38;2;0;0;0m  [38;2;0;1;0m  [38;2;0;0;0m      [38;2;0;2;0m  [38;2;147;149;149m██[38;2;81;80;80m██[38;2;94;88;119m██[38;2;9;11;14m  [38;2;0;0;0m  [38;2;34;32;63m  [38;2;167;156;109m██[38;2;246;230;126m██[38;2;11;11;5m  [38;2;26;26;24m██[38;2;161;136;93m██[38;2;0;2;0m  [38;2;0;0;0m  
[38;2;0;0;0m                          [38;2;74;68;71m██[38;2;155;144;135m██[38;2;58;54;92m██[38;2;0;0;0m    [38;2;88;80;40m  [38;2;131;121;61m██[38;2;194;181;93m██[38;2;51;49;30m██[38;2;80;76;67m██[38;2;66;58;26m██[38;2;0;0;0m    
[38;2;0;0;0m                          [38;2;102;98;52m██[38;2;124;112;140m██[38;2;0;2;0m  [38;2;0;0;0m      [38;2;0;1;0m  [38;2;0;3;0m  [38;2;0;2;0m  [38;2;137;118;59m  [38;2;0;1;0m  [38;2;0;0;0m    
[38;2;0;0;0m                    [38;2;86;76;37m██[38;2;0;2;0m  [38;2;96;84;62m  [38;2;243;224;130m██[38;2;114;101;114m██[38;2;41;38;45m  [38;2;0;2;0m  [38;2;102;98;53m██[38;2;0;0;0m        [38;2;0;1;0m  [38;2;0;0;0m      
[38;2;0;0;0m                    [38;2;0;2;0m  [38;2;147;127;70m██[38;2;123;108;80m██[38;2;189;166;111m██[38;2;199;185;114m██[38;2;235;221;113m██[38;2;198;187;102m██[38;2;0;1;0m  [38;2;0;0;0m                
[38;2;0;0;0m                      [38;2;0;1;0m  [38;2;35;33;23m  [38;2;31;30;21m██[38;2;62;61;33m██[38;2;43;42;22m  [38;2;0;1;0m  [38;2;0;0;0m                  [0m
