
[38;2;0;0;0m              [38;2;36;17;19m  [38;2;0;0;0m                    
[38;2;0;0;0m              [38;2;147;69;79m██[38;2;0;0;0m        [38;2;191;90;104m██[38;2;47;22;26m  [38;2;0;0;0m        
[38;2;0;0;0m            [38;2;49;26;28m██[38;2;198;104;115m██[38;2;0;0;0m    [38;2;15;12;13m  [38;2;207;119;133m██[38;2;254;121;139m██[38;2;63;30;34m██[38;2;0;0;0m        
[38;2;0;0;0m            [38;2;30;21;21m██[38;2;184;124;132m██[38;2;0;0;0m    [38;2;63;51;55m██[38;2;255;206;222m██[38;2;207;146;159m██[38;2;15;7;8m  [38;2;0;0;0m        
[38;2;0;0;0m            [38;2;80;121;108m██[38;2;16;16;16m██[38;2;0;0;0m  [38;2;24;37;30m  [38;2;118;171;140m██[38;2;211;174;184m██[38;2;135;117;124m██[38;2;51;42;46m██[38;2;0;0;0m        
[38;2;0;0;0m          [38;2;48;78;67m  [38;2;75;81;75m██[38;2;65;56;57m██[38;2;12;12;12m  [38;2;110;163;135m██[38;2;131;148;134m██[38;2;210;176;184m██[38;2;52;42;46m██[38;2;5;4;4m  [38;2;0;0;0m        
[38;2;0;0;0m        [38;2;5;4;4m  [38;2;69;98;84m██[38;2;119;119;113m██[38;2;244;200;212m██[38;2;96;102;94m██[38;2;121;178;146m██[38;2;149;144;140m██[38;2;108;94;98m██[38;2;0;0;0m            
[38;2;0;0;0m      [38;2;115;77;83m  [38;2;135;96;100m██[38;2;81;79;68m██[38;2;118;171;140m██[38;2;211;174;184m██[38;2;182;157;160m██[38;2;171;172;166m██[38;2;254;207;224m██[38;2;254;206;222m██[38;2;0;0;0m      [38;2;110;109;106m  ██[38;2;0;0;0m  
[38;2;50;48;47m██[38;2;200;194;189m██[38;2;205;136;145m██[38;2;205;136;147m██[38;2;101;80;73m██[38;2;236;168;184m██[38;2;157;135;133m██[38;2;254;206;223m██[38;2;247;201;216m██[38;2;217;174;182m██[38;2;177;104;96m██[38;2;203;157;161m██[38;2;208;167;179m██[38;2;46;32;33m██[38;2;145;117;116m██[38;2;194;183;179m██[38;2;110;109;106m  [38;2;0;0;0m  
[38;2;12;12;11m  [38;2;160;157;153m██[38;2;205;157;159m██[38;2;89;65;67m██[38;2;60;52;53m██[38;2;192;163;175m██[38;2;255;206;222m██[38;2;249;206;226m██[38;2;192;125;120m██[38;2;73;42;41m██[38;2;254;169;185m██[38;2;129;85;83m██[38;2;254;197;212m██[38;2;231;187;201m██[38;2;210;170;183m██[38;2;136;126;128m██[38;2;0;0;0m    
[38;2;0;0;0m        [38;2;7;4;4m  [38;2;162;149;159m██[38;2;219;189;207m██[38;2;224;191;200m██[38;2;192;134;126m██[38;2;100;58;61m██[38;2;250;127;143m██[38;2;216;150;158m██[38;2;119;96;94m██[38;2;242;195;210m██[38;2;254;228;237m██[38;2;255;255;255m██[38;2;191;191;191m██[38;2;0;0;0m  
[38;2;0;0;0m        [38;2;195;94;108m██[38;2;207;106;120m██[38;2;146;143;136m██[38;2;208;207;207m██[38;2;105;101;101m██[38;2;193;135;134m██[38;2;209;132;139m██[38;2;122;97;92m██[38;2;139;110;109m██[38;2;124;94;98m██[38;2;148;147;148m██[38;2;255;255;255m██[38;2;47;47;47m██[38;2;0;0;0m  
[38;2;0;0;0m    [38;2;15;7;8m  [38;2;206;100;112m██[38;2;254;124;139m████[38;2;211;211;207m██[38;2;69;68;65m██[38;2;199;95;108m██[38;2;100;73;77m██[38;2;103;99;90m██[38;2;168;90;95m██[38;2;197;94;104m██[38;2;160;75;86m██[38;2;0;0;0m        
[38;2;0;0;0m    [38;2;63;30;34m██[38;2;254;123;139m██[38;2;243;131;145m██[38;2;243;184;196m██[38;2;101;100;100m██[38;2;140;81;86m██[38;2;243;116;132m██[38;2;218;112;124m██[38;2;115;113;111m██[38;2;125;103;97m██[38;2;160;75;85m██[38;2;12;5;6m  [38;2;0;0;0m        
[38;2;0;0;0m    [38;2;254;121;139m██[38;2;254;123;139m██[38;2;254;149;163m██[38;2;123;98;103m██[38;2;140;138;134m██[38;2;207;107;120m██[38;2;254;122;139m██[38;2;254;124;139m██[38;2;99;97;96m██[38;2;112;106;97m██[38;2;113;104;96m██[38;2;43;36;33m██[38;2;35;21;22m  [38;2;0;1;0m  [38;2;0;0;0m    
[38;2;0;0;0m    [38;2;254;124;139m██[38;2;254;123;139m██[38;2;220;121;132m██[38;2;85;79;76m██[38;2;145;107;111m██[38;2;207;110;120m██[38;2;254;124;139m██[38;2;254;123;139m██[38;2;78;77;75m██[38;2;162;145;143m██[38;2;185;157;157m██[38;2;208;156;165m██[38;2;105;67;67m██[38;2;17;12;11m  [38;2;0;0;0m    
[38;2;0;0;0m    [38;2;63;30;34m██[38;2;255;121;139m██[38;2;208;182;186m██[38;2;94;72;75m██[38;2;78;69;70m██[38;2;181;98;109m██[38;2;255;121;139m██[38;2;219;110;125m██[38;2;119;84;83m██[38;2;162;106;109m██[38;2;141;112;112m██[38;2;211;174;182m████[38;2;145;94;97m██[38;2;36;25;24m  [38;2;0;0;0m  
[38;2;0;0;0m    [38;2;15;7;8m  [38;2;139;105;102m██[38;2;130;101;108m██[38;2;189;91;103m██[38;2;99;72;75m██[38;2;97;71;75m██[38;2;250;127;137m██[38;2;103;93;91m██[38;2;122;83;82m██[38;2;245;185;201m██[38;2;200;116;124m██[38;2;146;92;89m██[38;2;168;91;94m██[38;2;189;94;103m██[38;2;147;128;126m██[38;2;0;0;0m  
[38;2;0;0;0m      [38;2;116;135;113m██[38;2;78;48;56m██[38;2;85;65;68m██[38;2;124;83;89m██[38;2;124;86;92m██[38;2;158;108;107m██[38;2;81;93;87m██[38;2;225;150;166m██[38;2;254;138;156m██[38;2;255;184;199m██[38;2;125;82;79m██[38;2;147;71;78m██[38;2;184;107;114m██[38;2;197;194;189m██[38;2;49;48;47m██
[38;2;0;0;0m      [38;2;24;37;30m  [38;2;0;0;0m  [38;2;12;12;12m  [38;2;174;118;120m██[38;2;91;98;86m██[38;2;75;110;89m██[38;2;46;63;56m██[38;2;254;143;159m████[38;2;255;185;201m██[38;2;79;49;48m██[38;2;0;0;0m  [38;2;36;36;35m  [38;2;49;48;47m██[38;2;12;12;11m██
[38;2;0;0;0m            [38;2;45;83;69m██[38;2;61;111;92m██[38;2;30;55;46m  [38;2;0;0;0m  [38;2;24;38;32m██[38;2;96;154;130m██[38;2;222;180;182m██[38;2;63;30;34m██[38;2;0;0;0m        
[38;2;0;0;0m                    [38;2;8;12;10m  [38;2;34;45;40m██[38;2;31;35;31m██[38;2;15;7;8m  [38;2;0;0;0m        [0m
