
[38;2;0;0;0m                        [38;2;25;24;18m  [38;2;28;29;22m██[38;2;23;25;22m  [38;2;0;0;0m                            
[38;2;0;0;0m                      [38;2;0;3;0m  [38;2;165;143;124m██[38;2;180;159;135m██[38;2;116;118;117m██[38;2;0;3;0m  [38;2;0;0;0m                          
[38;2;0;0;0m                      [38;2;65;58;46m  [38;2;181;156;137m██[38;2;205;177;147m██[38;2;126;126;125m██[38;2;45;55;58m  [38;2;0;0;0m                          
[38;2;0;0;0m                    [38;2;0;1;0m  [38;2;195;168;140m██[38;2;179;155;136m██[38;2;205;178;147m██[38;2;126;126;124m██[38;2;137;159;174m██[38;2;0;1;0m  [38;2;0;0;0m                        
[38;2;0;0;0m  [38;2;0;1;0m  [38;2;29;18;9m  [38;2;102;57;32m██[38;2;34;21;13m  [38;2;0;1;0m  [38;2;0;0;0m        [38;2;50;46;40m  [38;2;199;172;143m██[38;2;189;164;141m██[38;2;206;178;147m██[38;2;117;117;113m██[38;2;136;160;171m  [38;2;0;1;0m  [38;2;0;0;0m          [38;2;0;1;0m        [38;2;0;0;0m      
[38;2;0;0;0m  [38;2;89;53;35m  [38;2;242;131;78m██[38;2;255;138;81m██[38;2;160;91;58m██[38;2;238;132;82m██[38;2;0;8;4m  [38;2;0;0;0m    [38;2;0;3;6m  [38;2;127;112;96m██[38;2;161;139;129m██[38;2;203;178;149m██[38;2;119;98;80m██[38;2;195;207;210m██[38;2;78;75;73m██[38;2;61;60;61m  [38;2;0;0;0m          [38;2;151;83;48m  [38;2;201;109;64m  [38;2;160;88;51m  [38;2;192;105;62m  [38;2;0;1;0m  [38;2;0;0;0m    
[38;2;65;38;21m██[38;2;200;112;71m██[38;2;174;101;65m██[38;2;109;75;60m██[38;2;255;138;81m██[38;2;180;111;79m██[38;2;137;96;73m██[38;2;87;66;47m██[38;2;12;13;12m  [38;2;190;167;141m██[38;2;126;113;98m██[38;2;158;137;128m██[38;2;155;137;116m██[38;2;199;212;215m██[38;2;135;132;126m██[38;2;162;153;146m██[38;2;169;147;130m██[38;2;70;62;55m  [38;2;0;0;0m      [38;2;25;19;10m  [38;2;232;139;95m██[38;2;135;89;68m██[38;2;241;134;84m██[38;2;192;106;65m██[38;2;138;78;47m██[38;2;0;4;2m  [38;2;0;0;0m  
[38;2;0;1;0m  [38;2;6;13;12m██[38;2;111;76;54m██[38;2;165;121;89m██[38;2;65;65;65m██[38;2;93;107;117m██[38;2;65;65;65m██[38;2;153;114;87m██[38;2;122;110;96m██[38;2;163;143;123m██[38;2;126;113;101m██[38;2;158;137;128m██[38;2;157;149;134m██[38;2;76;71;68m██[38;2;161;152;145m██[38;2;203;176;146m██[38;2;114;102;98m██[38;2;150;129;119m██[38;2;0;1;0m  [38;2;0;0;0m      [38;2;36;42;42m██[38;2;156;114;96m██[38;2;106;77;64m██[38;2;255;138;81m██[38;2;255;140;87m██[38;2;131;76;48m██[38;2;0;1;0m  
[38;2;0;0;0m    [38;2;31;37;36m██[38;2;106;116;124m██[38;2;157;141;119m██[38;2;83;81;71m██[38;2;226;129;83m██[38;2;166;103;74m██[38;2;121;109;98m██[38;2;160;139;128m██[38;2;125;114;101m██[38;2;203;179;147m██[38;2;115;110;106m██[38;2;116;105;98m██[38;2;155;140;127m██[38;2;90;89;89m██[38;2;96;101;104m██[38;2;148;130;121m██[38;2;17;18;14m  [38;2;0;1;0m  [38;2;0;0;0m  [38;2;19;18;14m██[38;2;220;122;74m██[38;2;162;114;97m██[38;2;104;114;122m██[38;2;118;89;72m██[38;2;131;114;106m██[38;2;105;110;113m██[38;2;0;1;0m  
[38;2;0;0;0m    [38;2;0;1;0m  [38;2;193;158;53m██[38;2;174;173;137m██[38;2;125;128;118m██[38;2;71;76;85m██[38;2;211;173;84m██[38;2;111;123;132m██[38;2;148;129;121m██[38;2;126;113;101m██[38;2;158;137;128m██[38;2;137;140;142m██[38;2;181;171;88m██[38;2;166;157;69m██[38;2;252;237;64m██[38;2;144;157;138m██[38;2;69;70;71m██[38;2;140;162;177m██[38;2;128;149;163m██[38;2;3;5;4m  [38;2;1;2;1m  [38;2;51;54;54m██[38;2;89;81;71m██[38;2;170;165;154m██[38;2;144;162;174m██[38;2;152;144;115m██[38;2;111;108;96m██[38;2;59;49;17m██
[38;2;0;0;0m      [38;2;77;65;21m  [38;2;230;200;80m██[38;2;149;166;169m██[38;2;164;168;143m██[38;2;236;198;72m██[38;2;166;165;126m██[38;2;103;95;91m██[38;2;126;113;101m██[38;2;158;137;128m██[38;2;110;107;107m██[38;2;67;66;70m██[38;2;255;239;71m██[38;2;255;239;65m██[38;2;174;176;120m██[38;2;147;131;114m██[38;2;121;136;148m██[38;2;141;162;177m██[38;2;106;123;135m██[38;2;97;112;119m██[38;2;189;211;222m██[38;2;81;76;69m██[38;2;179;163;124m██[38;2;195;179;114m██[38;2;177;170;136m██[38;2;240;200;70m██[38;2;62;54;17m██
[38;2;0;0;0m        [38;2;0;3;0m    [38;2;77;68;20m  [38;2;134;146;141m██[38;2;100;108;110m██[38;2;199;178;149m██[38;2;126;113;101m██[38;2;158;137;126m██[38;2;120;119;118m██[38;2;231;219;74m██[38;2;234;222;73m██[38;2;231;185;82m██[38;2;156;157;130m██[38;2;182;160;138m██[38;2;66;66;68m██[38;2;143;162;176m██[38;2;146;168;184m██[38;2;179;200;212m██[38;2;152;171;184m██[38;2;172;192;203m██[38;2;133;130;110m██[38;2;220;190;86m██[38;2;141;162;176m██[38;2;239;204;64m██[38;2;55;50;14m  
[38;2;0;0;0m              [38;2;0;1;0m  [38;2;8;10;8m  [38;2;234;231;167m██[38;2;125;114;103m██[38;2;133;111;96m██[38;2;88;94;101m██[38;2;202;204;162m██[38;2;203;205;162m██[38;2;254;250;180m██[38;2;165;158;138m██[38;2;159;144;131m██[38;2;71;74;82m██[38;2;176;196;213m██[38;2;189;211;225m████[38;2;119;128;135m██[38;2;128;128;112m██[38;2;176;178;139m██[38;2;183;181;132m██[38;2;162;171;154m██[38;2;137;139;108m██[38;2;0;1;0m  
[38;2;0;0;0m                [38;2;72;85;93m██[38;2;88;90;94m██[38;2;164;165;136m██[38;2;103;102;89m██[38;2;241;236;170m██[38;2;226;218;158m██[38;2;225;215;160m██[38;2;119;109;102m██[38;2;144;135;121m██[38;2;68;69;73m██[38;2;135;148;156m██[38;2;188;211;225m██[38;2;189;210;225m██[38;2;198;220;226m██[38;2;222;243;231m██[38;2;179;198;206m██[38;2;118;126;135m██[38;2;111;130;144m██[38;2;32;40;42m  [38;2;0;2;0m  [38;2;0;0;0m  
[38;2;0;0;0m              [38;2;0;3;0m  [38;2;139;162;176m██[38;2;143;161;167m██[38;2;118;126;127m██[38;2;116;114;96m██[38;2;164;146;115m██[38;2;180;154;127m██[38;2;176;154;130m██[38;2;96;94;88m██[38;2;85;88;92m██[38;2;73;76;81m██[38;2;174;194;204m██[38;2;155;178;192m██[38;2;189;211;222m██[38;2;200;222;227m██[38;2;222;244;238m██[38;2;191;213;215m██[38;2;106;112;117m██[38;2;0;1;0m  [38;2;0;0;0m      
[38;2;0;0;0m              [38;2;32;40;42m  [38;2;120;141;153m██[38;2;119;135;147m██[38;2;168;190;203m██[38;2;189;210;222m██[38;2;83;82;81m██[38;2;69;71;75m██[38;2;62;63;65m██[38;2;93;89;85m██[38;2;92;97;102m██[38;2;188;210;222m██[38;2;189;211;222m██[38;2;185;207;219m██[38;2;174;196;208m██[38;2;188;210;224m██[38;2;146;167;181m██[38;2;133;152;166m██[38;2;128;139;145m██[38;2;0;0;0m        
[38;2;0;0;0m            [38;2;0;1;0m  [38;2;123;142;159m██[38;2;114;134;146m██[38;2;72;73;75m██[38;2;189;211;223m██[38;2;189;211;225m██[38;2;177;197;207m██[38;2;70;71;75m██[38;2;115;123;128m██[38;2;164;182;191m██[38;2;184;206;217m██[38;2;189;211;225m████[38;2;182;204;218m██[38;2;136;156;169m██[38;2;124;143;155m██[38;2;189;211;223m██[38;2;177;199;212m██[38;2;165;185;197m██[38;2;122;138;143m  [38;2;0;0;0m      
[38;2;0;0;0m            [38;2;25;28;23m  [38;2;154;157;123m██[38;2;151;159;141m██[38;2;138;160;179m██[38;2;85;93;96m██[38;2;186;208;219m██[38;2;189;211;225m██[38;2;159;179;190m██[38;2;189;211;223m██[38;2;189;211;225m██[38;2;200;221;227m██[38;2;201;222;227m██[38;2;219;239;233m██[38;2;159;175;186m██[38;2;140;162;178m██[38;2;89;107;115m██[38;2;143;162;172m██[38;2;189;211;224m██[38;2;127;146;158m██[38;2;165;184;193m██[38;2;18;22;21m  [38;2;0;0;0m    
[38;2;0;0;0m          [38;2;0;2;0m  [38;2;206;193;114m██[38;2;192;211;214m██[38;2;210;207;152m██[38;2;36;40;28m██[38;2;4;5;3m  [38;2;24;30;28m██[38;2;150;172;185m██[38;2;98;116;127m██[38;2;149;169;181m██[38;2;189;211;222m██[38;2;193;215;223m██[38;2;189;211;218m██[38;2;113;130;140m██[38;2;135;157;171m██[38;2;66;79;85m██[38;2;0;0;0m  [38;2;16;20;19m  [38;2;52;59;53m██[38;2;195;202;171m██[38;2;189;210;222m██[38;2;55;64;65m██[38;2;0;0;0m    
[38;2;0;0;0m        [38;2;0;1;0m  [38;2;205;162;58m██[38;2;236;198;90m██[38;2;213;192;158m██[38;2;198;205;198m██[38;2;105;90;38m██[38;2;0;0;0m    [38;2;52;64;69m██[38;2;139;162;174m██[38;2;140;162;175m██[38;2;112;133;146m██[38;2;114;134;146m██[38;2;116;135;147m██[38;2;141;158;158m██[38;2;139;154;147m██[38;2;0;1;0m  [38;2;0;0;0m    [38;2;0;0;1m  [38;2;121;121;94m██[38;2;218;211;141m██[38;2;239;211;79m██[38;2;0;3;0m  [38;2;0;0;0m  
[38;2;0;0;0m        [38;2;0;1;0m  [38;2;201;137;62m██[38;2;191;208;215m██[38;2;239;164;91m██[38;2;223;189;134m██[38;2;235;196;78m██[38;2;0;2;0m  [38;2;0;0;0m  [38;2;4;6;5m  [38;2;236;204;72m██[38;2;121;140;153m██[38;2;100;119;131m██[38;2;121;142;154m██[38;2;138;162;174m██[38;2;157;170;153m██[38;2;10;14;8m  [38;2;0;0;0m      [38;2;10;12;7m  [38;2;162;150;86m██[38;2;192;211;211m██[38;2;213;211;143m██[38;2;160;153;83m  [38;2;0;0;0m  
[38;2;0;0;0m        [38;2;61;71;72m██[38;2;218;178;158m██[38;2;193;173;165m██[38;2;212;163;139m██[38;2;201;197;196m  [38;2;143;84;53m██[38;2;0;1;0m  [38;2;0;0;0m  [38;2;0;1;0m  [38;2;156;143;84m██[38;2;149;130;93m██[38;2;221;180;80m██[38;2;138;123;92m██[38;2;165;150;84m██[38;2;125;118;82m██[38;2;0;7;21m  [38;2;0;0;0m    [38;2;0;1;0m  [38;2;126;99;35m  [38;2;237;164;68m██[38;2;213;183;169m  [38;2;189;211;224m██[38;2;202;199;191m  [38;2;63;43;19m██
[38;2;0;0;0m        [38;2;83;47;26m██[38;2;199;199;200m██[38;2;255;138;81m██[38;2;138;80;52m██[38;2;127;124;119m██[38;2;0;0;0m      [38;2;30;31;30m██[38;2;65;64;65m██[38;2;121;116;95m██[38;2;245;197;66m██[38;2;117;103;98m██[38;2;245;230;66m██[38;2;69;68;72m██[38;2;72;82;95m██[38;2;0;1;0m  [38;2;0;0;0m  [38;2;0;2;0m  [38;2;234;171;68m██[38;2;210;187;176m██[38;2;255;138;81m██[38;2;208;189;180m██[38;2;255;138;81m██[38;2;65;38;21m██
[38;2;0;0;0m        [38;2;38;23;12m  [38;2;233;126;76m██[38;2;230;124;76m██[38;2;132;76;49m██[38;2;94;78;66m██[38;2;0;0;0m    [38;2;0;3;0m  [38;2;65;64;65m██[38;2;72;78;85m██[38;2;69;69;75m██[38;2;38;41;49m██[38;2;54;60;68m██[38;2;76;82;93m██[38;2;77;86;99m██[38;2;78;88;102m██[38;2;53;60;67m██[38;2;0;1;0m  [38;2;0;0;0m  [38;2;32;29;23m██[38;2;195;196;197m██[38;2;230;164;136m██[38;2;208;189;181m██[38;2;173;178;180m██[38;2;30;18;9m  
[38;2;0;0;0m        [38;2;0;1;0m  [38;2;201;108;67m  [38;2;198;108;68m██[38;2;160;115;85m██[38;2;0;2;0m  [38;2;0;0;0m  [38;2;0;1;0m  [38;2;62;60;62m██[38;2;71;75;82m██[38;2;66;65;66m██[38;2;30;32;30m  [38;2;0;0;0m  [38;2;0;2;0m  [38;2;67;67;70m██[38;2;78;89;103m██[38;2;77;87;100m██[38;2;71;77;85m██[38;2;0;3;0m  [38;2;0;2;0m  [38;2;250;136;82m██[38;2;222;126;82m██[38;2;255;136;84m██[38;2;255;137;82m██[38;2;191;104;61m██[38;2;0;1;0m  
[38;2;0;0;0m          [38;2;0;1;0m  [38;2;23;19;13m  [38;2;65;50;35m██[38;2;0;0;0m      [38;2;25;26;25m  [38;2;65;65;65m██[38;2;65;64;65m██[38;2;0;2;0m  [38;2;0;0;0m    [38;2;32;38;42m██[38;2;54;63;71m██[38;2;77;88;102m██[38;2;55;61;72m██[38;2;0;2;0m  [38;2;0;1;0m  [38;2;125;70;40m██[38;2;166;94;59m██[38;2;239;130;78m██[38;2;231;126;76m██[38;2;39;24;12m  [38;2;0;0;0m  
[38;2;0;0;0m                    [38;2;11;12;10m  [38;2;61;70;73m██[38;2;80;83;88m██[38;2;141;161;174m██[38;2;38;40;40m██[38;2;0;0;0m      [38;2;0;1;0m  [38;2;67;77;91m██[38;2;82;91;101m██[38;2;0;3;0m  [38;2;0;0;0m    [38;2;0;3;0m  [38;2;199;109;70m██[38;2;32;20;11m  [38;2;0;0;0m    
[38;2;0;0;0m                    [38;2;20;25;26m  [38;2;46;56;60m██[38;2;126;144;160m██[38;2;140;162;179m██[38;2;23;28;29m  [38;2;0;0;0m        [38;2;14;20;18m██[38;2;172;194;210m██[38;2;110;125;130m  [38;2;0;0;0m      [38;2;0;1;0m  [38;2;0;0;0m      
[38;2;0;0;0m                        [38;2;0;3;0m    [38;2;0;0;0m        [38;2;0;2;0m  [38;2;188;211;222m██[38;2;166;186;197m██[38;2;188;211;222m██[38;2;68;78;80m██[38;2;0;0;0m            
[38;2;0;0;0m                                      [38;2;50;59;59m██[38;2;19;24;23m  [38;2;50;59;59m██[38;2;18;22;21m  [38;2;0;0;0m            [0m
