
[38;2;0;0;0m        [38;2;31;30;17m  [38;2;63;60;34m██[38;2;24;23;13m  [38;2;0;0;0m                      
[38;2;0;0;0m        [38;2;31;30;17m  [38;2;180;163;133m██[38;2;187;171;121m██[38;2;102;94;67m  [38;2;0;0;1m  [38;2;0;0;0m                  
[38;2;0;0;0m          [38;2;10;9;8m██[38;2;164;144;140m██[38;2;221;203;129m██[38;2;45;40;30m██[38;2;0;0;0m      [38;2;60;56;32m  [38;2;150;140;91m██[38;2;236;221;148m██[38;2;130;123;84m██[38;2;53;50;33m  [38;2;0;0;1m  
[38;2;0;0;0m          [38;2;2;2;2m  [38;2;126;114;118m██[38;2;170;150;105m██[38;2;135;120;92m██[38;2;0;0;0m    [38;2;74;70;40m  [38;2;181;160;143m██[38;2;211;195;179m██[38;2;217;206;214m██[38;2;206;190;177m██[38;2;190;181;123m██[38;2;53;50;34m  
[38;2;0;0;0m            [38;2;82;73;78m  [38;2;119;114;112m██[38;2;124;123;122m██[38;2;15;15;15m  [38;2;13;13;13m  [38;2;204;184;143m██[38;2;179;158;173m██[38;2;230;222;230m██[38;2;172;166;172m████[38;2;0;0;0m    
[38;2;0;0;0m              [38;2;47;45;45m██[38;2;192;194;192m██[38;2;144;144;144m██[38;2;181;172;108m██[38;2;165;142;148m██[38;2;174;158;166m██[38;2;57;55;57m██[38;2;0;0;0m        
[38;2;0;0;0m        [38;2;95;95;95m██[38;2;251;251;251m██[38;2;113;114;113m██[38;2;201;201;201m██[38;2;255;255;255m██[38;2;164;166;164m██[38;2;90;91;91m██[38;2;132;119;125m██[38;2;120;114;115m██[38;2;1;1;1m  [38;2;0;0;0m        
[38;2;0;0;0m        [38;2;151;146;108m██[38;2;120;119;120m██[38;2;167;167;167m██[38;2;112;111;112m████[38;2;249;249;249m██[38;2;179;185;182m██[38;2;191;191;191m██[38;2;173;173;167m██[38;2;87;87;84m  [38;2;0;0;0m        
[38;2;0;0;0m        [38;2;196;179;125m██[38;2;245;232;135m██[38;2;179;165;171m██[38;2;214;203;210m██[38;2;222;203;132m██[38;2;95;84;84m██[38;2;191;185;152m██[38;2;246;247;246m██[38;2;177;177;171m██[38;2;87;87;84m  [38;2;0;0;0m        
[38;2;0;0;0m      [38;2;119;123;119m  [38;2;169;146;111m██[38;2;182;136;119m██[38;2;198;184;191m██[38;2;186;169;174m██[38;2;222;205;132m██[38;2;168;149;129m██[38;2;101;89;84m██[38;2;206;209;206m██[38;2;226;226;219m██[38;2;4;4;4m  [38;2;0;0;0m        
[38;2;0;0;0m      [38;2;119;123;119m  [38;2;153;122;102m██[38;2;206;166;157m██[38;2;230;223;227m██[38;2;221;207;211m██[38;2;155;121;113m██[38;2;214;190;133m██[38;2;227;213;182m██[38;2;126;126;126m██[38;2;175;175;169m██[38;2;135;135;132m██[38;2;0;0;0m        
[38;2;0;0;0m        [38;2;110;60;65m██[38;2;253;253;253m██[38;2;233;223;227m██[38;2;240;218;217m██[38;2;240;218;201m██[38;2;201;144;125m██[38;2;233;224;218m██[38;2;126;125;126m██[38;2;222;222;216m██[38;2;196;197;196m██[38;2;0;0;0m        
[38;2;0;0;0m        [38;2;73;55;43m  [38;2;191;149;118m██[38;2;177;183;192m██[38;2;224;199;175m██[38;2;242;216;200m██[38;2;227;156;129m██[38;2;218;203;180m██[38;2;126;125;126m██[38;2;134;135;134m██[38;2;0;0;0m          
[38;2;0;0;0m          [38;2;118;99;94m██[38;2;179;142;155m██[38;2;184;163;177m██[38;2;231;195;147m██[38;2;235;209;157m██[38;2;74;67;70m██[38;2;198;197;198m██[38;2;163;169;169m██[38;2;0;0;0m          
[38;2;0;0;0m    [38;2;44;40;43m██[38;2;32;28;29m██[38;2;7;7;7m  [38;2;169;153;161m██[38;2;100;85;92m██[38;2;151;136;147m██[38;2;157;144;119m██[38;2;74;74;88m██[38;2;6;6;6m  [38;2;79;79;81m██[38;2;110;114;114m██[38;2;0;0;0m          
[38;2;37;33;35m  [38;2;134;120;129m██[38;2;127;116;124m██[38;2;173;152;158m██[38;2;98;89;93m██[38;2;52;49;50m██[38;2;127;116;124m██[38;2;139;182;207m██[38;2;161;186;201m██[38;2;142;152;159m██[38;2;165;162;165m██[38;2;97;92;101m██[38;2;0;1;1m  [38;2;0;0;0m          
[38;2;0;0;0m  [38;2;40;40;40m  [38;2;134;120;129m██[38;2;105;86;88m██[38;2;0;0;0m  [38;2;0;1;1m  [38;2;60;60;65m██[38;2;156;132;139m██[38;2;211;190;200m██[38;2;107;103;106m██[38;2;227;220;224m██[38;2;189;173;183m██[38;2;25;24;25m██[38;2;0;0;0m          
[38;2;0;0;0m          [38;2;176;170;147m██[38;2;202;194;200m██[38;2;189;187;188m██[38;2;95;88;93m██[38;2;96;92;95m██[38;2;118;114;116m██[38;2;151;145;151m██[38;2;160;143;130m██[38;2;59;52;44m  [38;2;0;0;0m        
[38;2;0;0;0m        [38;2;119;115;98m██[38;2;235;227;196m██[38;2;165;154;161m██[38;2;191;184;189m██[38;2;236;232;235m██[38;2;188;184;188m██[38;2;207;193;202m██[38;2;215;205;213m██[38;2;86;81;62m██[38;2;121;108;86m██[38;2;0;0;0m        
[38;2;0;0;0m        [38;2;186;175;163m██[38;2;113;110;99m██[38;2;207;197;120m██[38;2;127;121;124m██[38;2;232;220;185m██[38;2;209;197;179m██[38;2;120;116;120m██[38;2;173;159;165m██[38;2;155;144;90m██[38;2;189;172;110m██[38;2;0;0;0m        
[38;2;0;0;0m        [38;2;88;87;85m██[38;2;188;176;67m██[38;2;164;144;150m██[38;2;223;212;126m██[38;2;184;178;184m██[38;2;248;237;161m████[38;2;116;107;113m██[38;2;151;136;147m██[38;2;131;123;127m██[38;2;0;0;0m        
[38;2;0;0;0m        [38;2;168;162;161m██[38;2;113;96;66m██[38;2;213;197;118m██[38;2;104;101;80m██[38;2;94;92;94m██[38;2;106;103;106m████[38;2;128;124;127m██[38;2;182;182;182m██[38;2;119;119;118m██[38;2;0;0;0m        
[38;2;0;0;0m        [38;2;76;71;69m██[38;2;183;177;170m██[38;2;76;72;69m██[38;2;88;87;88m██[38;2;177;163;162m██[38;2;182;167;165m██[38;2;226;219;219m██[38;2;198;194;194m██[38;2;161;143;142m██[38;2;52;42;42m  [38;2;0;0;0m        
[38;2;0;0;0m        [38;2;27;27;26m  [38;2;17;17;16m  [38;2;27;24;26m  [38;2;136;124;133m██[38;2;62;61;62m██[38;2;233;228;231m██[38;2;201;195;194m██[38;2;145;131;129m██[38;2;54;53;53m██[38;2;0;0;0m          
[38;2;0;0;0m              [38;2;112;100;107m  [38;2;0;0;0m  [38;2;25;23;26m██[38;2;52;53;57m██[38;2;0;0;0m              
[38;2;0;0;0m                  [38;2;12;11;12m  [38;2;7;8;9m  [38;2;0;0;0m              [0m
