
[38;2;0;0;0m          [38;2;26;26;37m    [38;2;0;0;0m          [38;2;8;8;12m  [38;2;35;35;49m██[38;2;26;26;37m  [38;2;0;0;0m      
[38;2;0;0;0m          [38;2;26;26;37m  [38;2;125;145;193m██[38;2;20;38;44m  [38;2;0;0;0m  [38;2;38;74;79m  [38;2;4;0;0m  [38;2;0;0;0m  [38;2;113;113;160m██[38;2;121;178;220m██[38;2;26;26;37m  [38;2;0;0;0m      
[38;2;0;0;0m        [38;2;12;24;26m  [38;2;12;12;12m  [38;2;132;154;205m██[38;2;53;84;102m██[38;2;0;0;0m  [38;2;50;86;92m██[38;2;37;53;56m██[38;2;67;67;78m██[38;2;131;156;207m██[38;2;26;51;59m██[38;2;0;0;0m        
[38;2;0;0;0m        [38;2;24;49;53m██[38;2;61;73;76m██[38;2;135;144;195m██[38;2;102;107;135m██[38;2;49;48;49m██[38;2;103;104;136m██[38;2;121;122;165m██[38;2;135;137;189m██[38;2;131;156;207m██[38;2;26;51;59m██[38;2;0;0;0m        
[38;2;0;0;0m        [38;2;33;36;37m██[38;2;124;126;173m██[38;2;112;113;148m██[38;2;126;127;173m██[38;2;140;140;198m████[38;2;140;140;197m██[38;2;133;152;204m██[38;2;79;133;154m██[38;2;6;4;4m  [38;2;12;24;26m  [38;2;0;0;0m      
[38;2;0;0;0m    [38;2;97;98;137m██[38;2;53;54;63m██[38;2;124;124;173m██[38;2;98;98;123m██[38;2;126;127;173m██[38;2;140;140;198m██[38;2;140;141;198m████[38;2;84;83;98m██[38;2;78;96;106m██[38;2;61;116;127m██[38;2;61;102;110m██[38;2;39;60;65m██[38;2;0;0;0m      
[38;2;0;0;0m    [38;2;32;32;47m██[38;2;85;86;113m██[38;2;140;140;198m██[38;2;90;89;114m██[38;2;139;141;197m██[38;2;140;140;198m██[38;2;118;119;163m██[38;2;84;83;98m██[38;2;140;141;198m████[38;2;76;100;109m██[38;2;58;73;79m██[38;2;21;12;12m  [38;2;0;0;0m  [38;2;23;32;41m  [38;2;0;0;0m  
[38;2;0;0;0m    [38;2;24;24;36m██[38;2;99;99;147m██[38;2;140;140;198m██[38;2;131;132;188m██[38;2;139;140;197m██[38;2;140;140;198m██[38;2;131;132;187m██[38;2;139;140;197m██[38;2;140;140;198m████[38;2;131;156;207m██[38;2;105;167;198m██[38;2;92;167;191m██[38;2;80;155;179m██[38;2;92;130;166m██[38;2;0;0;0m  
[38;2;0;0;0m      [38;2;55;54;83m  [38;2;108;108;160m██[38;2;125;127;173m██[38;2;138;138;195m██[38;2;126;120;178m██[38;2;131;132;187m██[38;2;139;140;197m██[38;2;140;140;198m████[38;2;128;129;184m████[38;2;131;132;188m██[38;2;140;140;198m██[38;2;78;79;111m  [38;2;0;0;0m  
[38;2;0;0;0m    [38;2;0;3;0m  [38;2;46;18;39m  [38;2;106;76;124m██[38;2;147;57;131m██[38;2;109;106;125m██[38;2;203;189;223m██[38;2;189;175;180m██[38;2;132;133;190m██[38;2;126;127;173m██[38;2;84;83;98m██[38;2;73;73;86m██[38;2;68;77;90m██[38;2;96;63;111m██[38;2;35;35;49m██[38;2;0;0;0m    
[38;2;0;0;0m  [38;2;28;15;26m  [38;2;140;41;121m██[38;2;156;49;135m██[38;2;92;66;97m██[38;2;202;42;167m██[38;2;121;83;114m██[38;2;83;71;94m██[38;2;168;146;172m██[38;2;98;65;101m██[38;2;127;54;109m██[38;2;206;40;165m████[38;2;196;49;172m██[38;2;84;51;83m██[38;2;14;2;12m  [38;2;0;0;0m    
[38;2;0;0;0m  [38;2;65;51;63m██[38;2;130;77;121m██[38;2;98;71;93m██[38;2;101;58;90m██[38;2;127;50;109m██[38;2;156;49;134m██[38;2;136;96;152m██[38;2;102;71;104m██[38;2;105;64;99m██[38;2;114;70;105m██[38;2;153;105;149m██[38;2;182;35;150m██[38;2;206;40;165m██[38;2;208;40;167m██[38;2;136;24;111m██[38;2;0;0;0m    
[38;2;0;0;0m  [38;2;77;70;79m  [38;2;137;126;142m██[38;2;111;102;115m██[38;2;12;12;12m  [38;2;111;55;113m██[38;2;78;75;95m██[38;2;76;73;89m██[38;2;92;71;109m████[38;2;100;81;122m██[38;2;17;13;20m  [38;2;160;122;185m██[38;2;182;55;159m██[38;2;199;38;160m██[38;2;184;63;168m██[38;2;0;0;0m    
[38;2;0;0;0m    [38;2;59;55;62m██[38;2;34;31;35m██[38;2;0;0;0m  [38;2;66;56;75m██[38;2;83;67;87m██[38;2;107;89;122m██[38;2;136;114;128m██[38;2;214;194;138m██[38;2;130;112;158m██[38;2;33;31;44m  [38;2;17;10;17m  [38;2;155;119;185m██[38;2;179;61;166m██[38;2;85;70;104m██[38;2;0;0;0m    
[38;2;0;0;0m    [38;2;25;23;26m  [38;2;128;118;133m██[38;2;57;52;39m██[38;2;120;100;111m██[38;2;115;89;131m██[38;2;194;173;140m██[38;2;220;200;143m██[38;2;142;121;134m██[38;2;133;113;159m██[38;2;46;42;60m██[38;2;0;0;0m  [38;2;148;136;191m██[38;2;185;170;239m██[38;2;37;34;47m  [38;2;0;0;0m    
[38;2;0;0;0m      [38;2;102;94;106m██[38;2;98;89;84m██[38;2;131;111;123m██[38;2;142;121;134m██[38;2;142;120;134m██[38;2;116;96;131m██[38;2;115;96;131m██[38;2;145;131;184m██[38;2;12;11;15m  [38;2;37;34;47m  [38;2;185;170;239m██[38;2;37;34;47m  [38;2;0;0;0m      
[38;2;0;0;0m    [38;2;8;7;8m  [38;2;111;102;115m██[38;2;81;77;55m██[38;2;130;112;122m██[38;2;142;121;134m██[38;2;142;120;134m██[38;2;107;87;122m██[38;2;108;103;124m██[38;2;124;123;143m  [38;2;0;0;0m  [38;2;86;79;111m██[38;2;49;45;63m██[38;2;0;0;0m        
[38;2;0;0;0m  [38;2;0;0;4m  [38;2;118;113;119m██[38;2;69;66;70m██[38;2;4;4;6m  [38;2;142;122;106m██[38;2;135;117;106m██[38;2;127;108;120m██[38;2;76;69;84m██[38;2;203;201;211m██[38;2;143;143;143m  [38;2;46;46;46m  [38;2;186;172;234m██[38;2;181;179;186m██[38;2;0;0;0m        
[38;2;7;7;8m  [38;2;117;113;119m██[38;2;146;141;146m██[38;2;35;34;35m  [38;2;0;0;0m  [38;2;0;0;13m  [38;2;80;68;73m██[38;2;90;72;107m██[38;2;117;114;122m██[38;2;255;255;255m██[38;2;237;238;237m██[38;2;46;47;46m  [38;2;149;137;186m██[38;2;206;202;213m██[38;2;255;255;255m██[38;2;63;63;63m██[38;2;0;0;0m    
[38;2;43;43;45m██[38;2;78;78;80m██[38;2;0;0;0m        [38;2;18;16;19m██[38;2;87;69;101m██[38;2;101;100;101m██[38;2;243;243;243m██[38;2;47;47;47m  [38;2;0;0;0m  [38;2;49;45;63m██[38;2;150;140;171m██[38;2;255;255;255m██[38;2;207;207;207m██[38;2;0;0;0m    
[38;2;0;0;0m            [38;2;141;139;141m██[38;2;35;34;35m    [38;2;191;190;191m██[38;2;100;100;100m██[38;2;15;15;15m  [38;2;0;0;0m  [38;2;111;102;138m  [38;2;167;157;195m██[38;2;247;247;248m██[38;2;47;47;47m  [38;2;0;0;0m  
[38;2;0;0;0m                  [38;2;47;47;47m  [38;2;63;63;63m██[38;2;15;15;15m  [38;2;0;0;0m    [38;2;45;42;55m██[38;2;167;158;200m██[38;2;239;239;239m██[38;2;47;47;47m  [0m
