
[38;2;0;0;0m            [38;2;36;35;17m  [38;2;0;0;0m                        
[38;2;0;0;0m          [38;2;171;165;82m  [38;2;147;142;71m██[38;2;0;0;0m                        
[38;2;0;0;0m        [38;2;23;22;11m  [38;2;234;227;113m██[38;2;255;247;126m██[38;2;13;12;6m██[38;2;0;0;0m                      
[38;2;0;0;0m        [38;2;93;91;46m██[38;2;255;246;125m██[38;2;255;247;123m██[38;2;135;129;64m██[38;2;3;0;0m  [38;2;0;0;0m                    
[38;2;0;0;0m      [38;2;53;52;25m  [38;2;213;198;102m██[38;2;255;247;126m██[38;2;228;215;107m██[38;2;251;243;121m██[38;2;134;129;65m██[38;2;0;0;0m                    
[38;2;0;0;0m      [38;2;214;208;103m██[38;2;215;199;101m██[38;2;255;246;126m██[38;2;221;206;103m██[38;2;254;246;125m██[38;2;207;199;110m██[38;2;0;0;0m                    
[38;2;0;0;0m    [38;2;80;78;38m██[38;2;201;183;92m██[38;2;255;246;123m██[38;2;240;230;114m██[38;2;227;214;107m██[38;2;255;247;122m██[38;2;205;195;123m██[38;2;51;48;30m██[38;2;0;0;0m        [38;2;15;29;29m  [38;2;0;0;0m        
[38;2;0;0;0m    [38;2;196;186;93m██[38;2;234;222;113m██[38;2;255;247;124m██[38;2;198;179;90m██[38;2;255;247;125m██[38;2;220;210;123m██[38;2;205;195;122m██[38;2;206;195;123m██[38;2;0;0;0m        [38;2;62;117;119m██  [38;2;0;0;0m      
[38;2;0;0;0m    [38;2;211;204;101m██[38;2;255;246;125m██[38;2;254;243;124m██[38;2;253;238;123m██[38;2;224;215;117m██[38;2;189;178;114m██[38;2;206;195;123m████[38;2;97;92;58m██[38;2;0;0;0m      [38;2;46;88;89m  [38;2;87;163;167m██[38;2;7;14;15m  [38;2;0;0;0m    
[38;2;0;0;0m    [38;2;80;78;38m██[38;2;255;246;125m██[38;2;188;175;90m██[38;2;177;146;85m██[38;2;224;221;213m██[38;2;138;124;96m██[38;2;206;195;122m██[38;2;101;97;80m██[38;2;178;169;106m██[38;2;0;0;0m        [38;2;99;185;192m██[38;2;82;153;157m██[38;2;0;0;0m    
[38;2;0;0;0m  [38;2;50;48;24m  [38;2;240;239;125m██[38;2;99;165;162m██[38;2;117;145;148m██[38;2;185;128;115m██[38;2;181;195;183m██[38;2;108;167;166m██[38;2;167;153;105m██[38;2;101;97;80m██[38;2;178;169;106m██[38;2;0;0;0m  [38;2;29;28;17m  [38;2;0;0;0m    [38;2;78;146;149m██[38;2;94;164;167m██[38;2;30;36;37m  [38;2;0;0;0m  
[38;2;29;38;34m  [38;2;131;157;122m██[38;2;109;172;161m██[38;2;99;184;193m██[38;2;100;185;194m████[38;2;140;138;104m██[38;2;184;175;115m██[38;2;195;185;118m██[38;2;205;195;123m██[38;2;60;57;42m██[38;2;0;0;0m  [38;2;119;112;71m██[38;2;0;0;0m    [38;2;18;21;20m██[38;2;176;180;105m██[38;2;75;104;106m██[38;2;19;36;37m  
[38;2;0;0;3m  [38;2;87;116;104m  [38;2;75;139;146m██[38;2;89;167;175m██[38;2;84;157;166m██[38;2;102;169;170m██[38;2;139;157;131m██[38;2;185;174;113m██[38;2;205;195;123m██[38;2;131;118;98m██[38;2;188;183;130m██[38;2;20;20;20m██[38;2;156;153;108m██[38;2;159;151;100m██[38;2;23;22;13m  [38;2;93;90;52m██[38;2;233;224;118m██[38;2;65;63;58m██[38;2;16;16;8m  
[38;2;0;0;0m      [38;2;13;30;28m  [38;2;33;50;46m██[38;2;140;160;132m██[38;2;188;176;114m████[38;2;206;195;122m██[38;2;206;195;123m██[38;2;127;138;120m██[38;2;129;156;133m██[38;2;95;97;84m██[38;2;85;84;72m██[38;2;154;149;83m██[38;2;255;247;126m██[38;2;168;160;97m██[38;2;217;207;111m██[38;2;67;64;32m██
[38;2;0;0;0m          [38;2;16;32;34m  [38;2;140;146;118m██[38;2;89;109;115m██[38;2;166;176;130m██[38;2;111;115;108m██[38;2;99;185;192m████[38;2;112;158;146m██[38;2;116;129;105m██[38;2;255;247;126m██[38;2;240;231;119m██[38;2;226;216;115m██[38;2;191;184;97m██[38;2;0;0;0m  
[38;2;0;0;0m        [38;2;29;53;56m  [38;2;76;135;143m██[38;2;75;136;147m██[38;2;75;136;148m██[38;2;98;164;172m██[38;2;111;181;178m██[38;2;99;184;192m██[38;2;96;181;193m██[38;2;77;114;121m██[38;2;216;213;132m██[38;2;255;246;123m██[38;2;255;247;123m██[38;2;229;220;122m██[38;2;194;184;116m██[38;2;40;38;24m  
[38;2;0;0;0m        [38;2;4;1;0m  [38;2;32;45;45m  [38;2;71;145;159m██[38;2;88;162;181m██[38;2;99;185;192m████[38;2;95;175;184m██[38;2;80;105;115m██[38;2;75;73;75m██[38;2;159;151;95m██[38;2;205;195;123m████[38;2;170;161;101m██[38;2;0;0;0m    
[38;2;0;0;0m            [38;2;40;82;89m██[38;2;71;130;161m██[38;2;81;150;173m██[38;2;99;185;192m██[38;2;77;122;138m██[38;2;86;132;133m██[38;2;54;74;72m██[38;2;5;5;3m  [38;2;83;79;54m██[38;2;100;97;80m██[38;2;69;105;105m██[38;2;0;0;0m    
[38;2;0;0;0m              [38;2;145;135;95m██[38;2;93;101;93m██[38;2;156;167;123m██[38;2;124;135;110m██[38;2;65;123;135m██[38;2;24;44;49m  [38;2;2;5;5m  [38;2;56;109;115m██[38;2;77;153;166m██[38;2;22;45;50m██[38;2;0;0;0m    
[38;2;0;0;0m            [38;2;59;67;60m  [38;2;91;102;94m██[38;2;208;212;125m██[38;2;255;247;123m██[38;2;233;232;126m██[38;2;190;192;105m██[38;2;0;0;0m  [38;2;16;21;22m██[38;2;131;174;180m██[38;2;159;178;182m██[38;2;5;11;12m  [38;2;0;0;0m    
[38;2;0;0;0m            [38;2;121;133;117m██[38;2;96;114;123m██[38;2;137;139;118m██[38;2;223;216;121m██[38;2;159;148;89m██[38;2;0;0;0m                
[38;2;0;0;0m              [38;2;56;63;66m  [38;2;45;48;48m██[38;2;31;31;29m██[38;2;15;13;10m  [38;2;0;0;0m                [0m
