
[38;2;0;0;0m          [38;2;12;20;16m  [38;2;57;87;73m  [38;2;1;2;1m  [38;2;0;0;0m                              
[38;2;0;0;0m        [38;2;14;24;19m  [38;2;128;181;162m  [38;2;125;178;158m██[38;2;4;8;6m  [38;2;0;0;0m                              
[38;2;0;0;0m        [38;2;97;142;122m██[38;2;162;231;212m██[38;2;77;137;130m  [38;2;3;6;4m  [38;2;0;0;0m                              
[38;2;0;0;0m  [38;2;33;54;43m  [38;2;0;0;0m    [38;2;97;142;122m██[38;2;143;223;212m██[38;2;34;56;45m  [38;2;0;0;0m                                
[38;2;32;50;42m  [38;2;153;211;190m██[38;2;43;71;57m  [38;2;61;105;93m  [38;2;129;216;213m██[38;2;132;217;212m██[38;2;97;175;172m██[38;2;19;31;26m  [38;2;0;0;0m                              
[38;2;87;129;110m██[38;2;138;219;213m██[38;2;89;152;154m██[38;2;112;204;206m██[38;2;115;210;212m██[38;2;126;215;212m██[38;2;115;210;213m██[38;2;62;103;86m██[38;2;0;0;0m                              
[38;2;11;18;14m  [38;2;87;155;151m  [38;2;117;205;206m██[38;2;130;182;169m██[38;2;127;185;175m██[38;2;130;181;168m██[38;2;123;186;179m██[38;2;117;206;208m██[38;2;46;79;69m  [38;2;0;1;0m  [38;2;25;25;24m  [38;2;0;0;0m                        
[38;2;0;0;0m  [38;2;44;69;57m  [38;2;122;188;179m██[38;2;169;230;210m██[38;2;167;227;207m██[38;2;167;231;209m██[38;2;160;227;210m██[38;2;105;173;180m██[38;2;46;79;69m  [38;2;0;1;0m  [38;2;173;170;166m██[38;2;0;0;0m              [38;2;112;114;116m  [38;2;0;0;0m        
[38;2;14;24;19m  [38;2;102;184;182m██[38;2;131;186;174m██[38;2;169;230;210m██[38;2;169;234;211m████[38;2;160;227;210m██[38;2;105;173;180m██[38;2;32;52;41m  [38;2;0;0;0m  [38;2;189;186;179m██[38;2;155;154;137m██[38;2;147;150;152m██[38;2;233;234;235m██[38;2;231;234;236m██[38;2;55;56;56m██[38;2;47;51;46m██[38;2;233;234;235m██[38;2;193;195;198m██[38;2;0;0;0m        
[38;2;3;6;4m  [38;2;59;100;89m  [38;2;115;205;208m██[38;2;114;185;181m██[38;2;171;234;212m████[38;2;111;184;188m██[38;2;77;126;113m██[38;2;8;13;10m  [38;2;0;0;0m  [38;2;200;197;193m██[38;2;230;233;235m██[38;2;230;234;238m██[38;2;233;234;235m██[38;2;232;234;235m██[38;2;229;231;233m██[38;2;222;223;222m██[38;2;230;234;237m██[38;2;80;81;82m██[38;2;0;0;0m        
[38;2;0;0;0m    [38;2;42;68;55m  [38;2;90;158;156m  [38;2;121;183;183m██[38;2;169;234;215m██[38;2;59;98;98m  [38;2;3;6;4m  [38;2;0;0;0m  [38;2;55;55;56m  [38;2;145;138;139m██[38;2;97;72;73m██[38;2;145;130;132m██[38;2;233;234;235m██[38;2;232;234;235m████[38;2;218;218;217m██[38;2;192;194;196m██[38;2;0;0;0m          
[38;2;0;0;0m      [38;2;11;19;15m  [38;2;57;86;90m██[38;2;121;175;167m██[38;2;0;0;0m      [38;2;220;223;227m██[38;2;109;73;85m██[38;2;122;75;97m██[38;2;149;135;138m██[38;2;233;234;235m██[38;2;231;234;236m██[38;2;107;106;107m██[38;2;152;146;139m██[38;2;171;168;164m██[38;2;0;0;0m          
[38;2;0;0;0m        [38;2;80;81;82m██[38;2;230;234;238m██[38;2;0;0;0m    [38;2;85;84;82m██[38;2;8;8;8m██[38;2;114;93;96m██[38;2;105;76;81m██[38;2;150;144;136m██[38;2;185;185;185m██[38;2;88;87;88m██[38;2;244;244;242m██[38;2;171;169;156m██[38;2;200;194;189m██[38;2;101;99;96m██[38;2;0;0;0m        
[38;2;0;0;0m        [38;2;80;81;82m██[38;2;231;234;236m██[38;2;106;106;107m  [38;2;0;0;0m  [38;2;85;84;82m██[38;2;102;103;84m██[38;2;213;213;215m██[38;2;201;194;196m██[38;2;101;97;88m██[38;2;206;206;200m██[38;2;142;145;142m██[38;2;130;137;134m██[38;2;190;187;180m██[38;2;197;194;189m██[38;2;164;162;148m██[38;2;0;0;0m        
[38;2;0;0;0m        [38;2;11;6;9m  [38;2;170;169;170m██[38;2;141;142;143m██[38;2;0;0;0m    [38;2;125;126;101m██[38;2;231;234;236m██[38;2;207;208;202m██[38;2;174;170;160m██[38;2;113;115;120m██[38;2;160;160;155m██[38;2;196;192;181m██[38;2;160;158;142m██[38;2;112;112;93m██[38;2;34;34;27m  [38;2;0;0;0m        
[38;2;0;0;0m        [38;2;44;26;36m██[38;2;73;65;70m██[38;2;159;161;163m██[38;2;4;4;4m  [38;2;21;20;21m  [38;2;198;201;198m██[38;2;230;234;237m██[38;2;131;131;105m██[38;2;200;194;189m██████[38;2;198;192;186m██[38;2;130;128;117m██[38;2;14;13;14m  [38;2;0;0;0m          
[38;2;3;6;4m  [38;2;70;105;89m  [38;2;14;23;18m  [38;2;2;4;3m  [38;2;16;16;16m  [38;2;95;91;87m██[38;2;182;179;174m██[38;2;78;69;70m██[38;2;78;73;72m██[38;2;227;228;229m██[38;2;152;152;153m██[38;2;197;194;189m██[38;2;164;161;158m██[38;2;100;92;85m██[38;2;108;103;96m██[38;2;156;153;142m██[38;2;85;71;71m██[38;2;84;66;66m██[38;2;28;18;23m██[38;2;0;0;0m        
[38;2;14;24;19m  [38;2;142;205;188m██[38;2;139;200;182m██[38;2;60;92;76m  [38;2;0;0;0m  [38;2;41;40;39m  [38;2;195;192;187m██[38;2;34;32;31m██[38;2;23;22;21m  [38;2;199;197;193m██[38;2;185;183;180m██[38;2;49;48;47m██[38;2;71;63;63m██[38;2;205;179;147m██[38;2;181;161;141m██[38;2;118;99;94m██[38;2;97;73;73m██[38;2;78;67;71m██[38;2;124;75;103m██[38;2;78;47;65m  [38;2;0;0;0m      
[38;2;11;18;14m  [38;2;49;90;74m  [38;2;124;183;166m██[38;2;168;232;213m██[38;2;71;122;108m██[38;2;19;36;32m██[38;2;192;199;193m██[38;2;16;18;18m██[38;2;0;0;0m        [38;2;106;94;86m██[38;2;155;129;123m██[38;2;162;138;130m██[38;2;244;227;205m██[38;2;128;90;103m██[38;2;116;72;98m██[38;2;16;16;16m  [38;2;100;60;84m██[38;2;128;77;106m██[38;2;24;14;20m  [38;2;0;0;0m  
[38;2;0;0;0m  [38;2;11;18;14m  [38;2;30;52;44m  [38;2;147;217;201m██[38;2;109;195;201m██[38;2;140;181;174m██[38;2;132;166;157m██[38;2;134;164;155m██[38;2;42;69;55m  [38;2;1;3;2m  [38;2;0;0;0m    [38;2;214;203;185m██[38;2;242;223;204m██[38;2;247;231;212m██[38;2;252;237;219m██[38;2;159;136;131m██[38;2;110;66;92m██[38;2;0;0;0m  [38;2;5;4;4m  [38;2;78;49;63m██[38;2;120;71;100m██[38;2;24;14;20m  
[38;2;0;0;0m  [38;2;11;18;14m  [38;2;84;148;139m██[38;2;115;210;211m██[38;2;116;192;190m██[38;2;162;224;202m██[38;2;169;234;211m████[38;2;114;183;187m██[38;2;59;95;79m██[38;2;11;11;12m  [38;2;65;58;56m██[38;2;198;177;168m██[38;2;226;207;194m████[38;2;219;200;188m██[38;2;155;129;123m██[38;2;102;74;78m██[38;2;56;36;47m██[38;2;0;0;0m  [38;2;102;101;98m  [38;2;91;63;73m██[38;2;17;11;13m  
[38;2;0;0;0m  [38;2;44;70;57m  [38;2;115;207;212m██[38;2;115;210;211m██[38;2;125;186;179m██[38;2;167;231;209m██[38;2;169;234;211m██[38;2;171;234;212m██[38;2;136;201;195m██[38;2;17;28;25m██[38;2;71;57;57m██[38;2;87;69;69m██[38;2;171;159;147m██[38;2;226;207;194m██[38;2;226;207;190m██[38;2;180;157;145m██[38;2;140;114;100m██[38;2;102;74;78m██[38;2;118;74;99m██[38;2;40;39;40m  [38;2;0;0;0m  [38;2;0;1;0m  [38;2;0;0;0m  
[38;2;0;0;0m  [38;2;33;52;43m  [38;2;90;158;153m██[38;2;112;204;205m██[38;2;123;185;181m██[38;2;167;231;210m██[38;2;169;234;212m██[38;2;120;167;159m██[38;2;123;182;176m██[38;2;3;6;6m██[38;2;96;76;77m██[38;2;95;73;73m██[38;2;84;79;77m██[38;2;106;87;85m██[38;2;155;130;119m██[38;2;157;132;120m██[38;2;134;109;98m██[38;2;130;76;105m██[38;2;128;76;106m██[38;2;81;67;74m██[38;2;92;74;74m██[38;2;23;18;18m██[38;2;6;4;4m  
[38;2;0;0;0m    [38;2;14;23;18m  [38;2;61;105;93m  [38;2;84;145;141m██[38;2;113;178;182m██[38;2;112;177;181m██[38;2;118;188;190m██[38;2;43;71;62m  [38;2;0;1;0m  [38;2;57;45;45m██[38;2;95;73;73m██[38;2;11;8;8m  [38;2;2;1;1m  [38;2;51;44;36m██[38;2;49;42;35m██[38;2;25;20;18m██[38;2;128;76;105m██[38;2;128;75;105m██[38;2;117;72;97m██[38;2;36;34;35m██[38;2;23;18;18m██[38;2;6;4;4m  
[38;2;0;0;0m        [38;2;14;24;19m  [38;2;42;69;55m      [38;2;0;0;0m    [38;2;147;145;141m██[38;2;0;0;0m            [38;2;12;7;10m  [38;2;122;96;105m██[38;2;113;97;98m██[38;2;0;0;0m      
[38;2;0;0;0m                                    [38;2;41;41;41m  [38;2;52;52;52m  [38;2;0;0;0m      [0m
