
[38;2;0;0;0m                      [38;2;47;44;33m  [38;2;0;0;0m                
[38;2;0;0;0m                    [38;2;46;44;33m  [38;2;94;88;67m██[38;2;0;0;0m      [38;2;143;134;101m  [38;2;0;0;0m        
[38;2;0;0;0m                [38;2;22;20;18m██[38;2;81;76;63m██[38;2;206;195;151m██[38;2;102;92;62m██[38;2;52;42;19m██[38;2;15;13;5m  [38;2;95;89;67m██[38;2;47;44;33m  [38;2;0;0;0m        
[38;2;0;0;0m                [38;2;26;20;19m██[38;2;146;134;105m██[38;2;126;115;89m██[38;2;115;99;69m██[38;2;233;192;83m██[38;2;100;87;53m██[38;2;203;191;148m██[38;2;12;12;12m  [38;2;0;0;0m        
[38;2;0;0;0m                [38;2;30;29;22m██[38;2;151;138;93m██[38;2;136;124;84m██[38;2;125;110;73m██[38;2;172;146;79m██[38;2;165;152;121m██[38;2;65;65;65m██[38;2;86;78;65m██[38;2;49;49;49m██[38;2;0;0;0m      
[38;2;0;0;0m            [38;2;111;102;80m  [38;2;0;0;6m  [38;2;206;193;147m██[38;2;112;109;96m██[38;2;195;167;86m██[38;2;219;183;79m██[38;2;136;125;92m██[38;2;232;217;166m██[38;2;87;78;65m██[38;2;173;132;65m██[38;2;49;49;49m██[38;2;0;0;0m      
[38;2;0;0;0m            [38;2;37;34;28m  [38;2;106;98;82m██[38;2;208;168;92m██[38;2;144;134;109m██[38;2;172;147;79m██[38;2;136;119;71m██[38;2;148;141;116m██[38;2;255;239;180m██[38;2;241;219;159m██[38;2;99;89;73m██[38;2;37;37;37m  [38;2;0;0;0m      
[38;2;0;0;0m            [38;2;15;15;13m  [38;2;191;185;143m██[38;2;236;194;83m██[38;2;236;211;152m██[38;2;207;195;152m████[38;2;199;160;94m████[38;2;255;239;181m██[38;2;184;173;137m██[38;2;0;0;0m        
[38;2;0;0;0m          [38;2;111;102;78m  [38;2;144;132;100m██[38;2;177;164;118m██[38;2;225;196;109m██[38;2;255;234;166m██[38;2;255;240;179m██[38;2;215;177;96m██[38;2;255;214;89m██[38;2;255;214;96m██[38;2;186;152;101m██[38;2;123;116;98m██[38;2;63;59;45m████[38;2;0;0;0m    
[38;2;0;0;0m              [38;2;48;44;32m  [38;2;160;144;105m██[38;2;134;117;79m██[38;2;212;196;149m██[38;2;206;187;137m██[38;2;199;152;71m██[38;2;153;124;63m██[38;2;201;180;131m██[38;2;198;182;140m██[38;2;125;118;90m██[38;2;79;74;56m██[38;2;0;0;0m    
[38;2;15;14;11m  [38;2;63;59;45m██[38;2;255;239;180m████████[38;2;60;56;42m██[38;2;86;82;72m██[38;2;124;113;88m██[38;2;164;152;121m██[38;2;123;106;71m██[38;2;98;84;57m██[38;2;90;77;53m██[38;2;171;155;119m██[38;2;111;102;80m  [38;2;111;102;78m  [38;2;154;147;113m██[38;2;15;14;11m  [38;2;0;0;0m    
[38;2;63;59;45m██[38;2;222;206;157m██[38;2;244;228;173m████[38;2;63;59;45m██[38;2;174;161;123m██[38;2;208;191;147m██[38;2;198;181;140m██[38;2;189;174;135m██[38;2;165;152;121m██[38;2;98;94;84m██[38;2;180;170;135m██[38;2;207;195;152m██[38;2;126;116;96m██[38;2;0;0;6m  [38;2;0;0;0m  [38;2;15;14;11m    [38;2;0;0;0m    
[38;2;47;44;33m  [38;2;93;88;67m██[38;2;138;132;101m  [38;2;0;0;0m        [38;2;111;102;78m  [38;2;148;141;115m██[38;2;113;108;94m██[38;2;255;239;180m████[38;2;251;235;178m██[38;2;208;191;147m██[38;2;148;135;105m██[38;2;0;0;0m          
[38;2;0;0;0m                [38;2;74;71;57m██[38;2;220;205;157m██[38;2;243;228;173m████[38;2;183;170;133m██[38;2;173;159;126m██[38;2;37;33;26m  [38;2;0;0;0m          
[38;2;0;0;0m                [38;2;31;29;22m██[38;2;154;143;113m██[38;2;172;162;130m████[38;2;134;126;105m██[38;2;49;45;34m██[38;2;0;0;0m            
[38;2;0;0;0m                [38;2;63;59;45m██[38;2;219;206;159m██[38;2;207;195;152m████[38;2;251;235;178m██[38;2;60;56;42m██[38;2;0;0;0m            
[38;2;0;0;0m                [38;2;63;59;45m██[38;2;255;239;180m████████[38;2;63;59;45m██[38;2;0;0;0m            
[38;2;0;0;0m                [38;2;63;59;45m██[38;2;255;238;181m██[38;2;255;239;181m██[38;2;255;238;181m██[38;2;255;239;181m██[38;2;63;59;45m██[38;2;0;0;0m            
[38;2;0;0;0m                [38;2;47;44;33m  [38;2;239;224;169m██[38;2;255;239;180m██████[38;2;63;59;45m██[38;2;0;0;0m            
[38;2;0;0;0m                  [38;2;191;179;135m██[38;2;255;239;181m██[38;2;255;238;181m██[38;2;255;239;181m██[38;2;63;59;45m██[38;2;0;0;0m            
[38;2;0;0;0m                  [38;2;191;179;135m██[38;2;255;239;180m██████[38;2;63;59;45m██[38;2;0;0;0m    [38;2;11;8;4m  [38;2;147;107;53m██[38;2;144;105;52m██[38;2;8;6;2m  
[38;2;0;0;0m                  [38;2;47;44;33m  [38;2;255;239;181m██[38;2;255;238;181m██[38;2;255;239;181m██[38;2;63;59;45m██[38;2;0;0;0m    [38;2;37;26;11m██[38;2;108;87;61m██[38;2;106;85;59m██[38;2;35;24;10m██
[38;2;0;0;0m                  [38;2;1;1;1m  [38;2;255;241;182m██[38;2;255;239;180m██████[38;2;0;0;0m    [38;2;26;18;7m  [38;2;118;83;36m██[38;2;98;79;56m██[38;2;35;24;10m██
[38;2;0;0;0m                  [38;2;98;97;73m  [38;2;208;202;152m██[38;2;255;238;181m██[38;2;255;239;181m██[38;2;255;238;181m██[38;2;0;0;0m      [38;2;13;12;15m  [38;2;113;81;39m██[38;2;8;6;2m  
[38;2;0;0;0m                [38;2;86;79;61m██[38;2;198;181;140m██[38;2;197;180;139m██[38;2;229;213;162m██[38;2;244;228;173m██[38;2;255;239;180m██[38;2;207;194;147m██[38;2;15;14;11m  [38;2;49;45;35m██[38;2;134;113;82m██[38;2;63;51;37m  [38;2;0;0;0m  
[38;2;0;0;0m                [38;2;198;182;140m██[38;2;198;181;140m██[38;2;160;147;113m██[38;2;49;45;34m██[38;2;90;82;63m██[38;2;244;228;173m████[38;2;53;49;37m██[38;2;49;45;35m██[38;2;13;11;8m  [38;2;1;0;0m  [38;2;0;0;0m  
[38;2;0;0;0m              [38;2;0;0;2m  [38;2;75;63;42m██[38;2;123;115;90m██[38;2;0;2;4m  [38;2;0;0;0m    [38;2;110;101;78m  [38;2;185;170;130m██[38;2;37;34;26m  [38;2;0;0;0m        
[38;2;0;0;0m            [38;2;24;18;11m  [38;2;74;54;35m██[38;2;143;102;47m██[38;2;75;63;42m██[38;2;0;0;0m        [38;2;185;170;131m██[38;2;37;34;26m  [38;2;0;0;0m        
[38;2;0;0;0m                          [38;2;105;74;30m██[38;2;126;92;45m████[38;2;0;0;0m        
[38;2;0;0;0m                          [38;2;26;18;7m  [38;2;21;18;14m████[38;2;0;0;0m        [0m
