
[38;2;13;12;13m  [38;2;50;48;52m      [38;2;32;31;33m  [38;2;44;42;45m  [38;2;20;19;21m  [38;2;50;48;52m              [38;2;20;19;21m  [38;2;0;0;0m            
[38;2;52;50;54m  [38;2;200;194;208m      [38;2;85;83;89m  [38;2;194;188;201m██[38;2;80;78;84m  [38;2;200;194;208m      [38;2;50;48;52m  [38;2;200;194;208m      [38;2;80;78;84m  [38;2;0;0;0m            
[38;2;55;54;57m  [38;2;213;209;219m      [38;2;71;69;74m██[38;2;183;180;189m██[38;2;41;43;42m██[38;2;143;139;149m  [38;2;150;145;156m  [38;2;60;60;61m  [38;2;228;229;231m██[38;2;5;4;5m  [38;2;213;209;219m  [38;2;200;194;208m  [38;2;80;78;84m  [38;2;0;0;0m            
[38;2;66;66;66m  [38;2;255;255;255m      [38;2;71;69;74m██[38;2;204;206;207m██[38;2;216;218;218m██[38;2;178;179;180m██[38;2;137;140;138m██[38;2;229;230;231m██[38;2;204;198;211m██[38;2;5;4;5m  [38;2;219;175;223m  [38;2;206;160;211m  [38;2;176;131;180m  [38;2;156;111;159m    [38;2;0;0;0m  [38;2;107;77;110m  [38;2;146;103;149m██[38;2;29;19;29m  
[38;2;66;66;66m  [38;2;255;255;255m  [38;2;235;235;235m  [38;2;80;80;80m  [38;2;233;234;235m████████[38;2;187;191;189m██[38;2;200;194;208m██[38;2;100;97;104m██[38;2;208;149;213m  [38;2;208;148;212m  [38;2;208;149;213m  [38;2;208;149;212m  [38;2;201;144;206m  [38;2;89;63;91m  [38;2;208;149;213m██[38;2;208;149;212m██[38;2;185;131;189m██[38;2;40;29;41m  
[38;2;66;66;66m  [38;2;255;255;255m  [38;2;176;176;176m  [38;2;194;194;195m██[38;2;233;234;235m██████████[38;2;224;224;228m██[38;2;100;97;104m██[38;2;208;149;213m        [38;2;59;41;60m  [38;2;173;122;177m██[38;2;182;130;186m██[38;2;52;37;53m██[38;2;62;43;63m  [38;2;40;29;41m  
[38;2;66;66;66m  [38;2;255;255;255m  [38;2;72;72;72m██[38;2;233;234;235m████████████[38;2;224;224;228m██[38;2;200;194;208m██[38;2;4;3;5m  [38;2;208;148;212m  [38;2;208;149;213m  [38;2;177;126;181m  [38;2;50;33;50m██[38;2;125;83;125m██[38;2;77;55;79m  [38;2;208;149;212m  [38;2;208;149;213m  [38;2;54;39;55m  
[38;2;66;66;66m  [38;2;255;255;255m  [38;2;72;72;72m██[38;2;212;209;218m██[38;2;224;223;227m██[38;2;230;230;232m██[38;2;233;234;235m████[38;2;159;161;163m██[38;2;200;194;208m████[38;2;4;3;5m  [38;2;208;149;213m    [38;2;84;60;86m  [38;2;136;90;136m██[38;2;113;80;116m  [38;2;208;149;213m      [38;2;54;39;55m  
[38;2;66;66;66m  [38;2;255;255;255m  [38;2;195;195;195m  [38;2;135;131;140m  [38;2;224;223;227m██[38;2;213;209;215m██[38;2;135;137;136m██[38;2;119;125;119m██[38;2;230;227;233m██[38;2;200;194;208m██[38;2;175;169;182m██[38;2;55;39;57m  [38;2;208;148;212m  [38;2;208;149;213m  [38;2;115;82;117m  [38;2;109;74;109m██[38;2;30;26;30m██[38;2;208;149;213m  [38;2;208;149;212m  [38;2;208;149;213m  [38;2;54;39;55m  
[38;2;66;66;66m  [38;2;255;255;255m  [38;2;195;195;195m  [38;2;108;97;108m  [38;2;233;234;235m██[38;2;216;213;217m██[38;2;75;58;76m██[38;2;247;244;248m██[38;2;207;202;214m██[38;2;200;194;208m██[38;2;107;100;108m██[38;2;55;39;57m  [38;2;208;149;213m      [38;2;17;11;17m██[38;2;125;83;125m██[38;2;77;55;79m  [38;2;208;149;213m    [38;2;54;39;55m  
[38;2;66;66;66m  [38;2;255;255;255m  [38;2;195;195;195m  [38;2;156;156;157m  [38;2;220;219;223m██[38;2;201;195;208m██[38;2;186;180;193m██[38;2;166;161;172m██[38;2;105;96;109m  [38;2;52;37;53m  [38;2;136;121;136m██[38;2;98;99;98m██[38;2;113;81;116m  [38;2;208;149;213m  [38;2;208;149;212m  [38;2;189;135;193m  [38;2;118;85;121m  [38;2;182;130;186m██[38;2;123;88;126m  [38;2;208;149;213m  [38;2;54;39;55m  
[38;2;66;66;66m  [38;2;255;255;255m    [38;2;201;201;201m  [38;2;63;60;64m██[38;2;97;95;99m██[38;2;126;123;129m██[38;2;135;123;136m██[38;2;105;96;109m  [38;2;52;37;53m  [38;2;136;121;136m██[38;2;98;99;98m██[38;2;113;81;116m  [38;2;208;149;213m      [38;2;74;53;76m  [38;2;208;149;213m██[38;2;172;123;176m██[38;2;85;61;87m  [38;2;54;39;55m  
[38;2;66;66;66m  [38;2;255;255;255m      [38;2;136;136;136m  [38;2;180;175;187m██[38;2;177;165;179m██[38;2;208;204;214m██[38;2;215;217;217m██[38;2;113;117;115m██[38;2;102;93;102m██[38;2;55;39;57m  [38;2;208;148;212m  [38;2;208;149;213m  [38;2;208;149;212m  [38;2;208;149;213m  [38;2;208;149;212m  [38;2;34;24;35m██[38;2;208;149;212m██[38;2;74;53;76m  [38;2;40;29;41m  
[38;2;66;66;66m  [38;2;255;255;255m      [38;2;66;65;68m██[38;2;109;107;111m██[38;2;163;148;163m██[38;2;228;228;230m██[38;2;189;185;190m██[38;2;112;116;114m██[38;2;169;162;175m██[38;2;55;39;57m  [38;2;208;149;213m          [38;2;27;18;27m██[38;2;194;137;198m██[38;2;129;87;130m██[38;2;0;0;0m  
[38;2;66;66;66m  [38;2;255;255;255m  [38;2;191;191;191m  [38;2;72;72;74m  [38;2;185;182;192m██[38;2;106;104;108m██[38;2;233;234;235m██[38;2;179;167;179m██[38;2;163;154;166m██[38;2;54;39;55m  [38;2;101;91;104m  [38;2;196;190;204m██[38;2;111;87;114m  [38;2;208;149;213m  [38;2;208;149;212m  [38;2;156;111;159m  [38;2;79;55;81m  [38;2;157;105;157m██[38;2;173;119;175m██[38;2;133;95;136m  [38;2;13;9;13m  
[38;2;66;66;66m  [38;2;104;104;104m  [38;2;126;117;128m██[38;2;106;105;108m██[38;2;122;120;125m██[38;2;162;127;165m██[38;2;170;132;171m██[38;2;228;226;230m██[38;2;127;128;128m██[38;2;203;145;207m  [38;2;182;130;186m  [38;2;54;52;56m██[38;2;132;132;133m██[38;2;52;37;53m    [38;2;112;74;112m██[38;2;136;90;136m██[38;2;150;99;150m██[38;2;160;107;160m██[38;2;44;31;45m  [38;2;54;39;55m  
[38;2;12;12;13m  [38;2;165;162;172m██[38;2;146;144;150m██[38;2;211;212;213m██[38;2;158;153;160m██[38;2;195;141;199m██[38;2;208;148;212m██[38;2;167;114;169m██[38;2;212;204;214m██[38;2;61;62;62m██[38;2;107;85;109m  [38;2;21;21;21m██[38;2;233;234;235m██[38;2;71;67;71m██[38;2;149;99;149m██[38;2;150;99;150m████[38;2;143;94;143m██[38;2;70;48;71m  [38;2;208;149;213m  [38;2;54;39;55m  
[38;2;51;50;53m██[38;2;119;117;122m██[38;2;204;204;205m██[38;2;233;234;235m██[38;2;116;94;117m██[38;2;208;149;213m██████[38;2;143;135;144m██[38;2;232;233;234m██[38;2;203;204;205m██[38;2;68;69;69m██[38;2;233;234;235m██[38;2;183;183;184m██[38;2;124;88;124m██[38;2;150;99;150m██[38;2;77;51;77m██[38;2;57;39;57m  [38;2;191;137;196m  [38;2;208;149;213m  [38;2;54;39;55m  
[38;2;12;12;13m  [38;2;48;48;49m  [38;2;233;234;235m████[38;2;110;90;112m██[38;2;206;147;211m██[38;2;202;143;206m██[38;2;74;70;74m██[38;2;219;217;223m██[38;2;233;234;235m████[38;2;229;229;230m██[38;2;156;157;158m██[38;2;223;224;225m██[38;2;106;83;107m██[38;2;52;37;53m  [38;2;152;109;155m  [38;2;208;149;213m  [38;2;208;149;212m  [38;2;208;149;213m  [38;2;54;39;55m  
[38;2;62;62;63m  [38;2;201;201;202m  [38;2;112;112;113m██[38;2;210;209;216m██[38;2;136;130;140m██[38;2;155;106;156m██[38;2;158;106;159m██[38;2;71;67;71m██[38;2;233;234;235m██████[38;2;108;109;109m██[38;2;182;175;183m██[38;2;228;228;230m██[38;2;67;61;68m██[38;2;164;111;165m          [38;2;43;29;43m  
[38;2;66;66;66m  [38;2;255;255;255m  [38;2;195;195;195m  [38;2;51;51;53m  [38;2;165;162;172m██[38;2;109;108;112m██[38;2;137;93;137m██[38;2;90;75;90m██[38;2;210;210;211m██[38;2;233;234;235m██[38;2;212;209;218m██[38;2;100;99;102m██[38;2;170;163;172m██[38;2;206;202;208m██[38;2;69;56;69m  [38;2;150;99;150m          [38;2;39;25;39m  
[38;2;66;66;66m  [38;2;255;255;255m    [38;2;242;242;244m  [38;2;70;69;73m██[38;2;197;194;205m██[38;2;94;81;94m██[38;2;37;24;37m██[38;2;103;101;106m██[38;2;208;204;214m██[38;2;200;194;208m██[38;2;53;51;55m  [38;2;113;113;114m  [38;2;46;42;47m  [38;2;83;73;85m  [38;2;37;24;37m          [38;2;9;6;9m  
[38;2;66;66;66m  [38;2;255;255;255m  [38;2;147;147;147m  [38;2;21;21;22m██[38;2;133;131;137m██[38;2;126;114;127m██[38;2;103;102;107m  [38;2;239;239;239m  [38;2;190;190;190m  [38;2;149;144;154m  [38;2;175;169;182m██[38;2;96;95;98m██[38;2;112;112;112m  [38;2;200;194;208m  [38;2;80;78;84m  [38;2;0;0;0m            
[38;2;66;66;66m  [38;2;255;255;255m  [38;2;30;30;30m██[38;2;153;150;158m██[38;2;144;142;150m██[38;2;108;97;109m  [38;2;145;135;147m  [38;2;250;249;250m  [38;2;255;255;255m  [38;2;192;192;192m  [38;2;120;119;121m  [38;2;199;193;207m██[38;2;75;73;77m██[38;2;200;194;208m  [38;2;80;78;84m  [38;2;0;0;0m            
[38;2;52;50;54m  [38;2;200;194;208m  [38;2;153;148;159m  [38;2;50;48;52m  [38;2;103;100;107m  [38;2;200;194;208m        [38;2;151;146;157m  [38;2;104;101;107m  [38;2;208;203;214m██[38;2;90;87;94m██[38;2;200;194;208m  [38;2;80;78;84m  [38;2;0;0;0m            
[38;2;63;62;63m  [38;2;241;239;243m  [38;2;224;224;228m            [38;2;145;144;148m  [38;2;48;48;48m  [38;2;175;169;176m██[38;2;232;233;234m██[38;2;101;101;103m██[38;2;225;225;229m  [38;2;97;97;98m  [38;2;0;0;0m            
[38;2;66;66;66m  [38;2;255;255;255m  [38;2;233;234;235m            [38;2;153;154;155m  [38;2;171;172;173m  [38;2;175;169;176m██[38;2;227;228;229m██[38;2;127;128;128m  [38;2;234;235;236m  [38;2;103;103;103m  [38;2;0;0;0m            
[38;2;16;16;16m  [38;2;63;63;63m  [38;2;58;58;58m              [38;2;1;1;1m  [38;2;29;29;29m  [38;2;56;57;57m  [38;2;31;32;32m  [38;2;58;58;59m  [38;2;25;25;25m  [38;2;0;0;0m            [0m
