
[38;2;11;3;4m  [38;2;153;72;62m  [38;2;185;91;76m  [38;2;70;31;30m  [38;2;0;0;0m                                                      
[38;2;150;66;63m  [38;2;245;146;80m██[38;2;231;141;80m██[38;2;59;26;26m  [38;2;0;0;0m                                            [38;2;87;34;40m  [38;2;0;0;0m  [38;2;91;36;42m  [38;2;99;39;46m  [38;2;0;0;0m  
[38;2;135;53;52m  [38;2;247;94;58m██[38;2;236;90;60m██[38;2;80;32;33m  [38;2;17;7;8m  [38;2;169;66;61m  [38;2;35;14;16m  [38;2;0;0;0m                                    [38;2;78;29;31m  [38;2;220;123;62m██[38;2;192;88;73m██[38;2;234;92;61m██[38;2;196;75;59m  [38;2;27;10;12m  
[38;2;34;13;12m  [38;2;227;89;66m██[38;2;254;176;75m██[38;2;181;91;72m██[38;2;175;65;62m  [38;2;183;72;69m██[38;2;12;5;5m  [38;2;0;0;0m                                    [38;2;153;102;64m██[38;2;253;147;72m██[38;2;253;102;61m██[38;2;194;77;68m██[38;2;15;6;7m  [38;2;0;0;0m  
[38;2;0;0;0m  [38;2;63;47;27m  [38;2;218;195;71m██[38;2;213;192;76m██[38;2;242;132;63m██[38;2;207;104;74m██[38;2;41;16;19m  [38;2;0;0;0m                                  [38;2;68;57;31m  [38;2;231;190;108m  [38;2;215;115;75m██[38;2;254;102;60m██[38;2;206;113;73m██[38;2;99;42;43m  [38;2;168;74;74m██
[38;2;0;0;0m  [38;2;146;112;50m██[38;2;174;143;78m██[38;2;179;109;77m██[38;2;175;126;86m██[38;2;254;166;83m██[38;2;213;124;77m  [38;2;19;7;9m  [38;2;0;0;0m                              [38;2;30;26;12m  [38;2;241;213;103m██[38;2;155;104;89m██[38;2;252;97;57m██[38;2;254;163;82m██[38;2;253;209;76m██[38;2;209;145;75m██[38;2;47;20;22m  
[38;2;0;0;0m  [38;2;75;58;26m  [38;2;181;137;67m██[38;2;184;139;66m██[38;2;168;143;83m██[38;2;254;207;73m██[38;2;219;129;79m██[38;2;20;8;9m  [38;2;0;0;0m    [38;2;131;51;48m  [38;2;203;110;77m██[38;2;41;16;19m  [38;2;0;0;0m                  [38;2;72;64;31m  [38;2;245;218;105m██[38;2;213;173;99m██[38;2;201;143;91m██[38;2;254;105;63m██[38;2;254;97;60m██[38;2;244;128;73m██[38;2;182;91;65m  [38;2;21;8;9m  
[38;2;0;0;0m    [38;2;54;42;18m██[38;2;190;145;63m██[38;2;171;130;73m██[38;2;234;127;77m██[38;2;254;96;57m██[38;2;173;68;71m██[38;2;1;0;0m  [38;2;144;57;66m  [38;2;254;127;68m██[38;2;254;167;83m██[38;2;210;121;79m██[38;2;157;65;74m██[38;2;82;34;38m  [38;2;0;0;0m              [38;2;150;133;64m██[38;2;245;217;105m██[38;2;249;220;90m██[38;2;164;107;79m██[38;2;254;190;77m██[38;2;254;96;57m██[38;2;185;72;68m  [38;2;0;0;0m    
[38;2;0;0;0m    [38;2;54;42;18m██[38;2;190;145;63m██[38;2;171;132;72m██[38;2;234;119;68m██[38;2;206;79;65m██[38;2;249;95;57m██[38;2;98;39;45m  [38;2;144;57;66m  [38;2;254;128;70m██[38;2;254;159;82m██[38;2;254;163;82m██[38;2;201;110;77m██[38;2;138;70;56m  [38;2;0;0;0m            [38;2;13;11;5m  [38;2;203;180;87m██[38;2;236;189;99m██[38;2;183;138;77m██[38;2;255;233;71m██[38;2;255;238;65m██[38;2;243;119;67m██[38;2;119;52;50m  [38;2;0;0;0m    
[38;2;0;0;0m      [38;2;140;106;46m  [38;2;191;135;66m██[38;2;142;106;86m██[38;2;199;87;68m██[38;2;172;68;72m██[38;2;74;29;32m  [38;2;246;93;58m██[38;2;250;100;61m██[38;2;220;117;74m██[38;2;146;54;62m  [38;2;4;1;2m  [38;2;0;0;0m              [38;2;43;38;18m██[38;2;246;218;105m██[38;2;146;111;94m██[38;2;254;169;86m██[38;2;254;171;79m██[38;2;248;180;77m██[38;2;149;54;67m  [38;2;43;15;19m  [38;2;0;0;0m    
[38;2;0;0;0m        [38;2;183;129;67m██[38;2;205;160;68m██[38;2;254;228;67m██[38;2;225;127;73m██[38;2;221;96;68m██[38;2;254;134;72m██[38;2;224;148;73m██[38;2;69;28;30m  [38;2;0;0;0m                  [38;2;246;217;105m██[38;2;245;218;105m██[38;2;146;98;89m██[38;2;254;97;58m██[38;2;251;102;62m██[38;2;187;82;73m██[38;2;0;0;0m        
[38;2;0;0;0m        [38;2;35;26;14m  [38;2;231;175;75m██[38;2;255;194;71m██[38;2;254;104;61m██[38;2;244;121;65m██[38;2;242;197;73m██[38;2;193;144;64m  [38;2;8;3;4m  [38;2;0;0;0m                [38;2;142;126;61m██[38;2;245;213;104m██[38;2;184;125;89m██[38;2;254;97;60m██[38;2;244;93;59m██[38;2;222;85;60m  [38;2;43;17;20m  [38;2;0;0;0m        
[38;2;0;0;0m        [38;2;58;21;14m  [38;2;242;116;61m██[38;2;254;97;61m██[38;2;221;105;69m██[38;2;180;83;64m██[38;2;66;24;26m  [38;2;27;11;13m  [38;2;0;0;0m                [38;2;11;9;4m  [38;2;214;190;92m██[38;2;171;135;96m██[38;2;234;153;84m██[38;2;227;107;69m██[38;2;99;37;39m  [38;2;40;16;18m  [38;2;0;0;0m          
[38;2;0;0;0m        [38;2;19;7;4m  [38;2;223;84;50m██[38;2;254;97;59m██[38;2;179;65;66m██[38;2;252;211;104m██[38;2;81;65;38m██[38;2;0;0;0m                  [38;2;246;218;105m██[38;2;233;197;101m██[38;2;218;175;97m██[38;2;217;145;86m██[38;2;245;143;75m██[38;2;89;39;37m  [38;2;0;0;0m            
[38;2;0;0;0m        [38;2;81;31;19m██[38;2;254;97;60m██[38;2;229;88;61m██[38;2;219;167;94m██[38;2;200;182;102m██[38;2;128;125;97m██[38;2;84;64;28m  [38;2;0;0;0m              [38;2;103;91;44m  [38;2;240;212;105m██[38;2;200;135;87m██[38;2;234;144;80m██[38;2;254;167;84m██[38;2;178;87;75m██[38;2;87;40;37m  [38;2;0;0;0m            
[38;2;0;0;0m          [38;2;213;81;47m██[38;2;187;118;85m██[38;2;202;176;94m██[38;2;95;98;103m██[38;2;207;190;148m██[38;2;117;95;46m██[38;2;1;1;1m  [38;2;0;0;0m          [38;2;80;71;34m██[38;2;246;218;105m██[38;2;211;181;102m██[38;2;186;138;92m██[38;2;255;118;64m██[38;2;196;76;67m██[38;2;0;0;0m                
[38;2;0;0;0m        [38;2;51;42;36m  [38;2;169;79;78m██[38;2;172;134;117m██[38;2;170;131;68m██[38;2;142;116;74m██[38;2;188;146;69m██[38;2;182;139;61m██[38;2;73;64;42m██[38;2;0;0;7m  [38;2;0;0;0m      [38;2;106;94;45m  [38;2;243;213;105m██[38;2;173;88;79m██[38;2;234;97;65m██[38;2;246;99;61m██[38;2;175;72;72m██[38;2;83;33;34m  [38;2;0;0;0m                
[38;2;0;0;0m        [38;2;108;90;79m██[38;2;189;157;136m██[38;2;150;122;108m██[38;2;50;47;51m██[38;2;73;55;26m  [38;2;0;0;0m  [38;2;158;124;60m██[38;2;239;212;109m██[38;2;153;126;73m██[38;2;52;40;36m██[38;2;92;81;39m██[38;2;249;204;99m██[38;2;207;170;101m██[38;2;182;107;76m██[38;2;234;101;64m██[38;2;218;84;65m██[38;2;205;79;66m██[38;2;60;24;27m  [38;2;23;9;10m  [38;2;7;3;3m  [38;2;146;91;55m  [38;2;58;23;27m  [38;2;144;64;59m  [38;2;129;51;59m  [38;2;0;0;0m      
[38;2;0;0;0m      [38;2;138;115;102m  [38;2;133;110;98m██[38;2;16;14;12m██[38;2;7;5;5m  [38;2;0;0;0m      [38;2;56;48;34m██[38;2;238;211;103m██[38;2;241;213;105m██[38;2;235;207;105m██[38;2;221;185;87m██[38;2;149;97;89m██[38;2;210;158;86m██[38;2;248;213;74m██[38;2;82;36;37m  [38;2;165;65;73m██[38;2;251;95;57m██[38;2;246;94;58m██[38;2;184;72;63m  [38;2;155;79;67m  [38;2;251;232;65m██[38;2;246;209;67m██[38;2;194;89;73m██[38;2;11;4;5m  [38;2;0;0;0m      
[38;2;0;0;0m    [38;2;30;25;22m██[38;2;20;16;14m  [38;2;0;0;0m            [38;2;103;91;44m██[38;2;245;218;105m██[38;2;246;218;105m████[38;2;139;111;70m██[38;2;170;78;65m██[38;2;213;97;69m██[38;2;193;91;72m  [38;2;127;51;59m  [38;2;254;124;69m██[38;2;254;96;60m██[38;2;254;97;60m  ██[38;2;254;144;74m██[38;2;254;226;66m██[38;2;238;209;64m██[38;2;51;20;23m  [38;2;0;0;0m        
[38;2;0;0;0m                    [38;2;1;1;0m  [38;2;230;204;99m██[38;2;246;217;105m██[38;2;193;148;65m██[38;2;191;145;63m██[38;2;188;154;78m██[38;2;33;27;28m  [38;2;7;3;3m  [38;2;209;81;64m  [38;2;254;236;65m██[38;2;242;197;70m██[38;2;206;106;73m██[38;2;161;64;73m██[38;2;254;97;57m██[38;2;254;99;57m██[38;2;136;56;62m  [38;2;0;0;0m          
[38;2;0;0;0m                      [38;2;59;44;46m  [38;2;188;150;75m██[38;2;191;145;65m██[38;2;232;199;95m██[38;2;250;212;98m██[38;2;139;121;80m██[38;2;210;77;68m██[38;2;254;97;58m██[38;2;254;136;71m██[38;2;226;183;70m██[38;2;82;22;32m  [38;2;0;0;0m  [38;2;77;30;35m    [38;2;0;0;0m            
[38;2;0;0;0m                      [38;2;0;0;7m  [38;2;158;121;78m██[38;2;63;61;70m██[38;2;112;99;48m  [38;2;239;211;105m██[38;2;78;35;33m  [38;2;154;69;65m  [38;2;248;95;60m██[38;2;248;93;60m██[38;2;249;94;59m██[38;2;136;54;63m  [38;2;0;0;0m                  
[38;2;0;0;0m                        [38;2;54;40;27m██[38;2;3;2;9m██[38;2;0;0;0m  [38;2;53;40;38m██[38;2;37;28;26m  [38;2;2;0;0m  [38;2;65;26;30m      [38;2;0;0;0m                    
[38;2;0;0;0m                    [38;2;9;8;7m  [38;2;25;13;10m██[38;2;84;62;44m██[38;2;0;0;0m    [38;2;23;23;24m██[38;2;57;48;43m██[38;2;0;0;0m                            
[38;2;0;0;0m                  [38;2;112;93;82m  [38;2;44;40;37m██[38;2;169;137;115m██[38;2;39;29;21m  [38;2;0;0;0m  [38;2;60;51;47m  [38;2;147;120;108m██[38;2;10;9;8m  [38;2;0;0;0m                            
[38;2;0;0;0m                      [38;2;142;118;104m  [38;2;0;0;0m    [38;2;122;102;91m██[38;2;189;153;139m██[38;2;0;0;0m                              
[38;2;0;0;0m                            [38;2;26;21;19m  [38;2;50;42;37m██[38;2;0;0;0m                              [0m
