
[38;2;7;9;10m  [38;2;27;36;42m      [38;2;9;12;14m  [38;2;3;4;5m  [38;2;27;36;42m                                [38;2;7;9;10m  
[38;2;27;36;42m  [38;2;104;138;161m      [38;2;36;48;56m██[38;2;84;111;130m██[38;2;54;72;84m  [38;2;104;138;161m      [38;2;104;138;160m  [38;2;104;138;161m        [38;2;22;30;35m    [38;2;33;44;51m  [38;2;104;138;161m      [38;2;104;138;160m  [38;2;27;35;41m  
[38;2;27;36;42m  [38;2;104;138;161m  [38;2;96;122;156m  [38;2;79;87;145m  [38;2;36;28;27m██[38;2;101;114;127m██[38;2;40;49;69m  [38;2;76;84;141m  [38;2;44;60;86m  [38;2;53;60;99m  [38;2;79;87;145m    [38;2;66;73;121m  [38;2;53;60;99m  [38;2;31;60;67m██[38;2;104;199;221m██[38;2;104;187;210m██[38;2;66;86;103m  [38;2;76;99;120m  [38;2;104;138;161m      [38;2;27;35;41m  
[38;2;27;36;42m  [38;2;104;137;161m  [38;2;96;122;156m  [38;2;79;87;145m  [38;2;50;52;83m  [38;2;85;67;66m██[38;2;84;105;119m██[38;2;17;18;27m  [38;2;93;179;200m██[38;2;4;8;9m██[38;2;79;87;145m    [38;2;51;93;107m  [38;2;86;165;185m██[38;2;99;141;152m██[38;2;97;105;110m██[38;2;51;92;103m██[38;2;67;73;123m  [38;2;95;120;155m  [38;2;104;138;161m      [38;2;27;35;41m  
[38;2;20;22;37m  [38;2;79;87;145m      [38;2;61;67;112m  [38;2;57;46;48m  [38;2;97;126;162m██[38;2;99;135;174m██[38;2;116;208;224m██[38;2;88;129;174m██[38;2;38;42;71m  [38;2;36;69;77m██[38;2;102;176;195m██[38;2;107;83;81m██[38;2;126;95;83m██[38;2;162;119;89m██[38;2;108;130;134m██[38;2;10;11;18m  [38;2;79;87;145m      [38;2;84;98;148m  [38;2;27;35;41m  
[38;2;20;22;37m  [38;2;79;87;145m      [38;2;55;60;101m  [38;2;79;151;170m  [38;2;134;214;223m██[38;2;139;226;230m██[38;2;108;202;223m██[38;2;104;199;222m██[38;2;95;178;202m██[38;2;104;199;222m██[38;2;111;93;92m██[38;2;131;99;95m██[38;2;128;97;93m██[38;2;109;84;77m██[38;2;123;93;80m██[38;2;10;11;18m  [38;2;79;87;145m  [38;2;79;86;145m  [38;2;79;87;145m  [38;2;84;98;148m  [38;2;27;35;41m  
[38;2;20;22;37m  [38;2;79;87;145m  [38;2;45;60;87m  [38;2;40;77;86m██[38;2;62;120;133m  [38;2;104;166;189m██[38;2;125;200;212m██[38;2;105;200;222m██[38;2;104;199;222m████[38;2;104;198;222m██[38;2;95;75;73m██[38;2;131;99;95m██████[38;2;101;79;75m  [38;2;100;75;62m██[38;2;37;40;68m  [38;2;79;87;145m      [38;2;84;98;148m  [38;2;27;35;41m  
[38;2;20;22;37m  [38;2;79;87;145m  [38;2;52;60;97m  [38;2;87;121;140m██[38;2;104;199;222m██[38;2;104;150;173m██[38;2;104;161;184m██[38;2;104;199;222m████████[38;2;103;188;209m██[38;2;115;88;85m██[38;2;131;98;95m██[38;2;112;86;84m██[38;2;155;114;87m██[38;2;39;30;29m██[38;2;79;87;145m        [38;2;84;98;148m  [38;2;27;35;41m  
[38;2;20;22;37m  [38;2;79;87;145m    [38;2;13;15;25m  [38;2;104;164;187m████[38;2;104;199;222m██[38;2;104;174;197m██[38;2;104;199;222m██[38;2;93;152;189m██[38;2;98;173;204m██[38;2;104;199;222m██[38;2;106;144;167m██[38;2;88;80;104m██[38;2;91;73;74m██[38;2;34;37;63m  [38;2;61;67;112m  [38;2;79;87;145m        [38;2;84;98;148m  [38;2;27;35;41m  
[38;2;20;22;37m  [38;2;79;87;145m  [38;2;56;61;102m  [38;2;82;157;176m  [38;2;104;199;222m████[38;2;104;176;199m██[38;2;104;191;214m██[38;2;87;143;156m██[38;2;78;86;141m██[38;2;178;224;236m██[38;2;104;199;222m██[38;2;103;196;220m██[38;2;98;185;209m██[38;2;44;48;81m  [38;2;79;87;145m            [38;2;84;98;148m  [38;2;27;35;41m  
[38;2;20;22;37m  [38;2;79;87;145m  [38;2;54;60;100m  [38;2;114;186;190m██[38;2;115;208;224m██[38;2;104;199;222m██[38;2;104;175;198m██[38;2;104;193;216m██[38;2;48;58;65m██[38;2;243;243;243m██[38;2;220;242;247m██[38;2;104;199;222m██[38;2;98;175;195m██[38;2;103;196;220m  [38;2;68;117;140m██[38;2;48;89;99m██[38;2;37;39;58m  [38;2;79;87;145m        [38;2;84;98;148m  [38;2;27;35;41m  
[38;2;20;22;37m  [38;2;79;87;145m    [38;2;13;15;25m  [38;2;104;199;222m████████████[38;2;93;149;166m██[38;2;81;96;105m██[38;2;152;160;150m██[38;2;66;70;71m██[38;2;123;214;226m██[38;2;135;223;229m██[38;2;80;117;126m██[38;2;10;11;18m  [38;2;79;87;145m      [38;2;84;98;148m  [38;2;27;35;41m  
[38;2;20;22;37m  [38;2;79;87;145m  [38;2;66;73;121m  [38;2;51;66;81m  [38;2;90;153;168m██[38;2;104;173;196m██[38;2;92;145;161m████[38;2;172;168;140m████[38;2;174;163;130m██[38;2;131;122;100m██[38;2;95;121;139m██[38;2;66;70;71m██[38;2;104;199;222m██[38;2;120;211;225m██[38;2;110;184;204m██[38;2;10;11;18m  [38;2;79;87;145m  [38;2;79;86;145m  [38;2;79;87;145m  [38;2;84;98;148m  [38;2;27;35;41m  
[38;2;19;21;36m  [38;2;75;83;138m  [38;2;23;24;25m██[38;2;97;125;145m██[38;2;91;113;129m██[38;2;62;62;63m██[38;2;246;226;167m██████[38;2;200;182;137m██[38;2;66;68;69m██[38;2;106;137;157m██[38;2;140;131;124m██[38;2;246;226;167m██[38;2;88;138;150m██[38;2;66;68;69m██[38;2;65;66;66m██[38;2;91;120;140m██[38;2;50;56;92m  [38;2;75;83;138m  [38;2;77;85;143m  [38;2;84;98;148m  [38;2;27;35;41m  
[38;2;9;9;9m  [38;2;53;69;79m██[38;2;104;138;161m████[38;2;83;110;129m██[38;2;44;50;80m  [38;2;73;69;59m██[38;2;124;100;81m██[38;2;87;106;119m████[38;2;139;128;120m██[38;2;216;185;136m██[38;2;236;210;154m██[38;2;248;227;167m██[38;2;84;75;69m██[38;2;83;100;111m██[38;2;80;93;102m██[38;2;104;138;161m██[38;2;60;71;79m██[38;2;56;72;89m██[38;2;37;41;68m  [38;2;36;42;64m  [38;2;11;15;18m  
[38;2;26;34;41m██[38;2;209;217;226m██[38;2;129;136;176m██[38;2;108;117;163m██[38;2;27;30;50m  [38;2;73;80;134m  [38;2;80;75;60m██[38;2;203;185;138m██[38;2;139;155;147m██[38;2;164;125;95m██[38;2;251;228;168m██[38;2;255;234;172m██[38;2;242;221;163m██[38;2;69;79;82m██[38;2;104;174;197m██[38;2;100;188;209m██[38;2;66;69;70m██[38;2;104;142;165m██[38;2;104;138;161m██[38;2;71;77;81m██[38;2;88;105;150m██[38;2;102;134;159m██[38;2;27;35;41m██
[38;2;8;8;14m  [38;2;132;135;158m██[38;2;90;110;152m██[38;2;50;65;78m██[38;2;42;46;77m  [38;2;59;77;92m  [38;2;88;109;123m██[38;2;171;139;105m██[38;2;117;181;192m██[38;2;127;170;172m██[38;2;183;142;105m██[38;2;201;165;122m██[38;2;96;118;119m██[38;2;104;199;222m████[38;2;101;191;213m██[38;2;85;135;147m██[38;2;104;195;218m██[38;2;104;150;173m██[38;2;91;114;129m██[38;2;104;138;161m██[38;2;70;79;127m██[38;2;10;14;16m  
[38;2;20;22;37m  [38;2;25;27;46m  [38;2;10;11;18m  [38;2;67;73;123m  [38;2;36;48;56m██[38;2;104;138;161m██[38;2;102;135;160m██[38;2;68;70;73m██[38;2;149;159;145m██[38;2;112;188;204m████[38;2;78;72;68m██[38;2;153;158;186m██[38;2;229;235;239m██[38;2;103;175;198m██[38;2;96;124;142m██[38;2;90;153;168m██[38;2;103;197;220m██[38;2;102;154;178m██[38;2;69;74;78m██[38;2;34;44;55m  [38;2;30;38;49m  [38;2;27;35;41m  
[38;2;20;22;37m  [38;2;79;87;145m      [38;2;27;31;34m██[38;2;86;102;143m██[38;2;90;110;152m██[38;2;90;113;130m██[38;2;171;154;120m██[38;2;224;195;143m████[38;2;191;163;121m██[38;2;115;115;105m██[38;2;198;211;220m██[38;2;89;132;146m██[38;2;75;83;121m██[38;2;87;125;171m██[38;2;88;125;169m██[38;2;84;100;118m██[38;2;27;28;35m  [38;2;70;77;129m  [38;2;84;98;148m  [38;2;27;35;41m  
[38;2;20;22;37m  [38;2;79;87;145m  [38;2;78;87;145m  [38;2;79;87;145m  [38;2;56;62;103m  [38;2;76;101;118m  [38;2;101;132;159m██[38;2;104;138;161m██[38;2;85;102;123m██[38;2;71;77;81m██[38;2;137;100;74m██[38;2;173;133;98m████[38;2;65;66;66m██[38;2;89;150;165m██[38;2;104;199;222m██[38;2;104;192;215m██[38;2;101;134;157m██[38;2;38;49;62m  [38;2;79;87;144m  [38;2;79;87;145m  [38;2;84;98;148m  [38;2;27;35;41m  
[38;2;20;22;37m  [38;2;79;87;145m      [38;2;59;65;109m  [38;2;131;132;134m  [38;2;92;114;153m██[38;2;86;102;149m██[38;2;96;122;156m██[38;2;34;45;53m██[38;2;54;60;100m  [38;2;62;56;42m████[38;2;20;21;21m██[38;2;62;94;124m██[38;2;86;121;168m██[38;2;86;109;157m██[38;2;84;101;144m██[38;2;40;50;67m  [38;2;79;87;145m    [38;2;84;98;148m  [38;2;27;35;41m  
[38;2;20;22;37m  [38;2;79;87;145m        [38;2;25;27;46m  [38;2;42;53;68m  [38;2;159;161;163m██[38;2;17;18;31m  [38;2;76;84;140m  [38;2;79;87;145m      [38;2;78;86;143m  [38;2;58;60;80m  [38;2;99;175;205m██[38;2;98;147;166m██[38;2;129;156;174m██[38;2;39;49;64m  [38;2;79;87;145m    [38;2;84;98;148m  [38;2;27;35;41m  
[38;2;5;5;9m  [38;2;20;22;37m          [38;2;12;13;23m  [38;2;0;0;0m  [38;2;20;22;37m          [38;2;19;21;36m  [38;2;37;37;37m  [38;2;21;23;38m██[38;2;20;24;26m██[38;2;82;82;82m  [38;2;78;80;90m  [38;2;20;22;37m    [38;2;22;25;38m  [38;2;7;9;10m  [0m
