
[38;2;0;0;0m            [38;2;24;24;12m  [38;2;63;62;32m██[38;2;0;0;0m                                  
[38;2;0;0;0m        [38;2;0;3;0m  [38;2;164;155;85m  [38;2;215;202;111m██[38;2;82;80;42m██[38;2;0;0;0m    [38;2;0;3;0m  [38;2;0;0;0m                            
[38;2;0;0;0m      [38;2;52;51;27m  [38;2;255;239;128m██[38;2;236;213;122m██[38;2;187;156;100m██[38;2;120;104;82m██[38;2;63;62;32m████[38;2;103;98;53m  [38;2;0;0;0m                            
[38;2;0;0;0m    [38;2;0;1;0m  [38;2;209;196;108m██[38;2;255;239;128m██[38;2;236;213;122m██[38;2;255;238;131m██[38;2;255;237;129m██[38;2;235;223;130m██[38;2;118;113;84m██[38;2;26;28;26m  [38;2;0;3;0m  [38;2;0;1;0m  [38;2;0;0;0m      [38;2;0;1;0m  [38;2;0;3;0m  [38;2;0;1;0m  [38;2;0;0;0m            
[38;2;0;0;0m  [38;2;40;38;28m  [38;2;88;84;48m██[38;2;255;239;131m██[38;2;238;224;124m██[38;2;126;119;84m██[38;2;221;204;122m██[38;2;209;190;141m██[38;2;101;95;84m██[38;2;199;180;136m██[38;2;222;204;137m██[38;2;192;181;99m██[38;2;95;91;49m  [38;2;0;1;0m  [38;2;34;35;24m  [38;2;43;35;23m██[38;2;174;166;95m██[38;2;255;238;131m██[38;2;136;129;70m██[38;2;54;54;28m  [38;2;0;0;0m          
[38;2;0;0;0m  [38;2;40;38;33m  [38;2;124;116;76m██[38;2;255;239;128m██[38;2;159;152;102m██[38;2;167;151;96m██[38;2;167;153;99m██[38;2;195;176;134m██[38;2;206;188;140m██[38;2;206;186;140m██[38;2;78;74;61m██[38;2;1;1;0m  [38;2;0;2;0m  [38;2;191;189;135m██[38;2;190;169;122m██[38;2;234;220;158m██[38;2;255;247;173m██[38;2;255;238;128m██[38;2;167;158;99m██[38;2;104;100;77m██[38;2;16;18;16m  [38;2;0;0;0m        
[38;2;0;0;0m  [38;2;0;2;0m  [38;2;138;126;98m██[38;2;158;144;114m██[38;2;144;138;96m██[38;2;160;119;89m██[38;2;201;189;113m██[38;2;155;149;100m██[38;2;193;166;123m██[38;2;163;140;104m██[38;2;32;27;18m  [38;2;0;1;0m  [38;2;159;150;82m██[38;2;253;236;131m██[38;2;214;184;111m██[38;2;255;245;169m██[38;2;242;228;153m██[38;2;189;153;110m██[38;2;229;207;130m██[38;2;255;238;129m██[38;2;230;213;137m██[38;2;42;40;28m  [38;2;0;0;0m      
[38;2;0;0;0m    [38;2;72;72;51m██[38;2;214;208;155m██[38;2;223;210;119m██[38;2;236;213;120m██[38;2;248;231;133m██[38;2;90;83;63m██[38;2;116;107;78m██[38;2;207;186;139m██[38;2;186;165;123m██[38;2;109;94;76m██[38;2;184;175;110m██[38;2;190;151;100m██[38;2;244;225;126m██[38;2;251;233;129m██[38;2;214;187;122m██[38;2;255;249;181m██[38;2;255;248;181m██[38;2;255;245;162m██[38;2;255;239;131m██[38;2;196;177;133m██[38;2;46;44;31m  [38;2;0;0;0m    
[38;2;0;0;0m  [38;2;0;3;0m  [38;2;255;247;169m██[38;2;255;247;172m██[38;2;238;213;154m██[38;2;224;188;109m██[38;2;235;217;134m██[38;2;68;62;50m██[38;2;0;1;0m  [38;2;0;3;0m  [38;2;26;23;22m  [38;2;175;153;117m██[38;2;123;116;88m██[38;2;191;152;101m██[38;2;255;238;131m██[38;2;173;128;93m██[38;2;255;242;142m██[38;2;255;239;135m██[38;2;241;228;162m██[38;2;216;202;149m██[38;2;113;109;86m██[38;2;113;108;82m██[38;2;72;70;49m██[38;2;0;0;0m    
[38;2;0;0;0m  [38;2;0;3;0m  [38;2;255;240;136m██[38;2;224;209;144m██[38;2;219;179;169m██[38;2;137;45;60m██[38;2;206;186;140m██[38;2;206;188;140m██[38;2;0;2;0m  [38;2;0;0;0m  [38;2;71;66;51m  [38;2;69;65;55m██[38;2;133;117;96m██[38;2;218;200;140m██[38;2;219;191;114m██[38;2;234;211;121m██[38;2;255;239;128m██[38;2;248;230;128m██[38;2;216;188;124m██[38;2;236;217;145m██[38;2;255;247;172m██[38;2;248;231;133m██[38;2;220;204;140m██[38;2;129;122;81m  [38;2;0;0;0m  
[38;2;16;17;8m  [38;2;212;200;107m██[38;2;251;235;129m██[38;2;211;194;140m██[38;2;150;76;77m██[38;2;198;170;131m██[38;2;184;168;128m██[38;2;206;188;140m██[38;2;29;29;20m  [38;2;0;0;0m  [38;2;94;87;64m██[38;2;68;67;67m██[38;2;136;125;103m██[38;2;205;185;139m██[38;2;133;123;101m██[38;2;207;188;139m██[38;2;220;207;128m██[38;2;196;159;103m██[38;2;255;239;129m██[38;2;255;240;133m██[38;2;255;248;176m██[38;2;251;245;169m██[38;2;222;205;143m██[38;2;200;187;112m██[38;2;13;13;9m  
[38;2;29;30;21m██[38;2;195;179;125m██[38;2;214;195;138m██[38;2;205;186;140m██[38;2;68;64;51m██[38;2;101;95;84m██[38;2;184;168;128m██[38;2;206;188;140m██[38;2;133;125;77m██[38;2;0;0;0m  [38;2;23;23;18m  [38;2;67;63;56m██[38;2;188;170;130m██[38;2;203;183;138m██[38;2;141;131;105m██[38;2;199;181;136m██[38;2;140;129;104m██[38;2;221;203;138m██[38;2;255;239;131m██[38;2;255;239;133m██[38;2;255;243;158m██[38;2;197;183;136m██[38;2;183;169;121m██[38;2;205;187;140m██[38;2;53;51;36m██
[38;2;0;0;0m  [38;2;0;3;0m      [38;2;0;1;0m  [38;2;176;160;121m██[38;2;205;186;140m██[38;2;217;199;138m██[38;2;243;227;131m██[38;2;74;70;38m██[38;2;0;1;2m  [38;2;151;137;108m  [38;2;136;125;103m██[38;2;169;154;120m██[38;2;157;145;114m██[38;2;166;153;119m██[38;2;161;148;116m██[38;2;205;187;141m██[38;2;205;186;141m██[38;2;160;147;118m██[38;2;101;95;84m██[38;2;119;112;94m██[38;2;206;187;140m██[38;2;194;177;132m██[38;2;40;38;27m  
[38;2;0;0;0m        [38;2;0;1;0m  [38;2;208;194;115m██[38;2;242;226;134m██[38;2;253;237;132m██[38;2;255;239;128m██[38;2;195;177;100m██[38;2;103;94;53m  [38;2;48;48;48m  [38;2;188;170;130m██[38;2;68;67;67m██[38;2;206;185;140m██[38;2;74;72;70m██[38;2;206;188;140m████[38;2;140;130;105m██[38;2;70;69;68m██[38;2;100;95;84m██[38;2;206;188;140m████[38;2;160;147;109m██[38;2;0;1;0m  
[38;2;0;0;0m        [38;2;86;85;53m██[38;2;255;241;144m██[38;2;255;244;157m██[38;2;255;246;169m██[38;2;255;238;128m██[38;2;255;239;131m██[38;2;208;175;107m██[38;2;255;239;128m██[38;2;89;86;74m██[38;2;171;156;121m██[38;2;149;136;110m██[38;2;206;186;140m██[38;2;185;168;129m██[38;2;97;92;82m██[38;2;131;121;100m██[38;2;170;155;119m██[38;2;193;184;122m██[38;2;113;109;88m██[38;2;142;131;100m██[38;2;0;2;0m  [38;2;0;0;0m  
[38;2;0;0;0m        [38;2;86;84;46m██[38;2;255;246;177m██[38;2;255;241;142m██[38;2;255;239;130m██[38;2;213;188;111m██[38;2;121;115;85m██[38;2;223;201;131m██[38;2;255;239;137m██[38;2;231;217;120m██[38;2;205;193;114m██[38;2;157;144;114m██[38;2;199;180;136m██[38;2;80;77;73m██[38;2;108;101;88m██[38;2;165;155;113m██[38;2;162;154;108m██[38;2;129;124;97m██[38;2;255;248;174m██[38;2;210;202;134m██[38;2;0;2;0m  [38;2;0;0;0m  
[38;2;0;0;0m        [38;2;0;1;0m  [38;2;219;206;111m██[38;2;245;229;125m██[38;2;252;232;126m██[38;2;121;102;85m██[38;2;199;179;136m██[38;2;185;170;123m██[38;2;102;96;90m██[38;2;248;232;130m██[38;2;254;239;135m██[38;2;145;138;95m██[38;2;119;116;97m██[38;2;150;139;108m██[38;2;163;149;117m██[38;2;110;106;89m██[38;2;214;204;130m██[38;2;255;241;146m██[38;2;130;128;105m██[38;2;240;230;150m██[38;2;0;3;0m  [38;2;0;0;0m  
[38;2;0;0;0m          [38;2;54;54;28m  [38;2;218;199;117m██[38;2;117;96;81m██[38;2;185;168;129m██[38;2;107;100;87m██[38;2;141;130;105m██[38;2;203;183;138m██[38;2;211;193;140m██[38;2;207;197;128m██[38;2;160;155;121m██[38;2;255;250;179m██[38;2;247;235;147m██[38;2;83;82;76m██[38;2;249;240;156m██[38;2;194;186;122m██[38;2;206;200;139m██[38;2;220;217;160m██[38;2;64;63;42m██[38;2;0;0;0m    
[38;2;0;0;0m          [38;2;0;2;0m  [38;2;134;123;97m██[38;2;164;149;117m██[38;2;212;194;140m██[38;2;76;71;59m██[38;2;178;161;125m██[38;2;171;156;121m██[38;2;145;110;83m██[38;2;116;111;83m██[38;2;255;238;130m██[38;2;252;242;168m██[38;2;152;146;107m██[38;2;255;245;170m██[38;2;255;247;176m██[38;2;228;223;164m██[38;2;190;179;109m██[38;2;156;148;81m  [38;2;0;0;0m      
[38;2;0;0;0m            [38;2;74;72;46m██[38;2;78;76;71m██[38;2;249;233;133m██[38;2;30;31;20m██[38;2;23;23;17m  [38;2;186;147;65m██[38;2;204;156;66m██[38;2;188;165;97m██[38;2;178;163;99m██[38;2;116;107;80m██[38;2;200;120;79m██[38;2;255;238;131m██[38;2;251;238;139m██[38;2;110;106;72m██[38;2;47;47;27m██[38;2;0;0;0m        
[38;2;0;0;0m          [38;2;0;3;0m  [38;2;138;126;96m██[38;2;221;207;122m██[38;2;147;140;76m██[38;2;0;0;0m  [38;2;79;63;22m  [38;2;173;134;49m██[38;2;181;141;55m██[38;2;113;86;59m██[38;2;176;135;62m██[38;2;231;177;65m██[38;2;197;152;56m██[38;2;161;88;54m██[38;2;72;68;41m  [38;2;0;0;5m  [38;2;0;0;0m          
[38;2;0;0;0m            [38;2;24;21;12m  [38;2;44;38;23m██[38;2;36;36;19m  [38;2;0;0;0m    [38;2;0;1;0m  [38;2;8;10;8m  [38;2;57;47;16m██████[38;2;24;20;6m  [38;2;0;1;0m  [38;2;0;0;0m              [0m
