
[38;2;0;0;0m    [38;2;40;36;27m  [38;2;0;0;0m                        
[38;2;0;0;0m    [38;2;113;103;76m██[38;2;0;0;0m            [38;2;11;10;8m  [38;2;103;98;73m██[38;2;0;0;0m        
[38;2;0;0;0m  [38;2;41;36;21m  [38;2;147;140;98m██[38;2;0;0;0m            [38;2;63;57;35m██[38;2;192;176;113m██[38;2;57;54;38m  [38;2;0;0;0m      
[38;2;0;0;0m  [38;2;170;160;110m██[38;2;157;142;98m██[38;2;0;0;0m          [38;2;97;91;65m  [38;2;176;157;94m██[38;2;219;203;145m██[38;2;192;182;128m██[38;2;0;0;0m      
[38;2;0;0;0m  [38;2;177;168;118m██[38;2;109;97;63m██[38;2;0;0;0m        [38;2;0;0;2m  [38;2;130;122;89m██[38;2;223;209;151m██[38;2;225;210;153m██[38;2;192;182;128m  [38;2;0;0;0m      
[38;2;0;0;0m  [38;2;177;168;118m██[38;2;115;102;59m██[38;2;0;0;0m    [38;2;138;104;85m  [38;2;146;113;89m██[38;2;63;59;50m██[38;2;213;199;147m██[38;2;225;209;153m██[38;2;225;210;153m██[38;2;192;182;128m██[38;2;0;0;0m      
[38;2;22;21;14m  [38;2;194;184;129m██[38;2;153;133;87m██[38;2;41;34;33m██[38;2;167;130;105m██[38;2;170;131;104m██[38;2;169;131;104m██[38;2;65;65;65m██[38;2;223;210;150m██[38;2;225;210;153m██[38;2;225;210;152m██[38;2;0;0;0m        
[38;2;59;56;40m██[38;2;224;210;152m██[38;2;139;130;98m██[38;2;190;180;129m██[38;2;113;95;83m██[38;2;169;131;104m██[38;2;170;131;104m██[38;2;65;65;65m██[38;2;223;210;150m██[38;2;225;210;153m██[38;2;225;210;152m██[38;2;51;49;51m  [38;2;0;0;0m      
[38;2;34;32;23m  [38;2;205;192;141m██[38;2;193;180;131m██[38;2;210;199;142m██[38;2;117;102;80m██[38;2;126;103;88m██[38;2;132;125;102m██[38;2;222;211;147m██[38;2;222;210;149m██[38;2;219;206;148m██[38;2;158;149;116m██[38;2;104;87;76m██[38;2;23;18;14m  [38;2;0;0;0m    
[38;2;0;0;0m  [38;2;66;62;46m██[38;2;225;210;153m██[38;2;222;210;150m██[38;2;216;204;145m██[38;2;212;202;143m██[38;2;225;210;153m██[38;2;222;211;147m██[38;2;75;73;70m██[38;2;81;77;72m██[38;2;163;127;101m██[38;2;170;131;104m██[38;2;56;43;34m██[38;2;0;0;0m    
[38;2;0;0;0m  [38;2;138;142;151m██[38;2;118;95;87m  [38;2;218;202;148m██[38;2;195;183;135m██[38;2;150;143;110m██[38;2;112;111;112m██[38;2;116;118;123m██[38;2;137;125;97m██[38;2;118;84;68m  [38;2;170;131;104m██[38;2;168;126;103m██[38;2;52;37;32m██[38;2;0;0;0m    
[38;2;0;0;0m  [38;2;70;69;93m██[38;2;145;136;130m██[38;2;68;67;67m██[38;2;64;61;70m██[38;2;163;163;187m██[38;2;185;81;89m██[38;2;253;253;253m██[38;2;157;152;130m██[38;2;111;84;68m██[38;2;169;129;104m██[38;2;119;82;76m██[38;2;0;0;0m      
[38;2;0;0;0m    [38;2;190;177;168m██[38;2;172;153;143m██[38;2;152;146;123m██[38;2;104;100;109m██[38;2;169;168;185m██[38;2;90;84;102m██[38;2;159;146;118m██[38;2;110;80;68m██[38;2;138;93;89m██[38;2;59;40;38m  [38;2;0;0;0m      
[38;2;0;0;0m    [38;2;83;76;72m  [38;2;199;177;165m██[38;2;65;68;79m██[38;2;208;194;149m██[38;2;219;208;146m██[38;2;220;208;146m██[38;2;103;81;79m██[38;2;135;93;86m██[38;2;55;38;35m██[38;2;0;0;0m        
[38;2;0;0;0m    [38;2;19;14;12m  [38;2;76;76;75m██[38;2;115;99;97m██[38;2;122;85;83m██[38;2;124;87;78m██[38;2;139;95;89m██[38;2;118;86;82m██[38;2;86;72;71m██[38;2;101;76;67m██[38;2;30;30;30m  [38;2;0;0;0m      
[38;2;0;0;0m    [38;2;39;32;32m██[38;2;82;68;64m██[38;2;167;126;104m██[38;2;134;101;87m██[38;2;141;95;90m██[38;2;139;107;88m██[38;2;114;93;80m██[38;2;109;78;67m██[38;2;84;70;66m██[38;2;110;80;67m██[38;2;36;26;22m██[38;2;0;0;0m    
[38;2;0;0;0m    [38;2;95;73;67m██[38;2;94;74;66m██[38;2;88;67;62m██[38;2;166;126;102m██[38;2;118;93;79m██[38;2;118;95;79m██[38;2;89;71;67m██[38;2;107;78;67m██[38;2;92;73;67m██[38;2;110;80;68m██[38;2;79;57;49m██[38;2;0;0;0m    
[38;2;0;0;0m    [38;2;89;69;62m  [38;2;150;115;91m██[38;2;138;104;85m██[38;2;169;130;104m██[38;2;100;77;66m██[38;2;113;85;69m██[38;2;90;73;68m██[38;2;107;78;67m██[38;2;91;73;67m██[38;2;110;80;68m██[38;2;110;80;69m██[38;2;0;0;0m    
[38;2;0;0;0m    [38;2;14;10;8m  [38;2;81;71;66m██[38;2;110;90;79m██[38;2;115;92;80m██[38;2;138;98;87m██[38;2;151;106;95m██[38;2;100;78;77m██[38;2;110;79;68m██[38;2;83;70;66m██[38;2;110;80;68m██[38;2;93;71;61m██[38;2;0;0;0m    
[38;2;0;0;0m        [38;2;24;20;20m  [38;2;99;82;76m██[38;2;134;92;88m██[38;2;85;69;61m██[38;2;80;67;64m██[38;2;84;69;68m██[38;2;103;77;67m██[38;2;72;66;66m██[38;2;92;78;74m██[38;2;7;9;11m  [38;2;0;0;0m  
[38;2;0;0;0m        [38;2;0;0;1m  [38;2;22;19;18m  [38;2;116;100;79m██[38;2;79;70;65m██[38;2;75;68;67m██[38;2;89;74;72m██[38;2;72;66;64m██[38;2;80;69;66m██[38;2;79;66;62m██[38;2;73;61;56m██[38;2;14;12;10m  
[38;2;0;0;0m        [38;2;22;19;15m██[38;2;74;70;68m██[38;2;166;143;91m██[38;2;95;91;80m██[38;2;185;161;102m██[38;2;178;157;101m██[38;2;86;77;69m██[38;2;80;68;61m██[38;2;67;59;55m██[38;2;53;44;40m  [38;2;0;0;0m  
[38;2;0;0;0m        [38;2;95;79;66m██[38;2;138;118;102m██[38;2;116;102;81m██[38;2;175;159;119m██[38;2;174;163;121m██[38;2;116;112;92m██[38;2;147;133;104m██[38;2;24;20;18m██[38;2;8;6;6m  [38;2;0;0;0m    
[38;2;0;0;0m            [38;2;124;110;103m██[38;2;0;0;0m  [38;2;121;108;98m██[38;2;59;51;45m  [38;2;119;104;96m  [38;2;0;0;0m        
[38;2;0;0;0m                [38;2;34;29;26m  [38;2;0;0;0m            [0m
