
[38;2;0;0;0m        [38;2;12;12;12m    [38;2;0;0;0m                                
[38;2;0;0;0m        [38;2;49;49;49m████[38;2;0;0;0m                                
[38;2;0;0;0m        [38;2;49;49;49m████[38;2;0;0;0m                                
[38;2;0;0;0m        [38;2;49;49;49m████[38;2;0;0;0m                                
[38;2;0;0;0m        [38;2;49;49;49m██[38;2;98;98;98m██[38;2;0;0;0m                                
[38;2;0;0;0m        [38;2;49;49;49m██[38;2;197;197;197m██[38;2;0;0;0m      [38;2;125;125;125m    [38;2;0;0;0m                      
[38;2;0;0;0m        [38;2;49;49;49m██[38;2;147;147;147m██[38;2;38;38;38m██[38;2;72;72;72m██[38;2;197;197;197m████[38;2;190;190;190m██[38;2;159;159;159m██[38;2;61;61;61m██[38;2;154;154;154m██[38;2;197;197;197m████[38;2;116;116;116m██[38;2;18;18;18m  [38;2;0;0;0m        
[38;2;0;0;0m        [38;2;98;98;98m██[38;2;147;147;147m██[38;2;115;115;115m██[38;2;169;169;169m██[38;2;196;196;196m████[38;2;180;180;180m████[38;2;193;193;193m██[38;2;111;111;111m██[38;2;196;196;196m██[38;2;152;152;152m██[38;2;191;191;191m██[38;2;180;180;180m██[38;2;0;0;0m        
[38;2;0;0;0m    [38;2;82;82;82m██[38;2;98;98;98m██[38;2;180;180;180m████[38;2;147;147;147m██[38;2;142;142;142m██[38;2;129;129;129m██[38;2;155;155;155m██[38;2;137;137;137m██[38;2;167;167;167m██[38;2;197;197;197m██[38;2;142;142;142m██[38;2;149;149;149m██[38;2;157;157;157m██[38;2;176;176;176m██[38;2;166;169;166m██[38;2;88;90;88m██[38;2;0;0;0m      
[38;2;0;0;0m  [38;2;136;136;136m  [38;2;192;192;192m██[38;2;103;103;103m██[38;2;180;180;180m██[38;2;95;95;95m██[38;2;193;193;193m██[38;2;197;197;197m██[38;2;194;194;194m██[38;2;109;109;109m██[38;2;178;178;178m████[38;2;105;112;105m████[38;2;104;104;104m██[38;2;197;197;197m██[38;2;170;172;170m██[38;2;122;125;122m██[38;2;113;113;113m██[38;2;17;17;17m  [38;2;0;0;0m    
[38;2;21;21;21m  [38;2;169;169;169m██[38;2;197;197;197m████[38;2;128;128;128m██[38;2;179;179;179m██[38;2;197;197;197m████[38;2;189;189;189m██[38;2;116;116;116m██[38;2;117;118;117m██[38;2;122;126;122m██[38;2;131;131;131m██[38;2;111;111;111m██[38;2;102;103;102m██[38;2;112;117;112m██[38;2;117;120;117m██[38;2;131;131;131m██[38;2;111;111;111m██[38;2;157;157;157m██[38;2;134;134;134m██[38;2;14;14;14m  
[38;2;49;49;49m██[38;2;196;196;196m██[38;2;197;197;197m██[38;2;196;196;196m██[38;2;197;197;197m██[38;2;196;196;196m██[38;2;197;197;197m██[38;2;196;196;196m██[38;2;91;91;91m██[38;2;131;131;131m██[38;2;87;88;87m██[38;2;130;130;130m██[38;2;131;131;131m██[38;2;88;88;88m██[38;2;131;131;131m██████[38;2;89;89;89m██[38;2;106;111;106m██[38;2;179;179;179m██[38;2;148;148;148m██[38;2;48;48;48m██
[38;2;34;34;34m██[38;2;182;182;182m██[38;2;147;147;147m██[38;2;173;173;173m██[38;2;196;196;196m██[38;2;197;197;197m██[38;2;137;137;137m██[38;2;177;177;177m██[38;2;138;138;138m████[38;2;123;123;123m██[38;2;76;76;76m██[38;2;67;67;67m██[38;2;16;16;16m    [38;2;67;67;67m██[38;2;101;101;101m██[38;2;123;123;123m██[38;2;114;118;114m████[38;2;124;128;124m██[38;2;12;13;12m  
[38;2;0;0;0m  [38;2;55;55;55m██[38;2;147;147;147m██[38;2;104;104;104m██[38;2;166;166;166m██[38;2;18;18;18m██[38;2;255;255;255m████[38;2;147;147;147m████[38;2;131;131;131m██[38;2;32;32;32m██[38;2;0;0;0m        [38;2;131;131;131m████[38;2;106;112;106m██[38;2;131;131;131m██[38;2;98;98;98m██[38;2;0;0;0m  
[38;2;0;0;0m  [38;2;122;122;122m██[38;2;126;126;126m██[38;2;197;197;197m██[38;2;117;117;117m██[38;2;91;91;91m██[38;2;190;190;190m██[38;2;151;151;151m██[38;2;188;188;188m██[38;2;118;118;118m██[38;2;93;93;93m██[38;2;15;15;15m  [38;2;0;0;0m        [38;2;15;15;15m  [38;2;91;91;91m██[38;2;89;92;89m██[38;2;103;103;103m██[38;2;0;0;0m    
[38;2;49;49;49m██[38;2;147;147;147m██[38;2;197;197;197m██[38;2;147;147;147m██[38;2;131;131;131m██[38;2;181;181;181m██[38;2;197;197;197m██[38;2;195;195;195m██[38;2;115;115;115m██[38;2;76;76;76m██[38;2;0;0;0m            [38;2;37;37;37m██[38;2;130;130;130m██[38;2;131;131;131m██[38;2;106;112;106m██[38;2;149;149;149m██[38;2;1;1;1m  
[38;2;40;40;40m██[38;2;165;165;165m██[38;2;187;187;187m██[38;2;138;138;138m██[38;2;175;175;175m██[38;2;197;197;197m██[38;2;187;187;187m██[38;2;114;114;114m██[38;2;88;88;88m██[38;2;76;76;76m██[38;2;0;0;0m            [38;2;172;174;172m██[38;2;122;124;122m██[38;2;131;131;131m██[38;2;106;112;106m██[38;2;155;159;155m██[38;2;49;49;49m██
[38;2;0;0;0m  [38;2;136;136;136m  [38;2;173;173;173m██[38;2;131;131;131m██[38;2;192;192;192m██[38;2;146;146;146m██[38;2;113;113;113m██[38;2;77;77;77m██[38;2;90;90;90m  [38;2;0;0;0m            [38;2;142;142;142m██[38;2;108;113;108m████[38;2;121;123;121m██[38;2;123;125;123m██[38;2;122;124;122m██[38;2;24;26;24m██
[38;2;0;0;0m    [38;2;35;35;35m██[38;2;86;86;86m██[38;2;97;97;97m████[38;2;82;82;82m██[38;2;125;125;125m██[38;2;0;0;0m              [38;2;29;32;29m  [38;2;131;131;131m████[38;2;106;112;106m██[38;2;131;131;131m██[38;2;50;50;50m██[38;2;9;10;9m  
[38;2;0;0;0m        [38;2;116;116;116m██████[38;2;29;29;29m  [38;2;0;0;0m              [38;2;10;10;10m  [38;2;96;96;96m██[38;2;124;124;124m██[38;2;100;105;100m██[38;2;29;29;29m  [38;2;0;0;0m    
[38;2;0;0;0m                            [38;2;20;20;20m  [38;2;150;150;150m██[38;2;138;140;138m██[38;2;104;105;104m██[38;2;103;103;103m██[38;2;20;20;20m  [38;2;0;0;0m    
[38;2;0;0;0m                            [38;2;46;46;46m██[38;2;152;152;152m██[38;2;162;165;162m██[38;2;120;122;120m██[38;2;131;131;131m██[38;2;32;32;32m██[38;2;0;0;0m    
[38;2;0;0;0m                            [38;2;92;94;92m██[38;2;125;130;125m██[38;2;122;124;122m████[38;2;92;96;92m██[38;2;10;10;10m  [38;2;0;0;0m    
[38;2;0;0;0m            [38;2;18;19;18m████[38;2;6;6;6m  [38;2;24;24;24m██[38;2;18;18;18m    [38;2;50;50;50m██[38;2;126;127;126m██[38;2;93;93;93m██[38;2;120;120;120m██[38;2;131;131;131m██[38;2;112;112;112m██[38;2;80;80;80m  [38;2;0;0;0m      
[38;2;0;0;0m            [38;2;97;105;97m██[38;2;85;89;85m██[38;2;78;84;78m██[38;2;125;126;125m██[38;2;93;98;93m██[38;2;111;111;111m██[38;2;125;126;125m██[38;2;117;121;117m██[38;2;126;126;126m██[38;2;44;44;44m██[38;2;38;38;38m██[38;2;9;9;9m  [38;2;0;0;0m        
[38;2;0;0;0m                [38;2;76;82;76m████[38;2;43;43;43m  [38;2;57;61;57m  [38;2;100;105;100m██[38;2;110;110;110m██[38;2;123;123;123m██[38;2;25;25;25m  [38;2;0;0;0m            
[38;2;0;0;0m                        [38;2;33;33;33m██[38;2;22;22;22m██[38;2;25;25;25m  [38;2;0;0;0m              [0m
