
[38;2;0;0;0m                [38;2;0;1;0m  [38;2;55;24;22m██[38;2;39;19;18m██[38;2;55;24;20m██[38;2;23;10;8m  [38;2;0;1;0m  [38;2;0;0;0m          
[38;2;0;0;0m            [38;2;0;3;0m  [38;2;54;63;100m  [38;2;108;66;88m██[38;2;166;65;69m██[38;2;205;80;81m██[38;2;105;76;112m██[38;2;72;64;102m██[38;2;61;57;91m██[38;2;61;25;22m  [38;2;0;2;0m  [38;2;0;0;0m      
[38;2;0;0;0m        [38;2;0;1;0m  [38;2;49;21;18m  [38;2;114;86;127m██[38;2;216;86;86m██[38;2;189;75;79m██[38;2;222;86;84m██[38;2;160;80;98m██[38;2;75;83;138m████[38;2;78;82;136m██[38;2;178;81;93m██[38;2;195;75;72m██[38;2;17;8;6m  [38;2;0;0;0m    
[38;2;0;0;0m      [38;2;0;2;0m  [38;2;107;95;57m██[38;2;203;81;78m██[38;2;222;85;81m██[38;2;111;76;111m██[38;2;141;96;93m██[38;2;111;63;70m██[38;2;222;85;81m██[38;2;183;81;94m████[38;2;187;82;93m██[38;2;222;85;84m████[38;2;179;73;77m██[38;2;0;9;19m  [38;2;0;0;0m  
[38;2;0;0;0m      [38;2;0;4;3m  [38;2;143;126;76m██[38;2;205;82;80m██[38;2;172;81;94m██[38;2;76;83;133m██[38;2;73;71;102m██[38;2;253;186;72m██[38;2;148;75;74m██[38;2;222;85;84m████████[38;2;221;85;84m██[38;2;217;86;91m██[38;2;76;45;63m██[38;2;0;1;0m  
[38;2;0;0;0m  [38;2;0;3;0m  [38;2;0;0;0m  [38;2;39;39;27m  [38;2;143;126;76m██[38;2;205;82;80m██[38;2;172;78;76m██[38;2;178;81;87m██[38;2;130;121;87m██[38;2;111;101;65m██[38;2;203;82;80m██[38;2;215;84;83m██[38;2;105;74;102m██[38;2;105;73;96m██[38;2;105;75;112m██[38;2;214;83;82m██[38;2;206;77;80m██[38;2;124;70;100m██[38;2;13;16;25m  
[38;2;37;34;16m  [38;2;179;153;77m██[38;2;78;54;42m██[38;2;75;68;64m██[38;2;145;126;72m██[38;2;170;78;76m██[38;2;100;88;86m██[38;2;68;66;67m██[38;2;225;193;65m██[38;2;65;65;65m██[38;2;183;80;77m██[38;2;111;101;65m██[38;2;189;164;65m██[38;2;107;99;72m██[38;2;71;79;127m██[38;2;87;73;115m██[38;2;181;72;76m██[38;2;184;76;81m██[38;2;27;21;27m██
[38;2;0;0;0m  [38;2;37;34;16m  [38;2;85;69;37m██[38;2;158;137;75m██[38;2;144;126;73m██[38;2;82;75;76m██[38;2;87;79;79m██[38;2;192;168;65m██[38;2;160;141;65m██[38;2;201;174;65m████[38;2;239;205;66m██[38;2;111;104;73m██[38;2;107;99;72m██[38;2;76;84;137m██[38;2;87;70;109m██[38;2;183;70;75m██[38;2;156;66;77m██[38;2;39;26;24m██
[38;2;0;0;0m      [38;2;119;102;49m  [38;2;126;113;74m██[38;2;121;100;102m██[38;2;117;101;87m██[38;2;225;200;85m██[38;2;201;175;63m██[38;2;201;174;65m██[38;2;87;86;86m██[38;2;88;70;86m██[38;2;71;78;119m██[38;2;75;83;138m██[38;2;84;75;120m██[38;2;162;69;80m██[38;2;160;65;75m██[38;2;141;59;66m██[38;2;20;15;10m  
[38;2;0;0;0m        [38;2;154;155;154m██[38;2;121;100;102m██[38;2;85;80;65m██[38;2;104;100;73m██[38;2;179;200;168m██[38;2;65;65;65m██[38;2;223;223;216m██[38;2;91;67;92m██[38;2;136;65;83m██[38;2;135;66;85m██[38;2;150;64;77m██[38;2;159;64;73m██[38;2;77;33;35m██[38;2;31;15;14m  [38;2;0;0;0m  
[38;2;0;0;0m      [38;2;0;2;0m  [38;2;167;188;177m██[38;2;144;69;73m██[38;2;176;121;126m██[38;2;192;236;220m██[38;2;200;215;207m██[38;2;131;102;105m██[38;2;199;195;191m██[38;2;72;67;67m██[38;2;105;65;69m██[38;2;138;63;70m██[38;2;43;20;20m  [38;2;0;3;0m  [38;2;0;0;0m      
[38;2;0;0;0m    [38;2;22;19;17m  [38;2;11;11;8m  [38;2;78;63;62m██[38;2;179;162;158m██[38;2;170;111;114m██[38;2;183;114;121m██[38;2;169;133;132m██[38;2;102;104;100m██[38;2;93;84;83m██[38;2;73;60;62m██[38;2;88;72;74m██[38;2;21;17;15m  [38;2;0;0;0m  [38;2;0;2;0m  [38;2;0;0;0m      
[38;2;0;0;0m    [38;2;45;37;36m██[38;2;94;73;73m██[38;2;44;36;35m  [38;2;0;3;0m  [38;2;148;147;141m██[38;2;54;54;54m██[38;2;76;67;68m██[38;2;80;69;69m██[38;2;95;75;76m██[38;2;70;55;58m  [38;2;40;34;34m  [38;2;65;52;51m██[38;2;22;21;17m██[38;2;117;95;96m██[38;2;0;1;0m  [38;2;0;0;0m    
[38;2;0;0;0m  [38;2;0;3;0m  [38;2;71;56;56m██[38;2;82;64;65m██[38;2;0;2;0m  [38;2;0;0;0m  [38;2;0;1;0m    [38;2;46;43;41m██[38;2;73;67;67m██[38;2;48;41;43m██[38;2;0;0;0m    [38;2;2;3;1m  [38;2;84;71;68m██[38;2;104;85;85m██[38;2;33;29;27m  [38;2;0;0;0m    
[38;2;0;0;0m    [38;2;0;2;0m    [38;2;0;0;0m    [38;2;13;12;10m  [38;2;0;0;0m  [38;2;7;9;9m  [38;2;99;77;81m██[38;2;82;71;70m██[38;2;0;3;0m  [38;2;0;0;0m    [38;2;0;2;0m  [38;2;134;108;110m██[38;2;128;104;105m██[38;2;0;3;0m  [38;2;0;0;0m  
[38;2;0;0;0m          [38;2;0;3;0m  [38;2;84;65;66m██[38;2;3;8;8m  [38;2;103;60;65m██[38;2;74;68;69m██[38;2;108;73;74m██[38;2;62;53;50m  [38;2;60;50;49m  [38;2;0;2;0m  [38;2;0;0;0m  [38;2;29;26;24m  [38;2;23;21;19m  [38;2;0;0;0m    
[38;2;0;0;0m            [38;2;59;41;41m██[38;2;97;76;79m██[38;2;69;61;63m██[38;2;120;49;55m██[38;2;52;38;37m  [38;2;99;82;80m██[38;2;123;100;101m██[38;2;20;20;18m  [38;2;0;0;0m          
[38;2;0;0;0m          [38;2;0;3;0m  [38;2;109;65;69m██[38;2;76;67;68m██[38;2;57;48;46m██[38;2;0;1;0m  [38;2;0;2;0m  [38;2;106;87;87m██[38;2;107;92;93m██[38;2;71;67;68m██[38;2;25;22;20m  [38;2;0;0;0m        
[38;2;0;0;0m            [38;2;59;53;25m  [38;2;186;159;80m██[38;2;0;2;0m  [38;2;0;0;0m  [38;2;0;1;0m  [38;2;106;66;69m██[38;2;160;76;75m██[38;2;206;116;74m██[38;2;40;26;23m██[38;2;0;0;0m        
[38;2;0;0;0m            [38;2;0;1;0m  [38;2;179;153;77m██[38;2;0;2;0m  [38;2;0;0;0m    [38;2;2;7;7m  [38;2;155;110;52m██[38;2;211;173;77m██[38;2;88;70;27m██[38;2;0;0;0m        
[38;2;0;0;0m              [38;2;0;2;0m  [38;2;0;0;0m        [38;2;107;93;28m  [38;2;184;156;67m██[38;2;0;1;0m  [38;2;0;0;0m        
[38;2;0;0;0m                          [38;2;55;49;14m  [38;2;0;0;0m          [0m
