
[38;2;0;0;0m          [38;2;42;42;38m  [38;2;67;67;64m██[38;2;2;1;0m  [38;2;0;0;0m                                        
[38;2;0;0;0m        [38;2;68;61;46m  [38;2;227;226;209m██[38;2;118;118;109m██[38;2;203;203;195m  [38;2;0;0;0m                    [38;2;187;187;187m  [38;2;205;205;205m██[38;2;3;3;3m  [38;2;0;0;0m              
[38;2;0;0;0m        [38;2;177;172;155m██[38;2;8;8;7m  [38;2;0;0;0m  [38;2;136;123;93m██[38;2;113;113;113m██[38;2;0;0;0m              [38;2;59;54;40m  [38;2;189;188;180m██[38;2;15;15;14m  [38;2;49;49;46m  [38;2;165;165;154m██[38;2;130;128;118m██[38;2;0;0;0m            
[38;2;0;0;0m    [38;2;2;1;0m  [38;2;130;126;109m  [38;2;16;16;14m  [38;2;0;0;0m      [38;2;121;121;121m██[38;2;0;0;0m            [38;2;2;2;0m  [38;2;203;201;184m██[38;2;18;18;17m  [38;2;0;0;0m      [38;2;141;141;139m██[38;2;144;143;133m  [38;2;2;1;0m  [38;2;0;0;0m        
[38;2;0;0;0m    [38;2;33;32;31m  [38;2;136;134;119m██[38;2;0;0;0m        [38;2;122;122;122m██[38;2;0;0;0m            [38;2;71;71;68m██[38;2;118;118;110m██[38;2;0;0;0m          [38;2;150;150;140m██[38;2;85;84;79m██[38;2;0;0;0m        
[38;2;0;0;0m    [38;2;75;75;75m██[38;2;27;27;27m██[38;2;0;0;0m        [38;2;4;4;4m  [38;2;0;0;0m            [38;2;67;67;67m██[38;2;35;35;35m██[38;2;0;0;0m          [38;2;9;9;8m██[38;2;215;215;211m██[38;2;0;0;0m        
[38;2;0;0;0m    [38;2;146;146;146m██[38;2;0;0;0m          [38;2;122;116;72m██[38;2;29;29;29m  [38;2;0;0;0m  [38;2;127;127;127m██████[38;2;29;29;29m  [38;2;98;91;69m██[38;2;5;5;5m  [38;2;0;0;0m            [38;2;75;75;75m  [38;2;111;111;111m  [38;2;0;0;0m      
[38;2;0;0;0m  [38;2;6;6;6m  [38;2;141;141;141m  [38;2;0;0;0m          [38;2;96;96;90m██[38;2;85;88;75m██[38;2;252;252;243m██[38;2;255;255;255m████[38;2;253;253;253m██[38;2;113;111;110m██[38;2;194;180;138m██[38;2;225;225;225m██[38;2;9;9;9m██[38;2;0;0;0m            [38;2;215;215;215m██[38;2;3;3;3m  [38;2;0;0;0m    
[38;2;0;0;0m  [38;2;178;178;178m██[38;2;0;0;0m        [38;2;2;2;2m  [38;2;147;147;147m██[38;2;125;125;120m██[38;2;196;190;140m██[38;2;183;179;167m██[38;2;163;161;159m██[38;2;178;175;171m██[38;2;210;210;210m██[38;2;210;194;147m██[38;2;89;88;90m██[38;2;189;185;176m██[38;2;255;255;255m██[38;2;156;156;156m██[38;2;0;0;0m          [38;2;31;31;31m██[38;2;86;86;86m██[38;2;0;0;0m    
[38;2;0;0;0m  [38;2;178;178;178m██[38;2;0;0;0m        [38;2;122;122;122m██[38;2;134;134;133m██[38;2;145;146;141m██[38;2;203;193;123m██[38;2;129;123;92m██[38;2;226;214;184m██[38;2;203;193;168m██[38;2;86;83;77m██[38;2;213;196;146m██[38;2;230;213;162m██[38;2;105;102;103m██[38;2;177;177;172m██[38;2;253;253;253m██[38;2;141;141;141m██[38;2;0;0;0m          [38;2;168;168;168m██[38;2;0;0;0m    
[38;2;38;38;38m  [38;2;90;90;90m██[38;2;0;0;0m        [38;2;175;175;172m██[38;2;194;195;189m██[38;2;165;164;165m██[38;2;76;75;76m██[38;2;149;145;129m██[38;2;125;119;95m██[38;2;130;122;102m████[38;2;121;116;91m██[38;2;78;76;82m██[38;2;204;200;205m██[38;2;113;114;110m██[38;2;185;186;179m██[38;2;215;215;215m██[38;2;2;2;2m  [38;2;0;0;0m        [38;2;168;168;168m██[38;2;0;0;0m    
[38;2;59;59;59m██[38;2;43;43;43m██[38;2;0;0;0m        [38;2;186;186;181m██[38;2;221;221;220m██[38;2;214;202;187m██[38;2;98;98;96m██[38;2;184;184;183m██[38;2;253;253;252m██[38;2;177;168;199m██[38;2;122;153;203m██[38;2;117;99;155m██[38;2;137;128;165m██[38;2;110;110;110m██[38;2;219;217;210m██[38;2;167;167;159m██[38;2;243;243;242m██[38;2;52;52;52m██[38;2;0;0;0m          [38;2;204;204;204m██[38;2;0;0;0m  
[38;2;59;59;59m██[38;2;43;43;43m██[38;2;0;0;0m      [38;2;153;153;153m  [38;2;184;185;178m██[38;2;221;221;218m██[38;2;214;202;187m██[38;2;217;216;209m██[38;2;175;167;159m██[38;2;114;113;114m██[38;2;131;130;133m██[38;2;77;79;91m██[38;2;85;79;89m██[38;2;157;155;148m██[38;2;215;215;213m██[38;2;211;194;174m██[38;2;221;221;220m██[38;2;195;196;190m██[38;2;255;255;255m██[38;2;0;0;0m          [38;2;204;204;204m██[38;2;0;0;0m  
[38;2;59;59;59m██[38;2;43;43;43m██[38;2;0;0;0m      [38;2;210;210;210m██[38;2;183;184;177m██[38;2;205;178;149m  [38;2;222;223;218m██[38;2;201;181;155m██[38;2;223;222;211m██[38;2;168;167;168m██[38;2;187;186;187m██[38;2;124;122;115m██[38;2;216;214;207m██[38;2;220;210;194m██[38;2;219;215;207m██[38;2;215;206;192m██[38;2;220;218;214m██[38;2;188;189;184m██[38;2;253;253;252m██[38;2;33;33;33m  [38;2;0;0;0m        [38;2;163;163;163m  [38;2;18;18;18m  
[38;2;59;59;59m██[38;2;43;43;43m██[38;2;0;0;0m      [38;2;210;210;210m██[38;2;183;184;177m██[38;2;205;178;149m██[38;2;222;223;219m██[38;2;176;169;149m██[38;2;99;95;85m██[38;2;187;184;151m██[38;2;162;163;154m██[38;2;165;164;142m██[38;2;117;116;110m██[38;2;128;119;111m██[38;2;219;215;207m██[38;2;215;206;192m██[38;2;220;218;212m██[38;2;188;189;183m██[38;2;253;253;252m██[38;2;122;122;122m██[38;2;0;0;0m        [38;2;50;50;50m██[38;2;68;68;68m██
[38;2;38;38;38m  [38;2;90;90;90m██[38;2;0;0;0m        [38;2;222;222;220m██[38;2;205;178;149m██[38;2;191;191;191m██[38;2;141;141;141m██[38;2;255;255;255m██[38;2;167;165;159m██[38;2;200;189;139m██[38;2;166;165;149m  [38;2;234;234;231m██[38;2;215;215;215m██[38;2;169;169;169m██[38;2;215;206;192m██[38;2;220;218;212m██[38;2;188;189;183m██[38;2;253;253;252m██[38;2;122;122;122m██[38;2;0;0;0m        [38;2;50;50;50m██[38;2;68;68;68m██
[38;2;0;0;0m  [38;2;178;178;178m██[38;2;0;0;0m        [38;2;222;222;220m██[38;2;220;217;210m██[38;2;211;212;209m██[38;2;101;101;101m██[38;2;255;255;255m██[38;2;252;252;252m██[38;2;239;239;238m██[38;2;243;243;241m██[38;2;255;255;254m██[38;2;203;203;203m██[38;2;68;67;68m██[38;2;221;220;218m██[38;2;221;222;218m██[38;2;209;202;186m██[38;2;253;253;253m██[38;2;14;14;14m  [38;2;0;0;0m        [38;2;50;50;50m██[38;2;68;68;68m██
[38;2;0;0;0m  [38;2;178;178;178m██[38;2;0;0;0m        [38;2;107;107;106m██[38;2;221;221;218m██[38;2;214;202;187m██[38;2;70;69;70m  [38;2;108;108;108m██[38;2;196;196;196m██████[38;2;121;121;121m██[38;2;141;142;141m██[38;2;174;174;174m██[38;2;145;144;145m██[38;2;154;154;153m██[38;2;229;216;193m██[38;2;255;255;255m██[38;2;0;0;0m          [38;2;50;50;50m██[38;2;68;68;68m██
[38;2;0;0;0m  [38;2;6;6;6m  [38;2;141;141;141m  [38;2;0;0;0m      [38;2;4;4;4m  [38;2;221;221;221m██[38;2;212;198;179m██[38;2;79;78;79m██[38;2;123;123;123m██[38;2;223;223;223m██[38;2;249;249;249m██[38;2;217;217;217m██[38;2;100;99;100m██[38;2;207;205;203m██[38;2;222;211;199m██[38;2;106;102;100m██[38;2;203;186;138m██[38;2;152;152;151m██[38;2;14;14;14m██[38;2;0;0;0m          [38;2;50;50;50m██[38;2;68;68;68m██
[38;2;0;0;0m    [38;2;146;146;146m██[38;2;0;0;0m        [38;2;1;1;1m  [38;2;90;90;86m██[38;2;177;168;127m██[38;2;140;140;140m██[38;2;186;186;186m████[38;2;169;169;169m████[38;2;78;78;78m██[38;2;148;149;148m██[38;2;160;159;160m██[38;2;144;144;144m██[38;2;179;179;179m██[38;2;2;2;2m  [38;2;0;0;0m          [38;2;50;50;50m██[38;2;68;68;68m██
[38;2;0;0;0m    [38;2;75;75;75m██[38;2;27;27;27m██[38;2;0;0;0m        [38;2;144;145;144m██[38;2;78;78;77m██[38;2;126;127;123m██[38;2;65;64;65m██[38;2;68;67;68m██[38;2;72;71;72m██[38;2;66;65;66m██[38;2;217;206;129m██[38;2;95;92;77m██[38;2;218;218;218m██[38;2;214;214;214m██[38;2;0;0;0m              [38;2;204;204;204m██[38;2;0;0;0m  
[38;2;0;0;0m    [38;2;31;31;31m  [38;2;123;117;77m██[38;2;0;0;0m    [38;2;0;0;2m  [38;2;129;122;81m██[38;2;133;132;120m██[38;2;158;158;156m██[38;2;180;182;178m██[38;2;81;80;81m██[38;2;136;137;136m██[38;2;195;197;195m██[38;2;95;94;95m██[38;2;148;146;136m██[38;2;131;125;92m██[38;2;164;164;162m██[38;2;16;16;15m██[38;2;0;0;0m              [38;2;204;204;204m██[38;2;0;0;0m  
[38;2;0;0;0m      [38;2;188;180;112m██[38;2;0;0;0m    [38;2;12;12;15m  [38;2;90;87;71m██[38;2;158;152;126m██[38;2;215;212;205m██[38;2;201;194;176m██[38;2;175;178;168m██[38;2;197;198;197m██[38;2;190;192;188m██[38;2;173;173;171m██[38;2;208;205;201m██[38;2;193;185;177m██[38;2;216;215;213m██[38;2;221;221;220m██[38;2;14;14;13m  [38;2;0;0;0m          [38;2;16;16;9m  [38;2;181;181;181m  [38;2;0;0;0m  
[38;2;0;0;0m      [38;2;49;52;32m  [38;2;0;0;0m    [38;2;37;37;37m  [38;2;76;76;76m██[38;2;70;61;51m██[38;2;65;60;53m██[38;2;33;31;28m  [38;2;4;4;4m  [38;2;186;182;186m██[38;2;97;92;82m██[38;2;64;60;49m██[38;2;23;23;23m  [38;2;76;76;76m██[38;2;129;119;105m██[38;2;212;195;174m██[38;2;181;171;160m██[38;2;145;145;145m██[38;2;0;0;0m        [38;2;146;138;86m██[38;2;0;0;0m    
[38;2;0;0;0m                      [38;2;6;6;4m  [38;2;137;130;81m██[38;2;80;74;62m██[38;2;38;35;28m  [38;2;0;0;0m                    [38;2;87;92;56m  [38;2;0;0;0m    
[38;2;0;0;0m                      [38;2;9;9;5m██[38;2;18;17;10m  [38;2;0;0;2m  [38;2;0;0;0m                            [0m
