
[38;2;0;0;0m                      [38;2;0;1;0m    [38;2;63;62;16m████[38;2;58;57;15m██[38;2;0;1;0m  [38;2;0;0;0m            
[38;2;0;0;0m                [38;2;0;3;0m    [38;2;91;87;23m  [38;2;191;180;49m████[38;2;255;239;65m██[38;2;255;238;65m██[38;2;232;218;60m██[38;2;0;1;0m  [38;2;0;0;0m            
[38;2;0;0;0m              [38;2;0;3;0m  [38;2;255;238;65m██[38;2;255;242;111m██[38;2;255;243;113m██[38;2;255;250;199m██[38;2;255;255;255m██[38;2;255;252;229m██[38;2;255;238;65m██[38;2;0;3;0m  [38;2;0;0;0m              
[38;2;0;0;0m              [38;2;0;3;0m  [38;2;255;238;63m██[38;2;255;254;246m██[38;2;255;255;255m██████[38;2;255;241;93m██[38;2;146;139;38m██[38;2;0;0;0m                
[38;2;0;0;0m            [38;2;0;1;0m  [38;2;232;218;60m██[38;2;255;243;124m██[38;2;255;254;252m██[38;2;255;255;255m████[38;2;255;254;245m██[38;2;252;236;65m██[38;2;83;80;21m  [38;2;0;0;0m                
[38;2;0;0;0m            [38;2;0;1;0m  [38;2;232;218;60m██[38;2;255;245;143m██[38;2;255;255;254m██[38;2;255;255;255m████[38;2;255;247;168m██[38;2;243;228;63m██[38;2;0;1;0m  [38;2;0;0;0m                
[38;2;0;0;0m            [38;2;24;25;6m  [38;2;238;223;60m██[38;2;255;252;227m██[38;2;255;255;255m██████[38;2;255;242;108m██[38;2;182;172;47m  [38;2;0;1;0m  [38;2;0;0;0m                
[38;2;0;0;0m            [38;2;99;95;24m██[38;2;255;239;63m██[38;2;255;255;255m████████[38;2;255;239;63m██[38;2;0;3;0m  [38;2;0;0;0m                  
[38;2;0;0;0m            [38;2;99;95;25m██[38;2;255;241;92m██[38;2;255;255;255m██████[38;2;255;246;156m██[38;2;121;116;31m██[38;2;0;0;0m                    
[38;2;0;0;0m          [38;2;0;2;0m  [38;2;216;203;55m██[38;2;255;252;221m██[38;2;255;255;255m████[38;2;255;252;228m██[38;2;255;239;63m██[38;2;30;30;7m  [38;2;0;0;0m                    
[38;2;0;0;0m          [38;2;0;3;0m  [38;2;255;239;77m██[38;2;255;253;241m██[38;2;255;255;255m████[38;2;255;247;164m██[38;2;255;239;65m██[38;2;0;2;0m  [38;2;0;1;0m    [38;2;0;0;0m                
[38;2;0;0;0m          [38;2;0;3;0m  [38;2;255;244;132m██[38;2;255;254;253m██[38;2;255;255;255m████[38;2;255;253;229m██[38;2;255;246;155m██[38;2;191;180;49m████[38;2;83;80;21m██[38;2;0;0;0m                
[38;2;0;0;0m        [38;2;0;1;0m  [38;2;221;208;54m██[38;2;255;239;63m████[38;2;227;213;58m██[38;2;191;180;49m██[38;2;221;208;57m██[38;2;255;255;255m██[38;2;255;252;230m██[38;2;243;228;63m██[38;2;0;1;0m  [38;2;0;0;0m                
[38;2;0;0;0m  [38;2;0;3;0m  [38;2;0;0;0m      [38;2;55;54;13m  [38;2;63;62;15m████[38;2;36;35;9m  [38;2;0;1;0m  [38;2;121;116;28m██[38;2;255;255;255m██[38;2;255;244;129m██[38;2;60;60;15m  [38;2;0;0;0m                  
[38;2;0;1;0m  [38;2;64;64;64m██[38;2;14;17;14m██[38;2;0;1;0m  [38;2;0;0;0m            [38;2;155;152;106m██[38;2;255;253;236m██[38;2;221;208;57m██[38;2;0;2;0m  [38;2;0;1;0m  [38;2;0;0;0m                
[38;2;0;1;0m  [38;2;64;65;64m██[38;2;93;86;58m██[38;2;148;125;30m██[38;2;0;1;0m  [38;2;0;0;0m        [38;2;0;3;0m  [38;2;255;246;156m██[38;2;255;253;236m██[38;2;121;116;31m██[38;2;2;5;2m  [38;2;61;62;61m██[38;2;56;57;56m  [38;2;0;1;0m  [38;2;0;0;0m            
[38;2;0;0;0m  [38;2;0;3;0m  [38;2;198;165;40m████[38;2;134;115;40m██[38;2;2;3;3m  [38;2;0;1;0m    [38;2;0;0;0m  [38;2;0;2;0m  [38;2;199;183;57m██[38;2;113;105;65m██[38;2;94;86;73m██[38;2;81;81;81m██[38;2;70;70;70m██[38;2;0;2;0m  [38;2;0;0;0m    [38;2;41;41;10m  [38;2;0;0;0m        
[38;2;0;0;0m    [38;2;93;81;22m██[38;2;115;103;58m██[38;2;136;126;77m██[38;2;193;182;97m██[38;2;191;180;97m██[38;2;185;166;53m██[38;2;0;3;0m    [38;2;193;172;56m██[38;2;249;220;63m██[38;2;153;139;67m██[38;2;76;72;76m██[38;2;141;134;88m██[38;2;0;2;0m  [38;2;0;1;0m  [38;2;24;26;12m  [38;2;232;219;77m██[38;2;0;3;0m  [38;2;0;0;0m      
[38;2;0;0;0m    [38;2;63;62;42m██[38;2;228;198;54m██[38;2;253;235;121m██[38;2;255;239;129m██[38;2;254;237;123m██[38;2;253;233;115m██[38;2;247;218;65m████[38;2;246;218;64m██[38;2;247;218;63m██[38;2;214;190;57m██[38;2;64;61;62m██[38;2;255;248;182m██[38;2;238;230;150m██[38;2;180;172;75m██[38;2;255;245;160m██[38;2;255;244;125m██[38;2;4;6;0m  [38;2;0;0;0m      
[38;2;0;0;0m  [38;2;149;147;116m  [38;2;149;138;76m██[38;2;247;218;63m██[38;2;247;220;71m██[38;2;249;223;82m██[38;2;248;222;76m██[38;2;213;182;48m██[38;2;246;217;63m██[38;2;247;218;63m██[38;2;246;217;63m██[38;2;247;218;63m██[38;2;29;28;7m  [38;2;2;3;0m  [38;2;171;164;71m██[38;2;255;254;250m██[38;2;255;246;150m██[38;2;225;205;81m██[38;2;247;243;196m██[38;2;115;113;95m  [38;2;0;0;0m      
[38;2;12;6;6m  [38;2;58;49;24m██[38;2;118;105;36m██[38;2;247;218;63m████[38;2;246;217;63m██[38;2;199;178;72m██[38;2;204;201;175m██[38;2;142;126;44m██[38;2;247;218;63m██[38;2;246;218;64m██[38;2;210;179;47m██[38;2;29;28;7m  [38;2;0;0;0m  [38;2;0;2;0m  [38;2;249;233;64m██[38;2;74;72;19m  [38;2;33;34;8m██[38;2;255;246;158m██[38;2;221;222;221m██[38;2;63;66;63m██[38;2;63;62;16m██[38;2;16;19;4m██
[38;2;46;30;23m██[38;2;183;154;55m██[38;2;247;218;67m██[38;2;134;123;65m██[38;2;246;217;63m██[38;2;246;218;63m██[38;2;208;184;55m██[38;2;37;33;13m██[38;2;195;165;51m██[38;2;246;217;62m██[38;2;246;218;63m██[38;2;247;218;63m██[38;2;214;190;55m██[38;2;0;2;0m  [38;2;0;0;0m  [38;2;58;57;15m  [38;2;0;0;0m  [38;2;8;11;2m██[38;2;63;62;16m██[38;2;97;97;72m██[38;2;255;251;211m██[38;2;213;200;55m██[38;2;16;17;4m  
[38;2;49;37;22m  [38;2;234;202;66m██[38;2;173;144;52m██[38;2;201;180;65m██[38;2;238;209;60m██[38;2;247;218;63m██[38;2;234;204;62m██[38;2;241;190;73m██[38;2;198;81;91m██[38;2;233;179;72m██[38;2;246;218;63m██[38;2;247;218;63m██[38;2;247;217;63m██[38;2;61;53;17m  [38;2;0;0;0m          [38;2;97;94;46m██[38;2;255;251;211m██[38;2;149;141;38m  [38;2;0;0;0m  
[38;2;0;1;0m  [38;2;193;172;51m██[38;2;224;198;61m██[38;2;201;180;65m██[38;2;102;95;62m██[38;2;164;137;54m██[38;2;231;203;63m██[38;2;235;187;73m██[38;2;200;81;96m██[38;2;233;180;75m██[38;2;246;218;64m██[38;2;247;218;63m██[38;2;246;218;63m██[38;2;155;125;47m██[38;2;3;0;3m  [38;2;0;0;0m      [38;2;124;120;64m  [38;2;255;245;153m██[38;2;255;246;156m██[38;2;0;3;0m  [38;2;0;0;0m  
[38;2;0;0;0m  [38;2;0;3;0m  [38;2;247;218;65m██[38;2;247;218;63m████[38;2;246;217;63m██[38;2;247;217;63m██[38;2;246;217;63m██[38;2;247;217;63m██[38;2;247;218;63m██[38;2;246;218;63m██[38;2;247;218;63m██[38;2;247;217;63m██[38;2;246;217;65m██[38;2;97;83;28m██[38;2;0;0;0m      [38;2;0;1;0m  [38;2;202;192;77m██[38;2;255;245;142m██[38;2;213;200;55m██[38;2;16;17;4m  
[38;2;0;0;0m  [38;2;144;129;36m  [38;2;220;194;62m██[38;2;231;205;58m██[38;2;246;217;63m██[38;2;246;218;63m██[38;2;247;218;63m██[38;2;247;218;65m██[38;2;246;217;63m██[38;2;247;218;65m██[38;2;246;218;64m██[38;2;247;218;63m██[38;2;246;218;63m██[38;2;180;120;65m██[38;2;69;40;28m██[38;2;0;0;0m      [38;2;0;1;0m  [38;2;202;195;116m██[38;2;255;244;148m██[38;2;63;62;16m██[38;2;16;17;4m  
[38;2;0;1;0m  [38;2;193;171;49m██[38;2;193;171;62m██[38;2;216;192;59m██[38;2;247;218;63m██[38;2;246;218;61m██[38;2;200;172;57m██[38;2;240;212;64m██[38;2;234;207;61m██[38;2;151;120;49m██[38;2;246;218;64m██[38;2;247;218;63m██[38;2;247;217;63m██[38;2;247;219;65m██[38;2;234;201;65m██[38;2;0;5;3m  [38;2;0;2;0m  [38;2;55;54;14m  [38;2;41;41;10m  [38;2;243;237;166m██[38;2;58;57;30m  [38;2;0;0;0m    
[38;2;38;34;8m  [38;2;119;108;58m██[38;2;191;172;65m██[38;2;215;192;65m██[38;2;246;217;63m██[38;2;246;218;57m██[38;2;150;132;59m██[38;2;247;217;63m██[38;2;177;157;56m██[38;2;216;188;61m██[38;2;246;218;64m██[38;2;247;218;63m██[38;2;246;218;63m██[38;2;244;214;65m██[38;2;166;105;65m██[38;2;53;38;31m  [38;2;116;110;30m  [38;2;246;231;63m██[38;2;232;226;152m██[38;2;210;201;93m██[38;2;0;1;0m  [38;2;0;0;0m    
[38;2;51;46;10m██[38;2;198;166;40m██[38;2;122;113;69m██[38;2;244;216;64m██[38;2;247;218;63m██[38;2;246;218;65m██[38;2;130;118;62m██[38;2;203;177;53m██[38;2;150;136;65m██[38;2;245;216;63m██[38;2;246;218;63m██[38;2;247;218;63m██[38;2;247;217;63m██[38;2;247;218;63m██[38;2;219;188;50m██[38;2;82;80;65m██[38;2;255;238;63m██[38;2;0;3;0m  [38;2;124;118;32m  [38;2;157;149;40m  [38;2;0;0;0m      
[38;2;12;12;2m  [38;2;165;139;34m██[38;2;176;149;46m██[38;2;208;176;46m██[38;2;222;192;53m██[38;2;246;218;65m██[38;2;229;203;65m██[38;2;201;180;65m██[38;2;132;120;62m██[38;2;243;215;64m██[38;2;227;198;55m██[38;2;247;218;65m██[38;2;246;218;65m██[38;2;245;217;64m██[38;2;200;175;51m██[38;2;82;80;65m██[38;2;138;131;35m██[38;2;0;0;0m            
[38;2;0;0;0m  [38;2;116;98;24m  [38;2;171;145;50m██[38;2;157;135;53m██[38;2;179;151;46m██[38;2;197;165;40m██████[38;2;141;126;57m██[38;2;210;180;47m██[38;2;222;193;53m██[38;2;234;205;59m██[38;2;217;186;50m██[38;2;197;166;40m██[38;2;113;100;45m██[38;2;191;174;43m██[38;2;74;72;19m  [38;2;0;0;0m            
[38;2;0;0;0m    [38;2;66;59;27m██[38;2;130;111;58m██[38;2;123;107;65m██[38;2;57;51;18m██[38;2;198;165;40m████[38;2;136;118;52m██[38;2;204;175;47m██[38;2;202;172;43m██[38;2;197;166;40m██[38;2;198;165;40m██[38;2;191;160;39m██[38;2;21;19;4m  [38;2;0;1;0m  [38;2;0;0;0m              
[38;2;0;0;0m  [38;2;0;2;0m  [38;2;134;113;28m██[38;2;145;118;34m██[38;2;0;3;0m  [38;2;0;0;0m  [38;2;0;3;0m      [38;2;102;85;27m  [38;2;187;155;43m██[38;2;186;153;42m██[38;2;156;132;43m██[38;2;0;2;0m  [38;2;0;0;0m                  
[38;2;0;0;0m    [38;2;0;1;0m    [38;2;0;0;0m        [38;2;0;1;0m  [38;2;149;121;37m  [38;2;163;132;40m██[38;2;140;113;35m██[38;2;78;69;21m██[38;2;0;0;0m                    [0m
