
[38;2;0;0;0m                  [38;2;4;4;4m  [38;2;25;25;24m  [38;2;0;0;0m                    [38;2;34;34;33m  [38;2;0;0;0m                
[38;2;0;0;0m                  [38;2;16;16;15m██[38;2;98;98;95m██[38;2;0;0;0m                    [38;2;221;221;213m██[38;2;0;0;0m                
[38;2;0;0;0m                  [38;2;203;197;189m██[38;2;215;215;212m██[38;2;22;22;22m  [38;2;0;0;0m                [38;2;159;159;154m  [38;2;208;211;206m██[38;2;74;74;72m██[38;2;0;0;0m              
[38;2;0;0;0m                [38;2;86;85;83m  [38;2;153;156;157m██[38;2;231;229;222m██[38;2;136;143;144m██[38;2;67;67;65m  [38;2;0;0;0m                [38;2;236;236;232m██[38;2;205;203;197m██[38;2;75;74;72m  [38;2;0;0;0m            
[38;2;0;0;0m                  [38;2;135;131;125m██[38;2;216;214;207m██[38;2;223;220;213m██[38;2;17;18;17m  [38;2;0;0;0m              [38;2;79;79;77m  [38;2;227;229;225m██[38;2;198;194;187m██[38;2;32;31;30m  [38;2;0;0;0m            
[38;2;0;0;0m                  [38;2;13;12;12m██[38;2;197;194;190m██[38;2;162;166;165m██[38;2;162;165;162m██[38;2;0;0;0m              [38;2;229;229;222m██[38;2;187;193;190m██[38;2;146;151;152m██[38;2;93;90;86m██[38;2;0;0;0m            
[38;2;0;0;0m                  [38;2;5;5;4m  [38;2;136;135;132m██[38;2;194;189;182m██[38;2;208;205;200m██[38;2;162;160;156m██[38;2;6;6;6m  [38;2;21;18;15m  [38;2;80;69;57m████[38;2;10;9;7m  [38;2;113;113;111m██[38;2;246;246;241m██[38;2;205;208;204m██[38;2;197;194;189m██[38;2;55;55;53m  [38;2;0;0;0m            
[38;2;0;0;0m                  [38;2;1;1;1m  [38;2;14;14;14m██[38;2;197;194;188m██[38;2;196;194;189m██[38;2;74;73;73m██[38;2;174;159;136m██[38;2;220;198;165m██[38;2;211;184;152m██[38;2;202;179;147m██[38;2;78;74;71m██[38;2;236;236;230m██[38;2;245;245;241m██[38;2;201;196;191m██[38;2;197;197;196m██[38;2;0;1;3m  [38;2;0;0;0m    [38;2;29;28;28m  [38;2;74;72;72m  [38;2;0;0;0m    
[38;2;0;0;0m                      [38;2;14;14;14m  [38;2;81;78;75m██[38;2;144;131;114m██[38;2;232;209;173m██[38;2;236;213;176m██[38;2;226;200;165m██[38;2;203;179;147m██[38;2;136;122;107m██[38;2;200;199;194m██[38;2;225;223;218m██[38;2;198;194;189m██[38;2;102;102;104m██[38;2;51;52;51m  [38;2;0;0;0m  [38;2;154;153;153m██[38;2;123;111;107m██[38;2;145;128;122m██[38;2;107;99;93m██[38;2;67;67;67m██
[38;2;0;0;0m                        [38;2;132;117;100m██[38;2;202;179;147m██[38;2;205;179;148m██[38;2;206;179;149m██[38;2;205;178;148m██[38;2;160;141;121m██[38;2;71;68;68m██[38;2;152;134;115m██[38;2;186;182;178m██[38;2;138;135;133m██[38;2;2;2;2m██[38;2;0;0;0m    [38;2;85;79;79m██[38;2;203;176;147m██[38;2;196;172;145m██[38;2;131;114;100m██[38;2;2;2;2m  
[38;2;28;28;28m  [38;2;170;160;159m██[38;2;154;144;143m██[38;2;121;114;116m██[38;2;49;45;39m  [38;2;0;0;0m            [38;2;33;33;33m██[38;2;128;127;128m██[38;2;126;109;91m██[38;2;202;179;147m██[38;2;186;166;139m██[38;2;88;79;72m██[38;2;220;213;210m██[38;2;169;150;144m██[38;2;205;178;147m██[38;2;116;105;95m██[38;2;94;82;77m██[38;2;0;0;0m        [38;2;54;46;49m██[38;2;145;126;110m██[38;2;40;35;30m  [38;2;0;0;0m  
[38;2;0;0;0m  ██[38;2;43;35;32m██[38;2;92;74;69m██[38;2;104;84;82m██[38;2;4;4;4m██[38;2;0;0;0m        [38;2;0;2;4m  [38;2;80;72;64m██[38;2;224;215;202m██[38;2;41;35;29m██[38;2;205;178;147m██[38;2;115;114;115m██[38;2;116;105;102m██[38;2;255;255;255m██[38;2;209;189;162m██[38;2;203;179;147m██[38;2;159;137;128m██[38;2;156;135;127m██[38;2;68;63;54m██[38;2;0;1;3m  [38;2;0;0;0m    [38;2;27;23;19m██[38;2;205;178;147m██[38;2;0;0;0m    
[38;2;0;0;0m        [38;2;63;59;58m██[38;2;154;133;126m██[38;2;44;37;35m  [38;2;0;0;0m    [38;2;3;3;2m  [38;2;145;126;108m██[38;2;84;78;73m██[38;2;199;177;153m██[38;2;187;169;146m██[38;2;131;118;104m██[38;2;143;128;113m██[38;2;173;155;138m██[38;2;188;165;139m██[38;2;202;178;148m██[38;2;184;161;139m██[38;2;156;135;127m██[38;2;122;109;101m  [38;2;222;198;162m██[38;2;150;131;110m██[38;2;0;0;0m      [38;2;136;118;98m██[38;2;85;74;61m  [38;2;0;0;0m  
[38;2;0;0;0m            [38;2;152;128;120m██[38;2;158;134;126m██[38;2;4;4;4m██[38;2;159;133;120m██[38;2;132;115;100m██[38;2;184;161;136m██[38;2;158;140;120m██[38;2;90;87;83m██[38;2;98;95;90m██[38;2;191;191;186m██[38;2;65;64;65m██[38;2;198;176;145m██[38;2;202;176;147m██[38;2;156;135;127m██[38;2;154;134;125m██[38;2;130;116;103m██[38;2;205;178;147m██[38;2;146;127;107m██[38;2;94;81;71m██[38;2;2;2;2m  [38;2;1;0;0m  [38;2;137;119;99m██[38;2;119;103;97m  [38;2;0;0;0m  
[38;2;0;0;0m              [38;2;67;59;56m██[38;2;48;42;40m██[38;2;63;55;53m  [38;2;0;0;0m  [38;2;62;55;53m██[38;2;94;86;76m██[38;2;79;78;79m██[38;2;84;83;83m██[38;2;92;91;91m██[38;2;167;166;162m██[38;2;94;84;73m██[38;2;135;114;98m██[38;2;132;111;97m██[38;2;137;116;103m██[38;2;121;106;95m██[38;2;177;153;136m██[38;2;138;120;113m██[38;2;72;61;56m██[38;2;81;68;64m██[38;2;63;54;49m██[38;2;158;135;127m██[38;2;0;0;0m    
[38;2;0;0;0m                          [38;2;122;110;108m██[38;2;75;72;72m██[38;2;65;64;65m██[38;2;77;76;77m██[38;2;75;74;75m██[38;2;143;126;119m██[38;2;156;136;128m████[38;2;152;131;122m██[38;2;80;71;70m██[38;2;31;28;27m  [38;2;0;0;0m            
[38;2;0;0;0m                          [38;2;56;52;52m██[38;2;118;113;110m██[38;2;93;80;68m██[38;2;150;137;122m██[38;2;112;111;110m██[38;2;143;125;119m██[38;2;131;109;95m████[38;2;123;101;90m██[38;2;107;93;90m██[38;2;0;0;0m              
[38;2;0;0;0m                      [38;2;2;2;2m  [38;2;115;100;94m██[38;2;140;122;116m██[38;2;98;83;70m██[38;2;76;73;72m██[38;2;77;73;72m██[38;2;90;81;74m██[38;2;120;98;80m██[38;2;156;135;126m██[38;2;148;127;120m██[38;2;135;112;103m██[38;2;169;142;133m██[38;2;9;8;7m  [38;2;0;0;0m            
[38;2;0;0;0m                      [38;2;20;17;16m██[38;2;167;144;131m██[38;2;150;127;118m██[38;2;93;80;80m██[38;2;85;75;74m██[38;2;138;116;109m██[38;2;147;125;115m██[38;2;129;107;92m██[38;2;123;103;91m██[38;2;156;138;120m██[38;2;215;188;156m██[38;2;205;178;147m██[38;2;87;76;65m██[38;2;0;0;0m            
[38;2;0;0;0m                      [38;2;1;1;1m  [38;2;66;57;54m██[38;2;106;84;80m██[38;2;144;120;113m██[38;2;20;17;16m  [38;2;0;0;0m  [38;2;42;37;36m  [38;2;131;111;104m██[38;2;112;95;86m██[38;2;117;102;85m██[38;2;188;162;134m████[38;2;59;49;39m██[38;2;0;0;0m            
[38;2;0;0;0m                      [38;2;140;137;134m██[38;2;116;109;106m██[38;2;151;140;137m██[38;2;105;95;93m██[38;2;119;111;109m██[38;2;0;0;0m        [38;2;58;50;42m  [38;2;174;152;125m████[38;2;167;148;124m██[38;2;0;0;0m            
[38;2;0;0;0m                          [38;2;38;37;37m  [38;2;192;186;186m██[38;2;0;0;0m          [38;2;51;51;51m  [38;2;144;125;115m██[38;2;158;140;117m██[38;2;132;118;113m██[38;2;0;0;0m            
[38;2;0;0;0m                                        [38;2;62;62;62m  [38;2;35;35;35m  [38;2;0;0;0m  [38;2;66;66;66m██[38;2;0;0;0m            [0m
