
[38;2;0;0;0m          [38;2;0;1;0m  [38;2;18;17;14m██[38;2;0;1;0m  [38;2;0;0;0m                                    
[38;2;0;0;0m        [38;2;18;16;14m  [38;2;73;57;57m██[38;2;15;14;12m  [38;2;0;0;0m                                      
[38;2;0;0;0m      [38;2;21;19;16m  [38;2;94;73;73m██[38;2;23;21;18m██[38;2;0;0;0m              [38;2;0;1;0m  [38;2;40;32;28m████[38;2;30;24;21m  [38;2;0;0;0m                  
[38;2;0;0;0m    [38;2;0;1;0m  [38;2;71;56;55m██[38;2;75;59;58m██[38;2;4;4;3m  [38;2;0;0;0m          [38;2;0;2;0m  [38;2;27;23;18m  [38;2;109;84;74m██[38;2;175;153;82m██[38;2;22;20;16m██[38;2;17;15;12m  [38;2;0;0;0m                  
[38;2;0;0;0m    [38;2;23;21;18m██[38;2;94;74;73m██[38;2;76;61;61m██[38;2;5;7;5m  [38;2;0;0;0m        [38;2;11;10;8m  [38;2;110;83;77m██[38;2;181;150;98m██[38;2;173;153;73m██[38;2;0;1;0m  [38;2;0;0;0m                      
[38;2;0;0;0m    [38;2;23;21;18m██[38;2;94;74;73m██[38;2;68;65;66m██[38;2;59;58;59m██[38;2;0;3;0m    [38;2;0;0;0m  [38;2;0;2;0m  [38;2;119;88;83m██[38;2;169;138;95m██[38;2;193;172;83m██[38;2;8;8;3m  [38;2;0;0;0m                      [38;2;0;3;0m  
[38;2;0;0;0m    [38;2;24;22;6m  [38;2;129;111;55m██[38;2;255;206;65m██[38;2;255;206;63m██[38;2;237;185;65m██[38;2;230;177;65m██[38;2;74;60;25m██[38;2;105;82;80m██[38;2;136;105;92m██[38;2;223;194;102m██[38;2;209;185;90m██[38;2;24;23;10m  [38;2;0;1;0m    [38;2;0;0;0m      [38;2;72;66;31m  [38;2;0;1;0m  [38;2;0;0;0m    [38;2;49;49;22m  [38;2;130;119;58m██[38;2;55;55;24m██
[38;2;0;0;0m  [38;2;0;2;0m  [38;2;221;173;61m██[38;2;255;206;63m████[38;2;255;206;65m██[38;2;232;178;63m██[38;2;230;177;65m██[38;2;91;80;72m██[38;2;129;99;94m██[38;2;159;129;92m██[38;2;245;217;104m██[38;2;246;218;107m██[38;2;230;204;100m██[38;2;225;200;97m██[38;2;165;148;69m██[38;2;0;2;0m  [38;2;0;0;0m  [38;2;56;52;24m  [38;2;241;214;104m██[38;2;0;3;0m  [38;2;0;0;0m  [38;2;56;52;24m  [38;2;236;210;102m██[38;2;189;169;82m██[38;2;3;4;1m  
[38;2;0;1;2m  [38;2;133;130;123m██[38;2;230;177;64m██[38;2;241;189;63m████[38;2;230;177;64m██[38;2;231;177;64m██[38;2;230;177;64m██[38;2;128;106;69m██[38;2;120;96;85m██[38;2;140;108;92m██[38;2;187;158;99m██[38;2;139;125;60m██[38;2;34;33;15m  [38;2;0;2;0m  [38;2;101;93;41m  [38;2;0;3;0m    [38;2;228;200;97m██[38;2;246;218;106m██[38;2;192;171;87m██[38;2;87;80;42m██[38;2;247;218;107m██[38;2;228;200;98m██[38;2;0;3;0m  [38;2;0;0;0m  
[38;2;18;18;9m  [38;2;186;145;64m██[38;2;231;177;63m████████[38;2;73;69;65m██[38;2;191;150;63m██[38;2;229;176;65m██[38;2;107;93;74m██[38;2;68;66;67m██[38;2;21;22;19m██[38;2;0;0;0m      [38;2;0;3;0m  [38;2;0;1;0m  [38;2;135;117;58m  [38;2;231;203;99m██[38;2;233;204;100m██[38;2;245;216;106m██[38;2;245;217;106m██[38;2;247;218;106m██[38;2;67;62;29m██[38;2;0;0;0m    
[38;2;51;44;23m██[38;2;215;184;125m██[38;2;171;137;65m██[38;2;231;177;63m████[38;2;107;93;65m██[38;2;147;138;138m██[38;2;73;70;71m██[38;2;231;177;65m██[38;2;231;177;63m████[38;2;57;47;15m██[38;2;0;0;0m        [38;2;21;20;9m  [38;2;183;163;81m██[38;2;217;189;92m██[38;2;151;135;65m██[38;2;247;218;106m██[38;2;247;218;107m██[38;2;96;87;41m  [38;2;0;0;0m      
[38;2;57;47;16m██[38;2;231;178;65m██[38;2;231;177;63m████████[38;2;65;65;65m██[38;2;189;148;65m██[38;2;255;239;131m██[38;2;236;191;82m██[38;2;231;177;63m██[38;2;199;153;65m██[38;2;0;3;0m  [38;2;0;0;0m      [38;2;47;43;20m██[38;2;189;162;81m██[38;2;0;4;0m██[38;2;0;1;0m  [38;2;63;58;26m██[38;2;192;169;80m██[38;2;0;3;0m  [38;2;0;0;0m      
[38;2;0;0;0m  [38;2;82;65;23m  [38;2;167;133;64m██[38;2;232;177;64m██[38;2;148;119;65m██[38;2;212;164;65m██[38;2;231;177;64m██[38;2;249;223;115m██[38;2;255;239;131m████[38;2;226;173;64m██[38;2;201;154;65m██[38;2;0;3;0m  [38;2;0;0;0m    [38;2;0;3;0m  [38;2;189;162;81m██[38;2;47;43;20m██[38;2;0;0;0m    [38;2;30;28;12m  [38;2;33;30;12m  [38;2;0;0;0m        
[38;2;0;1;0m  [38;2;70;55;55m██[38;2;149;119;66m██[38;2;71;70;70m██[38;2;231;180;71m██[38;2;231;178;65m██[38;2;230;177;63m██[38;2;230;176;65m██[38;2;252;235;129m██[38;2;232;188;81m██[38;2;193;145;65m██[38;2;203;155;65m██[38;2;152;117;50m██[38;2;1;2;1m  [38;2;0;0;0m  [38;2;0;3;0m  [38;2;141;122;61m██[38;2;0;1;0m  [38;2;0;0;0m                
[38;2;0;1;0m  [38;2;70;55;55m██[38;2;81;64;68m██[38;2;115;115;107m██[38;2;246;241;205m██[38;2;243;224;154m██[38;2;236;192;65m██[38;2;161;130;65m██[38;2;145;117;65m██[38;2;203;153;65m██[38;2;214;163;65m██[38;2;226;174;65m██[38;2;155;120;72m██[38;2;26;23;20m██[38;2;0;0;0m  [38;2;0;1;0m  [38;2;88;77;38m██[38;2;26;25;11m  [38;2;0;0;0m                
[38;2;0;0;0m  [38;2;0;2;0m    [38;2;5;5;4m  [38;2;247;244;215m██[38;2;247;247;218m██[38;2;201;201;183m██[38;2;114;91;87m██[38;2;138;104;89m██[38;2;213;159;61m██[38;2;220;170;65m██[38;2;231;177;63m████[38;2;204;155;65m██[38;2;0;3;0m  [38;2;0;0;0m  [38;2;12;17;16m  [38;2;68;78;89m██[38;2;6;11;9m████[38;2;0;0;0m            
[38;2;0;0;0m    [38;2;0;1;0m  [38;2;111;90;50m██[38;2;164;162;147m██[38;2;246;246;219m██[38;2;229;229;206m██[38;2;112;102;98m██[38;2;91;78;76m██[38;2;120;99;64m██[38;2;182;144;64m██[38;2;230;177;63m██[38;2;231;177;63m██[38;2;170;130;69m██[38;2;56;47;45m  [38;2;0;0;0m    [38;2;0;1;0m  [38;2;30;37;41m████[38;2;43;51;59m██[38;2;8;11;10m  [38;2;0;0;0m        
[38;2;0;0;0m    [38;2;47;39;16m██[38;2;191;145;65m██[38;2;117;112;98m██[38;2;238;235;203m██[38;2;232;225;193m██[38;2;206;186;140m██[38;2;201;182;137m██[38;2;108;99;82m██[38;2;230;177;63m██████[38;2;198;151;67m██[38;2;92;75;65m██[38;2;26;25;22m██[38;2;0;0;0m        [38;2;26;31;33m██[38;2;20;26;26m██[38;2;0;0;0m        
[38;2;0;0;0m    [38;2;16;14;5m  [38;2;160;122;52m██[38;2;177;138;67m██[38;2;123;109;78m██[38;2;137;126;103m██[38;2;206;187;140m██[38;2;171;157;121m██[38;2;160;124;65m██[38;2;212;161;65m██[38;2;231;177;63m██[38;2;224;171;63m██[38;2;196;147;65m██[38;2;89;74;46m██[38;2;55;54;56m██[38;2;43;43;43m██[38;2;10;12;10m  [38;2;0;2;0m  [38;2;32;32;32m  [38;2;66;70;74m██[38;2;6;9;9m  [38;2;0;0;0m        
[38;2;0;0;0m      [38;2;10;12;16m  [38;2;146;107;73m██[38;2;165;118;65m██[38;2;141;110;49m██[38;2;0;3;0m    [38;2;117;91;40m  [38;2;192;146;63m████[38;2;191;146;63m██[38;2;164;127;57m██[38;2;0;2;0m    [38;2;16;21;22m  [38;2;64;74;88m██████[38;2;0;2;0m  [38;2;0;0;0m          
[38;2;0;0;0m  [38;2;0;2;0m  [38;2;63;53;52m██[38;2;78;61;59m██[38;2;92;74;66m██[38;2;70;57;31m██[38;2;43;35;15m  [38;2;0;0;0m      [38;2;69;58;33m██[38;2;104;88;63m██[38;2;167;120;64m██[38;2;124;89;48m██[38;2;0;2;0m  [38;2;0;0;0m    [38;2;0;1;0m      [38;2;0;0;0m            
[38;2;0;0;0m    [38;2;0;6;0m  [38;2;0;3;0m    [38;2;0;0;0m        [38;2;0;3;0m  [38;2;90;74;75m██[38;2;88;73;66m██[38;2;68;61;62m██[38;2;112;80;50m██[38;2;0;2;0m  [38;2;0;0;0m                      
[38;2;0;0;0m                    [38;2;23;25;19m████[38;2;12;15;10m  [38;2;0;1;0m  [38;2;0;0;0m                        [0m
