
[38;2;0;0;0m                              [38;2;54;38;55m████[38;2;35;24;35m  [38;2;0;0;0m                  
[38;2;0;0;0m                            [38;2;83;60;86m  [38;2;208;149;213m████[38;2;189;134;192m██[38;2;47;32;47m  [38;2;0;0;0m                
[38;2;0;0;0m                        [38;2;20;14;20m  [38;2;64;45;64m██[38;2;130;99;130m██[38;2;208;149;213m██[38;2;210;146;212m██[38;2;95;75;95m██[38;2;64;51;64m██[38;2;0;0;0m                
[38;2;0;0;0m          [38;2;138;136;144m  [38;2;102;100;106m  [38;2;0;0;0m  [38;2;210;210;210m██[38;2;21;21;21m  [38;2;0;0;0m    [38;2;94;67;96m██[38;2;208;149;213m██[38;2;108;82;108m██[38;2;160;107;160m██[38;2;161;107;161m██[38;2;144;96;144m██[38;2;102;83;102m██[38;2;159;117;167m██[38;2;29;25;36m  [38;2;0;0;0m            
[38;2;0;0;0m        [38;2;7;7;7m  [38;2;132;130;136m██[38;2;136;134;141m██[38;2;238;237;239m██[38;2;206;205;206m██[38;2;200;200;200m██[38;2;0;0;0m    [38;2;46;32;47m  [38;2;169;123;177m██[38;2;121;87;121m██[38;2;117;86;120m██[38;2;119;86;121m██[38;2;93;75;93m██[38;2;130;99;132m██[38;2;202;144;207m██[38;2;71;55;74m██[38;2;0;1;0m  [38;2;0;0;0m          
[38;2;0;0;0m    [38;2;30;30;30m██[38;2;19;18;19m  [38;2;74;73;74m██[38;2;110;110;110m██[38;2;71;70;71m██[38;2;88;84;89m██[38;2;77;75;77m██[38;2;135;137;135m██[38;2;123;123;123m  [38;2;0;0;0m  [38;2;41;32;47m  [38;2;141;108;157m██[38;2;150;99;150m██[38;2;102;89;111m██[38;2;160;112;164m██[38;2;150;98;151m██[38;2;97;79;102m██[38;2;89;77;89m██[38;2;156;120;165m██[38;2;93;73;101m  [38;2;95;110;109m  [38;2;0;0;0m        
[38;2;0;0;0m    [38;2;13;13;13m  [38;2;113;115;113m██[38;2;92;93;92m██[38;2;112;112;112m██[38;2;105;105;105m██[38;2;113;114;113m██[38;2;111;110;111m██[38;2;136;131;136m██[38;2;255;255;255m██[38;2;34;36;36m██[38;2;129;95;141m██[38;2;129;93;139m██[38;2;138;109;156m██[38;2;207;148;212m  [38;2;183;130;188m██[38;2;174;121;179m██[38;2;207;149;213m██[38;2;86;77;101m██[38;2;192;139;199m██[38;2;163;116;165m██[38;2;13;12;13m  [38;2;93;108;107m██[38;2;19;22;21m  [38;2;54;73;77m  [38;2;0;0;0m  
[38;2;0;0;0m    [38;2;25;22;18m██[38;2;104;103;103m██[38;2;113;113;113m██[38;2;116;116;116m██[38;2;98;99;98m██[38;2;69;68;83m██[38;2;138;137;147m██[38;2;253;253;253m██[38;2;255;255;255m██[38;2;238;237;238m██[38;2;129;102;134m██[38;2;195;143;205m██[38;2;107;90;130m██[38;2;205;148;212m██[38;2;200;144;207m██[38;2;197;144;206m██[38;2;104;89;128m██[38;2;189;131;198m██[38;2;82;61;83m██[38;2;126;86;126m██[38;2;0;0;0m  [38;2;2;3;3m  [38;2;109;126;126m██[38;2;140;188;198m██[38;2;0;0;0m  
[38;2;0;0;0m  [38;2;21;21;21m  [38;2;116;118;115m██[38;2;88;88;87m██[38;2;119;109;110m██[38;2;98;68;73m██[38;2;128;126;110m██[38;2;220;210;105m██[38;2;178;175;155m██[38;2;255;255;255m████[38;2;234;231;234m██[38;2;106;82;107m██[38;2;150;100;152m██[38;2;150;99;150m██[38;2;118;90;133m████[38;2;123;93;137m██[38;2;181;127;186m██[38;2;141;102;144m██[38;2;94;66;95m██[38;2;0;1;0m  [38;2;0;0;0m  [38;2;18;25;26m  [38;2;95;116;117m██[38;2;148;171;170m  [38;2;24;27;27m  
[38;2;40;47;46m██[38;2;81;89;89m██[38;2;101;96;113m██[38;2;116;115;117m██[38;2;138;136;127m██[38;2;148;91;99m██[38;2;227;226;198m██[38;2;132;130;103m██[38;2;251;251;213m██[38;2;255;255;255m██[38;2;231;229;235m██[38;2;119;117;119m██[38;2;66;66;66m██[38;2;68;65;68m████[38;2;150;99;150m████[38;2;143;96;143m██[38;2;68;65;68m██[38;2;68;54;68m██[38;2;1;3;1m  [38;2;0;0;0m        [38;2;127;147;147m██[38;2;0;0;0m  
[38;2;2;1;0m  [38;2;134;165;163m██[38;2;128;145;158m██[38;2;92;95;96m██[38;2;140;141;147m██[38;2;195;209;211m██[38;2;175;195;199m██[38;2;140;151;155m██[38;2;180;186;191m██[38;2;202;197;209m██[38;2;168;166;175m  [38;2;155;142;67m██[38;2;221;200;68m██[38;2;189;161;79m████[38;2;122;109;68m██[38;2;127;120;65m██[38;2;152;145;69m██[38;2;144;165;164m██[38;2;118;131;131m██[38;2;110;127;126m██[38;2;0;0;0m            
[38;2;46;62;66m██[38;2;179;242;255m██[38;2;101;109;113m██[38;2;186;237;249m██[38;2;183;242;254m██[38;2;179;242;255m██[38;2;143;160;168m██[38;2;65;64;65m██[38;2;197;194;205m████[38;2;147;135;99m██[38;2;252;231;65m██[38;2;161;149;65m██[38;2;255;238;65m██[38;2;101;97;64m██[38;2;239;223;56m██[38;2;174;160;60m██[38;2;254;238;63m██[38;2;153;143;45m██[38;2;0;0;0m████            
[38;2;31;38;40m██[38;2;50;56;58m██[38;2;152;162;166m██[38;2;112;133;138m██[38;2;181;241;254m██[38;2;82;90;93m██[38;2;113;119;121m██[38;2;153;155;160m██[38;2;155;155;160m██[38;2;153;141;103m██[38;2;236;217;67m██[38;2;254;236;63m██[38;2;150;140;61m██[38;2;164;155;65m██[38;2;177;166;60m██[38;2;108;102;61m██[38;2;228;212;62m██[38;2;170;161;64m██[38;2;103;96;31m██[38;2;0;0;0m                
[38;2;0;0;0m    [38;2;197;197;197m██[38;2;65;64;65m██[38;2;107;126;131m██[38;2;86;94;97m██[38;2;197;194;205m██████[38;2;192;167;98m██[38;2;252;235;63m██[38;2;253;237;63m██[38;2;254;238;64m██[38;2;89;87;66m██[38;2;249;232;65m██[38;2;247;230;65m██[38;2;255;238;65m██[38;2;96;92;64m██[38;2;252;235;64m██[38;2;0;0;0m                
[38;2;0;0;0m    [38;2;78;78;78m  [38;2;29;29;29m  [38;2;191;187;191m██[38;2;177;174;184m██[38;2;179;178;188m██[38;2;194;189;202m██[38;2;199;194;208m██[38;2;250;250;251m██[38;2;226;207;130m██[38;2;159;150;65m██[38;2;203;192;80m██[38;2;218;209;97m██[38;2;168;144;73m██[38;2;72;70;65m██[38;2;255;238;65m██[38;2;192;177;59m██[38;2;141;129;56m██[38;2;0;0;0m                
[38;2;0;0;0m        [38;2;54;45;24m  [38;2;177;147;80m██[38;2;195;190;198m██[38;2;138;136;144m██[38;2;141;139;147m██[38;2;73;72;76m██[38;2;225;213;178m██[38;2;85;82;65m██[38;2;160;151;62m██[38;2;0;0;0m  [38;2;83;70;36m  [38;2;166;141;72m  [38;2;129;120;33m  [38;2;241;225;62m██[38;2;251;234;65m██[38;2;14;12;6m  [38;2;0;0;0m              
[38;2;0;0;0m          [38;2;158;133;69m██[38;2;180;153;130m  [38;2;87;86;91m██[38;2;0;0;0m  [38;2;23;23;24m  [38;2;221;213;171m██[38;2;114;106;62m██[38;2;167;154;52m██[38;2;0;0;0m      [38;2;0;0;3m  [38;2;46;42;16m██[38;2;161;144;70m██[38;2;116;99;55m██[38;2;0;0;1m  [38;2;0;0;0m            
[38;2;0;0;0m        [38;2;8;7;3m  [38;2;164;140;71m██[38;2;176;137;83m██[38;2;19;15;9m██[38;2;0;0;0m    [38;2;85;78;54m██[38;2;244;228;60m██[38;2;111;101;47m██[38;2;0;0;0m██    [38;2;0;0;1m  [38;2;45;41;17m██[38;2;194;165;76m██[38;2;170;145;80m██[38;2;9;7;6m  [38;2;0;0;0m            
[38;2;0;0;0m        [38;2;63;53;26m██[38;2;189;161;79m██[38;2;143;122;62m██[38;2;7;6;3m  [38;2;0;0;0m    [38;2;113;105;28m██[38;2;141;129;65m██[38;2;192;177;63m██[38;2;0;0;0m██    [38;2;0;0;8m  [38;2;171;159;73m██[38;2;204;188;83m██[38;2;189;161;79m██[38;2;69;59;29m██[38;2;0;0;0m            
[38;2;0;0;0m      [38;2;35;31;25m  [38;2;159;144;106m██[38;2;189;161;78m██[38;2;119;101;51m██[38;2;0;0;0m    [38;2;41;38;10m  [38;2;254;238;63m██[38;2;254;237;64m██[38;2;75;68;28m██[38;2;0;0;0m      [38;2;128;128;128m██[38;2;147;147;147m██[38;2;177;177;177m██[38;2;138;118;60m██[38;2;0;0;0m              
[38;2;0;0;0m    [38;2;13;13;13m  [38;2;168;166;164m██[38;2;150;139;112m██[38;2;189;161;81m██[38;2;64;58;44m██[38;2;0;0;0m    [38;2;151;147;97m██[38;2;190;184;106m██[38;2;253;237;67m██[38;2;132;123;33m██[38;2;0;0;0m      [38;2;19;19;19m  [38;2;74;74;74m██[38;2;60;60;60m██[38;2;0;0;0m                
[38;2;0;0;0m                [38;2;101;101;101m██[38;2;133;134;133m██[38;2;196;195;159m██[38;2;146;146;147m██[38;2;103;96;26m  [38;2;0;0;0m                            
[38;2;0;0;0m                [38;2;27;26;27m  [38;2;35;35;35m██[38;2;51;50;51m██[38;2;65;65;65m██[38;2;0;0;0m                              [0m
