
[38;2;0;0;0m                  [38;2;25;42;44m██[38;2;8;14;15m  [38;2;0;0;0m                              
[38;2;0;0;0m                  [38;2;94;156;166m██[38;2;32;54;57m██[38;2;0;0;0m                              
[38;2;0;0;0m                [38;2;51;83;86m██[38;2;70;116;117m██[38;2;16;27;27m  [38;2;0;0;0m      [38;2;16;26;21m  [38;2;13;21;17m  [38;2;0;0;0m                    
[38;2;0;0;0m              [38;2;2;4;4m  [38;2;70;115;117m██[38;2;65;107;108m██[38;2;0;0;0m      [38;2;13;21;17m  [38;2;55;90;72m██[38;2;37;60;48m██[38;2;0;0;0m                    
[38;2;0;0;0m              [38;2;33;55;56m██[38;2;71;121;122m██[38;2;36;60;61m  [38;2;0;0;0m      [38;2;33;53;43m██[38;2;56;91;73m██[38;2;0;0;0m                      
[38;2;0;0;0m              [38;2;73;121;123m██[38;2;71;121;123m██[38;2;30;55;51m  [38;2;0;1;0m  [38;2;0;0;0m  [38;2;40;65;52m  [38;2;56;91;73m██[38;2;11;19;15m██[38;2;0;0;0m                      
[38;2;0;0;0m            [38;2;36;60;61m██[38;2;72;121;122m██[38;2;71;121;122m██[38;2;53;94;92m██[38;2;42;74;72m██[38;2;34;55;45m██[38;2;55;91;73m██[38;2;41;66;54m██[38;2;0;0;0m                        
[38;2;0;0;0m          [38;2;3;7;7m  [38;2;72;119;121m██[38;2;71;121;123m██████[38;2;72;121;123m██[38;2;72;110;112m██[38;2;57;84;73m██[38;2;0;0;0m                          
[38;2;0;0;0m        [38;2;18;30;31m  [38;2;64;88;87m██[38;2;68;99;99m██[38;2;71;121;123m██[38;2;71;121;122m██[38;2;70;117;118m██[38;2;67;86;87m██[38;2;66;87;87m██[38;2;65;78;76m██[38;2;25;40;32m  [38;2;0;0;0m                        
[38;2;0;0;0m        [38;2;40;56;55m██[38;2;58;77;68m██[38;2;65;104;101m██[38;2;70;119;121m██[38;2;80;83;84m██[38;2;111;77;83m██[38;2;254;122;138m██[38;2;254;123;139m██[38;2;254;90;125m██[38;2;85;64;70m██[38;2;21;26;26m██[38;2;33;55;56m██[38;2;92;152;162m██[38;2;95;157;166m██[38;2;70;118;124m██[38;2;12;22;21m██[38;2;0;0;0m            
[38;2;0;0;0m        [38;2;67;98;98m██[38;2;70;120;120m██[38;2;56;97;90m██[38;2;80;93;95m██[38;2;202;70;98m██[38;2;255;99;127m██[38;2;212;87;105m██[38;2;254;102;131m██[38;2;254;88;123m██[38;2;203;73;104m██[38;2;70;112;114m██[38;2;74;125;128m██[38;2;90;151;162m██[38;2;95;157;167m██[38;2;95;158;168m██[38;2;92;151;160m██[38;2;48;79;81m  [38;2;0;0;0m          
[38;2;0;0;0m        [38;2;66;92;91m██[38;2;70;111;111m██[38;2;76;93;92m██[38;2;128;75;93m  [38;2;212;67;96m██[38;2;227;80;108m██[38;2;224;81;110m██[38;2;189;65;88m██[38;2;238;71;109m██[38;2;65;83;81m██[38;2;70;115;116m██[38;2;60;106;105m██[38;2;72;128;131m██[38;2;93;156;166m██[38;2;94;156;166m██[38;2;95;156;167m██[38;2;92;151;162m██[38;2;9;15;16m  [38;2;0;0;0m        
[38;2;0;0;0m        [38;2;58;79;70m██[38;2;60;86;78m██[38;2;137;76;91m██[38;2;195;81;123m██[38;2;178;119;177m██[38;2;235;69;106m██[38;2;162;124;184m██[38;2;214;67;101m██[38;2;219;68;99m██[38;2;66;79;80m██[38;2;71;121;122m██[38;2;71;121;123m██[38;2;63;111;109m██[38;2;62;112;113m██[38;2;93;154;163m██[38;2;95;157;167m██[38;2;94;155;165m██[38;2;30;51;54m██[38;2;0;0;0m        
[38;2;0;0;0m  [38;2;59;97;99m██[38;2;0;0;0m    [38;2;32;59;51m██[38;2;70;120;121m██[38;2;100;104;138m██[38;2;252;73;116m██[38;2;232;86;133m██[38;2;207;101;153m██[38;2;254;73;116m██[38;2;254;73;117m████[38;2;219;70;105m██[38;2;79;96;100m██[38;2;71;121;123m██[38;2;71;121;122m██[38;2;71;121;123m██[38;2;45;88;79m██[38;2;57;104;100m██[38;2;71;121;123m██[38;2;31;51;52m██[38;2;0;0;0m        
[38;2;0;0;0m  [38;2;65;97;93m██[38;2;0;0;0m    [38;2;54;93;76m██[38;2;70;120;121m██[38;2;160;68;89m██[38;2;254;72;115m██[38;2;244;78;123m██[38;2;231;87;134m██[38;2;254;72;115m██[38;2;239;70;108m██[38;2;233;69;105m██[38;2;254;73;116m██[38;2;101;80;86m██[38;2;67;100;100m██[38;2;71;121;123m██████████[38;2;65;110;112m██[38;2;0;0;0m        
[38;2;6;9;7m  [38;2;51;66;63m██[38;2;45;60;56m██[38;2;53;85;68m██[38;2;60;77;69m██[38;2;67;101;99m██[38;2;93;65;68m██[38;2;214;72;108m██[38;2;189;96;141m██[38;2;254;73;116m██[38;2;254;72;115m██[38;2;178;63;82m  [38;2;182;65;90m██[38;2;238;70;114m██[38;2;184;67;94m██[38;2;68;106;106m██[38;2;71;121;122m██[38;2;62;109;108m██[38;2;71;121;122m████[38;2;69;119;120m██[38;2;46;89;81m██[38;2;0;0;0m        
[38;2;15;24;19m██[38;2;63;69;66m██[38;2;55;90;73m██[38;2;56;93;73m██[38;2;112;73;96m██[38;2;67;74;70m██[38;2;123;68;99m██[38;2;245;71;112m██[38;2;213;67;97m██[38;2;176;63;80m██[38;2;196;65;89m██[38;2;250;71;114m██[38;2;213;68;109m██[38;2;155;47;72m██[38;2;91;63;72m██[38;2;65;67;68m██[38;2;70;114;116m██[38;2;35;73;61m██[38;2;69;119;120m██[38;2;71;121;122m██[38;2;70;120;122m██[38;2;49;91;83m██[38;2;26;59;50m  [38;2;0;0;0m      
[38;2;16;21;18m██[38;2;59;77;69m██[38;2;57;81;70m██[38;2;59;76;69m██[38;2;149;69;115m██[38;2;188;72;138m██[38;2;142;62;100m██[38;2;49;35;37m  [38;2;209;66;111m██[38;2;212;72;123m██[38;2;178;66;120m██[38;2;189;71;137m██[38;2;189;72;137m██[38;2;181;67;128m██[38;2;153;61;103m██[38;2;108;65;83m██[38;2;72;115;116m██[38;2;62;110;108m██[38;2;70;120;121m██[38;2;71;121;122m██[38;2;71;121;123m██[38;2;59;106;103m██[38;2;37;74;63m██[38;2;18;33;31m██[38;2;0;0;0m    
[38;2;0;0;0m  [38;2;43;73;59m██[38;2;58;81;71m██[38;2;172;71;128m██[38;2;160;57;97m██[38;2;182;69;133m██[38;2;0;0;0m    [38;2;66;48;46m██[38;2;123;61;79m██[38;2;190;63;127m██[38;2;173;64;117m██[38;2;120;53;68m██[38;2;189;69;116m██[38;2;239;71;114m██[38;2;70;88;82m██[38;2;56;83;79m██[38;2;30;50;50m  [38;2;71;120;122m██[38;2;51;96;90m██[38;2;71;121;123m████[38;2;66;115;115m██[38;2;34;67;59m██[38;2;1;5;2m  [38;2;0;0;0m  
[38;2;0;0;0m  [38;2;19;32;26m  [38;2;67;62;66m██[38;2;175;67;129m██[38;2;31;11;19m  [38;2;0;0;0m    [38;2;2;2;2m██[38;2;65;74;64m██[38;2;68;74;62m██[38;2;80;71;74m██[38;2;77;90;86m██[38;2;110;70;89m██[38;2;89;88;100m██[38;2;75;79;75m██[38;2;46;66;57m██[38;2;2;4;3m  [38;2;11;19;19m  [38;2;70;120;120m██[38;2;63;111;108m██[38;2;49;94;87m██[38;2;71;121;123m██[38;2;71;121;122m██[38;2;60;104;104m██[38;2;57;99;98m██[38;2;0;0;0m  
[38;2;0;0;0m                [38;2;29;47;38m  [38;2;47;65;56m  [38;2;31;46;44m  [38;2;12;20;21m  [38;2;69;117;119m██[38;2;65;110;112m██[38;2;57;93;81m██[38;2;38;37;38m  [38;2;0;0;0m  [38;2;28;47;46m██[38;2;44;76;74m██[38;2;31;55;55m  [38;2;71;121;122m██[38;2;51;95;88m██[38;2;39;81;69m██[38;2;66;115;116m██[38;2;38;77;61m██[38;2;15;24;19m██
[38;2;0;0;0m                        [38;2;19;31;31m  [38;2;5;8;7m  [38;2;22;24;23m██[38;2;0;0;0m          [38;2;72;117;119m██[38;2;53;87;89m██[38;2;69;118;120m██[38;2;51;91;79m██[38;2;49;81;64m██[38;2;5;8;7m  
[38;2;0;0;0m                                            [38;2;72;118;120m██[38;2;20;34;34m  [38;2;37;59;48m  [38;2;0;0;0m  
[38;2;0;0;0m                                            [38;2;17;28;29m  [38;2;0;0;0m      [0m
