
[38;2;0;0;0m                [38;2;23;23;29m  [38;2;0;0;0m    [38;2;5;5;5m  [38;2;25;25;25m  [38;2;0;0;0m                                          
[38;2;0;0;0m                [38;2;90;89;115m██[38;2;0;0;0m    [38;2;94;103;113m██[38;2;97;97;97m██[38;2;0;0;0m                                          
[38;2;0;0;0m              [38;2;0;0;2m  [38;2;115;114;140m██[38;2;51;51;65m  [38;2;40;41;42m  [38;2;250;251;251m██[38;2;102;104;106m██[38;2;0;0;0m          [38;2;60;60;60m  [38;2;51;51;52m  [38;2;0;0;0m    [38;2;48;49;62m  [38;2;29;29;38m  [38;2;0;0;0m                    
[38;2;0;0;0m              [38;2;0;0;7m  [38;2;208;209;233m██[38;2;175;177;224m██[38;2;182;185;188m██[38;2;252;252;252m██[38;2;224;228;231m██[38;2;202;204;207m██[38;2;67;67;67m  [38;2;0;0;0m    [38;2;54;54;54m  [38;2;245;245;245m██[38;2;170;171;175m██[38;2;146;144;181m██[38;2;56;56;71m  [38;2;88;90;112m██[38;2;18;18;23m  [38;2;0;0;0m                    
[38;2;0;0;0m              [38;2;247;247;247m██[38;2;204;205;225m██[38;2;102;117;129m██[38;2;255;255;255m██████[38;2;251;251;253m  [38;2;228;229;246m██[38;2;47;47;61m  [38;2;0;0;0m  [38;2;129;129;129m██[38;2;193;195;235m██[38;2;81;80;104m  [38;2;0;0;0m  [38;2;91;89;111m██[38;2;3;3;3m  [38;2;0;0;0m                      
[38;2;0;0;0m              [38;2;247;247;247m██[38;2;243;244;245m██[38;2;232;234;236m██[38;2;180;187;200m██[38;2;125;137;159m██[38;2;210;209;242m██[38;2;190;188;234m██[38;2;180;181;230m██[38;2;172;174;221m██[38;2;199;200;211m██[38;2;238;237;249m██[38;2;182;180;231m██[38;2;0;0;0m                              
[38;2;12;15;18m  [38;2;45;57;69m██[38;2;86;87;86m██[38;2;225;226;230m██[38;2;251;252;255m██[38;2;108;108;108m██[38;2;81;81;81m██[38;2;133;135;169m██[38;2;242;242;243m██[38;2;225;226;244m  [38;2;188;197;203m██[38;2;146;149;159m██[38;2;123;124;141m██[38;2;98;99;118m██[38;2;12;14;15m  [38;2;125;126;161m██[38;2;178;179;230m██[38;2;161;161;207m██[38;2;23;23;29m  [38;2;0;0;0m  [38;2;54;60;70m  [38;2;39;43;50m  [38;2;0;0;0m                        
[38;2;5;6;5m  [38;2;47;58;65m██[38;2;119;144;178m██[38;2;103;106;126m██[38;2;191;193;219m██[38;2;248;249;253m██[38;2;245;245;245m██[38;2;70;69;78m██[38;2;247;249;251m██[38;2;239;240;245m██[38;2;85;97;102m██[38;2;117;152;219m██[38;2;123;140;189m██[38;2;17;23;28m  [38;2;0;0;0m  [38;2;4;4;5m  [38;2;20;19;25m██[38;2;14;14;18m  [38;2;0;0;0m    [38;2;66;67;71m██[38;2;106;113;126m██[38;2;153;168;197m██[38;2;137;139;137m██[38;2;226;226;226m██[38;2;0;0;0m                  
[38;2;19;23;28m  [38;2;99;121;146m██[38;2;131;129;149m  [38;2;171;172;216m██[38;2;177;179;228m██[38;2;178;179;227m██[38;2;166;165;162m██[38;2;251;251;251m██[38;2;151;168;196m██[38;2;137;158;214m██[38;2;115;151;217m██[38;2;178;179;227m██[38;2;161;162;180m██[38;2;128;128;128m  [38;2;0;0;0m          [38;2;114;114;114m██[38;2;130;136;155m██[38;2;110;113;130m██[38;2;112;111;133m██[38;2;147;151;188m██[38;2;220;222;243m██[38;2;223;224;244m██[38;2;177;179;230m  [38;2;121;119;154m██[38;2;73;72;94m████████[38;2;0;0;0m    
[38;2;0;0;0m  [38;2;4;5;7m  [38;2;67;66;86m██[38;2;180;178;230m██[38;2;103;117;133m██[38;2;173;172;222m██[38;2;132;130;157m██[38;2;111;115;129m██[38;2;173;179;227m██[38;2;177;179;228m██[38;2;101;101;106m██[38;2;166;167;211m██[38;2;7;7;6m  [38;2;0;0;0m          [38;2;187;187;187m  [38;2;227;228;243m██[38;2;169;171;216m██[38;2;177;180;227m██[38;2;178;179;228m██[38;2;172;175;220m██[38;2;177;179;227m██[38;2;177;179;228m██[38;2;175;178;225m██[38;2;104;117;133m██[38;2;110;123;142m██[38;2;181;178;230m██[38;2;179;178;231m██[38;2;173;181;231m██[38;2;167;164;213m██[38;2;44;43;56m  
[38;2;0;0;0m      [38;2;85;84;109m  [38;2;131;129;167m██[38;2;138;145;177m██[38;2;159;159;203m██[38;2;118;119;142m██[38;2;18;20;18m  [38;2;36;37;45m██[38;2;154;155;192m██[38;2;141;148;180m██[38;2;44;44;55m██[38;2;0;0;0m        [38;2;150;150;150m  [38;2;227;228;246m██[38;2;178;179;230m██[38;2;110;111;141m██[38;2;129;131;165m██[38;2;144;146;183m██[38;2;179;179;229m██[38;2;178;179;228m████[38;2;143;151;184m██[38;2;181;178;231m██[38;2;176;174;225m██[38;2;134;142;171m██[38;2;126;134;161m██[38;2;51;55;57m██[38;2;0;0;0m    
[38;2;0;0;0m        [38;2;2;2;3m  [38;2;6;6;8m██[38;2;86;88;108m██[38;2;181;178;231m██[38;2;0;0;0m    [38;2;104;102;132m██[38;2;105;118;135m██[38;2;69;68;88m██[38;2;0;0;0m        [38;2;235;235;248m██[38;2;177;180;230m██[38;2;6;6;8m██[38;2;0;0;1m  [38;2;5;5;6m  [38;2;163;167;208m██[38;2;83;82;106m██[38;2;178;179;228m██[38;2;179;179;229m██[38;2;175;173;224m██[38;2;101;115;129m██[38;2;108;120;138m██[38;2;179;179;229m██[38;2;177;179;227m██[38;2;175;176;223m██[38;2;0;0;0m    
[38;2;0;0;0m              [38;2;172;174;221m██[38;2;89;89;113m██[38;2;0;0;0m  [38;2;19;18;19m  [38;2;119;131;143m██[38;2;97;108;124m██[38;2;29;26;25m  [38;2;0;0;0m    [38;2;187;187;187m██[38;2;154;156;200m██[38;2;19;19;24m  [38;2;0;0;0m            [38;2;93;92;119m████[38;2;142;140;181m██[38;2;177;175;226m██[38;2;136;146;177m██[38;2;44;50;57m  [38;2;0;0;0m      
[38;2;0;0;0m                [38;2;181;178;231m██[38;2;0;0;0m    [38;2;65;65;65m████[38;2;102;128;163m██[38;2;0;0;0m  [38;2;52;55;65m██[38;2;200;198;237m██[38;2;133;130;169m██[38;2;0;0;0m                    ████        
[38;2;0;0;0m                [38;2;43;42;55m  [38;2;127;126;151m██[38;2;114;117;121m██[38;2;99;109;121m██[38;2;101;115;133m██[38;2;177;176;177m██[38;2;171;171;171m██[38;2;208;206;234m  [38;2;110;109;135m██[38;2;0;0;0m                                  
[38;2;0;0;0m                  [38;2;233;238;234m██[38;2;189;195;201m██[38;2;233;237;243m██[38;2;205;206;208m██[38;2;93;92;93m██[38;2;255;255;255m██[38;2;145;143;184m██[38;2;0;0;0m    [38;2;70;67;60m  [38;2;0;0;0m          [38;2;9;9;9m  [38;2;4;4;4m██[38;2;0;0;0m                
[38;2;0;0;0m                  [38;2;7;7;7m██[38;2;255;255;255m██[38;2;223;224;244m██[38;2;190;189;190m██[38;2;183;182;183m██[38;2;255;255;255m██[38;2;221;222;223m██[38;2;25;25;27m  [38;2;0;0;0m  [38;2;202;202;202m██[38;2;60;59;70m██[38;2;15;15;18m  [38;2;105;117;123m██[38;2;9;10;10m  [38;2;141;141;141m██[38;2;251;251;251m██[38;2;112;120;127m██[38;2;0;0;0m                
[38;2;0;0;0m                    [38;2;142;142;142m██[38;2;255;255;255m██[38;2;210;212;240m██[38;2;255;255;255m████[38;2;177;179;227m██[38;2;167;168;180m██[38;2;79;80;81m██[38;2;194;198;199m██[38;2;116;114;123m██[38;2;100;95;100m██[38;2;119;124;127m██[38;2;193;213;227m██[38;2;149;148;149m██[38;2;255;255;255m██[38;2;240;240;240m██[38;2;234;234;234m██[38;2;13;13;17m██[38;2;18;18;18m██[38;2;164;164;164m██[38;2;220;220;220m██[38;2;18;18;18m██[38;2;0;0;0m    
[38;2;0;0;0m                    [38;2;117;119;134m██[38;2;255;255;255m██████[38;2;223;224;244m██[38;2;167;166;209m██[38;2;168;168;171m██[38;2;254;254;255m██[38;2;114;115;107m██[38;2;148;146;177m██[38;2;150;157;162m██[38;2;109;113;117m██[38;2;245;245;245m██[38;2;162;162;162m██[38;2;142;142;142m██[38;2;134;133;163m██[38;2;135;135;165m██[38;2;179;179;229m██[38;2;209;209;210m██[38;2;161;161;161m██[38;2;103;103;103m██[38;2;206;206;206m██[38;2;151;151;151m██[38;2;40;40;40m  
[38;2;0;0;0m                  [38;2;5;5;6m██[38;2;120;122;154m██[38;2;172;175;215m██[38;2;246;246;252m██[38;2;236;236;248m██[38;2;171;174;222m██[38;2;165;163;198m██[38;2;214;213;210m██[38;2;255;255;255m████[38;2;152;150;183m██[38;2;157;155;193m██[38;2;137;134;167m██[38;2;231;233;234m██[38;2;167;168;169m██[38;2;177;174;226m██[38;2;29;30;29m  [38;2;56;59;72m██[38;2;158;159;202m██[38;2;0;0;7m  [38;2;0;0;2m  [38;2;0;0;0m        
[38;2;0;0;0m                  [38;2;1;1;2m  [38;2;130;128;166m██[38;2;138;136;166m██[38;2;153;153;189m██[38;2;178;179;228m██[38;2;124;134;159m██[38;2;143;146;146m██[38;2;252;253;255m██[38;2;255;255;255m██[38;2;216;217;242m██[38;2;178;179;227m██[38;2;89;85;89m██[38;2;125;127;141m██[38;2;184;206;216m██[38;2;91;95;98m██[38;2;177;174;226m██[38;2;0;0;0m                  
[38;2;0;0;0m                      [38;2;156;153;199m██[38;2;119;118;129m██[38;2;245;245;251m██[38;2;180;183;231m██[38;2;92;88;94m██[38;2;222;222;239m██[38;2;251;252;254m██[38;2;190;193;234m██[38;2;175;172;223m██[38;2;65;65;76m██[38;2;86;101;123m██[38;2;112;139;174m██[38;2;104;103;124m██[38;2;4;4;5m  [38;2;0;0;0m                  
[38;2;0;0;0m                      [38;2;18;13;10m██[38;2;158;156;164m██[38;2;247;245;252m██[38;2;188;186;233m██[38;2;120;117;144m██[38;2;49;50;62m██[38;2;169;183;215m██[38;2;177;179;227m██[38;2;74;74;93m██[38;2;7;5;3m  [38;2;42;50;63m██[38;2;133;132;166m██[38;2;133;130;167m██[38;2;3;3;4m  [38;2;0;0;0m                  
[38;2;0;0;0m                  [38;2;0;0;1m  [38;2;22;27;35m██[38;2;120;136;167m██[38;2;83;80;99m██[38;2;155;151;162m██[38;2;47;46;60m  [38;2;0;0;0m    [38;2;43;44;55m██[38;2;127;148;183m██[38;2;133;133;170m██[38;2;4;4;6m  [38;2;0;0;0m                          
[38;2;0;0;0m                  [38;2;1;1;1m  [38;2;36;44;56m██[38;2;29;29;35m██[38;2;53;53;67m██[38;2;0;0;0m        [38;2;123;139;148m██[38;2;148;168;180m██[38;2;141;147;181m██[38;2;26;26;33m██[38;2;0;0;0m                          
[38;2;0;0;0m                                [38;2;103;113;122m  [38;2;128;143;153m██[38;2;96;112;122m██[38;2;99;111;116m  [38;2;0;0;0m                            
[38;2;0;0;0m                                  [38;2;24;27;29m██[38;2;10;12;13m  [38;2;0;0;0m                              [0m
