
[38;2;0;0;0m                    [38;2;5;11;5m    [38;2;0;0;0m                        
[38;2;0;0;0m              [38;2;23;62;43m  [38;2;0;2;0m    [38;2;72;129;73m██[38;2;71;129;75m██[38;2;0;2;0m  [38;2;0;0;0m    [38;2;0;3;0m  [38;2;0;0;0m                
[38;2;0;0;0m            [38;2;0;1;0m  [38;2;45;92;55m██[38;2;61;119;74m██[38;2;69;129;73m██[38;2;52;121;78m██[38;2;86;159;92m██[38;2;16;32;16m  [38;2;16;32;17m  [38;2;35;68;38m██[38;2;83;154;88m██[38;2;0;3;0m  [38;2;0;0;0m              
[38;2;0;0;0m          [38;2;0;2;0m  [38;2;15;32;16m  [38;2;62;99;72m██[38;2;68;96;73m██[38;2;86;158;91m██[38;2;77;149;87m██[38;2;87;159;93m██[38;2;81;148;84m████[38;2;58;127;81m██[38;2;83;155;91m██[38;2;49;90;52m  [38;2;0;0;0m              
[38;2;0;0;0m        [38;2;0;1;0m  [38;2;62;121;73m██[38;2;61;108;71m██[38;2;67;103;75m██[38;2;83;141;87m██[38;2;57;113;76m██[38;2;86;158;90m██[38;2;86;158;92m██[38;2;52;121;78m██[38;2;69;139;84m██[38;2;83;155;89m██[38;2;75;146;88m██[38;2;79;148;89m██[38;2;38;71;40m██[38;2;16;32;17m  [38;2;0;0;0m          
[38;2;0;0;0m        [38;2;7;22;14m  [38;2;61;87;69m██[38;2;82;135;86m████[38;2;83;141;87m██[38;2;82;140;85m██[38;2;52;121;77m██[38;2;77;148;86m██[38;2;87;159;93m██[38;2;77;149;87m██[38;2;57;127;79m██[38;2;74;145;85m██[38;2;52;121;77m██[38;2;86;158;92m██[38;2;65;120;69m██[38;2;0;1;0m  [38;2;0;0;0m        
[38;2;0;0;0m      [38;2;0;2;0m  [38;2;33;89;63m██[38;2;45;100;75m██[38;2;58;100;77m██[38;2;92;106;86m██[38;2;82;135;86m██[38;2;78;110;85m██[38;2;133;147;115m██[38;2;71;121;87m██[38;2;80;134;92m██[38;2;81;135;87m██[38;2;82;135;86m██[38;2;86;153;91m██[38;2;57;127;79m██[38;2;69;147;89m██[38;2;9;22;17m  [38;2;0;1;0m  [38;2;0;0;0m        
[38;2;0;0;0m        [38;2;10;30;19m██[38;2;59;76;69m██[38;2;100;94;86m██[38;2;98;96;86m██[38;2;82;135;86m██[38;2;171;149;127m██[38;2;164;160;129m██[38;2;195;173;143m██[38;2;167;154;128m██[38;2;73;75;67m██[38;2;77;74;67m██[38;2;73;85;71m██[38;2;83;155;91m██[38;2;60;95;71m██[38;2;53;97;68m██[38;2;30;83;57m██[38;2;0;2;0m  [38;2;0;0;0m      
[38;2;0;0;0m      [38;2;7;22;14m  [38;2;42;106;77m██[38;2;65;90;73m██[38;2;75;72;67m██[38;2;101;100;101m██[38;2;84;141;88m██[38;2;73;85;71m██[38;2;154;129;111m██[38;2;105;70;61m██[38;2;101;100;101m██[38;2;69;67;66m██[38;2;81;77;67m██[38;2;73;85;71m██[38;2;75;144;88m██[38;2;89;145;90m██[38;2;55;78;69m██[38;2;35;90;62m██[38;2;0;2;0m  [38;2;0;0;0m      
[38;2;0;0;0m      [38;2;7;22;14m  [38;2;47;97;75m██[38;2;82;135;86m██[38;2;80;118;81m██[38;2;107;103;101m██[38;2;167;123;83m██[38;2;80;123;83m██[38;2;111;101;100m██[38;2;246;212;203m██[38;2;107;103;101m██[38;2;80;75;67m██[38;2;73;85;71m██[38;2;86;153;91m██[38;2;74;96;79m██[38;2;126;97;92m██[38;2;96;88;80m██[38;2;38;82;61m██[38;2;0;3;0m  [38;2;0;0;0m      
[38;2;0;0;0m        [38;2;7;22;14m  [38;2;50;72;64m██[38;2;76;136;82m██[38;2;171;106;69m██[38;2;136;78;65m██[38;2;126;96;70m██[38;2;57;79;66m██[38;2;59;75;69m██[38;2;107;86;83m██[38;2;118;92;88m██[38;2;52;121;78m██[38;2;83;141;87m██[38;2;115;100;91m██[38;2;163;134;120m██[38;2;168;150;127m██[38;2;47;97;75m██[38;2;38;102;73m██[38;2;7;22;14m  [38;2;0;0;0m    
[38;2;0;0;0m        [38;2;30;28;24m  [38;2;94;81;78m██[38;2;69;76;70m██[38;2;209;125;92m██[38;2;255;130;81m██[38;2;255;136;81m██[38;2;170;114;75m██[38;2;37;92;72m██[38;2;72;105;86m██[38;2;119;92;88m██[38;2;99;98;84m██[38;2;104;89;83m██[38;2;133;105;97m██[38;2;191;163;138m██[38;2;154;126;112m██[38;2;92;94;83m██[38;2;7;22;14m  [38;2;0;0;0m      
[38;2;0;0;0m        [38;2;39;34;30m██[38;2;91;74;72m██[38;2;90;78;75m██[38;2;116;98;95m██[38;2;139;82;67m██[38;2;114;73;64m██[38;2;123;71;60m██[38;2;96;80;64m██[38;2;65;107;84m██[38;2;109;92;85m██[38;2;124;97;91m██[38;2;130;98;93m██[38;2;118;93;89m██[38;2;131;99;94m██[38;2;128;99;93m██[38;2;96;80;78m██[38;2;23;62;43m  [38;2;0;0;0m      
[38;2;0;0;0m    [38;2;0;3;0m  [38;2;37;37;37m  [38;2;95;73;73m██[38;2;94;74;73m██[38;2;87;75;74m██[38;2;139;122;115m██[38;2;138;94;82m██[38;2;94;67;61m██[38;2;110;89;77m██[38;2;89;101;86m██[38;2;84;99;81m██[38;2;194;173;142m██[38;2;197;172;143m██[38;2;145;116;105m██[38;2;70;67;67m██[38;2;82;73;73m██[38;2;125;94;90m████[38;2;37;37;37m  [38;2;0;0;0m      
[38;2;0;0;0m  [38;2;16;32;17m  [38;2;87;158;92m██[38;2;60;130;80m██[38;2;70;77;68m██[38;2;89;69;73m██[38;2;55;45;47m  [38;2;0;3;0m  [38;2;120;107;98m██[38;2;135;120;107m██[38;2;176;154;131m██[38;2;202;175;146m██[38;2;203;179;147m██[38;2;205;178;147m██[38;2;146;129;112m██[38;2;67;65;66m██[38;2;40;110;77m██[38;2;48;86;66m██[38;2;61;72;62m██[38;2;125;94;90m██[38;2;127;96;92m██[38;2;41;36;34m██[38;2;0;0;0m    
[38;2;21;29;23m  [38;2;60;113;77m██[38;2;90;141;95m██[38;2;67;127;81m██[38;2;42;106;75m██[38;2;47;96;73m██[38;2;0;3;1m  [38;2;0;0;0m  [38;2;31;47;33m██[38;2;131;118;110m██[38;2;88;77;77m██[38;2;97;90;85m██[38;2;100;89;86m██[38;2;100;92;86m██[38;2;118;105;100m██[38;2;67;65;66m██[38;2;47;64;56m██[38;2;4;7;6m  [38;2;37;45;34m██[38;2;87;85;70m██[38;2;82;89;76m██[38;2;82;135;86m██[38;2;37;38;37m  [38;2;0;0;0m  
[38;2;21;25;19m  [38;2;157;150;120m██[38;2;87;112;90m██[38;2;67;94;75m██[38;2;49;102;74m██[38;2;12;28;18m██[38;2;0;0;0m  [38;2;0;2;0m  [38;2;58;73;57m██[38;2;62;73;64m██[38;2;91;77;75m██[38;2;94;74;73m██[38;2;99;93;88m██[38;2;127;128;113m██[38;2;59;76;69m██[38;2;40;109;78m██[38;2;12;13;10m  [38;2;0;0;0m  [38;2;6;11;7m  [38;2;85;112;78m██[38;2;87;158;92m██[38;2;87;156;93m██[38;2;60;123;72m██[38;2;5;11;6m  
[38;2;37;34;27m██[38;2;176;151;129m██[38;2;187;164;137m██[38;2;139;121;106m██[38;2;101;102;90m██[38;2;4;7;4m  [38;2;0;0;0m  [38;2;0;2;0m  [38;2;57;70;61m██[38;2;63;79;67m██[38;2;87;66;68m██[38;2;78;69;69m██[38;2;80;68;67m██[38;2;46;102;75m██[38;2;50;92;73m██[38;2;59;76;69m██[38;2;68;58;56m██[38;2;0;2;0m  [38;2;21;42;22m██[38;2;60;130;81m██[38;2;77;148;86m██[38;2;79;139;93m██[38;2;132;158;115m██[38;2;15;33;18m██
[38;2;0;0;0m  [38;2;111;97;83m  [38;2;74;65;55m  [38;2;87;79;74m  [38;2;0;3;0m  [38;2;0;0;0m    [38;2;12;14;12m  [38;2;77;69;73m██[38;2;87;73;74m██[38;2;88;72;72m██[38;2;76;60;60m██[38;2;0;3;0m  [38;2;37;32;33m  [38;2;101;77;81m██[38;2;125;94;90m██[38;2;131;100;95m██[38;2;45;39;36m██[38;2;0;1;0m  [38;2;154;134;110m██[38;2;102;130;101m██[38;2;122;131;106m██[38;2;175;157;133m██[38;2;39;36;31m██
[38;2;0;0;0m            [38;2;30;28;24m  [38;2;89;78;74m██[38;2;135;114;107m██[38;2;129;110;104m██[38;2;120;105;100m██[38;2;18;19;16m██[38;2;0;0;0m  [38;2;0;1;1m  [38;2;51;41;38m██[38;2;131;99;94m██[38;2;88;75;72m██[38;2;99;85;86m██[38;2;0;2;0m  [38;2;38;35;27m  [38;2;156;140;120m██[38;2;201;171;149m██[38;2;133;119;106m██[38;2;39;37;32m██
[38;2;0;0;0m              [38;2;0;3;0m  [38;2;83;68;63m██[38;2;119;103;94m██[38;2;0;3;0m  [38;2;0;0;0m      [38;2;28;25;20m██[38;2;104;93;87m██[38;2;160;139;118m██[38;2;87;76;72m██[38;2;79;70;64m██[38;2;0;1;0m  [38;2;25;24;19m  [38;2;99;85;74m██[38;2;0;0;0m    
[38;2;0;0;0m                [38;2;0;1;0m    [38;2;0;0;0m        [38;2;4;5;3m  [38;2;42;41;32m██[38;2;30;27;23m████[38;2;37;32;27m  [38;2;0;0;0m    [38;2;0;1;0m  [38;2;0;0;0m    [0m
