
[38;2;1;1;1m  [38;2;0;0;0m                  [38;2;1;1;1m  [38;2;51;26;17m  [38;2;0;0;0m    [38;2;1;1;1m  [38;2;0;0;0m                          
[38;2;26;23;30m██[38;2;20;17;22m  [38;2;0;0;0m                [38;2;4;4;4m  [38;2;180;84;52m██[38;2;2;2;2m  [38;2;1;1;1m  [38;2;131;61;39m  [38;2;3;3;3m  [38;2;0;0;0m                        
[38;2;1;1;1m  [38;2;81;68;96m██[38;2;20;17;23m  [38;2;2;2;2m  [38;2;0;0;0m    [38;2;1;1;1m  [38;2;2;2;2m  [38;2;0;0;0m    [38;2;125;44;37m██[38;2;190;93;61m██[38;2;63;34;34m██[38;2;64;34;32m██[38;2;210;91;59m██[38;2;4;4;4m  [38;2;0;0;0m                  [38;2;1;1;1m    [38;2;0;0;0m  
[38;2;0;0;0m  [38;2;18;16;21m  [38;2;87;73;102m██[38;2;51;45;59m██[38;2;5;5;5m  [38;2;0;0;0m  [38;2;43;37;50m  [38;2;6;6;6m  [38;2;0;0;0m  [38;2;9;9;10m  [38;2;71;54;62m██[38;2;80;59;66m██[38;2;150;54;57m██[38;2;194;94;61m██[38;2;198;70;56m██[38;2;4;4;4m  [38;2;0;0;0m                  [38;2;57;48;67m  [38;2;5;5;5m  [38;2;0;0;0m  
[38;2;0;0;0m    [38;2;25;22;29m  [38;2;95;80;113m██[38;2;94;79;112m██[38;2;41;35;48m██[38;2;87;75;101m██[38;2;71;66;75m██[38;2;48;29;26m██[38;2;163;82;62m██[38;2;186;89;72m██[38;2;98;82;115m██[38;2;77;66;90m██[38;2;70;61;82m██[38;2;96;81;113m██[38;2;81;68;96m██[38;2;8;7;9m  [38;2;0;0;0m              [38;2;18;16;20m██[38;2;78;66;92m██[38;2;3;3;3m  [38;2;0;0;0m  
[38;2;0;0;0m    [38;2;33;29;39m  [38;2;66;58;77m██[38;2;19;17;21m██[38;2;95;80;112m██[38;2;97;82;114m██[38;2;70;66;69m██[38;2;202;95;61m██[38;2;92;77;107m██[38;2;67;54;70m██[38;2;100;84;118m████[38;2;96;81;114m██[38;2;70;61;82m██[38;2;100;84;118m██[38;2;75;63;89m██[38;2;6;6;6m    [38;2;0;0;0m        [38;2;3;3;3m  [38;2;89;75;105m██[38;2;38;33;44m██[38;2;0;0;0m    
[38;2;0;0;0m    [38;2;4;4;4m    [38;2;0;0;0m  [38;2;4;4;4m  [38;2;81;68;95m██[38;2;100;83;117m██[38;2;149;86;74m██[38;2;146;90;94m  [38;2;118;81;96m██[38;2;75;65;88m██[38;2;126;84;96m██[38;2;199;94;61m██[38;2;92;68;81m██[38;2;72;62;84m██[38;2;75;65;88m██[38;2;86;72;101m██[38;2;9;8;10m  [38;2;0;0;0m  [38;2;2;2;2m  [38;2;1;1;1m  [38;2;0;0;0m  [38;2;61;52;72m██[38;2;88;74;104m██[38;2;2;2;2m    [38;2;0;0;0m  
[38;2;0;0;0m            [38;2;43;37;50m██[38;2;204;97;65m██[38;2;150;90;92m██[38;2;213;98;61m██[38;2;204;97;65m██[38;2;93;78;109m██[38;2;166;84;62m██[38;2;210;98;61m██[38;2;123;86;104m██[38;2;97;82;115m██[38;2;99;83;117m██[38;2;41;36;47m██[38;2;0;0;0m  [38;2;2;2;2m  [38;2;29;62;139m  [38;2;17;33;71m  [38;2;10;9;10m  [38;2;89;75;105m██[38;2;96;81;114m██[38;2;29;25;34m  [38;2;29;63;142m██[38;2;12;21;42m  
[38;2;0;0;0m        [38;2;47;47;47m  [38;2;8;8;8m  [38;2;106;39;43m██[38;2;188;54;54m██[38;2;86;73;102m██[38;2;96;77;104m██[38;2;136;106;113m██[38;2;74;72;79m██[38;2;148;103;88m██[38;2;172;74;62m██[38;2;78;67;92m████[38;2;68;59;80m██[38;2;81;68;96m██[38;2;13;12;14m██[38;2;3;3;3m  [38;2;31;67;152m██[38;2;71;122;151m██[38;2;76;112;131m  [38;2;88;118;137m██[38;2;71;126;156m██[38;2;42;78;138m██[38;2;29;63;142m██[38;2;8;14;27m  
[38;2;0;0;0m        [38;2;105;105;105m██[38;2;73;73;73m██[38;2;187;53;54m██[38;2;85;67;93m██[38;2;63;60;67m██[38;2;79;70;68m██[38;2;233;197;186m██[38;2;95;95;95m██[38;2;121;121;121m██[38;2;73;66;72m██[38;2;80;67;95m██[38;2;64;56;75m██[38;2;80;67;95m██[38;2;81;67;96m██[38;2;65;63;66m██[38;2;3;3;3m  [38;2;7;9;13m  [38;2;71;122;151m██[38;2;96;178;186m██[38;2;55;96;132m██[38;2;32;68;153m██[38;2;37;60;125m██[38;2;6;7;10m  [38;2;0;0;0m  
[38;2;0;0;0m      [38;2;6;6;6m  [38;2;233;232;236m██[38;2;165;165;165m██[38;2;139;91;76m██[38;2;49;67;108m██[38;2;34;65;144m██[38;2;133;89;97m██[38;2;145;129;132m██[38;2;243;243;244m██[38;2;179;178;180m██[38;2;74;67;83m██[38;2;72;62;85m████[38;2;74;67;83m██[38;2;103;99;108m██[38;2;134;134;134m██[38;2;3;3;3m  [38;2;22;29;54m  [38;2;49;80;122m██[38;2;40;54;106m██[38;2;24;32;60m██[38;2;22;28;53m  [38;2;3;3;3m  [38;2;0;0;0m    
[38;2;0;0;0m        [38;2;105;105;105m██[38;2;75;75;75m██[38;2;128;95;119m██[38;2;32;69;155m██[38;2;123;138;183m██[38;2;248;248;248m██[38;2;247;247;247m██[38;2;175;173;183m██[38;2;76;67;86m██[38;2;75;64;89m██[38;2;64;62;66m██[38;2;65;65;65m██[38;2;218;218;218m██[38;2;247;247;247m██[38;2;28;28;28m██[38;2;18;34;73m██[38;2;32;69;155m██[38;2;40;56;109m██[38;2;6;6;6m  [38;2;0;0;0m          
[38;2;0;0;0m        [38;2;45;45;47m  [38;2;192;189;200m██[38;2;93;101;124m██[38;2;36;62;133m██[38;2;36;62;131m██[38;2;125;139;183m  [38;2;213;211;219m██[38;2;223;222;227m  [38;2;179;179;181m██[38;2;160;160;160m██[38;2;227;227;227m██[38;2;248;248;248m██[38;2;168;168;168m██[38;2;98;104;125m██[38;2;37;63;131m██[38;2;32;69;155m██████[38;2;35;61;129m██[38;2;29;31;47m██[38;2;3;3;3m  [38;2;0;0;0m      
[38;2;0;0;0m        [38;2;2;2;2m  [38;2;60;60;60m  [38;2;191;188;199m██[38;2;65;65;66m██[38;2;166;166;166m██[38;2;240;240;240m██[38;2;243;243;243m██[38;2;238;238;240m██[38;2;105;106;110m██[38;2;241;241;241m██[38;2;247;247;247m██[38;2;73;73;73m██[38;2;39;69;138m██[38;2;32;68;153m██[38;2;32;68;154m████[38;2;43;61;113m██[38;2;32;68;154m██[38;2;33;68;150m██[38;2;71;61;84m██[38;2;75;59;83m██[38;2;2;2;2m  [38;2;0;0;0m    
[38;2;0;0;0m          [38;2;6;6;6m  [38;2;68;62;75m██[38;2;64;61;68m██[38;2;196;195;199m██[38;2;67;72;72m██[38;2;108;126;130m██[38;2;235;235;235m██[38;2;107;133;135m██[38;2;93;130;134m██[38;2;139;139;140m██[38;2;241;240;242m██[38;2;178;177;178m██[38;2;62;68;101m██[38;2;49;60;104m██[38;2;53;91;141m██[38;2;98;183;191m██[38;2;36;62;132m██[38;2;32;68;152m██[38;2;57;60;94m██[38;2;127;61;72m██[38;2;44;22;15m  [38;2;0;0;0m    
[38;2;0;0;0m        [38;2;2;2;2m  [38;2;57;50;66m██[38;2;79;67;93m██[38;2;84;84;84m██[38;2;138;139;142m██[38;2;73;143;154m██[38;2;83;162;173m██[38;2;68;76;76m██[38;2;89;152;157m██[38;2;99;185;191m██[38;2;73;93;95m██[38;2;63;66;73m██[38;2;64;65;67m██[38;2;77;64;84m██[38;2;62;54;71m██[38;2;61;104;133m██[38;2;7;9;9m  [38;2;20;38;81m██[38;2;32;69;155m██[38;2;45;59;107m██[38;2;91;65;88m██[38;2;70;26;29m██[38;2;0;0;0m    
[38;2;0;0;0m        [38;2;18;16;20m  [38;2;78;66;93m██[38;2;64;63;66m██[38;2;135;135;136m██[38;2;45;57;101m██[38;2;33;36;40m██[38;2;75;140;160m██[38;2;63;106;141m██[38;2;76;144;162m██[38;2;94;168;174m██[38;2;53;78;119m██[38;2;36;65;138m██[38;2;68;61;87m██[38;2;175;87;62m██[38;2;95;73;94m██[38;2;5;5;5m  [38;2;0;0;0m  [38;2;11;14;25m  [38;2;37;61;126m██[38;2;34;65;143m██[38;2;45;61;115m██[38;2;66;58;78m██[38;2;5;5;5m  [38;2;0;0;0m  
[38;2;0;0;0m        [38;2;29;26;33m██[38;2;59;53;67m██[38;2;52;60;89m██[38;2;41;56;108m██[38;2;23;29;50m██[38;2;0;0;0m  [38;2;41;82;89m  [38;2;70;146;159m██[38;2;52;91;128m██[38;2;49;67;104m██[38;2;39;68;134m██[38;2;38;64;131m██[38;2;88;75;106m██[38;2;127;72;95m██[38;2;105;70;88m██[38;2;10;9;12m  [38;2;0;0;0m  [38;2;3;3;3m  [38;2;36;49;96m██[38;2;40;56;109m██[38;2;43;55;108m██[38;2;60;55;101m██[38;2;27;15;11m  [38;2;0;0;0m  
[38;2;0;0;0m      [38;2;3;3;3m  [38;2;56;54;58m██[38;2;50;59;93m██[38;2;40;56;109m██[38;2;40;55;107m██[38;2;13;13;13m  [38;2;0;0;0m  [38;2;1;1;1m  [38;2;29;55;59m██[38;2;58;118;128m██[38;2;70;139;151m██[38;2;57;78;103m██[38;2;32;69;155m██[38;2;53;54;81m██[38;2;95;80;113m██[38;2;189;70;61m██[38;2;51;43;60m██[38;2;0;0;0m    [38;2;3;3;4m  [38;2;31;42;81m██[38;2;146;58;71m██[38;2;205;83;58m██[38;2;187;69;53m██[38;2;41;21;14m  
[38;2;0;0;0m    [38;2;1;1;1m  [38;2;139;40;40m  [38;2;107;46;64m██[38;2;65;55;98m██[38;2;35;47;91m██[38;2;5;5;5m  [38;2;0;0;0m        [38;2;4;4;4m  [38;2;5;5;5m    [38;2;34;53;108m██[38;2;33;66;146m██[38;2;67;59;79m██[38;2;98;82;116m██[38;2;123;57;40m██[38;2;1;1;1m  [38;2;0;0;0m    [38;2;3;3;3m  [38;2;24;10;10m  [38;2;171;70;49m██[38;2;144;67;42m  [38;2;5;5;5m  
[38;2;0;0;0m      [38;2;1;1;1m  [38;2;2;2;2m  [38;2;59;20;20m  [38;2;4;4;4m  [38;2;0;0;0m                [38;2;17;21;37m██[38;2;40;56;108m██[38;2;55;57;91m██[38;2;70;61;82m██[38;2;122;68;79m██[38;2;9;8;7m██[38;2;0;0;0m        [38;2;2;2;2m  [38;2;1;1;1m  [38;2;0;0;0m  
[38;2;0;0;0m                              [38;2;1;1;1m  [38;2;29;38;73m  [38;2;76;61;97m██[38;2;37;46;87m██[38;2;205;83;58m██[38;2;208;88;59m██[38;2;3;3;3m  [38;2;0;0;0m            
[38;2;0;0;0m                                [38;2;1;1;1m  [38;2;58;26;20m██[38;2;6;3;3m  [38;2;60;30;21m██[38;2;54;19;19m██[38;2;0;0;0m              [0m
