
[38;2;0;0;0m            [38;2;11;11;12m    [38;2;0;0;0m                        
[38;2;0;0;0m            [38;2;43;44;47m████[38;2;0;0;0m                        
[38;2;0;0;0m            [38;2;35;36;38m██[38;2;84;84;86m██[38;2;74;40;45m██[38;2;57;23;26m██[38;2;0;0;0m                    
[38;2;0;0;0m            [38;2;50;21;23m██[38;2;99;69;71m██[38;2;209;82;94m██[38;2;57;22;25m██[38;2;0;0;0m              [38;2;109;111;119m  [38;2;121;123;132m██[38;2;12;12;13m  
[38;2;0;0;0m            [38;2;223;86;95m██[38;2;142;74;78m██[38;2;230;89;101m██[38;2;151;75;80m██[38;2;16;15;14m  [38;2;60;23;25m  [38;2;117;45;50m██[38;2;169;65;72m██[38;2;0;0;0m    [38;2;89;91;97m██[38;2;161;166;178m██[38;2;150;155;165m██[38;2;44;45;47m██
[38;2;0;0;0m            [38;2;211;82;89m████[38;2;230;89;101m██[38;2;179;77;82m██[38;2;155;72;75m██[38;2;222;86;94m██[38;2;179;69;76m██[38;2;7;2;3m  [38;2;50;20;21m  [38;2;149;60;63m██[38;2;164;168;181m██[38;2;124;130;140m██[38;2;137;140;150m██[38;2;5;5;6m  
[38;2;0;0;0m          [38;2;67;26;28m  [38;2;229;89;98m██[38;2;230;89;101m██[38;2;229;89;101m██[38;2;230;89;101m██[38;2;229;89;100m██[38;2;208;81;88m██[38;2;0;0;0m    [38;2;220;84;93m██[38;2;157;89;97m██[38;2;136;141;152m████[38;2;131;134;144m██[38;2;0;0;0m  
[38;2;0;0;0m          [38;2;172;66;75m██[38;2;229;89;100m██[38;2;230;89;101m██[38;2;229;89;101m██[38;2;230;89;98m██[38;2;211;85;92m██[38;2;48;28;28m██[38;2;0;0;0m  [38;2;157;60;67m  [38;2;207;84;90m██[38;2;156;149;155m██[38;2;136;141;152m██[38;2;134;138;147m██[38;2;11;11;12m  [38;2;0;0;0m  
[38;2;0;0;0m          [38;2;172;66;74m██[38;2;230;89;99m██[38;2;229;89;99m██[38;2;192;92;80m██[38;2;156;108;67m██[38;2;147;129;125m██[38;2;122;60;60m██[38;2;60;36;37m██[38;2;187;74;78m██[38;2;159;93;96m██[38;2;147;140;145m██[38;2;163;168;179m██[38;2;106;110;117m██[38;2;0;0;0m    
[38;2;0;0;0m          [38;2;7;2;3m  [38;2;230;89;97m██[38;2;123;73;70m██[38;2;182;122;65m██[38;2;185;143;59m██[38;2;211;208;206m██[38;2;137;65;64m██[38;2;87;64;65m██[38;2;156;64;65m██[38;2;124;127;134m██[38;2;123;129;135m██[38;2;7;7;7m██[38;2;1;1;1m  [38;2;0;0;0m    
[38;2;0;0;0m        [38;2;18;7;7m  [38;2;97;59;62m██[38;2;141;72;77m██[38;2;145;64;65m██[38;2;147;92;68m██[38;2;169;150;140m██[38;2;83;64;65m██[38;2;76;64;65m██[38;2;112;64;65m██[38;2;159;150;159m██[38;2;107;110;116m██[38;2;16;16;18m  [38;2;0;0;0m        
[38;2;0;0;0m          [38;2;117;48;48m██[38;2;106;70;73m██[38;2;113;79;91m██[38;2;69;69;77m██[38;2;76;77;96m██[38;2;188;82;89m██████[38;2;65;64;65m██[38;2;131;137;143m██[38;2;0;0;0m          
[38;2;0;0;0m          [38;2;55;27;26m  [38;2;120;70;72m██[38;2;123;71;77m██[38;2;102;81;108m██[38;2;183;77;86m██[38;2;115;62;69m██[38;2;199;77;85m██[38;2;209;84;94m██[38;2;129;110;115m██[38;2;148;154;161m██[38;2;37;38;41m██[38;2;0;0;0m        
[38;2;0;0;0m  [38;2;5;2;2m  [38;2;156;64;65m████[38;2;116;49;51m██[38;2;115;54;56m██[38;2;78;48;47m██[38;2;68;64;65m██[38;2;98;79;102m██[38;2;152;67;72m██[38;2;2;2;3m  [38;2;0;0;0m  [38;2;36;27;29m  [38;2;88;66;66m██[38;2;89;92;94m██[38;2;0;0;1m  [38;2;0;0;0m        
[38;2;22;9;9m  [38;2;170;67;71m██[38;2;156;64;65m██[38;2;125;72;86m██[38;2;165;120;87m██[38;2;115;69;73m██[38;2;117;64;65m████[38;2;158;78;83m██[38;2;96;76;90m██[38;2;95;75;100m██[38;2;32;12;13m  [38;2;9;9;9m  [38;2;87;57;57m██[38;2;89;65;68m██[38;2;138;62;70m██[38;2;36;36;48m  [38;2;0;0;0m      
[38;2;39;16;16m██[38;2;156;64;65m██████[38;2;94;73;83m██[38;2;87;64;65m██[38;2;130;61;66m██[38;2;81;80;103m██[38;2;183;87;103m██[38;2;81;85;115m██[38;2;188;82;89m████[38;2;230;89;101m██[38;2;106;70;73m██[38;2;248;110;127m██[38;2;236;98;111m██[38;2;134;99;106m██[38;2;60;38;21m██[38;2;0;0;0m    
[38;2;15;6;6m  [38;2;124;57;59m██[38;2;113;57;57m██[38;2;100;64;65m██[38;2;115;72;77m██[38;2;116;61;62m██[38;2;45;19;19m  [38;2;26;26;33m  [38;2;96;72;94m██[38;2;153;83;102m██[38;2;178;73;79m██[38;2;145;61;64m██[38;2;204;83;94m██[38;2;156;77;85m██[38;2;248;113;128m██[38;2;232;92;105m██[38;2;207;100;100m██[38;2;148;61;71m██[38;2;0;0;0m    
[38;2;0;0;0m  [38;2;0;2;0m  [38;2;33;16;14m  [38;2;135;55;56m██[38;2;16;20;21m  [38;2;133;58;59m██[38;2;117;48;48m██[38;2;0;0;0m  [38;2;46;36;49m  [38;2;196;81;92m██[38;2;0;0;0m    [38;2;130;71;77m██[38;2;175;80;89m██[38;2;230;89;101m██[38;2;230;89;100m██[38;2;224;88;99m██[38;2;217;85;94m██[38;2;0;0;0m    
[38;2;0;0;0m          [38;2;117;48;48m██[38;2;142;58;59m██[38;2;25;10;10m  [38;2;0;0;0m      [38;2;112;43;47m  [38;2;123;68;68m██[38;2;100;68;69m██[38;2;230;89;98m██[38;2;230;89;101m██[38;2;188;82;89m██[38;2;133;64;65m██[38;2;0;0;0m    
[38;2;0;0;0m        [38;2;7;7;8m  [38;2;112;55;56m██[38;2;139;65;67m██[38;2;146;122;130m██[38;2;0;0;0m      [38;2;172;66;73m██[38;2;230;89;101m██[38;2;127;73;78m██[38;2;96;67;71m██[38;2;199;82;94m██[38;2;68;64;65m██[38;2;116;55;56m██[38;2;0;0;0m    
[38;2;0;0;0m        [38;2;13;13;14m  [38;2;27;28;29m██[38;2;36;14;14m  [38;2;4;0;0m  [38;2;0;0;0m      [38;2;172;66;73m██[38;2;230;89;98m████[38;2;14;15;16m  [38;2;17;10;11m  [38;2;26;19;19m██[38;2;11;4;4m  [38;2;0;0;0m    
[38;2;0;0;0m                        [38;2;177;105;106m██[38;2;179;78;84m██[38;2;0;0;0m            
[38;2;0;0;0m                        [38;2;66;66;66m██[38;2;16;16;16m  [38;2;0;0;0m            [0m
