
[38;2;0;0;0m          [38;2;48;17;24m  [38;2;0;0;0m                                  
[38;2;30;14;17m██[38;2;25;11;14m  [38;2;0;0;0m      [38;2;161;70;101m██[38;2;11;0;0m  [38;2;0;0;0m                                
[38;2;26;12;15m  [38;2;142;73;127m██[38;2;0;0;0m      [38;2;210;95;136m██[38;2;114;49;70m██[38;2;0;0;0m                                
[38;2;0;0;0m  [38;2;115;54;68m██[38;2;85;40;49m  [38;2;0;0;0m  [38;2;61;21;30m  [38;2;200;115;174m██[38;2;124;74;114m██[38;2;0;0;0m                                
[38;2;0;0;0m  [38;2;120;57;88m██[38;2;125;61;105m██[38;2;8;4;4m  [38;2;93;54;72m██[38;2;225;111;160m██[38;2;75;32;47m  [38;2;0;0;0m                                
[38;2;0;0;0m  [38;2;117;56;76m██[38;2;156;75;106m██[38;2;36;27;26m██[38;2;199;74;103m██[38;2;137;82;106m██[38;2;41;37;35m  [38;2;56;30;37m  [38;2;128;60;74m██[38;2;12;2;3m  [38;2;3;0;0m  [38;2;0;0;0m                        
[38;2;0;0;0m    [38;2;22;12;20m  [38;2;93;49;65m██[38;2;159;106;153m  [38;2;208;108;161m██[38;2;138;69;81m██[38;2;207;78;104m██[38;2;142;69;84m██[38;2;176;102;154m██[38;2;163;80;117m██[38;2;3;0;0m  [38;2;0;0;0m                      
[38;2;0;0;0m      [38;2;10;4;5m  [38;2;116;66;78m██[38;2;194;74;100m██[38;2;125;68;81m██[38;2;211;75;105m██[38;2;148;70;88m██[38;2;196;130;198m██[38;2;186;109;165m██[38;2;8;0;0m██[38;2;0;0;0m                      
[38;2;0;0;0m        [38;2;183;73;97m██[38;2;132;70;84m██[38;2;177;76;98m██[38;2;150;80;95m██[38;2;105;71;78m██[38;2;182;72;96m██[38;2;182;73;97m██[38;2;129;69;82m██[38;2;44;15;22m  [38;2;0;0;0m                    
[38;2;0;0;0m      [38;2;168;60;83m  [38;2;213;76;105m██[38;2;151;90;105m██[38;2;102;83;76m██[38;2;232;217;72m██[38;2;65;64;65m██[38;2;203;123;186m██[38;2;140;67;80m██[38;2;213;76;105m██[38;2;117;60;88m██[38;2;0;0;0m          [38;2;4;0;0m  [38;2;6;0;0m  [38;2;0;0;0m      
[38;2;0;0;0m      [38;2;150;59;78m██[38;2;188;78;103m██[38;2;93;70;95m██[38;2;120;122;68m██[38;2;112;109;67m██[38;2;93;94;93m██[38;2;75;62;59m██[38;2;164;79;104m██[38;2;207;105;157m██[38;2;42;21;31m  [38;2;0;0;0m        [38;2;11;3;6m  [38;2;127;63;95m██[38;2;53;26;44m  [38;2;0;0;0m  [38;2;3;0;0m  [38;2;0;0;0m  
[38;2;0;0;0m        [38;2;82;73;78m██[38;2;116;110;84m██[38;2;117;112;88m██[38;2;116;105;95m██[38;2;88;88;88m██[38;2;206;126;191m██[38;2;69;61;60m██[38;2;65;64;65m██[38;2;101;36;50m██[38;2;0;0;0m        [38;2;30;12;20m██[38;2;62;32;54m██[38;2;0;0;0m    [38;2;221;119;175m██[38;2;41;22;32m██
[38;2;0;0;0m        [38;2;69;70;69m██[38;2;57;58;57m██[38;2;11;11;11m  [38;2;70;72;70m██[38;2;89;91;89m██[38;2;78;78;78m██[38;2;122;67;79m██[38;2;202;107;157m██[38;2;98;50;74m██[38;2;0;0;0m      [38;2;47;21;26m  [38;2;130;71;102m██[38;2;66;46;57m██[38;2;16;7;12m  [38;2;169;89;141m██[38;2;58;31;64m  [38;2;0;0;0m  
[38;2;0;0;0m            [38;2;57;36;61m  [38;2;82;58;88m██[38;2;90;91;90m██[38;2;67;69;68m██[38;2;200;106;154m██[38;2;206;75;104m██[38;2;40;29;34m██[38;2;0;0;0m  [38;2;6;3;3m██[38;2;12;8;9m██[38;2;71;64;66m██[38;2;130;69;82m██[38;2;144;76;97m██[38;2;193;120;179m██[38;2;172;74;121m██[38;2;0;0;0m    
[38;2;0;0;0m            [38;2;14;16;14m  [38;2;88;80;90m██[38;2;105;106;105m██[38;2;107;100;108m██[38;2;93;79;81m██[38;2;151;71;89m██[38;2;179;86;118m██[38;2;86;39;50m██[38;2;161;73;94m██[38;2;173;76;101m██[38;2;202;91;132m██[38;2;134;78;98m██[38;2;153;68;79m██[38;2;103;68;101m██[38;2;55;27;47m██[38;2;0;0;0m    
[38;2;0;0;0m            [38;2;113;73;122m██[38;2;102;103;102m██[38;2;105;107;105m██[38;2;102;103;102m██[38;2;138;72;90m██[38;2;213;76;105m██[38;2;134;72;91m██[38;2;154;73;96m██[38;2;193;67;88m██[38;2;205;120;182m██[38;2;173;74;101m██[38;2;224;106;159m██[38;2;109;59;73m██[38;2;0;0;0m        
[38;2;0;0;0m            [38;2;80;81;80m██[38;2;105;107;105m████[38;2;92;83;94m██[38;2;106;81;97m██[38;2;126;68;81m██[38;2;183;91;128m██[38;2;194;130;199m██[38;2;184;72;96m██[38;2;153;70;91m██[38;2;211;84;121m██[38;2;156;69;88m██[38;2;74;26;36m██[38;2;0;0;0m        
[38;2;0;0;0m            [38;2;100;100;100m██[38;2;105;105;105m██[38;2;105;107;105m████[38;2;135;69;84m██[38;2;213;76;105m██[38;2;208;101;150m██[38;2;205;74;101m██[38;2;142;69;85m██[38;2;148;69;86m██[38;2;97;65;73m██[38;2;197;74;101m██[38;2;134;80;91m██[38;2;0;0;0m        
[38;2;0;0;0m            [38;2;55;56;55m██[38;2;95;95;95m██[38;2;95;96;95m████[38;2;95;76;80m██[38;2;207;78;105m██[38;2;193;73;99m██[38;2;143;73;87m██[38;2;78;65;82m██[38;2;139;86;151m██[38;2;92;49;58m██[38;2;98;68;74m██[38;2;135;74;86m██[38;2;0;0;0m        
[38;2;0;0;0m            [38;2;40;34;36m██[38;2;74;74;73m██[38;2;81;82;81m██[38;2;89;91;89m██[38;2;94;81;83m██[38;2;58;67;65m██[38;2;108;68;76m██[38;2;65;76;72m██[38;2;33;32;28m  [38;2;0;6;0m  [38;2;0;0;0m  [38;2;64;60;59m██[38;2;46;30;34m██[38;2;0;0;0m        
[38;2;0;0;0m            [38;2;34;24;26m██[38;2;3;1;2m  [38;2;11;12;11m  [38;2;27;27;27m██[38;2;23;23;23m██[38;2;65;64;65m██[38;2;93;74;77m██[38;2;18;18;18m  [38;2;0;0;0m      [38;2;4;4;4m██[38;2;11;11;11m  [38;2;0;0;0m        
[38;2;0;0;0m                      ██[38;2;146;75;89m██[38;2;0;0;0m                    
[38;2;0;0;0m                      ██[38;2;17;10;11m  [38;2;0;0;0m                    [0m
