
[38;2;0;0;0m                      [38;2;7;12;6m    [38;2;0;0;0m                      
[38;2;0;0;0m                      [38;2;30;49;26m████[38;2;0;0;0m                      
[38;2;0;0;0m                      [38;2;28;41;25m██[38;2;186;196;120m██[38;2;0;0;0m                [38;2;21;34;18m  [38;2;26;43;23m  [38;2;0;0;0m  
[38;2;0;0;0m                      [38;2;17;34;24m██[38;2;175;185;119m██[38;2;0;0;0m            [38;2;0;0;3m  [38;2;93;161;92m██[38;2;92;161;103m██[38;2;26;43;23m  [38;2;0;0;0m  
[38;2;0;0;0m                      [38;2;44;70;42m██[38;2;175;178;116m██[38;2;35;33;21m  [38;2;0;0;0m        [38;2;0;1;2m  [38;2;76;136;80m██[38;2;85;149;93m██[38;2;206;226;156m██[38;2;0;0;0m    
[38;2;0;0;0m              [38;2;57;104;74m  [38;2;0;0;0m      [38;2;122;179;96m██[38;2;172;164;109m██[38;2;140;133;84m██[38;2;0;0;0m        [38;2;92;163;94m██[38;2;86;155;100m██[38;2;216;224;163m██[38;2;131;126;92m██[38;2;0;0;0m    
[38;2;0;0;0m              [38;2;62;114;81m██[38;2;79;149;105m██[38;2;28;49;28m██[38;2;106;155;66m██[38;2;144;214;95m██[38;2;80;98;76m██[38;2;140;133;84m██[38;2;0;0;0m      [38;2;48;60;46m██[38;2;119;181;122m██[38;2;195;217;154m██[38;2;248;239;175m██[38;2;67;65;47m  [38;2;0;0;0m    
[38;2;0;0;0m              [38;2;5;9;6m██[38;2;101;178;108m██[38;2;83;140;88m██[38;2;141;205;87m██[38;2;147;213;91m██[38;2;118;185;101m██[38;2;83;81;69m██[38;2;7;6;7m  [38;2;98;160;86m████[38;2;83;132;88m██[38;2;83;153;107m██[38;2;255;246;179m██[38;2;228;220;161m██[38;2;0;0;0m      
[38;2;0;0;0m            [38;2;0;0;1m  [38;2;27;47;26m██[38;2;129;213;108m██[38;2;147;214;89m██[38;2;148;214;89m██[38;2;146;214;91m██[38;2;130;214;110m██[38;2;130;214;115m████[38;2;124;199;110m██[38;2;68;71;67m██[38;2;82;131;89m██[38;2;242;233;166m██[38;2;219;211;154m██[38;2;0;0;0m        
[38;2;0;0;0m            [38;2;48;85;49m  [38;2;113;200;113m██[38;2;130;214;111m██[38;2;147;214;89m████[38;2;131;213;110m██[38;2;128;214;115m████[38;2;130;214;115m██[38;2;74;86;72m██[38;2;74;123;93m██[38;2;113;144;98m██[38;2;205;196;123m██[38;2;95;91;60m██[38;2;19;19;14m  [38;2;191;184;134m████[38;2;51;49;36m  
[38;2;0;0;0m            [38;2;59;102;57m██[38;2;126;213;112m██[38;2;128;213;115m██[38;2;127;214;114m██[38;2;132;214;108m██[38;2;127;214;115m██[38;2;117;193;108m██[38;2;96;174;109m██[38;2;48;84;63m██[38;2;14;21;18m  [38;2;81;142;107m██[38;2;127;147;101m██[38;2;173;167;117m██[38;2;193;189;147m██[38;2;255;245;179m██[38;2;255;246;179m██[38;2;155;149;109m  [38;2;0;0;0m  
[38;2;0;0;0m            [38;2;65;97;77m██[38;2;129;214;114m██[38;2;106;184;110m██[38;2;143;214;95m██[38;2;135;214;102m██[38;2;112;195;109m██[38;2;176;198;183m██[38;2;79;147;106m██[38;2;11;21;15m██[38;2;5;0;5m  [38;2;58;84;63m██[38;2;80;84;74m██[38;2;175;168;117m██[38;2;196;191;129m██[38;2;235;232;165m██[38;2;63;61;44m██[38;2;0;0;0m    
[38;2;0;0;0m            [38;2;74;115;89m██[38;2;115;178;103m██[38;2;106;184;110m██[38;2;116;193;109m██[38;2;34;58;36m██[38;2;138;169;136m██[38;2;221;234;226m██[38;2;68;126;92m██[38;2;69;94;80m██[38;2;38;51;36m██[38;2;131;207;111m██[38;2;132;213;111m██[38;2;80;100;76m██[38;2;21;22;21m  [38;2;0;2;0m  [38;2;0;0;0m      
[38;2;0;0;0m            [38;2;50;95;67m██[38;2;68;73;68m██[38;2;128;214;115m██[38;2;113;196;109m██[38;2;112;149;109m██[38;2;161;190;161m██[38;2;91;155;114m██[38;2;74;129;96m██[38;2;68;85;75m██[38;2;89;123;84m██[38;2;146;214;91m██[38;2;137;213;101m██[38;2;128;209;112m██[38;2;0;0;0m          
[38;2;0;0;0m              [38;2;129;212;114m██[38;2;123;203;111m██[38;2;128;214;115m██[38;2;114;190;110m██[38;2;88;120;87m██[38;2;92;108;88m██[38;2;132;126;93m██[38;2;90;90;84m██[38;2;94;128;92m██[38;2;129;211;114m██[38;2;120;206;111m██[38;2;132;151;95m██[38;2;0;1;0m  [38;2;0;0;0m        
[38;2;0;0;0m            [38;2;51;83;44m  [38;2;83;106;79m██[38;2;123;203;111m██[38;2;80;101;77m██[38;2;103;153;94m██[38;2;109;113;107m██[38;2;232;228;164m██[38;2;202;197;147m██[38;2;90;100;101m██[38;2;122;199;113m██[38;2;83;109;79m██[38;2;74;93;76m██[38;2;195;195;124m██[38;2;25;48;34m  [38;2;0;0;0m        
[38;2;0;0;0m          [38;2;124;200;116m██[38;2;124;208;115m██[38;2;92;150;81m  [38;2;24;32;21m  [38;2;76;139;101m██[38;2;100;147;93m██[38;2;109;174;110m██[38;2;83;103;105m██[38;2;83;98;102m██[38;2;112;184;111m██[38;2;105;168;102m██[38;2;69;90;75m██[38;2;73;118;91m██[38;2;75;127;96m██[38;2;58;102;63m██[38;2;0;0;0m        
[38;2;0;0;0m        [38;2;42;70;37m  [38;2;90;165;105m██[38;2;125;181;133m██[38;2;0;0;0m    [38;2;79;149;105m██[38;2;76;134;98m██[38;2;68;82;75m██[38;2;68;80;80m██[38;2;77;94;89m██[38;2;78;148;106m██[38;2;70;102;83m██[38;2;77;147;105m██[38;2;73;118;91m██[38;2;65;64;65m██[38;2;109;164;98m██[38;2;0;0;0m        
[38;2;0;0;0m    [38;2;28;48;28m██[38;2;103;183;111m██[38;2;106;161;130m██[38;2;187;202;203m██[38;2;90;97;98m██[38;2;0;0;0m    [38;2;8;16;11m  [38;2;74;127;100m██[38;2;68;75;76m██[38;2;150;174;116m██[38;2;134;163;111m██[38;2;63;69;68m██[38;2;81;139;98m██[38;2;79;106;79m██[38;2;105;155;95m██[38;2;113;197;109m██[38;2;32;46;36m██[38;2;0;0;0m        
[38;2;0;0;0m  [38;2;71;109;79m  [38;2;118;179;128m██[38;2;162;188;176m██[38;2;126;135;137m██[38;2;47;50;51m██[38;2;22;24;24m  [38;2;0;0;0m    [38;2;7;10;8m  [38;2;133;140;98m██[38;2;144;140;100m██[38;2;71;103;84m██[38;2;63;109;81m██[38;2;67;98;80m██[38;2;85;121;85m██[38;2;124;212;113m██[38;2;94;165;108m██[38;2;210;224;211m██[38;2;34;44;33m██[38;2;0;0;0m        
[38;2;35;57;31m██[38;2;91;168;102m██[38;2;141;157;149m██[38;2;14;15;16m  [38;2;0;0;0m          [38;2;30;53;40m██[38;2;86;118;108m██[38;2;81;115;103m██[38;2;54;71;61m██[38;2;19;35;26m  [38;2;66;127;89m██[38;2;99;143;94m██[38;2;82;154;105m██[38;2;225;228;229m██[38;2;204;205;204m██[38;2;109;164;98m██[38;2;0;0;0m        
[38;2;35;57;31m██[38;2;41;70;43m██[38;2;0;0;0m            [38;2;85;91;92m  [38;2;82;106;105m████[38;2;65;123;90m██[38;2;4;8;6m  [38;2;0;0;0m  [38;2;15;15;14m  [38;2;114;194;113m██[38;2;202;226;202m██[38;2;153;154;158m██[38;2;114;177;102m██[38;2;131;214;115m██[38;2;88;143;77m  [38;2;0;0;0m      
[38;2;0;0;0m                  [38;2;163;163;163m  [38;2;131;131;131m  [38;2;0;0;0m        [38;2;111;188;111m██[38;2;203;217;210m██[38;2;142;156;138m██[38;2;120;184;112m██[38;2;124;196;113m██[38;2;117;191;103m██[38;2;0;0;0m      
[38;2;0;0;0m                              [38;2;65;110;61m██[38;2;246;249;245m██[38;2;51;54;50m██[38;2;209;211;213m██[38;2;134;144;134m██[38;2;29;47;25m  [38;2;0;0;0m      
[38;2;0;0;0m                              [38;2;38;63;33m  [38;2;245;249;244m██[38;2;0;0;0m              
[38;2;0;0;0m                                [38;2;59;59;59m  [38;2;0;0;0m              [0m
