
[38;2;0;0;0m                        [38;2;15;24;33m  [38;2;0;0;0m                      
[38;2;0;0;0m                        [38;2;55;90;122m██[38;2;0;0;0m                      
[38;2;0;0;0m                      [38;2;55;90;122m██[38;2;58;65;107m██[38;2;0;0;0m                      
[38;2;0;0;0m                      [38;2;55;90;122m██[38;2;58;65;107m██[38;2;0;0;0m                      
[38;2;0;0;0m                    [38;2;18;30;40m██[38;2;77;96;147m██[38;2;35;39;60m  [38;2;0;0;0m                      
[38;2;0;0;0m                    [38;2;72;119;161m██[38;2;77;98;147m██[38;2;31;36;52m  [38;2;0;0;0m                      
[38;2;0;0;0m                    [38;2;74;112;158m██[38;2;76;86;142m██[38;2;27;30;51m  [38;2;0;0;0m                      
[38;2;0;0;0m                  [38;2;55;90;122m██[38;2;75;112;158m██[38;2;78;87;143m██[38;2;49;49;52m██[38;2;0;0;0m                      
[38;2;0;0;0m                  [38;2;55;93;126m██[38;2;75;97;150m██[38;2;77;87;143m██[38;2;67;77;124m██[38;2;12;12;17m  [38;2;0;0;0m                    
[38;2;0;0;0m              [38;2;8;13;18m  [38;2;21;35;48m██[38;2;67;110;154m██[38;2;74;84;141m██[38;2;68;80;132m██[38;2;69;90;139m██[38;2;80;121;171m██[38;2;10;18;24m██[38;2;2;4;6m  [38;2;0;0;0m                
[38;2;0;0;0m            [38;2;50;83;112m██[38;2;68;113;153m██[38;2;73;123;166m██[38;2;71;110;154m██[38;2;71;106;151m██[38;2;73;119;163m██[38;2;73;124;167m██████[38;2;56;93;126m██[38;2;0;0;0m                
[38;2;4;4;8m  [38;2;17;19;32m██[38;2;12;14;25m  [38;2;0;0;0m  [38;2;14;13;3m  [38;2;205;192;52m██[38;2;86;135;154m██[38;2;88;134;155m██[38;2;113;151;139m██[38;2;115;147;141m██[38;2;86;135;154m██[38;2;73;123;167m██[38;2;73;124;166m████[38;2;74;119;162m██[38;2;74;113;159m██[38;2;56;84;119m██[38;2;0;0;0m              
[38;2;4;4;8m  [38;2;60;68;118m██[38;2;67;78;131m██[38;2;51;85;111m██[38;2;101;129;101m██[38;2;254;238;63m██[38;2;225;224;73m██[38;2;228;224;73m██[38;2;232;233;63m██[38;2;129;163;129m██[38;2;86;136;153m██[38;2;73;123;167m██[38;2;74;123;166m██[38;2;64;106;142m██[38;2;64;103;139m██[38;2;74;115;161m██[38;2;70;109;152m██[38;2;14;23;31m  [38;2;0;0;0m            
[38;2;0;0;0m    [38;2;12;14;23m  [38;2;152;164;87m██[38;2;226;228;78m██[38;2;244;235;63m██[38;2;254;238;63m██[38;2;163;184;109m██[38;2;69;126;161m██[38;2;73;123;167m████[38;2;73;123;166m██[38;2;67;111;150m██[38;2;71;117;158m██[38;2;73;121;166m██[38;2;73;123;166m████[38;2;73;121;164m██[38;2;19;28;40m  [38;2;0;0;0m          
[38;2;0;0;0m    [38;2;13;34;36m  [38;2;93;158;168m██[38;2;92;156;182m██[38;2;95;153;163m██[38;2;254;238;63m██[38;2;166;199;91m██[38;2;73;123;167m██[38;2;73;124;167m████[38;2;63;104;140m██[38;2;72;118;160m██[38;2;73;124;167m██[38;2;72;108;142m██[38;2;72;111;145m██[38;2;73;124;167m████[38;2;63;90;129m██[38;2;65;103;141m██[38;2;0;0;0m        
[38;2;0;0;0m    [38;2;44;83;112m██[38;2;81;153;205m██[38;2;78;139;186m████[38;2;101;138;149m██[38;2;237;226;74m██[38;2;73;121;164m██[38;2;73;124;167m██[38;2;70;109;152m██[38;2;74;107;155m██[38;2;52;75;104m██[38;2;60;69;76m██[38;2;65;102;133m██[38;2;54;77;90m██[38;2;73;116;159m██[38;2;67;84;133m██[38;2;75;107;155m████[38;2;75;108;156m██[38;2;53;77;111m██[38;2;44;73;99m██[38;2;11;18;24m  
[38;2;0;0;0m    [38;2;81;153;207m████[38;2;79;144;195m██[38;2;79;144;193m██[38;2;73;123;166m██[38;2;82;127;165m██[38;2;82;124;168m██[38;2;85;105;132m██[38;2;75;109;158m██[38;2;201;212;226m██[38;2;145;74;46m██[38;2;55;76;112m██[38;2;51;60;70m██[38;2;50;58;66m██[38;2;75;87;142m██[38;2;70;83;136m██[38;2;4;5;8m████[38;2;4;5;9m██[38;2;1;1;2m  [38;2;0;0;0m    
[38;2;0;0;0m    [38;2;73;110;138m██[38;2;158;198;230m██[38;2;153;196;230m██[38;2;139;180;212m██[38;2;160;186;209m██[38;2;194;210;227m██[38;2;192;211;215m██[38;2;115;134;148m██[38;2;60;76;102m██[38;2;90;53;39m██[38;2;89;51;42m██[38;2;52;68;92m██[38;2;59;67;90m██[38;2;58;66;90m██[38;2;67;75;124m██[38;2;9;10;17m  [38;2;0;0;0m            
[38;2;0;0;0m        [38;2;237;243;249m██[38;2;250;250;250m██[38;2;229;234;234m██[38;2;162;187;186m██[38;2;161;187;186m████[38;2;130;152;164m██[38;2;65;65;69m██[38;2;69;71;86m██[38;2;77;86;141m████[38;2;19;21;35m  [38;2;0;0;0m                
[38;2;0;0;0m          [38;2;21;21;21m  [38;2;127;111;114m██[38;2;113;75;78m██[38;2;171;91;100m██[38;2;171;96;106m██[38;2;157;110;118m██[38;2;143;117;121m██[38;2;132;122;124m██[38;2;120;134;134m██[38;2;21;21;21m  [38;2;0;0;0m                  
[38;2;0;0;0m            [38;2;151;175;174m██[38;2;160;104;111m██[38;2;172;119;126m██[38;2;160;120;127m██[38;2;215;230;230m██[38;2;156;177;176m██[38;2;129;146;146m██[38;2;14;14;14m  [38;2;0;0;0m                    
[38;2;0;0;0m            [38;2;14;16;16m  [38;2;58;67;66m██[38;2;60;67;67m██[38;2;66;67;68m██[38;2;62;66;66m██[38;2;112;125;125m██[38;2;96;109;108m██[38;2;0;0;0m                      
[38;2;0;0;0m                      [38;2;99;115;115m  [38;2;122;142;141m██[38;2;0;0;0m                      
[38;2;0;0;0m                        [38;2;33;38;38m  [38;2;0;0;0m                      [0m
