
[38;2;0;0;0m                  [38;2;51;51;51m  [38;2;0;0;0m                    
[38;2;0;0;0m              [38;2;24;24;24m  [38;2;198;198;198m██[38;2;197;197;197m██[38;2;0;0;0m                    
[38;2;0;0;0m          [38;2;4;1;1m  [38;2;73;73;73m██[38;2;255;255;255m██[38;2;203;203;203m██[38;2;0;0;0m                      
[38;2;0;0;0m          [38;2;194;189;192m██[38;2;194;192;192m██[38;2;255;255;255m██[38;2;82;82;82m██[38;2;0;0;0m                      
[38;2;0;0;0m    [38;2;18;19;21m  [38;2;49;52;57m██[38;2;192;191;197m██[38;2;211;212;219m  [38;2;169;167;168m██[38;2;148;148;148m  [38;2;0;0;0m                        
[38;2;0;0;0m  [38;2;0;2;5m  [38;2;169;175;187m██[38;2;102;97;101m██[38;2;204;203;211m██[38;2;214;214;222m██[38;2;98;98;101m██[38;2;0;0;0m                          
[38;2;0;0;0m  [38;2;156;161;172m██[38;2;145;152;164m██[38;2;93;87;90m██[38;2;214;214;222m████[38;2;187;186;192m██[38;2;94;94;94m████[38;2;255;255;255m██[38;2;181;181;181m██[38;2;0;0;0m                  
[38;2;36;38;42m  [38;2;145;153;169m██[38;2;127;131;143m██[38;2;191;195;206m██[38;2;214;214;222m██[38;2;211;212;218m██[38;2;180;176;177m██[38;2;255;255;255m████[38;2;28;28;28m██[38;2;6;6;6m  [38;2;0;0;0m                  
[38;2;24;25;28m  [38;2;15;16;17m  [38;2;97;100;107m██[38;2;158;159;168m██[38;2;214;214;222m██[38;2;163;160;164m██[38;2;170;168;173m██[38;2;128;125;126m██[38;2;17;15;15m  [38;2;0;0;0m                      
[38;2;0;0;0m    [38;2;203;124;126m██[38;2;94;86;89m██[38;2;179;142;140m██[38;2;242;113;107m██[38;2;147;145;143m██[38;2;212;213;219m██[38;2;120;115;118m  [38;2;236;236;236m████[38;2;0;0;0m                  
[38;2;0;0;0m    [38;2;177;106;106m██[38;2;119;120;128m██[38;2;181;136;134m██[38;2;183;99;96m██[38;2;231;171;173m██[38;2;98;90;91m██[38;2;85;81;82m██[38;2;109;109;109m  [38;2;0;0;0m                    
[38;2;0;0;0m    [38;2;202;162;168m██[38;2;209;210;216m██[38;2;172;102;96m██[38;2;94;81;82m██[38;2;231;171;173m██[38;2;183;184;190m██[38;2;1;0;0m  [38;2;0;0;0m                      
[38;2;0;0;0m  [38;2;85;88;95m  [38;2;192;195;205m██[38;2;214;214;222m██[38;2;198;133;128m██[38;2;154;110;111m██[38;2;140;132;132m██[38;2;114;116;116m██[38;2;48;49;48m██[38;2;0;0;0m              [38;2;7;7;8m  [38;2;65;69;84m██[38;2;52;88;142m██[38;2;8;13;22m  
[38;2;0;0;0m  [38;2;176;177;183m██[38;2;172;178;190m██[38;2;214;215;222m██[38;2;151;155;159m██[38;2;70;69;70m██[38;2;190;197;207m██[38;2;231;231;231m██[38;2;165;166;171m██[38;2;0;0;0m            [38;2;0;0;12m  [38;2;95;106;134m██[38;2;72;79;96m██[38;2;0;0;0m    
[38;2;63;48;48m  [38;2;167;160;170m██[38;2;182;184;191m██[38;2;41;41;42m██[38;2;144;140;142m  [38;2;141;142;145m██[38;2;136;137;137m██[38;2;110;112;120m██[38;2;190;191;197m██[38;2;85;86;89m  [38;2;0;0;0m        [38;2;0;0;4m  [38;2;87;106;135m██[38;2;85;89;104m██[38;2;212;216;222m██[38;2;158;158;158m██[38;2;1;1;1m  
[38;2;21;17;16m  [38;2;70;63;63m██[38;2;97;97;94m██[38;2;150;150;142m██[38;2;211;212;219m██[38;2;207;208;215m██[38;2;183;185;190m██[38;2;206;207;215m██[38;2;191;195;205m██[38;2;214;215;222m██[38;2;54;54;56m██[38;2;5;5;5m  [38;2;0;0;0m    [38;2;2;3;13m  [38;2;121;149;192m██[38;2;86;85;86m██[38;2;230;230;235m██[38;2;255;255;255m██[38;2;70;70;70m██
[38;2;0;0;0m  [38;2;54;54;51m  [38;2;107;107;99m██[38;2;98;94;93m██[38;2;133;132;139m██[38;2;123;124;132m██[38;2;198;200;209m██[38;2;214;214;222m██[38;2;169;175;188m██[38;2;185;189;200m██[38;2;154;154;158m██[38;2;67;65;66m  [38;2;0;0;0m  [38;2;15;15;15m  [38;2;61;79;104m██[38;2;61;81;108m██[38;2;255;255;255m██[38;2;240;241;243m██[38;2;230;230;230m██[38;2;31;31;31m  
[38;2;0;0;0m        [38;2;70;75;82m██[38;2;148;150;160m██[38;2;158;158;165m██[38;2;213;214;222m██[38;2;214;214;222m██[38;2;134;134;141m██[38;2;187;187;194m██[38;2;53;52;53m██[38;2;6;6;6m██[38;2;89;81;81m██[38;2;89;80;81m██[38;2;62;81;109m██[38;2;78;80;85m██[38;2;249;249;249m██[38;2;112;114;112m██[38;2;0;1;0m  
[38;2;0;0;0m        [38;2;134;139;149m██[38;2;188;189;198m██[38;2;142;138;143m██[38;2;204;205;211m██[38;2;140;135;139m██[38;2;165;165;173m██[38;2;205;207;216m██[38;2;193;194;200m██[38;2;89;88;89m██[38;2;89;81;81m██[38;2;85;76;81m██[38;2;81;77;108m██[38;2;62;81;98m██[38;2;108;132;167m██[38;2;151;152;151m██[38;2;40;41;40m  
[38;2;0;0;0m      [38;2;191;193;200m██[38;2;183;187;198m██[38;2;214;214;221m██[38;2;214;214;222m██[38;2;117;110;113m██[38;2;209;210;218m██[38;2;214;214;222m██[38;2;155;161;174m██[38;2;157;157;162m██[38;2;75;74;74m██[38;2;88;80;80m██[38;2;91;84;167m██[38;2;92;85;146m██[38;2;54;56;46m  [38;2;0;0;0m      
[38;2;0;0;0m      [38;2;50;54;59m  [38;2;194;197;207m██[38;2;214;214;222m██[38;2;190;193;203m██[38;2;214;214;222m██[38;2;197;200;209m██[38;2;168;166;174m██[38;2;89;84;86m██[38;2;83;76;77m██[38;2;89;81;81m██[38;2;75;70;72m██[38;2;81;74;100m██[38;2;84;76;125m██[38;2;0;0;0m        
[38;2;0;0;0m      [38;2;197;198;205m██[38;2;182;186;197m██[38;2;213;213;221m██[38;2;176;180;193m██[38;2;211;212;219m██[38;2;192;192;198m██[38;2;73;69;70m██[38;2;63;61;62m██[38;2;9;9;9m██[38;2;1;1;1m██[38;2;32;30;29m  [38;2;89;81;81m██[38;2;87;83;83m██[38;2;8;11;8m  [38;2;0;0;0m      
[38;2;0;0;0m      [38;2;65;66;68m  [38;2;154;161;161m██[38;2;214;214;222m██[38;2;119;121;127m██[38;2;111;111;112m██[38;2;82;76;76m██[38;2;90;82;81m██[38;2;20;18;18m██[38;2;36;36;36m██[38;2;46;46;46m██[38;2;0;0;0m  [38;2;29;26;26m  [38;2;44;43;50m██[38;2;53;53;65m██[38;2;0;0;0m      
[38;2;0;0;0m      [38;2;15;19;15m  [38;2;44;54;40m██[38;2;0;0;0m    [38;2;9;8;8m  [38;2;84;82;78m██[38;2;56;52;51m  [38;2;0;0;0m  [38;2;3;3;3m  [38;2;59;59;59m██[38;2;0;0;0m    [38;2;4;4;0m  [38;2;86;83;119m██[38;2;24;24;24m██[38;2;0;0;0m    
[38;2;0;0;0m    [38;2;55;73;55m██[38;2;66;83;66m██[38;2;14;19;14m  [38;2;0;0;0m      [38;2;60;83;60m██[38;2;49;67;49m  [38;2;0;0;0m  [38;2;6;6;6m  [38;2;19;19;19m██[38;2;0;0;0m    [38;2;26;24;30m  [38;2;79;73;104m██[38;2;30;30;30m██[38;2;0;0;0m    
[38;2;0;0;0m  [38;2;57;78;57m██[38;2;26;35;26m  [38;2;70;95;70m██[38;2;0;0;0m      [38;2;28;37;28m██[38;2;88;118;88m██[38;2;0;0;0m                      
[38;2;0;0;0m              [38;2;80;109;80m██[38;2;66;88;66m██[38;2;0;0;0m                      [0m
