
[38;2;0;0;0m            [38;2;60;61;62m██[38;2;15;15;16m  [38;2;0;0;0m  [38;2;1;0;0m  [38;2;31;35;36m  [38;2;43;42;43m  [38;2;0;0;0m            
[38;2;0;0;0m            [38;2;224;227;232m██[38;2;196;196;203m██[38;2;144;144;149m  [38;2;35;36;36m  [38;2;100;103;105m██[38;2;202;199;202m██[38;2;0;0;0m            
[38;2;0;0;0m            [38;2;56;57;57m██[38;2;200;202;205m██[38;2;184;187;196m██[38;2;217;218;224m██[38;2;211;210;211m████[38;2;178;175;178m██[38;2;73;72;73m██[38;2;0;0;0m        
[38;2;0;0;0m            [38;2;5;8;9m  [38;2;122;63;58m██[38;2;222;142;140m██[38;2;121;95;99m██[38;2;212;210;212m██[38;2;211;210;211m██[38;2;213;210;213m██[38;2;128;132;139m██[38;2;0;0;0m        
[38;2;0;0;0m  [38;2;117;128;134m██[38;2;2;1;0m  [38;2;0;0;0m      [38;2;109;104;107m██[38;2;170;104;99m██[38;2;160;98;94m██[38;2;155;141;146m██[38;2;160;161;167m██[38;2;198;197;200m██[38;2;92;90;92m  [38;2;0;0;0m          
[38;2;37;40;43m  [38;2;154;171;178m██[38;2;41;43;43m  [38;2;0;0;0m    [38;2;165;165;171m  [38;2;232;232;240m██[38;2;233;233;241m██[38;2;232;232;240m██[38;2;242;242;244m██[38;2;194;195;199m██[38;2;120;123;133m██[38;2;0;0;0m            
[38;2;39;42;44m██[38;2;153;171;179m██[38;2;139;156;163m██[38;2;66;68;71m██[38;2;29;29;30m  [38;2;150;153;162m██[38;2;162;167;176m██[38;2;148;152;161m██[38;2;161;165;175m██[38;2;152;154;162m██[38;2;212;210;213m██[38;2;190;195;200m██[38;2;87;97;106m██[38;2;0;0;0m  [38;2;53;52;53m██[38;2;133;131;133m██[38;2;0;0;0m    
[38;2;37;40;43m  [38;2;152;169;176m██[38;2;135;149;158m██[38;2;182;181;186m██[38;2;238;240;246m████[38;2;231;232;237m██[38;2;230;230;236m██[38;2;218;217;220m██[38;2;218;216;220m██[38;2;91;95;107m██[38;2;137;148;158m██[38;2;153;166;177m██[38;2;44;47;50m██[38;2;212;210;213m██[38;2;209;208;212m██[38;2;0;0;0m    
[38;2;0;0;0m  [38;2;116;129;134m██[38;2;104;114;121m██[38;2;204;204;208m██[38;2;220;221;229m██[38;2;239;240;247m██[38;2;238;238;246m██[38;2;229;229;234m██[38;2;219;218;222m██[38;2;211;210;212m██[38;2;197;200;204m██[38;2;132;146;155m██[38;2;104;108;118m██[38;2;198;197;200m██[38;2;211;212;214m██[38;2;102;110;116m██[38;2;0;0;0m    
[38;2;0;0;0m  [38;2;0;2;5m  [38;2;142;158;164m██[38;2;147;164;171m██[38;2;105;103;112m██[38;2;105;103;115m██[38;2;103;102;114m██[38;2;100;100;110m██[38;2;197;196;197m██[38;2;202;203;206m██[38;2;154;170;179m██[38;2;152;172;179m██[38;2;208;206;209m██[38;2;211;211;213m██[38;2;183;185;187m██[38;2;31;36;39m  [38;2;0;0;0m    
[38;2;0;0;0m    [38;2;14;15;16m  [38;2;156;163;164m██[38;2;222;156;166m██[38;2;255;178;197m██[38;2;247;173;189m██[38;2;239;204;207m██[38;2;184;178;182m██[38;2;116;124;132m██[38;2;152;171;178m██[38;2;153;172;179m██[38;2;147;155;160m██[38;2;118;123;128m██[38;2;36;38;39m  [38;2;0;0;0m      
[38;2;0;0;0m    [38;2;2;1;0m  [38;2;175;174;161m██[38;2;192;168;109m██[38;2;227;169;164m██[38;2;217;182;166m██[38;2;139;139;139m██[38;2;255;255;255m██[38;2;213;175;183m██[38;2;126;120;127m██[38;2;142;154;164m██[38;2;148;166;174m██[38;2;34;37;39m██[38;2;0;0;0m        
[38;2;0;0;0m    [38;2;47;43;32m  [38;2;193;178;146m██[38;2;255;238;179m██[38;2;237;220;160m██[38;2;223;205;149m██[38;2;198;179;136m██[38;2;245;235;234m██[38;2;234;176;183m██[38;2;235;166;181m██[38;2;177;133;141m██[38;2;70;74;76m██[38;2;4;4;4m  [38;2;0;0;0m        
[38;2;0;0;0m  [38;2;13;0;0m  [38;2;84;73;61m██[38;2;208;196;155m██[38;2;240;222;164m██[38;2;240;222;163m██[38;2;254;238;178m██[38;2;254;238;179m██[38;2;196;164;112m██[38;2;218;166;159m██[38;2;186;137;144m██[38;2;181;131;137m██[38;2;35;24;22m  [38;2;1;0;0m  [38;2;0;0;0m        
[38;2;0;0;0m  [38;2;106;73;67m  [38;2;198;185;172m██[38;2;186;177;144m██[38;2;116;120;118m████[38;2;151;150;133m██[38;2;254;238;178m██[38;2;185;181;149m██[38;2;105;106;106m██[38;2;205;173;142m██[38;2;101;85;87m██[38;2;208;152;137m██[38;2;34;24;22m  [38;2;0;0;0m        
[38;2;0;0;0m  [38;2;191;191;191m██[38;2;208;169;160m██[38;2;81;67;65m██[38;2;195;167;132m██[38;2;220;157;124m██[38;2;206;151;123m██[38;2;143;143;130m██[38;2;154;146;134m██[38;2;176;151;134m██[38;2;154;121;109m██[38;2;192;90;65m██[38;2;208;180;176m██[38;2;53;52;53m██[38;2;0;0;0m        
[38;2;0;0;0m  [38;2;22;22;22m  [38;2;240;99;67m██[38;2;201;94;72m██[38;2;198;194;193m██[38;2;103;81;72m████[38;2;86;84;78m██[38;2;105;75;69m██[38;2;171;163;162m██[38;2;200;169;163m██[38;2;217;97;72m██[38;2;190;111;102m██[38;2;161;119;124m██[38;2;0;0;0m        
[38;2;0;0;0m    [38;2;149;64;45m██[38;2;175;150;148m██[38;2;255;255;255m██[38;2;244;230;224m██[38;2;163;106;94m██[38;2;220;97;71m██[38;2;168;138;130m██[38;2;172;166;165m██[38;2;174;174;174m██[38;2;156;105;96m██[38;2;151;108;110m██[38;2;215;145;150m██[38;2;159;111;117m██[38;2;0;0;0m      
[38;2;0;0;0m    [38;2;0;1;0m  [38;2;180;131;144m██[38;2;72;71;72m██[38;2;101;56;48m██[38;2;180;108;92m██[38;2;252;99;68m██[38;2;144;96;85m██[38;2;183;122;124m██[38;2;207;145;152m████[38;2;106;87;90m██[38;2;212;149;156m██[38;2;6;4;4m  [38;2;0;0;0m      
[38;2;0;0;0m    [38;2;10;9;6m  [38;2;169;156;109m██[38;2;216;164;145m██[38;2;245;174;184m██[38;2;160;121;131m████[38;2;157;117;121m██[38;2;211;149;156m██[38;2;211;148;156m██[38;2;227;159;171m██[38;2;231;163;180m██[38;2;90;72;77m██[38;2;76;60;64m  [38;2;0;0;0m      
[38;2;0;0;0m    [38;2;59;41;43m██[38;2;102;85;87m██[38;2;252;235;177m██[38;2;199;175;117m██[38;2;180;155;96m████[38;2;179;153;95m██[38;2;173;154;108m██[38;2;141;129;99m██[38;2;209;150;165m██[38;2;255;178;197m████[38;2;101;85;87m██[38;2;211;149;155m██[38;2;210;147;154m██[38;2;51;35;37m  
[38;2;0;0;0m    [38;2;212;149;155m██[38;2;164;122;127m██[38;2;135;121;93m██[38;2;202;184;138m██[38;2;255;237;173m██[38;2;242;223;167m██[38;2;222;198;163m██[38;2;218;187;152m██[38;2;112;92;95m██[38;2;255;178;197m████[38;2;236;165;179m██[38;2;101;85;87m██[38;2;119;84;88m██[38;2;67;47;49m  [38;2;0;0;0m  
[38;2;0;0;0m    [38;2;193;136;142m██[38;2;210;149;156m██[38;2;180;139;124m██[38;2;87;75;65m██[38;2;152;137;95m██[38;2;171;148;93m██[38;2;183;157;101m██[38;2;94;86;73m██[38;2;221;172;165m██[38;2;249;174;192m██[38;2;240;168;183m██[38;2;212;149;156m██[38;2;43;42;43m  [38;2;0;0;0m      
[38;2;0;0;0m    [38;2;17;14;15m  [38;2;120;93;100m██[38;2;211;149;156m██[38;2;139;104;111m██[38;2;17;18;19m  [38;2;57;51;42m  [38;2;76;68;56m██[38;2;36;35;33m██[38;2;139;104;111m██[38;2;211;149;156m████[38;2;108;75;79m██[38;2;0;0;0m        
[38;2;0;0;0m    [38;2;43;42;43m  [38;2;172;169;172m██[38;2;52;56;61m  [38;2;0;0;0m          [38;2;34;33;33m  [38;2;121;118;118m██[38;2;101;100;101m██[38;2;25;25;25m██[38;2;0;0;0m        
[38;2;0;0;0m                      [38;2;51;49;49m  [38;2;68;68;68m██[38;2;17;17;17m  [38;2;0;0;0m        [0m
