
[38;2;0;0;0m                [38;2;0;1;0m  [38;2;0;0;0m  [38;2;24;22;26m  [38;2;46;42;50m██[38;2;19;17;21m  [38;2;0;0;0m            
[38;2;0;0;0m                [38;2;90;79;104m██[38;2;0;0;0m  [38;2;156;143;171m██[38;2;172;158;189m██[38;2;72;66;79m██[38;2;0;0;0m            
[38;2;0;0;0m              [38;2;21;20;21m  [38;2;126;109;144m██[38;2;132;120;147m██[38;2;170;154;189m██[38;2;164;146;184m██[38;2;133;114;152m██[38;2;0;0;0m            
[38;2;0;0;0m            [38;2;68;62;76m  [38;2;168;155;188m██[38;2;169;156;188m██[38;2;166;157;188m██[38;2;77;74;79m██[38;2;80;75;85m██[38;2;79;70;91m██[38;2;0;0;0m            
[38;2;0;0;0m        [38;2;24;21;29m  [38;2;76;69;86m██[38;2;181;168;205m██[38;2;183;168;205m██[38;2;159;139;188m██[38;2;181;169;205m██[38;2;180;169;205m██[38;2;175;165;200m██[38;2;80;70;95m██[38;2;0;0;0m            
[38;2;0;0;0m        [38;2;57;50;69m██[38;2;180;164;203m██[38;2;183;168;205m████[38;2;128;101;167m██[38;2;183;168;205m██[38;2;181;169;205m██[38;2;74;71;76m██[38;2;159;136;189m██[38;2;0;0;0m            
[38;2;0;0;0m      [38;2;75;71;86m  [38;2;142;129;160m██[38;2;168;152;190m██[38;2;125;117;139m██[38;2;122;117;135m████[38;2;158;134;184m██[38;2;152;140;168m██[38;2;173;164;197m██[38;2;119;104;135m██[38;2;139;122;169m██[38;2;0;0;0m          
[38;2;34;26;44m██[38;2;118;96;143m██[38;2;65;63;69m██[38;2;88;86;90m██[38;2;66;71;57m██[38;2;164;156;184m██[38;2;181;169;205m██[38;2;183;168;205m████[38;2;69;68;70m████[38;2;145;131;165m██[38;2;157;132;184m██[38;2;139;122;169m██[38;2;0;0;0m          
[38;2;34;26;44m  [38;2;78;67;89m██[38;2;122;100;146m██[38;2;131;163;127m██[38;2;95;155;78m██[38;2;70;76;68m██[38;2;159;137;189m██[38;2;169;148;195m██[38;2;182;167;205m██[38;2;181;168;205m██[38;2;183;168;208m██[38;2;132;124;145m██[38;2;115;106;128m██[38;2;150;129;178m██[38;2;36;31;39m  [38;2;93;77;108m██[38;2;26;21;32m  [38;2;0;0;0m    
[38;2;30;23;39m  [38;2;81;72;92m██[38;2;112;89;139m██[38;2;74;124;58m██[38;2;99;156;85m██[38;2;72;75;74m██[38;2;130;99;167m██[38;2;131;100;164m██[38;2;168;146;194m██[38;2;183;167;205m██[38;2;182;168;204m██[38;2;181;167;204m██[38;2;166;157;188m██[38;2;75;72;79m██[38;2;130;113;148m██[38;2;80;66;91m██[38;2;46;36;56m██[38;2;0;0;0m    
[38;2;0;0;0m  [38;2;69;60;79m██[38;2;101;83;122m██[38;2;111;88;138m██[38;2;108;86;132m██[38;2;125;99;163m██[38;2;129;100;167m██[38;2;90;77;104m██[38;2;113;93;138m██[38;2;183;168;205m██[38;2;181;169;205m██[38;2;105;101;115m██[38;2;126;109;144m██[38;2;158;132;187m██[38;2;138;113;173m██[38;2;114;91;149m██[38;2;14;11;17m  [38;2;0;0;0m    
[38;2;0;0;0m  [38;2;61;54;69m██[38;2;134;128;145m██[38;2;110;103;119m██[38;2;118;92;148m██[38;2;106;106;117m██[38;2;76;77;80m██[38;2;199;198;205m██[38;2;105;88;128m██[38;2;183;167;205m██[38;2;181;169;205m██[38;2;69;67;71m██[38;2;137;113;174m██[38;2;128;100;167m██[38;2;129;99;168m██[38;2;89;67;114m  [38;2;0;0;0m      
[38;2;0;0;0m  [38;2;127;108;149m██[38;2;118;98;139m██[38;2;119;96;146m██[38;2;111;91;139m██[38;2;109;107;116m██[38;2;74;72;75m██[38;2;117;103;128m██[38;2;164;141;192m██[38;2;182;168;205m██[38;2;182;167;205m██[38;2;132;114;152m██[38;2;109;92;129m██[38;2;130;99;168m██[38;2;100;83;120m██[38;2;97;82;114m  [38;2;0;0;0m      
[38;2;0;0;0m  [38;2;4;4;4m  [38;2;107;95;119m██[38;2;157;137;184m██[38;2;142;119;177m██[38;2;143;123;168m██[38;2;165;139;193m██[38;2;162;137;184m██[38;2;151;139;167m██[38;2;151;139;169m██[38;2;168;148;189m██[38;2;160;135;188m  [38;2;120;103;138m██[38;2;90;83;98m██[38;2;133;115;154m██[38;2;133;113;157m██[38;2;0;0;0m      
[38;2;0;0;0m    [38;2;28;27;28m  [38;2;29;27;33m  [38;2;87;84;91m████[38;2;131;124;141m██[38;2;84;64;101m██[38;2;184;100;85m██[38;2;184;165;166m██[38;2;83;78;88m██[38;2;159;134;186m██[38;2;159;136;189m██[38;2;157;132;186m██[38;2;148;126;181m██[38;2;25;22;30m  [38;2;0;0;0m      
[38;2;0;0;0m        [38;2;91;79;85m██[38;2;209;140;118m██[38;2;178;122;103m██[38;2;192;153;125m██[38;2;216;167;136m██[38;2;172;139;143m██[38;2;137;103;131m██[38;2;81;71;90m██[38;2;112;94;127m██[38;2;126;105;143m██[38;2;40;34;45m  [38;2;0;0;0m        
[38;2;0;0;0m    [38;2;0;1;0m  [38;2;97;77;122m  [38;2;82;71;93m██[38;2;84;78;81m██[38;2;83;78;75m██[38;2;84;78;74m██[38;2;82;79;76m██[38;2;120;96;156m██[38;2;107;84;142m██[38;2;103;77;135m██[38;2;113;89;148m██[38;2;119;94;154m██[38;2;42;33;54m  [38;2;0;0;0m        
[38;2;0;0;0m    [38;2;32;28;38m██[38;2;72;64;83m██[38;2;98;77;124m██[38;2;101;87;125m██[38;2;117;99;148m██[38;2;100;73;135m██[38;2;102;74;139m██[38;2;116;90;154m██[38;2;128;101;167m██[38;2;101;76;137m██[38;2;102;76;137m██[38;2;117;91;155m  [38;2;129;100;166m██[38;2;46;35;60m  [38;2;0;0;0m      
[38;2;0;0;0m      [38;2;168;172;168m██[38;2;122;96;127m██[38;2;241;162;213m██[38;2;134;106;150m██[38;2;66;64;67m██[38;2;104;76;139m██[38;2;101;76;137m██[38;2;128;101;166m██[38;2;125;98;164m██[38;2;104;76;139m██[38;2;101;76;137m██[38;2;120;90;157m██[38;2;4;3;5m  [38;2;0;0;0m      
[38;2;0;0;0m    [38;2;29;21;28m  [38;2;121;81;113m██[38;2;117;112;86m██[38;2;210;162;151m██[38;2;224;161;178m██[38;2;243;165;213m██[38;2;118;94;124m██[38;2;84;75;101m██[38;2;102;87;127m██[38;2;110;94;135m██[38;2;94;80;114m██[38;2;81;68;98m██[38;2;104;81;97m██[38;2;173;107;155m██[38;2;78;52;86m██[38;2;61;46;89m██[38;2;16;12;23m  
[38;2;0;0;0m    [38;2;60;37;53m██[38;2;191;120;169m██[38;2;144;98;130m██[38;2;232;216;164m██[38;2;223;203;144m██[38;2;180;155;96m████[38;2;179;153;95m██[38;2;121;109;81m██[38;2;247;246;232m██[38;2;149;136;144m██[38;2;243;165;213m██[38;2;135;103;123m██[38;2;182;125;164m██[38;2;142;92;146m██[38;2;93;70;136m  [38;2;0;0;0m  
[38;2;0;0;0m    [38;2;25;16;22m  [38;2;172;107;155m██[38;2;171;109;152m██[38;2;115;102;77m██[38;2;202;177;140m██[38;2;252;233;164m██[38;2;247;228;171m██[38;2;222;198;163m██[38;2;167;155;137m██[38;2;169;119;150m██[38;2;201;150;181m██[38;2;245;165;213m██[38;2;224;147;198m██[38;2;66;54;66m  [38;2;25;17;29m  [38;2;0;0;0m    
[38;2;0;0;0m      [38;2;20;20;20m  [38;2;117;92;109m██[38;2;180;123;133m██[38;2;33;34;29m  [38;2;141;130;87m  [38;2;164;142;88m██[38;2;183;157;101m██[38;2;120;107;82m██[38;2;189;130;167m██[38;2;237;159;207m██[38;2;234;155;203m██[38;2;176;111;158m██[38;2;0;8;5m  [38;2;0;0;0m      
[38;2;0;0;0m      [38;2;62;61;62m  [38;2;55;54;55m██[38;2;2;2;2m  [38;2;0;0;0m    [38;2;36;32;26m  [38;2;76;68;56m██[38;2;48;47;41m██[38;2;114;79;104m██[38;2;191;120;169m████[38;2;70;44;62m██[38;2;0;0;0m        
[38;2;0;0;0m                      [38;2;7;6;7m  [38;2;125;113;125m██[38;2;109;108;109m██[38;2;18;17;18m  [38;2;0;0;0m        
[38;2;0;0;0m                        [38;2;39;35;39m  [38;2;68;67;68m██[38;2;25;24;25m  [38;2;0;0;0m        [0m
