
[38;2;0;0;0m    [38;2;11;8;16m  [38;2;30;29;43m██[38;2;8;6;11m  [38;2;0;0;0m                              
[38;2;0;0;0m    [38;2;86;69;119m██[38;2;117;93;166m██[38;2;78;67;102m  [38;2;110;90;159m██[38;2;111;89;158m██[38;2;110;89;158m██[38;2;36;33;51m  [38;2;10;15;10m  [38;2;96;81;134m██[38;2;74;61;107m  [38;2;0;0;0m                
[38;2;0;0;0m    [38;2;70;61;87m██[38;2;87;75;111m██[38;2;148;117;216m██[38;2;148;120;212m██[38;2;148;120;211m██[38;2;148;119;211m██[38;2;152;122;207m██[38;2;92;77;126m██[38;2;131;109;184m██[38;2;138;113;188m██[38;2;20;15;26m██[38;2;0;0;0m              
[38;2;0;0;0m    [38;2;6;6;6m  [38;2;166;121;205m██[38;2;138;110;201m██[38;2;128;100;190m██[38;2;147;120;211m██[38;2;147;119;211m██[38;2;168;127;217m██[38;2;157;118;193m██[38;2;141;109;175m██[38;2;181;131;195m██[38;2;25;18;27m██[38;2;0;0;0m              
[38;2;0;0;0m    [38;2;95;95;95m██[38;2;193;127;178m██[38;2;210;143;214m██[38;2;203;141;222m██[38;2;203;146;192m██[38;2;247;247;247m██[38;2;204;160;192m██[38;2;194;146;180m██[38;2;180;128;159m██[38;2;200;133;181m██[38;2;16;10;14m  [38;2;0;0;0m              
[38;2;0;0;0m    [38;2;60;53;67m██[38;2;140;110;157m██[38;2;150;120;168m██[38;2;232;182;218m██[38;2;220;200;223m██[38;2;247;247;247m██[38;2;234;232;234m██[38;2;205;128;178m██[38;2;209;145;184m██[38;2;29;19;26m  [38;2;0;0;0m                
[38;2;0;0;0m  [38;2;45;43;47m  [38;2;222;210;235m██[38;2;222;210;230m██[38;2;224;202;226m██[38;2;145;131;169m██[38;2;192;173;203m██[38;2;226;223;233m██[38;2;243;233;242m██[38;2;215;138;186m██[38;2;243;165;213m██[38;2;41;27;35m  [38;2;0;0;0m                
[38;2;0;0;0m  [38;2;183;173;189m██[38;2;222;211;227m██[38;2;113;108;115m██[38;2;222;210;228m██[38;2;222;210;227m██[38;2;207;194;218m██[38;2;184;177;202m██[38;2;145;119;164m██[38;2;245;161;213m██[38;2;243;165;213m██[38;2;166;111;143m██[38;2;0;0;0m                
[38;2;0;0;0m    [38;2;140;138;140m██[38;2;183;174;189m██[38;2;201;191;206m██[38;2;222;211;227m████[38;2;207;193;215m██[38;2;166;155;181m██[38;2;147;119;164m██[38;2;243;165;213m████[38;2;30;20;26m██[38;2;0;0;0m              
[38;2;0;0;0m    [38;2;155;136;170m██[38;2;140;71;66m██[38;2;122;83;81m██[38;2;107;104;109m██[38;2;161;155;166m██[38;2;99;92;109m██[38;2;140;126;163m██[38;2;221;153;200m██[38;2;243;165;213m██[38;2;243;165;212m██[38;2;159;102;139m██[38;2;0;3;0m  [38;2;0;0;0m            
[38;2;0;0;0m  [38;2;186;127;175m██[38;2;203;153;196m██[38;2;171;151;179m██[38;2;180;112;114m██[38;2;200;121;115m██[38;2;139;129;146m██[38;2;164;144;181m██[38;2;215;151;193m██[38;2;245;165;212m██[38;2;244;165;213m██[38;2;199;139;176m██[38;2;99;83;97m██[38;2;21;26;24m  [38;2;0;0;0m            
[38;2;33;25;43m  [38;2;156;119;203m██[38;2;195;136;171m██[38;2;207;145;190m██[38;2;176;136;180m██[38;2;133;120;161m██[38;2;176;141;184m██[38;2;219;152;199m██[38;2;244;165;212m██[38;2;244;165;213m██[38;2;140;106;126m██[38;2;176;173;176m██[38;2;118;133;145m██[38;2;203;210;215m██[38;2;120;126;128m██[38;2;0;0;0m          
[38;2;40;33;58m██[38;2;147;120;211m██[38;2;132;103;137m██[38;2;233;159;205m██[38;2;243;165;213m██[38;2;243;165;212m██[38;2;243;165;213m████[38;2;123;96;113m██[38;2;205;142;179m██[38;2;158;167;170m██[38;2;177;187;193m██[38;2;153;169;175m██[38;2;120;133;139m██[38;2;84;88;90m██[38;2;137;141;146m██[38;2;20;20;20m██[38;2;19;19;19m  [38;2;0;0;0m    
[38;2;10;8;14m  [38;2;194;187;210m██[38;2;131;100;123m██[38;2;245;164;213m██[38;2;244;165;212m██[38;2;243;165;213m████[38;2;245;165;212m██[38;2;219;154;175m██[38;2;105;85;84m██[38;2;125;136;141m██[38;2;204;208;208m██[38;2;87;90;92m██[38;2;128;126;128m██[38;2;191;193;197m██[38;2;169;177;179m██[38;2;77;76;77m██[38;2;179;177;179m██[38;2;0;0;0m    
[38;2;0;0;0m  [38;2;38;24;35m  [38;2;141;102;127m██[38;2;194;160;91m██[38;2;232;160;176m██[38;2;231;160;176m████[38;2;227;159;164m██[38;2;186;145;111m██[38;2;88;87;74m██[38;2;139;157;163m██[38;2;99;99;100m██[38;2;207;205;206m██[38;2;165;163;165m██[38;2;183;186;191m██[38;2;161;172;175m██[38;2;110;108;110m██[38;2;201;201;205m██[38;2;63;63;64m██[38;2;9;10;11m  
[38;2;0;0;0m  [38;2;155;96;141m██[38;2;143;97;130m██[38;2;240;224;171m██[38;2;239;215;151m██████[38;2;239;212;153m██[38;2;236;199;149m██[38;2;136;116;93m██[38;2;83;87;89m██[38;2;188;185;188m██[38;2;163;175;179m██[38;2;211;210;210m██[38;2;186;189;194m██[38;2;106;116;120m██[38;2;101;100;101m██[38;2;125;135;140m██[38;2;90;98;101m██[38;2;9;10;11m  
[38;2;0;0;0m  [38;2;116;72;106m  [38;2;191;120;169m██[38;2;74;68;65m██[38;2;212;183;130m██[38;2;239;215;151m████[38;2;227;201;142m██[38;2;200;155;85m██[38;2;186;159;137m██[38;2;119;124;127m██[38;2;125;130;135m██[38;2;192;196;196m██[38;2;148;148;147m██[38;2;101;99;101m██[38;2;140;138;140m██[38;2;211;210;211m██[38;2;132;138;141m██[38;2;0;0;0m    
[38;2;0;0;0m    [38;2;148;102;137m██[38;2;161;105;143m██[38;2;160;131;103m██[38;2;220;173;127m██[38;2;215;176;133m██[38;2;214;176;135m██[38;2;184;153;125m██[38;2;117;110;103m██[38;2;165;174;176m██[38;2;131;139;144m██[38;2;131;147;153m██[38;2;117;125;128m██[38;2;155;167;173m██[38;2;151;157;161m██[38;2;198;207;209m██[38;2;130;142;148m██[38;2;91;105;111m  [38;2;0;0;0m  
[38;2;0;0;0m  [38;2;147;148;153m██[38;2;96;100;101m██[38;2;139;89;124m██[38;2;75;46;66m  [38;2;114;90;72m██[38;2;148;109;69m██[38;2;172;129;86m██[38;2;209;163;124m██[38;2;59;52;53m██[38;2;71;64;70m██[38;2;101;109;113m██[38;2;139;157;163m██[38;2;96;103;107m██[38;2;84;88;91m██[38;2;119;132;139m██[38;2;85;77;100m██[38;2;75;80;93m██[38;2;0;2;4m  [38;2;0;0;0m  
[38;2;0;0;0m  [38;2;16;18;21m  [38;2;53;52;53m██[38;2;3;3;3m  [38;2;0;0;0m    [38;2;31;26;22m  [38;2;55;46;39m████[38;2;10;8;11m  [38;2;132;88;123m██[38;2;83;87;89m████[38;2;85;93;97m██[38;2;138;156;163m██[38;2;75;82;88m██[38;2;126;99;189m██[38;2;44;34;68m██[38;2;0;0;0m    
[38;2;0;0;0m                    [38;2;123;122;123m  [38;2;196;141;180m██[38;2;173;152;169m██[38;2;98;88;96m  [38;2;0;0;0m            
[38;2;0;0;0m                      [38;2;53;52;53m██[38;2;55;51;55m██[38;2;2;0;1m  [38;2;0;0;0m            [0m
