
[38;2;0;0;0m    [38;2;17;9;10m  [38;2;51;33;36m██[38;2;0;0;0m                                              
[38;2;0;0;0m    [38;2;161;96;104m██[38;2;197;129;139m██[38;2;102;68;73m  [38;2;162;131;141m  [38;2;191;145;159m██[38;2;191;134;149m██[38;2;113;79;87m  [38;2;0;0;0m  [38;2;155;113;125m██[38;2;191;133;147m██[38;2;0;0;0m                              
[38;2;0;0;0m    [38;2;127;76;86m██[38;2;124;96;103m██[38;2;254;193;211m██[38;2;254;207;224m██[38;2;254;198;216m██[38;2;254;178;201m██[38;2;254;176;198m██[38;2;220;148;159m██[38;2;249;170;186m██[38;2;242;161;173m██[38;2;132;92;102m██[38;2;0;0;0m                [38;2;47;47;47m  [38;2;0;0;0m          
[38;2;0;0;0m    [38;2;5;3;5m  [38;2;211;148;164m██[38;2;254;181;201m██[38;2;254;183;206m██[38;2;254;177;197m██[38;2;221;148;161m██[38;2;232;158;173m██[38;2;255;178;197m██[38;2;228;142;147m██[38;2;242;161;173m██[38;2;132;92;102m██[38;2;0;0;0m              [38;2;3;3;3m  [38;2;194;194;189m██[38;2;0;0;0m          
[38;2;0;0;0m    [38;2;76;75;73m██[38;2;214;158;160m██[38;2;254;176;199m████[38;2;233;166;178m██[38;2;250;245;245m██[38;2;201;180;182m██[38;2;240;167;182m██[38;2;228;142;147m██[38;2;242;160;174m██[38;2;79;42;40m  [38;2;0;0;0m            [38;2;2;2;1m  [38;2;107;108;104m██[38;2;182;184;177m██[38;2;0;0;0m          
[38;2;0;0;0m    [38;2;53;46;42m██[38;2;167;124;93m██[38;2;180;125;99m██[38;2;244;170;182m██[38;2;223;179;184m██[38;2;255;255;255m██[38;2;217;217;217m██[38;2;208;143;151m██[38;2;249;170;186m██[38;2;58;32;31m██[38;2;0;0;0m        [38;2;92;92;92m  [38;2;0;0;0m    [38;2;168;168;161m██[38;2;125;126;123m██[38;2;96;97;96m██[38;2;42;43;42m  [38;2;0;0;0m        
[38;2;0;0;0m  [38;2;49;44;36m  [38;2;252;229;191m████[38;2;253;229;190m██[38;2;194;153;108m██[38;2;198;167;137m██[38;2;230;218;207m██[38;2;250;239;244m██[38;2;220;152;166m██[38;2;254;175;200m██[38;2;70;49;54m██[38;2;0;0;0m        [38;2;123;123;120m██[38;2;195;195;191m██[38;2;139;139;133m██[38;2;222;223;219m████[38;2;214;215;212m██[38;2;169;174;172m██[38;2;0;0;0m        
[38;2;0;0;0m  [38;2;198;178;147m██[38;2;254;229;189m██[38;2;148;143;138m██[38;2;253;229;189m██[38;2;252;229;190m██[38;2;239;214;179m██[38;2;230;197;163m██[38;2;176;134;101m██[38;2;243;184;189m██[38;2;254;176;200m██[38;2;254;177;197m██[38;2;0;0;0m        [38;2;30;30;30m  [38;2;207;208;207m██[38;2;137;136;135m██[38;2;117;116;116m██[38;2;222;224;221m██[38;2;168;170;168m██[38;2;90;91;91m██[38;2;105;106;106m  [38;2;0;0;1m  [38;2;129;130;129m██[38;2;33;33;33m  
[38;2;0;0;0m    [38;2;137;127;115m██[38;2;208;188;158m██[38;2;222;202;168m██[38;2;252;229;190m██[38;2;252;231;196m██[38;2;247;217;187m██[38;2;198;159;139m██[38;2;160;116;71m██[38;2;254;175;200m██[38;2;254;177;197m██[38;2;132;92;102m██[38;2;0;0;0m      [38;2;131;131;131m██[38;2;222;222;221m██[38;2;214;214;213m██[38;2;208;209;208m██[38;2;104;103;103m██[38;2;113;114;113m██[38;2;169;174;169m██[38;2;97;97;98m██[38;2;141;143;141m██[38;2;100;101;100m  [38;2;0;0;0m  
[38;2;0;0;0m    [38;2;97;88;83m██[38;2;146;84;88m██[38;2;128;77;79m██[38;2;112;105;96m██[38;2;202;189;171m██[38;2;105;95;89m██[38;2;178;143;114m██[38;2;225;167;158m██[38;2;254;176;200m████[38;2;205;140;157m██[38;2;0;0;0m    [38;2;167;167;160m██[38;2;140;139;136m██[38;2;222;222;221m██[38;2;214;214;209m██[38;2;222;223;218m██[38;2;164;171;176m██[38;2;136;146;154m██[38;2;169;175;172m██[38;2;127;127;124m██[38;2;14;13;12m  [38;2;0;0;0m    
[38;2;0;0;0m  [38;2;39;26;28m  [38;2;194;129;125m██[38;2;205;151;124m██[38;2;189;125;96m██[38;2;206;129;115m██[38;2;150;122;98m██[38;2;205;152;131m██[38;2;210;150;139m██[38;2;254;176;200m██[38;2;254;175;200m██[38;2;254;177;197m██[38;2;224;152;166m██[38;2;100;82;85m██[38;2;109;110;101m██[38;2;222;222;219m██[38;2;222;222;220m██[38;2;104;103;104m██[38;2;150;150;150m██[38;2;185;188;185m██[38;2;151;161;163m██[38;2;165;170;165m██[38;2;143;147;143m██[38;2;35;35;35m  [38;2;0;0;0m      
[38;2;0;0;0m  [38;2;159;106;115m██[38;2;173;120;128m██[38;2;207;144;151m██[38;2;211;148;140m██[38;2;172;129;87m██[38;2;192;140;117m██[38;2;228;160;166m██[38;2;254;178;198m██[38;2;254;177;197m██[38;2;254;176;200m██[38;2;254;177;197m██[38;2;150;107;113m██[38;2;205;136;145m██[38;2;152;144;143m██[38;2;61;61;60m██[38;2;222;222;221m████[38;2;198;201;191m██[38;2;144;144;144m██[38;2;91;91;91m██[38;2;98;99;99m██[38;2;143;147;145m██[38;2;161;166;164m██[38;2;37;38;38m  [38;2;0;0;0m    
[38;2;53;35;38m██[38;2;205;136;146m██[38;2;152;110;118m██[38;2;227;160;181m██[38;2;254;176;199m██[38;2;254;177;197m████[38;2;254;176;199m██[38;2;168;125;138m██[38;2;244;171;190m██[38;2;254;175;200m██[38;2;254;176;197m██[38;2;132;98;103m██[38;2;205;136;145m██[38;2;121;103;107m██[38;2;61;61;61m██[38;2;208;208;207m██[38;2;100;99;100m██[38;2;87;89;81m██[38;2;241;241;241m██[38;2;226;229;224m██[38;2;165;170;168m██[38;2;151;160;161m██[38;2;169;175;171m██[38;2;98;100;101m██[38;2;31;33;35m  [38;2;0;0;0m  
[38;2;53;35;37m██[38;2;176;115;107m██[38;2;121;97;104m██[38;2;254;176;199m██[38;2;254;176;200m██████[38;2;254;177;197m██[38;2;142;109;120m██[38;2;254;175;200m██[38;2;254;176;200m██[38;2;117;94;101m██[38;2;181;127;137m██[38;2;205;136;145m██[38;2;186;127;137m██[38;2;104;103;104m██[38;2;90;91;86m██[38;2;233;233;233m██[38;2;206;210;206m██[38;2;229;230;225m██[38;2;194;199;195m██[38;2;117;128;139m██[38;2;97;116;128m██[38;2;169;175;172m██[38;2;64;67;66m██[38;2;31;33;35m  [38;2;0;0;0m  
[38;2;0;0;0m  [38;2;148;148;148m  [38;2;89;76;79m██[38;2;182;141;91m██[38;2;239;181;164m██[38;2;239;169;164m████[38;2;92;72;75m██[38;2;209;172;180m██[38;2;254;177;196m██[38;2;233;165;182m██[38;2;103;84;88m██[38;2;207;141;152m██[38;2;104;82;85m██[38;2;188;128;138m██[38;2;201;123;129m██[38;2;145;136;137m██[38;2;68;67;68m██[38;2;159;159;159m██[38;2;178;180;178m██[38;2;159;163;161m██[38;2;169;174;171m██[38;2;169;174;172m██[38;2;105;106;105m  [38;2;0;0;0m      
[38;2;0;0;0m  [38;2;119;79;86m  [38;2;163;115;123m██[38;2;219;193;162m██[38;2;239;208;154m██[38;2;237;208;159m████[38;2;212;189;152m██[38;2;173;153;144m██[38;2;190;163;170m██[38;2;138;104;111m██[38;2;238;164;184m██[38;2;247;170;191m██[38;2;239;166;187m██[38;2;137;101;108m██[38;2;205;133;141m██[38;2;185;113;116m██[38;2;165;98;96m██[38;2;82;81;82m██[38;2;65;64;65m██[38;2;77;79;78m██[38;2;152;157;152m██[38;2;42;43;43m██[38;2;0;0;0m        
[38;2;0;0;0m  [38;2;159;106;115m██[38;2;205;136;147m██[38;2;101;77;65m██[38;2;202;173;135m██[38;2;237;208;159m████[38;2;239;208;151m██[38;2;154;129;109m██[38;2;102;81;81m██[38;2;222;153;166m██[38;2;254;175;199m██[38;2;254;176;199m████[38;2;132;97;103m██[38;2;203;134;144m██[38;2;95;71;75m██[38;2;91;91;91m████[38;2;164;169;164m██[38;2;46;48;46m  [38;2;0;0;0m            
[38;2;0;0;0m  [38;2;39;26;28m  [38;2;205;136;145m██[38;2;161;125;120m██[38;2;143;120;104m██[38;2;214;175;132m██[38;2;215;175;132m████[38;2;196;160;137m██[38;2;111;86;77m██[38;2;210;139;149m██[38;2;252;174;198m██[38;2;254;176;198m██[38;2;217;145;156m██[38;2;107;75;81m██[38;2;49;32;35m  [38;2;0;0;0m  [38;2;43;43;43m████[38;2;38;38;38m  [38;2;0;0;0m              
[38;2;0;0;0m  [38;2;43;43;43m  [38;2;140;99;94m██[38;2;199;132;139m██[38;2;172;115;118m██[38;2;106;76;65m██[38;2;136;104;77m██[38;2;172;129;87m██[38;2;192;152;114m██[38;2;112;101;92m██[38;2;176;117;127m██[38;2;205;136;145m██[38;2;205;136;146m██[38;2;153;102;110m██[38;2;0;0;0m                          
[38;2;0;0;0m  [38;2;88;95;105m██[38;2;184;182;181m██[38;2;75;61;63m██[38;2;51;34;35m██[38;2;7;7;4m  [38;2;21;16;12m  [38;2;55;46;38m██[38;2;55;46;39m████[38;2;22;15;16m  [38;2;235;162;178m██[38;2;242;166;184m██[38;2;143;102;114m██[38;2;0;0;0m                          
[38;2;0;0;0m                    [38;2;50;49;50m██[38;2;112;111;112m██[38;2;132;112;117m██[38;2;112;111;112m██[38;2;0;0;0m                          
[38;2;0;0;0m                    [38;2;28;28;28m  [38;2;86;86;86m██[38;2;34;34;34m  [38;2;63;63;63m██[38;2;0;0;0m                          [0m
