
[38;2;0;0;0m                          [38;2;0;6;6m  [38;2;0;46;41m██[38;2;0;0;0m                                      
[38;2;0;0;0m                          [38;2;1;144;128m██[38;2;1;174;156m██[38;2;1;139;123m██[38;2;0;36;31m  [38;2;0;0;0m                                  
[38;2;0;0;0m                      [38;2;0;64;56m██[38;2;0;150;122m██[38;2;2;175;156m████[38;2;1;171;149m██[38;2;0;127;101m██[38;2;0;39;26m██[38;2;0;8;5m  [38;2;0;0;0m                              
[38;2;0;0;0m                      [38;2;0;174;156m██[38;2;0;170;149m██[38;2;2;174;156m██[38;2;2;175;156m██[38;2;1;173;153m██[38;2;0;132;98m██[38;2;0;154;128m██[38;2;0;105;72m██[38;2;0;0;0m                              
[38;2;0;0;0m                    [38;2;0;85;71m██[38;2;0;173;153m██[38;2;0;166;144m██[38;2;2;175;156m████[38;2;1;170;150m██[38;2;0;169;148m██[38;2;0;128;93m██[38;2;20;110;86m██[38;2;27;97;75m██[38;2;0;120;81m██[38;2;0;0;0m                          
[38;2;0;0;0m                  [38;2;21;6;2m  [38;2;5;116;85m██[38;2;0;124;87m██[38;2;0;122;85m██[38;2;0;175;156m██[38;2;0;175;155m██[38;2;0;133;100m██[38;2;0;136;104m██[38;2;0;120;81m██[38;2;52;76;69m██[38;2;0;170;150m██[38;2;0;127;92m██[38;2;0;67;46m  [38;2;0;0;0m                        
[38;2;0;0;0m                [38;2;0;40;33m  [38;2;5;172;148m██[38;2;142;74;76m██[38;2;205;84;89m██[38;2;15;110;79m██[38;2;0;120;81m██[38;2;8;119;88m██[38;2;26;95;71m██[38;2;29;95;74m██[38;2;31;100;83m██[38;2;7;161;145m██[38;2;0;148;120m██[38;2;0;149;121m██[38;2;0;119;81m██[38;2;0;10;7m██[38;2;0;0;0m                      
[38;2;0;0;0m                [38;2;0;59;49m██[38;2;0;173;155m██[38;2;38;112;105m██[38;2;62;74;72m██[38;2;15;139;111m██[38;2;64;65;66m██[38;2;59;65;60m██[38;2;0;172;148m██[38;2;1;172;154m██[38;2;0;172;154m██[38;2;0;131;98m██[38;2;0;156;131m██[38;2;0;166;144m██[38;2;0;120;81m██[38;2;0;10;7m██[38;2;0;0;0m                      
[38;2;0;0;0m                [38;2;0;28;19m  [38;2;0;146;117m██[38;2;0;147;118m██[38;2;0;144;114m██[38;2;0;120;81m██[38;2;0;148;120m██[38;2;1;166;144m██[38;2;1;175;156m██[38;2;0;154;127m██[38;2;0;147;119m██[38;2;0;146;117m██[38;2;0;119;81m██[38;2;0;120;81m██[38;2;0;73;50m██[38;2;0;0;0m                        
[38;2;0;0;0m                  [38;2;0;3;2m  [38;2;0;113;78m██[38;2;3;112;78m██[38;2;36;84;69m██[38;2;0;172;153m██[38;2;0;174;156m██[38;2;0;172;152m██[38;2;0;133;100m██[38;2;9;155;132m██[38;2;18;115;84m██[38;2;10;112;78m██[38;2;0;16;11m  [38;2;0;0;0m    [38;2;26;38;51m██[38;2;57;82;109m██[38;2;0;0;0m                  
[38;2;0;0;0m                        [38;2;12;18;15m  [38;2;9;121;86m██[38;2;2;143;113m██[38;2;0;116;79m██[38;2;30;103;78m██[38;2;152;102;104m██[38;2;36;47;39m██[38;2;4;0;0m  [38;2;0;0;0m  [38;2;14;25;31m  [38;2;38;67;81m██[38;2;64;97;117m██[38;2;65;92;109m██[38;2;19;33;41m  [38;2;0;0;0m                
[38;2;0;0;0m                          [38;2;14;10;7m  [38;2;57;71;60m██[38;2;73;73;67m██[38;2;165;101;112m██[38;2;152;92;98m██[38;2;1;2;2m  [38;2;6;7;6m  [38;2;17;16;15m██[38;2;71;115;137m██[38;2;183;184;165m██[38;2;252;221;182m██[38;2;172;180;168m██[38;2;65;115;142m██[38;2;6;12;15m██[38;2;3;5;6m  [38;2;0;0;0m            
[38;2;0;0;0m                      [38;2;0;6;4m  [38;2;0;76;52m██[38;2;6;6;6m  [38;2;111;89;50m██[38;2;152;119;56m██[38;2;110;89;51m██[38;2;54;74;68m██[38;2;32;61;48m██[38;2;129;139;125m██[38;2;159;149;143m██[38;2;122;116;102m██[38;2;198;176;141m██[38;2;216;128;123m██[38;2;254;231;195m██[38;2;62;115;145m██[38;2;63;115;145m██[38;2;51;91;116m██[38;2;0;0;0m            
[38;2;0;0;0m                  [38;2;1;0;0m  [38;2;27;25;16m██[38;2;101;165;61m██[38;2;16;159;131m██[38;2;4;122;83m██[38;2;10;123;84m██[38;2;139;129;63m██[38;2;50;127;88m██[38;2;0;134;101m██[38;2;0;145;117m██[38;2;145;160;144m██[38;2;136;151;136m██[38;2;32;111;75m██[38;2;68;84;65m██[38;2;138;136;113m██[38;2;254;234;197m██[38;2;251;217;187m██[38;2;248;201;177m██[38;2;211;205;181m██[38;2;65;109;135m██[38;2;60;80;99m██[38;2;55;82;108m██[38;2;15;22;29m  [38;2;0;0;0m    
[38;2;0;0;0m                  [38;2;155;91;101m██[38;2;201;136;130m██[38;2;106;180;62m██[38;2;86;160;72m██[38;2;94;157;76m██[38;2;156;162;127m██[38;2;67;150;75m██[38;2;9;153;129m██[38;2;0;162;139m██[38;2;4;131;98m██[38;2;64;161;77m██[38;2;75;152;64m██[38;2;89;150;63m██[38;2;107;164;59m██[38;2;123;152;73m██[38;2;122;116;104m██[38;2;182;135;133m██[38;2;242;173;159m██[38;2;242;172;158m██[38;2;145;141;133m██[38;2;61;79;95m██[38;2;48;72;94m██[38;2;0;0;0m      
[38;2;0;0;0m              [38;2;56;34;37m  [38;2;227;134;145m██[38;2;224;133;147m██[38;2;156;167;101m██[38;2;199;172;137m██[38;2;209;186;147m██[38;2;208;190;150m██[38;2;182;179;128m██[38;2;107;163;58m██[38;2;107;159;56m██[38;2;108;177;61m██[38;2;142;192;88m██[38;2;153;190;93m██[38;2;142;201;82m██[38;2;118;170;65m██[38;2;107;164;59m██[38;2;135;167;76m██[38;2;184;158;112m██[38;2;150;114;117m██[38;2;212;198;165m██[38;2;251;231;189m██[38;2;176;153;130m██[38;2;53;62;73m██[38;2;0;0;0m        
[38;2;0;0;0m              [38;2;239;145;160m██[38;2;228;181;142m██[38;2;145;199;97m██[38;2;158;183;107m██[38;2;253;234;197m██[38;2;212;191;153m██[38;2;130;203;89m██[38;2;117;210;78m██[38;2;110;194;66m██[38;2;111;192;66m██[38;2;141;201;94m██[38;2;238;153;160m██[38;2;239;146;159m██[38;2;207;153;133m██[38;2;184;160;110m██[38;2;145;183;76m██[38;2;149;186;78m██[38;2;169;175;95m██[38;2;219;128;143m██[38;2;137;138;103m██[38;2;154;145;114m██[38;2;88;101;113m██[38;2;21;32;42m██[38;2;0;0;0m        
[38;2;0;0;0m            [38;2;86;102;47m██[38;2;194;231;107m██[38;2;195;231;106m██[38;2;195;232;107m██[38;2;196;231;107m██[38;2;197;165;137m██[38;2;252;235;200m██[38;2;196;193;143m██[38;2;120;204;80m██[38;2;112;214;75m██[38;2;133;218;80m██[38;2;227;182;141m██[38;2;237;162;158m██[38;2;220;156;138m██[38;2;215;137;140m██[38;2;209;135;135m██[38;2;217;129;141m██[38;2;192;154;116m██[38;2;159;189;81m██[38;2;159;188;81m██[38;2;152;187;81m██[38;2;47;84;87m██[38;2;51;75;102m██[38;2;0;0;0m          
[38;2;0;0;0m          [38;2;0;15;12m  [38;2;173;211;100m██[38;2;195;232;107m██[38;2;195;232;106m██[38;2;205;200;137m██[38;2;191;175;124m██[38;2;245;223;187m██[38;2;254;235;198m██[38;2;201;175;137m██[38;2;187;226;104m██[38;2;128;217;79m██[38;2;191;231;105m██[38;2;197;228;109m██[38;2;205;217;117m██[38;2;221;129;146m██[38;2;218;127;144m██[38;2;214;132;138m██[38;2;217;128;142m██[38;2;182;201;99m██[38;2;159;187;82m██[38;2;159;189;81m██[38;2;26;131;81m██[38;2;16;111;79m██[38;2;21;13;17m  [38;2;0;0;0m          
[38;2;0;0;0m        [38;2;0;45;31m██[38;2;36;103;62m██[38;2;154;210;104m██[38;2;196;231;107m██[38;2;196;214;116m██[38;2;212;194;151m██[38;2;252;238;195m██[38;2;228;206;169m██[38;2;193;185;123m██[38;2;196;231;106m██[38;2;197;231;106m██[38;2;197;231;107m██[38;2;196;231;106m██[38;2;195;232;106m██[38;2;196;231;106m██[38;2;196;231;107m██[38;2;207;174;127m██[38;2;210;165;130m██[38;2;198;225;109m██[38;2;191;224;103m██[38;2;159;188;82m██[38;2;101;164;82m██[38;2;0;120;82m██[38;2;18;107;79m██[38;2;34;82;78m██[38;2;36;62;79m██[38;2;0;0;0m        
[38;2;0;0;0m        [38;2;0;110;76m██[38;2;0;120;81m██[38;2;62;147;70m██[38;2;21;133;84m██[38;2;215;205;153m██[38;2;252;235;200m██[38;2;253;234;198m██[38;2;192;166;129m██[38;2;195;231;107m██[38;2;195;232;107m██[38;2;197;231;107m██[38;2;139;219;82m██[38;2;143;220;84m██[38;2;195;232;107m██[38;2;195;232;106m██[38;2;195;232;107m████[38;2;195;231;106m██[38;2;195;232;107m██[38;2;179;213;95m██[38;2;21;130;81m██[38;2;0;120;81m██[38;2;1;119;81m██[38;2;59;78;88m██[38;2;57;110;143m██[38;2;63;115;145m██[38;2;58;103;126m██[38;2;19;33;40m  [38;2;0;0;0m    
[38;2;0;0;0m        [38;2;16;80;56m██[38;2;98;158;58m██[38;2;136;185;73m██[38;2;46;139;71m██[38;2;178;190;153m██[38;2;252;234;200m██[38;2;218;192;161m██[38;2;190;226;106m██[38;2;114;184;96m██[38;2;195;232;107m██[38;2;195;232;106m██[38;2;185;229;102m██[38;2;185;228;101m██[38;2;195;232;106m████[38;2;168;216;103m██[38;2;114;184;96m██[38;2;166;213;102m██[38;2;114;180;89m██[38;2;23;131;80m██[38;2;43;138;71m██[38;2;30;133;74m██[38;2;28;96;83m██[38;2;56;79;97m██[38;2;59;101;130m██[38;2;60;104;133m██[38;2;61;111;140m██[38;2;56;85;112m██[38;2;19;28;37m  [38;2;0;0;0m  
[38;2;0;0;0m        [38;2;36;46;52m██[38;2;67;73;71m██[38;2;40;88;75m██[38;2;5;111;88m██[38;2;246;231;196m██[38;2;254;235;198m██[38;2;117;172;134m██[38;2;17;129;81m██[38;2;101;161;61m██[38;2;36;137;79m██[38;2;197;229;104m██[38;2;159;209;102m██[38;2;9;126;83m██[38;2;59;150;81m██[38;2;47;147;86m██[38;2;39;137;76m██[38;2;101;161;61m██[38;2;82;158;76m██[38;2;109;167;60m██[38;2;47;140;71m██[38;2;7;124;80m██[38;2;0;121;81m██[38;2;65;65;67m██[38;2;56;83;111m██[38;2;56;84;112m██[38;2;57;84;113m██[38;2;57;85;113m██[38;2;56;84;112m██[38;2;57;77;99m██[38;2;15;16;18m  
[38;2;32;32;32m  [38;2;101;89;72m██[38;2;243;244;242m██[38;2;110;98;87m██[38;2;116;124;122m██[38;2;66;112;140m██[38;2;68;122;140m██[38;2;155;169;175m██[38;2;253;235;199m██[38;2;236;228;202m██[38;2;64;131;69m██[38;2;107;163;57m██[38;2;106;163;60m██[38;2;132;190;86m██[38;2;51;142;72m██[38;2;63;146;68m██[38;2;66;148;66m██[38;2;89;161;70m██[38;2;95;159;59m██[38;2;121;173;65m██[38;2;110;171;73m██[38;2;85;159;72m██[38;2;105;154;59m██[38;2;32;127;76m██[38;2;31;94;78m██[38;2;61;74;88m██[38;2;56;83;112m██[38;2;59;78;99m██[38;2;57;83;111m██[38;2;56;84;112m██[38;2;56;84;111m██[38;2;58;74;92m██[38;2;116;113;114m██[38;2;25;23;22m  
[38;2;0;0;0m  [38;2;187;178;162m██[38;2;208;184;154m██[38;2;189;161;132m██[38;2;254;235;198m██[38;2;85;82;79m██[38;2;64;114;143m██[38;2;62;115;145m██[38;2;65;113;147m██[38;2;92;116;131m██[38;2;59;103;99m██[38;2;39;98;72m██[38;2;106;162;60m██[38;2;88;160;76m██[38;2;73;147;62m██[38;2;105;163;59m██[38;2;78;92;65m██[38;2;78;93;65m██[38;2;106;162;59m██[38;2;71;147;64m██[38;2;0;116;74m██[38;2;1;120;81m██[38;2;8;102;81m██[38;2;53;93;74m██[38;2;44;82;79m██[38;2;56;84;112m████[38;2;62;73;86m██[38;2;64;65;68m██[38;2;56;82;110m██[38;2;47;71;93m  [38;2;0;2;5m  [38;2;0;3;6m  [38;2;0;0;0m  
[38;2;0;0;0m  [38;2;91;84;71m  [38;2;254;235;198m██[38;2;252;234;200m██[38;2;252;235;200m██[38;2;254;234;198m██[38;2;63;80;93m██[38;2;59;99;128m██████[38;2;58;98;127m██[38;2;61;75;91m██[38;2;61;74;91m██[38;2;51;77;77m██[38;2;36;90;75m██[38;2;42;85;71m██[38;2;183;183;183m██[38;2;204;204;204m██[38;2;120;119;120m██[38;2;126;143;140m██[38;2;51;77;77m██[38;2;61;74;91m████[38;2;56;83;112m██[38;2;56;84;112m██████[38;2;41;53;66m██[38;2;0;0;0m            
[38;2;0;0;0m    [38;2;207;180;140m██[38;2;151;107;52m██[38;2;249;228;190m██[38;2;252;232;194m██[38;2;150;139;115m██[38;2;57;82;110m██[38;2;56;84;112m██[38;2;56;83;112m██[38;2;56;84;112m██[38;2;57;84;112m██[38;2;56;83;112m██[38;2;57;82;111m██[38;2;73;79;86m██[38;2;248;227;191m██[38;2;202;175;140m██[38;2;196;165;137m██[38;2;232;230;223m██[38;2;162;152;144m██[38;2;80;79;80m██[38;2;62;71;83m██[38;2;56;83;112m██[38;2;57;84;112m██[38;2;56;84;112m████[38;2;51;76;99m  [38;2;0;0;0m              
[38;2;0;0;0m    [38;2;18;13;6m  [38;2;144;107;49m██[38;2;179;138;80m██[38;2;212;194;150m██[38;2;149;139;115m██[38;2;62;71;83m██[38;2;56;84;111m██[38;2;56;84;112m████████[38;2;63;75;91m██[38;2;192;181;159m██[38;2;253;235;198m██[38;2;255;235;198m████[38;2;213;194;158m██[38;2;208;188;170m██[38;2;222;215;213m██[38;2;62;71;83m██[38;2;56;83;112m██[38;2;56;84;111m████[38;2;39;58;77m██[38;2;0;0;0m                
[38;2;0;0;0m        [38;2;48;34;16m  [38;2;177;163;125m██[38;2;31;31;31m  [38;2;0;0;0m    [38;2;48;72;96m████[38;2;49;73;97m██[38;2;56;84;111m██[38;2;93;95;97m██[38;2;253;235;199m██[38;2;219;193;152m██[38;2;151;108;50m██[38;2;167;128;78m██[38;2;215;195;150m██[38;2;209;194;160m██[38;2;85;79;74m██[38;2;56;83;111m██[38;2;56;84;111m██[38;2;48;72;95m██[38;2;1;2;2m  [38;2;0;0;0m                  
[38;2;0;0;0m                      [38;2;1;2;3m  [38;2;18;27;36m██[38;2;93;89;85m██[38;2;238;217;175m██[38;2;152;109;51m██[38;2;175;137;62m██[38;2;170;131;60m██[38;2;200;180;132m██[38;2;182;170;133m██[38;2;37;34;33m██[38;2;18;27;36m████[38;2;0;0;0m                      
[38;2;0;0;0m                          [38;2;7;7;7m  [38;2;161;151;120m██[38;2;163;126;68m██[38;2;172;133;60m██[38;2;151;108;57m██[38;2;203;183;138m██[38;2;115;107;84m  [38;2;0;0;0m                            
[38;2;0;0;0m                            [38;2;38;35;27m  [38;2;210;193;149m██[38;2;197;174;128m██[38;2;159;141;105m██[38;2;56;52;41m██[38;2;0;0;0m                              [0m
