
[38;2;0;0;0m                [38;2;21;21;23m  [38;2;59;59;61m██[38;2;11;12;16m  [38;2;0;0;0m                                        
[38;2;0;0;0m                [38;2;187;188;209m██[38;2;166;167;187m██[38;2;74;76;102m██[38;2;4;4;5m  [38;2;0;0;0m  [38;2;173;173;179m  [38;2;92;92;95m  [38;2;0;0;0m                                
[38;2;0;0;0m          [38;2;44;45;51m  [38;2;53;53;61m██[38;2;193;194;223m██[38;2;173;179;210m██[38;2;117;121;151m██[38;2;156;158;189m██[38;2;183;180;204m██[38;2;125;126;145m██[38;2;214;215;247m██[38;2;142;146;164m██[38;2;0;0;0m██                              
[38;2;0;0;0m        [38;2;166;161;179m██[38;2;206;206;236m██[38;2;145;154;185m████[38;2;173;179;210m██[38;2;145;154;185m████[38;2;178;176;200m██[38;2;213;215;246m██[38;2;147;156;187m██[38;2;157;155;164m██[38;2;0;0;0m██                              
[38;2;0;0;0m      [38;2;141;144;154m██[38;2;147;156;179m██[38;2;147;156;181m██[38;2;209;211;239m██[38;2;191;195;226m██[38;2;178;183;209m██[38;2;214;215;247m██[38;2;204;206;238m██[38;2;191;194;226m██[38;2;188;188;207m██[38;2;161;158;165m██[38;2;162;158;164m██[38;2;40;39;41m██[38;2;0;0;0m  [38;2;31;34;40m██[38;2;54;54;60m██[38;2;0;0;0m                        
[38;2;0;0;0m    [38;2;39;39;43m  [38;2;135;137;150m██[38;2;151;159;184m██[38;2;234;234;243m██[38;2;170;175;199m██[38;2;204;203;226m██[38;2;232;231;245m██[38;2;114;113;124m██[38;2;93;94;102m██[38;2;80;82;90m██[38;2;132;127;144m██[38;2;162;158;165m██[38;2;162;159;165m████[38;2;91;92;96m██[38;2;159;167;189m██[38;2;184;189;216m██[38;2;160;161;185m██[38;2;67;67;77m  [38;2;0;0;0m                    
[38;2;0;0;0m    [38;2;43;43;48m  [38;2;148;148;168m██[38;2;237;236;246m██[38;2;140;152;174m██[38;2;211;210;235m██[38;2;181;182;207m██[38;2;162;159;166m██[38;2;240;240;241m██[38;2;75;76;83m██[38;2;79;81;89m██[38;2;138;133;148m██[38;2;105;103;127m██[38;2;153;149;158m██[38;2;162;159;165m██[38;2;126;122;126m██[38;2;93;92;95m██[38;2;139;144;160m██[38;2;137;145;170m██[38;2;99;100;107m██[38;2;53;53;61m██[38;2;20;20;23m  [38;2;0;0;0m      [38;2;34;35;41m  [38;2;61;63;70m██[38;2;176;179;192m██[38;2;0;0;0m    
[38;2;0;0;0m    [38;2;47;46;53m  [38;2;202;201;228m██[38;2;196;199;226m██[38;2;160;166;182m██[38;2;151;153;166m██[38;2;28;27;29m██[38;2;171;153;160m██[38;2;243;239;248m██[38;2;72;73;79m██[38;2;142;148;170m██[38;2;162;158;165m██[38;2;168;166;184m██[38;2;157;157;183m██[38;2;132;140;165m██[38;2;152;151;170m██[38;2;104;104;128m██[38;2;128;127;130m██[38;2;136;145;171m██[38;2;145;147;161m██[38;2;113;113;124m██[38;2;181;182;209m██[38;2;139;140;161m  [38;2;103;104;119m  [38;2;160;161;185m██[38;2;147;149;169m██[38;2;163;166;186m██[38;2;70;74;83m██[38;2;0;0;0m    
[38;2;0;0;0m  [38;2;34;34;36m  [38;2;143;151;182m██[38;2;211;210;236m██[38;2;214;214;247m██[38;2;156;164;195m██[38;2;169;175;205m██[38;2;100;103;118m██[38;2;101;77;91m██[38;2;104;101;110m██[38;2;183;184;202m██[38;2;123;125;144m██[38;2;141;140;152m██[38;2;116;118;147m██[38;2;214;213;240m██[38;2;214;215;247m██[38;2;145;147;174m██[38;2;87;86;111m██[38;2;102;105;121m██[38;2;161;161;172m██[38;2;130;135;153m██[38;2;114;113;123m██[38;2;214;214;246m██[38;2;132;141;171m██[38;2;191;194;226m██[38;2;135;145;171m██[38;2;135;139;155m██[38;2;0;2;4m  [38;2;0;0;0m      
[38;2;33;34;36m  [38;2;166;169;178m██[38;2;151;160;184m██[38;2;159;167;190m██[38;2;145;154;185m██████[38;2;185;189;221m██[38;2;173;179;210m██[38;2;145;154;185m██[38;2;162;167;198m██[38;2;217;215;243m██[38;2;151;155;184m██[38;2;213;211;240m██[38;2;182;185;215m██[38;2;145;154;185m██[38;2;130;136;168m██[38;2;75;70;84m██[38;2;132;137;157m██[38;2;161;158;164m██[38;2;107;104;107m██[38;2;216;214;243m██[38;2;215;214;245m██[38;2;102;108;133m██[38;2;163;168;183m██[38;2;152;156;166m██[38;2;13;14;15m  [38;2;0;0;0m        
[38;2;44;47;49m██[38;2;207;205;232m██[38;2;198;199;227m██[38;2;204;207;223m██[38;2;177;186;202m██[38;2;166;176;194m██[38;2;194;200;215m██[38;2;205;207;239m██[38;2;217;215;243m██[38;2;152;160;191m██[38;2;215;215;245m██[38;2;217;215;243m██[38;2;203;205;237m██[38;2;197;194;218m██[38;2;127;130;143m██[38;2;122;119;122m██[38;2;59;57;59m  [38;2;122;119;122m██[38;2;132;128;132m██[38;2;90;88;90m██[38;2;133;129;133m██[38;2;137;145;168m██[38;2;160;164;189m██[38;2;155;160;176m██[38;2;135;138;159m██[38;2;77;84;103m  [38;2;0;0;0m          
[38;2;14;15;16m  [38;2;189;186;195m██[38;2;231;229;238m██[38;2;215;218;230m██[38;2;204;207;225m██[38;2;193;195;224m██[38;2;200;202;232m██[38;2;213;214;247m██[38;2;214;215;246m██[38;2;214;214;241m██[38;2;185;189;217m██[38;2;146;154;184m██[38;2;166;163;175m██[38;2;154;154;162m██[38;2;20;22;23m  [38;2;0;0;0m      [38;2;9;8;9m  [38;2;152;153;164m██[38;2;162;159;164m██[38;2;156;156;168m██[38;2;131;141;167m██[38;2;159;165;181m██[38;2;147;152;170m██[38;2;44;44;49m  [38;2;0;0;0m          
[38;2;0;0;0m  [38;2;0;4;4m  [38;2;121;124;129m██[38;2;209;213;226m██[38;2;204;206;225m██[38;2;193;194;224m██[38;2;192;194;225m██[38;2;140;147;172m██[38;2;133;140;164m██[38;2;133;140;158m██[38;2;158;159;172m██[38;2;136;134;139m██[38;2;89;87;89m██[38;2;41;42;41m██[38;2;0;1;0m  [38;2;0;0;0m    [38;2;30;33;41m██[38;2;91;95;108m██[38;2;133;137;151m██[38;2;162;159;164m██[38;2;157;156;167m██[38;2;149;156;174m██[38;2;139;147;174m██[38;2;127;133;155m██[38;2;124;124;140m██[38;2;105;105;119m██[38;2;0;0;0m        
[38;2;0;0;0m    [38;2;8;9;11m  [38;2;30;33;41m████[38;2;132;132;145m██[38;2;151;152;165m██[38;2;159;157;165m██[38;2;116;112;116m██[38;2;40;39;40m██[38;2;41;41;41m██[38;2;15;18;15m██[38;2;0;0;0m          [38;2;30;33;41m████[38;2;21;23;28m██[38;2;112;108;112m██[38;2;135;143;168m██[38;2;164;167;183m██[38;2;91;91;97m██[38;2;83;82;98m██[38;2;156;164;195m██[38;2;213;215;247m██[38;2;0;0;0m        
[38;2;0;0;0m                                          [38;2;4;4;4m  [38;2;68;69;78m██[38;2;109;117;145m██[38;2;136;132;147m██[38;2;156;155;165m██[38;2;151;154;178m██[38;2;0;0;0m        
[38;2;0;0;0m                                            [38;2;75;82;101m██[38;2;113;122;150m██[38;2;108;109;136m██[38;2;151;149;163m██[38;2;28;28;29m██[38;2;0;0;0m        
[38;2;0;0;0m                                      [38;2;1;1;1m  [38;2;21;21;28m██[38;2;27;27;37m██[38;2;82;83;100m██[38;2;108;116;141m██[38;2;90;92;116m██[38;2;120;120;132m██[38;2;213;214;245m██[38;2;43;43;49m  [38;2;0;0;0m      
[38;2;0;0;0m                                      [38;2;1;1;1m  [38;2;21;21;28m██[38;2;87;87;118m██[38;2;119;129;160m██[38;2;87;89;102m██[38;2;139;135;139m██[38;2;182;179;194m██[38;2;167;173;205m██[38;2;117;124;149m██[38;2;0;0;0m      
[38;2;0;0;0m                                          [38;2;11;12;15m██[38;2;123;134;165m██[38;2;118;128;158m██[38;2;124;120;139m██[38;2;134;136;156m██[38;2;185;184;211m██[38;2;205;204;232m██[38;2;84;84;97m██[38;2;0;0;0m    
[38;2;0;0;0m                            [38;2;44;48;59m██[38;2;92;101;123m██[38;2;0;0;0m          [38;2;2;3;3m  [38;2;87;95;117m██[38;2;100;107;128m██[38;2;123;128;152m██[38;2;136;136;152m██[38;2;116;118;148m██[38;2;54;53;61m██[38;2;167;168;193m██[38;2;160;161;185m██[38;2;41;41;47m  
[38;2;0;0;0m                            [38;2;44;48;59m  [38;2;123;134;165m██[38;2;97;104;131m██[38;2;15;15;15m  [38;2;0;0;0m        [38;2;28;28;28m  [38;2;79;82;93m██[38;2;127;127;140m██[38;2;110;117;140m██[38;2;38;38;39m  [38;2;0;0;0m        
[38;2;0;0;0m                              [38;2;92;100;123m██[38;2;85;85;115m██[38;2;63;62;63m  [38;2;0;0;0m    [38;2;37;37;50m  [38;2;4;4;4m  [38;2;118;116;120m██[38;2;152;149;156m██[38;2;99;101;126m██[38;2;92;98;116m██[38;2;0;0;0m          
[38;2;0;0;0m                                [38;2;25;25;25m  [38;2;85;85;115m██[38;2;87;87;115m██[38;2;18;21;23m██[38;2;84;87;106m██[38;2;117;127;156m██[38;2;107;111;126m██[38;2;97;102;118m██[38;2;92;100;123m██[38;2;77;84;103m  [38;2;0;0;0m          
[38;2;0;0;0m                                  [38;2;85;85;115m██[38;2;86;85;115m██[38;2;19;19;24m██[38;2;106;115;142m██[38;2;93;95;126m██[38;2;81;81;107m██[38;2;30;32;36m██[38;2;10;11;14m  [38;2;0;0;0m            
[38;2;0;0;0m                                        [38;2;35;38;47m  [38;2;69;69;93m██[38;2;47;51;63m██[38;2;0;0;0m                
[38;2;0;0;0m                                          [38;2;2;3;3m  [38;2;11;12;15m  [38;2;0;0;0m                [0m
