
[38;2;0;0;0m  [38;2;55;54;55m  [38;2;38;38;38m  [38;2;0;0;0m                                      
[38;2;37;37;37m  [38;2;173;172;173m██[38;2;207;208;207m██[38;2;181;182;181m██[38;2;0;0;0m                                    
[38;2;49;49;49m██[38;2;161;157;158m██[38;2;181;181;181m██[38;2;121;113;113m██[38;2;0;0;0m                                    
[38;2;4;4;4m  [38;2;146;146;145m██[38;2;160;158;154m██[38;2;20;20;19m██[38;2;0;0;0m          [38;2;201;199;201m██[38;2;201;202;201m██[38;2;119;120;119m  [38;2;0;0;0m                    
[38;2;0;0;0m  [38;2;42;39;39m  [38;2;65;62;61m██[38;2;2;2;2m  [38;2;0;0;0m      [38;2;4;4;4m  [38;2;85;83;83m██[38;2;108;107;108m██[38;2;128;128;128m██[38;2;101;101;101m  [38;2;5;5;5m  [38;2;0;0;0m          [38;2;115;108;107m██[38;2;101;97;97m██[38;2;73;74;73m██[38;2;10;10;10m  
[38;2;0;0;0m  [38;2;94;87;87m██[38;2;115;106;106m██[38;2;70;70;69m██[38;2;0;0;0m  ████[38;2;79;73;74m██[38;2;115;105;106m██[38;2;119;112;113m██[38;2;140;140;140m██[38;2;126;124;126m██[38;2;83;84;83m██[38;2;0;0;0m        [38;2;62;59;58m██[38;2;79;76;74m██[38;2;115;106;106m██[38;2;109;103;102m██[38;2;22;22;22m██
[38;2;0;0;0m    [38;2;80;79;77m██[38;2;176;175;175m██[38;2;103;104;103m██[38;2;181;182;181m██[38;2;199;200;199m██[38;2;189;194;189m██[38;2;151;152;151m██[38;2;139;139;138m  [38;2;87;85;83m██[38;2;84;81;81m██[38;2;73;72;73m██[38;2;142;142;142m██[38;2;11;11;11m  [38;2;0;0;0m    [38;2;48;45;46m██[38;2;113;105;105m██[38;2;108;101;102m██[38;2;73;73;73m██[38;2;10;10;10m  
[38;2;0;0;0m      [38;2;149;150;149m  [38;2;95;96;94m██[38;2;117;109;109m██[38;2;221;220;221m██[38;2;181;181;181m██████[38;2;208;208;208m██[38;2;218;219;218m██[38;2;213;213;212m██[38;2;143;138;139m██[38;2;135;132;134m██[38;2;95;97;95m██[38;2;16;16;16m██[38;2;181;182;181m██[38;2;72;71;72m██[38;2;67;68;67m  [38;2;0;0;0m    
[38;2;0;0;0m      [38;2;0;1;0m  [38;2;83;82;81m██[38;2;166;166;166m██[38;2;195;195;195m██[38;2;185;184;185m██[38;2;228;228;228m██[38;2;189;189;189m██[38;2;228;228;228m██[38;2;181;181;181m██[38;2;161;156;158m██[38;2;106;101;104m██[38;2;74;72;72m██[38;2;80;78;78m██[38;2;181;182;181m██[38;2;166;168;166m██[38;2;127;129;127m██[38;2;0;0;0m      
[38;2;0;0;0m        [38;2;48;47;47m██[38;2;160;159;160m████[38;2;169;166;167m██[38;2;170;169;169m██[38;2;193;192;193m██[38;2;197;196;197m██[38;2;181;181;181m██[38;2;174;172;174m██[38;2;82;79;82m██[38;2;106;101;100m██[38;2;112;105;104m██[38;2;68;68;68m██[38;2;115;116;115m██[38;2;0;0;0m        
[38;2;0;0;0m      [38;2;79;76;76m  [38;2;145;140;141m██[38;2;119;118;119m██[38;2;119;119;119m██[38;2;81;74;76m██[38;2;33;34;32m██[38;2;75;77;75m██[38;2;181;181;181m████[38;2;147;147;147m██[38;2;132;132;132m██[38;2;76;75;76m██[38;2;81;81;78m██[38;2;22;22;22m██[38;2;0;0;0m          
[38;2;0;0;0m      [38;2;137;136;137m██[38;2;170;168;167m██[38;2;133;125;126m██[38;2;158;158;158m██[38;2;0;0;0m        [38;2;59;60;59m  [38;2;113;113;113m██[38;2;119;119;119m██[38;2;89;88;89m██[38;2;47;47;47m██[38;2;0;0;0m            
[38;2;0;0;0m      [38;2;134;134;134m██[38;2;151;147;147m██[38;2;180;180;180m██[38;2;160;157;159m██[38;2;0;0;0m        [38;2;47;47;47m██[38;2;162;161;162m██[38;2;160;159;160m██[38;2;141;141;141m██[38;2;128;128;128m██[38;2;0;0;0m            
[38;2;0;0;0m    [38;2;62;58;55m██[38;2;103;97;96m██[38;2;166;167;166m██[38;2;138;139;138m██[38;2;123;118;118m██[38;2;46;46;46m  [38;2;0;0;0m      [38;2;79;77;77m██[38;2;181;180;181m██[38;2;126;121;122m██[38;2;176;175;176m██[38;2;139;140;139m██[38;2;0;0;0m██          
[38;2;0;0;0m    [38;2;30;24;24m██[38;2;162;162;159m██[38;2;75;76;75m██[38;2;170;171;170m██[38;2;94;89;90m██[38;2;127;129;127m██[38;2;0;0;0m      [38;2;176;175;176m██[38;2;181;180;181m██[38;2;176;175;176m██[38;2;180;179;180m██[38;2;159;160;159m██[38;2;0;0;0m██          
[38;2;0;0;0m    [38;2;87;70;51m██[38;2;122;118;113m██[38;2;139;139;137m██[38;2;117;118;117m██[38;2;165;156;145m██[38;2;113;106;94m██[38;2;0;0;0m      [38;2;167;164;162m██[38;2;111;110;110m██[38;2;167;162;154m██[38;2;139;123;104m██[38;2;148;130;108m██[38;2;140;142;140m██[38;2;0;0;0m          
[38;2;0;0;0m    [38;2;156;121;81m██[38;2;74;70;67m██[38;2;186;181;174m██[38;2;73;65;56m██[38;2;167;148;127m██[38;2;104;80;51m██[38;2;0;0;0m      [38;2;105;95;85m██[38;2;160;161;161m██[38;2;107;108;107m██[38;2;75;76;75m██[38;2;165;164;161m██[38;2;115;89;56m██[38;2;0;0;0m          
[38;2;0;0;0m    [38;2;124;101;72m██[38;2;114;112;112m██[38;2;127;122;117m██[38;2;101;91;82m██[38;2;156;121;81m██[38;2;104;80;51m██[38;2;0;0;0m      [38;2;129;108;84m██[38;2;123;122;119m██[38;2;136;136;135m██[38;2;118;119;118m██[38;2;134;106;71m██[38;2;115;89;56m██[38;2;28;22;14m  [38;2;0;0;0m        
[38;2;0;0;0m    [38;2;50;40;32m  [38;2;141;110;74m██[38;2;122;97;71m██[38;2;135;122;109m██[38;2;133;103;68m██[38;2;95;73;47m  [38;2;0;0;0m      [38;2;133;107;78m██[38;2;152;153;151m██[38;2;115;112;110m██[38;2;80;80;78m██[38;2;156;122;81m██[38;2;115;89;56m██[38;2;52;40;25m██[38;2;0;0;0m        
[38;2;0;0;0m        [38;2;56;43;29m████[38;2;49;37;24m██[38;2;0;0;0m        [38;2;140;111;79m██[38;2;131;129;126m██[38;2;122;119;114m██[38;2;100;90;81m██[38;2;156;122;81m██[38;2;115;89;56m██[38;2;52;40;25m██[38;2;0;0;0m        
[38;2;0;0;0m                      [38;2;34;27;18m  [38;2;91;78;64m██[38;2;124;100;75m██[38;2;82;75;68m██[38;2;152;119;79m██[38;2;94;72;46m██[38;2;0;0;0m          
[38;2;0;0;0m                        [38;2;34;27;18m  [38;2;34;27;20m██[38;2;42;33;22m██[38;2;37;29;19m██[38;2;0;0;0m            [0m
