
[38;2;0;0;0m                      [38;2;15;32;35m  [38;2;10;21;23m  [38;2;0;0;0m                              
[38;2;0;0;0m                    [38;2;53;125;137m██[38;2;66;152;166m██[38;2;48;112;122m██[38;2;0;0;0m                              
[38;2;0;0;0m                [38;2;5;12;13m  [38;2;54;132;143m██[38;2;71;141;150m██[38;2;69;151;162m██[38;2;69;154;165m██[38;2;20;34;34m██[38;2;0;0;0m                        [38;2;51;37;53m████
[38;2;0;0;0m                [38;2;57;139;149m██[38;2;72;136;143m██[38;2;58;96;97m██[38;2;58;101;104m██[38;2;70;162;175m██[38;2;51;110;113m██[38;2;0;0;0m                        [38;2;177;128;184m██[38;2;51;37;53m██
[38;2;0;0;0m                [38;2;67;162;172m██[38;2;46;97;99m██[38;2;0;0;0m    [38;2;66;157;168m██[38;2;73;127;131m██[38;2;16;16;16m  [38;2;0;0;0m  [38;2;69;50;72m██[38;2;171;124;177m██[38;2;208;149;213m██[38;2;104;75;107m██[38;2;0;0;0m    [38;2;69;50;72m██[38;2;55;38;55m██[38;2;13;8;13m  [38;2;127;82;127m██[38;2;152;112;165m██[38;2;21;16;23m  
[38;2;0;0;0m              [38;2;43;103;112m  [38;2;69;152;163m██[38;2;19;32;32m██[38;2;0;0;0m  [38;2;43;103;112m  [38;2;68;150;161m██[38;2;67;84;85m██[38;2;185;134;190m██[38;2;178;128;183m██[38;2;207;149;213m████[38;2;208;149;213m██[38;2;207;149;213m██[38;2;134;96;139m  [38;2;132;96;139m  [38;2;207;149;213m██[38;2;204;141;206m██[38;2;126;91;136m██[38;2;114;91;133m██[38;2;145;106;152m██[38;2;0;0;0m  
[38;2;0;0;0m              [38;2;51;120;131m██[38;2;57;126;138m██[38;2;6;7;6m  [38;2;66;65;80m██[38;2;66;137;148m██[38;2;73;136;146m██[38;2;66;77;79m██[38;2;208;149;213m██[38;2;207;149;212m██[38;2;201;144;207m██[38;2;158;107;158m████[38;2;185;129;189m██[38;2;141;96;143m██[38;2;153;114;165m██[38;2;185;129;189m██[38;2;139;103;152m██[38;2;142;106;157m██[38;2;192;137;199m██[38;2;0;0;0m    
[38;2;0;0;0m            [38;2;14;36;38m  [38;2;66;156;170m██[38;2;72;107;113m██[38;2;155;117;161m██[38;2;80;93;101m██[38;2;79;150;167m██[38;2;70;109;110m██[38;2;113;100;128m██[38;2;167;116;169m██[38;2;168;116;172m██[38;2;154;104;156m██[38;2;150;98;150m██[38;2;150;99;150m██[38;2;150;98;150m██[38;2;150;99;150m██[38;2;146;97;147m██[38;2;150;99;150m██[38;2;183;131;190m██[38;2;205;149;213m██[38;2;66;48;69m██[38;2;0;0;0m    
[38;2;0;0;0m            [38;2;16;40;43m██[38;2;69;161;174m██[38;2;86;72;86m██[38;2;124;87;124m██[38;2;68;118;127m██[38;2;70;148;157m██[38;2;75;91;98m██[38;2;139;93;139m██[38;2;150;99;150m████[38;2;144;97;147m██[38;2;128;93;138m██[38;2;141;111;159m██[38;2;145;110;160m██[38;2;127;97;142m██[38;2;133;94;141m██[38;2;127;100;145m██[38;2;192;139;199m██[38;2;201;143;205m██[38;2;45;32;45m██[38;2;0;0;0m    
[38;2;0;0;0m            [38;2;63;75;77m██[38;2;70;153;162m██[38;2;68;101;105m██[38;2;70;132;143m██[38;2;70;151;163m██[38;2;90;101;115m██[38;2;81;78;88m██[38;2;152;99;152m██[38;2;150;99;150m██[38;2;140;103;152m██[38;2;126;100;145m██[38;2;201;145;207m██[38;2;207;149;213m██[38;2;208;148;213m██[38;2;175;130;186m██[38;2;173;130;186m██[38;2;200;146;208m██[38;2;205;148;213m██[38;2;117;79;119m██[38;2;2;1;2m  [38;2;0;0;0m    
[38;2;0;0;0m          [38;2;29;49;49m  [38;2;67;91;92m██[38;2;69;145;155m██[38;2;67;123;130m██[38;2;69;146;156m██[38;2;70;112;115m██[38;2;62;74;74m██[38;2;95;94;114m██[38;2;67;108;115m██[38;2;119;90;124m██[38;2;148;114;164m██[38;2;210;147;213m██[38;2;208;149;213m██[38;2;181;125;184m██[38;2;177;128;180m██[38;2;168;118;169m██[38;2;140;109;144m██[38;2;139;146;151m██[38;2;117;101;125m██[38;2;60;40;61m  [38;2;0;0;0m      
[38;2;0;0;0m          [38;2;47;47;47m  [38;2;70;120;122m██[38;2;68;150;161m████[38;2;65;81;79m██[38;2;66;89;92m██[38;2;70;159;172m██[38;2;69;135;146m██[38;2;65;65;67m██[38;2;202;147;210m██[38;2;207;149;213m██[38;2;208;149;213m██[38;2;163;113;165m██[38;2;150;99;150m██[38;2;87;73;87m██[38;2;107;108;113m██[38;2;226;238;251m██[38;2;227;243;254m██[38;2;196;216;227m██[38;2;46;51;54m  [38;2;0;0;0m      
[38;2;0;0;0m      [38;2;70;78;83m  [38;2;118;131;138m████[38;2;36;68;75m██[38;2;69;160;174m██[38;2;68;161;175m██[38;2;68;124;133m██[38;2;67;107;113m██[38;2;63;81;94m██[38;2;75;68;75m██[38;2;141;94;141m██[38;2;156;107;160m██[38;2;177;125;183m██[38;2;150;100;152m██[38;2;119;85;119m██[38;2;114;104;119m██[38;2;211;218;232m██[38;2;139;145;151m██[38;2;28;30;31m  [38;2;64;77;91m██[38;2;126;147;162m██[38;2;47;57;66m██[38;2;94;105;111m██[38;2;107;128;146m██[38;2;10;12;15m  
[38;2;0;0;0m    [38;2;60;64;67m██[38;2;196;214;226m██[38;2;0;0;0m      [38;2;53;119;129m██[38;2;74;135;146m██[38;2;29;17;18m██[38;2;171;125;134m██[38;2;106;133;156m██[38;2;94;181;193m██[38;2;72;94;98m██[38;2;150;98;150m██[38;2;151;98;151m██[38;2;129;90;129m██[38;2;189;198;208m██[38;2;226;238;251m██[38;2;100;112;113m██[38;2;90;105;106m██[38;2;49;54;58m██[38;2;188;208;220m██[38;2;46;51;54m  [38;2;0;0;0m    [38;2;57;60;63m████
[38;2;0;0;0m    [38;2;198;209;220m██[38;2;26;27;29m  [38;2;0;0;0m      [38;2;114;120;125m██[38;2;171;174;182m██[38;2;204;194;205m██[38;2;151;135;149m██[38;2;96;158;172m██[38;2;95;181;194m██[38;2;113;196;205m██[38;2;109;149;149m██[38;2;106;97;116m██[38;2;173;180;189m██[38;2;163;169;178m██[38;2;80;126;134m██[38;2;140;174;185m██[38;2;109;164;177m██[38;2;153;172;183m██[38;2;90;100;106m██[38;2;0;0;0m      [38;2;119;125;132m██[38;2;26;27;29m  
[38;2;0;0;0m  [38;2;172;181;191m██[38;2;162;170;179m  [38;2;0;0;0m      [38;2;56;59;62m██[38;2;226;241;252m████[38;2;159;170;176m██[38;2;136;159;175m██[38;2;93;125;149m██[38;2;82;127;151m██[38;2;141;216;222m██[38;2;127;181;181m██[38;2;188;197;207m██[38;2;182;191;201m██[38;2;189;199;209m██[38;2;192;223;236m██[38;2;99;181;196m██[38;2;86;148;160m██[38;2;87;97;104m██[38;2;154;171;181m██[38;2;28;30;32m██[38;2;64;67;71m██[38;2;216;227;239m██[38;2;0;0;0m    
[38;2;33;35;36m  [38;2;205;216;228m██[38;2;0;0;0m        [38;2;14;15;15m  [38;2;87;91;95m██[38;2;146;156;164m██[38;2;128;140;145m██[38;2;47;54;55m██[38;2;105;139;158m██[38;2;171;198;211m██[38;2;107;149;168m██[38;2;117;134;132m██[38;2;210;225;235m██[38;2;84;102;104m██[38;2;170;226;232m██[38;2;134;169;180m██[38;2;73;89;102m██[38;2;101;132;144m██[38;2;121;172;172m██[38;2;82;93;100m██[38;2;139;147;155m██[38;2;72;76;80m  [38;2;0;0;0m      
[38;2;47;52;55m████[38;2;0;0;0m            [38;2;51;54;57m  ██[38;2;0;0;0m  [38;2;71;134;145m██[38;2;184;206;219m██[38;2;85;94;101m██[38;2;225;237;250m██[38;2;103;121;123m██[38;2;178;211;213m██[38;2;171;227;232m██[38;2;0;0;0m    [38;2;20;35;36m  [38;2;125;207;214m██[38;2;140;218;223m██[38;2;41;67;70m██[38;2;0;0;0m        
[38;2;47;52;55m████[38;2;0;0;0m                  [38;2;71;134;145m██[38;2;161;177;187m██[38;2;123;135;142m██[38;2;169;183;193m██[38;2;129;175;176m██[38;2;184;236;239m██[38;2;189;231;239m██[38;2;0;0;0m      [38;2;39;66;68m  [38;2;64;107;113m██[38;2;97;182;197m██[38;2;0;0;0m        
[38;2;47;52;55m████[38;2;0;0;0m                [38;2;3;6;6m  [38;2;74;141;152m██[38;2;149;163;171m██[38;2;162;178;188m██[38;2;40;45;47m  [38;2;38;61;79m  [38;2;148;221;222m██[38;2;129;197;199m██[38;2;0;0;0m          [38;2;73;136;147m██[38;2;9;19;20m  [38;2;0;0;0m      
[38;2;16;17;18m    [38;2;0;0;0m                [38;2;24;45;49m██[38;2;94;180;192m██[38;2;96;100;104m██[38;2;189;210;224m██[38;2;0;0;0m    [38;2;158;224;226m██[38;2;47;57;59m██[38;2;0;0;0m        [38;2;9;15;20m  [38;2;80;152;166m██[38;2;71;136;145m██[38;2;0;0;0m      
[38;2;0;0;0m                  [38;2;15;28;28m  [38;2;95;182;194m██[38;2;95;165;178m██[38;2;82;91;95m██[38;2;47;52;55m██[38;2;0;0;0m  [38;2;19;29;29m  [38;2;147;222;222m██[38;2;36;55;55m██[38;2;0;0;0m        [38;2;13;33;35m  [38;2;50;102;112m██[38;2;55;104;116m  [38;2;0;0;0m      
[38;2;0;0;0m                  [38;2;59;131;138m██[38;2;68;117;126m██[38;2;37;59;63m██[38;2;19;16;16m  [38;2;14;15;16m  [38;2;0;0;0m  [38;2;107;165;166m██[38;2;118;182;183m██[38;2;11;16;16m  [38;2;0;0;0m                    
[38;2;0;0;0m                    [38;2;6;0;0m  [38;2;1;0;0m  [38;2;0;0;0m    [38;2;25;46;48m██[38;2;82;174;185m██[38;2;92;146;148m██[38;2;0;0;0m                      
[38;2;0;0;0m                            [38;2;3;6;8m  [38;2;26;46;51m██[38;2;11;20;21m  [38;2;0;0;0m                      [0m
