
[38;2;0;0;0m            [38;2;28;31;34m██[38;2;25;31;36m██[38;2;10;12;14m  [38;2;0;0;0m                              
[38;2;0;0;0m          [38;2;98;106;131m  [38;2;102;107;114m██[38;2;95;115;131m██[38;2;89;96;103m██[38;2;0;0;0m          [38;2;85;92;114m  [38;2;100;108;134m██[38;2;84;78;80m██[38;2;0;0;0m              
[38;2;0;0;0m          [38;2;120;130;160m██[38;2;100;105;112m██[38;2;98;115;128m██[38;2;105;109;115m██[38;2;27;27;27m  [38;2;0;0;0m    [38;2;34;37;45m  [38;2;118;129;155m██[38;2;102;104;110m██[38;2;101;104;110m██[38;2;97;102;106m██[38;2;57;67;78m██[38;2;0;0;0m            
[38;2;0;0;0m          [38;2;120;130;160m██[38;2;111;111;126m██[38;2;95;115;131m██[38;2;101;107;114m██[38;2;86;78;78m██[38;2;0;0;0m    [38;2;94;102;126m██[38;2;101;102;109m██[38;2;95;117;132m██[38;2;101;102;108m██[38;2;98;116;130m██[38;2;54;49;50m██[38;2;0;0;0m            
[38;2;0;0;0m            [38;2;112;112;127m██[38;2;95;117;134m██[38;2;100;102;109m██[38;2;83;99;111m██[38;2;0;0;0m  [38;2;28;30;37m  [38;2;116;118;139m██[38;2;98;108;117m████[38;2;98;109;119m██[38;2;100;99;104m██[38;2;27;33;37m  [38;2;0;0;0m            
[38;2;0;0;0m            [38;2;122;133;163m██[38;2;105;94;92m██[38;2;100;102;109m██[38;2;98;113;125m██[38;2;31;29;29m██[38;2;123;133;163m██[38;2;108;102;109m██[38;2;97;117;131m██[38;2;103;96;98m██[38;2;99;107;116m██[38;2;98;104;113m██[38;2;0;0;0m    [38;2;69;74;92m██[38;2;91;83;84m██[38;2;0;0;0m      
[38;2;0;0;0m            [38;2;64;69;85m██[38;2;106;116;130m██[38;2;108;135;151m██[38;2;114;163;190m██[38;2;83;109;124m██[38;2;120;127;155m██[38;2;102;107;116m██[38;2;97;109;121m██[38;2;98;113;125m██[38;2;101;104;111m██[38;2;48;56;62m██[38;2;0;0;0m    [38;2;69;74;92m██[38;2;103;95;96m██[38;2;34;41;46m██[38;2;0;0;0m    
[38;2;0;0;0m        [38;2;7;3;2m  [38;2;17;8;6m██[38;2;85;102;126m██[38;2;102;98;100m██[38;2;123;210;255m██[38;2;114;188;227m██[38;2;104;111;133m██[38;2;118;123;147m██[38;2;104;117;129m██[38;2;101;100;104m██[38;2;102;101;104m██[38;2;56;51;51m  [38;2;0;0;0m      [38;2;79;80;95m██[38;2;103;97;98m██[38;2;96;117;132m██[38;2;0;0;0m    
[38;2;0;0;0m        [38;2;31;15;11m  [38;2;136;100;108m██[38;2;130;116;113m██[38;2;115;169;198m██[38;2;122;210;255m██[38;2;116;190;227m██[38;2;166;164;155m██[38;2;168;132;104m██[38;2;120;157;176m██[38;2;122;209;255m██[38;2;123;209;255m██[38;2;89;79;88m  [38;2;2;0;0m  [38;2;0;0;0m  [38;2;2;2;3m██[38;2;110;110;127m██[38;2;95;117;134m██[38;2;96;117;132m██[38;2;53;48;48m  [38;2;0;0;0m  
[38;2;0;0;0m      [38;2;32;15;12m  [38;2;71;56;62m██[38;2;107;99;121m██[38;2;173;186;179m██[38;2;123;210;255m██[38;2;122;210;255m██[38;2;131;203;236m██[38;2;83;69;51m██[38;2;170;157;133m██[38;2;118;206;253m██[38;2;160;167;176m██[38;2;206;109;74m██[38;2;150;114;109m██[38;2;52;35;20m██[38;2;0;0;2m  [38;2;29;23;20m██[38;2;109;109;122m██[38;2;95;118;134m██[38;2;100;101;107m██[38;2;79;95;106m██[38;2;0;0;0m  
[38;2;0;0;0m      [38;2;48;23;18m  [38;2;51;31;33m██[38;2;161;98;91m██[38;2;100;174;223m██[38;2;121;207;252m██[38;2;110;193;239m██[38;2;126;207;248m██[38;2;150;194;207m██[38;2;111;193;239m██[38;2;162;143;138m██[38;2;225;134;75m██[38;2;252;163;79m██[38;2;237;145;78m██[38;2;252;161;81m██[38;2;176;124;79m██[38;2;97;78;70m██[38;2;100;106;114m██[38;2;95;118;134m██[38;2;100;101;107m██[38;2;92;111;124m██[38;2;19;23;25m  
[38;2;0;0;0m            [38;2;21;41;62m  [38;2;104;182;230m██[38;2;104;150;195m██[38;2;105;126;170m██[38;2;111;113;157m██[38;2;136;131;167m██[38;2;147;121;112m██[38;2;187;152;110m██[38;2;252;163;79m██[38;2;206;131;77m██[38;2;78;100;114m██[38;2;75;82;91m██[38;2;113;120;144m██[38;2;81;101;115m██[38;2;98;101;109m██[38;2;94;108;120m██[38;2;95;115;130m██[38;2;26;28;31m██
[38;2;0;0;0m            [38;2;34;65;87m  [38;2;76;140;190m██[38;2;84;89;104m██[38;2;211;229;241m██[38;2;220;220;226m██[38;2;217;227;232m██[38;2;120;153;184m██[38;2;72;94;120m██[38;2;99;82;67m██[38;2;241;156;80m██[38;2;81;92;98m██[38;2;93;156;202m██[38;2;64;107;153m██[38;2;119;202;245m██[38;2;69;69;70m██[38;2;93;114;128m██[38;2;101;100;105m██[38;2;26;31;34m██
[38;2;0;0;0m      [38;2;2;0;2m  [38;2;81;49;28m██[38;2;74;42;26m██[38;2;81;153;204m██[38;2;52;97;130m██[38;2;20;40;60m  [38;2;47;59;71m██[38;2;64;85;105m██[38;2;112;156;193m██[38;2;189;222;234m██[38;2;183;206;210m██[38;2;104;152;177m██[38;2;86;117;134m████[38;2;112;182;219m██[38;2;122;208;253m██[38;2;104;181;229m██[38;2;139;163;175m██[38;2;87;86;92m██[38;2;90;109;123m██[38;2;16;20;22m  
[38;2;0;0;0m    [38;2;71;49;26m  [38;2;152;95;54m██[38;2;223;135;78m██[38;2;95;149;190m██[38;2;43;80;107m██[38;2;0;0;0m    [38;2;75;141;188m██[38;2;63;123;175m██[38;2;211;241;246m██████[38;2;201;228;231m██[38;2;123;210;255m██[38;2;122;210;255m██[38;2;94;139;163m██[38;2;123;210;255m████[38;2;195;116;71m██[38;2;127;92;72m██[38;2;76;95;109m██[38;2;0;0;0m  
[38;2;0;0;0m    [38;2;80;89;110m██[38;2;140;122;135m██[38;2;117;135;164m██[38;2;45;84;113m██[38;2;0;0;0m  [38;2;40;74;100m██[38;2;80;153;203m██[38;2;79;153;201m████[38;2;92;139;182m██[38;2;211;241;245m██[38;2;211;241;246m██[38;2;190;223;236m██[38;2;105;100;101m██[38;2;190;101;77m██[38;2;165;109;77m██[38;2;121;141;154m██[38;2;111;195;240m██[38;2;150;119;127m██[38;2;204;117;73m██[38;2;0;0;0m    
[38;2;0;0;2m  [38;2;43;85;123m██[38;2;71;138;188m██[38;2;76;148;198m██[38;2;44;86;113m██[38;2;0;0;0m    [38;2;81;153;205m██[38;2;80;154;203m██[38;2;79;154;202m██[38;2;81;153;205m██[38;2;63;117;158m██[38;2;120;149;171m██[38;2;156;194;222m██[38;2;78;82;87m██[38;2;152;165;183m██[38;2;251;160;81m██[38;2;255;157;78m██[38;2;65;61;67m██[38;2;79;153;202m████[38;2;84;120;152m██[38;2;26;0;0m  [38;2;0;0;0m  
[38;2;18;35;48m██[38;2;79;150;206m██[38;2;67;131;182m██[38;2;79;151;201m██[38;2;20;39;51m  [38;2;0;0;0m    [38;2;45;86;121m██[38;2;64;121;168m██[38;2;74;141;187m██[38;2;11;21;29m  [38;2;0;0;0m    [38;2;22;27;31m  [38;2;92;135;158m██[38;2;136;189;222m██[38;2;205;117;78m██[38;2;182;119;90m██[38;2;69;62;68m██[38;2;61;116;154m██[38;2;68;133;182m██[38;2;81;137;183m██[38;2;85;136;173m██[38;2;12;21;24m  
[38;2;0;0;0m    [38;2;71;140;183m██[38;2;74;139;186m██[38;2;0;0;0m                  [38;2;38;65;79m██[38;2;122;210;255m██[38;2;119;204;250m██[38;2;123;210;255m██[38;2;141;198;232m██[38;2;21;0;0m  [38;2;0;0;0m  [38;2;105;184;223m██[38;2;90;162;202m██[38;2;63;120;164m██[38;2;30;53;62m  
[38;2;0;0;0m                          [38;2;38;65;79m██[38;2;123;209;255m██[38;2;83;148;200m██[38;2;123;210;255m██[38;2;88;157;207m██[38;2;76;130;158m  [38;2;0;0;0m          
[38;2;0;0;0m                          [38;2;98;168;208m██[38;2;66;115;148m██[38;2;90;160;210m██[38;2;51;96;141m██[38;2;83;147;192m██[38;2;120;205;249m██[38;2;0;0;0m          
[38;2;0;0;0m                              [38;2;33;57;69m██[38;2;2;3;4m  [38;2;16;27;33m  [38;2;32;56;68m  [38;2;0;0;0m          [0m
