
[38;2;0;0;0m                [38;2;17;12;13m  [38;2;69;48;53m██[38;2;0;0;0m                
[38;2;0;0;0m                [38;2;218;152;169m██[38;2;254;176;199m██[38;2;81;54;57m  [38;2;1;0;0m  [38;2;0;0;0m            
[38;2;0;0;0m            [38;2;13;7;8m  [38;2;165;118;123m██[38;2;180;147;153m██[38;2;241;169;187m██[38;2;214;148;162m██[38;2;23;15;17m  [38;2;0;0;0m            
[38;2;0;0;0m            [38;2;66;42;44m██[38;2;146;111;100m██[38;2;219;213;209m██[38;2;219;156;165m██[38;2;254;176;200m██[38;2;168;103;93m██[38;2;0;0;0m            
[38;2;0;0;0m          [38;2;51;29;21m  [38;2;213;145;152m██[38;2;174;152;142m██[38;2;144;109;98m██[38;2;233;159;173m██[38;2;226;153;165m██[38;2;211;136;139m██[38;2;50;29;30m  [38;2;0;0;0m          
[38;2;0;0;0m          [38;2;189;132;145m██[38;2;185;165;163m██[38;2;220;213;209m██[38;2;149;114;104m██[38;2;253;177;195m██[38;2;241;166;182m██[38;2;205;135;144m██[38;2;152;101;107m██[38;2;0;0;0m          
[38;2;0;0;0m        [38;2;48;43;43m██[38;2;204;169;173m██[38;2;170;142;127m██[38;2;246;240;239m██[38;2;219;214;209m██[38;2;219;160;165m██[38;2;224;150;163m██[38;2;170;119;117m██[38;2;157;121;114m██[38;2;38;36;33m██[38;2;0;0;0m        
[38;2;0;0;0m    [38;2;230;113;123m██[38;2;66;33;36m██[38;2;167;94;99m██[38;2;202;199;191m██[38;2;246;245;245m██[38;2;208;185;170m██[38;2;192;159;142m██[38;2;140;117;99m██[38;2;122;102;84m██[38;2;171;164;156m██[38;2;144;141;137m██[38;2;3;2;2m  [38;2;0;0;0m        
[38;2;0;0;0m  [38;2;92;47;52m  [38;2;157;92;99m██[38;2;144;92;92m██[38;2;165;99;104m██[38;2;131;133;127m██[38;2;146;122;126m██[38;2;141;135;136m██[38;2;140;139;140m████[38;2;133;133;133m██[38;2;77;76;77m██[38;2;141;85;89m██[38;2;88;61;56m██[38;2;130;72;73m██[38;2;18;10;10m  [38;2;0;0;0m    
[38;2;47;25;27m██[38;2;201;104;113m██[38;2;164;96;100m██[38;2;208;112;120m██[38;2;65;88;91m██[38;2;16;40;43m██[38;2;120;91;91m██[38;2;229;114;128m██[38;2;148;98;102m██[38;2;98;170;158m██[38;2;98;74;78m████[38;2;174;96;104m██[38;2;191;104;114m██[38;2;253;120;138m██[38;2;62;29;33m██[38;2;0;0;0m    
[38;2;8;7;5m  [38;2;90;64;66m██[38;2;209;109;121m██[38;2;143;80;83m██[38;2;111;90;81m██[38;2;127;123;116m██[38;2;91;92;89m██[38;2;90;90;86m██[38;2;99;108;104m██[38;2;33;41;42m██[38;2;112;79;83m██[38;2;112;81;83m██[38;2;155;93;97m██[38;2;171;95;103m██[38;2;191;104;112m██[38;2;161;83;91m██[38;2;0;0;0m    
[38;2;0;0;0m  [38;2;43;20;23m  [38;2;204;100;112m██[38;2;40;22;26m  [38;2;120;84;72m██[38;2;99;80;70m██[38;2;88;89;88m██[38;2;90;91;88m██[38;2;80;80;69m██[38;2;153;175;178m██[38;2;100;75;78m██[38;2;100;78;78m██[38;2;180;102;106m██[38;2;108;84;81m██[38;2;154;94;96m██[38;2;246;121;137m██[38;2;13;13;12m  [38;2;0;0;0m  
[38;2;0;0;0m  [38;2;191;90;104m████[38;2;0;0;0m  [38;2;8;6;4m  [38;2;90;63;50m██[38;2;97;78;71m██[38;2;83;73;68m██[38;2;69;67;65m██[38;2;114;86;75m██[38;2;100;75;78m██[38;2;100;78;78m██[38;2;151;92;95m██[38;2;208;105;115m██[38;2;218;107;120m██[38;2;135;92;93m██[38;2;171;109;116m██[38;2;39;26;28m  
[38;2;63;30;34m██[38;2;254;123;139m██[38;2;165;86;87m██[38;2;0;0;0m    [38;2;46;45;44m  [38;2;133;131;128m██[38;2;77;74;67m██[38;2;76;75;75m██[38;2;80;79;77m██[38;2;254;123;139m██[38;2;118;78;77m██[38;2;133;121;111m██[38;2;106;91;86m██[38;2;88;82;77m██[38;2;183;126;132m██[38;2;205;136;145m██[38;2;51;34;36m██
[38;2;53;26;29m██[38;2;244;117;133m██[38;2;162;96;86m██[38;2;45;22;24m  [38;2;0;0;0m  [38;2;75;61;62m██[38;2;72;71;70m██[38;2;73;72;70m██[38;2;82;78;71m██[38;2;78;72;69m██[38;2;254;124;139m██[38;2;108;81;82m██[38;2;146;121;121m██[38;2;127;122;120m██[38;2;159;120;125m██[38;2;178;123;128m██[38;2;161;106;114m██[38;2;7;4;5m  
[38;2;52;26;28m██[38;2;209;104;115m██[38;2;183;103;100m██[38;2;81;55;58m██[38;2;77;60;58m██[38;2;179;132;144m██[38;2;116;96;97m██[38;2;126;103;107m██[38;2;122;98;104m██[38;2;208;108;120m██[38;2;254;124;139m██[38;2;250;124;139m██[38;2;84;88;86m██[38;2;157;135;139m██[38;2;228;160;177m██[38;2;159;112;115m██[38;2;92;62;65m  [38;2;0;0;0m  
[38;2;39;25;21m██[38;2;198;104;107m██[38;2;156;80;88m██[38;2;3;1;1m  [38;2;28;27;26m██[38;2;92;94;92m██[38;2;74;73;68m██[38;2;74;70;71m██[38;2;73;69;71m██[38;2;162;95;103m██[38;2;254;124;139m██[38;2;209;110;122m██[38;2;109;91;96m██[38;2;252;176;195m██[38;2;243;167;184m██[38;2;125;88;88m██[38;2;138;99;97m  [38;2;0;0;0m  
[38;2;0;0;0m        [38;2;85;77;70m██[38;2;80;81;80m██[38;2;89;78;69m██[38;2;87;88;87m██[38;2;88;90;87m██[38;2;121;83;84m██[38;2;208;105;115m██[38;2;155;93;97m██[38;2;129;100;104m██[38;2;235;161;175m████[38;2;123;103;102m██[38;2;153;102;110m██[38;2;0;0;0m  
[38;2;0;0;0m        [38;2;149;112;102m██[38;2;253;177;195m██[38;2;115;93;74m██[38;2;78;72;62m██[38;2;114;91;93m██[38;2;149;109;104m██[38;2;65;64;65m██[38;2;170;94;102m██[38;2;180;101;103m██[38;2;219;156;165m██[38;2;241;166;182m██[38;2;111;91;86m██[38;2;0;0;0m    
[38;2;0;0;0m        [38;2;96;68;66m██[38;2;174;120;121m██[38;2;209;201;195m██[38;2;208;200;198m██[38;2;174;123;121m██[38;2;144;106;100m██[38;2;151;96;89m██[38;2;142;95;85m██[38;2;151;110;103m██[38;2;199;138;143m██[38;2;176;116;125m██[38;2;22;14;15m  [38;2;0;0;0m    
[38;2;0;0;0m        [38;2;46;32;34m  [38;2;139;102;96m██[38;2;135;113;101m██[38;2;135;116;101m██[38;2;145;108;99m██[38;2;138;102;94m██[38;2;176;100;101m██[38;2;114;91;72m██[38;2;119;92;75m██[38;2;184;125;127m██[38;2;137;92;99m  [38;2;0;0;0m      
[38;2;0;0;0m          [38;2;54;36;39m  [38;2;149;109;103m██[38;2;81;73;64m██[38;2;137;101;100m██[38;2;183;124;126m██[38;2;135;94;81m████[38;2;150;101;95m██[38;2;96;70;69m██[38;2;0;0;0m        
[38;2;0;0;0m              [38;2;57;59;57m  [38;2;88;90;88m██[38;2;70;70;70m██[38;2;155;110;111m██[38;2;88;65;64m██[38;2;124;88;90m  [38;2;0;0;0m          
[38;2;0;0;0m                [38;2;25;26;25m████[38;2;13;10;11m  [38;2;0;1;0m  [38;2;0;0;0m            [0m
