
[38;2;0;0;0m                [38;2;7;7;7m  [38;2;0;0;0m██                      
[38;2;0;0;0m                [38;2;160;151;56m██[38;2;3;3;1m██[38;2;0;0;0m                      
[38;2;0;0;0m            [38;2;0;0;1m  [38;2;62;57;24m  [38;2;139;131;53m██[38;2;2;2;0m  [38;2;0;0;0m    [38;2;35;34;30m██[38;2;62;58;21m  [38;2;0;0;0m              
[38;2;0;0;0m            [38;2;0;0;3m  [38;2;96;89;41m██[38;2;44;43;37m██[38;2;0;0;0m      [38;2;100;92;41m██[38;2;175;165;60m██[38;2;0;0;0m              
[38;2;0;0;0m              [38;2;76;73;63m██[38;2;81;79;68m██[38;2;1;1;1m██[38;2;0;0;0m    [38;2;122;115;53m██[38;2;136;126;55m██[38;2;0;0;3m  [38;2;0;0;0m            
[38;2;0;0;0m          [38;2;0;3;6m  [38;2;29;30;30m  [38;2;74;72;64m██[38;2;81;78;67m██[38;2;82;43;32m██[38;2;0;7;7m  [38;2;1;1;1m██[38;2;83;80;67m██[38;2;76;73;62m██[38;2;0;0;0m              
[38;2;0;0;0m  [38;2;104;39;23m  [38;2;170;64;38m██[38;2;222;84;50m██[38;2;226;91;58m██[38;2;168;93;67m██[38;2;213;81;50m██[38;2;173;85;62m██[38;2;146;75;57m██[38;2;216;89;59m██[38;2;99;61;50m██[38;2;81;78;68m████[38;2;70;68;64m██[38;2;13;13;13m  [38;2;0;0;0m            
[38;2;31;26;22m██[38;2;165;78;51m██[38;2;193;75;45m██[38;2;246;90;55m██[38;2;193;84;58m██[38;2;226;83;50m██[38;2;244;88;52m██[38;2;249;95;58m██[38;2;183;72;41m██[38;2;245;89;49m██[38;2;78;72;66m██[38;2;80;78;67m██[38;2;78;70;66m██[38;2;254;96;57m██[38;2;249;95;56m██[38;2;0;0;0m            
[38;2;26;26;26m  [38;2;191;170;162m██[38;2;150;87;63m██[38;2;201;76;46m██[38;2;151;75;57m██[38;2;230;79;49m██[38;2;215;76;46m██[38;2;182;72;43m██[38;2;204;78;46m██[38;2;243;85;49m██[38;2;217;90;58m██[38;2;179;83;60m██[38;2;189;81;65m██[38;2;193;76;61m██[38;2;173;69;54m██[38;2;91;36;26m  [38;2;0;0;0m          
[38;2;0;0;0m    [38;2;67;67;67m  [38;2;101;96;96m██[38;2;126;69;59m██[38;2;194;73;44m██[38;2;205;75;45m██[38;2;183;72;43m██[38;2;233;79;48m██[38;2;189;73;43m██[38;2;213;76;46m██[38;2;225;77;52m██[38;2;173;78;61m██[38;2;149;108;62m██[38;2;183;160;62m██[38;2;128;91;69m██[38;2;254;96;60m██[38;2;35;13;8m██[38;2;7;3;1m  [38;2;0;0;0m    
[38;2;0;0;0m      [38;2;2;0;0m  [38;2;55;37;34m██[38;2;223;78;50m██[38;2;214;76;48m██[38;2;217;74;42m██[38;2;210;76;46m██[38;2;198;74;44m██[38;2;238;80;46m██[38;2;175;68;58m██[38;2;197;165;158m██[38;2;123;83;64m██[38;2;209;90;58m██[38;2;209;93;59m██[38;2;203;79;46m██[38;2;250;96;58m██[38;2;191;73;43m██[38;2;0;0;0m    
[38;2;0;0;0m          [38;2;44;44;47m  [38;2;85;76;62m██[38;2;190;73;47m██[38;2;198;75;52m██[38;2;237;79;49m██[38;2;197;73;55m██[38;2;166;71;57m██[38;2;145;102;85m██[38;2;221;85;53m██[38;2;185;78;49m██[38;2;249;93;55m██[38;2;239;92;55m██[38;2;195;75;44m██[38;2;209;87;55m██[38;2;173;76;50m██[38;2;4;4;4m  
[38;2;0;0;0m          [38;2;111;72;39m  [38;2;117;94;44m██[38;2;70;69;64m██[38;2;104;99;60m██[38;2;104;67;61m██[38;2;95;68;64m██[38;2;77;70;67m██[38;2;114;102;92m██[38;2;226;207;200m██[38;2;204;83;55m██[38;2;138;88;65m██[38;2;186;78;49m██[38;2;224;87;58m██[38;2;93;78;67m██[38;2;126;69;71m██[38;2;21;20;17m██
[38;2;0;0;0m      [38;2;16;16;16m  [38;2;106;66;57m██[38;2;78;64;62m██[38;2;146;142;148m██[38;2;112;107;59m██[38;2;169;168;169m██[38;2;131;84;74m██[38;2;63;98;99m██[38;2;65;118;127m██[38;2;119;69;60m██[38;2;65;64;65m██[38;2;64;60;60m██[38;2;187;184;184m██[38;2;193;183;175m██[38;2;104;88;68m██[38;2;16;14;11m  [38;2;0;0;0m    
[38;2;0;0;0m    [38;2;17;16;17m  [38;2;63;62;63m██[38;2;70;64;63m██[38;2;112;90;87m██[38;2;152;138;134m██[38;2;227;226;227m██[38;2;86;84;81m██[38;2;188;172;179m██[38;2;131;128;139m██[38;2;136;68;63m██[38;2;180;69;52m██[38;2;152;70;49m██[38;2;4;7;9m  [38;2;5;4;4m  [38;2;37;37;37m██[38;2;13;11;9m  [38;2;0;0;0m      
[38;2;0;0;0m    [38;2;20;19;20m██[38;2;65;64;65m████[38;2;74;59;56m██[38;2;124;113;116m██[38;2;68;67;70m██[38;2;75;72;66m████[38;2;156;75;57m██[38;2;213;74;46m██[38;2;102;68;64m██[38;2;90;58;46m██[38;2;54;28;22m██[38;2;0;0;0m            
[38;2;0;0;0m    [38;2;20;19;20m██[38;2;65;64;65m██[38;2;138;130;53m██[38;2;20;19;9m██[38;2;4;4;5m  [38;2;61;60;64m██[38;2;243;243;243m████[38;2;124;68;54m██[38;2;177;71;43m██[38;2;74;71;66m██[38;2;81;77;67m██[38;2;32;31;27m██[38;2;0;0;0m            
[38;2;0;0;0m      [38;2;135;128;44m██[38;2;168;158;57m██[38;2;150;136;54m██[38;2;0;0;0m    [38;2;15;15;15m  [38;2;64;63;64m██[38;2;54;43;42m██[38;2;89;44;34m██[38;2;78;74;67m██[38;2;81;79;68m████[38;2;0;0;0m            
[38;2;0;0;0m        [38;2;144;131;52m██[38;2;73;70;62m██[38;2;0;0;0m    [38;2;1;1;0m  [38;2;64;64;31m██[38;2;1;3;8m  [38;2;0;0;0m  [38;2;42;41;37m██[38;2;81;79;68m██[38;2;81;78;68m██[38;2;72;69;59m██[38;2;0;0;0m          
[38;2;0;0;0m                [38;2;128;118;46m██[38;2;153;144;60m██[38;2;97;91;46m██[38;2;85;80;32m██[38;2;105;100;66m██[38;2;81;79;68m████[38;2;72;69;59m██[38;2;0;0;0m          
[38;2;0;0;0m              [38;2;175;165;60m██[38;2;155;141;59m██[38;2;182;168;57m██[38;2;126;118;57m██[38;2;113;106;57m██[38;2;130;122;64m██[38;2;79;76;67m██[38;2;73;70;60m██[38;2;0;0;0m            
[38;2;0;0;0m              [38;2;62;58;21m  [38;2;162;152;58m██[38;2;168;155;64m██[38;2;130;120;60m██[38;2;135;127;56m██[38;2;74;67;38m██[38;2;21;21;21m  [38;2;0;0;0m              
[38;2;0;0;0m                [38;2;132;120;48m██[38;2;145;135;54m██[38;2;132;123;50m██[38;2;0;0;0m                    
[38;2;0;0;0m                [38;2;18;16;6m  [38;2;39;36;14m██[38;2;19;18;7m  [38;2;0;0;0m                    [0m
