
[38;2;0;0;0m                          [38;2;31;27;38m  [38;2;42;37;51m██[38;2;22;21;26m██[38;2;0;0;0m    
[38;2;0;0;0m                        [38;2;129;108;155m██[38;2;151;127;181m██[38;2;158;133;190m██[38;2;142;121;171m██[38;2;0;0;0m    
[38;2;0;0;0m                    [38;2;14;11;16m  [38;2;131;111;159m██[38;2;149;132;178m██[38;2;129;114;151m██[38;2;89;92;92m██[38;2;12;12;15m  [38;2;0;0;0m    
[38;2;34;29;42m██  [38;2;0;0;0m                [38;2;144;122;174m██[38;2;159;133;190m██[38;2;101;100;101m██[38;2;134;149;165m██[38;2;16;12;13m  [38;2;0;0;0m      
[38;2;0;0;0m  [38;2;93;82;101m██[38;2;136;115;163m██[38;2;17;14;20m  [38;2;0;0;0m          [38;2;45;38;59m  [38;2;134;117;168m██[38;2;112;111;121m██[38;2;139;161;177m██[38;2;93;108;120m██[38;2;0;0;0m        
[38;2;0;0;0m  [38;2;1;1;1m  [38;2;95;87;94m██[38;2;147;122;190m██[38;2;114;97;138m  [38;2;0;0;0m      [38;2;20;17;15m  [38;2;64;60;65m██[38;2;68;65;66m██[38;2;122;136;147m██[38;2;113;125;135m██[38;2;2;1;0m  [38;2;0;0;0m        
[38;2;0;0;0m    [38;2;9;9;8m  [38;2;71;66;62m██[38;2;125;111;141m██[38;2;145;124;183m██[38;2;67;57;88m██[38;2;125;105;159m██[38;2;161;132;190m██[38;2;159;132;191m██[38;2;148;124;177m██[38;2;118;101;130m██[38;2;81;73;95m██[38;2;0;0;0m          
[38;2;0;0;0m        [38;2;79;79;68m██[38;2;113;100;143m██[38;2;117;101;151m██[38;2;134;116;161m██[38;2;159;133;191m██[38;2;137;116;179m██[38;2;136;115;179m██[38;2;157;131;190m██[38;2;156;133;189m██[38;2;43;37;51m██[38;2;1;0;0m  [38;2;0;0;0m      
[38;2;0;0;0m        [38;2;44;43;37m██[38;2;81;79;68m██[38;2;107;95;125m██[38;2;92;87;92m██[38;2;159;133;191m████[38;2;155;130;189m██[38;2;146;123;186m██[38;2;159;133;191m██[38;2;115;104;109m██[38;2;122;120;111m  [38;2;0;0;0m      
[38;2;0;0;0m        [38;2;91;84;100m██[38;2;87;84;100m██[38;2;66;65;66m██[38;2;69;68;69m██[38;2;70;69;69m██[38;2;128;112;146m██[38;2;103;95;68m██[38;2;142;130;85m██[38;2;143;130;99m██[38;2;134;121;78m██[38;2;202;197;195m██[38;2;31;28;25m██[38;2;0;0;0m    
[38;2;0;0;0m        [38;2;97;96;109m██[38;2;134;153;166m██[38;2;90;87;85m██[38;2;107;110;107m██[38;2;92;94;90m██[38;2;92;91;82m██[38;2;88;86;75m██[38;2;136;133;126m██[38;2;216;212;205m██[38;2;136;119;125m██[38;2;126;112;66m██[38;2;99;88;53m██[38;2;0;0;0m    
[38;2;0;0;0m        [38;2;76;81;80m██[38;2;86;90;93m██[38;2;89;94;92m██[38;2;151;153;151m██[38;2;153;154;152m██[38;2;102;102;97m██[38;2;91;92;88m██[38;2;71;80;83m██[38;2;98;93;58m██[38;2;133;117;133m██[38;2;123;117;80m██[38;2;142;157;168m██[38;2;0;0;0m    
[38;2;0;0;0m        [38;2;43;52;58m██[38;2;86;100;114m██[38;2;93;121;124m██[38;2;181;181;181m██[38;2;89;90;88m██[38;2;132;138;133m██[38;2;94;106;104m██[38;2;79;99;105m██[38;2;111;121;128m██[38;2;97;92;59m██[38;2;175;173;172m██[38;2;143;135;104m██[38;2;71;63;30m  [38;2;0;0;0m  
[38;2;0;0;0m        [38;2;30;34;43m  [38;2;146;164;195m██[38;2;95;111;109m██[38;2;96;121;112m██[38;2;87;88;79m██[38;2;87;124;122m██[38;2;59;95;97m██[38;2;73;83;86m██[38;2;148;170;194m██[38;2;83;88;92m██[38;2;110;107;102m██[38;2;141;130;93m██[38;2;98;81;129m██[38;2;0;0;0m  
[38;2;0;0;0m          [38;2;140;157;190m██[38;2;130;145;167m██[38;2;84;88;92m██[38;2;73;75;76m██[38;2;88;92;94m██[38;2;91;104;102m██[38;2;66;65;66m██[38;2;169;191;235m██[38;2;132;150;163m██[38;2;78;75;70m██[38;2;104;95;69m██[38;2;93;81;52m██[38;2;0;0;0m  
[38;2;0;0;0m          [38;2;6;6;0m  [38;2;139;155;181m██[38;2;83;77;97m██[38;2;135;126;152m██[38;2;123;119;122m██[38;2;94;88;106m██[38;2;108;113;135m██[38;2;158;179;211m██[38;2;118;132;142m██[38;2;79;74;82m██[38;2;132;129;128m██[38;2;0;0;0m    
[38;2;0;0;0m          [38;2;133;153;179m  [38;2;112;127;143m██[38;2;110;98;147m██[38;2;127;123;122m██[38;2;125;114;141m██[38;2;116;107;128m██[38;2;124;137;158m██[38;2;123;138;149m██[38;2;86;80;107m██[38;2;67;66;67m██[38;2;21;20;19m██[38;2;0;0;0m    
[38;2;0;0;0m    [38;2;110;124;153m██[38;2;175;197;245m██[38;2;179;202;255m██[38;2;149;171;197m██[38;2;130;149;164m██[38;2;102;111;118m██[38;2;73;71;66m██[38;2;79;76;67m██[38;2;83;88;93m██[38;2;139;161;178m██[38;2;131;148;160m██[38;2;74;75;78m██[38;2;67;63;79m██[38;2;7;7;7m  [38;2;0;0;0m    
[38;2;0;0;0m    [38;2;176;197;249m████[38;2;169;192;228m██[38;2;136;154;170m██[38;2;65;64;65m██[38;2;66;65;67m██[38;2;74;68;65m██[38;2;80;75;67m██[38;2;77;73;69m██[38;2;119;131;152m██[38;2;178;199;252m██[38;2;179;202;255m██████[38;2;187;207;252m██[38;2;46;51;62m  
[38;2;0;0;0m        [38;2;0;1;0m  [38;2;21;21;21m  [38;2;126;110;148m██[38;2;119;103;137m██[38;2;140;153;183m██[38;2;102;104;105m██[38;2;69;68;70m██[38;2;73;70;74m██[38;2;133;131;152m██[38;2;116;126;156m██[38;2;179;198;255m██[38;2;179;202;255m██[38;2;144;161;198m██[38;2;26;29;35m  
[38;2;0;0;0m          [38;2;109;94;132m██[38;2;156;132;190m██[38;2;151;126;181m██[38;2;88;92;101m██[38;2;93;94;95m██[38;2;72;70;69m██[38;2;169;166;174m██[38;2;102;92;87m██[38;2;115;119;149m██[38;2;0;0;0m        
[38;2;0;0;0m          [38;2;78;70;94m██[38;2;97;88;113m██[38;2;73;70;76m██[38;2;91;92;94m██[38;2;95;86;61m██[38;2;119;108;71m██[38;2;149;139;109m██[38;2;106;89;117m██[38;2;13;11;13m  [38;2;0;0;0m        
[38;2;0;0;0m            [38;2;106;88;139m██[38;2;124;103;163m██[38;2;128;110;175m████[38;2;122;104;166m██[38;2;106;88;139m██[38;2;0;0;0m            
[38;2;0;0;0m              [38;2;26;22;34m  [38;2;34;29;47m████[38;2;25;22;35m  [38;2;0;0;0m              [0m
