
[38;2;0;0;0m                                [38;2;27;35;42m██[38;2;6;9;10m  [38;2;0;0;0m            [38;2;6;9;10m  ██[38;2;0;0;0m    
[38;2;0;0;0m                                [38;2;43;57;68m██[38;2;86;116;136m██[38;2;0;0;0m            [38;2;88;115;136m██[38;2;26;35;40m██[38;2;0;0;0m    
[38;2;0;0;0m                                [38;2;15;15;21m  [38;2;98;105;137m██[38;2;21;19;27m  [38;2;0;0;0m        [38;2;23;20;30m  [38;2;99;104;138m██[38;2;16;14;21m  [38;2;0;0;0m    
[38;2;0;0;0m                                  [38;2;11;12;16m  [38;2;12;11;16m██[38;2;0;0;0m        [38;2;11;12;15m██  [38;2;0;0;0m      
[38;2;0;0;0m                                                        
[38;2;0;0;0m                      [38;2;132;114;95m  [38;2;0;0;0m                            [38;2;60;54;79m  [38;2;0;0;0m  
[38;2;0;0;0m                  [38;2;44;39;37m  [38;2;109;95;79m██[38;2;173;148;127m██[38;2;123;102;93m██[38;2;155;137;118m██[38;2;44;39;37m  [38;2;0;0;0m          ██          [38;2;67;60;87m██[38;2;23;21;30m██
[38;2;0;0;0m              [38;2;5;2;5m  [38;2;183;163;138m██[38;2;193;172;143m██[38;2;202;179;147m██[38;2;196;170;142m██[38;2;193;168;143m██[38;2;155;136;127m██[38;2;152;132;125m██[38;2;35;30;34m  [38;2;0;0;5m  [38;2;0;0;0m                  [38;2;2;2;3m██  
[38;2;0;0;0m            [38;2;93;81;74m██[38;2;182;160;142m██[38;2;170;149;127m██[38;2;198;174;145m██[38;2;182;161;139m██[38;2;162;141;130m██[38;2;156;135;127m██[38;2;156;136;128m██[38;2;156;135;128m██[38;2;122;102;90m██[38;2;148;115;81m██[38;2;24;18;11m  [38;2;0;0;0m                    
[38;2;0;0;0m            [38;2;156;135;127m██[38;2;191;165;142m██[38;2;169;147;132m████[38;2;156;136;128m██████████[38;2;156;135;127m██[38;2;108;91;75m██[38;2;227;166;101m██[38;2;0;0;0m                    
[38;2;26;27;29m    [38;2;0;0;0m      [38;2;53;47;45m  [38;2;156;136;128m██████████[38;2;156;135;127m██[38;2;122;114;111m██[38;2;114;112;112m██[38;2;161;139;129m██[38;2;181;157;137m██[38;2;162;140;123m██[38;2;144;116;92m██[38;2;238;175;112m██[38;2;141;103;64m██[38;2;0;0;0m                
[38;2;59;63;63m██[38;2;65;69;75m██[38;2;0;0;0m      [38;2;111;99;98m██[38;2;156;135;127m██[38;2;89;82;81m██[38;2;66;65;66m████[38;2;156;135;127m████[38;2;92;94;97m██[38;2;214;228;237m██[38;2;88;81;84m██[38;2;185;165;145m██[38;2;156;135;127m██[38;2;87;81;80m██[38;2;238;174;106m████[38;2;0;0;0m                
[38;2;38;40;43m██[38;2;182;191;204m██[38;2;64;71;83m  [38;2;3;3;3m  [38;2;58;57;58m██[38;2;87;79;77m██[38;2;119;111;106m██[38;2;196;149;100m██[38;2;238;174;106m██[38;2;238;174;108m██[38;2;151;119;85m██[38;2;124;104;93m██[38;2;122;115;117m██[38;2;167;179;196m██[38;2;149;158;179m██[38;2;134;117;111m██[38;2;156;135;127m████[38;2;108;91;75m██[38;2;238;174;108m██[38;2;208;152;94m██[38;2;29;21;13m  [38;2;0;0;0m            
[38;2;0;0;0m  [38;2;110;114;126m██[38;2;171;188;220m██[38;2;91;101;116m██[38;2;143;159;180m██[38;2;170;152;138m██[38;2;109;112;118m██[38;2;112;113;116m██[38;2;238;174;107m██[38;2;238;174;112m██[38;2;196;151;104m██[38;2;153;166;184m██[38;2;100;97;106m██[38;2;172;190;222m██[38;2;162;175;208m██[38;2;83;84;91m██[38;2;155;134;126m██[38;2;124;103;86m██[38;2;108;91;75m██[38;2;238;174;110m████[38;2;59;43;26m██[38;2;0;0;0m            
[38;2;0;0;0m  [38;2;47;48;62m  [38;2;124;128;161m██[38;2;148;164;192m██[38;2;89;80;72m██[38;2;152;123;93m██[38;2;116;130;152m██[38;2;198;153;110m██[38;2;238;175;112m████[38;2;91;95;104m██[38;2;98;114;135m██[38;2;201;218;233m██[38;2;186;194;219m██[38;2;139;141;179m██[38;2;90;83;93m██[38;2;126;106;94m██[38;2;92;80;68m██[38;2;178;136;91m██[38;2;238;174;110m████[38;2;155;113;69m██[38;2;0;0;0m            
[38;2;0;0;0m      [38;2;96;98;119m  [38;2;107;92;85m██[38;2;230;170;105m██[38;2;114;115;120m██[38;2;227;175;124m██[38;2;238;174;110m██[38;2;233;170;105m██[38;2;90;86;88m██[38;2;102;103;111m██[38;2;136;138;176m██[38;2;135;137;174m██[38;2;126;118;138m██[38;2;102;86;68m██[38;2;113;93;72m██[38;2;86;74;70m██[38;2;238;175;112m████████[38;2;0;0;0m            
[38;2;0;0;0m        [38;2;24;18;12m  [38;2;98;84;74m██[38;2;150;138;135m██[38;2;197;153;109m██[38;2;216;161;104m██[38;2;190;172;163m██[38;2;159;126;103m██[38;2;105;99;101m██[38;2;77;80;89m██[38;2;93;83;79m██[38;2;98;83;69m██[38;2;110;91;73m██[38;2;100;84;69m██[38;2;194;146;95m██[38;2;238;174;108m██████[38;2;218;161;88m██[38;2;82;63;28m  [38;2;0;0;0m          
[38;2;0;0;0m        [38;2;0;0;1m  [38;2;149;117;90m  [38;2;126;118;121m██[38;2;236;174;113m██[38;2;106;80;76m██[38;2;195;189;182m██[38;2;191;144;63m██[38;2;182;138;63m██[38;2;84;76;70m██[38;2;115;94;75m██[38;2;112;92;71m██[38;2;108;89;70m██[38;2;121;99;78m██[38;2;229;168;105m██[38;2;160;120;93m██[38;2;228;167;103m██[38;2;150;113;83m██[38;2;192;145;61m██[38;2;141;108;48m██[38;2;0;0;0m          
[38;2;0;0;0m            [38;2;238;175;112m██[38;2;238;174;107m██[38;2;205;161;118m██[38;2;205;161;84m██[38;2;171;132;64m██[38;2;97;85;69m██[38;2;130;111;98m██[38;2;133;111;97m██[38;2;82;74;67m██[38;2;149;117;84m██[38;2;238;174;105m██[38;2;157;117;97m██[38;2;71;55;24m██[38;2;143;108;61m██[38;2;191;144;63m██[38;2;191;145;63m██[38;2;141;108;48m██[38;2;0;0;0m          
[38;2;0;0;0m            [38;2;222;163;102m██[38;2;238;174;106m██[38;2;207;153;92m██[38;2;177;134;64m██[38;2;76;70;66m██[38;2;111;92;71m██[38;2;109;91;69m██[38;2;88;78;65m██[38;2;238;175;111m████[38;2;219;162;97m██[38;2;40;31;13m  [38;2;0;0;0m    [38;2;189;145;64m██[38;2;191;145;63m██[38;2;0;0;0m            
[38;2;0;0;0m            [38;2;59;45;40m██[38;2;144;110;88m██[38;2;86;68;63m██[38;2;87;68;59m██[38;2;131;106;65m██[38;2;101;88;71m██[38;2;86;75;60m██[38;2;149;114;54m██[38;2;215;159;85m██[38;2;246;184;108m██[38;2;145;109;63m██[38;2;0;0;0m      [38;2;95;73;32m██[38;2;189;147;64m██[38;2;0;0;0m            
[38;2;0;0;0m                [38;2;0;1;4m  [38;2;121;93;60m  [38;2;191;145;65m██[38;2;91;74;48m██[38;2;0;0;4m  [38;2;0;0;0m  [38;2;192;145;61m██[38;2;179;137;67m██[38;2;4;4;0m  [38;2;0;0;0m      [38;2;0;1;3m  [38;2;49;47;37m██[38;2;50;51;54m██[38;2;0;0;0m          
[38;2;0;0;0m                    [38;2;102;88;65m██[38;2;25;22;16m██[38;2;0;0;0m    [38;2;89;68;30m██[38;2;189;145;65m██[38;2;0;0;0m          [38;2;17;20;23m  ██[38;2;0;0;0m          
[38;2;0;0;0m                  [38;2;45;52;62m████[38;2;0;0;0m      [38;2;37;47;57m██[38;2;65;77;92m██[38;2;0;0;0m                        
[38;2;0;0;0m                            [38;2;27;35;42m██[38;2;6;8;10m██[38;2;0;0;0m                        [0m
