
[38;2;0;0;0m                              [38;2;36;58;66m████[38;2;33;54;61m  [38;2;0;0;0m                  
[38;2;0;0;0m                        [38;2;76;54;59m  [38;2;124;120;134m██[38;2;87;113;124m██[38;2;139;226;255m████[38;2;86;88;98m██[38;2;148;53;73m██[38;2;0;0;0m                
[38;2;0;0;0m                    [38;2;26;7;10m  [38;2;247;137;158m██[38;2;255;210;235m██[38;2;76;61;59m██[38;2;187;226;246m██[38;2;182;237;252m██[38;2;119;140;154m██[38;2;251;124;152m██[38;2;197;75;101m██[38;2;190;60;89m  [38;2;106;34;50m██[38;2;0;0;0m            
[38;2;0;0;0m                    [38;2;173;54;77m██[38;2;229;133;161m██[38;2;179;142;164m██[38;2;152;203;220m██[38;2;178;237;255m██[38;2;144;222;247m██[38;2;170;151;165m██[38;2;254;193;229m██[38;2;247;140;165m██[38;2;192;60;89m██[38;2;191;62;89m██[38;2;132;41;62m  [38;2;0;0;0m          
[38;2;0;0;0m                  [38;2;59;18;28m  [38;2;189;60;89m██[38;2;191;61;89m██[38;2;100;141;156m██[38;2;139;226;254m████[38;2;72;67;69m██[38;2;255;182;216m██[38;2;255;192;227m██[38;2;255;140;163m██[38;2;192;60;89m██[38;2;191;61;89m██[38;2;170;54;81m██[38;2;21;6;10m  [38;2;0;0;0m        
[38;2;0;0;0m                [38;2;29;25;28m  [38;2;191;57;82m██[38;2;227;100;128m██[38;2;74;72;92m██[38;2;133;214;240m██[38;2;139;226;254m██[38;2;113;193;232m██[38;2;70;64;66m██[38;2;231;103;127m██[38;2;255;130;150m██[38;2;223;89;114m██[38;2;246;81;96m██[38;2;212;68;92m██[38;2;190;61;89m██[38;2;63;20;29m██[38;2;0;0;0m        
[38;2;0;0;0m            [38;2;19;31;35m  [38;2;52;85;96m██[38;2;122;186;207m██[38;2;175;101;113m██[38;2;138;113;129m██[38;2;97;100;144m██[38;2;139;226;254m████[38;2;111;187;229m██[38;2;92;123;135m  [38;2;170;61;85m██[38;2;192;60;89m████[38;2;230;76;94m██[38;2;208;65;91m██[38;2;183;70;94m██[38;2;109;104;118m██[38;2;25;47;64m  [38;2;0;0;0m      
[38;2;0;0;0m            [38;2;130;211;238m██[38;2;139;226;254m██[38;2;138;226;254m██[38;2;132;211;237m██[38;2;134;217;244m██[38;2;76;117;195m██[38;2;80;124;199m██[38;2;139;226;254m██[38;2;106;169;221m██[38;2;79;122;190m██[38;2;135;62;77m██[38;2;191;62;89m██[38;2;191;61;89m██[38;2;195;65;92m██[38;2;242;101;122m██[38;2;221;97;119m██[38;2;114;170;191m██[38;2;89;162;212m██[38;2;125;203;229m██[38;2;0;0;0m    
[38;2;0;0;0m            [38;2;68;107;153m██[38;2;111;178;228m██[38;2;139;226;254m████[38;2;113;172;225m██[38;2;213;209;239m██[38;2;224;103;113m██[38;2;56;60;73m██[38;2;124;198;229m██[38;2;106;184;228m██[38;2;102;159;185m██[38;2;138;62;77m██[38;2;183;67;87m██[38;2;255;121;139m██[38;2;204;105;119m██[38;2;102;145;161m██[38;2;123;205;242m██[38;2;139;226;254m████[38;2;101;167;220m██[38;2;21;33;51m██
[38;2;0;0;0m            [38;2;30;55;75m██[38;2;81;150;204m██[38;2;126;181;208m██[38;2;140;225;254m██[38;2;127;184;216m██[38;2;117;65;93m██[38;2;224;80;72m██[38;2;64;63;65m██[38;2;138;225;254m██[38;2;138;225;253m██[38;2;137;224;252m██[38;2;134;216;242m██[38;2;99;126;139m██[38;2;76;67;69m██[38;2;113;161;179m██[38;2;131;215;248m██[38;2;118;200;238m██[38;2;136;221;254m██[38;2;96;158;200m██[38;2;64;119;161m██[38;2;1;2;3m  
[38;2;0;0;0m                [38;2;34;48;58m  [38;2;142;219;245m██[38;2;137;224;254m██[38;2;97;87;137m██[38;2;99;136;151m██[38;2;139;226;255m██[38;2;139;226;254m██  ██████[38;2;141;226;255m██[38;2;124;195;235m██[38;2;109;174;226m  [38;2;111;182;230m██[38;2;71;115;178m██[38;2;13;21;30m  [38;2;0;0;0m    
[38;2;0;0;0m                  [38;2;2;4;4m  [38;2;120;179;227m██[38;2;135;219;251m██[38;2;139;226;254m██[38;2;184;239;255m██[38;2;131;195;231m██[38;2;85;157;211m██[38;2;164;233;255m██[38;2;139;226;254m██[38;2;165;234;254m██[38;2;171;225;247m██[38;2;89;140;203m██[38;2;81;152;207m██[38;2;81;144;205m██[38;2;1;2;3m  [38;2;0;0;0m      
[38;2;0;0;0m                [38;2;26;26;21m  [38;2;113;134;140m██[38;2;82;108;147m██[38;2;136;221;252m██[38;2;110;189;232m██[38;2;73;108;135m██[38;2;83;107;127m██[38;2;110;129;143m██[38;2;118;137;143m██[38;2;131;197;230m██[38;2;100;158;214m██[38;2;69;90;127m██[38;2;53;89;115m██[38;2;0;0;0m            
[38;2;0;0;0m              [38;2;2;2;2m██[38;2;130;131;103m██[38;2;69;68;67m██[38;2;73;103;126m██[38;2;81;151;202m██[38;2;65;64;66m██[38;2;194;191;187m██[38;2;101;100;97m██[38;2;176;176;176m██[38;2;219;217;218m██[38;2;65;64;65m████[38;2;68;74;83m██[38;2;78;126;196m██[38;2;69;130;174m██[38;2;0;0;0m          
[38;2;0;0;0m        [38;2;91;84;73m██[38;2;92;84;74m██[38;2;102;96;82m██[38;2;97;96;86m██[38;2;97;97;84m██[38;2;100;100;86m██[38;2;81;81;74m██[38;2;103;148;163m██[38;2;78;133;175m██[38;2;70;75;83m██[38;2;145;153;160m██[38;2;149;149;150m██[38;2;79;82;92m██[38;2;73;77;83m  [38;2;100;100;86m██[38;2;95;95;83m██[38;2;81;92;107m██[38;2;74;132;174m██[38;2;1;0;0m  [38;2;0;0;0m        
[38;2;0;0;0m    [38;2;58;54;48m██[38;2;168;156;137m██[38;2;105;97;85m  [38;2;0;3;6m  [38;2;85;83;74m██[38;2;127;125;106m██[38;2;103;103;87m██[38;2;68;68;67m██[38;2;99;99;85m██[38;2;135;219;247m██[38;2;81;153;207m██[38;2;80;147;196m██[38;2;67;72;80m██[38;2;63;62;63m██[38;2;94;94;91m██[38;2;126;127;101m██[38;2;103;103;87m██[38;2;124;124;100m██[38;2;106;106;89m██[38;2;38;53;62m██[38;2;3;2;1m  [38;2;0;0;0m        
[38;2;0;0;0m  [38;2;92;85;81m  [38;2;194;179;167m██[38;2;89;82;72m██[38;2;0;0;0m  [38;2;64;65;51m  [38;2;120;121;97m██[38;2;69;68;67m██[38;2;114;115;94m██[38;2;95;95;83m██[38;2;80;103;115m██[38;2;115;189;218m██[38;2;77;128;165m██[38;2;27;26;27m██[38;2;0;0;0m  [38;2;2;2;1m  [38;2;81;82;69m██[38;2;95;95;83m██[38;2;128;123;103m██[38;2;103;97;89m██[38;2;141;131;117m██[38;2;111;104;96m██[38;2;108;99;89m██[38;2;0;0;0m        
[38;2;4;4;3m  [38;2;160;148;139m██[38;2;121;109;96m██[38;2;0;0;0m    [38;2;111;110;88m██[38;2;106;105;89m██[38;2;123;124;99m██[38;2;104;104;88m██[38;2;126;126;101m██[38;2;97;136;149m██[38;2;89;162;215m██[38;2;38;71;95m  [38;2;0;0;0m      [38;2;78;79;62m██[38;2;54;53;54m  [38;2;90;83;73m  [38;2;157;145;128m██[38;2;130;121;110m██[38;2;73;71;71m██[38;2;127;119;108m██[38;2;140;129;113m██[38;2;3;3;3m  [38;2;0;0;0m    
[38;2;44;40;36m██[38;2;172;156;138m██[38;2;45;41;36m  [38;2;0;0;0m    [38;2;42;42;33m  [38;2;121;121;98m██[38;2;91;92;76m██[38;2;87;87;72m██[38;2;47;48;38m██[38;2;82;115;136m██[38;2;137;224;253m██[38;2;0;0;0m      [38;2;105;97;85m██[38;2;82;82;65m██[38;2;0;0;0m    [38;2;166;152;135m██[38;2;113;107;98m██[38;2;153;142;126m██[38;2;65;64;65m██[38;2;166;154;134m██[38;2;45;43;37m██[38;2;0;0;0m    
[38;2;0;0;0m            [38;2;112;113;90m██[38;2;12;12;16m  [38;2;0;0;0m    [38;2;31;58;79m  [38;2;81;152;207m██[38;2;0;0;0m    [38;2;87;80;71m██[38;2;169;156;137m██[38;2;79;76;61m██[38;2;0;0;0m    [38;2;18;17;15m██[38;2;113;106;98m██[38;2;156;145;128m██[38;2;99;94;88m██[38;2;75;72;69m██[38;2;168;155;135m██[38;2;0;0;0m    
[38;2;0;0;0m                      [38;2;26;50;67m  [38;2;0;0;0m    [38;2;143;131;115m██[38;2;167;153;133m██[38;2;25;23;21m  [38;2;0;0;0m    [38;2;19;17;15m██[38;2;172;157;137m██[38;2;80;77;75m██[38;2;71;66;60m██[38;2;7;7;5m  [38;2;55;54;42m██[38;2;0;0;0m    
[38;2;0;0;0m                          ██[38;2;187;172;157m██[38;2;165;151;131m██[38;2;0;0;0m      [38;2;46;42;37m██[38;2;157;145;128m██[38;2;65;64;54m██[38;2;0;0;0m          
[38;2;0;0;0m                          ██[38;2;175;161;143m██[38;2;165;151;131m██[38;2;0;0;0m      [38;2;170;157;137m██[38;2;106;100;86m██[38;2;33;32;27m  [38;2;0;0;0m          
[38;2;0;0;0m                          ██[38;2;161;149;132m██[38;2;152;139;122m██[38;2;0;0;0m      [38;2;127;118;103m██[38;2;39;37;31m  [38;2;0;0;0m            
[38;2;0;0;0m                            [38;2;33;32;30m██[38;2;27;25;23m  [38;2;0;0;0m                      [0m
