
[38;2;0;0;0m                                    [38;2;17;11;15m    [38;2;0;0;0m                
[38;2;0;0;0m                                    [38;2;63;44;57m████[38;2;0;0;0m                
[38;2;0;0;0m                                    [38;2;63;44;57m████[38;2;0;0;0m                
[38;2;0;0;0m                                [38;2;48;25;33m  [38;2;196;112;158m██[38;2;222;131;182m████[38;2;0;0;0m                
[38;2;0;0;0m                            [38;2;152;106;138m████[38;2;255;175;231m██[38;2;252;169;223m████[38;2;255;178;231m████[38;2;140;97;127m██[38;2;76;53;69m  [38;2;0;0;0m          
[38;2;0;0;0m                                [38;2;16;11;15m██[38;2;62;55;60m██[38;2;249;157;212m██[38;2;247;147;203m██[38;2;229;124;181m██[38;2;255;177;231m██[38;2;250;174;227m██[38;2;238;166;215m██[38;2;0;0;0m        
[38;2;0;0;0m                                  [38;2;28;21;22m  [38;2;249;147;199m██[38;2;250;160;215m██[38;2;26;25;26m██[38;2;0;0;0m  [38;2;33;23;30m  [38;2;135;94;123m████[38;2;33;23;30m  [38;2;0;0;0m    
[38;2;0;0;0m                            [38;2;63;44;57m██[38;2;255;178;231m████[38;2;230;117;177m██[38;2;242;146;203m██[38;2;255;177;231m████[38;2;63;44;57m██[38;2;0;0;0m            
[38;2;0;0;0m                              [38;2;131;108;53m██[38;2;132;82;109m██[38;2;177;101;144m██[38;2;255;174;231m██[38;2;255;177;230m██[38;2;145;108;134m██[38;2;211;129;176m██[38;2;215;132;180m██[38;2;136;94;123m██[38;2;0;0;0m        
[38;2;0;0;0m                        [38;2;3;1;2m██[38;2;3;2;2m  [38;2;4;3;1m  [38;2;195;166;57m██[38;2;4;3;2m  [38;2;23;6;10m  [38;2;254;172;229m██[38;2;255;177;231m██[38;2;0;0;0m                
[38;2;0;0;0m                        [38;2;22;10;16m  [38;2;122;61;90m██[38;2;97;74;41m██[38;2;255;242;165m██[38;2;148;126;58m██[38;2;191;114;157m██[38;2;161;163;224m██[38;2;255;177;231m██[38;2;99;45;74m  [38;2;0;0;0m              
[38;2;0;0;0m                        [38;2;55;25;41m██[38;2;186;123;111m██[38;2;132;109;79m██[38;2;255;243;169m██[38;2;207;177;65m██[38;2;182;120;163m██[38;2;106;174;237m██[38;2;255;177;230m██[38;2;185;115;160m██[38;2;0;0;0m  [38;2;63;43;57m██[38;2;91;55;73m██[38;2;199;126;173m██[38;2;174;121;157m██[38;2;0;0;0m    
[38;2;0;0;0m                        [38;2;157;126;57m██[38;2;78;65;76m██[38;2;255;216;109m██[38;2;255;251;198m██[38;2;239;218;126m██[38;2;90;175;210m██[38;2;193;146;203m██[38;2;255;177;231m██[38;2;213;118;172m██[38;2;50;29;38m  [38;2;151;102;134m██[38;2;235;162;211m██[38;2;236;134;192m██[38;2;191;132;172m██[38;2;0;0;0m    
[38;2;0;0;0m                  [38;2;8;26;35m  [38;2;0;0;0m    [38;2;255;215;65m██[38;2;113;102;65m██[38;2;255;226;105m██[38;2;255;251;198m██[38;2;203;225;186m██[38;2;56;174;239m██[38;2;234;125;181m██[38;2;238;138;195m██[38;2;245;158;213m██[38;2;244;149;207m██[38;2;245;152;210m██[38;2;238;154;208m██[38;2;247;162;216m██[38;2;56;29;43m██[38;2;0;0;0m    
[38;2;0;0;0m                  [38;2;42;130;179m██[38;2;0;0;0m    [38;2;255;221;90m██[38;2;217;198;112m██[38;2;218;218;137m██[38;2;218;236;205m██[38;2;112;200;233m██[38;2;79;183;236m██[38;2;255;177;231m████[38;2;245;158;213m██[38;2;243;149;205m██[38;2;246;142;201m██[38;2;143;98;129m██[38;2;67;47;61m██[38;2;16;11;15m  [38;2;0;0;0m    
[38;2;0;0;0m                  [38;2;41;129;177m██[38;2;46;134;182m██[38;2;196;165;60m██[38;2;255;252;198m██[38;2;255;242;166m██[38;2;173;213;193m██[38;2;64;179;234m██[38;2;123;205;245m██[38;2;125;169;232m██[38;2;91;72;114m██[38;2;136;89;139m██[38;2;247;162;216m██[38;2;234;135;191m██[38;2;186;104;154m██[38;2;42;38;53m██[38;2;0;0;0m        
[38;2;0;0;0m                [38;2;51;43;13m  [38;2;98;107;88m██[38;2;129;183;203m██[38;2;208;199;144m██[38;2;255;251;198m██[38;2;250;251;206m██[38;2;92;192;243m██[38;2;97;195;242m██[38;2;193;214;232m██[38;2;87;86;107m██[38;2;144;117;178m██[38;2;130;103;184m██[38;2;136;98;121m██[38;2;255;178;231m██[38;2;221;123;184m██[38;2;103;86;127m██[38;2;79;45;91m  [38;2;0;0;4m  [38;2;0;0;0m    
[38;2;0;0;0m          [38;2;191;161;49m██[38;2;63;53;16m  [38;2;0;0;0m  [38;2;63;53;16m██[38;2;145;134;80m██[38;2;137;165;165m██[38;2;223;216;162m██[38;2;89;186;230m██[38;2;101;183;214m██[38;2;196;238;241m██[38;2;188;234;252m██[38;2;175;164;206m██[38;2;210;144;211m██[38;2;117;89;136m██[38;2;102;79;157m██[38;2;133;98;124m██[38;2;240;155;208m██[38;2;145;77;122m██[38;2;104;84;140m██[38;2;173;88;161m██[38;2;51;26;48m██[38;2;0;0;0m    
[38;2;0;0;0m          [38;2;25;21;6m  [38;2;205;175;63m██[38;2;14;14;14m  [38;2;229;193;59m██[38;2;248;238;130m██[38;2;119;111;81m██[38;2;126;196;209m██[38;2;132;213;247m██[38;2;47;106;133m██[38;2;201;248;255m██[38;2;156;155;226m██[38;2;100;80;110m██[38;2;193;117;190m██[38;2;153;90;170m██[38;2;37;34;46m██[38;2;88;50;72m██[38;2;83;55;73m██[38;2;33;29;49m██[38;2;105;79;176m██[38;2;196;96;167m██[38;2;99;73;155m██[38;2;0;0;0m    
[38;2;0;0;0m            [38;2;255;218;76m██[38;2;169;154;88m██[38;2;255;214;65m██[38;2;255;241;164m██[38;2;233;227;146m██[38;2;118;202;232m██[38;2;121;131;163m██[38;2;115;98;174m██[38;2;84;80;91m██[38;2;130;122;162m██[38;2;207;149;189m██[38;2;111;89;161m██[38;2;80;59;129m██[38;2;0;0;0m        [38;2;105;81;154m██[38;2;139;110;208m██[38;2;170;106;188m██[38;2;0;0;0m    
[38;2;0;0;0m            [38;2;76;64;20m██[38;2;255;241;161m██[38;2;255;223;96m██[38;2;255;251;195m██[38;2;214;232;198m██[38;2;118;216;239m██[38;2;84;71;102m██[38;2;113;86;184m██[38;2;98;77;96m██[38;2;239;153;208m██[38;2;229;115;174m██[38;2;100;62;109m██[38;2;10;9;8m  [38;2;0;0;0m        [38;2;75;57;113m██[38;2;139;110;206m██[38;2;83;64;120m██[38;2;5;5;0m  [38;2;0;0;0m  
[38;2;0;0;0m          [38;2;0;0;2m  [38;2;70;60;27m██[38;2;232;211;118m██[38;2;255;251;198m████[38;2;156;178;197m██[38;2;65;80;105m██[38;2;132;101;199m██[38;2;106;80;173m██[38;2;113;89;145m██[38;2;164;109;195m██[38;2;176;110;193m██[38;2;126;99;192m██[38;2;107;84;164m██[38;2;16;12;24m  [38;2;0;0;0m      [38;2;59;45;88m  [38;2;116;90;187m██[38;2;106;82;168m██[38;2;93;73;148m██[38;2;12;11;19m  
[38;2;0;0;0m          [38;2;0;0;6m  [38;2;201;174;72m██[38;2;207;177;65m██[38;2;255;252;198m██[38;2;255;251;198m██[38;2;94;118;210m██[38;2;115;90;184m██[38;2;131;102;197m████[38;2;139;110;206m██[38;2;139;111;209m██[38;2;105;81;154m██[38;2;80;59;129m██[38;2;140;109;206m████[38;2;105;81;154m██[38;2;0;0;0m      [38;2;35;28;61m██[38;2;84;73;111m██[38;2;112;87;187m██[38;2;13;14;21m██
[38;2;0;0;0m            [38;2;38;35;21m██[38;2;229;205;101m██[38;2;235;228;194m██[38;2;137;111;189m██[38;2;128;104;179m██[38;2;148;130;99m██[38;2;110;91;149m████[38;2;103;86;140m██[38;2;76;64;107m██[38;2;0;0;0m    [38;2;17;14;24m  [38;2;87;72;123m██[38;2;139;111;209m██[38;2;90;71;134m██[38;2;0;0;0m            
[38;2;0;0;0m        [38;2;11;5;8m  [38;2;11;13;8m  [38;2;71;59;95m██[38;2;92;75;138m██[38;2;213;177;102m██[38;2;91;115;179m██[38;2;75;69;77m██[38;2;192;204;179m██[38;2;90;84;99m██[38;2;134;108;177m██[38;2;136;106;200m██[38;2;130;101;192m██[38;2;0;0;0m      [38;2;76;58;114m██[38;2;138;111;209m██[38;2;109;84;173m██[38;2;0;0;0m            
[38;2;0;0;0m    [38;2;15;11;26m  [38;2;63;47;105m██[38;2;106;69;89m██[38;2;76;59;86m██[38;2;90;81;95m██[38;2;100;110;160m██[38;2;130;101;198m██[38;2;80;96;135m██[38;2;203;204;141m██[38;2;245;234;149m██[38;2;124;103;103m██[38;2;54;42;87m██[38;2;32;23;51m  [38;2;0;0;0m      [38;2;18;14;20m  [38;2;88;75;124m██[38;2;139;112;207m██[38;2;34;28;51m██[38;2;0;0;0m            
[38;2;30;23;44m  [38;2;106;82;163m██[38;2;110;83;179m██[38;2;107;80;177m██[38;2;95;74;149m██[38;2;156;87;126m██[38;2;5;13;6m  [38;2;53;65;110m  [38;2;123;98;175m██[38;2;189;162;68m██[38;2;102;134;131m██[38;2;101;94;71m██[38;2;70;55;110m  [38;2;1;1;0m  [38;2;0;0;0m      [38;2;6;5;6m  [38;2;194;141;191m██[38;2;184;133;191m██[38;2;51;43;61m██[38;2;9;8;8m  [38;2;0;0;0m            
[38;2;11;10;11m  [38;2;97;78;134m██[38;2;114;89;166m██[38;2;104;83;159m██[38;2;109;81;168m██[38;2;9;6;14m  [38;2;0;0;0m    [38;2;45;34;67m██[38;2;24;22;28m██[38;2;25;22;30m██[38;2;8;6;14m  [38;2;0;0;0m        [38;2;23;18;34m  [38;2;109;85;157m██[38;2;133;102;199m██[38;2;121;98;171m██[38;2;119;87;127m██[38;2;19;14;21m  [38;2;0;0;0m            
[38;2;27;21;41m  [38;2;111;87;164m██[38;2;0;0;0m  [38;2;83;65;123m    [38;2;0;0;0m                    [38;2;83;65;123m  [38;2;110;91;149m██[38;2;77;68;88m██[38;2;132;101;197m██[38;2;136;106;198m██[38;2;103;79;155m██[38;2;0;0;0m              
[38;2;0;0;0m                                [38;2;43;37;55m██[38;2;135;105;198m██[38;2;27;22;37m██[38;2;109;86;158m██[38;2;96;74;142m██[38;2;0;0;0m              [0m
