
[38;2;0;0;0m        [38;2;33;28;8m  [38;2;0;0;0m                      
[38;2;0;0;0m        [38;2;135;114;35m██[38;2;0;0;0m                      
[38;2;0;0;0m        [38;2;135;114;35m██[38;2;233;196;60m██[38;2;7;6;7m  [38;2;0;0;0m    [38;2;21;18;5m  [38;2;5;5;1m  [38;2;0;0;0m          
[38;2;0;0;0m        [38;2;135;114;35m██[38;2;238;223;164m██[38;2;149;127;59m██[38;2;0;0;0m    [38;2;213;179;55m██[38;2;23;20;6m██[38;2;0;0;0m          
[38;2;0;0;0m        [38;2;255;214;65m██[38;2;255;244;200m██[38;2;255;236;163m██[38;2;213;189;96m██[38;2;213;186;86m██[38;2;255;236;163m██[38;2;23;20;6m██[38;2;0;0;0m  [38;2;1;1;0m  [38;2;25;21;6m██[38;2;0;0;0m    
[38;2;0;0;0m  [38;2;161;136;41m██[38;2;0;0;0m  [38;2;0;0;11m  [38;2;255;215;68m██[38;2;255;246;210m██[38;2;255;244;201m██[38;2;255;242;189m██[38;2;255;245;208m██[38;2;255;239;175m██[38;2;68;65;54m██[38;2;89;75;23m  [38;2;193;162;50m██[38;2;103;87;26m██[38;2;0;0;0m    
[38;2;0;0;0m  [38;2;161;136;41m  [38;2;177;149;45m██[38;2;125;105;41m██[38;2;255;219;88m██[38;2;255;247;214m████[38;2;180;173;160m██[38;2;70;67;77m██[38;2;255;241;188m██[38;2;255;224;106m██[38;2;255;219;85m██[38;2;185;156;47m  [38;2;0;0;0m      
[38;2;0;0;0m    [38;2;255;224;111m██[38;2;255;214;69m██[38;2;255;231;144m██[38;2;255;247;214m██[38;2;161;157;141m██[38;2;125;97;185m██[38;2;82;73;110m██[38;2;161;157;149m██[38;2;255;239;180m██[38;2;255;231;144m██[38;2;0;0;0m        
[38;2;0;0;0m    [38;2;103;87;26m██[38;2;255;246;209m██[38;2;255;235;161m██[38;2;250;241;212m██[38;2;127;115;135m██[38;2;126;93;200m██[38;2;87;67;142m██[38;2;95;71;151m██[38;2;187;177;184m██[38;2;118;101;51m██[38;2;15;16;15m  [38;2;0;0;0m      
[38;2;53;45;13m██[38;2;29;25;7m  [38;2;132;116;56m██[38;2;255;245;209m██[38;2;255;246;214m██[38;2;139;112;186m██[38;2;111;83;169m██[38;2;101;75;166m██[38;2;78;61;135m██[38;2;99;75;161m██[38;2;93;73;147m██[38;2;125;97;171m██[38;2;120;97;182m██[38;2;90;65;148m██[38;2;0;0;0m    
[38;2;0;0;0m  [38;2;161;136;41m  [38;2;255;218;78m██[38;2;255;215;66m██[38;2;255;247;214m██[38;2;105;72;179m██[38;2;121;93;186m██[38;2;113;86;172m██[38;2;142;119;198m██[38;2;71;59;124m██[38;2;129;92;208m██[38;2;127;101;187m██[38;2;67;52;109m  [38;2;0;0;2m  [38;2;0;0;0m    
[38;2;0;0;0m    [38;2;141;125;63m██[38;2;255;238;175m██[38;2;196;177;200m██[38;2;102;69;174m██[38;2;160;150;187m██[38;2;205;205;205m██[38;2;142;133;177m██[38;2;99;88;134m██[38;2;104;72;172m██[38;2;132;124;140m██[38;2;185;156;47m  [38;2;0;0;0m      
[38;2;0;0;0m      [38;2;185;162;123m  [38;2;161;130;162m██[38;2;106;73;178m██[38;2;82;68;114m██[38;2;83;68;121m██[38;2;105;94;73m██[38;2;111;92;105m██[38;2;69;65;76m██[38;2;225;200;101m██[38;2;0;0;0m        
[38;2;0;0;0m      [38;2;0;0;9m  [38;2;29;22;35m██[38;2;37;28;45m██[38;2;146;122;47m██[38;2;91;79;84m██[38;2;197;163;74m██[38;2;200;162;97m██[38;2;97;71;154m██[38;2;60;56;46m██[38;2;0;0;0m        
[38;2;0;0;0m            [38;2;120;98;43m██[38;2;193;160;47m██[38;2;235;195;64m██[38;2;147;117;117m██[38;2;154;119;144m██[38;2;86;67;109m██[38;2;0;0;0m        
[38;2;0;0;0m          [38;2;15;12;10m  [38;2;125;103;85m██[38;2;255;214;65m██[38;2;142;120;88m██[38;2;141;119;92m██[38;2;241;204;65m██[38;2;94;64;159m██[38;2;77;53;131m  [38;2;0;0;0m      
[38;2;0;0;0m        [38;2;10;9;20m  [38;2;104;86;65m██[38;2;101;83;112m██[38;2;178;146;113m██[38;2;128;94;143m██[38;2;112;84;129m██[38;2;4;4;4m  [38;2;169;134;139m██[38;2;102;79;164m██[38;2;14;11;24m  [38;2;0;0;0m    
[38;2;0;0;0m      [38;2;95;64;119m  [38;2;63;57;76m██[38;2;93;81;102m██[38;2;114;94;106m██[38;2;82;73;89m██[38;2;107;86;125m██[38;2;153;130;63m██[38;2;4;12;5m  [38;2;94;72;111m██[38;2;139;107;216m██[38;2;56;43;87m██[38;2;0;0;0m    
[38;2;0;0;0m    [38;2;7;6;11m  [38;2;61;59;67m██[38;2;87;71;101m██[38;2;103;90;99m██[38;2;147;124;87m██[38;2;223;184;83m██[38;2;223;189;69m██[38;2;80;66;111m██[38;2;126;96;149m██[38;2;75;69;77m██[38;2;143;110;212m██[38;2;87;76;111m██[38;2;36;28;43m  [38;2;0;0;0m  
[38;2;0;0;0m    [38;2;30;27;46m██[38;2;15;17;22m██[38;2;70;66;84m██[38;2;164;127;196m██[38;2;110;92;100m██[38;2;255;214;65m██[38;2;161;130;110m██[38;2;112;81;151m██[38;2;137;98;160m██[38;2;113;89;127m██[38;2;89;79;105m██[38;2;139;110;173m██[38;2;36;33;43m  [38;2;0;0;0m  
[38;2;0;0;0m        [38;2;73;54;85m  [38;2;114;86;131m██[38;2;102;88;114m██[38;2;188;155;97m██[38;2;93;75;109m██[38;2;157;113;186m██[38;2;121;89;139m██[38;2;97;80;122m██[38;2;117;91;177m██[38;2;77;65;110m██[38;2;104;80;158m██[38;2;7;5;12m  
[38;2;0;0;0m        [38;2;1;1;6m  [38;2;139;112;80m██[38;2;81;70;114m██[38;2;72;52;117m██[38;2;91;71;127m██[38;2;97;77;110m██[38;2;128;107;42m██[38;2;90;72;123m██[38;2;50;42;85m██[38;2;82;58;134m██[38;2;89;64;148m██[38;2;17;13;31m██
[38;2;0;0;0m        [38;2;9;8;21m  [38;2;81;67;68m██[38;2;110;92;59m██[38;2;0;0;0m  [38;2;4;9;0m  [38;2;93;71;135m██[38;2;99;72;146m██[38;2;85;68;121m██[38;2;34;26;26m  [38;2;0;0;0m  [38;2;67;46;114m  [38;2;0;0;0m  
[38;2;0;0;0m        [38;2;55;48;91m██[38;2;73;65;114m██[38;2;25;23;39m██[38;2;0;0;0m    [38;2;14;11;17m  [38;2;147;114;75m██[38;2;102;72;167m██[38;2;137;104;106m██[38;2;0;0;0m      
[38;2;0;0;0m                  [38;2;0;0;2m  [38;2;100;73;159m██[38;2;127;96;197m██[38;2;117;87;182m██[38;2;47;35;74m██[38;2;0;0;0m    
[38;2;0;0;0m                    [38;2;33;24;52m  [38;2;22;17;37m██[38;2;12;9;23m██[38;2;14;10;21m  [38;2;0;0;0m    [0m
