
[38;2;0;0;0m    [38;2;4;5;6m    [38;2;0;0;0m    [38;2;4;5;6m    [38;2;6;6;6m  [38;2;24;26;27m████[38;2;6;6;6m  [38;2;0;0;0m                    
[38;2;0;0;0m    [38;2;20;22;26m████[38;2;0;0;0m    [38;2;56;60;64m██[38;2;56;58;62m██[38;2;79;85;90m██[38;2;97;105;109m██[38;2;79;85;88m██[38;2;6;6;6m  [38;2;0;0;0m                    
[38;2;0;0;0m    [38;2;20;21;25m██[38;2;64;70;80m██[38;2;52;52;54m██[38;2;126;129;133m██[38;2;68;72;76m██[38;2;68;70;74m██[38;2;126;129;134m██[38;2;89;89;92m██[38;2;79;80;83m██[38;2;18;19;20m  [38;2;0;0;0m                    
[38;2;0;0;0m    [38;2;18;18;20m██[38;2;175;174;179m██[38;2;112;111;112m██[38;2;113;112;114m██[38;2;80;83;88m██[38;2;76;85;96m██[38;2;89;90;92m██[38;2;126;129;134m██[38;2;79;84;88m██[38;2;0;0;0m                      
[38;2;0;0;0m    [38;2;15;15;15m  [38;2;169;169;169m██[38;2;136;135;136m██[38;2;100;99;100m██[38;2;79;89;104m██[38;2;76;85;96m██[38;2;79;80;81m██[38;2;104;110;114m██[38;2;71;71;73m██[38;2;22;23;24m██[38;2;0;0;0m                    
[38;2;0;0;0m    [38;2;34;34;35m  [38;2;86;85;87m██[38;2;100;99;100m██[38;2;70;68;74m██[38;2;61;62;72m██[38;2;160;158;162m██[38;2;72;75;73m██[38;2;74;82;85m██[38;2;207;206;207m██[38;2;88;87;88m██[38;2;0;0;0m                    
[38;2;0;0;0m  [38;2;101;102;106m  [38;2;118;118;120m██[38;2;95;91;61m██[38;2;85;92;93m██[38;2;112;110;78m██[38;2;215;212;172m██[38;2;191;189;182m██[38;2;106;110;108m██[38;2;241;242;241m██[38;2;153;157;159m██[38;2;203;201;207m██[38;2;165;169;171m██[38;2;37;38;39m██[38;2;0;0;0m    [38;2;15;15;15m  [38;2;63;63;63m██[38;2;255;255;255m████[38;2;63;63;63m██[38;2;15;15;15m██
[38;2;0;0;0m    [38;2;4;4;6m  [38;2;171;161;49m██[38;2;133;127;58m██[38;2;208;198;54m██[38;2;223;213;52m██[38;2;198;193;59m██[38;2;108;112;114m██[38;2;113;113;114m██[38;2;105;106;108m██[38;2;77;80;85m██[38;2;71;73;76m██[38;2;49;50;51m██[38;2;136;138;143m██[38;2;106;106;110m██[38;2;207;207;207m██[38;2;255;255;255m██[38;2;219;219;219m██[38;2;112;111;112m██[38;2;135;137;138m██[38;2;15;16;17m  
[38;2;0;0;0m      [38;2;83;77;32m  [38;2;224;213;54m██[38;2;179;169;53m██[38;2;193;184;50m██[38;2;164;155;52m██[38;2;141;141;115m██[38;2;116;120;123m██[38;2;97;102;105m██[38;2;73;74;76m██[38;2;207;207;207m██[38;2;15;15;15m  [38;2;0;0;0m  [38;2;143;143;143m  [38;2;191;191;191m██[38;2;47;47;47m  [38;2;61;60;62m██[38;2;24;24;26m  [38;2;0;0;0m    
[38;2;0;0;0m        [38;2;128;127;67m██[38;2;216;209;66m██[38;2;207;198;52m██[38;2;129;126;66m██[38;2;98;95;66m██[38;2;87;91;94m██[38;2;91;96;99m██[38;2;173;174;174m██[38;2;222;223;227m██[38;2;78;81;86m██[38;2;0;2;4m  [38;2;0;0;0m              
[38;2;0;0;0m    [38;2;8;8;8m  [38;2;157;158;162m██[38;2;209;210;170m██[38;2;66;67;65m██[38;2;71;73;78m██[38;2;98;99;81m██[38;2;91;96;102m██[38;2;90;95;99m██[38;2;148;147;148m██[38;2;255;255;255m██[38;2;125;130;143m██[38;2;222;223;227m██[38;2;207;207;207m██[38;2;15;15;15m  [38;2;0;0;0m            
[38;2;0;0;0m    [38;2;55;55;56m██[38;2;140;142;145m██[38;2;151;158;167m██[38;2;114;117;122m██[38;2;79;81;85m██[38;2;79;81;84m██[38;2;107;106;114m██[38;2;208;207;208m██[38;2;221;221;222m██[38;2;119;120;125m████[38;2;221;221;222m██[38;2;185;187;189m██[38;2;63;63;63m██[38;2;0;0;0m            
[38;2;0;0;0m    [38;2;30;30;31m██[38;2;91;97;100m██[38;2;85;83;92m██[38;2;221;220;222m██[38;2;112;117;129m██[38;2;107;112;120m██[38;2;255;255;255m██[38;2;153;156;162m██[38;2;73;78;86m██[38;2;91;97;100m██[38;2;106;108;111m██[38;2;87;88;93m██[38;2;177;178;181m██[38;2;48;51;54m██[38;2;0;0;0m            
[38;2;0;0;0m  [38;2;0;2;4m  [38;2;110;115;122m██[38;2;97;105;109m██[38;2;82;82;86m██[38;2;223;224;225m██[38;2;113;119;132m████[38;2;255;255;255m██[38;2;156;162;170m██[38;2;74;77;80m██[38;2;97;105;109m██[38;2;81;82;84m██[38;2;131;135;139m██[38;2;115;117;122m██[38;2;125;129;135m██[38;2;0;0;0m            
[38;2;6;6;6m  [38;2;98;103;106m██[38;2;91;98;104m██[38;2;91;97;100m██[38;2;95;100;107m██[38;2;76;81;92m██[38;2;177;180;186m██[38;2;179;182;189m██[38;2;178;182;189m██[38;2;76;84;97m██[38;2;81;81;83m██[38;2;100;104;108m██[38;2;83;84;86m██[38;2;114;116;120m██[38;2;131;133;139m██[38;2;121;125;132m██[38;2;24;24;26m  [38;2;0;0;0m          
[38;2;48;45;30m██[38;2;103;101;75m██[38;2;91;97;100m██[38;2;104;107;110m██[38;2;126;130;134m██[38;2;84;89;97m██[38;2;177;180;186m██[38;2;179;182;189m██[38;2;76;85;96m██[38;2;102;105;109m██[38;2;131;134;139m████[38;2;102;103;106m██[38;2;114;116;120m██[38;2;121;125;132m██[38;2;81;91;108m██[38;2;98;99;104m██[38;2;0;0;0m          
[38;2;50;48;13m██[38;2;172;164;54m██[38;2;69;69;70m██[38;2;112;117;119m██[38;2;126;130;134m██[38;2;84;83;91m██[38;2;221;220;222m██[38;2;222;223;227m██[38;2;75;83;94m██[38;2;114;115;120m██[38;2;124;128;133m██[38;2;118;121;125m██[38;2;107;107;97m██[38;2;115;117;114m██[38;2;115;117;121m██[38;2;85;83;92m██[38;2;73;74;78m  [38;2;0;0;0m          
[38;2;9;8;2m  [38;2;50;48;11m██[38;2;115;109;65m██[38;2;112;115;118m██[38;2;83;85;87m██[38;2;72;73;76m██[38;2;93;97;105m██[38;2;90;100;113m██[38;2;75;83;94m██[38;2;77;76;78m██[38;2;87;89;92m██[38;2;81;81;83m██[38;2;200;191;58m██[38;2;189;188;172m██[38;2;219;219;219m██[38;2;221;220;222m██[38;2;0;0;0m            
[38;2;0;0;0m    [38;2;12;12;12m  [38;2;60;59;60m██[38;2;95;101;105m██[38;2;95;102;109m██[38;2;68;70;74m██[38;2;79;89;104m██[38;2;75;83;94m██[38;2;83;87;89m██[38;2;91;97;100m██[38;2;73;74;75m██[38;2;100;99;70m██[38;2;156;145;56m██[38;2;228;224;206m██[38;2;140;133;83m██[38;2;0;0;0m            
[38;2;0;0;0m      [38;2;118;113;123m██[38;2;87;89;95m██[38;2;92;92;96m██[38;2;68;70;74m██[38;2;71;75;82m██[38;2;75;83;94m██[38;2;65;64;65m██[38;2;75;79;83m██[38;2;83;93;104m██[38;2;71;71;73m██[38;2;85;78;48m██[38;2;36;33;23m██[38;2;9;8;3m  [38;2;0;0;0m            
[38;2;0;0;0m    [38;2;35;34;14m  [38;2;70;69;32m██[38;2;135;130;44m██[38;2;24;23;8m  [38;2;14;16;19m    [38;2;43;50;59m  [38;2;36;36;36m  [38;2;13;13;10m  [38;2;97;91;46m██[38;2;213;211;173m██[38;2;200;198;142m██[38;2;51;46;25m  [38;2;0;0;0m              
[38;2;0;0;0m      [38;2;0;0;2m  [38;2;0;0;0m            [38;2;0;0;2m  [38;2;41;39;14m  [38;2;44;43;27m██[38;2;31;29;19m██[38;2;33;33;25m  [38;2;0;0;0m              [0m
