
[38;2;0;0;0m  [38;2;16;18;21m  [38;2;47;44;51m██[38;2;4;4;4m  [38;2;0;0;0m                                    
[38;2;0;0;0m  [38;2;132;128;147m██[38;2;173;160;181m██[38;2;146;139;158m██[38;2;0;0;0m        [38;2;78;74;105m  [38;2;0;0;0m                          
[38;2;0;0;0m  [38;2;154;147;167m██[38;2;168;153;173m██[38;2;189;179;205m██[38;2;25;24;27m  [38;2;0;0;0m    [38;2;52;49;70m██[38;2;137;131;186m██[38;2;0;0;0m                          
[38;2;0;0;0m  [38;2;38;36;41m  [38;2;174;162;183m██[38;2;186;177;201m██[38;2;103;98;111m██[38;2;0;0;0m  [38;2;67;63;90m  [38;2;163;156;222m██[38;2;59;56;80m██[38;2;0;0;0m                          
[38;2;0;0;0m    [38;2;177;165;187m██[38;2;157;150;168m██[38;2;124;118;135m██[38;2;0;0;0m  [38;2;108;102;146m██[38;2;149;141;201m██[38;2;0;0;0m                            
[38;2;0;0;0m    [38;2;152;144;162m██[38;2;106;106;140m██[38;2;138;132;147m██[38;2;48;48;48m██[38;2;163;156;222m██[38;2;37;35;50m  [38;2;0;0;0m                  [38;2;94;87;90m  [38;2;172;159;166m████[38;2;141;130;136m  [38;2;0;0;0m  
[38;2;0;0;0m    [38;2;113;109;121m██[38;2;117;117;162m██[38;2;74;75;84m██[38;2;163;156;222m████[38;2;0;0;0m            [38;2;20;19;20m  [38;2;57;53;55m██[38;2;125;117;126m██[38;2;219;204;217m██[38;2;199;188;209m██████[38;2;202;191;210m██[38;2;59;55;59m██
[38;2;0;0;0m    [38;2;39;39;52m██[38;2;121;121;169m██[38;2;115;116;154m██[38;2;163;156;222m██[38;2;96;92;131m██[38;2;0;0;0m    [38;2;22;21;30m  [38;2;122;117;166m██[38;2;0;0;0m  [38;2;141;130;136m  [38;2;162;154;173m██[38;2;199;188;209m██[38;2;219;204;217m████[38;2;230;212;222m██[38;2;230;213;222m██[38;2;230;212;222m██[38;2;228;211;221m██[38;2;59;55;59m██
[38;2;0;0;0m    [38;2;44;44;62m██[38;2;113;115;156m██[38;2;130;129;174m██[38;2;163;156;222m██[38;2;74;70;100m██[38;2;3;3;5m  [38;2;119;113;161m██[38;2;151;145;204m██[38;2;88;88;104m██[38;2;146;143;157m██[38;2;202;191;210m██[38;2;230;212;222m██[38;2;230;213;222m██████[38;2;219;204;217m██████[38;2;211;196;208m██[38;2;47;43;45m  
[38;2;0;0;0m    [38;2;92;94;126m██[38;2;138;135;186m██[38;2;163;156;222m████[38;2;107;103;138m██[38;2;126;120;171m██[38;2;116;112;147m██[38;2;79;80;92m██[38;2;161;155;166m██[38;2;204;192;211m██[38;2;228;211;221m██[38;2;230;212;222m██[38;2;202;190;210m██[38;2;199;188;209m████[38;2;219;204;217m██████[38;2;38;36;41m  [38;2;0;0;0m  
[38;2;0;0;0m  [38;2;52;52;52m  [38;2;144;140;198m██[38;2;163;156;222m██[38;2;136;133;182m██[38;2;102;106;135m██[38;2;163;156;222m██[38;2;132;127;172m██[38;2;69;71;75m██[38;2;121;122;142m██[38;2;176;160;178m██[38;2;227;210;220m██[38;2;219;204;217m██[38;2;199;188;209m████[38;2;208;195;213m██[38;2;219;204;217m████[38;2;224;208;216m██[38;2;62;58;60m  [38;2;0;0;0m    
[38;2;38;41;41m  [38;2;117;119;119m██[38;2;163;156;222m██████[38;2;89;87;104m████[38;2;78;84;96m██[38;2;133;132;153m██[38;2;167;152;172m██[38;2;194;183;204m██[38;2;186;170;184m██[38;2;219;204;217m██[38;2;230;212;222m██[38;2;230;213;222m██[38;2;225;209;220m██[38;2;219;204;217m██[38;2;125;117;126m██[38;2;52;48;50m  [38;2;0;0;0m      
[38;2;43;50;52m  [38;2;112;123;126m██[38;2;163;156;222m██[38;2;154;148;210m██[38;2;119;118;145m██[38;2;255;255;255m██[38;2;204;212;214m██[38;2;101;104;106m██[38;2;142;131;146m██[38;2;187;178;202m██[38;2;168;154;174m██[38;2;227;210;220m██[38;2;219;204;217m██[38;2;199;188;209m██████[38;2;172;159;166m██[38;2;0;0;0m          
[38;2;0;0;0m  [38;2;43;50;52m  [38;2;133;131;184m██[38;2;123;123;173m██[38;2;121;128;128m██[38;2;112;112;112m██[38;2;88;90;92m██[38;2;194;220;226m██[38;2;112;108;139m██[38;2;111;107;116m██[38;2;186;177;201m██[38;2;186;170;184m██[38;2;219;204;217m██[38;2;199;188;209m████[38;2;213;199;215m██[38;2;0;0;0m██          
[38;2;0;0;0m  [38;2;174;174;174m██[38;2;119;120;166m██[38;2;124;129;144m██[38;2;117;130;135m██[38;2;114;129;143m██[38;2;108;120;129m██[38;2;168;190;198m██[38;2;137;131;179m██[38;2;154;148;202m██[38;2;170;155;171m██[38;2;219;204;214m██[38;2;193;182;193m████[38;2;226;210;219m██[38;2;125;116;121m██[38;2;0;0;0m            
[38;2;0;0;0m  [38;2;43;43;43m  [38;2;75;76;85m██[38;2;238;238;238m██[38;2;101;99;124m██[38;2;102;110;112m████[38;2;134;129;175m██[38;2;89;87;104m██[38;2;112;112;152m██[38;2;104;105;115m██[38;2;130;130;147m██[38;2;162;157;180m████[38;2;122;124;139m██[38;2;31;29;30m  [38;2;0;0;0m            
[38;2;0;0;0m    [38;2;65;62;53m██[38;2;79;80;81m██[38;2;158;151;215m██[38;2;163;156;222m██[38;2;122;119;162m██[38;2;114;112;106m██[38;2;199;193;182m██[38;2;99;103;109m██[38;2;115;107;117m██[38;2;158;141;159m██[38;2;164;149;168m██[38;2;180;169;192m██[38;2;225;209;219m██[38;2;151;140;146m██[38;2;0;0;0m            
[38;2;0;0;0m    [38;2;16;15;13m  [38;2;67;68;71m██[38;2;110;113;150m██[38;2;89;87;104m██[38;2;182;176;164m██[38;2;212;204;190m██[38;2;141;140;134m██[38;2;115;117;120m██[38;2;89;88;84m██[38;2;176;164;186m██[38;2;164;149;168m██[38;2;211;194;205m██[38;2;200;188;208m██[38;2;213;199;215m██[38;2;0;0;0m██          
[38;2;0;0;0m        [38;2;101;101;96m██[38;2;108;108;145m██[38;2;87;89;93m██[38;2;110;114;118m██[38;2;106;108;110m██[38;2;140;135;119m██[38;2;156;150;131m██[38;2;35;35;35m  [38;2;141;130;136m  [38;2;199;188;209m██[38;2;217;203;216m██[38;2;151;140;146m██[38;2;0;0;0m            
[38;2;0;0;0m          [38;2;16;16;16m██[38;2;134;130;121m██[38;2;91;89;84m██[38;2;121;118;108m██[38;2;187;180;167m██[38;2;188;180;158m██[38;2;71;62;49m  [38;2;0;0;0m  [38;2;57;53;55m██[38;2;48;45;51m██[38;2;135;125;131m██[38;2;172;159;166m██[38;2;78;72;75m  [38;2;0;0;0m        
[38;2;0;0;0m            [38;2;153;142;123m██[38;2;219;210;194m██[38;2;213;204;187m██[38;2;186;175;155m██[38;2;139;125;100m██[38;2;121;114;97m██[38;2;0;0;0m        [38;2;172;159;166m██[38;2;78;72;75m  [38;2;0;0;0m        
[38;2;0;0;0m            [38;2;91;86;72m██[38;2;155;141;118m██[38;2;158;146;122m██[38;2;167;157;133m██[38;2;176;168;144m██[38;2;23;20;16m  [38;2;0;0;0m                    
[38;2;0;0;0m              [38;2;134;129;110m██[38;2;155;147;125m██[38;2;163;152;128m██[38;2;110;97;77m██[38;2;0;0;0m                      
[38;2;0;0;0m                [38;2;20;18;14m  [38;2;34;31;25m██[38;2;12;11;10m  [38;2;0;0;0m                      [0m
