
[38;2;0;0;0m                                                  [38;2;15;35;47m    [38;2;0;1;0m  [38;2;0;0;0m            
[38;2;0;0;0m                                                [38;2;0;1;0m  [38;2;61;134;191m██[38;2;76;167;239m██[38;2;61;135;191m██[38;2;46;101;143m  [38;2;0;3;0m        [38;2;0;0;0m  
[38;2;0;0;0m                                                  [38;2;0;3;0m  [38;2;81;178;255m██[38;2;81;179;255m██[38;2;81;177;255m████[38;2;82;178;255m██[38;2;78;167;239m██[38;2;61;134;191m██[38;2;15;35;47m  
[38;2;0;0;0m                                                    [38;2;35;80;111m██[38;2;81;179;255m██[38;2;75;135;189m████[38;2;62;113;158m██[38;2;16;37;47m██[38;2;0;1;0m  [38;2;0;0;0m  
[38;2;0;0;0m                                                    [38;2;18;33;41m██[38;2;73;123;167m██[38;2;41;69;92m  [38;2;0;3;0m  [38;2;0;2;0m  [38;2;0;0;0m      
[38;2;0;0;0m                  [38;2;0;2;0m  [38;2;0;3;0m            [38;2;0;0;0m                  [38;2;0;2;0m  [38;2;60;99;134m██[38;2;32;55;72m██[38;2;0;0;0m            
[38;2;0;0;0m            [38;2;7;14;15m  [38;2;29;55;63m██[38;2;26;52;63m██[38;2;68;147;207m██[38;2;81;178;255m████[38;2;144;216;255m██[38;2;227;245;255m██[38;2;244;252;255m██[38;2;212;243;255m██[38;2;20;48;63m██[38;2;31;56;63m██[38;2;63;66;63m██[38;2;31;53;63m██[38;2;20;47;63m██[38;2;25;45;59m██[38;2;7;25;41m  [38;2;0;1;0m    [38;2;13;25;31m  [38;2;73;121;165m██[38;2;18;33;41m██[38;2;0;0;0m            
[38;2;0;0;0m        [38;2;0;3;0m  [38;2;64;117;143m  [38;2;94;169;207m██[38;2;117;208;255m██[38;2;99;173;219m██[38;2;99;174;219m██[38;2;81;179;255m████[38;2;189;239;255m██[38;2;255;255;255m██[38;2;233;246;255m██[38;2;135;210;255m██[38;2;81;179;255m██[38;2;190;230;255m██[38;2;233;246;255m██[38;2;103;194;255m██[38;2;114;192;255m██[38;2;207;233;250m██[38;2;84;152;220m██[38;2;50;103;143m██[38;2;55;91;123m██[38;2;69;115;156m██[38;2;73;122;166m██[38;2;60;99;134m██[38;2;0;2;0m  [38;2;0;0;0m          
[38;2;0;0;0m      [38;2;15;35;47m  [38;2;112;200;255m██[38;2;118;207;255m██[38;2;118;208;255m██████[38;2;109;201;255m██[38;2;77;118;148m██[38;2;88;185;255m██[38;2;81;179;255m████████████████████████[38;2;75;131;184m██[38;2;73;122;167m██[38;2;73;123;167m████[38;2;55;91;123m██[38;2;0;1;0m  [38;2;0;0;0m        
[38;2;0;0;0m    [38;2;15;36;47m  [38;2;76;168;239m██[38;2;84;181;255m██[38;2;91;186;255m██[38;2;116;207;255m██[38;2;118;206;255m██[38;2;90;186;255m██[38;2;109;199;255m██[38;2;92;187;255m██[38;2;94;190;255m██[38;2;81;179;255m████████████████████████[38;2;81;175;249m██[38;2;75;133;183m██[38;2;73;123;167m██[38;2;73;122;167m██[38;2;80;108;149m██[38;2;12;19;27m  [38;2;0;0;0m        
[38;2;0;0;0m  [38;2;0;3;0m  [38;2;81;178;255m██[38;2;81;179;255m████████[38;2;81;178;255m██[38;2;88;185;255m██[38;2;88;183;255m██[38;2;102;194;255m██[38;2;81;179;255m████████████████████████████[38;2;77;147;205m██[38;2;73;122;165m██[38;2;73;122;166m██[38;2;92;116;152m██[38;2;50;61;59m██[38;2;1;1;0m  [38;2;0;0;0m      
[38;2;0;0;0m  [38;2;46;101;143m  [38;2;81;178;255m██[38;2;81;179;255m████████████████████████████████████████████[38;2;81;178;255m██[38;2;67;78;89m██[38;2;67;79;90m██[38;2;69;75;89m██[38;2;124;142;144m██[38;2;125;143;141m██[38;2;30;38;35m  [38;2;0;0;0m    
[38;2;5;12;15m  [38;2;66;146;207m██[38;2;81;179;255m██████████████████████████████████████████[38;2;78;156;219m████[38;2;81;179;255m████[38;2;80;165;243m████[38;2;57;81;100m██[38;2;0;3;0m  [38;2;0;0;0m      
[38;2;20;47;63m██[38;2;102;168;236m██[38;2;72;131;216m██[38;2;78;129;210m████[38;2;72;131;216m██[38;2;102;168;236m██[38;2;81;178;255m████[38;2;81;179;255m██████[38;2;80;174;243m██[38;2;74;118;147m██[38;2;115;170;207m██[38;2;81;179;255m████████████[38;2;81;178;255m██[38;2;73;115;148m██[38;2;74;126;166m██[38;2;71;103;133m██[38;2;69;93;113m██[38;2;73;114;148m██[38;2;80;165;243m██[38;2;65;132;195m██[38;2;5;12;15m  [38;2;0;0;0m        
[38;2;20;43;59m██[38;2;99;151;223m██[38;2;225;247;255m██[38;2;230;243;255m████[38;2;225;247;255m██[38;2;107;147;215m██[38;2;112;144;208m██[38;2;105;148;216m██[38;2;80;162;240m██[38;2;81;167;243m██[38;2;81;179;255m██[38;2;78;158;218m██[38;2;137;162;170m██[38;2;35;76;108m██[38;2;81;179;255m████████████[38;2;81;178;255m██[38;2;78;157;219m██[38;2;69;93;113m██████[38;2;127;143;142m██[38;2;59;61;61m██[38;2;0;2;0m  [38;2;0;0;0m          
[38;2;4;8;11m  [38;2;175;190;203m██[38;2;227;243;255m████████████[38;2;221;234;251m██[38;2;192;210;240m██[38;2;163;189;232m██[38;2;75;127;208m██[38;2;81;176;252m██[38;2;66;139;195m██[38;2;81;172;243m██[38;2;81;179;255m██████████[38;2;73;114;148m██[38;2;81;179;255m████[38;2;77;140;220m████[38;2;81;178;255m██[38;2;59;61;61m██[38;2;10;13;11m  [38;2;0;0;0m            
[38;2;0;0;0m  [38;2;129;138;143m  [38;2;226;239;250m████[38;2;227;243;255m████████████████[38;2;115;145;210m██[38;2;107;149;216m██[38;2;98;152;223m██[38;2;79;161;239m████[38;2;80;156;230m██[38;2;88;156;221m██[38;2;95;123;173m██[38;2;104;112;132m██[38;2;81;93;106m██[38;2;101;154;189m██[38;2;77;149;207m██[38;2;101;140;163m██[38;2;57;60;63m██[38;2;0;2;0m  [38;2;0;0;0m              
[38;2;0;0;0m  [38;2;0;3;0m  [38;2;189;210;213m██[38;2;224;240;250m██[38;2;193;213;217m██[38;2;228;243;255m██[38;2;216;233;242m██[38;2;217;233;242m██[38;2;227;243;255m██[38;2;192;213;217m██[38;2;229;243;255m██[38;2;227;243;255m██[38;2;228;243;255m██[38;2;227;245;255m██[38;2;187;211;241m██[38;2;189;210;239m████[38;2;153;175;193m██[38;2;142;163;178m██[38;2;150;182;192m██[38;2;165;189;191m██[38;2;120;146;160m██[38;2;103;116;123m██[38;2;140;158;158m██[38;2;20;26;26m██[38;2;7;13;13m  [38;2;0;0;0m                
[38;2;0;0;0m    [38;2;42;48;47m  [38;2;214;228;239m██[38;2;189;210;212m██[38;2;224;239;249m██[38;2;216;233;242m██[38;2;206;223;230m██[38;2;228;243;255m██[38;2;229;243;255m██[38;2;188;210;213m██[38;2;224;240;250m██[38;2;228;243;255m████████[38;2;224;241;251m██[38;2;176;199;201m██[38;2;160;185;185m██[38;2;147;171;173m██[38;2;110;128;138m██[38;2;80;94;103m██[38;2;92;108;106m  [38;2;0;3;0m  [38;2;0;0;0m                    
[38;2;0;0;0m      [38;2;43;48;47m  [38;2;96;111;110m██[38;2;189;210;212m██[38;2;230;243;255m██[38;2;218;233;242m██[38;2;193;213;217m██[38;2;228;243;255m██[38;2;224;240;250m██[38;2;189;209;213m██[38;2;193;213;217m██[38;2;228;243;255m████[38;2;193;213;217m██[38;2;165;186;192m██[38;2;115;134;143m██[38;2;123;143;150m██[38;2;148;171;173m██[38;2;35;44;43m██[38;2;6;9;7m  [38;2;0;0;0m                        
[38;2;0;0;0m          [38;2;0;3;0m  [38;2;43;48;47m  [38;2;173;183;191m██[38;2;158;177;175m██[38;2;165;182;187m██[38;2;198;213;223m██[38;2;198;210;223m██[38;2;189;210;215m██[38;2;115;134;143m██[38;2;105;122;130m██[38;2;74;87;95m██[38;2;87;103;106m██[38;2;122;142;141m██[38;2;0;3;0m    [38;2;0;0;0m                            
[38;2;0;0;0m              [38;2;0;1;0m  [38;2;0;2;0m  [38;2;43;49;47m  [38;2;24;32;32m██[38;2;24;31;32m██[38;2;41;49;48m██[38;2;41;50;47m██[38;2;30;38;35m  [38;2;0;1;0m      [38;2;0;0;0m                                [0m
