
[38;2;0;0;0m                        [38;2;113;106;38m  [38;2;201;191;93m██[38;2;127;120;56m  [38;2;48;45;16m  [38;2;0;0;0m                              
[38;2;0;0;0m                        [38;2;205;196;104m██[38;2;227;225;180m██[38;2;224;220;166m██[38;2;221;215;152m██[38;2;70;65;23m  [38;2;0;0;0m                            
[38;2;0;0;0m                      [38;2;180;168;60m  [38;2;227;226;181m██[38;2;227;226;180m██[38;2;227;226;181m████[38;2;210;203;121m██[38;2;0;0;0m        [38;2;4;3;1m  [38;2;47;40;19m  [38;2;0;0;0m                
[38;2;0;0;0m                      [38;2;45;42;15m  [38;2;212;206;133m██[38;2;230;226;181m██[38;2;230;226;180m██[38;2;230;226;181m██[38;2;122;116;53m  [38;2;0;0;0m        [38;2;147;128;65m  [38;2;201;182;126m██[38;2;141;122;59m  [38;2;50;43;20m  [38;2;0;0;0m            
[38;2;12;11;4m  [38;2;48;45;16m  [38;2;92;87;38m  [38;2;201;191;94m██[38;2;32;30;11m  [38;2;0;0;0m              [38;2;64;60;22m  [38;2;143;135;48m  [38;2;183;176;102m  [38;2;144;135;48m  [38;2;0;0;0m        [38;2;109;94;45m  [38;2;205;189;141m██[38;2;205;188;141m████[38;2;195;170;100m██[38;2;0;0;0m            
[38;2;157;146;52m  [38;2;214;207;132m██[38;2;223;218;160m██[38;2;227;226;181m██[38;2;195;188;119m  [38;2;22;21;7m  [38;2;0;0;0m                [38;2;24;23;8m  [38;2;0;0;0m          [38;2;27;23;11m  [38;2;194;171;99m██[38;2;205;188;140m██[38;2;206;187;140m██[38;2;195;170;100m██[38;2;0;0;0m            
[38;2;202;192;94m██[38;2;228;226;181m██[38;2;227;226;181m████[38;2;211;204;123m██[38;2;30;29;10m  [38;2;0;0;0m      [38;2;17;17;23m  [38;2;39;39;53m██[38;2;2;3;3m  [38;2;0;0;0m              [38;2;0;1;0m  [38;2;0;0;0m  [38;2;147;127;64m  [38;2;164;144;84m  [38;2;141;121;58m  [38;2;50;43;20m  [38;2;0;0;0m            
[38;2;200;191;95m██[38;2;228;226;180m██[38;2;228;226;181m██[38;2;230;226;181m██[38;2;219;214;152m██[38;2;156;147;65m  [38;2;0;0;0m    [38;2;0;1;0m  [38;2;123;121;173m██[38;2;119;116;158m██[38;2;82;82;108m██[38;2;0;3;0m  [38;2;0;0;0m  [38;2;0;3;0m  [38;2;0;0;0m      [38;2;55;53;76m  [38;2;98;91;133m██[38;2;22;21;23m  [38;2;4;6;1m  [38;2;18;15;7m  [38;2;0;3;0m  [38;2;0;1;0m  [38;2;0;0;0m            
[38;2;36;34;12m  [38;2;201;196;128m  [38;2;197;191;122m  [38;2;144;135;48m  [38;2;219;214;152m██[38;2;156;147;65m  [38;2;0;0;0m    [38;2;15;16;21m  [38;2;112;109;151m██[38;2;156;153;222m██████[38;2;43;45;61m██[38;2;156;153;222m██[38;2;30;32;41m██[38;2;0;0;0m  [38;2;1;2;1m  [38;2;83;81;113m██[38;2;163;151;229m██[38;2;163;154;222m██[38;2;145;143;206m██[38;2;39;41;55m██[38;2;142;135;196m██[38;2;31;33;37m██[38;2;0;0;0m            
[38;2;0;0;0m  [38;2;37;34;12m  [38;2;34;31;11m  [38;2;0;0;0m  [38;2;48;44;16m  [38;2;7;7;2m  [38;2;0;1;0m  [38;2;101;101;145m  [38;2;132;131;187m██[38;2;158;153;224m██[38;2;159;154;225m██[38;2;159;153;225m██[38;2;159;154;225m████[38;2;139;134;193m██[38;2;111;105;146m██[38;2;56;57;80m  [38;2;118;117;168m██[38;2;157;154;223m██[38;2;158;154;225m██[38;2;159;154;225m████[38;2;159;152;223m██[38;2;137;128;189m██[38;2;13;15;19m  [38;2;0;0;0m            
[38;2;0;0;0m            [38;2;52;53;74m██[38;2;148;142;209m██[38;2;146;132;199m██[38;2;156;153;222m██[38;2;139;129;192m██[38;2;157;149;219m██[38;2;159;153;225m████[38;2;159;154;225m████[38;2;110;108;142m██[38;2;159;154;225m██[38;2;146;144;207m██[38;2;136;137;193m████[38;2;141;132;195m██[38;2;141;137;197m██[38;2;143;139;203m██[38;2;13;15;19m  [38;2;0;0;0m            
[38;2;0;0;0m            [38;2;11;10;17m  [38;2;187;180;210m██[38;2;159;153;224m██[38;2;158;152;222m██[38;2;127;119;179m██[38;2;161;158;197m██[38;2;156;154;222m██[38;2;158;154;224m██[38;2;159;154;225m████[38;2;112;110;146m██[38;2;159;154;225m██[38;2;116;109;170m██[38;2;199;199;217m██[38;2;211;213;217m██[38;2;39;40;56m██[38;2;179;175;222m██[38;2;151;147;211m██[38;2;36;39;47m██[38;2;0;0;0m            
[38;2;0;0;0m            [38;2;56;57;65m██[38;2;158;155;184m██[38;2;159;153;225m██[38;2;159;152;222m██[38;2;181;168;207m██[38;2;138;132;168m██[38;2;99;93;121m██[38;2;142;136;198m██[38;2;150;145;211m██[38;2;158;154;224m██[38;2;106;104;136m██[38;2;158;154;224m██[38;2;169;164;219m██[38;2;145;137;189m██[38;2;230;229;246m██[38;2;222;218;238m██[38;2;142;141;179m██[38;2;150;148;199m██[38;2;79;80;87m██[38;2;0;0;0m    [38;2;47;44;16m  [38;2;48;45;16m  [38;2;0;0;0m    
[38;2;0;0;0m          [38;2;0;2;0m  [38;2;158;161;171m██[38;2;148;147;210m██[38;2;159;154;225m██[38;2;159;152;222m██[38;2;155;143;202m██[38;2;248;247;251m██[38;2;220;220;220m██[38;2;216;213;223m██[38;2;170;167;193m██[38;2;88;87;105m██[38;2;139;130;193m██[38;2;120;118;162m██[38;2;156;154;222m██[38;2;98;104;135m████[38;2;101;107;137m██[38;2;125;116;170m██[38;2;107;94;142m██[38;2;11;11;15m  [38;2;0;0;0m  [38;2;96;90;33m  [38;2;220;214;152m██[38;2;221;215;152m██[38;2;144;134;48m  [38;2;37;34;12m  
[38;2;0;0;0m          [38;2;0;3;0m  [38;2;134;137;139m██[38;2;102;83;102m██[38;2;106;82;101m██[38;2;133;132;184m██[38;2;136;137;193m██[38;2;154;152;220m██[38;2;134;120;184m██[38;2;133;123;185m██[38;2;141;131;197m██[38;2;81;85;98m██[38;2;107;103;145m██[38;2;95;91;120m██[38;2;104;96;147m██[38;2;218;207;227m██[38;2;128;110;175m██[38;2;144;130;179m██[38;2;147;134;172m██[38;2;104;95;123m██[38;2;9;11;12m  [38;2;31;29;10m  [38;2;212;204;123m██[38;2;230;226;181m██[38;2;227;226;180m██[38;2;227;226;181m██[38;2;202;191;94m██
[38;2;0;0;0m      [38;2;114;97;47m  [38;2;96;82;39m  [38;2;0;0;0m  [38;2;59;59;78m██[38;2;112;88;114m██[38;2;195;78;96m██[38;2;151;112;116m██[38;2;193;155;150m██[38;2;125;96;119m██[38;2;98;105;135m██[38;2;102;103;132m██[38;2;188;142;155m██[38;2;98;103;135m██[38;2;110;98;147m██[38;2;109;98;142m██[38;2;53;51;70m██[38;2;132;113;168m██[38;2;159;147;177m██[38;2;144;131;175m██[38;2;49;50;51m██[38;2;94;90;121m██[38;2;27;28;29m██[38;2;30;28;10m  [38;2;209;203;124m██[38;2;228;226;181m██[38;2;227;226;180m██[38;2;207;200;113m██[38;2;202;192;94m██
[38;2;0;0;0m    [38;2;89;77;40m  [38;2;203;183;131m██[38;2;200;178;120m██[38;2;30;26;12m  [38;2;41;41;59m  [38;2;145;135;205m██[38;2;96;105;133m██[38;2;118;93;118m██[38;2;147;115;118m████[38;2;131;97;107m██[38;2;165;168;171m██[38;2;147;153;160m██[38;2;92;94;123m██[38;2;128;110;175m██[38;2;107;95;141m██[38;2;0;3;0m  [38;2;3;5;3m  [38;2;63;59;73m██[38;2;0;3;0m  [38;2;0;0;0m  [38;2;0;3;0m  [38;2;0;1;0m  [38;2;195;185;84m██[38;2;228;226;181m██[38;2;227;226;181m██[38;2;227;226;180m██[38;2;222;216;154m██[38;2;49;46;16m  
[38;2;0;0;0m    [38;2;193;169;95m██[38;2;206;188;140m██[38;2;146;126;69m  [38;2;7;6;3m  [38;2;0;1;0m  [38;2;71;67;98m██[38;2;139;129;197m██[38;2;154;151;219m██[38;2;136;137;193m████[38;2;130;124;178m██[38;2;118;104;157m████[38;2;131;109;175m██[38;2;128;110;175m██[38;2;66;62;76m██[38;2;33;32;38m  [38;2;4;6;5m  [38;2;84;76;110m██[38;2;44;44;44m  [38;2;0;1;0m  [38;2;0;0;0m    [38;2;71;68;29m  [38;2;218;214;153m██[38;2;227;226;181m██[38;2;227;226;180m██[38;2;165;157;77m  [38;2;12;11;4m  
[38;2;0;0;0m    [38;2;41;35;16m  [38;2;141;121;58m  [38;2;0;0;0m    [38;2;30;30;38m██[38;2;74;71;83m██[38;2;161;159;170m██[38;2;196;193;189m██[38;2;140;125;181m██[38;2;128;110;172m██[38;2;135;118;178m██[38;2;144;130;179m██[38;2;127;109;176m██[38;2;128;110;175m██[38;2;47;41;62m  [38;2;2;4;2m  [38;2;68;64;77m██[38;2;94;85;122m██[38;2;95;85;123m██[38;2;84;77;111m██[38;2;0;1;0m  [38;2;0;0;0m      [38;2;98;91;33m  [38;2;144;134;48m    [38;2;0;0;0m    
[38;2;0;0;0m    [38;2;41;39;14m  [38;2;144;135;48m  [38;2;45;43;15m  [38;2;144;134;48m  [38;2;5;7;5m  [38;2;22;23;28m██[38;2;12;14;16m  [38;2;47;50;46m██[38;2;168;154;197m██[38;2;134;124;152m██[38;2;167;156;179m██[38;2;148;136;182m██[38;2;85;85;108m██[38;2;32;30;43m██[38;2;0;0;0m    [38;2;9;11;9m  [38;2;74;70;83m██[38;2;94;85;122m██[38;2;21;22;27m  [38;2;0;0;0m                  
[38;2;12;11;4m  [38;2;166;158;76m  [38;2;210;201;119m██[38;2;230;226;181m██[38;2;206;198;113m██[38;2;157;147;65m  [38;2;0;0;0m        [38;2;0;1;2m  [38;2;46;44;52m  [38;2;80;83;112m██[38;2;87;96;121m██[38;2;61;57;84m██[38;2;0;0;0m        [38;2;0;3;0m    [38;2;4;3;1m  [38;2;136;119;65m  [38;2;47;40;19m  [38;2;16;14;6m  [38;2;0;0;0m            
[38;2;162;154;76m  [38;2;226;223;174m██[38;2;227;225;181m██[38;2;227;226;181m██[38;2;227;223;171m██[38;2;157;147;65m  [38;2;0;0;0m            [38;2;23;26;29m██[38;2;30;35;43m██[38;2;10;13;14m  [38;2;0;0;0m            [38;2;18;15;7m  [38;2;198;178;117m██[38;2;201;182;126m██[38;2;163;142;81m  [38;2;0;0;0m            
[38;2;202;192;94m██[38;2;228;226;181m██[38;2;227;226;181m████[38;2;227;226;180m██[38;2;198;187;83m██[38;2;0;0;0m                [38;2;23;21;7m  [38;2;0;0;0m  [38;2;48;44;16m  [38;2;46;43;15m  [38;2;0;0;0m      [38;2;190;164;84m██[38;2;206;187;139m██[38;2;205;186;138m██[38;2;163;142;81m  [38;2;0;0;0m            
[38;2;87;83;36m  [38;2;223;218;161m██[38;2;229;226;181m██[38;2;227;226;181m██[38;2;220;214;153m██[38;2;72;68;28m  [38;2;0;0;0m                [38;2;180;173;99m  [38;2;144;135;48m  [38;2;219;214;152m██[38;2;219;212;148m  [38;2;65;61;22m  [38;2;0;0;0m    [38;2;61;52;26m  [38;2;193;168;93m██[38;2;174;151;83m  [38;2;16;14;6m  [38;2;0;0;0m            
[38;2;0;0;0m  [38;2;111;105;37m  [38;2;220;215;152m██[38;2;219;214;152m██[38;2;96;90;33m  [38;2;0;0;0m              [38;2;117;111;51m  [38;2;198;190;94m██[38;2;230;226;181m████[38;2;227;226;181m██[38;2;231;227;180m██[38;2;210;201;117m██[38;2;0;0;0m                        
[38;2;0;0;0m    [38;2;48;44;16m    [38;2;0;0;0m              [38;2;135;126;45m  [38;2;225;220;165m██[38;2;228;226;181m██[38;2;227;226;180m██[38;2;227;226;181m██[38;2;227;226;180m██[38;2;230;225;178m██[38;2;117;111;51m  [38;2;0;0;0m                        
[38;2;0;0;0m                      [38;2;135;126;45m  [38;2;225;220;165m██[38;2;228;226;180m██[38;2;227;226;181m████[38;2;207;198;109m██[38;2;217;212;148m  [38;2;64;60;22m  [38;2;0;0;0m                        
[38;2;0;0;0m                        [38;2;117;111;51m  [38;2;229;225;178m██[38;2;230;226;180m██[38;2;198;189;94m██[38;2;48;45;16m  [38;2;45;43;15m  [38;2;0;0;0m                          [0m
