
[38;2;0;0;0m    [38;2;0;1;0m  [38;2;24;46;54m  [38;2;46;62;63m██[38;2;46;63;63m██[38;2;44;61;63m██[38;2;1;1;1m  [38;2;0;0;0m                  
[38;2;0;0;0m  [38;2;68;124;151m  [38;2;86;156;191m██[38;2;110;199;245m██[38;2;153;224;255m██[38;2;186;242;255m██[38;2;158;208;226m██[38;2;43;57;67m██[38;2;0;3;0m  [38;2;0;2;0m  [38;2;0;0;0m              
[38;2;5;11;13m  [38;2;88;162;204m██[38;2;115;207;255m██[38;2;104;176;214m██[38;2;127;186;207m██[38;2;150;197;207m██[38;2;126;159;166m██[38;2;178;239;250m██[38;2;186;243;255m██[38;2;177;237;249m██[38;2;36;58;63m██[38;2;0;1;0m  [38;2;0;0;0m          
[38;2;21;43;54m██[38;2;81;154;209m██[38;2;103;172;209m██[38;2;67;70;72m██[38;2;80;105;120m██[38;2;102;171;207m██[38;2;166;218;228m██[38;2;184;242;255m██[38;2;185;242;255m██[38;2;184;239;255m██[38;2;173;236;255m██[38;2;84;152;185m██[38;2;23;46;53m  [38;2;0;0;0m        
[38;2;21;43;54m██[38;2;81;153;209m██[38;2;75;119;156m██[38;2;86;152;196m██[38;2;90;142;185m██[38;2;99;163;198m██[38;2;138;219;255m██[38;2;168;234;255m██[38;2;169;234;255m██[38;2;167;230;255m██[38;2;115;207;255m██[38;2;116;208;255m██[38;2;96;174;209m██[38;2;17;35;43m  [38;2;0;0;0m      
[38;2;21;43;54m██[38;2;81;150;212m██[38;2;73;94;118m██[38;2;110;196;241m██[38;2;104;183;239m██[38;2;102;172;210m██[38;2;116;207;255m██[38;2;117;208;255m████[38;2;118;208;255m████[38;2;117;207;255m██[38;2;109;198;248m██[38;2;69;131;175m██[38;2;0;1;0m  [38;2;0;0;0m    
[38;2;21;43;54m██[38;2;81;154;206m██[38;2;81;110;127m██[38;2;73;85;93m██[38;2;102;171;207m██[38;2;104;181;236m██[38;2;116;207;255m██[38;2;118;208;255m██[38;2;96;153;184m██[38;2;66;65;66m██[38;2;73;90;106m██[38;2;81;109;125m██[38;2;118;208;255m██[38;2;78;135;176m██[38;2;26;52;66m██[38;2;0;0;0m    
[38;2;5;11;13m  [38;2;69;130;174m██[38;2;81;110;127m██[38;2;104;176;214m██[38;2;146;63;76m██[38;2;76;75;96m██[38;2;115;207;255m████[38;2;117;207;255m██[38;2;101;169;207m██[38;2;76;105;148m██[38;2;115;207;255m██[38;2;118;208;255m██[38;2;68;78;86m██[38;2;68;128;171m██[38;2;0;2;0m  [38;2;0;0;0m  
[38;2;0;1;0m  [38;2;65;123;163m██[38;2;76;125;160m██[38;2;107;186;227m██[38;2;172;62;79m██[38;2;106;63;73m██[38;2;97;63;72m██[38;2;98;63;72m██[38;2;116;190;232m██[38;2;102;171;207m██[38;2;110;191;234m██[38;2;115;207;255m██[38;2;118;208;255m██[38;2;79;140;185m██[38;2;76;125;160m██[38;2;0;3;0m  [38;2;0;0;0m  
[38;2;0;0;0m  [38;2;16;33;40m  [38;2;88;159;206m██[38;2;113;201;248m██[38;2;172;62;79m██[38;2;193;59;89m██[38;2;166;63;77m██[38;2;168;63;77m██[38;2;108;82;96m██[38;2;134;65;71m██[38;2;95;144;171m██[38;2;117;208;255m██[38;2;118;208;255m██[38;2;71;93;111m██[38;2;39;70;90m██[38;2;0;0;0m    
[38;2;0;0;0m  [38;2;0;3;0m  [38;2;115;207;255m██[38;2;118;208;255m██[38;2;169;62;77m██[38;2;183;75;90m██[38;2;255;121;139m██[38;2;255;122;139m██[38;2;183;76;90m██[38;2;154;69;79m██[38;2;116;207;255m██[38;2;117;208;255m██[38;2;79;148;178m██[38;2;0;3;0m  [38;2;0;0;0m      
[38;2;0;0;0m  [38;2;0;3;0m  [38;2;115;207;255m██[38;2;118;208;255m██[38;2;137;130;157m██[38;2;246;116;134m██[38;2;255;121;139m██[38;2;255;123;139m██[38;2;200;97;113m██[38;2;124;172;211m██[38;2;116;207;255m██[38;2;110;194;238m██[38;2;10;22;25m  [38;2;0;0;0m        
[38;2;0;0;0m  [38;2;0;2;0m  [38;2;96;172;211m██[38;2;118;208;255m██[38;2;127;166;203m██[38;2;157;66;77m██[38;2;230;107;123m██[38;2;230;108;122m██[38;2;149;137;163m██[38;2;85;137;209m██[38;2;117;207;253m██[38;2;82;143;174m  [38;2;0;1;0m  [38;2;0;0;0m  [38;2;0;1;0m  [38;2;0;0;0m    
[38;2;0;0;0m    [38;2;38;69;82m██[38;2;118;208;255m████[38;2;124;174;213m██[38;2;125;171;209m████[38;2;90;136;160m██[38;2;118;208;255m██[38;2;88;150;181m██[38;2;7;3;0m  [38;2;0;0;0m  [38;2;28;30;28m  [38;2;103;110;116m██[38;2;32;38;42m  [38;2;0;0;0m  
[38;2;0;0;0m    [38;2;19;38;42m  [38;2;105;188;219m██[38;2;117;208;255m████[38;2;111;191;234m██[38;2;78;102;116m██[38;2;118;208;255m██[38;2;96;169;204m██[38;2;32;41;43m██[38;2;0;0;0m  [38;2;0;2;0m  [38;2;229;230;233m██[38;2;112;116;123m██[38;2;204;205;205m██[38;2;67;70;67m██
[38;2;0;0;0m    [38;2;0;1;0m  [38;2;69;130;168m██[38;2;90;167;219m██[38;2;108;203;251m██[38;2;89;131;154m██[38;2;114;205;253m██[38;2;90;167;218m██[38;2;42;59;66m██[38;2;12;20;21m  [38;2;0;0;0m  [38;2;36;42;49m  [38;2;116;125;136m██[38;2;198;201;206m██[38;2;177;179;183m██[38;2;32;37;38m██
[38;2;0;0;0m      [38;2;0;3;0m  [38;2;81;153;208m██[38;2;85;137;164m██[38;2;75;116;148m██[38;2;81;154;209m██[38;2;73;109;136m██[38;2;65;116;149m  [38;2;2;2;0m  [38;2;1;3;2m  [38;2;55;64;75m██[38;2;78;89;104m██[38;2;67;74;88m██[38;2;48;54;63m  [38;2;0;0;0m  
[38;2;0;0;0m      [38;2;52;99;131m  [38;2;81;153;208m██[38;2;67;72;78m██[38;2;81;153;206m██[38;2;81;154;208m██[38;2;73;109;136m██[38;2;0;3;0m  [38;2;0;1;0m  [38;2;60;69;82m██[38;2;79;89;104m██[38;2;19;25;26m██[38;2;6;8;8m  [38;2;0;0;0m    
[38;2;0;0;0m  [38;2;16;33;38m  [38;2;49;94;118m██[38;2;83;155;211m██[38;2;81;153;208m██[38;2;81;153;206m██[38;2;69;87;101m████[38;2;80;142;188m██[38;2;80;150;201m██[38;2;40;62;78m██[38;2;52;71;90m  [38;2;0;3;0m  [38;2;0;0;0m        
[38;2;0;1;0m  [38;2;37;64;74m██[38;2;95;170;218m██[38;2;83;155;208m██[38;2;20;41;52m██[38;2;20;41;51m██[38;2;81;153;207m██[38;2;106;192;241m██[38;2;92;162;208m██[38;2;49;82;105m██[38;2;84;153;204m██[38;2;3;4;0m  [38;2;0;0;0m          
[38;2;0;0;0m  [38;2;4;4;0m  [38;2;4;5;0m  [38;2;0;3;0m  [38;2;0;0;0m    [38;2;44;80;97m  [38;2;116;203;250m██[38;2;111;200;244m██[38;2;60;113;149m  [38;2;5;4;0m  [38;2;0;0;0m            
[38;2;0;0;0m            [38;2;6;10;13m  [38;2;30;48;58m  [38;2;25;51;59m██[38;2;0;0;0m                [0m
