
[38;2;0;0;0m      [38;2;1;1;1m  [38;2;44;33;9m  [38;2;0;0;0m                    [38;2;5;4;2m  [38;2;29;21;6m  [38;2;0;0;0m                
[38;2;1;1;1m    [38;2;0;0;0m  [38;2;5;5;5m  [38;2;154;111;24m██[38;2;5;5;5m  [38;2;0;0;0m                [38;2;3;3;3m  [38;2;20;16;8m██[38;2;101;73;17m██[38;2;0;0;0m    [38;2;4;4;4m  [38;2;0;0;0m          
[38;2;65;48;13m██[38;2;56;41;12m██[38;2;0;0;0m    [38;2;55;40;11m  [38;2;100;84;31m██[38;2;57;50;21m  [38;2;0;0;0m            [38;2;4;3;2m  [38;2;91;79;32m██[38;2;145;104;23m  [38;2;1;1;1m  [38;2;0;0;0m  [38;2;4;4;4m  [38;2;199;142;29m██[38;2;2;2;2m  [38;2;0;0;0m        
[38;2;9;7;3m  [38;2;166;119;25m██[38;2;4;4;4m  [38;2;0;0;0m    [38;2;32;29;14m  [38;2;180;159;73m██[38;2;11;11;11m  [38;2;3;3;3m  [38;2;0;0;0m      [38;2;6;6;6m  [38;2;62;61;59m██[38;2;137;120;46m██[38;2;0;0;0m      [38;2;128;92;20m  [38;2;30;23;8m  [38;2;0;0;0m          
[38;2;0;0;0m  [38;2;5;5;5m  [38;2;204;167;54m  [38;2;21;19;9m  [38;2;0;0;0m    [38;2;5;5;5m  [38;2;138;121;46m██[38;2;136;98;22m██[38;2;0;0;0m    [38;2;6;6;6m  [38;2;192;149;42m██[38;2;6;6;6m  [38;2;1;1;1m  [38;2;0;0;0m  [38;2;1;1;1m  [38;2;122;105;40m  [38;2;97;79;27m██[38;2;0;0;0m            
[38;2;0;0;0m    [38;2;36;33;25m██[38;2;19;19;17m██[38;2;0;0;0m      [38;2;6;6;6m  [38;2;136;98;22m██[38;2;0;0;0m    [38;2;6;6;6m  [38;2;119;86;19m██[38;2;0;0;0m      [38;2;4;4;4m  [38;2;70;68;61m██[38;2;7;6;3m  [38;2;0;0;0m            
[38;2;0;0;0m    [38;2;39;29;8m  [38;2;221;175;51m██[38;2;5;5;5m  [38;2;27;27;27m  [38;2;66;54;30m██[38;2;219;156;31m██[38;2;4;4;4m  [38;2;0;0;0m      [38;2;119;86;20m██[38;2;113;82;19m██[38;2;34;34;34m  [38;2;3;3;3m  [38;2;144;115;36m██[38;2;111;80;18m  [38;2;1;1;1m  [38;2;0;0;0m            
[38;2;0;0;0m    [38;2;2;2;2m  [38;2;187;134;27m  [38;2;228;163;32m██[38;2;41;31;11m██[38;2;93;68;17m██[38;2;228;163;33m██[38;2;138;99;23m██[38;2;10;10;10m████[38;2;9;9;9m██[38;2;229;164;33m██[38;2;223;160;33m██[38;2;11;9;7m██[38;2;230;164;32m██[38;2;226;162;32m██[38;2;6;6;6m  [38;2;0;0;0m              
[38;2;0;0;0m      [38;2;2;2;2m  [38;2;38;28;8m  [38;2;106;77;18m██[38;2;131;113;77m██[38;2;71;71;71m██[38;2;190;173;139m██[38;2;205;205;205m██[38;2;207;207;207m██[38;2;187;187;187m██[38;2;153;139;109m██[38;2;119;118;117m██[38;2;122;92;33m██[38;2;100;73;17m  [38;2;3;3;3m  [38;2;0;0;0m                
[38;2;0;0;0m          [38;2;18;18;18m  [38;2;158;158;158m██[38;2;89;89;89m██[38;2;206;206;206m██[38;2;207;207;207m██[38;2;162;162;162m██[38;2;121;121;121m██[38;2;204;204;204m██[38;2;206;206;206m██[38;2;89;89;89m██[38;2;0;0;0m                    
[38;2;0;0;0m      [38;2;3;3;3m  [38;2;103;103;103m██[38;2;153;153;153m██[38;2;88;88;88m██[38;2;151;151;151m██[38;2;207;207;207m████[38;2;166;166;166m██[38;2;161;161;161m██[38;2;123;123;123m██[38;2;179;179;179m██[38;2;207;207;207m██[38;2;124;124;124m  [38;2;4;4;4m  [38;2;0;0;0m                
[38;2;0;0;0m        [38;2;5;5;5m    [38;2;79;79;79m██[38;2;206;206;206m██[38;2;207;207;207m██[38;2;200;200;200m██[38;2;100;100;100m██[38;2;247;247;247m██[38;2;139;139;139m██[38;2;55;55;55m  [38;2;76;76;76m  [38;2;174;174;174m████[38;2;5;5;5m  [38;2;0;0;0m              
[38;2;0;0;0m          [38;2;4;4;4m  [38;2;134;134;134m██[38;2;197;197;197m██[38;2;207;207;207m██[38;2;194;194;194m██[38;2;146;146;146m██[38;2;217;217;217m██[38;2;128;128;128m██[38;2;6;6;6m  [38;2;1;1;1m  [38;2;2;2;2m    [38;2;0;0;0m          [38;2;4;4;4m  [38;2;0;0;0m    
[38;2;0;0;0m          [38;2;6;6;6m  [38;2;196;189;187m██[38;2;159;91;68m██[38;2;123;113;110m██[38;2;205;205;205m██[38;2;202;202;202m██[38;2;162;162;162m██[38;2;136;136;136m██[38;2;52;52;52m  [38;2;0;0;0m          [38;2;1;1;1m  [38;2;40;40;40m  [38;2;91;91;91m██[38;2;112;112;112m██[38;2;1;1;1m  [38;2;0;0;0m  
[38;2;0;0;0m        [38;2;1;1;1m  [38;2;157;157;157m  [38;2;114;85;76m██[38;2;156;81;56m██[38;2;118;75;60m██[38;2;166;166;166m██[38;2;167;167;167m██[38;2;89;89;89m██[38;2;190;190;190m██[38;2;203;203;203m██[38;2;3;3;3m  [38;2;0;0;0m      [38;2;3;3;3m  [38;2;163;163;163m██[38;2;217;217;217m██[38;2;235;235;235m████[38;2;126;126;126m  [38;2;1;1;1m  
[38;2;0;0;0m        [38;2;2;2;2m  [38;2;203;203;203m██[38;2;190;190;190m██[38;2;117;117;117m██[38;2;94;94;94m██[38;2;132;132;132m██[38;2;117;117;117m██[38;2;232;232;232m██[38;2;220;220;220m██[38;2;203;203;203m██[38;2;3;3;3m  [38;2;2;2;2m    [38;2;67;67;67m██[38;2;84;84;84m██[38;2;183;183;183m██[38;2;217;217;217m██[38;2;235;235;235m████[38;2;191;191;191m██[38;2;19;19;19m  
[38;2;0;0;0m        [38;2;2;2;2m  [38;2;203;203;203m██[38;2;235;235;235m████[38;2;207;207;207m████[38;2;235;235;235m████[38;2;221;221;221m██[38;2;203;203;203m██[38;2;29;29;29m  [38;2;139;139;139m██[38;2;174;174;174m██[38;2;207;207;207m██[38;2;202;202;202m██[38;2;184;184;184m██[38;2;124;124;124m██[38;2;235;235;235m██[38;2;218;218;218m██[38;2;207;207;207m██[38;2;58;58;58m██
[38;2;0;0;0m        [38;2;1;1;1m  [38;2;114;114;114m  [38;2;235;235;235m██████[38;2;234;234;234m██[38;2;235;235;235m██[38;2;234;234;234m██[38;2;215;215;215m██[38;2;68;68;68m██[38;2;207;207;207m██[38;2;206;206;206m██[38;2;217;217;217m██[38;2;233;233;233m██[38;2;210;210;210m██[38;2;207;207;207m██[38;2;188;188;188m██[38;2;91;91;91m██[38;2;207;207;207m██[38;2;190;190;190m██[38;2;37;37;37m  
[38;2;0;0;0m          [38;2;6;6;6m  [38;2;235;235;235m██[38;2;234;234;234m████████[38;2;235;235;235m██[38;2;142;142;142m██[38;2;194;194;194m██[38;2;207;207;207m██████[38;2;209;209;209m██[38;2;207;207;207m██[38;2;228;228;228m██[38;2;207;207;207m██[38;2;173;173;173m██[38;2;168;168;168m██[38;2;93;93;93m██[38;2;1;1;1m  
[38;2;0;0;0m          [38;2;3;3;3m  [38;2;157;157;157m██[38;2;222;222;222m██[38;2;234;234;234m████[38;2;222;222;222m██[38;2;207;207;207m██[38;2;126;126;126m██[38;2;207;207;207m██████████[38;2;210;208;207m██[38;2;211;208;207m██[38;2;178;178;178m██[38;2;176;176;176m██[38;2;14;14;14m  [38;2;3;3;3m  [38;2;0;0;0m  
[38;2;0;0;0m            [38;2;83;83;83m██[38;2;207;207;207m████████[38;2;71;71;71m██[38;2;189;185;184m██[38;2;207;207;207m████[38;2;116;116;116m██[38;2;207;207;207m██[38;2;219;211;208m██[38;2;229;225;224m██[38;2;217;217;217m██[38;2;173;173;173m██[38;2;206;206;206m██[38;2;65;65;65m  [38;2;0;0;0m    
[38;2;0;0;0m          [38;2;6;6;6m  [38;2;181;181;181m██[38;2;200;200;200m██[38;2;207;207;207m██[38;2;138;138;138m██[38;2;139;137;136m██[38;2;218;210;207m██[38;2;168;162;160m██[38;2;84;84;84m██[38;2;207;207;207m██[38;2;180;180;180m██[38;2;173;168;167m██[38;2;116;116;116m██[38;2;46;46;46m  [38;2;10;10;10m  [38;2;155;155;155m██[38;2;198;198;198m██[38;2;53;53;53m██[38;2;0;0;0m    
[38;2;0;0;0m            [38;2;78;78;78m  [38;2;196;196;196m██[38;2;6;6;6m  [38;2;144;144;144m  [38;2;120;120;120m██[38;2;71;71;71m██[38;2;39;39;39m██[38;2;162;162;162m██[38;2;207;207;207m████[38;2;90;90;90m██[38;2;0;0;0m      [38;2;131;131;131m  [38;2;172;172;172m██[38;2;75;75;74m██[38;2;15;15;14m  [38;2;0;0;0m  
[38;2;0;0;0m            [38;2;1;1;1m  [38;2;2;2;2m  [38;2;0;0;0m  [38;2;2;2;2m  [38;2;124;124;124m██[38;2;188;188;188m██[38;2;38;38;38m██[38;2;162;162;162m██[38;2;194;194;194m██[38;2;205;205;205m██[38;2;79;79;79m██[38;2;0;0;0m      [38;2;4;4;4m  [38;2;210;210;207m██[38;2;234;233;212m██[38;2;80;79;72m  [38;2;0;0;0m  
[38;2;0;0;0m                    [38;2;102;102;102m██[38;2;182;182;182m██[38;2;3;3;3m  [38;2;8;8;8m  [38;2;156;156;156m██[38;2;174;174;174m██[38;2;218;218;218m██[38;2;5;5;5m  [38;2;0;0;0m    [38;2;4;4;4m  [38;2;192;192;192m██[38;2;189;189;189m██[38;2;4;4;4m  [38;2;0;0;0m  
[38;2;0;0;0m                [38;2;1;1;1m  [38;2;43;43;43m  [38;2;88;88;88m██[38;2;9;9;9m██[38;2;0;0;0m    [38;2;114;114;114m██[38;2;216;216;216m██[38;2;94;94;94m██[38;2;0;0;0m      [38;2;31;31;31m  [38;2;74;74;74m██[38;2;39;39;39m██[38;2;0;0;0m    
[38;2;0;0;0m                  [38;2;5;5;5m    [38;2;0;0;0m    [38;2;1;1;1m  [38;2;44;44;44m██[38;2;168;168;168m██[38;2;2;2;2m  [38;2;0;0;0m      [38;2;3;3;3m  [38;2;5;5;5m  [38;2;1;1;1m  [38;2;0;0;0m    
[38;2;0;0;0m                          [38;2;2;2;2m  [38;2;22;22;22m██[38;2;21;21;21m  [38;2;0;0;0m                  [0m
