
[38;2;0;0;0m          [38;2;5;7;2m  [38;2;37;52;23m██[38;2;38;56;23m██[38;2;8;12;5m  [38;2;0;0;0m              
[38;2;0;0;0m        [38;2;82;97;54m  [38;2;159;203;105m██[38;2;160;221;101m██[38;2;147;215;89m██[38;2;122;178;74m██[38;2;76;110;46m  [38;2;0;0;0m            
[38;2;0;0;0m      [38;2;43;63;26m  [38;2;195;235;129m████[38;2;196;235;128m██[38;2;147;215;89m██[38;2;147;214;89m██[38;2;147;215;90m██[38;2;54;79;33m██[38;2;0;0;0m          
[38;2;0;0;0m      [38;2;143;208;87m██[38;2;177;227;113m██[38;2;196;235;128m██[38;2;170;224;107m██[38;2;147;215;90m██[38;2;147;215;89m████[38;2;147;214;89m██[38;2;0;0;0m          
[38;2;0;0;0m    [38;2;60;87;36m██[38;2;147;214;89m██[38;2;147;215;89m██████[38;2;141;203;87m██[38;2;119;162;80m██[38;2;130;177;86m██[38;2;150;215;89m██[38;2;74;106;44m██[38;2;0;0;0m        
[38;2;0;0;0m    [38;2;60;87;36m██[38;2;147;214;89m████[38;2;147;215;89m██[38;2;147;214;89m██[38;2;96;102;91m██[38;2;48;45;44m██[38;2;173;182;156m██[38;2;84;89;60m██[38;2;68;90;38m██[38;2;0;0;0m        
[38;2;0;0;0m    [38;2;70;61;43m██[38;2;136;113;69m██[38;2;92;113;73m██[38;2;144;209;89m██[38;2;83;96;71m██[38;2;199;199;199m██[38;2;0;0;0m██[38;2;149;156;133m██[38;2;135;167;66m██[38;2;45;56;21m  [38;2;0;0;0m        
[38;2;0;0;0m  [38;2;191;147;57m  [38;2;238;184;73m██[38;2;247;190;73m██[38;2;119;111;75m██[38;2;139;176;67m██[38;2;133;164;65m██[38;2;77;76;77m██[38;2;60;59;60m██[38;2;134;167;66m██[38;2;139;173;66m██[38;2;0;0;0m          
[38;2;62;50;22m██[38;2;231;184;78m██[38;2;195;153;62m██[38;2;110;97;50m██[38;2;103;105;58m██[38;2;139;174;65m██████[38;2;140;174;65m██[38;2;135;154;65m██[38;2;72;37;32m██[38;2;0;0;0m          
[38;2;2;2;1m  [38;2;181;151;69m██[38;2;5;4;2m  [38;2;0;0;0m  [38;2;3;4;1m  [38;2;75;79;65m██[38;2;139;174;65m████[38;2;84;92;65m██[38;2;92;70;65m██[38;2;151;67;65m██[38;2;0;0;0m          
[38;2;0;0;0m        [38;2;37;54;22m  [38;2;86;91;102m██[38;2;76;78;84m████[38;2;85;89;99m██[38;2;72;73;77m██[38;2;147;65;65m██[38;2;82;34;35m██[38;2;0;0;0m        
[38;2;0;0;0m        [38;2;140;215;99m██[38;2;92;104;99m██[38;2;111;141;88m██[38;2;87;97;78m██[38;2;136;146;120m██[38;2;107;134;97m██[38;2;73;79;68m██[38;2;156;65;65m██[38;2;0;0;0m        
[38;2;0;0;0m      [38;2;128;128;128m  [38;2;164;186;94m██[38;2;191;161;98m██[38;2;134;142;87m██[38;2;183;179;187m██[38;2;183;188;175m██[38;2;119;163;81m██[38;2;112;149;79m██[38;2;131;64;65m██[38;2;116;44;50m  [38;2;0;0;0m      
[38;2;0;0;0m      [38;2;247;247;247m██[38;2;108;142;79m██[38;2;137;111;84m██[38;2;189;204;189m██[38;2;132;127;128m██[38;2;222;222;224m██[38;2;98;119;79m██[38;2;147;214;89m██[38;2;143;76;81m██[38;2;224;86;96m██[38;2;4;1;1m  [38;2;0;0;0m    
[38;2;0;0;0m    [38;2;58;58;58m  [38;2;251;251;251m██[38;2;133;136;139m██[38;2;180;180;180m██[38;2;168;172;176m██[38;2;232;98;97m██[38;2;191;120;111m██[38;2;143;142;143m██[38;2;147;204;87m██[38;2;120;102;77m██[38;2;231;89;99m██[38;2;93;36;40m██[38;2;0;0;0m    
[38;2;0;0;0m    [38;2;103;103;103m██[38;2;240;241;242m██[38;2;182;185;189m██[38;2;255;255;255m████[38;2;150;138;135m██[38;2;241;134;88m██[38;2;96;116;71m██[38;2;140;177;67m██[38;2;104;122;65m██[38;2;231;89;99m██[38;2;231;89;101m██[38;2;0;0;0m    
[38;2;0;0;0m    [38;2;93;92;93m██[38;2;90;96;106m██[38;2;255;255;255m████[38;2;237;237;237m██[38;2;218;216;214m██[38;2;136;112;90m██[38;2;119;145;67m██[38;2;139;173;66m██[38;2;139;128;68m██[38;2;230;89;99m██[38;2;230;89;101m██[38;2;118;45;50m  [38;2;0;0;0m  
[38;2;0;0;0m    [38;2;87;79;80m██[38;2;90;93;105m██[38;2;185;185;186m██[38;2;246;245;246m██[38;2;156;157;163m██[38;2;181;178;174m██[38;2;134;137;96m██[38;2;181;180;69m██[38;2;235;183;71m██[38;2;108;120;63m██[38;2;230;89;99m██[38;2;231;89;101m██[38;2;199;76;85m██[38;2;8;3;3m  
[38;2;0;0;0m    [38;2;54;35;37m██[38;2;83;85;90m██[38;2;142;111;114m██[38;2;224;131;142m██[38;2;147;95;102m██[38;2;156;133;132m██[38;2;161;143;70m██[38;2;188;181;69m██[38;2;217;181;73m██[38;2;45;41;17m  [38;2;85;32;36m██[38;2;230;89;101m██[38;2;231;89;101m██[38;2;64;25;28m██
[38;2;0;0;0m      [38;2;52;52;52m  [38;2;74;75;80m██[38;2;84;88;97m██[38;2;68;70;76m██[38;2;72;71;73m██[38;2;185;142;73m██[38;2;166;128;68m██[38;2;6;4;3m  [38;2;0;0;0m  [38;2;5;2;2m  [38;2;190;73;81m██[38;2;161;62;69m  [38;2;0;0;0m  
[38;2;0;0;0m      [38;2;144;142;144m  [38;2;139;119;121m██[38;2;128;65;65m██[38;2;56;34;35m██[38;2;0;0;1m  [38;2;103;48;48m██[38;2;16;12;11m  [38;2;0;0;0m            
[38;2;0;0;0m        [38;2;6;0;0m  [38;2;0;0;0m    [38;2;81;65;66m██[38;2;195;93;97m██[38;2;113;46;48m██[38;2;0;0;0m            
[38;2;0;0;0m              [38;2;69;66;66m██[38;2;45;31;30m██[38;2;39;15;16m  [38;2;0;0;0m            [0m
