
[38;2;0;0;0m              [38;2;37;55;59m  [38;2;0;0;0m                                  
[38;2;0;0;0m        [38;2;82;121;129m  [38;2;0;0;0m    [38;2;140;207;221m██[38;2;0;0;0m                                  
[38;2;0;0;0m        [38;2;120;177;190m██[38;2;7;10;11m  [38;2;0;0;0m  [38;2;143;207;221m██[38;2;92;133;142m██[38;2;0;0;0m    [38;2;96;161;200m██[38;2;0;0;0m      [38;2;36;61;76m██[38;2;52;82;99m██[38;2;46;69;82m  [38;2;77;130;162m██[38;2;0;0;0m            
[38;2;0;0;0m        [38;2;66;98;105m██[38;2;21;32;34m██[38;2;0;0;0m  [38;2;19;27;29m  [38;2;147;217;232m██[38;2;14;11;12m  [38;2;0;0;0m  [38;2;96;161;200m██[38;2;0;0;0m      [38;2;96;159;197m██[38;2;81;120;143m██[38;2;90;151;187m██[38;2;4;8;10m  [38;2;0;0;0m  [38;2;56;94;117m  [38;2;69;117;145m  [38;2;0;0;0m      
[38;2;24;35;38m  [38;2;69;102;109m██[38;2;0;0;0m    [38;2;31;46;50m  [38;2;147;217;232m██[38;2;0;0;0m    [38;2;108;165;182m██[38;2;58;74;87m██[38;2;45;74;92m██[38;2;97;164;204m██[38;2;0;0;0m  [38;2;0;1;1m  [38;2;70;119;148m██[38;2;66;70;73m  [38;2;75;126;157m██[38;2;0;0;0m  [38;2;38;57;61m  [38;2;101;130;137m██[38;2;51;67;73m██[38;2;7;1;0m  [38;2;0;0;0m      
[38;2;0;0;0m  [38;2;121;179;191m██[38;2;101;150;160m  [38;2;0;0;0m    [38;2;134;197;211m██[38;2;90;133;142m  [38;2;0;0;0m  [38;2;37;67;86m██[38;2;63;91;119m██[38;2;48;77;97m██[38;2;7;12;15m██[38;2;0;0;0m  [38;2;1;3;4m██[38;2;81;114;134m██[38;2;95;158;196m██[38;2;78;111;126m██[38;2;14;21;22m  [38;2;152;224;239m██[38;2;10;15;16m██[38;2;3;5;5m  [38;2;0;0;0m        
[38;2;0;0;0m    [38;2;105;154;165m██[38;2;112;162;174m██[38;2;72;93;97m██[38;2;106;142;148m██[38;2;105;156;178m██[38;2;2;3;5m  [38;2;34;46;70m██[38;2;72;102;169m██[38;2;54;67;93m██[38;2;30;30;32m██[38;2;17;24;40m  [38;2;60;86;140m  [38;2;68;89;117m██[38;2;94;122;133m██[38;2;134;192;207m██[38;2;114;156;162m██[38;2;31;46;49m  [38;2;0;0;0m            
[38;2;0;0;0m      [38;2;63;92;107m██[38;2;126;184;227m██[38;2;68;103;175m██[38;2;56;63;82m██[38;2;64;98;166m██[38;2;75;105;125m██[38;2;66;70;73m██[38;2;78;110;140m██[38;2;73;104;169m██[38;2;69;84;118m██[38;2;65;64;65m████[38;2;156;230;255m██[38;2;89;126;154m██[38;2;7;0;0m  [38;2;0;0;0m              
[38;2;0;0;0m      [38;2;0;0;3m  [38;2;9;9;12m  [38;2;100;142;165m██[38;2;68;102;145m██[38;2;85;121;150m██[38;2;79;106;123m██[38;2;63;68;72m██[38;2;86;129;157m██[38;2;86;137;187m██[38;2;142;214;235m██[38;2;155;228;245m██[38;2;114;165;204m██[38;2;73;85;98m██[38;2;26;32;50m██[38;2;3;0;0m  [38;2;0;0;0m              
[38;2;0;0;0m        [38;2;1;3;5m  [38;2;0;0;0m  [38;2;70;112;144m██[38;2;112;173;197m██[38;2;143;226;250m██[38;2;148;226;246m██[38;2;154;227;244m██[38;2;152;224;242m██[38;2;100;145;157m██[38;2;8;1;1m  [38;2;22;26;36m  [38;2;0;0;0m                    
[38;2;0;0;0m        [38;2;35;60;109m██[38;2;3;5;10m  [38;2;66;95;111m  [38;2;153;225;242m██[38;2;106;154;201m████[38;2;88;134;182m██[38;2;131;199;228m██[38;2;35;50;80m██[38;2;0;1;2m  [38;2;20;28;47m  [38;2;0;0;0m                    
[38;2;0;0;0m        [38;2;14;22;36m  [38;2;46;71;116m██[38;2;107;140;148m██[38;2;82;117;179m██[38;2;66;88;124m██[38;2;77;92;97m██[38;2;106;140;148m██[38;2;65;87;129m██[38;2;66;83;119m██[38;2;73;104;171m██[38;2;29;41;68m  [38;2;0;0;0m                [38;2;10;10;10m  [38;2;0;0;0m  
[38;2;0;0;0m        [38;2;0;0;3m  [38;2;99;146;171m██[38;2;135;198;227m██[38;2;61;82;110m██[38;2;78;132;153m██[38;2;216;249;251m██[38;2;114;161;190m██[38;2;68;103;177m██[38;2;69;96;158m██[38;2;56;80;134m██[38;2;0;0;0m                  [38;2;76;80;79m██[38;2;0;0;0m  
[38;2;0;0;0m        [38;2;49;73;83m██[38;2;85;128;152m██[38;2;74;105;172m██[38;2;95;148;185m██[38;2;133;195;231m██[38;2;152;196;220m██[38;2;68;93;147m██[38;2;51;73;119m██[38;2;16;17;22m  [38;2;0;0;0m                [38;2;3;3;3m  [38;2;74;78;77m██[38;2;71;75;75m██[38;2;0;0;0m  
[38;2;0;0;0m        [38;2;8;14;21m  [38;2;80;135;176m██[38;2;73;106;172m██[38;2;25;35;58m██[38;2;34;42;60m██[38;2;55;63;81m██[38;2;43;64;106m██[38;2;11;19;35m██[38;2;0;0;0m              [38;2;7;10;17m  [38;2;54;77;130m██[38;2;47;60;90m██[38;2;97;103;101m██[38;2;64;69;69m██[38;2;12;14;14m  
[38;2;0;0;0m                  [38;2;28;48;87m  [38;2;43;71;128m██[38;2;0;1;2m██[38;2;0;0;0m              [38;2;56;90;153m██[38;2;56;77;113m██[38;2;92;98;92m██[38;2;75;76;75m██[38;2;66;74;71m██[38;2;13;15;14m  
[38;2;0;0;0m                    [38;2;41;70;127m██[38;2;58;83;137m██[38;2;0;0;0m      [38;2;78;82;80m████[38;2;71;74;73m  [38;2;21;19;21m  [38;2;68;79;84m██[38;2;73;80;78m██[38;2;72;79;80m██[38;2;68;70;69m██[38;2;11;12;11m  [38;2;0;0;0m  
[38;2;0;0;0m                    [38;2;73;105;172m████[38;2;43;63;103m██[38;2;32;33;32m██[38;2;59;64;68m██[38;2;97;103;101m  ██[38;2;88;91;90m  [38;2;65;68;65m██[38;2;0;0;0m  [38;2;31;34;33m  [38;2;44;44;44m██[38;2;47;51;50m██[38;2;35;40;38m  [38;2;0;0;0m  
[38;2;0;0;0m            [38;2;39;56;92m  [38;2;0;0;0m    [38;2;60;85;140m  [38;2;73;107;172m██[38;2;73;105;172m██[38;2;67;85;116m██[38;2;65;79;104m██[38;2;72;78;89m██[38;2;97;103;101m██[38;2;81;83;82m██[38;2;94;98;96m██[38;2;37;39;38m██[38;2;0;0;0m            
[38;2;0;0;0m            [38;2;73;107;172m██[38;2;41;52;76m██[38;2;53;62;78m██[38;2;152;219;239m██[38;2;74;107;172m██[38;2;70;88;130m██[38;2;68;80;107m██[38;2;73;104;171m██[38;2;57;71;91m██[38;2;88;93;88m██[38;2;80;83;81m██[38;2;97;103;101m████[38;2;0;0;0m            
[38;2;0;0;0m            [38;2;59;84;144m██[38;2;48;76;135m██[38;2;77;103;118m██[38;2;87;112;122m██[38;2;115;168;209m██[38;2;73;104;165m██[38;2;71;105;174m██[38;2;68;102;175m██[38;2;61;63;64m██[38;2;50;49;50m██[38;2;60;60;60m██[38;2;97;104;98m██[38;2;97;103;101m██[38;2;0;0;0m            
[38;2;0;0;0m            [38;2;9;14;24m  [38;2;23;37;67m██[38;2;65;88;111m  [38;2;70;69;69m██[38;2;102;156;202m██[38;2;58;90;151m██[38;2;55;75;118m██[38;2;68;72;78m██[38;2;59;61;61m██[38;2;65;64;65m  [38;2;60;59;60m██[38;2;77;80;77m██[38;2;97;103;102m██[38;2;78;84;83m██[38;2;11;12;12m  [38;2;0;0;0m        
[38;2;0;0;0m                [38;2;27;26;27m██[38;2;70;77;75m██[38;2;55;67;95m██[38;2;49;48;50m██[38;2;73;75;74m██[38;2;96;100;98m██[38;2;0;0;0m  [38;2;3;3;3m██[38;2;65;64;65m██[38;2;63;62;63m██[38;2;64;65;65m██[38;2;74;91;96m██[38;2;33;56;69m██[38;2;0;0;0m        
[38;2;0;0;0m                  [38;2;92;155;192m██[38;2;55;77;87m██[38;2;0;0;0m  [38;2;100;139;146m██[38;2;93;100;101m██[38;2;0;0;0m    [38;2;37;37;37m██[38;2;60;59;60m██[38;2;39;38;39m██[38;2;56;81;93m  [38;2;18;26;29m  [38;2;0;0;0m        
[38;2;0;0;0m                    [38;2;80;114;134m██[38;2;9;7;4m██[38;2;98;143;161m██[38;2;122;168;184m██[38;2;4;7;7m  [38;2;0;0;0m  [38;2;26;38;44m██[38;2;7;3;0m  [38;2;0;0;0m  [38;2;61;67;65m██[38;2;0;0;0m          
[38;2;0;0;0m                    [38;2;50;65;73m██[38;2;62;100;123m██[38;2;82;99;109m██[38;2;155;229;249m██[38;2;55;87;101m██[38;2;5;4;2m  [38;2;69;111;136m██[38;2;2;1;0m  [38;2;0;0;0m  [38;2;75;87;84m██[38;2;31;46;50m  [38;2;0;0;0m        
[38;2;0;0;0m                    [38;2;30;33;34m██[38;2;98;163;201m██[38;2;71;75;76m██[38;2;151;225;242m██[38;2;0;0;0m  [38;2;12;12;10m  [38;2;38;61;74m  [38;2;0;0;0m  [38;2;45;55;56m██[38;2;83;100;98m██[38;2;53;78;83m██[38;2;0;0;0m        
[38;2;0;0;0m                    [38;2;40;63;72m██[38;2;68;88;94m██[38;2;80;95;99m██[38;2;126;184;200m██[38;2;0;0;0m        [38;2;20;34;42m  [38;2;113;164;176m██[38;2;19;26;27m  [38;2;0;0;0m        
[38;2;0;0;0m                        [38;2;111;150;159m██[38;2;0;0;7m  [38;2;0;0;0m                      
[38;2;0;0;0m                        [38;2;13;20;22m  [38;2;0;0;2m  [38;2;0;0;0m                      [0m
