
[38;2;0;0;0m                                                    [38;2;30;30;30m██[38;2;7;7;7m  [38;2;0;0;0m        
[38;2;0;0;0m                                                [38;2;77;79;77m██[38;2;90;91;90m██[38;2;94;94;94m██[38;2;6;6;6m  [38;2;0;0;0m        
[38;2;0;0;0m                              [38;2;70;72;70m██[38;2;0;0;0m          [38;2;23;23;20m  [38;2;0;0;0m    [38;2;117;117;117m████[38;2;51;51;51m██[38;2;0;0;0m          
[38;2;0;0;0m                      [38;2;72;71;72m  [38;2;0;0;0m    [38;2;19;19;19m  [38;2;32;33;32m██[38;2;0;0;0m        [38;2;21;21;19m  [38;2;36;36;32m██[38;2;0;0;0m  [38;2;72;71;72m  [38;2;117;118;117m██[38;2;103;105;103m██[38;2;71;72;71m██[38;2;0;0;0m          
[38;2;0;0;0m                    [38;2;10;10;10m  [38;2;92;91;92m██[38;2;70;72;70m██[38;2;0;0;0m  [38;2;22;23;22m██[38;2;37;38;37m██[38;2;9;9;9m  [38;2;97;96;97m██[38;2;26;23;26m  [38;2;26;26;23m  [38;2;93;94;85m██[38;2;66;68;66m██[38;2;45;47;45m██[38;2;95;97;95m██[38;2;80;78;80m██[38;2;20;19;20m  [38;2;0;0;0m            
[38;2;0;0;0m                    [38;2;29;29;29m██[38;2;99;100;99m██[38;2;90;93;90m██[38;2;19;20;19m  [38;2;53;54;53m██[38;2;184;76;74m██[38;2;65;64;65m██[38;2;99;100;99m██[38;2;82;83;83m██[38;2;87;88;83m██[38;2;70;70;69m██[38;2;92;94;92m██[38;2;94;96;94m██[38;2;34;35;34m██[38;2;0;0;0m                
[38;2;0;0;0m                    [38;2;112;112;112m██[38;2;84;85;84m██[38;2;66;65;66m██[38;2;78;84;85m██[38;2;161;76;72m██[38;2;106;67;68m██[38;2;110;112;110m██[38;2;94;97;94m██[38;2;85;86;84m██[38;2;75;77;77m██[38;2;83;85;84m██[38;2;94;97;94m████[38;2;49;50;49m██[38;2;0;0;0m                
[38;2;0;0;0m                    [38;2;112;112;112m██[38;2;66;66;66m██[38;2;145;69;87m██[38;2;93;71;73m██[38;2;211;84;80m██[38;2;106;75;77m██[38;2;96;98;96m██[38;2;69;69;69m██[38;2;90;93;90m██[38;2;156;72;91m██[38;2;55;57;61m██[38;2;100;101;101m██[38;2;95;97;95m████[38;2;0;0;0m                
[38;2;0;0;0m  [38;2;29;30;27m  [38;2;88;90;84m████[38;2;83;85;79m██[38;2;34;24;23m██[38;2;112;54;53m██[38;2;158;91;91m██[38;2;125;56;70m██[38;2;60;51;53m██[38;2;101;102;101m██[38;2;156;59;81m██[38;2;121;67;81m██[38;2;209;79;76m██[38;2;204;77;73m██[38;2;101;102;101m██[38;2;79;80;79m██[38;2;136;86;87m██[38;2;182;89;89m██[38;2;208;66;87m██[38;2;155;59;81m██[38;2;101;102;101m██[38;2;108;105;106m██[38;2;117;75;86m██[38;2;153;65;62m██[38;2;52;41;39m██[38;2;27;28;27m  [38;2;0;0;0m          
[38;2;0;0;0m  [38;2;6;6;6m██    [38;2;83;52;50m██[38;2;90;81;79m██[38;2;123;70;70m██[38;2;254;84;79m██[38;2;234;78;85m██[38;2;90;62;70m██[38;2;89;71;77m██[38;2;154;65;85m██[38;2;66;66;66m██[38;2;214;87;84m██[38;2;95;84;86m██[38;2;102;102;102m██[38;2;62;90;107m██[38;2;228;109;108m██[38;2;218;87;84m██[38;2;103;94;93m██[38;2;91;84;85m██[38;2;102;102;102m██[38;2;117;117;116m██[38;2;71;70;72m██[38;2;166;65;82m██[38;2;200;81;79m██[38;2;237;85;81m██[38;2;135;71;67m██[38;2;0;0;0m        
[38;2;0;0;0m        [38;2;63;51;51m██[38;2;152;75;74m██[38;2;173;75;73m██[38;2;254;84;79m██[38;2;255;85;81m██[38;2;174;83;92m██[38;2;94;73;78m██[38;2;138;69;85m██[38;2;68;68;70m██[38;2;165;93;92m██[38;2;93;98;100m██[38;2;60;78;81m██[38;2;158;206;219m██[38;2;188;91;92m██[38;2;131;83;95m██[38;2;130;58;77m██[38;2;83;84;83m██[38;2;116;117;116m██[38;2;109;113;112m██[38;2;107;72;80m██[38;2;145;72;86m██[38;2;76;58;64m██[38;2;83;86;86m██[38;2;71;80;80m██[38;2;60;61;60m  [38;2;6;6;6m  [38;2;0;0;0m    
[38;2;0;0;0m      [38;2;66;68;66m  [38;2;103;104;92m██[38;2;82;75;72m██[38;2;254;84;81m██[38;2;254;84;79m██[38;2;217;87;85m██[38;2;163;70;91m██[38;2;182;65;91m██[38;2;51;30;33m██[38;2;17;17;18m██[38;2;101;102;102m██[38;2;149;109;108m██[38;2;245;86;83m██[38;2;145;111;116m██[38;2;42;43;41m██[38;2;72;57;60m██[38;2;63;65;68m██[38;2;116;116;116m██[38;2;117;117;117m██[38;2;68;63;65m██[38;2;98;77;82m██[38;2;72;72;72m██[38;2;102;101;97m██[38;2;100;99;96m██[38;2;95;97;95m██[38;2;67;67;67m██[38;2;89;92;89m██[38;2;0;0;0m    
[38;2;10;11;10m  [38;2;84;87;81m██[38;2;53;54;51m██[38;2;73;72;69m██[38;2;131;68;70m██[38;2;141;71;71m██[38;2;188;77;75m██[38;2;254;84;79m████[38;2;206;67;87m██[38;2;143;46;67m██[38;2;0;0;0m  [38;2;13;13;13m  [38;2;91;90;91m██[38;2;61;62;61m██[38;2;50;51;50m██[38;2;0;0;0m    [38;2;12;12;12m  [38;2;50;51;50m██[38;2;77;76;77m██[38;2;87;87;87m██[38;2;79;80;79m██[38;2;132;82;92m██[38;2;171;59;85m██[38;2;118;57;72m██[38;2;56;56;57m██[38;2;69;72;74m██[38;2;84;85;84m██[38;2;113;115;113m██[38;2;87;88;87m██[38;2;0;0;0m  
[38;2;23;24;23m██[38;2;24;25;24m██[38;2;0;0;0m    [38;2;77;74;72m██[38;2;139;85;76m██[38;2;120;58;53m██[38;2;254;84;81m██[38;2;239;71;88m██[38;2;189;62;88m██[38;2;2;0;1m  [38;2;0;0;0m    [38;2;1;1;1m██[38;2;0;0;0m              [38;2;47;24;31m██[38;2;187;64;90m██[38;2;118;68;81m██[38;2;59;56;57m████[38;2;113;115;114m██[38;2;99;101;99m██[38;2;84;86;84m██[38;2;102;102;102m██[38;2;94;96;94m██[38;2;23;23;23m  
[38;2;11;12;11m    [38;2;12;12;11m  [38;2;84;86;82m██[38;2;52;53;47m██[38;2;13;20;17m  [38;2;107;62;56m██[38;2;85;85;79m██[38;2;79;33;40m██[38;2;8;7;9m  [38;2;0;0;0m          [38;2;61;41;43m  [38;2;67;33;39m  [38;2;0;0;0m      [38;2;0;4;0m  [38;2;70;29;39m  [38;2;172;60;85m██[38;2;120;67;75m██[38;2;87;85;83m██[38;2;76;76;76m██[38;2;55;53;52m██[38;2;112;65;75m██[38;2;60;61;63m██[38;2;89;91;90m██[38;2;94;97;94m██[38;2;23;24;23m██
[38;2;0;0;0m    [38;2;24;25;23m████[38;2;0;0;0m    [38;2;96;99;93m██[38;2;26;26;23m  [38;2;0;0;0m            [38;2;40;27;28m██[38;2;101;68;70m██[38;2;177;88;104m██[38;2;186;67;94m██[38;2;2;0;1m    [38;2;135;65;79m██[38;2;185;66;93m██[38;2;108;62;66m██[38;2;108;58;65m██[38;2;186;59;89m██[38;2;47;15;23m██[38;2;0;6;4m  [38;2;47;36;37m██[38;2;64;67;69m██[38;2;94;96;94m████[38;2;23;23;23m  
[38;2;0;0;0m    [38;2;10;11;10m    [38;2;0;0;0m    [38;2;79;80;70m██[38;2;0;0;0m              [38;2;17;17;16m      [38;2;160;63;83m██[38;2;168;54;79m██[38;2;91;28;43m██[38;2;113;35;53m██[38;2;89;56;65m██[38;2;185;161;159m██[38;2;126;60;68m██[38;2;153;105;101m██[38;2;72;62;62m██[38;2;66;65;65m██[38;2;107;105;101m██[38;2;96;98;96m██[38;2;75;77;75m██[38;2;31;32;31m  [38;2;0;0;0m  
[38;2;0;0;0m                                [38;2;25;24;23m██[38;2;153;61;82m██[38;2;0;0;0m        [38;2;87;54;63m██[38;2;89;56;65m██[38;2;198;140;144m██[38;2;163;50;76m██[38;2;0;0;0m  [38;2;40;39;40m  [38;2;67;67;67m██[38;2;90;93;90m██[38;2;0;0;0m    
[38;2;0;0;0m                                [38;2;63;62;59m██[38;2;15;15;14m  [38;2;0;0;0m        [38;2;28;14;18m██[38;2;120;77;85m██[38;2;155;70;88m██[38;2;25;14;16m██[38;2;0;0;0m  [38;2;40;41;40m  [38;2;68;69;68m██[38;2;10;10;10m  [38;2;0;0;0m    
[38;2;0;0;0m                                        [38;2;10;7;8m██[38;2;16;5;7m██[38;2;178;163;162m██[38;2;85;69;74m██[38;2;43;32;33m  [38;2;0;5;3m  [38;2;0;0;0m  [38;2;64;66;64m  [38;2;0;0;0m        
[38;2;0;0;0m                          [38;2;59;58;47m██[38;2;0;0;0m      [38;2;115;38;37m  [38;2;143;47;50m██[38;2;114;36;54m██[38;2;146;76;91m██[38;2;132;71;85m██[38;2;133;69;84m██[38;2;104;77;83m██[38;2;0;0;0m                
[38;2;0;0;0m                    [38;2;3;3;3m    [38;2;0;0;0m  [38;2;63;62;55m  [38;2;99;98;83m██[38;2;12;12;11m██[38;2;237;82;79m██[38;2;254;84;79m██[38;2;219;86;83m██[38;2;114;93;96m██[38;2;126;84;92m██[38;2;117;87;93m██[38;2;153;69;88m██[38;2;20;21;20m  [38;2;0;0;0m                
[38;2;0;0;0m                    [38;2;26;27;24m████[38;2;0;0;0m  [38;2;2;2;4m  [38;2;32;32;30m██[38;2;74;74;70m██[38;2;201;77;75m██[38;2;254;84;79m████[38;2;254;84;80m██[38;2;221;71;86m██[38;2;118;87;93m██[38;2;25;26;25m  [38;2;0;0;0m                  
[38;2;0;0;0m                    [38;2;19;20;19m  [38;2;90;93;90m██[38;2;9;10;10m██[38;2;14;14;14m██[38;2;95;97;92m██[38;2;98;99;89m██[38;2;119;62;67m██[38;2;227;80;78m██[38;2;246;84;78m██[38;2;245;85;79m██[38;2;227;77;85m██[38;2;103;77;82m██[38;2;0;0;0m                    
[38;2;0;0;0m                      [38;2;23;23;23m  [38;2;96;98;86m██[38;2;68;69;69m██[38;2;74;74;72m██[38;2;89;90;82m██[38;2;100;57;67m██[38;2;96;67;68m██[38;2;116;76;71m██[38;2;114;80;73m██[38;2;117;87;93m██[38;2;23;24;23m██[38;2;0;0;0m                    
[38;2;0;0;0m                        [38;2;63;63;54m██[38;2;88;90;85m██[38;2;54;56;54m  [38;2;34;34;34m  [38;2;75;75;77m██[38;2;98;99;89m██[38;2;75;74;69m██[38;2;65;64;59m██[38;2;0;0;0m                        
[38;2;0;0;0m                          [38;2;13;13;13m  [38;2;70;71;62m  [38;2;27;26;24m  [38;2;96;99;94m██[38;2;35;36;35m██[38;2;66;66;65m██[38;2;25;25;26m██[38;2;0;0;0m                        
[38;2;0;0;0m                            [38;2;81;83;71m██[38;2;98;102;89m██[38;2;54;56;54m  [38;2;0;0;0m                              
[38;2;0;0;0m                            [38;2;6;6;6m  [38;2;24;25;24m██[38;2;0;0;0m                                [0m
