
[38;2;0;0;0m      [38;2;26;41;57m  [38;2;0;0;0m                                            
[38;2;0;0;0m    [38;2;0;1;0m  [38;2;101;147;218m██[38;2;0;2;0m  [38;2;0;0;0m                                          
[38;2;0;0;0m    [38;2;22;24;22m██[38;2;73;116;152m██[38;2;66;97;142m██[38;2;0;0;0m    [38;2;42;54;73m██[38;2;8;10;10m  [38;2;0;0;0m                                  
[38;2;0;0;0m    [38;2;21;24;26m██[38;2;79;111;148m██[38;2;66;97;142m██[38;2;0;0;0m  [38;2;0;2;0m  [38;2;76;85;102m██[38;2;40;64;95m██[38;2;0;0;0m                                  
[38;2;0;0;0m  [38;2;0;1;0m  [38;2;49;63;80m██[38;2;84;102;128m██[38;2;115;147;208m██[38;2;42;64;92m██[38;2;57;91;125m██[38;2;63;68;72m██[38;2;35;51;68m██[38;2;0;1;0m  [38;2;0;0;0m  [38;2;4;9;11m  [38;2;6;13;15m  [38;2;18;33;41m  [38;2;0;0;0m    [38;2;0;1;0m  [38;2;0;0;0m                  
[38;2;0;0;0m  [38;2;155;92;92m  [38;2;80;99;130m██[38;2;125;128;172m██[38;2;109;121;166m██[38;2;72;78;89m██[38;2;112;163;241m██[38;2;99;155;228m██[38;2;71;111;152m██[38;2;0;3;0m  [38;2;0;1;0m  [38;2;14;26;31m██[38;2;66;109;149m██[38;2;54;89;120m██[38;2;0;0;0m  [38;2;0;1;0m  [38;2;88;128;190m  [38;2;42;63;90m  [38;2;3;8;8m  [38;2;0;0;0m              
[38;2;16;13;11m  [38;2;73;53;47m██[38;2;133;174;239m██[38;2;213;192;181m██[38;2;188;186;192m██[38;2;130;130;182m██[38;2;85;104;136m██[38;2;107;121;173m██[38;2;136;112;151m██[38;2;138;132;184m██[38;2;46;53;71m██[38;2;77;126;170m██[38;2;95;137;192m██[38;2;90;127;177m██[38;2;56;80;113m██[38;2;46;53;71m██[38;2;110;156;237m██[38;2;114;164;248m██[38;2;47;71;102m██[38;2;0;1;0m  [38;2;0;0;0m      [38;2;56;35;33m  [38;2;86;53;51m██[38;2;23;15;13m  
[38;2;31;22;11m██[38;2;98;78;70m██[38;2;141;156;216m██[38;2;94;130;164m██[38;2;117;130;182m██[38;2;215;124;139m██[38;2;92;119;164m██[38;2;72;66;67m██[38;2;178;104;114m██[38;2;138;163;235m██[38;2;82;99;129m██[38;2;149;145;189m██[38;2;74;73;79m██[38;2;168;108;110m██[38;2;105;146;212m██[38;2;111;158;239m██[38;2;108;168;253m██[38;2;84;114;155m██[38;2;115;166;247m██[38;2;105;151;225m██[38;2;0;3;0m  [38;2;0;0;0m  [38;2;23;17;13m  [38;2;218;127;128m██[38;2;132;76;71m██[38;2;5;4;3m  
[38;2;8;19;23m  [38;2;89;87;93m██[38;2;96;94;110m██[38;2;96;124;171m██[38;2;72;84;116m██[38;2;110;100;88m██[38;2;107;106;107m██[38;2;93;71;83m██[38;2;155;100;126m██[38;2;135;125;173m██[38;2;82;99;128m██[38;2;149;100;101m██[38;2;209;130;137m██[38;2;119;101;118m██[38;2;121;160;215m██[38;2;115;163;249m██[38;2;79;126;183m██[38;2;122;135;145m██[38;2;70;94;122m██[38;2;119;117;139m██[38;2;91;118;162m██[38;2;12;14;12m  [38;2;82;53;49m██[38;2;223;130;131m██[38;2;105;61;56m  [38;2;0;0;0m  
[38;2;0;1;0m  [38;2;92;86;92m██[38;2;66;66;68m██[38;2;66;65;66m██[38;2;141;134;104m██[38;2;251;235;162m██[38;2;70;69;70m██[38;2;100;160;238m██[38;2;113;143;211m██[38;2;109;154;227m██[38;2;97;129;181m██[38;2;209;122;118m██[38;2;95;74;67m██[38;2;108;108;113m██[38;2;116;140;163m██[38;2;114;163;249m██[38;2;122;159;202m██[38;2;141;170;195m██[38;2;56;71;86m██[38;2;83;101;121m██[38;2;215;127;129m██[38;2;213;130;127m██[38;2;6;11;4m██[38;2;9;9;5m██[38;2;0;0;0m    
[38;2;0;0;0m  [38;2;98;91;73m  [38;2;190;174;147m██[38;2;255;230;189m██[38;2;178;166;143m██[38;2;69;68;68m██[38;2;102;139;199m██[38;2;71;67;68m██[38;2;136;125;150m██[38;2;113;155;226m██[38;2;104;104;127m██[38;2;100;81;82m██[38;2;91;114;155m██[38;2;81;104;135m██[38;2;147;172;200m██[38;2;88;137;192m██[38;2;102;127;154m██[38;2;140;129;135m██[38;2;140;96;97m██[38;2;106;81;83m██[38;2;150;98;90m██[38;2;105;71;67m██[38;2;0;1;0m  [38;2;0;0;0m      
[38;2;0;1;0m  [38;2;179;105;106m██[38;2;203;113;103m██[38;2;243;211;176m██[38;2;195;160;126m██[38;2;95;82;77m██[38;2;94;144;205m██[38;2;63;75;84m██[38;2;218;135;142m██[38;2;76;67;65m██[38;2;98;73;64m██[38;2;81;131;179m██[38;2;79;136;204m██[38;2;109;134;161m██[38;2;105;146;212m██[38;2;104;149;215m██[38;2;68;70;76m██[38;2;193;133;141m██[38;2;84;67;61m██[38;2;144;147;144m██[38;2;160;89;60m██[38;2;195;112;101m██[38;2;196;115;116m██[38;2;0;1;0m  [38;2;0;0;0m    
[38;2;0;0;0m  [38;2;67;39;25m  [38;2;124;84;75m██[38;2;155;93;91m██[38;2;93;93;98m██[38;2;66;117;160m██[38;2;73;123;165m██[38;2;85;79;84m██[38;2;156;104;104m██[38;2;213;123;119m██[38;2;98;103;126m██[38;2;110;155;212m██[38;2;202;202;194m██[38;2;138;149;155m██[38;2;105;146;212m██[38;2;108;108;134m██[38;2;109;83;81m██[38;2;94;117;159m██[38;2;141;163;233m██[38;2;98;129;178m██[38;2;69;65;65m██[38;2;157;89;60m██[38;2;209;123;124m██[38;2;40;25;23m  [38;2;0;0;0m    
[38;2;0;1;0m  [38;2;125;72;47m██[38;2;119;85;77m██[38;2;65;66;67m██[38;2;69;89;108m██[38;2;74;122;166m██[38;2;73;123;167m██[38;2;66;67;69m██[38;2;73;85;98m██[38;2;145;93;85m██[38;2;68;65;66m██[38;2;101;145;195m██[38;2;250;229;195m██[38;2;85;133;186m██[38;2;76;84;100m██[38;2;218;129;131m██[38;2;86;75;76m██[38;2;113;164;245m██[38;2;113;162;245m██[38;2;115;163;249m██[38;2;69;65;65m██[38;2;157;89;60m██[38;2;163;93;67m██[38;2;221;129;130m██[38;2;7;7;4m  [38;2;0;0;0m  
[38;2;0;2;2m  [38;2;97;64;49m██[38;2;92;71;64m██[38;2;60;90;119m██[38;2;64;85;105m██[38;2;95;145;211m██[38;2;73;123;167m██[38;2;66;67;69m██[38;2;69;88;107m██[38;2;222;130;131m██[38;2;120;87;88m██[38;2;107;157;231m██[38;2;206;201;182m██[38;2;86;117;155m██[38;2;116;104;121m██[38;2;100;80;77m██[38;2;146;142;134m██[38;2;91;140;199m██[38;2;71;92;110m██[38;2;115;163;249m██[38;2;69;65;65m██[38;2;160;89;60m██[38;2;112;77;63m██[38;2;174;100;80m██[38;2;179;105;106m██[38;2;0;1;0m  
[38;2;0;0;0m  [38;2;0;3;0m  [38;2;130;81;62m██[38;2;62;88;114m██[38;2;62;81;100m██[38;2;109;153;224m██[38;2;90;115;156m██[38;2;73;116;156m██[38;2;73;120;164m██[38;2;84;76;79m██[38;2;221;125;118m██[38;2;101;89;97m██[38;2;106;111;138m██[38;2;75;73;80m██[38;2;16;17;17m██[38;2;0;1;0m  [38;2;130;132;123m██[38;2;131;138;138m██[38;2;59;67;76m██[38;2;94;144;205m██[38;2;113;162;240m██[38;2;119;79;64m██[38;2;148;87;63m██[38;2;127;80;62m██[38;2;163;96;97m  [38;2;0;0;0m  
[38;2;0;0;0m  [38;2;0;1;0m  [38;2;62;37;23m██[38;2;54;60;69m██[38;2;64;81;99m██[38;2;65;65;65m██[38;2;90;115;156m██[38;2;66;67;69m██[38;2;71;101;130m██[38;2;73;118;159m██[38;2;90;83;89m██[38;2;78;68;65m██[38;2;136;98;99m██[38;2;183;114;118m██[38;2;16;13;13m  [38;2;0;0;0m  [38;2;51;53;48m  [38;2;120;118;108m██[38;2;176;166;147m██[38;2;80;114;151m██[38;2;112;161;240m██[38;2;112;79;69m██[38;2;100;62;46m██[38;2;49;34;24m██[38;2;0;1;0m  [38;2;0;0;0m  
[38;2;0;0;0m      [38;2;6;3;0m  [38;2;59;74;90m██[38;2;60;92;123m██[38;2;65;64;65m██[38;2;76;77;78m██[38;2;68;85;102m██[38;2;73;120;163m██[38;2;68;81;95m██[38;2;147;150;140m██[38;2;100;87;82m██[38;2;0;8;5m  [38;2;0;0;0m      [38;2;101;94;77m██[38;2;250;228;192m██[38;2;29;29;33m  [38;2;96;139;206m  [38;2;81;49;33m  [38;2;0;9;12m  [38;2;0;0;0m      
[38;2;0;0;0m        [38;2;8;11;12m  [38;2;64;90;119m██[38;2;44;44;44m██[38;2;146;148;139m██[38;2;88;88;86m██[38;2;68;109;148m██[38;2;22;24;22m██[38;2;217;202;171m██[38;2;96;94;81m██[38;2;0;1;0m  [38;2;0;0;0m    [38;2;0;2;0m  [38;2;188;172;145m██[38;2;90;86;72m██[38;2;0;0;0m  [38;2;0;1;0m  [38;2;0;0;0m          
[38;2;0;0;0m          [38;2;0;3;0m  [38;2;5;7;5m  [38;2;134;132;127m██[38;2;51;52;48m  [38;2;0;2;0m    [38;2;252;228;192m██[38;2;67;64;51m██[38;2;0;0;0m    [38;2;0;1;0m  [38;2;48;47;48m  [38;2;54;53;54m██[38;2;2;5;2m  [38;2;0;0;0m              
[38;2;0;0;0m          [38;2;0;2;0m  [38;2;55;54;55m██[38;2;65;64;64m██[38;2;0;1;0m  [38;2;0;0;0m  [38;2;112;102;90m  [38;2;219;200;164m██[38;2;20;20;15m  [38;2;0;0;0m      [38;2;0;1;0m    [38;2;0;0;0m                
[38;2;0;0;0m            [38;2;0;3;0m    [38;2;0;0;0m  [38;2;9;11;7m██[38;2;78;71;65m██[38;2;172;158;131m██[38;2;0;1;0m  [38;2;0;0;0m                          
[38;2;0;0;0m                  [38;2;1;3;1m  [38;2;17;19;17m██[38;2;13;16;13m  [38;2;0;0;0m                            [0m
