
[38;2;0;0;0m    [38;2;8;8;8m██[38;2;3;3;3m  [38;2;0;0;0m                                                    
[38;2;0;0;0m    [38;2;31;32;31m██[38;2;76;78;76m██[38;2;0;0;0m                                                    
[38;2;17;15;6m██[38;2;13;11;4m  [38;2;0;0;0m  [38;2;81;84;81m██[38;2;16;17;16m  [38;2;0;0;0m  [38;2;13;13;13m  [38;2;0;0;0m                                          [38;2;5;5;5m  [38;2;7;7;7m██
[38;2;59;50;21m██[38;2;190;162;70m██[38;2;0;0;0m  [38;2;14;15;14m  [38;2;87;90;87m██[38;2;5;5;5m  [38;2;43;45;43m██[38;2;0;0;0m██                                        [38;2;65;67;65m██[38;2;4;4;4m  
[38;2;0;0;0m  [38;2;117;100;43m  [38;2;173;148;63m██[38;2;66;64;60m██[38;2;82;83;82m██[38;2;114;103;70m██[38;2;57;56;57m██[38;2;94;97;94m██[38;2;0;0;0m                          [38;2;14;15;14m  [38;2;62;64;62m██[38;2;0;0;0m      [38;2;40;41;40m  [38;2;87;89;87m██[38;2;86;87;73m██[38;2;36;34;18m██
[38;2;0;0;0m    [38;2;221;190;81m██[38;2;202;174;79m██[38;2;67;66;67m██[38;2;211;181;80m██[38;2;139;123;74m██[38;2;94;97;94m██[38;2;0;0;0m  [38;2;14;13;3m  [38;2;87;81;22m  [38;2;0;0;0m                    [38;2;78;81;78m██[38;2;63;65;63m██[38;2;0;0;0m  [38;2;5;5;5m  [38;2;80;83;80m██[38;2;90;93;90m██[38;2;175;165;66m██[38;2;190;178;54m██[38;2;9;8;2m  
[38;2;0;0;0m    [38;2;45;39;16m  [38;2;211;180;76m██[38;2;183;158;77m██[38;2;68;67;65m██[38;2;176;153;77m██[38;2;79;82;86m██[38;2;60;59;53m██[38;2;77;75;65m██[38;2;116;109;40m██[38;2;0;0;0m    [38;2;109;101;27m██[38;2;42;39;10m  [38;2;0;0;0m        [38;2;36;36;36m██[38;2;83;85;83m██[38;2;112;111;79m██[38;2;182;171;65m██[38;2;54;55;54m██[38;2;82;84;82m██[38;2;115;111;71m██[38;2;152;144;64m██[38;2;190;177;48m██[38;2;0;0;0m    
[38;2;0;0;0m      [38;2;194;164;68m██[38;2;223;190;80m██[38;2;207;178;80m██[38;2;146;129;73m██[38;2;205;173;81m██[38;2;63;64;69m██[38;2;237;221;65m██[38;2;140;133;65m██[38;2;50;49;50m  [38;2;153;142;39m  [38;2;203;190;51m██[38;2;0;0;0m        [38;2;73;75;73m  [38;2;95;97;95m██[38;2;75;77;75m██[38;2;245;229;65m██[38;2;65;64;65m██[38;2;80;81;80m██[38;2;236;220;65m██[38;2;246;231;63m██[38;2;223;209;55m██[38;2;8;7;2m  [38;2;0;0;0m    
[38;2;0;0;0m  [38;2;74;63;27m██[38;2;62;53;22m  [38;2;26;22;28m  [38;2;185;157;74m██[38;2;224;190;79m██[38;2;191;165;78m██[38;2;130;116;72m██[38;2;107;98;69m██[38;2;255;238;65m██[38;2;140;133;65m██[38;2;126;118;32m██[38;2;255;238;65m██[38;2;0;0;0m        [38;2;57;59;57m██[38;2;83;84;83m██[38;2;144;137;65m██[38;2;247;231;65m██[38;2;123;117;65m██[38;2;144;137;65m██[38;2;203;190;65m██[38;2;254;238;63m██[38;2;190;178;47m██[38;2;0;0;0m        
[38;2;0;0;0m  [38;2;10;9;3m  [38;2;217;186;80m██[38;2;212;181;79m██[38;2;69;66;64m██[38;2;212;182;80m██[38;2;148;131;74m██[38;2;192;183;71m██[38;2;159;151;63m██[38;2;242;227;63m██[38;2;176;166;65m██[38;2;254;238;63m██[38;2;135;128;64m██[38;2;48;48;48m  [38;2;175;164;44m  [38;2;175;164;66m  [38;2;70;72;78m  [38;2;84;86;84m██[38;2;220;206;65m██[38;2;254;238;63m██[38;2;88;85;64m██[38;2;243;227;64m██[38;2;254;238;63m████[38;2;238;223;60m██[38;2;6;5;1m  [38;2;0;0;0m        
[38;2;0;0;0m    [38;2;39;34;14m  [38;2;119;102;44m██[38;2;222;190;81m██[38;2;222;190;80m██[38;2;138;122;72m██[38;2;93;87;70m██[38;2;254;238;66m██[38;2;254;238;63m  [38;2;254;238;64m██[38;2;254;238;63m██[38;2;254;238;64m██[38;2;255;238;65m██[38;2;190;179;65m██[38;2;75;72;59m██[38;2;79;79;76m██[38;2;186;175;64m██[38;2;254;238;64m██[38;2;254;238;63m██[38;2;254;238;64m██[38;2;254;238;63m████[38;2;167;157;63m██[38;2;36;33;14m  [38;2;70;65;20m  [38;2;116;109;29m██[38;2;117;109;29m██[38;2;0;0;0m    
[38;2;0;0;0m        [38;2;92;78;32m██[38;2;224;190;78m██[38;2;148;131;74m██[38;2;252;231;65m██[38;2;167;154;71m██[38;2;254;238;63m██[38;2;254;238;62m██[38;2;230;215;65m██[38;2;68;67;65m██[38;2;255;238;65m██[38;2;252;235;65m██[38;2;251;234;65m████[38;2;130;124;64m██[38;2;254;238;62m██[38;2;254;238;63m████████[38;2;251;234;65m██[38;2;251;234;64m██[38;2;252;236;63m██[38;2;220;206;54m██[38;2;5;4;1m██[38;2;0;0;0m    
[38;2;0;0;0m          [38;2;30;29;30m  [38;2;180;156;77m██[38;2;143;127;73m██[38;2;115;110;65m██[38;2;252;235;65m██[38;2;185;170;65m██[38;2;147;146;147m██[38;2;65;64;65m██[38;2;255;238;65m██[38;2;185;174;65m██[38;2;151;145;69m██[38;2;132;125;65m██[38;2;254;240;64m██[38;2;254;238;63m████████████[38;2;127;119;32m██[38;2;50;47;12m  [38;2;0;0;0m        
[38;2;0;0;0m        [38;2;4;3;1m██[38;2;207;177;76m██[38;2;224;190;78m██[38;2;65;64;65m██[38;2;253;164;82m██[38;2;141;110;102m██[38;2;117;107;89m██[38;2;231;229;158m██[38;2;197;183;50m██[38;2;216;203;63m██[38;2;156;150;69m██[38;2;198;166;85m██[38;2;205;172;81m██[38;2;234;206;73m██[38;2;254;238;62m████[38;2;254;238;63m██[38;2;252;236;63m██[38;2;251;234;65m██[38;2;29;29;29m  [38;2;0;0;0m            
[38;2;0;0;0m        [38;2;102;87;37m████[38;2;147;119;62m██[38;2;167;118;74m██[38;2;212;135;95m██[38;2;247;164;86m██[38;2;153;122;106m██[38;2;211;191;101m██[38;2;240;222;76m██[38;2;254;238;65m  [38;2;190;179;66m██[38;2;155;139;73m██[38;2;180;149;84m██[38;2;230;201;76m██[38;2;245;225;68m██[38;2;254;238;64m████[38;2;213;200;64m██[38;2;167;157;63m██[38;2;64;59;16m  [38;2;0;0;0m            
[38;2;0;0;0m            [38;2;123;86;59m██[38;2;247;161;82m██[38;2;175;115;62m██[38;2;8;9;20m  [38;2;186;133;87m██[38;2;223;190;79m██[38;2;117;105;69m██[38;2;74;71;66m██[38;2;198;185;65m██[38;2;198;188;71m██[38;2;124;97;87m██[38;2;139;119;52m  [38;2;0;0;0m      [38;2;239;223;60m██[38;2;238;223;59m██[38;2;239;223;61m██████[38;2;0;0;0m        
[38;2;0;0;0m          [38;2;138;89;44m  [38;2;185;120;59m██[38;2;53;41;39m██[38;2;0;0;0m      [38;2;93;79;34m██[38;2;116;102;59m██[38;2;151;132;74m██[38;2;173;151;76m████[38;2;222;190;81m██[38;2;28;24;19m  [38;2;0;0;0m                        
[38;2;0;0;0m        [38;2;100;67;40m██[38;2;147;99;63m██[38;2;0;0;0m            [38;2;10;8;11m  [38;2;113;88;61m██[38;2;217;186;81m██[38;2;219;187;82m██[38;2;150;117;92m██[38;2;136;104;81m  [38;2;196;159;78m██[38;2;142;121;52m██[38;2;22;19;8m██[38;2;11;10;4m  [38;2;0;0;0m                
[38;2;0;0;0m      [38;2;137;88;44m  [38;2;58;37;19m  [38;2;0;0;3m  [38;2;0;0;0m    [38;2;0;2;2m  [38;2;0;4;4m  [38;2;0;0;0m    [38;2;93;70;56m██[38;2;165;121;84m██[38;2;127;109;71m██[38;2;115;102;72m██[38;2;149;112;87m██[38;2;155;116;85m██[38;2;77;69;71m██[38;2;183;158;77m██[38;2;124;111;71m██[38;2;44;38;16m  [38;2;0;0;0m                
[38;2;0;0;0m    [38;2;73;47;23m██[38;2;29;18;9m  [38;2;0;0;0m        [38;2;114;72;75m██[38;2;79;57;57m██[38;2;14;9;4m  [38;2;22;17;14m██[38;2;171;118;74m██[38;2;70;67;71m██[38;2;193;158;78m██[38;2;205;177;80m██[38;2;113;103;70m██[38;2;166;119;82m██[38;2;113;89;76m██[38;2;209;178;80m██[38;2;96;88;68m██[38;2;29;29;29m  [38;2;0;0;0m                
[38;2;0;0;0m              ██[38;2;163;161;147m██[38;2;59;56;48m██[38;2;135;87;43m██[38;2;182;122;69m██[38;2;28;20;13m  [38;2;62;55;34m██[38;2;146;129;73m██[38;2;106;97;69m██[38;2;222;190;81m██[38;2;128;97;70m██[38;2;146;107;72m██[38;2;157;124;74m██[38;2;78;67;30m██[38;2;0;0;0m                  
[38;2;0;0;0m                      [38;2;199;118;84m██[38;2;0;0;0m    [38;2;39;38;39m  [38;2;106;97;69m██[38;2;209;163;79m██[38;2;142;103;78m██[38;2;201;121;101m██[38;2;173;143;123m██[38;2;89;66;55m██[38;2;23;18;19m  [38;2;0;0;0m                
[38;2;0;0;0m                    [38;2;93;93;93m  [38;2;99;74;64m██[38;2;0;0;0m      [38;2;73;64;36m██[38;2;59;53;31m██[38;2;195;178;161m██[38;2;187;104;106m██[38;2;134;82;80m██[38;2;28;21;18m██[38;2;134;122;110m██[38;2;0;0;0m                
[38;2;0;0;0m                                  [38;2;16;16;16m  [38;2;157;89;96m██[38;2;29;29;29m  [38;2;0;0;0m                    
[38;2;0;0;0m                                    [38;2;14;14;14m  [38;2;34;34;34m  [38;2;0;0;0m                    [0m
