
[38;2;0;0;0m                [38;2;51;22;11m  [38;2;0;0;0m                                      
[38;2;0;0;0m                [38;2;191;81;42m██[38;2;0;0;0m                                      
[38;2;0;0;0m              [38;2;191;81;42m████[38;2;0;0;0m  [38;2;22;9;4m  [38;2;88;37;19m██[38;2;125;53;27m  [38;2;0;0;0m                              
[38;2;0;0;0m              [38;2;191;81;42m██[38;2;207;99;59m██[38;2;16;17;16m  [38;2;232;99;52m██[38;2;85;36;19m██[38;2;0;0;0m                                
[38;2;0;0;0m        [38;2;9;7;5m  [38;2;200;86;46m██[38;2;144;61;32m██[38;2;254;108;56m██[38;2;171;95;64m██[38;2;228;104;59m██[38;2;142;77;52m██[38;2;8;11;11m  [38;2;26;11;6m  [38;2;107;46;24m██[38;2;0;0;0m                            
[38;2;0;0;0m        [38;2;44;27;20m██[38;2;104;82;69m██[38;2;254;108;56m██[38;2;254;107;56m██[38;2;249;108;57m██[38;2;255;109;56m██[38;2;248;108;59m██[38;2;246;109;63m██[38;2;247;105;55m██[38;2;71;30;15m██[38;2;0;0;0m            [38;2;16;18;17m  ██[38;2;0;0;0m            
[38;2;0;0;0m          [38;2;100;61;49m██[38;2;254;102;51m██[38;2;254;107;56m████[38;2;254;108;56m██[38;2;164;94;65m████[38;2;232;105;59m██[38;2;168;85;54m██[38;2;127;63;40m██[38;2;31;13;7m  [38;2;26;29;28m██[38;2;0;0;0m  [38;2;8;9;9m  [38;2;35;39;38m██[38;2;53;59;56m██[38;2;0;0;0m              
[38;2;0;0;0m            [38;2;254;108;56m██[38;2;254;107;56m██[38;2;253;108;57m██[38;2;122;90;68m██[38;2;119;86;69m██[38;2;254;107;56m██[38;2;253;108;57m██[38;2;248;99;51m██[38;2;76;77;74m██[38;2;71;79;76m██[38;2;1;2;2m  [38;2;2;2;2m  [38;2;76;67;63m██[38;2;81;42;31m██[38;2;0;0;0m    [38;2;9;4;2m██[38;2;2;1;0m██[38;2;0;0;0m        
[38;2;0;0;0m            [38;2;254;108;56m██[38;2;179;99;67m██[38;2;199;125;50m██[38;2;199;165;38m██[38;2;106;69;64m██[38;2;228;103;59m██[38;2;148;88;66m██[38;2;141;78;57m██[38;2;108;82;69m██[38;2;71;79;76m██[38;2;62;69;67m██[38;2;54;56;55m██[38;2;188;91;55m██[38;2;84;50;41m██[38;2;36;15;8m  [38;2;147;62;32m██[38;2;218;93;48m██[38;2;26;11;6m  [38;2;0;0;0m        
[38;2;0;0;0m          [38;2;191;81;42m██[38;2;197;103;67m██[38;2;80;88;81m██[38;2;100;78;38m██[38;2;148;102;50m██[38;2;181;98;50m██[38;2;253;107;56m██[38;2;214;93;55m██[38;2;155;77;51m██[38;2;69;78;74m██[38;2;70;77;74m██[38;2;69;69;67m██[38;2;209;95;55m████[38;2;195;94;59m██[38;2;241;108;60m██[38;2;237;103;56m██[38;2;4;4;4m  [38;2;22;9;4m  [38;2;29;12;6m██[38;2;7;3;1m██[38;2;0;0;0m    
[38;2;0;0;0m        [38;2;16;16;16m  [38;2;126;91;78m██[38;2;86;92;92m██[38;2;35;42;39m██[38;2;87;78;68m██[38;2;147;77;52m██[38;2;170;77;47m██[38;2;131;82;66m██[38;2;166;94;65m██[38;2;208;101;61m██[38;2;102;83;70m██[38;2;96;74;63m██[38;2;201;93;54m██[38;2;255;109;56m██[38;2;150;105;85m██[38;2;108;103;97m██[38;2;213;107;68m██[38;2;201;93;54m██[38;2;179;83;49m██[38;2;232;99;52m██[38;2;213;91;47m██[38;2;22;9;4m  [38;2;0;0;0m    
[38;2;0;0;0m      [38;2;14;14;14m  [38;2;93;98;97m██[38;2;61;68;65m██[38;2;0;0;0m    [38;2;13;15;14m  [38;2;138;73;50m██[38;2;147;77;52m████[38;2;164;76;47m██[38;2;95;78;69m██[38;2;135;84;65m██[38;2;120;69;51m██[38;2;254;107;57m██[38;2;157;104;83m██[38;2;95;103;100m██[38;2;191;106;74m██[38;2;231;108;63m██[38;2;254;107;57m██[38;2;244;104;56m██[38;2;215;97;55m██[38;2;7;6;7m  [38;2;0;0;0m      
[38;2;0;0;0m    [38;2;17;18;18m  [38;2;91;96;95m██[38;2;19;20;20m  [38;2;0;0;0m        [38;2;117;62;41m██[38;2;143;81;58m██[38;2;80;76;71m██[38;2;189;76;38m██[38;2;190;78;43m██[38;2;203;91;53m██[38;2;203;93;54m██[38;2;225;107;65m██[38;2;139;104;89m██[38;2;96;103;101m██[38;2;95;103;101m██[38;2;105;103;98m██[38;2;225;106;65m██[38;2;240;103;56m██[38;2;198;91;54m██[38;2;196;89;51m██[38;2;46;19;10m  [38;2;0;0;0m    
[38;2;0;0;0m  [38;2;19;20;20m  [38;2;53;56;55m  [38;2;0;0;0m            [38;2;0;8;8m  [38;2;166;74;41m██[38;2;221;96;55m██[38;2;193;78;39m██[38;2;242;102;53m██[38;2;212;95;54m██[38;2;171;83;52m██[38;2;255;108;57m██[38;2;168;105;81m██[38;2;128;103;92m██[38;2;182;106;76m██[38;2;254;108;57m██[38;2;254;107;57m██[38;2;198;91;54m████[38;2;78;55;49m██[38;2;131;71;51m██[38;2;27;21;18m██[38;2;12;5;2m  
[38;2;19;20;20m  [38;2;33;35;35m██[38;2;0;0;0m              [38;2;154;66;34m  [38;2;213;96;55m████[38;2;245;104;54m██[38;2;255;109;56m██[38;2;198;80;43m██[38;2;168;71;42m██[38;2;130;72;52m██[38;2;254;107;56m██[38;2;246;107;59m██[38;2;224;107;65m██[38;2;254;106;56m██[38;2;254;108;56m██[38;2;173;84;53m██[38;2;133;64;44m██[38;2;183;76;42m██[38;2;94;78;68m██[38;2;62;62;58m██[38;2;9;3;1m  
[38;2;0;0;0m                    [38;2;87;50;38m██[38;2;254;107;56m██[38;2;221;92;48m██[38;2;189;76;38m██[38;2;189;75;37m██[38;2;189;76;38m██[38;2;121;67;49m██[38;2;56;60;56m██[38;2;203;96;56m██[38;2;153;79;53m██[38;2;61;50;48m██[38;2;96;59;48m██[38;2;183;82;48m██[38;2;118;65;48m██[38;2;178;76;43m██[38;2;153;73;45m██[38;2;49;29;20m  [38;2;0;0;0m  
[38;2;0;0;0m                    [38;2;176;75;39m██[38;2;61;44;39m██[38;2;189;76;40m██[38;2;96;57;46m██[38;2;189;76;39m██[38;2;189;76;38m██[38;2;54;56;55m██[38;2;69;75;73m██[38;2;70;70;67m██[38;2;72;55;49m██[38;2;189;89;54m██[38;2;157;70;41m██[38;2;172;72;39m██[38;2;184;75;39m██[38;2;185;76;39m██[38;2;97;75;62m██[38;2;76;77;69m██[38;2;15;17;16m  
[38;2;0;0;0m                        [38;2;155;70;43m██[38;2;57;56;55m██[38;2;129;64;43m██[38;2;114;48;27m██[38;2;35;35;36m██[38;2;60;64;63m██[38;2;59;61;61m████[38;2;63;50;48m██[38;2;168;71;40m██[38;2;189;75;39m██[38;2;150;76;49m████[38;2;189;76;40m██[38;2;29;34;32m  [38;2;0;0;0m  
[38;2;0;0;0m                        [38;2;21;23;26m██[38;2;69;68;65m██[38;2;53;58;56m██[38;2;0;0;0m    [38;2;53;58;56m██[38;2;54;56;56m████[38;2;84;55;46m██[38;2;101;78;64m██[38;2;189;76;40m██[38;2;185;76;41m██[38;2;69;78;73m██[38;2;23;21;19m██[38;2;0;0;0m    
[38;2;0;0;0m                        [38;2;17;19;19m██[38;2;71;79;76m██[38;2;26;29;28m  [38;2;0;0;0m      [38;2;68;75;72m██[38;2;43;44;43m██[38;2;23;9;5m  [38;2;50;39;33m██[38;2;64;66;61m██[38;2;78;43;29m██[38;2;0;0;0m        
[38;2;0;0;0m                      [38;2;1;2;2m  [38;2;71;78;75m██[38;2;19;21;20m██[38;2;0;0;0m      [38;2;53;59;56m██[38;2;69;77;74m██[38;2;16;18;17m  [38;2;0;0;0m                
[38;2;0;0;0m                [38;2;4;0;0m  [38;2;1;0;0m  [38;2;40;45;43m██[38;2;62;70;67m██[38;2;71;79;76m██[38;2;72;72;61m██[38;2;81;73;38m  [38;2;0;0;0m  [38;2;14;14;14m  [38;2;79;85;82m██[38;2;54;59;56m██[38;2;0;0;0m                  
[38;2;0;0;0m              [38;2;16;14;7m  [38;2;198;140;75m██[38;2;99;90;70m██[38;2;75;79;71m██[38;2;62;69;67m██[38;2;70;76;71m██[38;2;62;61;57m██[38;2;56;52;50m██[38;2;25;19;18m██[38;2;97;102;101m██[38;2;97;104;101m██[38;2;87;92;90m██[38;2;19;19;20m██[38;2;16;14;7m  [38;2;0;0;0m              
[38;2;0;0;0m              [38;2;49;44;23m  [38;2;85;76;45m██[38;2;190;153;79m██[38;2;44;27;14m  [38;2;0;0;0m  [38;2;52;47;33m██[38;2;190;150;80m██[38;2;90;65;53m██[38;2;176;88;60m██[38;2;170;96;70m██[38;2;106;86;77m██[38;2;33;38;36m██[38;2;25;28;27m██[38;2;141;127;67m██[38;2;0;0;0m              
[38;2;0;0;0m                        [38;2;38;34;18m  [38;2;87;77;35m██[38;2;234;202;41m██[38;2;99;84;24m██[38;2;242;207;39m██[38;2;51;44;8m  [38;2;0;0;0m                    
[38;2;0;0;0m                          [38;2;0;0;3m  [38;2;49;43;8m  [38;2;0;0;2m  [38;2;51;44;8m  [38;2;0;0;0m                      [0m
