
[38;2;0;0;0m                [38;2;12;12;12m  [38;2;1;1;1m  [38;2;0;0;0m                              
[38;2;0;0;0m                [38;2;49;49;49m██[38;2;7;7;7m██[38;2;0;0;0m                              
[38;2;0;0;0m            [38;2;20;8;9m  [38;2;53;22;24m██[38;2;115;108;110m██[38;2;56;27;29m██[38;2;24;10;11m  [38;2;53;22;24m████[38;2;0;2;2m  [38;2;0;0;0m  [38;2;27;27;27m██[38;2;0;0;0m                  
[38;2;0;0;0m        [38;2;58;57;58m  [38;2;0;0;0m  [38;2;179;75;82m██[38;2;213;89;97m██[38;2;119;84;89m██[38;2;210;89;98m██[38;2;184;77;84m██[38;2;213;89;97m████[38;2;152;89;93m██[38;2;95;75;78m██[38;2;27;27;27m  [38;2;0;0;0m                  
[38;2;0;0;0m        [38;2;124;95;96m██[38;2;161;83;89m██[38;2;213;89;97m██[38;2;212;89;97m██[38;2;213;89;97m██████[38;2;199;82;92m██[38;2;186;76;85m██[38;2;102;70;73m██[38;2;75;44;46m██[38;2;0;0;0m                    
[38;2;0;0;0m        [38;2;204;93;100m██[38;2;82;65;69m██[38;2;212;87;97m██[38;2;213;89;97m████████[38;2;199;83;92m██[38;2;206;86;94m██[38;2;213;88;97m██[38;2;213;89;97m██[38;2;150;63;69m  [38;2;0;0;0m                  
[38;2;0;0;0m      [38;2;174;72;80m██[38;2;212;89;97m██[38;2;181;80;90m██[38;2;213;87;97m██[38;2;212;89;97m██[38;2;213;89;97m██[38;2;178;83;90m██[38;2;176;83;89m██[38;2;212;89;97m████[38;2;172;69;80m██[38;2;187;78;88m██[38;2;178;83;90m██[38;2;200;90;99m██[38;2;29;29;29m████[38;2;0;0;0m            
[38;2;0;0;0m  [38;2;62;61;81m  [38;2;47;20;22m  [38;2;203;84;93m██[38;2;212;89;97m██[38;2;213;89;97m██[38;2;212;89;97m██[38;2;213;89;97m██[38;2;101;70;73m██[38;2;119;118;146m██[38;2;94;95;111m██[38;2;210;88;97m██[38;2;213;89;97m████[38;2;206;86;96m██[38;2;171;78;89m██[38;2;89;77;81m██[38;2;29;29;29m████[38;2;0;0;0m            
[38;2;0;0;0m  [38;2;81;81;110m██[38;2;109;71;74m██[38;2;213;89;97m██[38;2;212;89;97m████[38;2;188;94;105m██[38;2;97;79;86m██[38;2;150;124;156m██[38;2;129;66;76m██[38;2;120;97;116m██[38;2;210;88;97m██[38;2;212;89;97m██[38;2;213;89;97m████[38;2;200;82;92m██[38;2;120;50;55m██[38;2;0;0;0m                
[38;2;0;0;0m  [38;2;20;22;27m  [38;2;92;63;72m██[38;2;206;78;90m██[38;2;212;86;97m██[38;2;143;84;96m██[38;2;116;77;89m██[38;2;139;128;164m██[38;2;155;100;123m██[38;2;149;112;142m██[38;2;148;70;77m██[38;2;213;86;97m██[38;2;102;70;73m██[38;2;104;70;73m██[38;2;213;89;97m██[38;2;197;82;91m██[38;2;195;80;90m██[38;2;0;0;0m                
[38;2;0;0;0m  [38;2;0;2;0m  [38;2;77;74;89m██[38;2;135;71;78m██[38;2;120;75;85m██[38;2;93;83;84m██[38;2;142;121;152m██[38;2;158;70;85m██[38;2;139;141;179m██[38;2;81;62;66m██[38;2;128;75;85m██[38;2;79;74;78m██[38;2;110;110;110m██[38;2;90;64;67m██[38;2;186;83;90m██[38;2;174;82;88m██[38;2;159;62;73m██[38;2;35;14;15m  [38;2;0;0;0m              
[38;2;0;0;0m    [38;2;41;34;42m██[38;2;96;71;80m██[38;2;126;128;161m██[38;2;74;56;59m██[38;2;167;171;167m██[38;2;201;93;102m██[38;2;139;141;179m██[38;2;69;68;71m██[38;2;95;82;84m██[38;2;116;116;116m██[38;2;90;90;90m██[38;2;88;64;67m██[38;2;105;95;112m██[38;2;70;63;65m██[38;2;129;73;80m██[38;2;143;57;63m██[38;2;0;0;0m              
[38;2;0;0;0m    [38;2;66;66;85m██[38;2;139;141;179m██[38;2;143;121;152m██[38;2;105;174;144m██[38;2;132;154;136m██[38;2;122;113;148m██[38;2;86;83;100m██[38;2;83;83;83m██[38;2;89;90;95m██[38;2;85;87;94m██[38;2;111;112;136m██[38;2;138;140;179m██[38;2;114;101;124m██[38;2;102;75;85m██[38;2;122;76;82m██[38;2;80;81;80m██[38;2;0;0;0m              
[38;2;0;0;0m    [38;2;61;54;68m██[38;2;156;126;154m██[38;2;139;141;179m██[38;2;91;91;105m██[38;2;79;80;89m██[38;2;73;75;83m██[38;2;78;77;79m██[38;2;169;81;88m██[38;2;87;89;104m██[38;2;134;138;179m██[38;2;139;141;179m██[38;2;136;138;177m██[38;2;33;30;39m██[38;2;88;82;82m██[38;2;100;86;87m██[38;2;85;86;85m██[38;2;18;18;18m  [38;2;0;0;0m            
[38;2;0;0;0m  [38;2;1;0;0m  [38;2;10;7;10m  [38;2;32;26;34m██[38;2;74;74;84m██[38;2;100;100;133m██[38;2;48;48;66m  [38;2;60;62;60m  [38;2;56;56;56m██[38;2;67;60;62m██[38;2;100;84;100m██[38;2;163;70;85m██[38;2;84;84;99m██[38;2;0;0;0m        [38;2;68;70;68m██[38;2;83;141;106m██[38;2;32;29;30m██[38;2;118;117;118m██[38;2;102;101;102m██[38;2;8;8;8m  [38;2;0;0;0m    
[38;2;41;17;19m  [38;2;105;64;77m██[38;2;131;107;132m██[38;2;109;109;144m██[38;2;77;78;105m██[38;2;26;26;34m██[38;2;0;0;0m      [38;2;17;22;23m  [38;2;95;71;82m██[38;2;134;92;110m██[38;2;8;8;8m  [38;2;0;0;0m        [38;2;6;10;7m██[38;2;71;93;78m██[38;2;80;89;81m██[38;2;111;109;111m██[38;2;131;113;116m██[38;2;56;28;30m██[38;2;0;0;0m    
[38;2;0;0;0m    [38;2;135;70;82m██[38;2;14;14;18m  [38;2;0;0;0m        [38;2;26;26;35m██[38;2;99;100;135m██[38;2;87;86;101m██[38;2;83;82;94m██[38;2;81;86;113m██[38;2;34;34;44m  [38;2;0;0;0m      [38;2;9;9;9m██[38;2;89;90;89m██[38;2;89;91;89m██[38;2;100;86;87m██[38;2;133;93;98m██[38;2;205;83;93m██[38;2;53;22;24m██[38;2;13;5;6m  
[38;2;0;0;0m              [38;2;70;70;95m  [38;2;104;105;142m██[38;2;109;108;138m██[38;2;45;45;54m██[38;2;34;33;44m██[38;2;133;136;174m██[38;2;138;140;179m██[38;2;92;92;117m██[38;2;0;2;0m  [38;2;0;0;0m  [38;2;2;2;2m  [38;2;64;65;64m██[38;2;89;90;89m██[38;2;100;85;87m██[38;2;161;68;78m██[38;2;169;69;77m██[38;2;146;59;66m██[38;2;13;5;6m  
[38;2;0;0;0m              [38;2;70;70;95m  [38;2;86;86;106m██[38;2;46;46;52m██[38;2;3;3;0m  [38;2;0;0;0m  [38;2;52;52;67m  [38;2;104;106;135m██[38;2;86;87;105m██[38;2;24;27;33m  [38;2;0;0;0m      [38;2;16;6;7m  [38;2;120;46;55m██[38;2;119;48;55m██[38;2;35;14;16m  [38;2;0;0;0m    
[38;2;0;0;0m              [38;2;71;70;93m  [38;2;98;99;130m██[38;2;80;80;106m██[38;2;0;0;0m        [38;2;58;58;73m██[38;2;97;98;133m██[38;2;0;0;0m                  
[38;2;0;0;0m            [38;2;63;26;27m  [38;2;116;48;51m██[38;2;92;38;42m  [38;2;0;0;0m        [38;2;50;30;39m██[38;2;128;69;83m██[38;2;96;52;65m  [38;2;0;0;0m                  
[38;2;0;0;0m                          [38;2;48;26;32m  [38;2;27;14;17m  [38;2;0;1;3m  [38;2;0;0;0m                  [0m
