
[38;2;0;0;0m                          [38;2;34;33;28m██[38;2;5;4;4m  [38;2;0;0;0m                  
[38;2;0;0;0m                          [38;2;137;133;118m██[38;2;20;19;17m██[38;2;0;0;0m                  
[38;2;0;0;0m          [38;2;135;130;113m██[38;2;66;63;55m██[38;2;0;0;0m          [38;2;26;26;22m  [38;2;137;134;119m██[38;2;19;19;17m██[38;2;0;0;0m                  
[38;2;0;0;0m          [38;2;134;131;117m██[38;2;65;64;57m██[38;2;0;0;0m        [38;2;23;22;19m  [38;2;131;126;111m██[38;2;104;106;96m██[38;2;19;19;17m██[38;2;0;0;0m                  
[38;2;0;0;0m          [38;2;134;131;117m██[38;2;131;128;113m██[38;2;34;33;30m██[38;2;13;13;11m  [38;2;0;0;0m  [38;2;94;92;82m██[38;2;130;140;92m██[38;2;92;92;90m██[38;2;100;101;93m██[38;2;136;132;117m██[38;2;0;0;0m          [38;2;34;33;30m██[38;2;12;11;10m  [38;2;0;0;0m    
[38;2;0;0;0m        [38;2;45;44;39m  [38;2;137;134;118m██[38;2;82;86;81m██[38;2;132;138;108m██[38;2;52;54;42m██[38;2;0;0;0m  [38;2;78;78;71m██[38;2;146;173;82m██[38;2;112;115;100m██[38;2;164;202;71m██[38;2;135;149;94m██[38;2;0;0;0m          [38;2;137;134;120m██[38;2;48;47;42m██[38;2;0;0;0m    
[38;2;0;0;0m        [38;2;57;55;49m██[38;2;101;117;70m██[38;2;130;126;114m██[38;2;167;206;72m██[38;2;57;55;59m██[38;2;3;3;3m  [38;2;81;81;75m██[38;2;91;89;91m██[38;2;105;108;96m██[38;2;119;135;85m██[38;2;83;82;83m██[38;2;0;0;0m  [38;2;1;0;1m  [38;2;34;34;28m██[38;2;30;32;23m██[38;2;84;81;72m██[38;2;123;119;106m██[38;2;0;0;0m      
[38;2;0;0;0m        [38;2;46;45;42m██[38;2;124;135;87m██[38;2;120;131;90m██[38;2;113;124;85m██[38;2;98;96;94m██[38;2;49;48;45m██[38;2;106;107;97m██[38;2;106;106;97m██[38;2;105;105;97m██[38;2;99;100;94m██[38;2;15;15;14m██[38;2;0;0;0m  [38;2;72;69;65m  [38;2;141;155;90m██[38;2;98;92;102m██[38;2;108;108;99m██[38;2;31;29;25m  [38;2;0;0;0m      
[38;2;37;36;32m██[38;2;137;134;119m██[38;2;22;21;18m  [38;2;0;0;0m  [38;2;5;5;5m  [38;2;104;103;96m██[38;2;92;94;89m██[38;2;97;98;92m██[38;2;97;99;92m██[38;2;56;55;55m██[38;2;79;84;81m██[38;2;97;98;92m██[38;2;103;104;96m██[38;2;76;77;71m██[38;2;1;1;1m  [38;2;57;58;53m██[38;2;98;101;88m██[38;2;122;134;90m██[38;2;128;125;111m██[38;2;119;124;96m██[38;2;0;0;0m        
[38;2;9;9;8m  [38;2;118;114;100m██[38;2;84;87;81m██[38;2;79;78;73m██[38;2;82;87;70m██[38;2;63;62;67m██[38;2;93;95;88m██[38;2;71;78;76m██[38;2;71;78;75m██[38;2;52;52;52m██[38;2;71;78;75m██[38;2;71;78;76m██[38;2;77;83;80m██[38;2;58;58;57m██[38;2;74;74;69m██[38;2;106;106;97m██[38;2;100;99;96m██[38;2;105;108;92m██[38;2;137;159;86m██[38;2;117;123;94m██[38;2;0;0;0m        
[38;2;0;0;0m    [38;2;93;95;90m██[38;2;78;88;76m██[38;2;94;108;76m██[38;2;50;50;55m██[38;2;70;70;65m██[38;2;65;70;69m██[38;2;70;69;66m██[38;2;65;70;69m██[38;2;65;71;69m██[38;2;71;78;76m██[38;2;66;72;70m██[38;2;60;62;61m██[38;2;93;95;89m██[38;2;106;106;97m██[38;2;105;106;97m██[38;2;97;95;95m██[38;2;90;94;77m██[38;2;34;35;32m  [38;2;0;0;0m        
[38;2;0;0;0m    [38;2;102;102;96m██[38;2;127;148;87m██[38;2;77;77;78m██[38;2;113;113;101m██[38;2;224;225;220m██[38;2;114;114;102m██[38;2;135;135;119m██[38;2;55;54;54m██[38;2;91;92;85m██[38;2;54;55;55m██[38;2;62;67;66m██[38;2;71;78;75m██[38;2;71;79;75m██[38;2;90;92;88m██[38;2;106;106;97m██[38;2;63;62;61m██[38;2;91;91;85m██[38;2;34;35;32m  [38;2;0;0;0m        
[38;2;0;0;0m    [38;2;28;28;26m  [38;2;86;92;79m██[38;2;117;123;104m██[38;2;216;215;214m██[38;2;105;107;97m██[38;2;107;106;98m██[38;2;133;137;109m██[38;2;173;230;56m██[38;2;141;165;78m██[38;2;95;95;88m██[38;2;72;72;69m██[38;2;69;73;70m██[38;2;71;79;76m██[38;2;81;83;78m██[38;2;64;64;62m██[38;2;110;115;95m██[38;2;123;139;87m██[38;2;102;102;95m██[38;2;117;116;105m██[38;2;34;34;32m██[38;2;137;134;119m██[38;2;37;36;32m██
[38;2;0;0;0m      [38;2;148;164;101m██[38;2;173;179;153m██[38;2;109;108;101m██[38;2;105;105;97m██[38;2;217;217;215m██[38;2;224;229;213m██[38;2;141;174;78m██[38;2;179;227;56m██[38;2;69;67;66m██[38;2;95;96;89m██[38;2;80;80;76m██[38;2;71;74;71m██[38;2;59;61;60m██[38;2;103;103;96m██[38;2;96;103;87m██[38;2;123;137;87m██[38;2;87;90;86m██[38;2;80;85;80m██[38;2;128;126;114m██[38;2;117;115;103m██[38;2;9;9;8m  
[38;2;0;0;0m    [38;2;64;83;22m██[38;2;119;131;78m██[38;2;189;189;175m██[38;2;105;105;97m██[38;2;187;191;176m██[38;2;255;255;255m██[38;2;238;243;228m██[38;2;135;162;80m██[38;2;90;93;84m██[38;2;133;127;118m██[38;2;69;67;65m██[38;2;105;106;97m██[38;2;57;56;56m██[38;2;71;78;76m██[38;2;72;78;75m██[38;2;105;106;96m██[38;2;116;124;93m██[38;2;99;107;84m██[38;2;103;102;95m██[38;2;28;27;26m  [38;2;0;0;0m    
[38;2;0;0;0m    [38;2;50;67;25m██[38;2;109;113;93m██[38;2;189;190;186m██[38;2;105;106;97m██[38;2;154;184;97m██[38;2;155;171;131m██[38;2;164;199;89m██[38;2;168;212;60m██[38;2;100;110;77m██[38;2;65;63;62m██[38;2;69;69;67m██[38;2;105;105;97m██[38;2;93;94;87m██[38;2;61;64;63m██[38;2;75;78;74m██[38;2;74;73;74m██[38;2;115;127;85m██[38;2;114;118;93m██[38;2;94;95;87m██[38;2;0;0;0m      
[38;2;0;0;0m    [38;2;35;36;35m██[38;2;92;95;87m██[38;2;167;167;163m██[38;2;97;98;92m██[38;2;171;215;61m██[38;2;149;181;69m██[38;2;96;98;91m██[38;2;91;92;85m██[38;2;66;66;64m██[38;2;71;79;76m██[38;2;77;83;80m██[38;2;105;105;97m██[38;2;106;107;97m██[38;2;57;59;59m██[38;2;56;58;56m██[38;2;47;48;46m██[38;2;76;77;71m  [38;2;0;0;0m          
[38;2;0;0;0m    [38;2;65;67;65m██[38;2;97;99;91m██[38;2;92;96;89m██[38;2;96;97;92m██[38;2;104;114;87m██[38;2;74;75;74m██[38;2;63;64;59m██[38;2;65;70;69m██[38;2;70;75;73m██[38;2;97;98;92m██[38;2;103;104;96m██[38;2;105;106;97m██[38;2;106;107;97m██[38;2;36;36;37m██[38;2;18;19;18m██[38;2;0;0;0m              
[38;2;0;0;0m    [38;2;19;20;19m  [38;2;54;55;55m██[38;2;91;91;85m██[38;2;79;79;73m██[38;2;18;19;18m  [38;2;65;65;63m██[38;2;89;93;88m██[38;2;79;85;81m██[38;2;97;98;92m██[38;2;179;230;56m██[38;2;122;134;88m██[38;2;107;110;93m██[38;2;85;87;76m██[38;2;0;0;0m                  
[38;2;0;0;0m      [38;2;63;69;68m██[38;2;66;70;68m██[38;2;55;57;55m██[38;2;83;83;83m  [38;2;106;107;97m██[38;2;105;107;97m██[38;2;114;120;93m██[38;2;161;198;67m██[38;2;177;230;56m██[38;2;165;205;64m██[38;2;165;205;65m██[38;2;148;186;52m██[38;2;0;0;0m  [38;2;126;161;40m  [38;2;134;172;42m██[38;2;0;0;0m            
[38;2;0;0;0m        [38;2;16;16;16m  [38;2;67;69;67m██[38;2;140;163;93m██[38;2;123;134;88m██[38;2;105;107;97m██[38;2;171;215;70m██[38;2;174;200;119m██[38;2;172;220;61m██[38;2;154;200;66m██[38;2;119;152;59m██[38;2;116;144;55m██[38;2;134;172;42m████[38;2;0;0;0m              
[38;2;0;0;0m        [38;2;24;24;24m  [38;2;49;51;49m██[38;2;161;200;77m██[38;2;175;222;59m██[38;2;139;162;79m██[38;2;159;189;103m██[38;2;203;225;161m██[38;2;179;226;67m██[38;2;156;194;58m██[38;2;67;84;32m██[38;2;5;7;4m  [38;2;0;0;0m                  
[38;2;0;0;0m    [38;2;6;6;6m  [38;2;17;19;18m██[38;2;55;60;57m██[38;2;0;0;0m  [38;2;145;183;59m██[38;2;179;230;56m████[38;2;176;225;59m██[38;2;158;199;74m██[38;2;75;94;27m  [38;2;1;1;10m  [38;2;139;176;45m██[38;2;58;75;21m██[38;2;25;31;13m  [38;2;0;0;0m          [38;2;23;29;11m  [38;2;0;0;0m    
[38;2;0;0;0m    [38;2;6;6;6m  [38;2;17;19;18m██[38;2;9;11;10m  [38;2;0;0;0m  [38;2;115;144;42m██[38;2;178;230;56m████[38;2;163;211;54m██[38;2;53;66;29m██[38;2;104;132;32m  [38;2;0;0;0m  [38;2;4;5;6m  [38;2;75;97;37m██[38;2;85;105;48m██[38;2;79;81;71m██[38;2;41;41;38m  [38;2;0;0;0m    [38;2;11;14;5m  [38;2;63;77;31m██[38;2;0;0;0m    
[38;2;0;0;0m        [38;2;8;8;8m  [38;2;66;68;66m██[38;2;127;160;61m██[38;2;153;194;72m██[38;2;176;225;59m██[38;2;90;89;83m██[38;2;0;0;0m      [38;2;51;51;47m██[38;2;114;121;93m██[38;2;106;106;97m██[38;2;105;105;97m██[38;2;113;126;87m██[38;2;90;100;80m██[38;2;80;95;60m██[38;2;139;172;78m██[38;2;128;154;74m██[38;2;50;62;25m██[38;2;30;36;15m  
[38;2;0;0;0m        [38;2;8;8;8m  [38;2;121;146;66m██[38;2;160;203;61m██[38;2;161;205;70m██[38;2;169;215;64m██[38;2;137;169;57m██[38;2;0;0;0m    [38;2;61;60;56m  [38;2;135;161;81m██[38;2;118;129;90m██[38;2;106;105;97m██[38;2;135;159;81m██[38;2;36;45;19m██[38;2;38;47;21m██[38;2;129;158;69m██[38;2;147;181;75m██[38;2;76;93;38m██[38;2;30;36;15m  [38;2;0;0;0m  
[38;2;0;0;0m          [38;2;125;152;72m██[38;2;133;163;71m██[38;2;185;214;127m██[38;2;204;221;174m██[38;2;171;217;61m██[38;2;84;107;29m██[38;2;106;106;97m██[38;2;105;105;97m████[38;2;106;105;97m██[38;2;131;162;68m██[38;2;6;8;3m  [38;2;0;0;0m              
[38;2;0;0;0m          [38;2;16;19;18m  [38;2;117;140;77m██[38;2;179;203;127m██[38;2;206;221;172m██[38;2;147;181;74m██[38;2;149;188;74m██[38;2;128;148;85m██[38;2;105;106;97m██[38;2;115;123;92m██[38;2;135;161;81m██[38;2;22;27;11m  [38;2;0;0;0m                
[38;2;0;0;0m            [38;2;57;71;28m  [38;2;113;139;56m██[38;2;135;165;76m██[38;2;96;112;75m██[38;2;139;172;78m██[38;2;145;179;79m██[38;2;118;146;60m██[38;2;111;136;55m██[38;2;16;19;8m  [38;2;0;0;0m                  
[38;2;0;0;0m              [38;2;2;2;1m  [38;2;25;30;18m██[38;2;33;41;19m██[38;2;30;37;19m██[38;2;36;44;19m██[38;2;8;10;4m  [38;2;0;0;0m                      [0m
